0.0537109375
-0.0576171875
-0.03515625
0.013671875
0.01171875
-0.380859375
-0.0517578125
0.0146484375
0.0
-0.1162109375
-0.0380859375
0.029296875
0.01171875
-0.138671875
-0.0595703125
0.01171875
-0.0029296875
-0.1162109375
-0.0390625
0.029296875
0.0087890625
-0.0947265625
-0.0166015625
0.0498046875
0.0224609375
-0.08984375
-0.0087890625
0.0517578125
0.0234375
-0.115234375
-0.0361328125
0.0302734375
0.0087890625
-0.099609375
-0.021484375
0.0419921875
0.0185546875
-0.0751953125
0.005859375
0.064453125
0.0341796875
-0.08203125
-0.0029296875
0.056640625
0.0283203125
-0.1103515625
-0.0380859375
0.03125
0.01171875
-0.103515625
-0.0302734375
0.0380859375
0.015625
-0.1005859375
-0.0224609375
0.04296875
0.0185546875
-0.1162109375
0.0
0.0751953125
0.052734375
-0.04296875
0.00390625
0.0673828125
0.03515625
-0.060546875
0.048828125
0.1181640625
0.08203125
-0.033203125
0.0107421875
0.072265625
0.03515625
-0.10546875
-0.0322265625
0.037109375
0.0126953125
-0.1044921875
-0.02734375
0.0400390625
0.0166015625
-0.099609375
-0.021484375
0.0419921875
0.0185546875
-0.115234375
0.00390625
0.076171875
0.05078125
-0.041015625
0.00390625
0.0654296875
0.0322265625
-0.0625
0.0478515625
0.115234375
0.08203125
-0.0341796875
0.0068359375
0.064453125
0.03515625
-0.107421875
-0.03515625
0.0322265625
0.0126953125
-0.107421875
-0.029296875
0.0380859375
0.013671875
-0.1044921875
-0.0234375
0.04296875
0.015625
-0.119140625
-0.0009765625
0.0732421875
0.0498046875
-0.0439453125
0.0009765625
0.0654296875
0.03125
-0.0634765625
0.0458984375
0.111328125
0.078125
-0.0390625
0.0078125
0.064453125
0.03125
-0.1123046875
-0.03515625
0.03125
0.009765625
-0.1083984375
-0.03125
0.037109375
0.0126953125
-0.1025390625
-0.0244140625
0.0419921875
0.015625
-0.1162109375
0.0029296875
0.0771484375
0.05078125
-0.0458984375
0.001953125
0.064453125
0.03125
-0.0654296875
0.0419921875
0.11328125
0.078125
-0.0380859375
0.0048828125
0.064453125
0.03125
-0.1103515625
-0.037109375
0.03515625
0.0087890625
-0.111328125
-0.0322265625
0.041015625
0.0107421875
-0.1064453125
-0.025390625
0.04296875
0.0126953125
-0.1201171875
0.0009765625
0.07421875
0.0478515625
-0.044921875
0.0029296875
0.064453125
0.029296875
-0.0673828125
0.0439453125
0.1123046875
0.076171875
-0.041015625
0.0029296875
0.06640625
0.029296875
-0.111328125
-0.0390625
0.0322265625
0.005859375
-0.1103515625
-0.0341796875
0.0361328125
0.009765625
-0.107421875
-0.025390625
0.0390625
0.013671875
-0.12109375
-0.0009765625
0.0732421875
0.0478515625
-0.046875
0.0009765625
0.0634765625
0.029296875
-0.0654296875
0.041015625
0.1103515625
0.076171875
-0.0390625
0.0029296875
0.0634765625
0.029296875
-0.1123046875
-0.0380859375
0.03125
0.0068359375
-0.11328125
-0.0341796875
0.03515625
0.009765625
-0.1083984375
-0.02734375
0.0390625
0.0107421875
-0.12109375
-0.001953125
0.0732421875
0.0458984375
-0.0478515625
-0.001953125
0.0654296875
0.02734375
-0.0673828125
0.0419921875
0.111328125
0.0751953125
-0.04296875
0.001953125
0.0625
0.0283203125
-0.11328125
-0.041015625
0.0302734375
0.0068359375
-0.115234375
-0.03515625
0.0341796875
0.005859375
-0.1103515625
-0.0283203125
0.041015625
0.009765625
-0.1240234375
-0.0029296875
0.07421875
0.0458984375
-0.048828125
-0.0009765625
0.0625
0.025390625
-0.0693359375
0.04296875
0.1103515625
0.07421875
-0.0419921875
0.00390625
0.0634765625
0.0283203125
-0.115234375
-0.0380859375
0.0302734375
0.005859375
-0.111328125
-0.0361328125
0.0341796875
0.0087890625
-0.1064453125
-0.0283203125
0.037109375
0.0107421875
-0.123046875
-0.0048828125
0.0703125
0.044921875
-0.05078125
-0.001953125
0.0634765625
0.02734375
-0.0703125
0.0400390625
0.1103515625
0.0751953125
-0.04296875
-0.0009765625
0.0615234375
0.0234375
-0.115234375
-0.041015625
0.0302734375
0.00390625
-0.11328125
-0.03515625
0.0361328125
0.0068359375
-0.1103515625
-0.029296875
0.0361328125
0.0107421875
-0.125
-0.001953125
0.0712890625
0.044921875
-0.0517578125
0.0
0.0615234375
0.0244140625
-0.0703125
0.041015625
0.111328125
0.0732421875
-0.0419921875
0.0009765625
0.0634765625
0.0263671875
-0.11328125
-0.0390625
0.0302734375
0.00390625
-0.1142578125
-0.03515625
0.03125
0.0068359375
-0.111328125
-0.029296875
0.0361328125
0.0107421875
-0.1240234375
-0.0048828125
0.0673828125
0.044921875
-0.05078125
-0.0029296875
0.056640625
0.025390625
-0.0693359375
0.0400390625
0.107421875
0.0732421875
-0.044921875
-0.0009765625
0.060546875
0.0263671875
-0.115234375
-0.041015625
0.02734375
0.0048828125
-0.11328125
-0.0341796875
0.0322265625
0.005859375
-0.1103515625
-0.0283203125
0.037109375
0.0087890625
-0.1220703125
-0.001953125
0.0732421875
0.044921875
-0.0498046875
-0.001953125
0.0634765625
0.0263671875
-0.0712890625
0.0419921875
0.111328125
0.0732421875
-0.0439453125
0.00390625
0.0634765625
0.025390625
-0.1142578125
-0.0380859375
0.0322265625
0.0048828125
-0.1142578125
-0.0361328125
0.0341796875
0.005859375
-0.1103515625
-0.029296875
0.0390625
0.0078125
-0.125
-0.0029296875
0.0732421875
0.04296875
-0.05078125
-0.0009765625
0.0615234375
0.0263671875
-0.0712890625
0.041015625
0.1083984375
0.07421875
-0.0439453125
0.001953125
0.0634765625
0.025390625
-0.115234375
-0.0400390625
0.0302734375
0.0029296875
-0.1162109375
-0.0361328125
0.0390625
0.005859375
-0.1123046875
-0.029296875
0.041015625
0.009765625
-0.126953125
-0.001953125
0.0751953125
0.0439453125
-0.0537109375
-0.0009765625
0.0634765625
0.0244140625
-0.076171875
0.0439453125
0.11328125
0.0712890625
-0.0458984375
0.001953125
0.064453125
0.0244140625
-0.1162109375
-0.041015625
0.03125
0.0029296875
-0.1162109375
-0.03515625
0.03515625
0.0048828125
-0.1123046875
-0.0302734375
0.0390625
0.0087890625
-0.12890625
-0.00390625
0.0703125
0.04296875
-0.052734375
-0.0029296875
0.0625
0.025390625
-0.0712890625
0.0400390625
0.109375
0.0732421875
-0.0439453125
0.0
0.064453125
0.025390625
-0.1181640625
-0.0419921875
0.0302734375
0.0048828125
-0.1162109375
-0.037109375
0.03515625
0.005859375
-0.1123046875
-0.0283203125
0.0380859375
0.0087890625
-0.1259765625
-0.0048828125
0.0712890625
0.0419921875
-0.05078125
-0.001953125
0.0625
0.0244140625
-0.0712890625
0.0400390625
0.109375
0.0732421875
-0.0439453125
0.0009765625
0.0595703125
0.025390625
-0.115234375
-0.041015625
0.0283203125
0.00390625
-0.1142578125
-0.033203125
0.033203125
0.0068359375
-0.1103515625
-0.03125
0.037109375
0.0087890625
-0.1259765625
-0.0078125
0.0693359375
0.044921875
-0.048828125
-0.0048828125
0.0576171875
0.0263671875
-0.0693359375
0.041015625
0.107421875
0.0751953125
-0.04296875
0.0009765625
0.060546875
0.02734375
-0.1162109375
-0.0419921875
0.0263671875
0.005859375
-0.11328125
-0.0361328125
0.0322265625
0.005859375
-0.109375
-0.029296875
0.03515625
0.009765625
-0.125
-0.005859375
0.068359375
0.041015625
-0.0517578125
-0.00390625
0.060546875
0.0244140625
-0.0732421875
0.0400390625
0.1103515625
0.0732421875
-0.0439453125
0.0009765625
0.0615234375
0.0244140625
-0.1171875
-0.0419921875
0.03125
0.0029296875
-0.1142578125
-0.037109375
0.0341796875
0.005859375
-0.1123046875
-0.03125
0.037109375
0.009765625
-0.126953125
-0.005859375
0.068359375
0.0439453125
-0.0517578125
-0.00390625
0.060546875
0.0263671875
-0.072265625
0.041015625
0.1103515625
0.0732421875
-0.0458984375
-0.0009765625
0.0625
0.0244140625
-0.1162109375
-0.0419921875
0.02734375
0.00390625
-0.115234375
-0.0380859375
0.0302734375
0.0048828125
-0.107421875
-0.0263671875
0.037109375
0.0107421875
-0.0986328125
0.0166015625
0.087890625
0.05859375
-0.0537109375
-0.009765625
0.0537109375
0.021484375
-0.0888671875
-0.01171875
0.0517578125
0.0205078125
-0.11328125
-0.0400390625
0.0244140625
0.0048828125
-0.16015625
-0.0791015625
-0.0048828125
-0.015625
-0.1279296875
-0.0087890625
0.060546875
0.04296875
-0.0283203125
0.0732421875
0.1357421875
0.099609375
-0.0283203125
-0.0009765625
0.05859375
0.0302734375
-0.087890625
-0.0166015625
0.046875
0.0185546875
-0.087890625
-0.01171875
0.048828125
0.0224609375
-0.091796875
-0.0126953125
0.0458984375
0.01953125
-0.1181640625
-0.0419921875
0.0224609375
0.0029296875
-0.1064453125
-0.0302734375
0.03515625
0.0107421875
-0.0830078125
-0.0029296875
0.0576171875
0.025390625
-0.0908203125
-0.01171875
0.0498046875
0.0205078125
-0.1181640625
-0.046875
0.021484375
0.0029296875
-0.115234375
-0.0380859375
0.0302734375
0.0068359375
-0.1064453125
-0.029296875
0.03515625
0.0107421875
-0.1220703125
-0.0029296875
0.0693359375
0.046875
-0.0458984375
-0.0029296875
0.0576171875
0.029296875
-0.0654296875
0.041015625
0.1083984375
0.0751953125
-0.041015625
0.001953125
0.060546875
0.0283203125
-0.11328125
-0.0390625
0.0263671875
0.005859375
-0.111328125
-0.03515625
0.029296875
0.0078125
-0.1044921875
-0.0283203125
0.0361328125
0.0126953125
-0.1201171875
-0.0048828125
0.068359375
0.0458984375
-0.046875
-0.001953125
0.0595703125
0.0283203125
-0.06640625
0.041015625
0.107421875
0.076171875
-0.041015625
0.001953125
0.0595703125
0.0302734375
-0.11328125
-0.0400390625
0.029296875
0.0048828125
-0.1103515625
-0.03515625
0.03515625
0.0078125
-0.1083984375
-0.0302734375
0.0400390625
0.0107421875
-0.1259765625
-0.0029296875
0.072265625
0.0439453125
-0.0498046875
-0.001953125
0.0625
0.0263671875
-0.0712890625
0.0419921875
0.111328125
0.0732421875
-0.044921875
0.0
0.060546875
0.0263671875
-0.1171875
-0.0419921875
0.0302734375
0.0048828125
-0.1142578125
-0.0361328125
0.0361328125
0.0068359375
-0.1103515625
-0.02734375
0.0390625
0.0107421875
-0.1240234375
-0.00390625
0.0712890625
0.0458984375
-0.048828125
0.0
0.0615234375
0.02734375
-0.068359375
0.0400390625
0.107421875
0.0751953125
-0.0419921875
0.0029296875
0.0634765625
0.02734375
-0.1142578125
-0.0380859375
0.029296875
0.005859375
-0.1123046875
-0.03515625
0.0341796875
0.009765625
-0.109375
-0.0283203125
0.0380859375
0.009765625
-0.125
-0.0029296875
0.0712890625
0.0419921875
-0.0517578125
-0.0009765625
0.0634765625
0.0244140625
-0.072265625
0.0419921875
0.11328125
0.0732421875
-0.0419921875
0.0009765625
0.0625
0.0263671875
-0.1162109375
-0.0400390625
0.03125
0.00390625
-0.1162109375
-0.033203125
0.037109375
0.0078125
-0.1123046875
-0.029296875
0.041015625
