x y
0 0
1 0
2 6.53
3 6.37
4 5.12
5 5.18
6 4.74
7 3.74
8 4.56
9 4.11
10 3.74
11 3.45
12 3.59
13 3.09
14 3.04
15 2.65
16 2.52
17 2.49
18 2.81
19 2.55
20 2.31
21 2.52
22 2.39
23 2.17
24 2.08
25 1.8
26 1.85
27 1.83
28 1.69
29 1.73
30 1.72
31 1.73
32 1.55
33 1.65
34 1.58
35 1.72
36 1.54
37 1.58
38 1.38
39 1.51
40 1.34
41 1.39
42 1.42
43 1.39
44 1.33
45 1.29
46 1.32
47 1.39
48 1.17
49 1.29
50 1.27
51 1.41
52 1.31
53 1.21
54 1.25
55 1.22
56 1.2
57 1.21
58 1.23
59 1.18
60 1.21
61 1.19
62 1.18
63 1.11
64 1.15
65 1.21
66 1.16
67 1.2
68 1.22
69 1.15
70 1.2
71 1.15
72 1.15
73 1.16
74 1.15
75 1.1
76 1.15
77 1.23
78 1.15
79 1.12
80 1.13
81 1.12
82 1.12
83 1.08
84 1.11
85 1.07
86 1.1
87 1.09
88 1.12
89 1.1
90 1.1
91 1.06
92 1.09
93 1.11
94 1.07
95 1.09
96 1.11
97 1.1
98 1.09
99 1.06
100 1.03
101 1.1
102 1.04
103 1.11
104 1.07
105 1.06
106 1.08
107 1.07
108 1.09
109 1.1
110 1.06
111 1.08
112 1.05
113 1.04
114 1.1
115 1.05
116 1.03
117 1.06
118 1.06
119 1.05
120 1.05
121 1.04
122 1.05
123 1.03
124 1.03
125 1.03
126 1.03
127 1.06
128 1.05
129 1.08
130 1.07
131 1.03
132 1.05
133 1.07
134 1.03
135 1.05
136 1.05
137 1.07
138 1.03
139 1.02
140 1.04
141 1.06
142 1.02
143 1.03
144 1.07
145 1.05
146 1.03
147 1.05
148 1.08
149 1.04
150 1.01
151 1.05
152 1.03
153 1.04
154 1.02
155 1.03
156 1.05
157 1.04
158 1.01
159 1.02
160 1.01
161 1.06
162 1.03
163 1.05
164 1.01
165 1.02
166 1.02
167 1.02
168 1.01
169 1.04
170 1.05
171 1.02
172 1.03
173 1.04
174 1.02
175 1.02
176 1.02
177 1.01
178 1.05
179 1.05
180 1.02
181 1.02
182 1.02
183 1.02
184 1.01
185 1.05
186 1.03
187 1.02
188 1.03
189 1.03
190 1.02
191 1.02
192 1.01
193 1.01
194 1.04
195 1.01
196 1.05
197 1.01
198 1.01
199 1.03
200 1.02
201 1.04
202 1.03
203 1.06
204 1.01
205 1.06
206 1.02
207 1
208 1.02
209 1.01
210 1
211 1.02
212 1.04
213 1.01
214 1.02
215 1.02
216 1.01
217 1
218 1.02
219 1.01
220 1.01
221 1.02
222 1.01
223 1.02
224 1.01
225 1.02
226 1.01
227 1.01
228 1
229 1.05
230 1.01
231 1.01
232 1
233 1.07
234 1.01
235 1
236 1.04
237 1.02
238 1
239 1.02
240 1.03
241 1
242 1.01
243 1.02
244 1
245 1.04
246 1
247 1.02
248 1.01
249 1
250 1.02
251 1.01
252 1.01
253 1
254 1.01
255 1
256 1.01
257 1.01
258 1.01
259 1.01
260 1.01
261 1.01
262 1.02
263 1.01
264 1
265 1.01
266 1.02
267 1.01
268 1
269 1
270 1.01
271 1
272 1
273 1
274 1.01
275 1.03
276 1
277 1
278 1.01
279 1.02
280 1.01
281 1.02
282 1.01
283 1.01
284 1.01
285 1.01
286 1
287 1.01
288 1
289 1
290 1
291 1.01
292 1.01
293 1
294 1
295 1.01
296 1
297 1.02
298 1.01
299 1
300 1.01
301 1.01
302 1.01
303 1.02
304 1
305 1.03
306 1
307 1
308 1.01
309 1
310 1.01
311 1
312 1
313 1
314 1
315 1
316 1
317 1
318 1.01
319 1.01
320 1.01
321 1
322 1
323 1.01
324 1
325 1.01
326 1
327 1
328 1
329 1.01
330 1
331 1.01
332 1
333 1.01
334 1
335 1
336 1
337 1.01
338 1
339 1.01
340 1
341 1.01
342 1.01
343 1
344 1
345 1
346 1
347 1
348 1.03
349 1
350 1
351 1.02
352 1.01
353 1
354 1.01
355 1.02
356 1
357 1
358 1.03
359 1.01
360 1.01
361 1.01
362 1
363 1
364 1.01
365 1.02
366 1
367 1
368 1
369 1
370 1
371 1
372 1.01
373 1
374 1
375 1.01
376 1
377 1
378 1.01
379 1
380 1
381 1
382 1
383 1
384 1.01
385 1.01
386 1.01
387 1.01
388 1.01
389 1.02
390 1
391 1
392 1
393 1
394 1
395 1
396 1
397 1
398 1
399 1
400 1
401 1
402 1
403 1
404 1.01
405 1
406 1.01
407 1.01
408 1
409 1
410 1.01
411 1
412 1
413 1
414 1
415 1
416 1
417 1.01
418 1
419 1
420 1
421 1
422 1
423 1
424 1
425 1
426 1
427 1
428 1
429 1
430 1
431 1
432 1.02
433 1
434 1
435 1
436 1
437 1
438 1
439 1
440 1
441 1
442 1
443 1
444 1
445 1
446 1
447 1
448 1
449 1
450 1
451 1
452 1
453 1
454 1
455 1
456 1
457 1.01
458 1
459 1
460 1
461 1
462 1
463 1
464 1
465 1
466 1
467 1
468 1
469 1
470 1
471 1.01
472 1
473 1
474 1
475 1
476 1
477 1
478 1
479 1
480 1
481 1
482 1
483 1
484 1
485 1
486 1
487 1
488 1
489 1
490 1
491 1
492 1
493 1
494 1
495 1
496 1
497 1
498 1.01
499 1
500 1
501 1
502 1
503 1
504 1
505 1
506 1
507 1
508 1
509 1
510 1
511 1
512 1
513 1
514 1
515 1
516 1.01
517 1
518 1
519 1
520 1
521 1
522 1
523 1
524 1
525 1
526 1
527 1.01
528 1
529 1
530 1
531 1
532 1
533 1
534 1
535 1.01
536 1
537 1
538 1
539 1.01
540 1
541 1
542 1
543 1
544 1
545 1
546 1
547 1
548 1
549 1
550 1
551 1
552 1
553 1
554 1.01
555 1
556 1
557 1
558 1
559 1
560 1
561 1
562 1
563 1
564 1
565 1
566 1
567 1
568 1
569 1
570 1
571 1
572 1
573 1
574 1
575 1
576 1
577 1
578 1
579 1
580 1
581 1
582 1
583 1
584 1
585 1
586 1
587 1
588 1
589 1
590 1
591 1
592 1
593 1
594 1
595 1
596 1
597 1
598 1
599 1
600 1
601 1
602 1
603 1
604 1
605 1
606 1
607 1
608 1
609 1
610 1
611 1
612 1
613 1
614 1
615 1
616 1
617 1
618 1
619 1
620 1
621 1
622 1
623 1
624 1
625 1
626 1
627 1
628 1
629 1
630 1
631 1
632 1
633 1
634 1
635 1
636 1
637 1
638 1
639 1
640 1
641 1
642 1
643 1
644 1
645 1
646 1
647 1
648 1
649 1
650 1
651 1
652 1
653 1
654 1
655 1
656 1
657 1
658 1
659 1
660 1
661 1
662 1
663 1
664 1
665 1
666 1
667 1
668 1
669 1
670 1
671 1
672 1
673 1
674 1
675 1
676 1
677 1
678 1
679 1
680 1
681 1
682 1
683 1
684 1
685 1
686 1
687 1
688 1
689 1
690 1
691 1
692 1
693 1
694 1
695 1
696 1
697 1
698 1
699 1
700 1
701 1
702 1
703 1
704 1
705 1
706 1
707 1
708 1
709 1
710 1
711 1
712 1
713 1
714 1
715 1
716 1
717 1
718 1
719 1
720 1
721 1
722 1
723 1
724 1
725 1
726 1
727 1
728 1
729 1
730 1
731 1
732 1
733 1
734 1
735 1
736 1
737 1
738 1
739 1
740 1
741 1
742 1
743 1
744 1
745 1
746 1
747 1
748 1
749 1
750 1
751 1
752 1
753 1
754 1
755 1
756 1
757 1
758 1
759 1
760 1
761 1
762 1
763 1
764 1
765 1
766 1
767 1
768 1
769 1
770 1
771 1
772 1
773 1
774 1
775 1
776 1
777 1
778 1
779 1
780 1
781 1
782 1
783 1
784 1
785 1
786 1
787 1
788 1
789 1
790 1
791 1
792 1
793 1
794 1
795 1
796 1
797 1
798 1
799 1
800 1
801 1
802 1
803 1
804 1
805 1
806 1
807 1
808 1
809 1
810 1
811 1
812 1
813 1
814 1
815 1
816 1
817 1
818 1
819 1
820 1
821 1
822 1
823 1
824 1
825 1
826 1
827 1
828 1
829 1
830 1
831 1
832 1
833 1
834 1
835 1
836 1
837 1
838 1
839 1
840 1
841 1
842 1
843 1
844 1
845 1
846 1
847 1
848 1
849 1
850 1
851 1
852 1
853 1
854 1
855 1
856 1
857 1
858 1
859 1
860 1
861 1
862 1
863 1
864 1
865 1
866 1
867 1
868 1
869 1
870 1
871 1
872 1
873 1
874 1
875 1
876 1
877 1
878 1
879 1
880 1
881 1
882 1
883 1
884 1
885 1
886 1
887 1
888 1
889 1
890 1
891 1
892 1
893 1
894 1
895 1
896 1
897 1
898 1
899 1
900 1
901 1
902 1
903 1
904 1
905 1
906 1
907 1
908 1
909 1
910 1
911 1
912 1
913 1
914 1
915 1
916 1
917 1
918 1
919 1
920 1
921 1
922 1
923 1
924 1
925 1
926 1
927 1
928 1
929 1
930 1
931 1
932 1
933 1
934 1
935 1
936 1
937 1
938 1
939 1
940 1
941 1
942 1
943 1
944 1
945 1
946 1
947 1
948 1
949 1
950 1
951 1
952 1
953 1
954 1
955 1
956 1
957 1
958 1
959 1
960 1
961 1
962 1
963 1
964 1
965 1
966 1
967 1
968 1
969 1
970 1
971 1
972 1
973 1
974 1
975 1
976 1
977 1
978 1
979 1
980 1
981 1
982 1
983 1
984 1
985 1
986 1
987 1
988 1
989 1
990 1
991 1
992 1
993 1
994 1
995 1
996 1
997 1
998 1
999 1
1000 1
