x y
0 0
1 0
2 8.82
3 7
4 8.07
5 7.08
6 6.41
7 6.93
8 5.37
9 5.77
10 5.57
11 5.25
12 5.32
13 4.98
14 5.21
15 4.38
16 4.77
17 4.31
18 4.23
19 4.14
20 4.14
21 3.54
22 3.77
23 3.45
24 3.52
25 3.47
26 3.15
27 3.34
28 3.11
29 3.05
30 2.85
31 3.14
32 2.82
33 2.78
34 2.83
35 2.91
36 2.89
37 2.29
38 2.36
39 2.45
40 2.55
41 2.34
42 2.35
43 2.46
44 2.26
45 2.2
46 2.13
47 1.76
48 2.26
49 2.15
50 2.07
51 1.86
52 1.93
53 1.83
54 1.8
55 1.74
56 1.91
57 2.02
58 1.64
59 1.77
60 1.68
61 1.69
62 1.78
63 1.8
64 1.74
65 1.89
66 1.65
67 1.72
68 1.57
69 1.49
70 1.57
71 1.69
72 1.51
73 1.52
74 1.51
75 1.55
76 1.32
77 1.44
78 1.46
79 1.4
80 1.6
81 1.4
82 1.47
83 1.47
84 1.4
85 1.37
86 1.42
87 1.38
88 1.4
89 1.25
90 1.35
91 1.22
92 1.44
93 1.39
94 1.42
95 1.42
96 1.36
97 1.23
98 1.3
99 1.28
100 1.28
101 1.2
102 1.29
103 1.3
104 1.21
105 1.25
106 1.21
107 1.3
108 1.28
109 1.23
110 1.26
111 1.22
112 1.33
113 1.14
114 1.21
115 1.16
116 1.19
117 1.21
118 1.23
119 1.3
120 1.28
121 1.21
122 1.18
123 1.22
124 1.15
125 1.15
126 1.25
127 1.23
128 1.16
129 1.16
130 1.19
131 1.15
132 1.15
133 1.18
134 1.17
135 1.13
136 1.14
137 1.13
138 1.13
139 1.13
140 1.13
141 1.06
142 1.12
143 1.15
144 1.16
145 1.12
146 1.15
147 1.13
148 1.1
149 1.11
150 1.12
151 1.09
152 1.13
153 1.11
154 1.14
155 1.1
156 1.07
157 1.18
158 1.12
159 1.07
160 1.16
161 1.12
162 1.07
163 1.13
164 1.09
165 1.08
166 1.1
167 1.18
168 1.05
169 1.17
170 1.08
171 1.11
172 1.06
173 1.07
174 1.12
175 1.08
176 1.12
177 1.12
178 1.14
179 1.06
180 1.11
181 1.05
182 1.04
183 1.08
184 1.06
185 1.07
186 1.08
187 1.1
188 1.04
189 1.07
190 1.1
191 1.11
192 1.02
193 1.06
194 1.08
195 1.11
196 1.06
197 1.05
198 1.03
199 1.04
200 1.06
201 1.11
202 1.12
203 1.06
204 1.07
205 1.07
206 1.08
207 1.04
208 1.02
209 1.11
210 1.04
211 1.01
212 1.03
213 1.1
214 1.04
215 1.07
216 1.07
217 1.08
218 1.03
219 1.05
220 1.04
221 1.03
222 1.04
223 1.05
224 1.04
225 1.06
226 1.07
227 1.08
228 1.06
229 1.03
230 1.04
231 1.02
232 1.06
233 1.04
234 1.05
235 1.05
236 1.07
237 1.07
238 1.02
239 1.03
240 1.03
241 1.01
242 1.06
243 1.02
244 1.03
245 1.06
246 1.05
247 1.04
248 1.05
249 1.02
250 1.06
251 1.05
252 1.05
253 1.01
254 1.03
255 1.02
256 1.04
257 1.05
258 1.03
259 1.03
260 1
261 1.02
262 1.03
263 1.03
264 1.03
265 1.06
266 1.04
267 1.02
268 1.05
269 1.03
270 1.03
271 1.02
272 1.05
273 1.06
274 1.01
275 1.01
276 1.06
277 1.02
278 1.04
279 1.04
280 1.03
281 1.02
282 1.04
283 1.04
284 1.04
285 1.02
286 1.04
287 1.01
288 1.02
289 1.03
290 1.01
291 1.03
292 1.02
293 1.03
294 1.01
295 1.04
296 1.05
297 1.05
298 1
299 1.03
300 1.03
301 1.02
302 1.02
303 1.01
304 1
305 1.04
306 1.02
307 1.02
308 1
309 1.03
310 1.03
311 1.03
312 1.03
313 1.01
314 1.02
315 1.02
316 1.02
317 1.03
318 1.04
319 1.01
320 1.01
321 1.01
322 1.03
323 1.03
324 1.05
325 1.02
326 1.02
327 1.01
328 1.01
329 1.01
330 1.01
331 1.01
332 1.04
333 1
334 1.02
335 1.01
336 1.03
337 1.01
338 1.03
339 1.01
340 1.04
341 1.02
342 1.03
343 1
344 1.03
345 1.04
346 1.01
347 1.01
348 1.01
349 1.01
350 1.01
351 1.01
352 1.01
353 1.02
354 1.02
355 1.03
356 1
357 1.01
358 1.03
359 1
360 1.03
361 1.02
362 1.02
363 1.02
364 1.04
365 1.02
366 1.01
367 1.02
368 1.03
369 1.01
370 1.02
371 1
372 1.02
373 1
374 1.03
375 1.01
376 1.03
377 1
378 1.01
379 1.02
380 1
381 1.03
382 1.01
383 1.01
384 1
385 1.02
386 1.01
387 1.01
388 1
389 1.01
390 1.02
391 1.02
392 1.01
393 1
394 1.01
395 1.01
396 1.01
397 1.01
398 1
399 1.02
400 1.01
401 1.01
402 1
403 1
404 1.01
405 1
406 1.01
407 1
408 1.02
409 1.01
410 1
411 1.01
412 1.01
413 1
414 1.03
415 1.01
416 1
417 1.02
418 1.02
419 1.01
420 1
421 1.01
422 1.01
423 1.01
424 1
425 1
426 1.02
427 1.01
428 1
429 1.02
430 1
431 1
432 1.01
433 1.01
434 1.01
435 1.02
436 1.02
437 1
438 1.01
439 1
440 1
441 1
442 1.01
443 1
444 1
445 1.02
446 1.01
447 1
448 1
449 1
450 1.01
451 1
452 1.01
453 1.01
454 1
455 1
456 1.02
457 1.04
458 1.01
459 1.02
460 1
461 1
462 1.01
463 1
464 1.01
465 1.01
466 1
467 1.02
468 1.02
469 1
470 1
471 1
472 1.01
473 1.02
474 1.04
475 1.01
476 1
477 1.01
478 1
479 1.02
480 1
481 1.01
482 1
483 1
484 1.02
485 1
486 1
487 1.01
488 1.01
489 1
490 1.01
491 1.02
492 1.02
493 1.01
494 1.01
495 1
496 1.01
497 1.01
498 1.01
499 1.01
500 1
501 1.01
502 1.01
503 1
504 1.01
505 1
506 1.03
507 1
508 1
509 1.01
510 1
511 1
512 1.01
513 1.01
514 1
515 1
516 1
517 1.02
518 1.01
519 1
520 1.01
521 1.02
522 1
523 1
524 1
525 1.02
526 1
527 1.01
528 1
529 1
530 1.01
531 1
532 1
533 1
534 1
535 1.01
536 1
537 1.01
538 1
539 1
540 1
541 1
542 1
543 1.01
544 1
545 1
546 1.01
547 1
548 1.01
549 1.01
550 1.01
551 1.01
552 1
553 1.01
554 1
555 1
556 1
557 1
558 1
559 1
560 1.03
561 1
562 1
563 1
564 1.01
565 1.01
566 1
567 1
568 1
569 1
570 1.01
571 1
572 1
573 1
574 1.01
575 1
576 1
577 1
578 1
579 1
580 1
581 1
582 1
583 1
584 1.01
585 1.01
586 1
587 1
588 1
589 1
590 1
591 1
592 1
593 1
594 1
595 1
596 1
597 1
598 1
599 1
600 1.01
601 1
602 1
603 1.01
604 1.01
605 1
606 1
607 1
608 1
609 1.01
610 1
611 1
612 1
613 1
614 1
615 1.02
616 1.01
617 1
618 1
619 1
620 1
621 1
622 1
623 1
624 1
625 1
626 1
627 1
628 1
629 1
630 1
631 1
632 1
633 1.01
634 1
635 1
636 1
637 1.01
638 1.01
639 1
640 1
641 1.01
642 1.01
643 1
644 1
645 1
646 1.01
647 1
648 1
649 1
650 1
651 1
652 1
653 1
654 1
655 1
656 1
657 1
658 1
659 1
660 1
661 1
662 1
663 1
664 1
665 1
666 1
667 1
668 1
669 1
670 1
671 1
672 1
673 1
674 1
675 1.01
676 1
677 1
678 1.01
679 1
680 1
681 1
682 1
683 1
684 1
685 1
686 1
687 1.01
688 1
689 1
690 1
691 1
692 1
693 1
694 1
695 1
696 1
697 1
698 1
699 1
700 1
701 1.02
702 1
703 1
704 1
705 1
706 1
707 1
708 1
709 1
710 1
711 1
712 1
713 1
714 1
715 1.01
716 1
717 1.01
718 1
719 1
720 1
721 1
722 1
723 1
724 1
725 1
726 1
727 1
728 1
729 1.01
730 1
731 1
732 1
733 1
734 1
735 1
736 1
737 1
738 1
739 1.01
740 1
741 1
742 1
743 1
744 1
745 1
746 1
747 1
748 1
749 1.02
750 1
751 1.01
752 1
753 1.01
754 1
755 1.02
756 1
757 1
758 1
759 1
760 1.01
761 1
762 1
763 1
764 1
765 1
766 1
767 1
768 1
769 1
770 1
771 1
772 1
773 1
774 1
775 1
776 1
777 1
778 1.01
779 1
780 1
781 1
782 1
783 1
784 1
785 1
786 1
787 1
788 1
789 1
790 1
791 1
792 1
793 1
794 1
795 1
796 1
797 1
798 1
799 1
800 1
801 1
802 1
803 1
804 1
805 1
806 1
807 1
808 1
809 1.01
810 1
811 1
812 1
813 1
814 1
815 1
816 1
817 1
818 1
819 1
820 1
821 1
822 1
823 1
824 1
825 1
826 1
827 1
828 1
829 1
830 1
831 1
832 1
833 1
834 1
835 1
836 1
837 1
838 1
839 1
840 1
841 1
842 1
843 1
844 1
845 1
846 1
847 1
848 1
849 1
850 1
851 1
852 1
853 1
854 1
855 1
856 1
857 1
858 1.01
859 1
860 1
861 1
862 1
863 1
864 1
865 1
866 1
867 1
868 1
869 1
870 1
871 1
872 1
873 1
874 1
875 1
876 1
877 1
878 1
879 1
880 1.01
881 1
882 1
883 1
884 1
885 1
886 1
887 1
888 1
889 1
890 1
891 1.01
892 1
893 1
894 1
895 1
896 1
897 1
898 1
899 1
900 1
901 1
902 1
903 1
904 1
905 1
906 1
907 1
908 1
909 1
910 1
911 1
912 1
913 1
914 1
915 1
916 1
917 1
918 1
919 1
920 1
921 1
922 1
923 1
924 1
925 1
926 1
927 1
928 1
929 1
930 1
931 1
932 1
933 1
934 1
935 1
936 1
937 1
938 1
939 1
940 1
941 1
942 1
943 1
944 1
945 1
946 1
947 1
948 1
949 1
950 1
951 1
952 1
953 1
954 1
955 1
956 1
957 1
958 1
959 1
960 1
961 1
962 1
963 1
964 1
965 1
966 1
967 1
968 1
969 1
970 1
971 1
972 1
973 1
974 1
975 1
976 1
977 1
978 1
979 1
980 1
981 1
982 1
983 1
984 1
985 1
986 1
987 1
988 1
989 1
990 1
991 1
992 1
993 1
994 1
995 1
996 1
997 1
998 1
999 1
1000 1
