x y
0 0
1 0
2 8.85
3 9.36
4 7.89
5 8.68
6 8.06
7 8.13
8 8.57
9 8.93
10 7.36
11 8.41
12 8.45
13 8.84
14 8.67
15 6.98
16 8.23
17 7.95
18 8.26
19 8.19
20 7.81
21 8.9
22 7.26
23 6.85
24 8.3
25 8
26 7.29
27 8.68
28 7.74
29 8.29
30 7.92
31 7.77
32 8.3
33 8.3
34 7.88
35 8.34
36 8.04
37 7.87
38 8.33
39 7.92
40 7.3
41 8.09
42 7.77
43 7.52
44 7.97
45 7.19
46 7.94
47 8.04
48 8.05
49 7.34
50 8.25
51 7.66
52 7.97
53 8.27
54 7.71
55 8.14
56 7.84
57 7.52
58 7.24
59 7.7
60 7.53
61 7.47
62 8.07
63 8.35
64 7.77
65 8.07
66 8.4
67 8.11
68 7.46
69 7.69
70 7.7
71 7.16
72 7.52
73 7.96
74 7.63
75 7.97
76 7.64
77 7.4
78 7.79
79 8.07
80 7.67
81 7.56
82 7.34
83 8.09
84 7.43
85 7.87
86 7.6
87 7.22
88 7.91
89 6.95
90 7.49
91 7.98
92 7.89
93 7.81
94 6.91
95 7.22
96 8.27
97 7.22
98 7.36
99 6.89
100 7.58
101 7.56
102 7.36
103 7.75
104 7.7
105 7.97
106 8.03
107 6.59
108 7.95
109 6.89
110 7.71
111 7.69
112 6.64
113 7.69
114 7.52
115 7.8
116 7.29
117 8.06
118 6.63
119 6.97
120 7.44
121 7.35
122 7.86
123 7.55
124 7.92
125 6.25
126 8.01
127 7.05
128 7.89
129 7.86
130 7.14
131 8.03
132 8.04
133 7.41
134 7.55
135 7.32
136 7.76
137 6.62
138 7.54
139 7.67
140 7.22
141 7.94
142 7.65
143 6.91
144 7.92
145 7.86
146 6.95
147 7.66
148 7.22
149 6.98
150 7.08
151 7.48
152 6.94
153 7.33
154 7.9
155 6.97
156 7.36
157 7.26
158 6.88
159 7.23
160 7.39
161 7.48
162 7.33
163 6.98
164 7.17
165 7.51
166 7.52
167 6.42
168 7.93
169 8.06
170 6.64
171 7.09
172 6.91
173 6.22
174 7.38
175 7.15
176 6.84
177 7.5
178 6.66
179 6.73
180 7.63
181 7.82
182 7.34
183 6.83
184 6.22
185 6.63
186 7.6
187 6.87
188 7.13
189 7.07
190 7.25
191 6.43
192 7.19
193 6.95
194 7.1
195 7.07
196 7.48
197 5.93
198 6.91
199 7.53
200 7.2
201 7.23
202 6.74
203 6.97
204 7.19
205 7.61
206 7.13
207 6.67
208 7.28
209 6.94
210 7.38
211 6.87
212 6.87
213 7
214 7.87
215 6.91
216 6.41
217 7.13
218 6.9
219 7.41
220 7.42
221 7.56
222 7.07
223 7.04
224 7.09
225 6.67
226 6.42
227 7.26
228 7.24
229 6.98
230 6.54
231 6.88
232 6.85
233 6.93
234 7.02
235 6.66
236 6.96
237 6.92
238 6.68
239 6.98
240 6.2
241 6.93
242 7.1
243 6.91
244 6.78
245 6.52
246 7.54
247 6.7
248 7.2
249 6.64
250 6.51
251 6.63
252 6.56
253 7.44
254 7.13
255 7.11
256 6.19
257 6.53
258 7.46
259 7.04
260 7.57
261 6.78
262 7.05
263 7.47
264 7.29
265 6.53
266 6.39
267 6.82
268 6.23
269 7.09
270 7.4
271 6.24
272 6.43
273 6.12
274 6.15
275 6.74
276 7.1
277 7.08
278 6.6
279 6.29
280 6.65
281 7.33
282 7.29
283 6.66
284 7.35
285 6.53
286 6.29
287 7.1
288 6.29
289 6.57
290 6.98
291 6.48
292 6.78
293 6.9
294 6.38
295 6.37
296 6.98
297 6.55
298 6.12
299 6.49
300 6.96
301 6.87
302 6.67
303 6.9
304 6.13
305 6.77
306 7.42
307 6.91
308 6.68
309 7.16
310 6.7
311 6.77
312 7.07
313 7.37
314 7.28
315 6.48
316 6.95
317 7.14
318 6.01
319 7.75
320 6.39
321 6.25
322 6.6
323 6.71
324 6.7
325 6.58
326 6.69
327 7.09
328 6.58
329 6.15
330 5.73
331 6.73
332 6.95
333 6.42
334 6.74
335 6.64
336 6.69
337 6.82
338 6.03
339 7.22
340 6.8
341 7.01
342 6.71
343 7.74
344 7.12
345 6.87
346 6.53
347 6.51
348 6.68
349 6.91
350 6.96
351 6.23
352 6.54
353 6.34
354 6.71
355 6.61
356 6.51
357 6.81
358 6.62
359 6.67
360 6.38
361 6.67
362 6.55
363 6.3
364 6.85
365 5.9
366 6.92
367 5.83
368 6.77
369 6.62
370 6.5
371 6.41
372 6.52
373 6.5
374 6.96
375 6.31
376 6.83
377 6.64
378 5.99
379 6.84
380 6.59
381 6.21
382 6.46
383 6.72
384 6.71
385 6.57
386 6.61
387 6.89
388 6.7
389 6.22
390 6.68
391 6.62
392 6.39
393 6.64
394 6.95
395 7.31
396 7.13
397 6.63
398 5.35
399 6.13
400 7.01
401 6.4
402 6.44
403 6.55
404 5.46
405 6.18
406 6.6
407 6.78
408 6.72
409 6.25
410 6.43
411 6.03
412 6.56
413 7.06
414 6.44
415 6.39
416 6.35
417 5.59
418 6.77
419 6.84
420 6.42
421 7.05
422 6.54
423 6.21
424 6.85
425 7
426 6.5
427 6.08
428 6.75
429 6.1
430 6.02
431 6.87
432 6.25
433 6.51
434 6.45
435 6.5
436 6.75
437 6.54
438 6.51
439 6.29
440 6.41
441 6.82
442 6.11
443 6.16
444 5.44
445 6.69
446 6.71
447 6.49
448 6.31
449 7.02
450 6.53
451 5.98
452 6.05
453 6.23
454 6.94
455 6.14
456 6.32
457 6.27
458 6.11
459 6.34
460 6.25
461 5.78
462 5.89
463 5.97
464 6.24
465 5.95
466 6.73
467 6.17
468 6.34
469 6.29
470 6.06
471 6.47
472 7.16
473 6.52
474 6.66
475 6.15
476 6.39
477 6.68
478 5.54
479 5.97
480 5.95
481 5.79
482 6.37
483 6.23
484 6.52
485 6.03
486 6.85
487 6.31
488 6.32
489 7.1
490 6.29
491 6.16
492 6.08
493 6.18
494 6.42
495 5.73
496 6.6
497 6.36
498 5.98
499 6.04
500 6.94
501 6.14
502 6.35
503 6.51
504 6.38
505 6.69
506 6.18
507 6.29
508 6.14
509 6.37
510 7.2
511 6.46
512 6.56
513 6.5
514 6.56
515 5.83
516 5.57
517 6.27
518 6.03
519 6.67
520 5.85
521 5.99
522 5.94
523 6.1
524 5.77
525 5.86
526 6.51
527 6.24
528 6.21
529 6.03
530 6.16
531 6.63
532 6.91
533 6.5
534 6.05
535 6.72
536 7
537 7
538 5.75
539 6.18
540 6.57
541 6.3
542 6.43
543 6.2
544 6.18
545 6.55
546 6.77
547 6.6
548 6.37
549 6.03
550 6
551 6.28
552 6.12
553 5.93
554 6.05
555 6.71
556 6.55
557 6.15
558 5.95
559 6.52
560 6.21
561 5.7
562 6.04
563 6.28
564 6.17
565 6.3
566 5.94
567 6.13
568 6.26
569 5.85
570 5.7
571 5.74
572 6.35
573 5.87
574 5.98
575 6.45
576 6.19
577 6.3
578 5.85
579 5.83
580 6.18
581 6.03
582 6.1
583 5.85
584 6.42
585 6
586 5.59
587 6.04
588 5.85
589 5.89
590 6.27
591 6.24
592 6.35
593 6.44
594 5.6
595 6.33
596 6.17
597 6.63
598 6.24
599 5.76
600 6.2
601 6.14
602 5.97
603 6.05
604 5.45
605 6.1
606 6.07
607 5.73
608 5.91
609 6.41
610 6.05
611 5.16
612 5.81
613 5.89
614 5.96
615 6.05
616 6.28
617 5.89
618 6.18
619 6.04
620 5.9
621 5.71
622 5.78
623 6.46
624 5.87
625 6.72
626 5.48
627 5.93
628 6.12
629 6.42
630 5.24
631 5.87
632 5.51
633 5.87
634 5.59
635 5.11
636 5.82
637 6.04
638 5.7
639 6.33
640 6.32
641 5.91
642 5.84
643 5.99
644 5.64
645 5.74
646 5.58
647 5.98
648 5.83
649 5.86
650 5.72
651 5.86
652 6.41
653 5.49
654 6.44
655 5.94
656 6.61
657 5.89
658 6.16
659 5.81
660 6.37
661 6.32
662 6.26
663 6.11
664 6.03
665 6.74
666 6.07
667 6.01
668 5.79
669 6.06
670 5.62
671 5.98
672 5.46
673 5.75
674 5.84
675 6.01
676 6.05
677 5.78
678 5.73
679 5.51
680 5.93
681 5.89
682 5.66
683 5.92
684 5.95
685 5.54
686 5.19
687 5.82
688 6.19
689 5.86
690 5.45
691 5.94
692 5.77
693 6.16
694 5.9
695 5.61
696 5.79
697 5.89
698 5.97
699 5.66
700 5.2
701 5.71
702 6.34
703 6.11
704 5.91
705 5.78
706 5.55
707 6.02
708 6.16
709 6.17
710 5.57
711 6.01
712 6.2
713 5.75
714 5.85
715 5.63
716 6.17
717 5.89
718 6.21
719 5.62
720 5.2
721 5.93
722 5.69
723 6.06
724 5.77
725 5.93
726 5.78
727 5.94
728 5.8
729 5.28
730 6.39
731 6.05
732 5.81
733 5.83
734 5.92
735 5.67
736 5.88
737 5.73
738 5.57
739 6.02
740 6.08
741 6.25
742 5.9
743 5.86
744 5.63
745 5.89
746 5.76
747 5.96
748 5.77
749 6.24
750 5.76
751 5.95
752 5.91
753 5.73
754 5.67
755 5.97
756 5.72
757 5.7
758 6.13
759 5.57
760 5.72
761 5.47
762 5.53
763 6.14
764 5.72
765 6.1
766 5.65
767 5.53
768 5.97
769 5.6
770 5.42
771 5.67
772 5.71
773 5.61
774 5.95
775 6.16
776 5.75
777 6
778 6.14
779 5.52
780 5.72
781 5.64
782 5.51
783 5.63
784 5.99
785 5.68
786 5.75
787 6.12
788 5.81
789 5.61
790 5.62
791 6.23
792 5.55
793 5.85
794 5.78
795 5.28
796 5.72
797 5.56
798 5.38
799 5.45
800 5.54
801 5.36
802 5.48
803 5.48
804 5.41
805 5.35
806 5.3
807 5.67
808 5.36
809 6.05
810 5.21
811 5.88
812 6.12
813 5.61
814 5.66
815 5.28
816 5.48
817 5.8
818 5.9
819 5.68
820 5.43
821 5.94
822 5.92
823 5.77
824 6.21
825 5.38
826 5.99
827 5.8
828 5.83
829 5.79
830 5.45
831 5.74
832 5.75
833 5.28
834 5.51
835 5.57
836 5.61
837 5.24
838 5.2
839 5.8
840 5.67
841 5.75
842 5.58
843 5.46
844 5.59
845 5.49
846 5.7
847 5.89
848 5.63
849 5.74
850 5.45
851 5.44
852 5.41
853 5.36
854 5.91
855 5.98
856 5.64
857 5.79
858 5.77
859 5.94
860 5.25
861 5.83
862 5.86
863 5.07
864 5.52
865 5.8
866 5.84
867 5.85
868 5.79
869 5.05
870 5.65
871 5.5
872 5.27
873 5.71
874 5.17
875 5.38
876 5.52
877 5.6
878 5.5
879 5.53
880 5.46
881 5.76
882 5.47
883 6.23
884 5.75
885 5.9
886 5.3
887 5.74
888 5.11
889 5.83
890 5.69
891 5.22
892 5.41
893 5.6
894 5.8
895 5.55
896 5.69
897 5.4
898 5.68
899 5.39
900 5.99
901 5.88
902 5.44
903 5.53
904 5.73
905 5.62
906 5.74
907 5.45
908 5.97
909 5.33
910 5.7
911 5.65
912 5.18
913 5.3
914 5.35
915 5.48
916 5.49
917 5.33
918 5.48
919 5.58
920 5.43
921 5.94
922 5.75
923 5.65
924 5.45
925 5.26
926 5.69
927 5.58
928 5.24
929 5.49
930 5.34
931 5.58
932 5.39
933 5.62
934 5.43
935 5.35
936 5.2
937 5.6
938 5.57
939 5.58
940 5.57
941 5.33
942 5.49
943 5.5
944 5.78
945 5.47
946 5.54
947 5.38
948 5.5
949 5.24
950 5.16
951 5.37
952 5.63
953 5.49
954 5.28
955 5.48
956 5.51
957 5.31
958 5.26
959 5.68
960 5.17
961 5.6
962 5.43
963 5.15
964 5.28
965 5.65
966 5.71
967 5.77
968 5.52
969 5.2
970 5.71
971 5.39
972 5.29
973 5.23
974 5.26
975 5.57
976 5.47
977 5.57
978 5.35
979 5.34
980 5.34
981 5.46
982 5.33
983 5.58
984 5.3
985 5.62
986 5.48
987 5.42
988 5.46
989 5.33
990 5.42
991 5.42
992 5.68
993 5.47
994 5.58
995 5.57
996 5.34
997 5.41
998 5.39
999 5.24
1000 5.19
