x y
0 0
1 0
2 9.39
3 9.17
4 8.08
5 7.95
6 7.87
7 8.06
8 7.64
9 8.02
10 7.26
11 8.59
12 8.2
13 8.87
14 8.15
15 8.2
16 8.36
17 7.65
18 7.61
19 8.65
20 7.98
21 8.22
22 7.9
23 7.01
24 7.96
25 7.83
26 7
27 8.19
28 7.22
29 8.63
30 7.92
31 7.82
32 8.04
33 8.25
34 8.25
35 7.57
36 7.52
37 7.4
38 7.53
39 7.49
40 7.67
41 7.54
42 7.85
43 8.06
44 7.38
45 7.99
46 7.7
47 7.48
48 7.92
49 7.62
50 7.75
51 7.55
52 7.87
53 8.11
54 7.23
55 7.82
56 7.62
57 7.62
58 7.23
59 8.15
60 7.27
61 7.42
62 7.55
63 8.31
64 7.33
65 8.31
66 7.76
67 7.86
68 7.28
69 7.84
70 7.71
71 7.41
72 7.35
73 7.44
74 7.71
75 7.48
76 7.06
77 7.22
78 7.7
79 7.8
80 7.5
81 7.3
82 7.14
83 7.79
84 6.8
85 7.51
86 7.65
87 7.82
88 7.42
89 7.4
90 6.83
91 8.28
92 7.19
93 7.6
94 7.3
95 7.25
96 8.19
97 7.57
98 7.96
99 6.69
100 6.67
101 7.52
102 7.47
103 7.12
104 7.92
105 7.86
106 6.98
107 5.63
108 7.35
109 7.13
110 6.94
111 6.69
112 6.64
113 7.44
114 6.31
115 7.49
116 7.33
117 7.56
118 6.76
119 7.07
120 7.58
121 6.87
122 7.72
123 7.43
124 7.76
125 6.64
126 7.75
127 6.7
128 7.62
129 7.81
130 7.2
131 7.77
132 7.18
133 7.06
134 7.92
135 6.81
136 7.64
137 7.17
138 7.77
139 7.86
140 7.28
141 7.98
142 7.78
143 7.23
144 7.62
145 7.17
146 6.92
147 7.54
148 6.89
149 6.89
150 7.73
151 7.67
152 6.84
153 7.57
154 7.57
155 7.36
156 7.31
157 7.03
158 6.53
159 6.79
160 7.22
161 8.06
162 7.01
163 7.06
164 7.9
165 6.58
166 6.99
167 6.75
168 8.2
169 7.05
170 6.69
171 7.15
172 6.77
173 6.67
174 6.92
175 7.16
176 6.88
177 7.31
178 6.15
179 6.67
180 7.06
181 7.26
182 7.75
183 6.55
184 6.22
185 6.93
186 7.25
187 6.45
188 6.43
189 7.27
190 7.57
191 6.49
192 7.6
193 7.2
194 7.19
195 6.84
196 6.64
197 6.23
198 6.9
199 7.2
200 7.04
201 7.05
202 7.46
203 7.03
204 6.62
205 7.37
206 6.8
207 7.08
208 7.56
209 6.88
210 6.84
211 6.98
212 7.45
213 7.31
214 7.38
215 6.49
216 7.07
217 7.17
218 7.13
219 6.74
220 6.36
221 7.14
222 7.32
223 6.77
224 6.58
225 7.03
226 6.8
227 7.3
228 6.63
229 7.09
230 6.97
231 7.33
232 6.62
233 6.45
234 7.01
235 6.94
236 7.22
237 6.84
238 6.6
239 7.03
240 6.36
241 7.45
242 6.68
243 6.35
244 6.56
245 7.02
246 6.95
247 7.04
248 6.52
249 6.75
250 6.63
251 6.86
252 7.2
253 6.62
254 6.89
255 7.2
256 6.77
257 6.78
258 6.48
259 6.75
260 7
261 6.88
262 7.26
263 6.78
264 6.8
265 7.18
266 6.6
267 6.26
268 7.25
269 6.73
270 6.56
271 6.81
272 6.99
273 6.65
274 6.48
275 6.22
276 7.23
277 6.61
278 6.22
279 6.26
280 6.11
281 7.05
282 7.39
283 6.91
284 6.71
285 6.26
286 6.37
287 6.27
288 6.33
289 6.82
290 7.16
291 6.71
292 6.4
293 6.95
294 5.98
295 6.75
296 6.38
297 6.33
298 6.67
299 6.35
300 7.3
301 6.86
302 6.87
303 6.73
304 6.63
305 6.15
306 6.55
307 7.01
308 6.79
309 6.76
310 5.9
311 5.89
312 6.28
313 7.01
314 6.59
315 6.56
316 5.75
317 6.36
318 6.07
319 7.01
320 6.27
321 5.86
322 7.14
323 7.25
324 6.62
325 5.78
326 6.35
327 6.78
328 6.63
329 6.66
330 6.19
331 6.99
332 6.4
333 7.26
334 6.55
335 6.79
336 6.6
337 6.63
338 5.85
339 6.93
340 7.31
341 6.84
342 6.19
343 6.93
344 7
345 6.46
346 6.28
347 6.94
348 6.55
349 6.68
350 6.6
351 6.67
352 6.39
353 6.74
354 6.47
355 6.15
356 6.54
357 6.62
358 6.48
359 6.59
360 6.33
361 6.32
362 7.1
363 6.15
364 6.7
365 6.52
366 7.41
367 6.71
368 6.55
369 6.15
370 6.67
371 6.51
372 6.24
373 6.59
374 6.43
375 6.85
376 6.51
377 6.4
378 6.94
379 6.61
380 6.13
381 6.63
382 5.8
383 6.18
384 6.45
385 6.55
386 6.18
387 6.44
388 6.5
389 6.22
390 6.49
391 6.29
392 6.43
393 6.71
394 6.83
395 6.3
396 7.05
397 6.19
398 5.77
399 5.97
400 6.36
401 6.44
402 6.59
403 6.78
404 6.08
405 6.17
406 6.37
407 6.14
408 6.16
409 6.76
410 6.23
411 5.97
412 6.37
413 6.77
414 6.56
415 5.89
416 6.54
417 6.1
418 6.75
419 7.06
420 6.72
421 6.57
422 6.13
423 6.29
424 6.26
425 6.51
426 6.16
427 6.06
428 6.09
429 5.99
430 6
431 6.43
432 6.27
433 6.44
434 6.3
435 6.3
436 5.8
437 6.61
438 6.01
439 6.06
440 6.44
441 6.55
442 6.43
443 6.29
444 6
445 6.8
446 5.72
447 6.42
448 6.12
449 6.43
450 6.72
451 6.28
452 5.97
453 6.07
454 6.86
455 5.67
456 6.58
457 6.12
458 6.44
459 6.56
460 6.02
461 5.98
462 5.84
463 5.72
464 6.29
465 6.38
466 6.79
467 6.27
468 6.26
469 6.41
470 6.15
471 6.53
472 6.38
473 6.38
474 6.49
475 5.93
476 6.47
477 7.12
478 5.17
479 5.77
480 6.68
481 6.25
482 6.26
483 6.18
484 6.66
485 5.72
486 6.6
487 6.12
488 6.12
489 6.51
490 6
491 6.47
492 5.88
493 6.04
494 5.77
495 6.11
496 5.93
497 6.06
498 6.51
499 5.96
500 6.26
501 6.27
502 6.1
503 6.44
504 6.32
505 6.39
506 5.72
507 5.9
508 6
509 6.2
510 6.3
511 5.78
512 6.08
513 5.85
514 6.08
515 5.46
516 6.08
517 6.27
518 6.27
519 6.6
520 5.88
521 6.05
522 6
523 6.89
524 6.38
525 5.55
526 6.64
527 6.38
528 5.69
529 6.3
530 6.41
531 6.42
532 6.34
533 6.43
534 6.02
535 6.66
536 6.42
537 5.98
538 5.63
539 5.72
540 6.62
541 6.2
542 6.47
543 6.11
544 6.47
545 6.52
546 6.47
547 6.53
548 6.3
549 5.58
550 6.02
551 6.08
552 5.63
553 6.01
554 6.16
555 6.22
556 5.94
557 6.22
558 6.43
559 5.69
560 6.14
561 6.08
562 5.82
563 6.28
564 5.98
565 6.01
566 6.48
567 5.97
568 6.36
569 5.75
570 5.6
571 6.1
572 5.88
573 5.64
574 6.14
575 5.97
576 6.71
577 6.4
578 5.63
579 6.19
580 5.96
581 6.18
582 6.6
583 5.91
584 6.08
585 5.95
586 6
587 6.36
588 5.87
589 5.95
590 5.91
591 6.29
592 6.17
593 5.98
594 5.94
595 5.9
596 6.15
597 6.31
598 5.94
599 5.81
600 6.46
601 5.81
602 6.05
603 5.76
604 5.65
605 6.41
606 6.12
607 6.01
608 5.62
609 5.69
610 5.86
611 5.76
612 6.42
613 5.84
614 6.34
615 5.61
616 6.27
617 5.62
618 5.86
619 5.97
620 6.3
621 5.63
622 5.62
623 6.57
624 5.73
625 6.05
626 5.92
627 5.94
628 5.89
629 6.19
630 5.77
631 5.69
632 5.93
633 5.64
634 5.84
635 5.54
636 5.41
637 6.13
638 5.87
639 5.99
640 6.06
641 5.9
642 5.12
643 6.25
644 5.67
645 5.79
646 5.61
647 6.05
648 6.23
649 5.65
650 5.96
651 5.83
652 6.5
653 5.8
654 6.7
655 5.5
656 6.01
657 5.71
658 5.74
659 5.55
660 6.04
661 6.27
662 5.89
663 6.03
664 5.78
665 6.42
666 6.04
667 6.09
668 5.92
669 6.07
670 5.44
671 5.68
672 5.75
673 6.24
674 5.96
675 5.7
676 6.29
677 5.83
678 5.38
679 5.4
680 5.52
681 6
682 5.75
683 5.66
684 5.54
685 5.95
686 5.43
687 6.11
688 5.67
689 5.31
690 6.26
691 5.61
692 5.62
693 5.77
694 5.93
695 6.04
696 5.77
697 5.95
698 6.17
699 5.55
700 5.26
701 5.46
702 6.35
703 5.49
704 5.35
705 5.58
706 5.78
707 5.72
708 5.58
709 5.52
710 5.27
711 5.73
712 5.88
713 5.68
714 5.9
715 5.24
716 5.91
717 5.89
718 5.88
719 5.34
720 5.52
721 5.78
722 5.69
723 5.46
724 6.04
725 5.55
726 5.96
727 6.04
728 5.69
729 5.46
730 5.42
731 5.75
732 5.89
733 5.65
734 5.44
735 5.74
736 5.57
737 5.46
738 5.72
739 5.58
740 5.94
741 5.73
742 5.63
743 5.65
744 5.84
745 5.52
746 5.98
747 6.26
748 5.31
749 5.99
750 5.64
751 5.8
752 5.83
753 6.13
754 5.56
755 5.56
756 6.08
757 5.62
758 5.7
759 5.62
760 5.74
761 6.04
762 5.96
763 5.75
764 5.4
765 5.63
766 5.74
767 5.23
768 6.19
769 5.36
770 6.09
771 5.52
772 5.5
773 6
774 5.42
775 5.85
776 5.67
777 5.86
778 5.81
779 5.35
780 5.9
781 5.62
782 5.78
783 6.18
784 5.57
785 5.58
786 5.57
787 5.92
788 5.59
789 5.58
790 5.46
791 6.07
792 5.6
793 5.91
794 5.34
795 5.76
796 5.28
797 5.62
798 5.7
799 5.74
800 5.91
801 4.91
802 5.19
803 5.89
804 5.41
805 5.64
806 5.78
807 6.05
808 5.45
809 5.49
810 5.21
811 5.91
812 5.67
813 5.13
814 5.59
815 5.41
816 5.73
817 5.91
818 5.65
819 5.41
820 5.09
821 5.53
822 5.36
823 5.88
824 5.68
825 5.6
826 5.9
827 5.62
828 5.83
829 5.62
830 5.29
831 5.64
832 5.39
833 5.41
834 5.41
835 5.42
836 5.69
837 5.74
838 5.25
839 5.25
840 5.89
841 5.29
842 5.31
843 5.87
844 5.62
845 5.62
846 5.54
847 5.7
848 5.58
849 5.63
850 5.33
851 5.27
852 5.25
853 5.43
854 5.56
855 5.59
856 5.76
857 5.51
858 5.64
859 5.73
860 5.23
861 5.57
862 5.51
863 5.5
864 5.52
865 5.32
866 5.84
867 5.07
868 5.36
869 5.54
870 5.45
871 5.82
872 5.21
873 5.7
874 5.59
875 5.23
876 5.25
877 5.48
878 5.41
879 5.34
880 5.2
881 5.36
882 5.18
883 5.74
884 5.81
885 5.8
886 5.73
887 5.61
888 5.31
889 5.43
890 5.15
891 5.57
892 5.35
893 5.63
894 5.49
895 5.61
896 5.72
897 5.13
898 5.37
899 5.17
900 5.34
901 5.51
902 5.43
903 5.37
904 5.3
905 5.63
906 5.42
907 5.6
908 5.56
909 5.53
910 5.4
911 5.23
912 5.46
913 5.26
914 5.64
915 5.41
916 5.51
917 5.34
918 5.23
919 5.35
920 5.4
921 5.48
922 5.74
923 5.65
924 5.23
925 4.87
926 5.45
927 5.61
928 5.44
929 5.47
930 5
931 5.1
932 5.25
933 5.59
934 5.41
935 5.32
936 5.35
937 5.15
938 5.47
939 5.26
940 5.45
941 5.34
942 5.35
943 5.42
944 5.71
945 5.55
946 5.43
947 5.2
948 5.49
949 5.29
950 5.29
951 5.05
952 5.72
953 5.28
954 5.42
955 5.39
956 5.17
957 5.45
958 5.16
959 5.55
960 5.28
961 5.54
962 5.57
963 5.36
964 5.28
965 5.4
966 5.4
967 5.49
968 5.44
969 5.16
970 5.69
971 5.32
972 5.46
973 5.13
974 5.29
975 5.54
976 5.18
977 5.43
978 5.4
979 5.34
980 5.17
981 5.41
982 5.31
983 5.24
984 5.32
985 5.28
986 5.41
987 5.11
988 5.18
989 5.4
990 5.34
991 5.31
992 5.43
993 5.29
994 5.29
995 5.57
996 5.15
997 5.27
998 5.27
999 5.34
1000 5.23
