x y
0 0.0037743671525579388
1 0.0015288071816630334
2 0.002510145272874651
3 0.0012131528621871963
4 0.0031139694804778067
5 0.002188589123850781
6 0.0021245145902268198
7 0.0012407150611292075
8 0.0018119516555017159
9 0.00043351513858579875
10 0.0019569120870265885
11 0.001725282518431983
12 0.0011921142952596214
13 0.0015052995784633197
14 0.0024384657365242586
15 0.0019449210719413427
16 0.001542944914906551
17 0.001072543503765116
18 0.002780096832134809
19 0.001907360270529512
20 0.0023857074940774425
21 0.0010074994486494158
22 0.0031083911642771217
23 0.002559423355232503
24 0.0017552881564092781
25 0.0014371766188256113
26 0.0011479730872077398
27 0.001417682522910408
28 0.002283874855360476
29 0.0007383887682499655
30 0.002552184736143837
31 0.0016467741540022911
32 0.0012848032509785708
33 0.0017224033495749358
34 0.0016797127268013442
35 0.001365491755601397
36 0.0030538384563197885
37 0.001776350327271581
38 0.0028759095745879717
39 0.0009502945685830286
40 0.0016419055553327261
41 0.0022609175760039788
42 0.0017190032724427257
43 0.0017550711679849582
44 0.0016755915860695108
45 0.0023297191648760907
46 0.0023511826199526346
47 0.0021940078094753374
48 0.0030349885968936076
49 0.0013921403079744093
50 0.0016046203383316038
51 0.001851558343381643
52 0.0010833649771324085
53 0.0012377055115233406
54 0.0009990410502724284
55 0.0009234030251904511
56 0.0013422697562293017
57 0.001436162636889523
58 0.001590835866961067
59 0.0008019655128846621
60 0.001551614603974235
61 0.001537769086196519
62 0.0021442647793799086
63 0.0017780193794537725
64 0.0019126240431088838
65 0.0008430340253636928
66 0.002221511790041376
67 0.001518103680080866
68 0.0018244737083706426
69 0.0012686853704572236
70 0.0015613187028186595
71 0.0018810111913899357
72 0.001108765664828826
73 0.0009822098168504162
74 0.0015544787304835493
75 0.0009257226697619631
76 0.002302115479150715
77 0.0014857948724585112
78 0.002018782122299691
79 0.000891642124383834
80 0.001424785148573626
81 0.001251176054054714
82 0.001467447252515734
83 0.00108023636346976
84 0.0025655125813568744
85 0.0015297993662223678
86 0.001947073589582298
87 0.0010141391000462563
88 0.0021408190410172135
89 0.0013532154304295454
90 0.0014870849153212297
91 0.0017087263026122203
92 0.002190605394633398
93 0.001723878554400311
94 0.0026368515869065134
95 0.001726037454064539
96 0.0025878750056431868
97 0.0016435003894424353
98 0.0045219623559568075
99 0.0016294853888939012
100 0.0026412712019226086
101 0.0010214029473616989
102 0.0021259600441693657
103 0.001519044307720233
104 0.0019563086534771543
105 0.0020704063314413417
106 0.0010255344659672247
107 0.0012487166381023602
108 0.0018926601563606766
109 0.002277312903234104
110 0.0015867460337933518
111 0.001463937956539658
112 0.002270478087196588
113 0.0020704413968260153
114 0.0029782784171892636
115 0.0017694168196707618
116 0.001587756827685386
117 0.002813622742644205
118 0.0012953880266132604
119 0.002057105900464903
120 0.0033106759382824074
121 0.0025697638095475853
122 0.0013905786811768514
123 0.001802731445626921
124 0.0031307410611688207
125 0.0023321672733980373
126 0.0014575034079668807
127 0.002285031145049719
128 0.0016178672282673827
129 0.001191212401727483
130 0.0014653588214903908
131 0.0016838646866901704
132 0.0010241455580080974
133 0.0022616494942485177
134 0.0017811716733226182
135 0.0011518017271755665
136 0.001664611926884426
137 0.001714946032271138
138 0.0010017395934918366
139 0.001463483336530569
140 0.0017884989035838919
141 0.0016375548769142056
142 0.0028319405157523465
143 0.002109231882676657
144 0.00313842637461262
145 0.0010167455207199918
146 0.0023789510594578595
147 0.00169015595038718
148 0.002869820389445252
149 0.0005445048222789573
150 0.0019302514330164751
151 0.001985582700038777
152 0.001157158937135913
153 0.0016086315639415097
154 0.0017809254381904202
155 0.0014062995606335127
156 0.001524585300533581
157 0.0021629179989758702
158 0.0033499107497883735
159 0.0014052112598435483
160 0.0022146253864044094
161 0.001670453755943219
162 0.0014386033544567219
163 0.0014075786424389606
164 0.002301259593089631
165 0.0017514073408592711
166 0.001110052153035223
167 0.0012173837350317955
168 0.001692403882216307
169 0.0009671004935233909
170 0.0013106191731087871
171 0.0010628665112255796
172 0.0015707680031144034
173 0.0013995557307185378
174 0.0010707726892439093
175 0.002157059085052203
176 0.0014114183214063612
177 0.0017725366285212887
178 0.0014630790616721044
179 0.0014950188168278207
180 0.0016088090601747396
181 0.0021117632510836474
182 0.001847709226582188
183 0.0016036319954911382
184 0.00179455771559538
185 0.0014410746594396265
186 0.004511078548952444
187 0.002791878635115646
188 0.001235616524667409
189 0.0014427895103106749
190 0.0023181262668438194
191 0.0021575774626809074
192 0.0019094586358954471
193 0.0009318849446868047
194 0.004091533212036532
195 0.0017253166893975802
196 0.0013853436073115895
197 0.0012359289333395286
198 0.0017696158234684375
199 0.0019073280432791479
200 0.0011527546372068836
201 0.00147470539577528
202 0.0021786725401009583
203 0.0010572547297092365
204 0.0018777507483106002
205 0.0022943284534800773
206 0.002399150820660202
207 0.0018183487786008685
208 0.0016527233308686116
209 0.0017541428851724002
210 0.002537152420678609
211 0.0013130440366689938
212 0.0012556972148146802
213 0.0021334223562310367
214 0.002253752529033078
215 0.0014983822951995234
216 0.0018409256914071388
217 0.0016465830724646574
218 0.0007816592768668322
219 0.0013536136185409561
220 0.0012934985139792896
221 0.0019353180253561487
222 0.0008682601889519435
223 0.0007581295134697926
224 0.0009157494173159684
225 0.0010695162744689016
226 0.0015057434710729596
227 0.0009287127322757983
228 0.0011741939197988747
229 0.0014107119781233027
230 0.0016100440019059016
231 0.0012630954846392388
232 0.0012505700357917035
233 0.001307088006473482
234 0.0021640810072244302
235 0.001975971095951444
236 0.0008336875448479433
237 0.001631102669338041
238 0.0018924273160663408
239 0.001928306321332976
240 0.0015328198544682398
241 0.0013692223209956762
242 0.0028313796509236372
243 0.001369657845725217
244 0.001652154601169777
245 0.0012475862024616353
246 0.001448677280886552
247 0.0012660900212806807
248 0.0021947306214491987
249 0.001327647938658686
250 0.0010627531391859504
251 0.0011863091643227908
252 0.0020173080173473664
253 0.0019730036515476267
254 0.0017820337377146575
255 0.0008842443602741128
256 0.0021818458150320436
257 0.0022078456609583345
258 0.0017603046871907404
259 0.0009897974336731583
260 0.0024228886977785435
261 0.0027824531467474057
262 0.0011276550138765548
263 0.0006654552678599054
264 0.001681371943601274
265 0.0018724518334262863
266 0.002449819985924602
267 0.0010691597193004192
268 0.001067125386925475
269 0.0011160202665847913
270 0.0017363556518570895
271 0.0012397910828599403
272 0.00126501811082489
273 0.0011068235861580239
274 0.0010973112293900258
275 0.001214829859419475
276 0.0015187767584614043
277 0.0013738583636770851
278 0.0011980708413589739
279 0.002067397919599402
280 0.0010665460061278001
281 0.001002058506464627
282 0.0018950454832211893
283 0.0019230475680890437
284 0.0013058524216476312
285 0.0008029233467843701
286 0.0042986949739693
287 0.0018900691947955123
288 0.001601031206977863
289 0.0011365266916904565
290 0.003281885906614726
291 0.001708207789023701
292 0.001723490200145697
293 0.0015162213814433323
294 0.002610880714519544
295 0.0006439493938397903
296 0.0024716919023856335
297 0.0018383032924741067
298 0.0025518474648346923
299 0.0004018347598597171
300 0.0014132925302897288
301 0.0023913127740502285
302 0.0020554481240571323
303 0.001255390017260838
304 0.0025591052852417698
305 0.002641769521486782
306 0.004269344611265549
307 0.0015859848475705451
308 0.002396896234316094
309 0.0029840823821405496
310 0.002854967147558607
311 0.0017687691797875472
312 0.0026707564047948407
313 0.0028417692577682586
314 0.0028500306039302885
315 0.001953455611369449
316 0.0031185602387967626
317 0.001506573737489038
318 0.002066056635351364
319 0.0024741106552147573
320 0.0017736020230601217
321 0.0024771181737011628
322 0.0035452534896009105
323 0.0021168643700441503
324 0.0008729498015371221
325 0.0017358159644833317
326 0.0016251571656590072
327 0.002334287924673655
328 0.00140828638318169
329 0.001771789652725386
330 0.002362756805589546
331 0.0027959850184452266
332 0.001917997743923053
333 0.0022877493213285236
334 0.002317159654311633
335 0.002184462312129285
336 0.0018307046167544269
337 0.0026506831832589176
338 0.0013338554580366285
339 0.002709455467835319
340 0.001613970563858491
341 0.001372502396407017
342 0.0011083635949984837
343 0.002306222863534397
344 0.0017582225532668386
345 0.0020062762232045724
346 0.0015348260876968446
347 0.0028950802826060865
348 0.0025465916039318255
349 0.0021582514770256177
350 0.004123368415169464
351 0.0025774744636325887
352 0.0020360697754049206
353 0.0026607804576908724
354 0.002517622724107671
355 0.002955822039192486
356 0.0015905559348461512
357 0.0014620062638088735
358 0.0015510220004521613
359 0.00230752349657775
360 0.0008678350672642388
361 0.00156903853050468
362 0.001002219588228444
363 0.0020463806851396325
364 0.002030709184386436
365 0.001557416480252661
366 0.0011606647925868233
367 0.0022092594241746614
368 0.003640081959860959
369 0.0016071652312962396
370 0.0024935352273425617
371 0.0017506839334331722
372 0.002035564238316855
373 0.0023532697790718494
374 0.0019187636730772697
375 0.00168238671926913
376 0.00154734839202132
377 0.0032205506155590295
378 0.0016153673140588275
379 0.0024432544060918027
380 0.0019676258829454045
381 0.003473910115237446
382 0.0026419620448525126
383 0.0023249545544967616
384 0.002666028754707259
385 0.0023660754211628186
386 0.0029662078354471687
387 0.003251838039597962
388 0.0032365577203052795
389 0.0022827874351448426
390 0.0023232644878124595
391 0.0026074326436464315
392 0.003229224099388312
393 0.0022274262796618777
394 0.002071346391288767
395 0.002733342323967564
396 0.001571341335772486
397 0.00323992433029278
398 0.0019342505231089533
399 0.0033440034036268623
400 0.0021533151671183966
401 0.0037174850300915993
402 0.002234451222891824
403 0.004355888028737991
404 0.0022936600621778725
405 0.31309275897348166
406 0.6608509692663512
407 0.099131183515213
408 0.2602119132003213
409 0.14212738096397057
410 0.551974007980158
411 0.07900281483072721
412 0.13258043442206516
413 0.08582762117046919
414 0.19172050425551537
415 0.04323817183644171
416 0.06075839122703126
417 0.1441340124152088
418 0.2424657754233322
419 0.03756749877238949
420 0.06866928168531636
421 0.04011417683393033
422 0.0952671758958095
423 0.015922630248064843
424 0.027323862726634625
425 0.03271939315094032
426 0.09694274847357247
427 0.014752729534739039
428 0.028450018746879
429 0.4249914114076984
430 1.157564588860293
431 0.16193548348017647
432 0.44559235448853507
433 0.1222004070820923
434 0.22236781899778366
435 0.039345931373153634
436 0.09459893399156857
437 0.02391992094524107
438 0.04567264842211663
439 0.00811849945677768
440 0.014532302865218913
441 0.004930606079161923
442 0.006666012503802368
443 0.0028500563239095833
444 0.002901535739500424
445 0.0028233245357775077
446 0.002489358990128894
447 0.002522191569565219
448 0.0030520356698935176
449 0.0032230114993395073
450 0.0025034902720663848
451 0.004024855112614823
452 0.004119306840375077
453 0.0031538483343102846
454 0.005467342190967032
455 0.0032129510011326013
456 0.005695845565823607
457 0.003419454614417683
458 0.0032768160151971275
459 0.003029169922274075
460 0.007984650362116938
461 0.003644459225554065
462 0.005832128110582864
463 0.0019171369830528436
464 0.0037911448769521326
465 0.00568452414007777
466 0.0035026049014417154
467 0.002493719920717403
468 0.00447514259967193
469 0.003144102084360792
470 0.005899155519256773
471 0.0027281634181562154
472 0.004555717474266826
473 0.006308714398554736
474 0.005475899911369634
475 0.0030925723729285618
476 0.003933697058348974
477 0.0032011125420591036
478 0.004346748299076492
479 0.002008837778460763
480 0.006063956607791743
481 0.0031478955120961523
482 0.0043459085957548845
483 0.0013693740213230729
484 0.005145776886259712
485 0.0026835138467822687
486 0.004298642324368028
487 0.0015506695405055593
488 0.004787135872314944
489 0.0020996843905110476
490 0.002383389511531033
491 0.0016098921690450925
492 0.003361892617813694
493 0.004171747302096711
494 0.0029502795075057996
495 0.0017328649335012266
496 0.006910157295262542
497 0.0029639756972628445
498 0.0030285296335270783
499 0.0014885761505410153
500 0.005654912105864955
501 0.004835304890925055
502 0.004968430431737515
503 0.0018017825284753631
504 0.003797954181564099
505 0.0015885299205416936
506 0.005422675051987101
507 0.00196473646672633
508 0.005164031407351243
509 0.002202123325918123
510 0.005847730247090143
511 0.001637650272510832
512 0.0024948617105361157
513 0.0017397431007626718
514 0.002864403370023191
515 0.001307931081038901
516 0.0022908065446313303
517 0.0010257393583149622
518 0.0025216380540148678
519 0.001597258943319263
520 0.0021238594207398298
521 0.0015242345070798752
522 0.004678396806710836
523 0.0017352706459641072
524 0.0025293082811438917
525 0.0011719340706654493
526 0.0027331691958954567
527 0.0010177558102381144
528 0.002312005405999761
529 0.001610044988933331
530 0.003952645105630227
531 0.0013142952945539024
532 0.0022539341089540988
533 0.0007382318475932796
534 0.0014694144470757877
535 0.0014380737115946675
536 0.0016078161330269176
537 0.0009168270259424185
538 0.00260467853630963
539 0.0018134931713515085
540 0.0018009501638361087
541 0.0008245286186308822
542 0.003918082240046547
543 0.001924217654514585
544 0.0022366055642678187
545 0.0010746229146330146
546 0.004998236155330129
547 0.0022514766322761053
548 0.0044027353844275675
549 0.0016933603506970982
550 0.002392902321284373
551 0.0019263155375046854
552 0.0027460083355251375
553 0.0011778121431218471
554 0.0021924962051793977
555 0.0019812358773173126
556 0.0023072099149070643
557 0.0006366642333641138
558 0.001830999899888643
559 0.0017637234464551342
560 0.001159476237817667
561 0.001217674038171818
562 0.0014343614863625636
563 0.0013310875970520479
564 0.002552996850645547
565 0.0007039980605413533
566 0.002034881690092098
567 0.0010979559913233737
568 0.0023843711804407757
569 0.0010582777936881777
570 0.0018576958777851357
571 0.0015688325440280924
572 0.00234478942275169
573 0.0017227182026176753
574 0.004015211421024739
575 0.0015327978963341027
576 0.0033984454290835824
577 0.0019046640869341254
578 0.0032839067414354092
579 0.0015953886565195914
580 0.00256544578483177
581 0.0018771070195443141
582 0.0016464529127827813
583 0.0014576645000245886
584 0.002067757439080468
585 0.0011882536451844072
586 0.003007941004692417
587 0.0019239107148209032
588 0.0019920228392915056
589 0.001571206390858103
590 0.0037636330256485386
591 0.0029057331941157644
592 0.0014969774512511125
593 0.000932953639738248
594 0.004431424085897295
595 0.002604166795488846
596 0.001977214748449432
597 0.001194237958211391
598 0.0025646475011466404
599 0.0019329534937602827
