x y
0 0
1 0
2 0.07
3 0.08
4 0.13
5 0.15
6 0.23
7 0.19
8 0.26
9 0.21
10 0.24
11 0.26
12 0.35
13 0.3
14 0.26
15 0.37
16 0.33
17 0.47
18 0.39
19 0.36
20 0.33
21 0.42
22 0.51
23 0.48
24 0.56
25 0.49
26 0.56
27 0.51
28 0.57
29 0.57
30 0.59
31 0.56
32 0.6
33 0.58
34 0.69
35 0.68
36 0.57
37 0.7
38 0.62
39 0.72
40 0.65
41 0.68
42 0.78
43 0.63
44 0.74
45 0.77
46 0.7
47 0.74
48 0.79
49 0.74
50 0.73
51 0.78
52 0.71
53 0.83
54 0.8
55 0.8
56 0.82
57 0.85
58 0.84
59 0.74
60 0.81
61 0.84
62 0.86
63 0.82
64 0.78
65 0.88
66 0.86
67 0.82
68 0.84
69 0.89
70 0.91
71 0.92
72 0.84
73 0.83
74 0.88
75 0.88
76 0.89
77 0.91
78 0.89
79 0.91
80 0.87
81 0.89
82 0.88
83 0.92
84 0.9
85 0.86
86 0.92
87 0.86
88 0.88
89 0.87
90 0.91
91 0.93
92 0.88
93 0.9
94 0.9
95 0.92
96 0.97
97 0.93
98 0.88
99 0.94
100 0.91
101 0.91
102 0.95
103 0.95
104 0.91
105 0.98
106 0.96
107 0.93
108 0.94
109 0.9
110 0.9
111 0.94
112 0.92
113 0.94
114 0.95
115 0.93
116 0.99
117 0.87
118 1.0
119 0.98
120 0.93
121 0.96
122 0.93
123 0.93
124 0.96
125 0.93
126 0.93
127 0.97
128 0.96
129 0.93
130 0.97
131 0.97
132 0.92
133 0.96
134 0.95
135 0.94
136 0.95
137 0.96
138 0.95
139 0.97
140 0.94
141 0.91
142 0.98
143 0.98
144 0.95
145 0.93
146 0.95
147 0.96
148 0.99
149 0.95
150 0.97
151 0.98
152 0.97
153 0.95
154 0.93
155 0.95
156 0.98
157 0.92
158 0.97
159 0.97
160 0.98
161 0.95
162 0.96
163 0.97
164 0.96
165 0.98
166 0.95
167 0.96
168 0.99
169 0.98
170 0.96
171 1.0
172 0.98
173 0.97
174 0.98
175 0.98
176 0.97
177 0.97
178 0.97
179 0.95
180 0.96
181 0.96
182 0.96
183 0.99
184 0.98
185 0.98
186 0.98
187 0.96
188 1.0
189 0.99
190 0.99
191 0.95
192 0.98
193 0.97
194 0.96
195 0.98
196 0.98
197 0.98
198 0.97
199 0.99
200 0.94
201 0.98
202 0.99
203 0.97
204 0.96
205 1.0
206 0.98
207 0.99
208 0.98
209 1.0
210 0.98
211 0.97
212 0.98
213 0.99
214 0.98
215 0.98
216 0.98
217 1.0
218 0.99
219 0.98
220 0.98
221 1.0
222 0.97
223 0.99
224 0.98
225 0.99
226 0.98
227 0.99
228 0.97
229 0.99
230 0.98
231 0.99
232 1.0
233 1.0
234 0.99
235 0.99
236 0.98
237 0.97
238 0.97
239 1.0
240 0.98
241 0.99
242 0.99
243 0.99
244 0.99
245 1.0
246 1.0
247 0.99
248 0.99
249 0.98
250 0.99
251 0.97
252 0.98
253 1.0
254 0.99
255 0.98
256 0.99
257 0.99
258 0.98
259 0.99
260 1.0
261 0.97
262 0.99
263 1.0
264 0.98
265 1.0
266 0.97
267 0.98
268 0.97
269 0.98
270 0.96
271 1.0
272 1.0
273 0.99
274 0.99
275 1.0
276 1.0
277 1.0
278 1.0
279 0.99
280 1.0
281 0.99
282 1.0
283 1.0
284 0.98
285 1.0
286 0.99
287 0.99
288 1.0
289 0.99
290 1.0
291 1.0
292 1.0
293 1.0
294 0.99
295 1.0
296 0.99
297 0.97
298 0.99
299 0.99
300 1.0
301 0.98
302 0.98
303 0.99
304 0.98
305 0.99
306 1.0
307 1.0
308 1.0
309 0.99
310 1.0
311 1.0
312 0.99
313 1.0
314 1.0
315 1.0
316 0.99
317 1.0
318 1.0
319 1.0
320 1.0
321 0.99
322 1.0
323 0.99
324 1.0
325 0.98
326 0.98
327 0.99
328 0.98
329 1.0
330 1.0
331 0.98
332 1.0
333 1.0
334 1.0
335 1.0
336 1.0
337 1.0
338 1.0
339 1.0
340 1.0
341 0.99
342 0.99
343 1.0
344 1.0
345 1.0
346 0.99
347 1.0
348 1.0
349 1.0
350 0.99
351 1.0
352 0.99
353 1.0
354 0.99
355 0.99
356 1.0
357 1.0
358 1.0
359 1.0
360 0.99
361 1.0
362 1.0
363 1.0
364 1.0
365 1.0
366 1.0
367 1.0
368 1.0
369 1.0
370 0.98
371 1.0
372 0.99
373 0.99
374 0.99
375 0.98
376 0.99
377 1.0
378 1.0
379 1.0
380 1.0
381 1.0
382 0.99
383 1.0
384 1.0
385 1.0
386 0.99
387 1.0
388 1.0
389 1.0
390 1.0
391 1.0
392 1.0
393 1.0
394 1.0
395 1.0
396 0.99
397 1.0
398 1.0
399 1.0
400 1.0
401 1.0
402 1.0
403 1.0
404 1.0
405 1.0
406 0.99
407 1.0
408 1.0
409 1.0
410 1.0
411 0.99
412 1.0
413 1.0
414 0.99
415 1.0
416 1.0
417 1.0
418 1.0
419 1.0
420 1.0
421 1.0
422 0.99
423 0.98
424 1.0
425 1.0
426 1.0
427 0.99
428 1.0
429 1.0
430 1.0
431 1.0
432 1.0
433 1.0
434 1.0
435 1.0
436 1.0
437 1.0
438 1.0
439 0.99
440 1.0
441 1.0
442 1.0
443 1.0
444 1.0
445 0.99
446 0.99
447 1.0
448 1.0
449 1.0
450 1.0
451 1.0
452 1.0
453 1.0
454 1.0
455 1.0
456 0.99
457 1.0
458 1.0
459 0.99
460 1.0
461 1.0
462 1.0
463 1.0
464 1.0
465 1.0
466 1.0
467 1.0
468 1.0
469 1.0
470 1.0
471 1.0
472 1.0
473 0.99
474 1.0
475 1.0
476 1.0
477 1.0
478 1.0
479 1.0
480 1.0
481 1.0
482 1.0
483 1.0
484 1.0
485 1.0
486 1.0
487 1.0
488 1.0
489 1.0
490 1.0
491 1.0
492 0.99
493 1.0
494 1.0
495 1.0
496 1.0
497 1.0
498 1.0
499 1.0
500 1.0
501 1.0
502 1.0
503 0.99
504 1.0
505 1.0
506 0.99
507 1.0
508 1.0
509 1.0
510 1.0
511 1.0
512 1.0
513 1.0
514 1.0
515 1.0
516 1.0
517 1.0
518 1.0
519 1.0
520 1.0
521 1.0
522 1.0
523 1.0
524 1.0
525 1.0
526 1.0
527 1.0
528 1.0
529 1.0
530 1.0
531 1.0
532 1.0
533 1.0
534 1.0
535 1.0
536 1.0
537 1.0
538 1.0
539 1.0
540 0.99
541 1.0
542 1.0
543 1.0
544 1.0
545 1.0
546 1.0
547 1.0
548 1.0
549 1.0
550 1.0
551 1.0
552 1.0
553 1.0
554 1.0
555 1.0
556 1.0
557 1.0
558 1.0
559 1.0
560 1.0
561 1.0
562 1.0
563 0.99
564 1.0
565 1.0
566 1.0
567 1.0
568 1.0
569 1.0
570 1.0
571 1.0
572 1.0
573 1.0
574 1.0
575 1.0
576 1.0
577 1.0
578 1.0
579 1.0
580 1.0
581 1.0
582 1.0
583 1.0
584 1.0
585 1.0
586 1.0
587 1.0
588 1.0
589 1.0
590 1.0
591 1.0
592 1.0
593 1.0
594 1.0
595 1.0
596 1.0
597 1.0
598 1.0
599 1.0
600 1.0
601 1.0
602 1.0
603 1.0
604 1.0
605 1.0
606 1.0
607 1.0
608 1.0
609 1.0
610 1.0
611 1.0
612 1.0
613 1.0
614 1.0
615 1.0
616 1.0
617 1.0
618 1.0
619 1.0
620 1.0
621 1.0
622 1.0
623 1.0
624 1.0
625 1.0
626 1.0
627 1.0
628 1.0
629 1.0
630 1.0
631 1.0
632 1.0
633 1.0
634 1.0
635 1.0
636 1.0
637 1.0
638 1.0
639 1.0
640 1.0
641 1.0
642 1.0
643 1.0
644 1.0
645 1.0
646 0.99
647 1.0
648 1.0
649 1.0
650 1.0
651 1.0
652 1.0
653 1.0
654 1.0
655 1.0
656 1.0
657 1.0
658 1.0
659 1.0
660 1.0
661 1.0
662 1.0
663 1.0
664 1.0
665 1.0
666 1.0
667 1.0
668 1.0
669 1.0
670 1.0
671 1.0
672 1.0
673 1.0
674 1.0
675 1.0
676 1.0
677 1.0
678 1.0
679 1.0
680 1.0
681 1.0
682 1.0
683 1.0
684 1.0
685 1.0
686 1.0
687 1.0
688 1.0
689 1.0
690 1.0
691 1.0
692 1.0
693 1.0
694 1.0
695 1.0
696 1.0
697 1.0
698 1.0
699 1.0
700 1.0
701 1.0
702 1.0
703 1.0
704 1.0
705 1.0
706 1.0
707 1.0
708 1.0
709 1.0
710 1.0
711 1.0
712 1.0
713 1.0
714 1.0
715 1.0
716 1.0
717 1.0
718 1.0
719 1.0
720 1.0
721 1.0
722 1.0
723 1.0
724 1.0
725 1.0
726 1.0
727 1.0
728 1.0
729 1.0
730 1.0
731 1.0
732 1.0
733 1.0
734 1.0
735 1.0
736 1.0
737 1.0
738 1.0
739 1.0
740 1.0
741 1.0
742 1.0
743 1.0
744 1.0
745 1.0
746 1.0
747 1.0
748 1.0
749 1.0
750 1.0
751 1.0
752 1.0
753 1.0
754 1.0
755 1.0
756 1.0
757 1.0
758 1.0
759 1.0
760 1.0
761 1.0
762 1.0
763 1.0
764 1.0
765 1.0
766 1.0
767 1.0
768 1.0
769 1.0
770 1.0
771 1.0
772 1.0
773 1.0
774 1.0
775 1.0
776 1.0
777 1.0
778 1.0
779 1.0
780 1.0
781 1.0
782 1.0
783 1.0
784 1.0
785 1.0
786 1.0
787 1.0
788 1.0
789 1.0
790 1.0
791 1.0
792 1.0
793 1.0
794 1.0
795 1.0
796 1.0
797 1.0
798 1.0
799 1.0
800 1.0
801 1.0
802 1.0
803 1.0
804 1.0
805 1.0
806 1.0
807 1.0
808 1.0
809 1.0
810 1.0
811 1.0
812 1.0
813 1.0
814 1.0
815 1.0
816 1.0
817 1.0
818 1.0
819 1.0
820 1.0
821 1.0
822 1.0
823 1.0
824 1.0
825 1.0
826 1.0
827 1.0
828 1.0
829 1.0
830 1.0
831 1.0
832 1.0
833 1.0
834 1.0
835 1.0
836 1.0
837 1.0
838 1.0
839 1.0
840 1.0
841 1.0
842 1.0
843 1.0
844 1.0
845 1.0
846 1.0
847 1.0
848 1.0
849 1.0
850 1.0
851 1.0
852 1.0
853 1.0
854 1.0
855 1.0
856 1.0
857 1.0
858 1.0
859 1.0
860 1.0
861 1.0
862 1.0
863 1.0
864 1.0
865 1.0
866 1.0
867 1.0
868 1.0
869 1.0
870 1.0
871 1.0
872 1.0
873 1.0
874 1.0
875 1.0
876 1.0
877 1.0
878 1.0
879 1.0
880 1.0
881 1.0
882 1.0
883 1.0
884 1.0
885 1.0
886 1.0
887 1.0
888 1.0
889 1.0
890 1.0
891 1.0
892 1.0
893 1.0
894 1.0
895 1.0
896 1.0
897 1.0
898 1.0
899 1.0
900 1.0
901 1.0
902 1.0
903 1.0
904 1.0
905 1.0
906 1.0
907 1.0
908 1.0
909 1.0
910 1.0
911 1.0
912 1.0
913 1.0
914 1.0
915 1.0
916 1.0
917 1.0
918 1.0
919 1.0
920 1.0
921 1.0
922 1.0
923 1.0
924 1.0
925 1.0
926 1.0
927 1.0
928 1.0
929 1.0
930 1.0
931 1.0
932 1.0
933 1.0
934 1.0
935 1.0
936 1.0
937 1.0
938 1.0
939 1.0
940 1.0
941 1.0
942 1.0
943 1.0
944 1.0
945 1.0
946 1.0
947 1.0
948 1.0
949 1.0
950 1.0
951 1.0
952 1.0
953 1.0
954 1.0
955 1.0
956 1.0
957 1.0
958 1.0
959 1.0
960 1.0
961 1.0
962 1.0
963 1.0
964 1.0
965 1.0
966 1.0
967 1.0
968 1.0
969 1.0
970 1.0
971 1.0
972 1.0
973 1.0
974 1.0
975 1.0
976 1.0
977 1.0
978 1.0
979 1.0
980 1.0
981 1.0
982 1.0
983 1.0
984 1.0
985 1.0
986 1.0
987 1.0
988 1.0
989 1.0
990 1.0
991 1.0
992 1.0
993 1.0
994 1.0
995 1.0
996 1.0
997 1.0
998 1.0
999 1.0
1000 1.0
