x y
0 0.0263671875
1 -0.0908203125
2 -0.0703125
3 -0.017578125
4 -0.0224609375
5 -0.4052734375
6 -0.078125
7 -0.0087890625
8 -0.0341796875
9 -0.1494140625
10 -0.0634765625
11 0.0048828125
12 -0.0224609375
13 -0.130859375
14 -0.0078125
15 0.064453125
16 0.029296875
17 -0.0791015625
18 -0.0615234375
19 0.0126953125
20 -0.0146484375
21 -0.142578125
22 -0.017578125
23 0.0576171875
24 0.0263671875
25 -0.10546875
26 -0.0625
27 0.0068359375
28 -0.021484375
29 -0.134765625
30 -0.048828125
31 0.0224609375
32 -0.01171875
33 -0.1162109375
34 -0.0302734375
35 0.0361328125
36 0.0009765625
37 -0.119140625
38 0.0029296875
39 0.0712890625
40 0.0380859375
41 -0.0517578125
42 0.0595703125
43 0.1220703125
44 0.0771484375
45 0.015625
46 0.115234375
47 0.171875
48 0.1171875
49 0.021484375
50 0.0673828125
51 0.1142578125
52 0.060546875
53 -0.0673828125
54 0.041015625
55 0.1015625
56 0.060546875
57 -0.078125
58 -0.041015625
59 0.0234375
60 -0.0078125
61 -0.1259765625
62 -0.041015625
63 0.0244140625
64 -0.0068359375
65 -0.123046875
66 -0.0390625
67 0.0263671875
68 -0.0087890625
69 -0.1513671875
70 -0.025390625
71 0.0498046875
72 0.017578125
73 -0.0361328125
74 0.0732421875
75 0.138671875
76 0.083984375
77 -0.009765625
78 0.0400390625
79 0.0927734375
80 0.0400390625
81 -0.091796875
82 0.025390625
83 0.0908203125
84 0.048828125
85 -0.091796875
86 -0.0498046875
87 0.017578125
88 -0.013671875
89 -0.1318359375
90 -0.046875
91 0.0224609375
92 -0.0126953125
93 -0.1279296875
94 -0.04296875
95 0.0263671875
96 -0.0126953125
97 -0.154296875
98 -0.0263671875
99 0.048828125
100 0.0166015625
101 -0.041015625
102 0.0732421875
103 0.1357421875
104 0.0849609375
105 -0.0126953125
106 0.0390625
107 0.0947265625
108 0.0390625
109 -0.0927734375
110 0.0244140625
111 0.0908203125
112 0.0478515625
113 -0.091796875
114 -0.05078125
115 0.0185546875
116 -0.015625
117 -0.1328125
118 -0.0458984375
119 0.0244140625
120 -0.013671875
121 -0.1298828125
122 -0.041015625
123 0.0283203125
124 -0.01171875
125 -0.1591796875
126 -0.02734375
127 0.05078125
128 0.0146484375
129 -0.0439453125
130 0.0712890625
131 0.138671875
132 0.083984375
133 -0.0126953125
134 0.0390625
135 0.09375
136 0.0380859375
137 -0.095703125
138 0.0224609375
139 0.0908203125
140 0.0458984375
141 -0.0947265625
142 -0.052734375
143 0.0166015625
144 -0.01953125
145 -0.1337890625
146 -0.046875
147 0.0244140625
148 -0.013671875
149 -0.1328125
150 -0.04296875
151 0.025390625
152 -0.01171875
153 -0.15625
154 -0.0244140625
155 0.05078125
156 0.017578125
157 -0.0419921875
158 0.0732421875
159 0.1376953125
160 0.083984375
161 -0.0107421875
162 0.0380859375
163 0.09375
164 0.037109375
165 -0.0927734375
166 0.025390625
167 0.091796875
168 0.0458984375
169 -0.0927734375
170 -0.05078125
171 0.0166015625
172 -0.0166015625
173 -0.134765625
174 -0.046875
175 0.021484375
176 -0.0126953125
177 -0.1298828125
178 -0.04296875
179 0.0244140625
180 -0.0126953125
181 -0.1572265625
182 -0.0263671875
183 0.048828125
184 0.0126953125
185 -0.041015625
186 0.0703125
187 0.1376953125
188 0.08203125
189 -0.01171875
190 0.037109375
191 0.091796875
192 0.0380859375
193 -0.09375
194 0.0224609375
195 0.0859375
196 0.046875
197 -0.0947265625
198 -0.052734375
199 0.0146484375
200 -0.0166015625
201 -0.1337890625
202 -0.046875
203 0.0224609375
204 -0.0126953125
205 -0.1298828125
206 -0.0439453125
207 0.0234375
208 -0.013671875
209 -0.1552734375
210 -0.0283203125
211 0.0498046875
212 0.0166015625
213 -0.0419921875
214 0.0712890625
215 0.138671875
216 0.08203125
217 -0.013671875
218 0.0380859375
219 0.0927734375
220 0.037109375
221 -0.0947265625
222 0.0234375
223 0.0888671875
224 0.044921875
225 -0.09375
226 -0.052734375
227 0.015625
228 -0.01953125
229 -0.134765625
230 -0.046875
231 0.021484375
232 -0.015625
233 -0.130859375
234 -0.044921875
235 0.0234375
236 -0.013671875
237 -0.1572265625
238 -0.029296875
239 0.0439453125
240 0.013671875
241 -0.0419921875
242 0.0703125
243 0.1328125
244 0.0830078125
245 -0.013671875
246 0.0380859375
247 0.0888671875
248 0.0390625
249 -0.0947265625
250 0.0244140625
251 0.087890625
252 0.044921875
253 -0.09375
254 -0.0537109375
255 0.013671875
256 -0.0185546875
257 -0.1328125
258 -0.0478515625
259 0.021484375
260 -0.013671875
261 -0.126953125
262 -0.0419921875
263 0.0224609375
264 -0.01171875
265 -0.154296875
266 -0.0263671875
267 0.0458984375
268 0.0185546875
269 -0.0400390625
270 0.0732421875
271 0.134765625
272 0.083984375
273 -0.0107421875
274 0.0380859375
275 0.091796875
276 0.0380859375
277 -0.091796875
278 0.0234375
279 0.087890625
280 0.046875
281 -0.0908203125
282 -0.0517578125
283 0.0166015625
284 -0.015625
285 -0.1337890625
286 -0.046875
287 0.01953125
288 -0.013671875
289 -0.1279296875
290 -0.04296875
291 0.021484375
292 -0.01171875
293 -0.1552734375
294 -0.02734375
295 0.046875
296 0.017578125
297 -0.0400390625
298 0.072265625
299 0.1337890625
300 0.0830078125
301 -0.0107421875
302 0.0361328125
303 0.0888671875
304 0.0380859375
305 -0.0927734375
306 0.0224609375
307 0.0888671875
308 0.046875
309 -0.091796875
310 -0.0517578125
311 0.0126953125
312 -0.0166015625
313 -0.1328125
314 -0.046875
315 0.0205078125
316 -0.01171875
317 -0.1279296875
318 -0.04296875
319 0.021484375
320 -0.0126953125
321 -0.1552734375
322 -0.0283203125
323 0.046875
324 0.0146484375
325 -0.041015625
326 0.0703125
327 0.1337890625
328 0.0830078125
329 -0.009765625
330 0.03515625
331 0.087890625
332 0.0380859375
333 -0.091796875
334 0.0224609375
335 0.0849609375
336 0.046875
337 -0.091796875
338 -0.0517578125
339 0.0146484375
340 -0.015625
341 -0.1328125
342 -0.0478515625
343 0.01953125
344 -0.0126953125
345 -0.1298828125
346 -0.04296875
347 0.0244140625
348 -0.01171875
349 -0.158203125
350 -0.029296875
351 0.048828125
352 0.013671875
353 -0.0419921875
354 0.072265625
355 0.13671875
356 0.08203125
357 -0.0126953125
358 0.0380859375
359 0.0908203125
360 0.0380859375
361 -0.0966796875
362 0.0224609375
363 0.087890625
364 0.044921875
365 -0.09375
366 -0.0537109375
367 0.015625
368 -0.017578125
369 -0.1328125
370 -0.048828125
371 0.0224609375
372 -0.0146484375
373 -0.12890625
374 -0.0439453125
375 0.0224609375
376 -0.01171875
377 -0.1552734375
378 -0.0283203125
379 0.046875
380 0.0166015625
381 -0.041015625
382 0.0703125
383 0.134765625
384 0.0830078125
385 -0.01171875
386 0.0380859375
387 0.091796875
388 0.0380859375
389 -0.0927734375
390 0.021484375
391 0.087890625
392 0.0458984375
393 -0.0908203125
394 -0.052734375
395 0.017578125
396 -0.017578125
397 -0.1337890625
398 -0.046875
399 0.0224609375
400 -0.0126953125
401 -0.130859375
402 -0.0439453125
403 0.0205078125
404 -0.013671875
405 -0.1552734375
406 -0.0263671875
407 0.044921875
408 0.0166015625
409 -0.0390625
410 0.0703125
411 0.1328125
412 0.0830078125
413 -0.009765625
414 0.0361328125
415 0.0869140625
416 0.0380859375
417 -0.08984375
418 0.01953125
419 0.0830078125
420 0.046875
421 -0.08984375
422 -0.0546875
423 0.0087890625
424 -0.0166015625
425 -0.1318359375
426 -0.048828125
427 0.015625
428 -0.0146484375
429 -0.126953125
430 -0.044921875
431 0.0166015625
432 -0.0107421875
433 -0.1533203125
434 -0.029296875
435 0.04296875
436 0.0166015625
437 -0.037109375
438 0.0693359375
439 0.1318359375
440 0.083984375
441 -0.0087890625
442 0.0361328125
443 0.0888671875
444 0.0380859375
445 -0.0908203125
446 0.0205078125
447 0.0830078125
448 0.046875
449 -0.09375
450 -0.0537109375
451 0.0107421875
452 -0.017578125
453 -0.130859375
454 -0.0478515625
455 0.0185546875
456 -0.0126953125
457 -0.126953125
458 -0.044921875
459 0.0205078125
460 -0.0107421875
461 -0.154296875
462 -0.029296875
463 0.0439453125
464 0.015625
465 -0.0380859375
466 0.0703125
467 0.1318359375
468 0.083984375
469 -0.01171875
470 0.03515625
471 0.0859375
472 0.0380859375
473 -0.0947265625
474 0.0205078125
475 0.0830078125
476 0.0458984375
477 -0.09375
478 -0.0537109375
479 0.0126953125
480 -0.0185546875
481 -0.1328125
482 -0.0478515625
483 0.01953125
484 -0.013671875
485 -0.1259765625
486 -0.044921875
487 0.021484375
488 -0.0126953125
489 -0.150390625
490 -0.025390625
491 0.044921875
492 0.017578125
493 -0.0361328125
494 0.0712890625
495 0.1298828125
496 0.0849609375
497 -0.0087890625
498 0.0390625
499 0.087890625
500 0.0390625
501 -0.087890625
502 0.0234375
503 0.0869140625
504 0.0478515625
505 -0.0869140625
506 -0.0498046875
507 0.0146484375
508 -0.0146484375
509 -0.1279296875
510 -0.046875
511 0.0185546875
512 -0.0126953125
513 -0.1259765625
514 -0.0439453125
515 0.0205078125
516 -0.0107421875
517 -0.154296875
518 -0.0283203125
519 0.044921875
520 0.0166015625
521 -0.041015625
522 0.0693359375
523 0.1318359375
524 0.0830078125
525 -0.0107421875
526 0.0341796875
527 0.0869140625
528 0.037109375
529 -0.091796875
530 0.021484375
531 0.0859375
532 0.046875
533 -0.0908203125
534 -0.052734375
535 0.013671875
536 -0.0166015625
537 -0.1318359375
538 -0.0478515625
539 0.0205078125
540 -0.013671875
541 -0.1279296875
542 -0.04296875
543 0.021484375
544 -0.01171875
545 -0.1552734375
546 -0.025390625
547 0.0458984375
548 0.015625
549 -0.0400390625
550 0.0712890625
551 0.1337890625
552 0.083984375
553 -0.009765625
554 0.03515625
555 0.0908203125
556 0.0380859375
557 -0.0908203125
558 0.0224609375
559 0.0869140625
560 0.0458984375
561 -0.091796875
562 -0.052734375
563 0.013671875
564 -0.0166015625
565 -0.1318359375
566 -0.0478515625
567 0.01953125
568 -0.0126953125
569 -0.1298828125
570 -0.0439453125
571 0.021484375
572 -0.013671875
573 -0.158203125
574 -0.03125
575 0.046875
576 0.0126953125
577 -0.041015625
578 0.0703125
579 0.1357421875
580 0.08203125
581 -0.013671875
582 0.037109375
583 0.08984375
584 0.0361328125
585 -0.0966796875
586 0.021484375
587 0.087890625
588 0.044921875
589 -0.09375
590 -0.0517578125
591 0.0126953125
592 -0.0185546875
593 -0.1337890625
594 -0.0478515625
595 0.0205078125
596 -0.0146484375
597 -0.1279296875
598 -0.0439453125
599 0.021484375
600 -0.013671875
601 -0.154296875
602 -0.0283203125
603 0.0478515625
604 0.0166015625
605 -0.0390625
606 0.0703125
607 0.1337890625
608 0.083984375
609 -0.0126953125
610 0.037109375
611 0.08984375
612 0.0390625
613 -0.091796875
614 0.0224609375
615 0.0849609375
616 0.046875
617 -0.0908203125
618 -0.0537109375
619 0.013671875
620 -0.017578125
621 -0.130859375
622 -0.0498046875
623 0.017578125
624 -0.013671875
625 -0.1259765625
626 -0.0458984375
627 0.01953125
628 -0.0107421875
629 -0.1552734375
630 -0.029296875
631 0.044921875
632 0.0166015625
633 -0.0390625
634 0.0712890625
635 0.1318359375
636 0.0830078125
637 -0.0126953125
638 0.0361328125
639 0.0888671875
640 0.0380859375
641 -0.09375
642 0.021484375
643 0.0869140625
644 0.0439453125
645 -0.0927734375
646 -0.0537109375
647 0.0126953125
648 -0.017578125
649 -0.1318359375
650 -0.0478515625
651 0.021484375
652 -0.013671875
653 -0.1279296875
654 -0.0439453125
655 0.0205078125
656 -0.0107421875
657 -0.15625
658 -0.02734375
659 0.0439453125
660 0.0166015625
661 -0.041015625
662 0.0693359375
663 0.1328125
664 0.0830078125
665 -0.01171875
666 0.03515625
667 0.08984375
668 0.0361328125
669 -0.091796875
670 0.0205078125
671 0.0869140625
672 0.0439453125
673 -0.0927734375
674 -0.0537109375
675 0.0146484375
676 -0.0166015625
677 -0.1337890625
678 -0.048828125
679 0.0185546875
680 -0.013671875
681 -0.1298828125
682 -0.04296875
683 0.0234375
684 -0.0126953125
685 -0.1572265625
686 -0.0302734375
687 0.046875
688 0.013671875
689 -0.041015625
690 0.0703125
691 0.134765625
692 0.0830078125
693 -0.01171875
694 0.037109375
695 0.0908203125
696 0.037109375
697 -0.0947265625
698 0.021484375
699 0.0859375
700 0.044921875
701 -0.09375
702 -0.052734375
703 0.015625
704 -0.0185546875
705 -0.134765625
706 -0.0478515625
707 0.01953125
708 -0.013671875
709 -0.1298828125
710 -0.044921875
711 0.0234375
712 -0.013671875
713 -0.1572265625
714 -0.029296875
715 0.046875
716 0.0146484375
717 -0.0419921875
718 0.0712890625
719 0.134765625
720 0.0830078125
721 -0.0126953125
722 0.037109375
723 0.091796875
724 0.0380859375
725 -0.0947265625
726 0.0224609375
727 0.0888671875
728 0.0458984375
729 -0.091796875
730 -0.048828125
731 0.0185546875
732 -0.0166015625
733 -0.130859375
734 -0.046875
735 0.021484375
736 -0.0146484375
737 -0.12890625
738 -0.04296875
739 0.0224609375
740 -0.013671875
741 -0.15625
742 -0.0283203125
743 0.0478515625
744 0.0146484375
745 -0.0390625
746 0.0693359375
747 0.1337890625
748 0.083984375
749 -0.01171875
750 0.037109375
751 0.0908203125
752 0.037109375
753 -0.0947265625
754 0.0224609375
755 0.08984375
756 0.046875
757 -0.091796875
758 -0.0517578125
759 0.0185546875
760 -0.0185546875
761 -0.134765625
762 -0.0478515625
763 0.025390625
764 -0.0146484375
765 -0.130859375
766 -0.0439453125
767 0.0283203125
768 -0.013671875
769 -0.1611328125
770 -0.0283203125
771 0.048828125
772 0.015625
773 -0.0439453125
774 0.0712890625
775 0.13671875
776 0.08203125
777 -0.0146484375
778 0.0390625
779 0.09375
780 0.037109375
781 -0.095703125
782 0.0224609375
783 0.0908203125
784 0.044921875
785 -0.091796875
786 -0.05078125
787 0.0205078125
788 -0.017578125
789 -0.1337890625
790 -0.046875
791 0.0234375
792 -0.0146484375
793 -0.1318359375
794 -0.0419921875
795 0.0263671875
796 -0.0126953125
797 -0.16015625
798 -0.02734375
799 0.0458984375
800 0.0146484375
801 -0.044921875
802 0.0703125
803 0.1376953125
804 0.08203125
805 -0.013671875
806 0.0361328125
807 0.0927734375
808 0.0361328125
809 -0.0986328125
810 0.01953125
811 0.087890625
812 0.04296875
813 -0.0947265625
814 -0.0537109375
815 0.0166015625
816 -0.01953125
817 -0.1357421875
818 -0.0458984375
819 0.0224609375
820 -0.0146484375
821 -0.1298828125
822 -0.04296875
823 0.025390625
824 -0.01171875
825 -0.158203125
826 -0.02734375
827 0.05078125
828 0.015625
829 -0.0419921875
830 0.0712890625
831 0.1357421875
832 0.083984375
833 -0.0126953125
834 0.037109375
835 0.09375
836 0.0380859375
837 -0.0947265625
838 0.0224609375
839 0.08984375
840 0.0458984375
841 -0.091796875
842 -0.05078125
843 0.0185546875
844 -0.017578125
845 -0.1318359375
846 -0.046875
847 0.021484375
848 -0.013671875
849 -0.1279296875
850 -0.0439453125
851 0.0234375
852 -0.0126953125
853 -0.1572265625
854 -0.0283203125
855 0.048828125
856 0.0146484375
857 -0.04296875
858 0.0712890625
859 0.13671875
860 0.0810546875
861 -0.013671875
862 0.0361328125
863 0.0908203125
864 0.0380859375
865 -0.0966796875
866 0.021484375
867 0.0888671875
868 0.044921875
869 -0.09375
870 -0.05078125
871 0.017578125
872 -0.0185546875
873 -0.1337890625
874 -0.0478515625
875 0.0234375
876 -0.013671875
877 -0.12890625
878 -0.0439453125
879 0.0234375
880 -0.0126953125
881 -0.1572265625
882 -0.0283203125
883 0.0458984375
884 0.0146484375
885 -0.0439453125
886 0.072265625
887 0.134765625
888 0.0830078125
889 -0.013671875
890 0.0380859375
891 0.09375
892 0.0380859375
893 -0.0966796875
894 0.0234375
895 0.08984375
896 0.044921875
897 -0.091796875
898 -0.0517578125
899 0.017578125
900 -0.017578125
901 -0.134765625
902 -0.046875
903 0.0234375
904 -0.0146484375
905 -0.1328125
906 -0.044921875
907 0.0234375
908 -0.0126953125
909 -0.158203125
910 -0.0302734375
911 0.046875
912 0.013671875
913 -0.0439453125
914 0.0703125
915 0.13671875
916 0.08203125
917 -0.013671875
918 0.037109375
919 0.0908203125
920 0.0361328125
921 -0.095703125
922 0.01953125
923 0.0888671875
924 0.044921875
925 -0.0947265625
926 -0.0537109375
927 0.013671875
928 -0.0185546875
929 -0.134765625
930 -0.0478515625
931 0.0205078125
932 -0.0146484375
933 -0.1298828125
934 -0.04296875
935 0.0234375
936 -0.01171875
937 -0.1572265625
938 -0.02734375
939 0.048828125
940 0.015625
941 -0.0400390625
942 0.072265625
943 0.134765625
944 0.083984375
945 -0.009765625
946 0.037109375
947 0.0927734375
948 0.0390625
949 -0.0908203125
950 0.0244140625
951 0.0888671875
952 0.0478515625
953 -0.09375
954 -0.052734375
955 0.015625
956 -0.017578125
957 -0.1337890625
958 -0.0478515625
959 0.0205078125
960 -0.0146484375
961 -0.1298828125
962 -0.0439453125
963 0.0224609375
964 -0.013671875
965 -0.1572265625
966 -0.029296875
967 0.0478515625
968 0.0146484375
969 -0.0419921875
970 0.0703125
971 0.13671875
972 0.0830078125
973 -0.01171875
974 0.0380859375
975 0.0908203125
976 0.0400390625
977 -0.09375
978 0.0234375
979 0.08984375
980 0.0458984375
981 -0.0927734375
982 -0.052734375
983 0.015625
984 -0.0185546875
985 -0.1337890625
986 -0.0478515625
987 0.0224609375
988 -0.0126953125
989 -0.126953125
990 -0.044921875
991 0.0205078125
992 -0.0126953125
993 -0.15234375
994 -0.029296875
995 0.04296875
996 0.015625
997 -0.0380859375
998 0.0712890625
999 0.130859375
1000 0.0849609375
1001 -0.0107421875
1002 0.0361328125
1003 0.0849609375
1004 0.0380859375
1005 -0.08984375
1006 0.0244140625
1007 0.0849609375
1008 0.0458984375
1009 -0.091796875
1010 -0.0537109375
1011 0.01171875
1012 -0.017578125
1013 -0.130859375
1014 -0.0478515625
1015 0.0166015625
1016 -0.0126953125
1017 -0.1259765625
1018 -0.0439453125
1019 0.0185546875
1020 -0.01171875
1021 -0.15625
1022 -0.029296875
1023 0.04296875
1024 0.015625
1025 -0.0400390625
1026 0.0703125
1027 0.130859375
1028 0.083984375
1029 -0.009765625
1030 0.037109375
1031 0.087890625
1032 0.0380859375
1033 -0.091796875
1034 0.021484375
1035 0.0869140625
1036 0.0458984375
1037 -0.0927734375
1038 -0.0556640625
1039 0.0126953125
1040 -0.017578125
1041 -0.1318359375
1042 -0.0478515625
1043 0.0166015625
1044 -0.0126953125
1045 -0.12890625
1046 -0.04296875
1047 0.01953125
1048 -0.0107421875
1049 -0.154296875
1050 -0.02734375
1051 0.044921875
1052 0.0166015625
1053 -0.0380859375
1054 0.0693359375
1055 0.1318359375
1056 0.083984375
1057 -0.0087890625
1058 0.0361328125
1059 0.087890625
1060 0.0400390625
1061 -0.0908203125
1062 0.021484375
1063 0.0849609375
1064 0.0478515625
1065 -0.091796875
1066 -0.0537109375
1067 0.013671875
1068 -0.017578125
1069 -0.1318359375
1070 -0.046875
1071 0.0185546875
1072 -0.01171875
1073 -0.126953125
1074 -0.04296875
1075 0.01953125
1076 -0.0107421875
1077 -0.154296875
1078 -0.0283203125
1079 0.0439453125
1080 0.015625
1081 -0.0380859375
1082 0.0703125
1083 0.1328125
1084 0.0830078125
1085 -0.0107421875
1086 0.037109375
1087 0.0908203125
1088 0.0400390625
1089 -0.091796875
1090 0.0224609375
1091 0.0859375
1092 0.0458984375
1093 -0.09375
1094 -0.0537109375
1095 0.009765625
1096 -0.0185546875
1097 -0.1337890625
1098 -0.0478515625
1099 0.015625
1100 -0.0146484375
1101 -0.126953125
1102 -0.0458984375
1103 0.017578125
1104 -0.0126953125
1105 -0.15234375
1106 -0.0302734375
1107 0.0439453125
1108 0.0166015625
1109 -0.0361328125
1110 0.0693359375
1111 0.12890625
1112 0.083984375
1113 -0.009765625
1114 0.037109375
1115 0.0859375
1116 0.0400390625
1117 -0.0908203125
1118 0.0224609375
1119 0.0849609375
1120 0.0458984375
1121 -0.09375
1122 -0.0556640625
1123 0.0126953125
1124 -0.01953125
1125 -0.130859375
1126 -0.0478515625
1127 0.017578125
1128 -0.013671875
1129 -0.126953125
1130 -0.0439453125
1131 0.0205078125
1132 -0.0126953125
1133 -0.1552734375
1134 -0.0302734375
1135 0.0439453125
1136 0.015625
1137 -0.0390625
1138 0.0712890625
1139 0.1328125
1140 0.083984375
1141 -0.0087890625
1142 0.037109375
1143 0.0869140625
1144 0.0390625
1145 -0.09375
1146 0.01953125
1147 0.083984375
1148 0.044921875
1149 -0.0927734375
1150 -0.0537109375
1151 0.01171875
1152 -0.017578125
1153 -0.1328125
1154 -0.046875
1155 0.01953125
1156 -0.013671875
1157 -0.126953125
1158 -0.0439453125
1159 0.0205078125
1160 -0.01171875
1161 -0.1552734375
1162 -0.0263671875
1163 0.048828125
1164 0.0166015625
1165 -0.0390625
1166 0.0712890625
1167 0.134765625
1168 0.0830078125
1169 -0.009765625
1170 0.0380859375
1171 0.091796875
1172 0.0390625
1173 -0.0908203125
1174 0.0224609375
1175 0.0888671875
1176 0.0458984375
1177 -0.0908203125
1178 -0.0517578125
1179 0.0166015625
1180 -0.0166015625
1181 -0.1318359375
1182 -0.0458984375
1183 0.0205078125
1184 -0.013671875
1185 -0.1279296875
1186 -0.0419921875
1187 0.0244140625
1188 -0.01171875
1189 -0.158203125
1190 -0.02734375
1191 0.0478515625
1192 0.0146484375
1193 -0.04296875
1194 0.0703125
1195 0.1357421875
1196 0.08203125
1197 -0.01171875
1198 0.037109375
1199 0.0927734375
1200 0.0380859375
1201 -0.095703125
1202 0.0224609375
1203 0.08984375
1204 0.044921875
1205 -0.09375
1206 -0.0498046875
1207 0.0166015625
1208 -0.0166015625
1209 -0.1337890625
1210 -0.044921875
1211 0.0234375
1212 -0.0126953125
1213 -0.1279296875
1214 -0.0439453125
1215 0.0224609375
1216 -0.0126953125
1217 -0.15625
1218 -0.029296875
1219 0.0478515625
1220 0.0146484375
1221 -0.041015625
1222 0.0712890625
1223 0.1337890625
1224 0.0830078125
1225 -0.0107421875
1226 0.03515625
1227 0.0888671875
1228 0.0390625
1229 -0.091796875
1230 0.0234375
1231 0.0859375
1232 0.046875
1233 -0.0908203125
1234 -0.0517578125
1235 0.013671875
1236 -0.0166015625
1237 -0.1328125
1238 -0.0478515625
1239 0.0185546875
1240 -0.013671875
1241 -0.12890625
1242 -0.0458984375
1243 0.0205078125
1244 -0.013671875
1245 -0.1591796875
1246 -0.03125
1247 0.046875
1248 0.013671875
1249 -0.0419921875
1250 0.0693359375
1251 0.1337890625
1252 0.0830078125
1253 -0.0126953125
1254 0.037109375
1255 0.0908203125
1256 0.037109375
1257 -0.0966796875
1258 0.0224609375
1259 0.08984375
1260 0.044921875
1261 -0.0947265625
1262 -0.052734375
1263 0.017578125
1264 -0.01953125
1265 -0.134765625
1266 -0.0478515625
1267 0.0224609375
1268 -0.0146484375
1269 -0.1298828125
1270 -0.04296875
1271 0.025390625
1272 -0.01171875
1273 -0.15625
1274 -0.0263671875
1275 0.048828125
1276 0.015625
1277 -0.041015625
1278 0.0712890625
1279 0.13671875
1280 0.083984375
1281 -0.0126953125
1282 0.0380859375
1283 0.0947265625
1284 0.0380859375
1285 -0.0947265625
1286 0.0224609375
1287 0.091796875
1288 0.044921875
1289 -0.095703125
1290 -0.0546875
1291 0.01953125
1292 -0.01953125
1293 -0.134765625
1294 -0.046875
1295 0.0234375
1296 -0.0146484375
1297 -0.1318359375
1298 -0.044921875
1299 0.0244140625
1300 -0.01171875
1301 -0.1591796875
1302 -0.02734375
1303 0.0498046875
1304 0.0166015625
1305 -0.0419921875
1306 0.072265625
1307 0.138671875
1308 0.0830078125
1309 -0.013671875
1310 0.0380859375
1311 0.09765625
1312 0.037109375
1313 -0.0986328125
1314 0.021484375
1315 0.0927734375
1316 0.044921875
1317 -0.095703125
1318 -0.052734375
1319 0.017578125
1320 -0.01953125
1321 -0.13671875
1322 -0.0458984375
1323 0.0244140625
1324 -0.013671875
1325 -0.1318359375
1326 -0.041015625
1327 0.0263671875
1328 -0.0126953125
1329 -0.158203125
1330 -0.0283203125
1331 0.0498046875
1332 0.0146484375
1333 -0.044921875
1334 0.0712890625
1335 0.1376953125
1336 0.08203125
1337 -0.0126953125
1338 0.037109375
1339 0.0966796875
1340 0.037109375
1341 -0.0966796875
1342 0.0224609375
1343 0.0888671875
1344 0.0458984375
1345 -0.0966796875
1346 -0.052734375
1347 0.017578125
1348 -0.017578125
1349 -0.1376953125
1350 -0.0478515625
1351 0.0234375
1352 -0.013671875
1353 -0.1318359375
1354 -0.0439453125
1355 0.0263671875
1356 -0.0146484375
1357 -0.16015625
1358 -0.0283203125
1359 0.0498046875
1360 0.0146484375
1361 -0.0439453125
1362 0.072265625
1363 0.138671875
1364 0.083984375
1365 -0.0146484375
1366 0.0380859375
1367 0.09375
1368 0.0380859375
1369 -0.099609375
1370 0.0224609375
1371 0.0908203125
1372 0.044921875
1373 -0.095703125
1374 -0.0517578125
1375 0.0185546875
1376 -0.0185546875
1377 -0.1357421875
1378 -0.046875
1379 0.0244140625
1380 -0.015625
1381 -0.130859375
1382 -0.04296875
1383 0.025390625
1384 -0.01171875
1385 -0.15625
1386 -0.02734375
1387 0.0498046875
1388 0.0146484375
1389 -0.0439453125
1390 0.072265625
1391 0.1376953125
1392 0.083984375
1393 -0.0107421875
1394 0.0390625
1395 0.09375
1396 0.0400390625
1397 -0.09375
1398 0.025390625
1399 0.0927734375
1400 0.046875
1401 -0.091796875
1402 -0.0498046875
1403 0.0205078125
1404 -0.0166015625
1405 -0.1318359375
1406 -0.044921875
1407 0.0244140625
1408 -0.013671875
1409 -0.1298828125
1410 -0.04296875
1411 0.0263671875
1412 -0.0126953125
1413 -0.1572265625
1414 -0.025390625
1415 0.048828125
1416 0.0166015625
1417 -0.041015625
1418 0.0732421875
1419 0.13671875
1420 0.0849609375
1421 -0.01171875
1422 0.0380859375
1423 0.091796875
1424 0.0380859375
1425 -0.0927734375
1426 0.0234375
1427 0.0888671875
1428 0.0458984375
1429 -0.0927734375
1430 -0.052734375
1431 0.0185546875
1432 -0.0185546875
1433 -0.1357421875
1434 -0.046875
1435 0.0224609375
1436 -0.013671875
1437 -0.1259765625
1438 -0.0419921875
1439 0.025390625
1440 -0.009765625
1441 -0.1298828125
1442 -0.0078125
1443 0.064453125
1444 0.029296875
1445 -0.080078125
1446 -0.03125
1447 0.033203125
1448 -0.005859375
1449 -0.1220703125
1450 -0.0419921875
1451 0.0283203125
1452 -0.0087890625
1453 -0.1298828125
1454 -0.044921875
1455 0.021484375
1456 -0.0126953125
1457 -0.1796875
1458 -0.0849609375
1459 -0.0146484375
1460 -0.0400390625
1461 -0.1982421875
1462 -0.0615234375
1463 0.021484375
1464 -0.001953125
1465 -0.078125
1466 0.0419921875
1467 0.1103515625
1468 0.064453125
1469 0.0029296875
1470 0.107421875
1471 0.1669921875
1472 0.1083984375
1473 0.0126953125
1474 0.056640625
1475 0.107421875
1476 0.052734375
1477 -0.06640625
1478 0.0439453125
1479 0.1064453125
1480 0.0615234375
1481 -0.0205078125
1482 0.0859375
1483 0.14453125
1484 0.0908203125
1485 -0.0107421875
1486 0.0322265625
1487 0.0869140625
1488 0.0361328125
1489 -0.0712890625
1490 0.037109375
1491 0.1015625
1492 0.0576171875
1493 -0.01171875
1494 0.091796875
1495 0.1494140625
1496 0.0947265625
1497 -0.0078125
1498 0.03125
1499 0.0888671875
1500 0.0361328125
1501 -0.064453125
1502 0.017578125
1503 0.072265625
1504 0.0205078125
1505 -0.1416015625
1506 -0.01953125
1507 0.0537109375
1508 0.017578125
1509 -0.1015625
1510 0.015625
1511 0.08203125
1512 0.0390625
1513 -0.10546875
1514 -0.0625
1515 0.0087890625
1516 -0.0263671875
1517 -0.14453125
1518 -0.017578125
1519 0.0546875
1520 0.01953125
1521 -0.0498046875
1522 0.0595703125
1523 0.1220703125
1524 0.072265625
1525 -0.0537109375
1526 -0.0166015625
1527 0.041015625
1528 0.005859375
1529 -0.10546875
1530 0.01171875
1531 0.0791015625
1532 0.0380859375
1533 -0.064453125
1534 -0.0166015625
1535 0.041015625
1536 0.0009765625
1537 -0.0888671875
1538 0.0244140625
1539 0.0908203125
1540 0.0478515625
1541 -0.00390625
1542 0.0986328125
1543 0.16015625
1544 0.1015625
1545 -0.0244140625
1546 0.076171875
1547 0.1328125
1548 0.080078125
1549 -0.0888671875
1550 -0.046875
1551 0.013671875
1552 -0.0205078125
1553 -0.1337890625
1554 -0.0458984375
1555 0.015625
1556 -0.0185546875
1557 -0.19140625
1558 -0.1142578125
1559 -0.0380859375
1560 -0.0595703125
1561 -0.1806640625
1562 -0.0498046875
1563 0.0283203125
1564 -0.0009765625
1565 -0.0986328125
1566 -0.048828125
1567 0.01953125
1568 -0.0166015625
1569 -0.119140625
1570 0.0009765625
1571 0.0693359375
1572 0.0322265625
1573 -0.03515625
1574 0.0751953125
1575 0.1337890625
1576 0.08203125
1577 -0.013671875
1578 0.02734375
1579 0.0830078125
1580 0.033203125
1581 -0.064453125
1582 0.01171875
1583 0.0693359375
1584 0.0185546875
1585 -0.140625
1586 -0.0205078125
1587 0.0517578125
1588 0.015625
1589 -0.1025390625
1590 0.013671875
1591 0.08203125
1592 0.0380859375
1593 -0.1083984375
1594 -0.060546875
1595 0.0087890625
1596 -0.025390625
1597 -0.1455078125
1598 -0.0205078125
1599 0.052734375
1600 0.01953125
1601 -0.068359375
1602 0.0458984375
1603 0.107421875
1604 0.060546875
1605 -0.060546875
1606 -0.0224609375
1607 0.0380859375
1608 0.0
1609 -0.107421875
1610 0.0078125
1611 0.078125
1612 0.0361328125
1613 -0.064453125
1614 -0.0166015625
1615 0.0419921875
1616 0.0009765625
1617 -0.1240234375
1618 -0.0029296875
1619 0.064453125
1620 0.0283203125
1621 -0.1005859375
1622 -0.0556640625
1623 0.0087890625
1624 -0.0234375
1625 -0.134765625
1626 -0.046875
1627 0.0205078125
1628 -0.0185546875
1629 -0.1904296875
1630 -0.11328125
1631 -0.0341796875
1632 -0.0576171875
1633 -0.1767578125
1634 -0.044921875
1635 0.03515625
1636 0.001953125
1637 -0.0927734375
1638 -0.044921875
1639 0.0244140625
1640 -0.0126953125
1641 -0.1162109375
1642 0.0048828125
1643 0.076171875
1644 0.03515625
1645 -0.029296875
1646 0.080078125
1647 0.1376953125
1648 0.0869140625
1649 -0.0107421875
1650 0.033203125
1651 0.0888671875
1652 0.0361328125
1653 -0.05859375
1654 0.0205078125
1655 0.0771484375
1656 0.025390625
1657 -0.05859375
1658 0.0517578125
1659 0.1162109375
1660 0.06640625
1661 0.0107421875
1662 0.11328125
1663 0.169921875
1664 0.1103515625
1665 0.0029296875
1666 0.1005859375
1667 0.1552734375
1668 0.099609375
1669 -0.0205078125
1670 0.0771484375
1671 0.1337890625
1672 0.0810546875
1673 -0.0615234375
1674 -0.0234375
1675 0.037109375
1676 -0.0048828125
1677 -0.1259765625
1678 -0.005859375
1679 0.0615234375
1680 0.0234375
1681 -0.048828125
1682 0.05859375
1683 0.1181640625
1684 0.0693359375
1685 -0.0576171875
1686 -0.0205078125
1687 0.03515625
1688 -0.0009765625
1689 -0.1103515625
1690 0.005859375
1691 0.068359375
1692 0.0322265625
1693 -0.0712890625
1694 -0.025390625
1695 0.0302734375
1696 -0.0087890625
1697 -0.0986328125
1698 0.0146484375
1699 0.0791015625
1700 0.0400390625
1701 -0.005859375
1702 0.09375
1703 0.1513671875
1704 0.09765625
1705 0.0419921875
1706 0.13671875
1707 0.1875
1708 0.125
1709 0.0634765625
1710 0.154296875
1711 0.2041015625
1712 0.138671875
1713 0.0185546875
1714 0.109375
1715 0.1591796875
1716 0.099609375
1717 -0.064453125
1718 -0.03125
1719 0.0244140625
1720 -0.0166015625
1721 -0.1298828125
1722 -0.0498046875
1723 0.0107421875
1724 -0.02734375
1725 -0.19921875
1726 -0.126953125
1727 -0.048828125
1728 -0.0732421875
1729 -0.1923828125
1730 -0.060546875
1731 0.0126953125
1732 -0.0166015625
1733 -0.1142578125
1734 -0.064453125
1735 0.0029296875
1736 -0.03125
1737 -0.1455078125
1738 -0.021484375
1739 0.0458984375
1740 0.0107421875
1741 -0.0673828125
1742 0.044921875
1743 0.1064453125
1744 0.0556640625
1745 -0.0439453125
1746 -0.0048828125
1747 0.0537109375
1748 0.0068359375
1749 -0.0869140625
1750 -0.005859375
1751 0.0517578125
1752 0.0029296875
1753 -0.0888671875
1754 0.0224609375
1755 0.087890625
1756 0.0419921875
1757 -0.0185546875
1758 0.0859375
1759 0.1435546875
1760 0.0869140625
1761 0.021484375
1762 0.12109375
1763 0.177734375
1764 0.111328125
1765 0.0458984375
1766 0.142578125
1767 0.1982421875
1768 0.125
1769 0.0146484375
1770 0.107421875
1771 0.162109375
1772 0.095703125
1773 -0.029296875
1774 0.0703125
1775 0.1240234375
1776 0.0654296875
1777 -0.0791015625
1778 -0.0400390625
1779 0.0205078125
1780 -0.0234375
1781 -0.1484375
1782 -0.0244140625
1783 0.0439453125
1784 0.00390625
1785 -0.072265625
1786 0.037109375
1787 0.1015625
1788 0.048828125
1789 -0.078125
1790 -0.0400390625
1791 0.01953125
1792 -0.0224609375
1793 -0.130859375
1794 -0.015625
1795 0.052734375
1796 0.0107421875
1797 -0.0927734375
1798 -0.044921875
1799 0.0126953125
1800 -0.0283203125
1801 -0.1201171875
1802 -0.0048828125
1803 0.0625
1804 0.01953125
1805 -0.0283203125
1806 0.0751953125
1807 0.1337890625
1808 0.078125
1809 0.0146484375
1810 0.111328125
1811 0.1669921875
1812 0.1025390625
1813 0.0390625
1814 0.1328125
1815 0.185546875
1816 0.1162109375
1817 -0.00390625
1818 0.0908203125
1819 0.1435546875
1820 0.080078125
1821 -0.087890625
1822 -0.0498046875
1823 0.009765625
1824 -0.03515625
1825 -0.150390625
1826 -0.0634765625
1827 -0.0009765625
1828 -0.0419921875
1829 -0.2177734375
1830 -0.1396484375
1831 -0.0625
1832 -0.0888671875
1833 -0.2109375
1834 -0.0771484375
1835 0.00390625
1836 -0.0302734375
1837 -0.1279296875
1838 -0.0791015625
1839 -0.0087890625
1840 -0.0439453125
1841 -0.1884765625
1842 -0.060546875
1843 0.017578125
1844 -0.017578125
1845 -0.1123046875
1846 0.0068359375
1847 0.0732421875
1848 0.0263671875
1849 -0.0751953125
1850 -0.029296875
1851 0.033203125
1852 -0.013671875
1853 -0.1103515625
1854 -0.0224609375
1855 0.0361328125
1856 -0.0126953125
1857 -0.1123046875
1858 0.0048828125
1859 0.0751953125
1860 0.0263671875
1861 -0.03515625
1862 0.0712890625
1863 0.134765625
1864 0.0712890625
1865 0.0029296875
1866 0.1064453125
1867 0.1630859375
1868 0.095703125
1869 0.029296875
1870 0.12890625
1871 0.1845703125
1872 0.1142578125
1873 0.00390625
1874 0.1005859375
1875 0.1552734375
1876 0.0888671875
1877 -0.03515625
1878 0.06640625
1879 0.1220703125
1880 0.060546875
1881 -0.078125
1882 -0.0390625
1883 0.0224609375
1884 -0.02734375
1885 -0.1494140625
1886 -0.0283203125
1887 0.0400390625
1888 -0.0029296875
1889 -0.080078125
1890 0.0322265625
1891 0.0927734375
1892 0.0400390625
1893 -0.087890625
1894 -0.0498046875
1895 0.009765625
1896 -0.029296875
1897 -0.1416015625
1898 -0.021484375
1899 0.0458984375
1900 0.0048828125
1901 -0.1025390625
1902 -0.052734375
1903 0.0068359375
1904 -0.0341796875
1905 -0.1279296875
1906 -0.0107421875
1907 0.0546875
1908 0.013671875
1909 -0.0341796875
1910 0.068359375
1911 0.1279296875
1912 0.0712890625
1913 0.0107421875
1914 0.107421875
1915 0.162109375
1916 0.09765625
1917 0.03515625
1918 0.1279296875
1919 0.1806640625
1920 0.1123046875
1921 -0.0078125
1922 0.0849609375
1923 0.1337890625
1924 0.07421875
1925 -0.0908203125
1926 -0.0546875
1927 0.0009765625
1928 -0.0380859375
1929 -0.1513671875
1930 -0.0703125
1931 -0.009765625
1932 -0.0478515625
1933 -0.21875
1934 -0.14453125
1935 -0.0693359375
1936 -0.0927734375
1937 -0.2109375
1938 -0.0810546875
1939 -0.005859375
1940 -0.0322265625
1941 -0.130859375
1942 -0.083984375
1943 -0.0185546875
1944 -0.0478515625
1945 -0.158203125
1946 -0.0380859375
1947 0.0322265625
1948 -0.005859375
1949 -0.078125
1950 0.03125
1951 0.0927734375
1952 0.041015625
1953 -0.052734375
1954 -0.013671875
1955 0.0439453125
1956 -0.00390625
1957 -0.0986328125
1958 -0.017578125
1959 0.03515625
1960 -0.009765625
1961 -0.10546875
1962 0.00390625
1963 0.06640625
1964 0.0263671875
1965 -0.0380859375
1966 0.064453125
1967 0.119140625
1968 0.0693359375
1969 -0.0029296875
1970 0.09375
1971 0.1494140625
1972 0.0869140625
1973 0.0244140625
1974 0.1201171875
1975 0.173828125
1976 0.1064453125
1977 -0.0009765625
1978 0.0947265625
1979 0.1474609375
1980 0.08203125
1981 -0.0390625
1982 0.05859375
1983 0.115234375
1984 0.0537109375
1985 -0.08984375
1986 -0.0498046875
1987 0.009765625
1988 -0.03515625
1989 -0.16015625
1990 -0.0380859375
1991 0.0322265625
1992 -0.0087890625
1993 -0.0986328125
1994 0.013671875
1995 0.080078125
1996 0.0283203125
1997 -0.095703125
1998 -0.0576171875
1999 0.0029296875
2000 -0.0361328125
2001 -0.1474609375
2002 -0.0302734375
2003 0.04296875
2004 -0.0029296875
2005 -0.10546875
2006 -0.0537109375
2007 0.005859375
2008 -0.0361328125
2009 -0.1826171875
2010 -0.0537109375
2011 0.0185546875
2012 -0.017578125
2013 -0.1455078125
2014 -0.0986328125
2015 -0.0302734375
2016 -0.064453125
2017 -0.1748046875
2018 -0.0849609375
2019 -0.0166015625
2020 -0.052734375
2021 -0.224609375
2022 -0.1455078125
2023 -0.0673828125
2024 -0.091796875
2025 -0.20703125
2026 -0.0771484375
2027 -0.001953125
2028 -0.0283203125
2029 -0.1259765625
2030 -0.0791015625
2031 -0.01171875
2032 -0.04296875
2033 -0.1962890625
2034 -0.06640625
2035 0.0078125
2036 -0.0185546875
2037 -0.1181640625
2038 -0.0009765625
2039 0.0634765625
2040 0.0224609375
2041 -0.0751953125
2042 -0.033203125
2043 0.029296875
2044 -0.0126953125
2045 -0.103515625
2046 -0.0234375
2047 0.033203125
2048 -0.009765625
2049 -0.103515625
2050 0.0078125
2051 0.072265625
2052 0.03125
2053 -0.0361328125
2054 0.06640625
2055 0.123046875
2056 0.07421875
2057 0.005859375
2058 0.103515625
2059 0.1552734375
2060 0.09765625
2061 0.0361328125
2062 0.1279296875
2063 0.1796875
2064 0.115234375
2065 0.0107421875
2066 0.1005859375
2067 0.150390625
2068 0.0908203125
2069 -0.0283203125
2070 0.064453125
2071 0.1171875
2072 0.064453125
2073 -0.0732421875
2074 -0.0390625
2075 0.0185546875
2076 -0.021484375
2077 -0.14453125
2078 -0.0263671875
2079 0.0400390625
2080 0.001953125
2081 -0.072265625
2082 0.033203125
2083 0.09375
2084 0.044921875
2085 -0.080078125
2086 -0.044921875
2087 0.013671875
2088 -0.025390625
2089 -0.1318359375
2090 -0.0205078125
2091 0.046875
2092 0.0078125
2093 -0.0966796875
2094 -0.0517578125
2095 0.0068359375
2096 -0.0302734375
2097 -0.125
2098 -0.01171875
2099 0.0546875
2100 0.0146484375
2101 -0.03125
2102 0.072265625
2103 0.1279296875
2104 0.07421875
2105 0.0078125
2106 0.103515625
2107 0.158203125
2108 0.095703125
2109 0.033203125
2110 0.126953125
2111 0.1796875
2112 0.1103515625
2113 -0.0068359375
2114 0.0849609375
2115 0.1357421875
2116 0.07421875
2117 -0.087890625
2118 -0.0546875
2119 0.0009765625
2120 -0.0390625
2121 -0.1513671875
2122 -0.0693359375
2123 -0.0078125
2124 -0.0458984375
2125 -0.21875
2126 -0.142578125
2127 -0.068359375
2128 -0.0888671875
2129 -0.2080078125
2130 -0.080078125
2131 -0.001953125
2132 -0.0322265625
2133 -0.12890625
2134 -0.0830078125
2135 -0.013671875
2136 -0.046875
2137 -0.1591796875
2138 -0.0390625
2139 0.033203125
2140 -0.00390625
2141 -0.0810546875
2142 0.029296875
2143 0.0908203125
2144 0.0419921875
2145 -0.0556640625
2146 -0.01171875
2147 0.04296875
2148 -0.00390625
2149 -0.099609375
2150 -0.017578125
2151 0.037109375
2152 -0.0107421875
2153 -0.1044921875
2154 0.0087890625
2155 0.0751953125
2156 0.025390625
2157 -0.0361328125
2158 0.068359375
2159 0.12890625
2160 0.068359375
2161 0.0009765625
2162 0.099609375
2163 0.15625
2164 0.091796875
2165 0.0283203125
2166 0.1240234375
2167 0.177734375
2168 0.109375
2169 0.0009765625
2170 0.095703125
2171 0.146484375
2172 0.083984375
2173 -0.0380859375
2174 0.0576171875
2175 0.109375
2176 0.0556640625
2177 -0.0888671875
2178 -0.0517578125
2179 0.0068359375
2180 -0.0341796875
2181 -0.15625
2182 -0.0390625
2183 0.0283203125
2184 -0.0078125
2185 -0.0947265625
2186 0.0126953125
2187 0.0732421875
2188 0.029296875
2189 -0.091796875
2190 -0.0546875
2191 0.0029296875
2192 -0.033203125
2193 -0.1416015625
2194 -0.0263671875
2195 0.0380859375
2196 0.0009765625
2197 -0.1005859375
2198 -0.052734375
2199 0.00390625
2200 -0.03515625
2201 -0.1748046875
2202 -0.0546875
2203 0.0166015625
2204 -0.017578125
2205 -0.1435546875
2206 -0.099609375
2207 -0.033203125
2208 -0.0615234375
2209 -0.1689453125
2210 -0.0849609375
2211 -0.0185546875
2212 -0.0517578125
2213 -0.2216796875
2214 -0.1455078125
2215 -0.0693359375
2216 -0.08984375
2217 -0.2080078125
2218 -0.076171875
2219 0.0
2220 -0.02734375
2221 -0.125
2222 -0.078125
2223 -0.01171875
2224 -0.04296875
2225 -0.1943359375
2226 -0.068359375
2227 0.0078125
2228 -0.0205078125
2229 -0.1171875
2230 -0.001953125
2231 0.0634765625
2232 0.0224609375
2233 -0.0732421875
2234 -0.033203125
2235 0.02734375
2236 -0.0126953125
2237 -0.1044921875
2238 -0.0224609375
2239 0.033203125
2240 -0.0087890625
2241 -0.1064453125
2242 0.0087890625
2243 0.0751953125
2244 0.03125
2245 -0.0380859375
2246 0.0673828125
2247 0.125
2248 0.0712890625
2249 0.00390625
2250 0.1015625
2251 0.1591796875
2252 0.0966796875
2253 0.03515625
2254 0.12890625
2255 0.18359375
2256 0.1162109375
2257 0.0078125
2258 0.1015625
2259 0.1513671875
2260 0.091796875
2261 -0.0283203125
2262 0.068359375
2263 0.1201171875
2264 0.06640625
2265 -0.0703125
2266 -0.033203125
2267 0.0244140625
2268 -0.0205078125
2269 -0.14453125
2270 -0.0263671875
2271 0.04296875
2272 0.0029296875
2273 -0.076171875
2274 0.0341796875
2275 0.09765625
2276 0.044921875
2277 -0.0849609375
2278 -0.0458984375
2279 0.015625
2280 -0.0283203125
2281 -0.1396484375
2282 -0.0205078125
2283 0.048828125
2284 0.005859375
2285 -0.099609375
2286 -0.0498046875
2287 0.0107421875
2288 -0.0322265625
2289 -0.1298828125
2290 -0.009765625
2291 0.0595703125
2292 0.013671875
2293 -0.0361328125
2294 0.0703125
2295 0.1328125
2296 0.072265625
2297 0.0048828125
2298 0.1044921875
2299 0.162109375
2300 0.09375
2301 0.033203125
2302 0.1279296875
2303 0.181640625
2304 0.111328125
2305 -0.009765625
2306 0.083984375
2307 0.134765625
2308 0.0751953125
2309 -0.091796875
2310 -0.0546875
2311 0.0009765625
2312 -0.037109375
2313 -0.1513671875
2314 -0.068359375
2315 -0.005859375
2316 -0.0458984375
2317 -0.2177734375
2318 -0.1435546875
2319 -0.0673828125
2320 -0.0927734375
2321 -0.2099609375
2322 -0.0791015625
2323 -0.001953125
2324 -0.0322265625
2325 -0.1298828125
2326 -0.08203125
2327 -0.015625
2328 -0.0478515625
2329 -0.1611328125
2330 -0.0390625
2331 0.0302734375
2332 -0.00390625
2333 -0.0830078125
2334 0.029296875
2335 0.091796875
2336 0.041015625
2337 -0.0546875
2338 -0.013671875
2339 0.044921875
2340 -0.0048828125
2341 -0.099609375
2342 -0.0185546875
2343 0.0390625
2344 -0.0107421875
2345 -0.10546875
2346 0.0068359375
2347 0.0751953125
2348 0.0263671875
2349 -0.0380859375
2350 0.068359375
2351 0.1259765625
2352 0.068359375
2353 -0.0009765625
2354 0.0986328125
2355 0.1552734375
2356 0.091796875
2357 0.0283203125
2358 0.1240234375
2359 0.1767578125
2360 0.1083984375
2361 0.0009765625
2362 0.09375
2363 0.146484375
2364 0.0830078125
2365 -0.037109375
2366 0.05859375
2367 0.1103515625
2368 0.0556640625
2369 -0.0849609375
2370 -0.0458984375
2371 0.0107421875
2372 -0.0322265625
2373 -0.1533203125
2374 -0.0341796875
2375 0.0302734375
2376 -0.0068359375
2377 -0.0830078125
2378 0.0263671875
2379 0.0859375
2380 0.03515625
2381 -0.083984375
2382 -0.0439453125
2383 0.0107421875
2384 -0.0283203125
2385 -0.1513671875
2386 -0.0322265625
2387 0.033203125
2388 -0.00390625
2389 -0.109375
2390 -0.0625
2391 -0.0029296875
2392 -0.0419921875
2393 -0.154296875
2394 -0.0361328125
2395 0.0341796875
2396 -0.00390625
2397 -0.052734375
2398 0.0576171875
2399 0.1162109375
2400 0.060546875
2401 0.0
2402 0.099609375
2403 0.1572265625
2404 0.08984375
2405 0.0263671875
2406 0.123046875
2407 0.1796875
2408 0.107421875
2409 -0.017578125
2410 0.080078125
2411 0.13671875
2412 0.0693359375
2413 -0.095703125
2414 -0.056640625
2415 0.0029296875
2416 -0.0439453125
2417 -0.162109375
2418 -0.0751953125
2419 -0.0087890625
2420 -0.0537109375
2421 -0.2392578125
2422 -0.1552734375
2423 -0.078125
2424 -0.1025390625
2425 -0.2548828125
2426 -0.1103515625
2427 -0.025390625
2428 -0.052734375
2429 -0.1337890625
2430 -0.013671875
2431 0.0546875
2432 0.0107421875
2433 -0.1240234375
2434 -0.0830078125
2435 -0.0146484375
2436 -0.0517578125
2437 -0.1728515625
2438 -0.0869140625
2439 -0.017578125
2440 -0.0537109375
2441 -0.1630859375
2442 -0.078125
2443 -0.009765625
2444 -0.0478515625
2445 -0.1689453125
2446 -0.04296875
2447 0.02734375
2448 -0.009765625
2449 -0.0986328125
2450 0.017578125
2451 0.0849609375
2452 0.033203125
2453 -0.0322265625
2454 0.0751953125
2455 0.1357421875
2456 0.072265625
2457 -0.0234375
2458 0.02734375
2459 0.0810546875
2460 0.0166015625
2461 -0.115234375
2462 0.0
2463 0.06640625
2464 0.017578125
2465 -0.12109375
2466 -0.080078125
2467 -0.0126953125
2468 -0.0498046875
2469 -0.1650390625
2470 -0.0791015625
2471 -0.0107421875
2472 -0.0478515625
2473 -0.1640625
2474 -0.0771484375
2475 -0.009765625
2476 -0.0458984375
2477 -0.1904296875
2478 -0.0615234375
2479 0.0146484375
2480 -0.017578125
2481 -0.07421875
2482 0.037109375
2483 0.1025390625
2484 0.048828125
2485 -0.04296875
2486 0.0048828125
2487 0.0595703125
2488 0.005859375
2489 -0.1259765625
2490 -0.0078125
2491 0.056640625
2492 0.0146484375
2493 -0.125
2494 -0.0830078125
2495 -0.0166015625
2496 -0.046875
2497 -0.1650390625
2498 -0.078125
2499 -0.0087890625
2500 -0.04296875
2501 -0.1572265625
2502 -0.072265625
2503 -0.0078125
2504 -0.041015625
2505 -0.1826171875
2506 -0.0556640625
2507 0.021484375
2508 -0.01171875
2509 -0.068359375
2510 0.0439453125
2511 0.107421875
2512 0.056640625
2513 -0.0380859375
2514 0.0126953125
2515 0.064453125
2516 0.0126953125
2517 -0.1171875
2518 0.0
2519 0.0625
2520 0.0224609375
2521 -0.1162109375
2522 -0.076171875
2523 -0.0078125
2524 -0.0419921875
2525 -0.1572265625
2526 -0.072265625
2527 -0.001953125
2528 -0.0380859375
2529 -0.1533203125
2530 -0.0673828125
2531 0.0
2532 -0.03515625
2533 -0.181640625
2534 -0.05078125
2535 0.0224609375
2536 -0.0068359375
2537 -0.064453125
2538 0.046875
2539 0.11328125
2540 0.060546875
2541 -0.03515625
2542 0.015625
2543 0.068359375
2544 0.015625
2545 -0.115234375
2546 0.0009765625
2547 0.06640625
2548 0.0263671875
2549 -0.115234375
2550 -0.07421875
2551 -0.005859375
2552 -0.0380859375
2553 -0.154296875
2554 -0.06640625
2555 0.0029296875
2556 -0.03515625
2557 -0.150390625
2558 -0.0634765625
2559 0.0029296875
2560 -0.0302734375
2561 -0.1748046875
2562 -0.044921875
2563 0.029296875
2564 -0.0029296875
2565 -0.05859375
2566 0.052734375
2567 0.1162109375
2568 0.064453125
2569 -0.029296875
2570 0.0205078125
2571 0.0732421875
2572 0.0205078125
2573 -0.109375
2574 0.0068359375
2575 0.0712890625
2576 0.029296875
2577 -0.1083984375
2578 -0.0693359375
2579 -0.0009765625
2580 -0.03515625
2581 -0.1513671875
2582 -0.064453125
2583 0.00390625
2584 -0.0302734375
2585 -0.1474609375
2586 -0.0595703125
2587 0.0048828125
2588 -0.0283203125
2589 -0.1728515625
2590 -0.0458984375
2591 0.03125
2592 -0.0009765625
2593 -0.0576171875
2594 0.0556640625
2595 0.119140625
2596 0.0673828125
2597 -0.02734375
2598 0.0224609375
2599 0.0791015625
2600 0.0224609375
2601 -0.1103515625
2602 0.0078125
2603 0.0751953125
2604 0.03125
2605 -0.1083984375
2606 -0.0654296875
2607 0.0
2608 -0.0322265625
2609 -0.1494140625
2610 -0.0595703125
2611 0.005859375
2612 -0.0263671875
2613 -0.142578125
2614 -0.0576171875
2615 0.009765625
2616 -0.0263671875
2617 -0.1689453125
2618 -0.041015625
2619 0.0361328125
2620 0.001953125
2621 -0.052734375
2622 0.0576171875
2623 0.1220703125
2624 0.0703125
2625 -0.0234375
2626 0.0244140625
2627 0.0771484375
2628 0.0263671875
2629 -0.1064453125
2630 0.01171875
2631 0.0751953125
2632 0.0361328125
2633 -0.1064453125
2634 -0.064453125
2635 0.001953125
2636 -0.03125
2637 -0.1435546875
2638 -0.060546875
2639 0.005859375
2640 -0.0244140625
2641 -0.140625
2642 -0.056640625
2643 0.0107421875
2644 -0.0244140625
2645 -0.169921875
2646 -0.0400390625
2647 0.03515625
2648 0.0048828125
2649 -0.052734375
2650 0.0595703125
2651 0.123046875
2652 0.072265625
2653 -0.0234375
2654 0.02734375
2655 0.080078125
2656 0.0263671875
2657 -0.1044921875
2658 0.013671875
2659 0.0771484375
2660 0.0361328125
2661 -0.1015625
2662 -0.0625
2663 0.00390625
2664 -0.02734375
2665 -0.142578125
2666 -0.0576171875
2667 0.0126953125
2668 -0.0224609375
2669 -0.1357421875
2670 -0.0517578125
2671 0.0126953125
2672 -0.0205078125
2673 -0.1650390625
2674 -0.037109375
2675 0.0380859375
2676 0.0068359375
2677 -0.0478515625
2678 0.060546875
2679 0.123046875
2680 0.076171875
2681 -0.0185546875
2682 0.02734375
2683 0.0771484375
2684 0.03125
2685 -0.09765625
2686 0.013671875
2687 0.078125
2688 0.0380859375
2689 -0.09765625
2690 -0.0595703125
2691 0.0068359375
2692 -0.0234375
2693 -0.140625
2694 -0.0537109375
2695 0.0107421875
2696 -0.0205078125
2697 -0.134765625
2698 -0.05078125
2699 0.0126953125
2700 -0.0185546875
2701 -0.162109375
2702 -0.03515625
2703 0.0361328125
2704 0.0087890625
2705 -0.046875
2706 0.0625
2707 0.1240234375
2708 0.0771484375
2709 -0.017578125
2710 0.0283203125
2711 0.080078125
2712 0.0302734375
2713 -0.09765625
2714 0.0146484375
2715 0.0791015625
2716 0.0390625
2717 -0.0986328125
2718 -0.060546875
2719 0.0078125
2720 -0.0244140625
2721 -0.138671875
2722 -0.0556640625
2723 0.013671875
2724 -0.01953125
2725 -0.134765625
2726 -0.05078125
2727 0.013671875
2728 -0.017578125
2729 -0.162109375
2730 -0.0361328125
2731 0.0380859375
2732 0.0068359375
2733 -0.044921875
2734 0.0625
2735 0.125
2736 0.0771484375
2737 -0.017578125
2738 0.0302734375
2739 0.080078125
2740 0.0322265625
2741 -0.09765625
2742 0.015625
2743 0.080078125
2744 0.0400390625
2745 -0.0966796875
2746 -0.0576171875
2747 0.0078125
2748 -0.0224609375
2749 -0.138671875
2750 -0.052734375
2751 0.0126953125
2752 -0.01953125
2753 -0.1337890625
2754 -0.05078125
2755 0.0146484375
2756 -0.017578125
2757 -0.162109375
2758 -0.03515625
2759 0.0390625
2760 0.009765625
2761 -0.044921875
2762 0.0634765625
2763 0.1279296875
2764 0.0771484375
2765 -0.017578125
2766 0.03125
2767 0.0849609375
2768 0.033203125
2769 -0.099609375
2770 0.0166015625
2771 0.08203125
2772 0.041015625
2773 -0.099609375
2774 -0.05859375
2775 0.0078125
2776 -0.0244140625
2777 -0.140625
2778 -0.0537109375
2779 0.015625
2780 -0.0185546875
2781 -0.1357421875
2782 -0.048828125
2783 0.0224609375
2784 -0.0166015625
2785 -0.1650390625
2786 -0.0341796875
2787 0.044921875
2788 0.009765625
2789 -0.0498046875
2790 0.0654296875
2791 0.1328125
2792 0.0791015625
2793 -0.017578125
2794 0.03515625
2795 0.091796875
2796 0.0322265625
2797 -0.1005859375
2798 0.0185546875
2799 0.087890625
2800 0.0390625
2801 -0.09765625
2802 -0.0556640625
2803 0.0166015625
2804 -0.0234375
2805 -0.1396484375
2806 -0.05078125
2807 0.021484375
2808 -0.0185546875
2809 -0.1357421875
2810 -0.046875
2811 0.021484375
2812 -0.017578125
2813 -0.1640625
2814 -0.0322265625
2815 0.0419921875
2816 0.0107421875
2817 -0.0478515625
2818 0.06640625
2819 0.1328125
2820 0.0791015625
2821 -0.0185546875
2822 0.0322265625
2823 0.0888671875
2824 0.0341796875
2825 -0.1025390625
2826 0.0166015625
2827 0.0859375
2828 0.0390625
2829 -0.099609375
2830 -0.0576171875
2831 0.0126953125
2832 -0.0234375
2833 -0.1396484375
2834 -0.0517578125
2835 0.0205078125
2836 -0.0185546875
2837 -0.1357421875
2838 -0.0458984375
2839 0.0224609375
2840 -0.017578125
2841 -0.1630859375
2842 -0.029296875
2843 0.0478515625
2844 0.01171875
2845 -0.046875
2846 0.068359375
2847 0.13671875
2848 0.080078125
2849 -0.0146484375
2850 0.0341796875
2851 0.0908203125
2852 0.0341796875
2853 -0.09765625
2854 0.0205078125
2855 0.0869140625
2856 0.0419921875
2857 -0.0966796875
2858 -0.0556640625
2859 0.0146484375
2860 -0.0205078125
2861 -0.1376953125
2862 -0.0498046875
2863 0.0185546875
2864 -0.0146484375
2865 -0.1337890625
2866 -0.0478515625
2867 0.0224609375
2868 -0.015625
2869 -0.162109375
2870 -0.03125
2871 0.046875
2872 0.0107421875
2873 -0.0478515625
2874 0.068359375
2875 0.134765625
2876 0.0791015625
2877 -0.0166015625
2878 0.0341796875
2879 0.0888671875
2880 0.03515625
2881 -0.1005859375
2882 0.0185546875
2883 0.083984375
2884 0.0419921875
2885 -0.0966796875
2886 -0.0537109375
2887 0.0107421875
2888 -0.0205078125
2889 -0.1357421875
2890 -0.048828125
2891 0.0205078125
2892 -0.017578125
2893 -0.130859375
2894 -0.0458984375
2895 0.021484375
2896 -0.0146484375
2897 -0.15625
2898 -0.0283203125
2899 0.046875
2900 0.015625
2901 -0.0439453125
2902 0.0693359375
2903 0.1328125
2904 0.08203125
2905 -0.013671875
2906 0.03515625
2907 0.08984375
2908 0.0361328125
2909 -0.0947265625
2910 0.0224609375
2911 0.0869140625
2912 0.044921875
2913 -0.09375
2914 -0.0517578125
2915 0.015625
2916 -0.0185546875
2917 -0.134765625
2918 -0.048828125
2919 0.0205078125
2920 -0.015625
2921 -0.130859375
2922 -0.0458984375
2923 0.021484375
2924 -0.015625
2925 -0.1591796875
2926 -0.02734375
2927 0.0458984375
2928 0.015625
2929 -0.04296875
2930 0.0693359375
2931 0.1328125
2932 0.0810546875
2933 -0.013671875
2934 0.037109375
2935 0.0908203125
2936 0.0361328125
2937 -0.0947265625
2938 0.021484375
2939 0.087890625
2940 0.0439453125
2941 -0.0947265625
2942 -0.0537109375
2943 0.0146484375
2944 -0.0185546875
2945 -0.1328125
2946 -0.048828125
2947 0.01953125
2948 -0.015625
2949 -0.1298828125
2950 -0.0439453125
2951 0.01953125
2952 -0.01171875
2953 -0.1552734375
2954 -0.029296875
2955 0.044921875
2956 0.0146484375
2957 -0.041015625
2958 0.0703125
2959 0.130859375
2960 0.0830078125
2961 -0.0126953125
2962 0.0341796875
2963 0.0888671875
2964 0.037109375
2965 -0.0947265625
2966 0.0205078125
2967 0.087890625
2968 0.044921875
2969 -0.0966796875
2970 -0.0546875
2971 0.015625
2972 -0.01953125
2973 -0.1357421875
2974 -0.048828125
2975 0.0205078125
2976 -0.015625
2977 -0.1328125
2978 -0.04296875
2979 0.0224609375
2980 -0.0146484375
2981 -0.1591796875
2982 -0.0283203125
2983 0.0478515625
2984 0.0126953125
2985 -0.0439453125
2986 0.0703125
2987 0.1357421875
2988 0.0810546875
2989 -0.0107421875
2990 0.0361328125
2991 0.08984375
2992 0.0380859375
2993 -0.0966796875
2994 0.021484375
2995 0.0859375
2996 0.044921875
2997 -0.095703125
2998 -0.0537109375
2999 0.013671875
3000 -0.017578125
3001 -0.1357421875
3002 -0.0478515625
3003 0.0205078125
3004 -0.015625
3005 -0.130859375
3006 -0.0458984375
3007 0.0205078125
3008 -0.0146484375
3009 -0.15625
3010 -0.029296875
3011 0.0478515625
3012 0.0146484375
3013 -0.0419921875
3014 0.0703125
3015 0.1318359375
3016 0.0830078125
3017 -0.013671875
3018 0.0361328125
3019 0.0888671875
3020 0.037109375
3021 -0.0927734375
3022 0.0234375
3023 0.083984375
3024 0.044921875
3025 -0.091796875
3026 -0.0537109375
3027 0.0126953125
3028 -0.0185546875
3029 -0.1328125
3030 -0.048828125
3031 0.017578125
3032 -0.0146484375
3033 -0.12890625
3034 -0.044921875
3035 0.0185546875
3036 -0.0126953125
3037 -0.1552734375
3038 -0.0283203125
3039 0.04296875
3040 0.015625
3041 -0.0400390625
3042 0.0703125
3043 0.12890625
3044 0.0830078125
3045 -0.0107421875
3046 0.03515625
3047 0.087890625
3048 0.0390625
3049 -0.0927734375
3050 0.0205078125
3051 0.0859375
3052 0.0458984375
3053 -0.09375
3054 -0.052734375
3055 0.013671875
3056 -0.017578125
3057 -0.1337890625
3058 -0.0478515625
3059 0.01953125
3060 -0.013671875
3061 -0.12890625
3062 -0.0439453125
3063 0.0185546875
3064 -0.01171875
3065 -0.15625
3066 -0.029296875
3067 0.0439453125
3068 0.013671875
3069 -0.04296875
3070 0.072265625
3071 0.1337890625
3072 0.0830078125
3073 -0.013671875
3074 0.037109375
3075 0.0927734375
3076 0.037109375
3077 -0.0947265625
3078 0.021484375
3079 0.0908203125
3080 0.0439453125
3081 -0.0927734375
3082 -0.052734375
3083 0.0166015625
3084 -0.01953125
3085 -0.1337890625
3086 -0.046875
3087 0.0185546875
3088 -0.013671875
3089 -0.1298828125
3090 -0.044921875
3091 0.021484375
3092 -0.0107421875
3093 -0.1591796875
3094 -0.0302734375
3095 0.04296875
3096 0.0146484375
3097 -0.041015625
3098 0.0693359375
3099 0.1337890625
3100 0.0830078125
3101 -0.01171875
3102 0.0361328125
3103 0.08984375
3104 0.037109375
3105 -0.0947265625
3106 0.01953125
3107 0.0869140625
3108 0.044921875
3109 -0.095703125
3110 -0.052734375
3111 0.0126953125
3112 -0.017578125
3113 -0.1357421875
3114 -0.048828125
3115 0.0166015625
3116 -0.0166015625
3117 -0.12890625
3118 -0.044921875
3119 0.0205078125
3120 -0.013671875
3121 -0.15625
3122 -0.029296875
3123 0.0458984375
3124 0.015625
3125 -0.0390625
3126 0.0693359375
3127 0.1337890625
3128 0.083984375
3129 -0.0107421875
3130 0.0380859375
3131 0.0908203125
3132 0.0390625
3133 -0.09375
3134 0.0224609375
3135 0.0869140625
3136 0.046875
3137 -0.0908203125
3138 -0.0498046875
3139 0.015625
3140 -0.017578125
3141 -0.130859375
3142 -0.0478515625
3143 0.021484375
3144 -0.0126953125
3145 -0.126953125
3146 -0.0419921875
3147 0.0234375
3148 -0.0126953125
3149 -0.1572265625
3150 -0.02734375
3151 0.0478515625
3152 0.0146484375
3153 -0.041015625
3154 0.0703125
3155 0.1337890625
3156 0.083984375
3157 -0.0126953125
3158 0.037109375
3159 0.0888671875
3160 0.0380859375
3161 -0.095703125
3162 0.021484375
3163 0.0869140625
3164 0.044921875
3165 -0.091796875
3166 -0.052734375
3167 0.015625
3168 -0.0185546875
3169 -0.1318359375
3170 -0.046875
3171 0.0205078125
3172 -0.013671875
3173 -0.1279296875
3174 -0.04296875
3175 0.0224609375
3176 -0.0126953125
3177 -0.1552734375
3178 -0.02734375
3179 0.046875
3180 0.0166015625
3181 -0.041015625
3182 0.0712890625
3183 0.1337890625
3184 0.0849609375
3185 -0.0107421875
3186 0.0361328125
3187 0.08984375
3188 0.0380859375
3189 -0.091796875
3190 0.021484375
3191 0.0859375
3192 0.0458984375
3193 -0.0908203125
3194 -0.0517578125
3195 0.0166015625
3196 -0.0166015625
3197 -0.1328125
3198 -0.046875
3199 0.01953125
3200 -0.013671875
3201 -0.1279296875
3202 -0.04296875
3203 0.021484375
3204 -0.0107421875
3205 -0.158203125
3206 -0.02734375
3207 0.0458984375
3208 0.0146484375
3209 -0.04296875
3210 0.0703125
3211 0.1337890625
3212 0.08203125
3213 -0.0126953125
3214 0.037109375
3215 0.091796875
3216 0.037109375
3217 -0.0947265625
3218 0.0185546875
3219 0.0859375
3220 0.0458984375
3221 -0.0947265625
3222 -0.052734375
3223 0.013671875
3224 -0.017578125
3225 -0.134765625
3226 -0.0458984375
3227 0.0205078125
3228 -0.01171875
3229 -0.12890625
3230 -0.0439453125
3231 0.0224609375
3232 -0.0126953125
3233 -0.1552734375
3234 -0.029296875
3235 0.046875
3236 0.015625
3237 -0.0390625
3238 0.072265625
3239 0.1328125
3240 0.0849609375
3241 -0.009765625
3242 0.0361328125
3243 0.087890625
3244 0.0400390625
3245 -0.091796875
3246 0.0224609375
3247 0.083984375
3248 0.0458984375
3249 -0.0908203125
3250 -0.05078125
3251 0.0126953125
3252 -0.015625
3253 -0.130859375
3254 -0.0478515625
3255 0.0185546875
3256 -0.01171875
3257 -0.1259765625
3258 -0.044921875
3259 0.0205078125
3260 -0.013671875
3261 -0.1552734375
3262 -0.0302734375
3263 0.04296875
3264 0.013671875
3265 -0.0390625
3266 0.0693359375
3267 0.130859375
3268 0.0849609375
3269 -0.0107421875
3270 0.0361328125
3271 0.087890625
3272 0.0390625
3273 -0.0927734375
3274 0.021484375
3275 0.0859375
3276 0.048828125
3277 -0.09375
3278 -0.052734375
3279 0.0146484375
3280 -0.0185546875
3281 -0.1298828125
3282 -0.0478515625
3283 0.0205078125
3284 -0.013671875
3285 -0.1259765625
3286 -0.041015625
3287 0.0234375
3288 -0.0107421875
3289 -0.130859375
3290 -0.0078125
3291 0.0634765625
3292 0.029296875
3293 -0.0849609375
3294 -0.0361328125
3295 0.0263671875
3296 -0.0068359375
3297 -0.1669921875
3298 -0.08984375
3299 -0.0146484375
3300 -0.041015625
3301 -0.1357421875
3302 -0.046875
3303 0.0234375
3304 -0.0107421875
3305 -0.1806640625
3306 -0.11328125
3307 -0.03125
3308 -0.05078125
3309 -0.205078125
3310 -0.1279296875
3311 -0.041015625
3312 -0.0595703125
3313 -0.162109375
3314 -0.0654296875
3315 0.0078125
3316 -0.021484375
3317 -0.1162109375
3318 -0.0283203125
3319 0.0380859375
3320 0.001953125
3321 -0.107421875
3322 0.013671875
3323 0.083984375
3324 0.0458984375
3325 -0.0751953125
3326 -0.03515625
3327 0.0341796875
3328 -0.0009765625
3329 -0.115234375
3330 -0.0341796875
3331 0.0390625
3332 0.001953125
3333 -0.1181640625
3334 -0.03125
3335 0.03515625
3336 0.0009765625
3337 -0.107421875
3338 -0.021484375
3339 0.046875
3340 0.0087890625
3341 -0.0947265625
3342 -0.015625
3343 0.052734375
3344 0.013671875
3345 -0.115234375
3346 -0.0283203125
3347 0.037109375
3348 0.0
3349 -0.1875
3350 -0.1123046875
3351 -0.0283203125
3352 -0.0498046875
3353 -0.2109375
3354 -0.1318359375
3355 -0.0546875
3356 -0.0498046875
3357 -0.1396484375
3358 -0.0673828125
3359 -0.01171875
3360 -0.013671875
3361 -0.1435546875
3362 -0.072265625
3363 -0.0146484375
3364 -0.015625
3365 -0.15625
3366 -0.0419921875
3367 0.01953125
3368 0.0205078125
3369 -0.0478515625
3370 0.0458984375
3371 0.0966796875
3372 0.080078125
3373 0.03125
3374 0.1123046875
3375 0.154296875
3376 0.125
3377 0.0478515625
3378 0.0654296875
3379 0.1005859375
3380 0.0732421875
3381 -0.0224609375
3382 0.02734375
3383 0.06640625
3384 0.046875
3385 -0.0556640625
3386 0.0068359375
3387 0.0439453125
3388 0.02734375
3389 -0.0771484375
3390 -0.0126953125
3391 0.02734375
3392 0.013671875
3393 -0.0986328125
3394 0.001953125
3395 0.0546875
3396 0.0439453125
3397 -0.103515625
3398 -0.0771484375
3399 -0.017578125
3400 -0.0205078125
3401 -0.197265625
3402 -0.1396484375
3403 -0.0673828125
3404 -0.0546875
3405 -0.158203125
3406 -0.078125
3407 -0.0205078125
3408 -0.01953125
3409 -0.162109375
3410 -0.0869140625
3411 -0.0283203125
3412 -0.0234375
3413 -0.1552734375
3414 -0.0400390625
3415 0.021484375
3416 0.0234375
3417 -0.0576171875
3418 0.037109375
3419 0.0888671875
3420 0.07421875
3421 -0.0048828125
3422 0.080078125
3423 0.125
3424 0.1015625
3425 0.021484375
3426 0.1015625
3427 0.142578125
3428 0.1142578125
3429 0.0263671875
3430 0.1044921875
3431 0.1435546875
3432 0.115234375
3433 0.0185546875
3434 0.095703125
3435 0.13671875
3436 0.1083984375
3437 0.001953125
3438 0.083984375
3439 0.125
3440 0.0986328125
3441 0.0390625
3442 0.1181640625
3443 0.1552734375
3444 0.12109375
3445 0.0185546875
3446 0.0341796875
3447 0.0703125
3448 0.0419921875
3449 -0.06640625
3450 -0.0107421875
3451 0.0322265625
3452 0.015625
3453 -0.1259765625
3454 -0.0595703125
3455 -0.0087890625
3456 -0.0166015625
3457 -0.1474609375
3458 -0.0361328125
3459 0.0224609375
3460 0.0185546875
3461 -0.06640625
3462 0.029296875
3463 0.0810546875
3464 0.060546875
3465 -0.02734375
3466 0.060546875
3467 0.107421875
3468 0.0810546875
3469 -0.0205078125
3470 0.0615234375
3471 0.109375
3472 0.08203125
3473 -0.0283203125
3474 0.056640625
3475 0.1005859375
3476 0.076171875
3477 0.013671875
3478 0.0966796875
3479 0.1337890625
3480 0.1005859375
3481 -0.0205078125
3482 -0.00390625
3483 0.0361328125
3484 0.017578125
3485 -0.1416015625
3486 -0.0361328125
3487 0.0224609375
3488 0.0146484375
3489 -0.0966796875
3490 -0.0712890625
3491 -0.01953125
3492 -0.0244140625
3493 -0.1220703125
3494 -0.0166015625
3495 0.0400390625
3496 0.0283203125
3497 -0.0625
3498 -0.060546875
3499 -0.0048828125
3500 -0.013671875
3501 -0.1015625
3502 0.0009765625
3503 0.0546875
3504 0.0390625
3505 -0.0478515625
3506 -0.0244140625
3507 0.021484375
3508 0.005859375
3509 -0.0888671875
3510 -0.029296875
3511 0.01953125
3512 0.00390625
3513 -0.1376953125
3514 -0.0712890625
3515 -0.017578125
3516 -0.0244140625
3517 -0.154296875
3518 -0.083984375
3519 -0.0263671875
3520 -0.029296875
3521 -0.1845703125
3522 -0.0673828125
3523 -0.0029296875
3524 0.0
3525 -0.0859375
3526 0.0107421875
3527 0.064453125
3528 0.05078125
3529 -0.0390625
3530 0.05078125
3531 0.0966796875
3532 0.07421875
3533 -0.013671875
3534 0.0703125
3535 0.115234375
3536 0.08984375
3537 0.0087890625
3538 0.0859375
3539 0.1279296875
3540 0.0966796875
3541 0.0087890625
3542 0.087890625
3543 0.126953125
3544 0.0986328125
3545 -0.001953125
3546 0.076171875
3547 0.1171875
3548 0.0888671875
3549 -0.0224609375
3550 0.060546875
3551 0.103515625
3552 0.080078125
3553 0.0029296875
3554 0.0830078125
3555 0.12109375
3556 0.0908203125
3557 -0.0361328125
3558 -0.021484375
3559 0.0244140625
3560 0.0048828125
3561 -0.091796875
3562 0.0029296875
3563 0.0556640625
3564 0.037109375
3565 -0.0126953125
3566 0.0732421875
3567 0.115234375
3568 0.0859375
3569 0.03515625
3570 0.1142578125
3571 0.1494140625
3572 0.1142578125
3573 0.0546875
3574 0.1298828125
3575 0.162109375
3576 0.1240234375
3577 0.0234375
3578 0.0380859375
3579 0.0712890625
3580 0.0390625
3581 -0.0791015625
3582 -0.0283203125
3583 0.013671875
3584 -0.00390625
3585 -0.123046875
3586 -0.0615234375
3587 -0.01171875
3588 -0.0244140625
3589 -0.1376953125
3590 -0.076171875
3591 -0.025390625
3592 -0.03125
3593 -0.1474609375
3594 -0.080078125
3595 -0.0263671875
3596 -0.0341796875
3597 -0.1455078125
3598 -0.08203125
3599 -0.0302734375
3600 -0.03515625
3601 -0.1728515625
3602 -0.1025390625
3603 -0.0439453125
3604 -0.0458984375
3605 -0.1494140625
3606 -0.0419921875
3607 0.015625
3608 0.009765625
3609 -0.119140625
3610 -0.091796875
3611 -0.0322265625
3612 -0.0361328125
3613 -0.1357421875
3614 -0.068359375
3615 -0.0166015625
3616 -0.021484375
3617 -0.1279296875
3618 -0.0556640625
3619 -0.009765625
3620 -0.01953125
3621 -0.130859375
3622 -0.060546875
3623 -0.01171875
3624 -0.0185546875
3625 -0.1748046875
3626 -0.060546875
3627 0.0
3628 -0.001953125
3629 -0.0673828125
3630 0.0263671875
3631 0.0791015625
3632 0.0595703125
3633 -0.068359375
3634 0.0224609375
3635 0.0693359375
3636 0.0537109375
3637 -0.08984375
3638 -0.0712890625
3639 -0.0185546875
3640 -0.021484375
3641 -0.1904296875
3642 -0.11328125
3643 -0.05078125
3644 -0.04296875
3645 -0.150390625
3646 -0.076171875
3647 -0.0234375
3648 -0.02734375
3649 -0.111328125
3650 -0.0107421875
3651 0.046875
3652 0.0361328125
3653 -0.0546875
3654 -0.0546875
3655 0.0029296875
3656 -0.0029296875
3657 -0.115234375
3658 -0.0126953125
3659 0.041015625
3660 0.03515625
3661 -0.05859375
3662 0.033203125
3663 0.0830078125
3664 0.0654296875
3665 -0.0361328125
3666 -0.013671875
3667 0.0283203125
3668 0.0166015625
3669 -0.107421875
3670 -0.0048828125
3671 0.0458984375
3672 0.03515625
3673 -0.1044921875
3674 -0.0791015625
3675 -0.0224609375
3676 -0.02734375
3677 -0.212890625
3678 -0.1318359375
3679 -0.060546875
3680 -0.0546875
3681 -0.1630859375
3682 -0.0888671875
3683 -0.0302734375
3684 -0.03125
3685 -0.166015625
3686 -0.0869140625
3687 -0.029296875
3688 -0.029296875
3689 -0.1962890625
3690 -0.0712890625
3691 -0.0068359375
3692 -0.001953125
3693 -0.0556640625
3694 0.0419921875
3695 0.08984375
3696 0.072265625
3697 -0.0068359375
3698 0.0791015625
3699 0.125
3700 0.099609375
3701 0.0048828125
3702 0.087890625
3703 0.1279296875
3704 0.1015625
3705 0.0400390625
3706 0.119140625
3707 0.15625
3708 0.123046875
3709 0.0322265625
3710 0.0458984375
3711 0.08203125
3712 0.0546875
3713 -0.0439453125
3714 0.009765625
3715 0.048828125
3716 0.03125
3717 -0.076171875
3718 -0.0185546875
3719 0.0234375
3720 0.0107421875
3721 -0.158203125
3722 -0.0498046875
3723 0.0078125
3724 0.0078125
3725 -0.1357421875
3726 -0.1064453125
3727 -0.0439453125
3728 -0.0400390625
3729 -0.2138671875
3730 -0.087890625
3731 -0.0185546875
3732 -0.009765625
3733 -0.064453125
3734 0.0341796875
3735 0.080078125
3736 0.0654296875
3737 -0.01171875
3738 0.07421875
3739 0.1181640625
3740 0.091796875
3741 0.0029296875
3742 0.0849609375
3743 0.126953125
3744 0.0986328125
3745 0.0498046875
3746 0.1279296875
3747 0.1640625
3748 0.1279296875
3749 0.01953125
3750 0.03515625
3751 0.0693359375
3752 0.0439453125
3753 -0.134765625
3754 -0.0810546875
3755 -0.0263671875
3756 -0.0283203125
3757 -0.130859375
3758 -0.064453125
3759 -0.013671875
3760 -0.017578125
3761 -0.158203125
3762 -0.0849609375
3763 -0.0302734375
3764 -0.033203125
3765 -0.1689453125
3766 -0.0556640625
3767 0.0068359375
3768 0.0078125
3769 -0.0751953125
3770 0.017578125
3771 0.0693359375
3772 0.0556640625
3773 -0.03515625
3774 0.05078125
3775 0.0966796875
3776 0.0771484375
3777 -0.01171875
3778 0.0693359375
3779 0.111328125
3780 0.0888671875
3781 -0.001953125
3782 0.0771484375
3783 0.1201171875
3784 0.0927734375
3785 -0.00390625
3786 0.0751953125
3787 0.115234375
3788 0.0888671875
3789 -0.0283203125
3790 0.0537109375
3791 0.095703125
3792 0.07421875
3793 -0.013671875
3794 0.0673828125
3795 0.1083984375
3796 0.083984375
3797 0.03125
3798 0.109375
3799 0.1455078125
3800 0.11328125
3801 0.060546875
3802 0.134765625
3803 0.16796875
3804 0.1298828125
3805 0.0419921875
3806 0.0615234375
3807 0.08984375
3808 0.056640625
3809 -0.0693359375
3810 -0.0244140625
3811 0.0166015625
3812 0.0
3813 -0.1435546875
3814 -0.0830078125
3815 -0.0283203125
3816 -0.0341796875
3817 -0.1435546875
3818 -0.037109375
3819 0.0185546875
3820 0.01171875
3821 -0.029296875
3822 0.0576171875
3823 0.1025390625
3824 0.0771484375
3825 0.044921875
3826 0.12109375
3827 0.158203125
3828 0.1220703125
3829 0.080078125
3830 0.1474609375
3831 0.1826171875
3832 0.140625
3833 0.08203125
3834 0.1484375
3835 0.1787109375
3836 0.134765625
3837 0.087890625
3838 0.15234375
3839 0.1826171875
3840 0.140625
3841 0.05859375
3842 0.078125
3843 0.1015625
3844 0.064453125
3845 -0.0263671875
3846 0.0517578125
3847 0.0869140625
3848 0.0625
3849 -0.0341796875
3850 -0.0146484375
3851 0.01953125
3852 0.0
3853 -0.103515625
3854 -0.0478515625
3855 -0.005859375
3856 -0.017578125
3857 -0.115234375
3858 -0.0595703125
3859 -0.0146484375
3860 -0.0263671875
3861 -0.130859375
3862 -0.0712890625
3863 -0.02734375
3864 -0.033203125
3865 -0.1337890625
3866 -0.0703125
3867 -0.0234375
3868 -0.0322265625
3869 -0.1767578125
3870 -0.10546875
3871 -0.0546875
3872 -0.0546875
3873 -0.193359375
3874 -0.1220703125
3875 -0.0634765625
3876 -0.0634765625
3877 -0.181640625
3878 -0.0771484375
3879 -0.013671875
3880 -0.013671875
3881 -0.0771484375
3882 0.0126953125
3883 0.0625
3884 0.0439453125
3885 -0.0244140625
3886 0.0556640625
3887 0.0966796875
3888 0.0732421875
3889 0.0048828125
3890 0.0810546875
3891 0.119140625
3892 0.08984375
3893 0.015625
3894 0.087890625
3895 0.1220703125
3896 0.09375
3897 0.0361328125
3898 0.107421875
3899 0.142578125
3900 0.1064453125
3901 0.029296875
3902 0.0419921875
3903 0.0751953125
3904 0.0439453125
3905 -0.0546875
3906 -0.0048828125
3907 0.0322265625
3908 0.009765625
3909 -0.0927734375
3910 -0.0341796875
3911 0.0029296875
3912 -0.0126953125
3913 -0.095703125
3914 -0.0029296875
3915 0.04296875
3916 0.029296875
3917 -0.0126953125
3918 0.0703125
3919 0.109375
3920 0.0791015625
3921 -0.01953125
3922 -0.0048828125
3923 0.0302734375
3924 0.0068359375
3925 -0.1484375
3926 -0.0498046875
3927 0.00390625
3928 -0.00390625
3929 -0.138671875
3930 -0.1123046875
3931 -0.0556640625
3932 -0.0576171875
3933 -0.1640625
3934 -0.0546875
3935 0.001953125
3936 -0.0029296875
3937 -0.0751953125
3938 0.0166015625
3939 0.0625
3940 0.0419921875
3941 -0.0517578125
3942 -0.03125
3943 0.0107421875
3944 -0.0078125
3945 -0.1474609375
3946 -0.0810546875
3947 -0.033203125
3948 -0.04296875
3949 -0.1962890625
3950 -0.1259765625
3951 -0.064453125
3952 -0.064453125
3953 -0.197265625
3954 -0.12109375
3955 -0.0634765625
3956 -0.0615234375
3957 -0.158203125
3958 -0.08203125
3959 -0.03125
3960 -0.037109375
3961 -0.16015625
3962 -0.0498046875
3963 0.005859375
3964 0.001953125
3965 -0.1689453125
3966 -0.1376953125
3967 -0.072265625
3968 -0.068359375
3969 -0.18359375
3970 -0.111328125
3971 -0.0478515625
3972 -0.0498046875
3973 -0.1298828125
3974 -0.060546875
3975 -0.005859375
3976 -0.0185546875
3977 -0.1435546875
3978 -0.0732421875
3979 -0.0234375
3980 -0.0283203125
3981 -0.1767578125
3982 -0.064453125
3983 -0.0009765625
3984 -0.0009765625
3985 -0.0419921875
3986 0.048828125
3987 0.0966796875
3988 0.0751953125
3989 0.0205078125
3990 0.1005859375
3991 0.1376953125
3992 0.1064453125
3993 0.001953125
3994 0.0185546875
3995 0.052734375
3996 0.0302734375
3997 -0.0908203125
3998 -0.033203125
3999 -0.0185546875
4000 0.0283203125
4001 -0.0322265625
4002 0.00390625
4003 0.0126953125
4004 0.0537109375
4005 0.025390625
4006 0.0517578125
4007 0.0517578125
4008 0.0849609375
4009 0.01171875
4010 -0.029296875
4011 -0.0263671875
4012 0.013671875
4013 -0.0556640625
4014 -0.0546875
4015 -0.044921875
4016 -0.0029296875
4017 -0.1025390625
4018 -0.08984375
4019 -0.078125
4020 -0.0283203125
4021 -0.1171875
4022 -0.0625
4023 -0.04296875
4024 0.0087890625
4025 -0.037109375
4026 0.0
4027 0.01171875
4028 0.052734375
4029 0.0009765625
4030 0.03125
4031 0.0361328125
4032 0.072265625
4033 0.025390625
4034 0.05078125
4035 0.052734375
4036 0.083984375
4037 0.0400390625
4038 0.05859375
4039 0.0615234375
4040 0.0908203125
4041 0.03515625
4042 0.056640625
4043 0.056640625
4044 0.087890625
4045 0.0107421875
4046 0.03515625
4047 0.0361328125
4048 0.0703125
4049 0.0185546875
4050 0.0439453125
4051 0.0458984375
4052 0.078125
4053 0.0673828125
4054 0.0869140625
4055 0.0830078125
4056 0.107421875
4057 0.099609375
4058 0.111328125
4059 0.10546875
4060 0.1259765625
4061 0.0810546875
4062 0.0390625
4063 0.0283203125
4064 0.052734375
4065 -0.03515625
4066 -0.0439453125
4067 -0.041015625
4068 -0.00390625
4069 -0.111328125
4070 -0.103515625
4071 -0.0859375
4072 -0.037109375
4073 -0.109375
4074 -0.0576171875
4075 -0.0419921875
4076 0.0068359375
4077 0.0078125
4078 0.0380859375
4079 0.0419921875
4080 0.07421875
4081 0.0849609375
4082 0.099609375
4083 0.09765625
4084 0.1201171875
4085 0.119140625
4086 0.1279296875
4087 0.12109375
4088 0.138671875
4089 0.1220703125
4090 0.1279296875
4091 0.1181640625
4092 0.1357421875
4093 0.126953125
4094 0.1337890625
4095 0.12109375
4096 0.1376953125
4097 0.099609375
4098 0.05859375
4099 0.0439453125
4100 0.0615234375
4101 0.0107421875
4102 0.033203125
4103 0.03125
4104 0.0595703125
4105 0.0048828125
4106 -0.0341796875
4107 -0.03515625
4108 -0.001953125
4109 -0.068359375
4110 -0.0673828125
4111 -0.0625
4112 -0.0224609375
4113 -0.080078125
4114 -0.0751953125
4115 -0.0703125
4116 -0.0283203125
4117 -0.1015625
4118 -0.091796875
4119 -0.083984375
4120 -0.037109375
4121 -0.126953125
4122 -0.111328125
4123 -0.0986328125
4124 -0.0478515625
4125 -0.111328125
4126 -0.099609375
4127 -0.08984375
4128 -0.041015625
4129 -0.0888671875
4130 -0.078125
4131 -0.068359375
4132 -0.02734375
4133 -0.091796875
4134 -0.0810546875
4135 -0.0712890625
4136 -0.02734375
4137 -0.1435546875
4138 -0.1484375
4139 -0.125
4140 -0.0654296875
4141 -0.1259765625
4142 -0.1123046875
4143 -0.09375
4144 -0.0400390625
4145 -0.109375
4146 -0.09375
4147 -0.0830078125
4148 -0.033203125
4149 -0.078125
4150 -0.03515625
4151 -0.021484375
4152 0.0244140625
4153 -0.029296875
4154 -0.0830078125
4155 -0.0654296875
4156 -0.0185546875
4157 -0.0947265625
4158 -0.046875
4159 -0.0302734375
4160 0.017578125
4161 -0.044921875
4162 -0.0078125
4163 0.0029296875
4164 0.0439453125
4165 -0.01953125
4166 -0.0517578125
4167 -0.0478515625
4168 -0.0029296875
4169 -0.0869140625
4170 -0.037109375
4171 -0.0263671875
4172 0.01953125
4173 -0.0927734375
4174 -0.1181640625
4175 -0.09765625
4176 -0.044921875
4177 -0.1796875
4178 -0.1513671875
4179 -0.1220703125
4180 -0.0615234375
4181 -0.140625
4182 -0.1162109375
4183 -0.0966796875
4184 -0.04296875
4185 -0.1142578125
4186 -0.095703125
4187 -0.080078125
4188 -0.0263671875
4189 -0.1337890625
4190 -0.115234375
4191 -0.0947265625
4192 -0.0361328125
4193 -0.1044921875
4194 -0.08984375
4195 -0.072265625
4196 -0.021484375
4197 -0.1015625
4198 -0.0888671875
4199 -0.0732421875
4200 -0.021484375
4201 -0.138671875
4202 -0.1181640625
4203 -0.0927734375
4204 -0.03515625
4205 -0.1025390625
4206 -0.0498046875
4207 -0.0302734375
4208 0.0244140625
4209 0.029296875
4210 0.05859375
4211 0.0634765625
4212 0.099609375
4213 0.109375
4214 0.126953125
4215 0.12109375
4216 0.1474609375
4217 0.146484375
4218 0.1552734375
4219 0.1484375
4220 0.1650390625
4221 0.150390625
4222 0.1572265625
4223 0.14453125
4224 0.162109375
4225 0.15625
4226 0.16015625
4227 0.1484375
4228 0.166015625
4229 0.125
4230 0.0849609375
4231 0.068359375
4232 0.0888671875
4233 0.0400390625
4234 0.060546875
4235 0.0537109375
4236 0.0869140625
4237 0.0283203125
4238 -0.0078125
4239 -0.0126953125
4240 0.0224609375
4241 -0.0439453125
4242 -0.0439453125
4243 -0.0400390625
4244 0.0009765625
4245 -0.056640625
4246 -0.0537109375
4247 -0.046875
4248 -0.0048828125
4249 -0.0751953125
4250 -0.068359375
4251 -0.060546875
4252 -0.0146484375
4253 -0.103515625
4254 -0.08984375
4255 -0.078125
4256 -0.02734375
4257 -0.0888671875
4258 -0.078125
4259 -0.068359375
4260 -0.01953125
4261 -0.06640625
4262 -0.0556640625
4263 -0.0498046875
4264 -0.0078125
4265 -0.072265625
4266 -0.0615234375
4267 -0.0517578125
4268 -0.0087890625
4269 -0.1240234375
4270 -0.12890625
4271 -0.10546875
4272 -0.0478515625
4273 -0.1044921875
4274 -0.0927734375
4275 -0.0771484375
4276 -0.0224609375
4277 -0.0927734375
4278 -0.076171875
4279 -0.0654296875
4280 -0.015625
4281 -0.0615234375
4282 -0.0185546875
4283 -0.0048828125
4284 0.0400390625
4285 -0.0126953125
4286 -0.06640625
4287 -0.052734375
4288 -0.00390625
4289 -0.0703125
4290 -0.0244140625
4291 -0.0087890625
4292 0.03515625
4293 -0.0146484375
4294 0.0185546875
4295 0.0283203125
4296 0.068359375
4297 0.001953125
4298 -0.033203125
4299 -0.02734375
4300 0.0146484375
4301 -0.068359375
4302 -0.0234375
4303 -0.0126953125
4304 0.037109375
4305 -0.0673828125
4306 -0.091796875
4307 -0.078125
4308 -0.025390625
4309 -0.1640625
4310 -0.1337890625
4311 -0.107421875
4312 -0.046875
4313 -0.126953125
4314 -0.103515625
4315 -0.0859375
4316 -0.0302734375
4317 -0.1005859375
4318 -0.083984375
4319 -0.06640625
4320 -0.013671875
4321 -0.12109375
4322 -0.103515625
4323 -0.0830078125
4324 -0.0263671875
4325 -0.0966796875
4326 -0.080078125
4327 -0.0615234375
4328 -0.009765625
4329 -0.091796875
4330 -0.078125
4331 -0.0625
4332 -0.01171875
4333 -0.1328125
4334 -0.111328125
4335 -0.0859375
4336 -0.0283203125
4337 -0.0966796875
4338 -0.0419921875
4339 -0.01953125
4340 0.03125
4341 0.0390625
4342 0.0673828125
4343 0.0732421875
4344 0.1064453125
4345 0.119140625
4346 0.1357421875
4347 0.130859375
4348 0.15625
4349 0.1552734375
4350 0.1640625
4351 0.1552734375
4352 0.1748046875
4353 0.1591796875
4354 0.1650390625
4355 0.1533203125
4356 0.169921875
4357 0.1630859375
4358 0.1689453125
4359 0.15625
4360 0.173828125
4361 0.1318359375
4362 0.0927734375
4363 0.076171875
4364 0.0966796875
4365 0.046875
4366 0.06640625
4367 0.0634765625
4368 0.09375
4369 0.037109375
4370 -0.001953125
4371 -0.0048828125
4372 0.0302734375
4373 -0.0380859375
4374 -0.0361328125
4375 -0.0341796875
4376 0.0078125
4377 -0.0498046875
4378 -0.0458984375
4379 -0.0390625
4380 0.0009765625
4381 -0.0703125
4382 -0.0615234375
4383 -0.0546875
4384 -0.009765625
4385 -0.095703125
4386 -0.0830078125
4387 -0.0693359375
4388 -0.0224609375
4389 -0.0810546875
4390 -0.0712890625
4391 -0.0615234375
4392 -0.013671875
4393 -0.060546875
4394 -0.0498046875
4395 -0.04296875
4396 0.0009765625
4397 -0.0654296875
4398 -0.0546875
4399 -0.044921875
4400 -0.0029296875
4401 -0.1171875
4402 -0.1220703125
4403 -0.0986328125
4404 -0.041015625
4405 -0.099609375
4406 -0.0869140625
4407 -0.068359375
4408 -0.0185546875
4409 -0.083984375
4410 -0.0703125
4411 -0.0595703125
4412 -0.01171875
4413 -0.0576171875
4414 -0.013671875
4415 0.0
4416 0.0458984375
4417 -0.0068359375
4418 -0.060546875
4419 -0.0458984375
4420 0.001953125
4421 -0.06640625
4422 -0.0205078125
4423 -0.0048828125
4424 0.0400390625
4425 -0.0126953125
4426 0.0205078125
4427 0.033203125
4428 0.0712890625
4429 0.005859375
4430 -0.0302734375
4431 -0.0224609375
4432 0.0166015625
4433 -0.064453125
4434 -0.017578125
4435 -0.0068359375
4436 0.041015625
4437 -0.060546875
4438 -0.087890625
4439 -0.0712890625
4440 -0.0205078125
4441 -0.158203125
4442 -0.1279296875
4443 -0.1015625
4444 -0.04296875
4445 -0.123046875
4446 -0.0986328125
4447 -0.0810546875
4448 -0.02734375
4449 -0.09765625
4450 -0.0810546875
4451 -0.0615234375
4452 -0.01171875
4453 -0.1201171875
4454 -0.1025390625
4455 -0.080078125
4456 -0.0244140625
4457 -0.091796875
4458 -0.0771484375
4459 -0.0576171875
4460 -0.0078125
4461 -0.0888671875
4462 -0.076171875
4463 -0.0595703125
4464 -0.005859375
4465 -0.1279296875
4466 -0.103515625
4467 -0.0810546875
4468 -0.0205078125
4469 -0.0927734375
4470 -0.037109375
4471 -0.015625
4472 0.03515625
4473 0.041015625
4474 0.0712890625
4475 0.0771484375
4476 0.109375
4477 0.1240234375
4478 0.1376953125
4479 0.1357421875
4480 0.158203125
4481 0.158203125
4482 0.1669921875
4483 0.16015625
4484 0.1767578125
4485 0.1611328125
4486 0.16796875
4487 0.1572265625
4488 0.173828125
4489 0.1669921875
4490 0.1728515625
4491 0.16015625
4492 0.1767578125
4493 0.13671875
4494 0.0966796875
4495 0.0810546875
4496 0.099609375
4497 0.0517578125
4498 0.0712890625
4499 0.0673828125
4500 0.09765625
4501 0.041015625
4502 0.0009765625
4503 -0.0009765625
4504 0.033203125
4505 -0.03515625
4506 -0.0341796875
4507 -0.0322265625
4508 0.0107421875
4509 -0.0498046875
4510 -0.0439453125
4511 -0.0380859375
4512 0.0048828125
4513 -0.0673828125
4514 -0.060546875
4515 -0.0498046875
4516 -0.005859375
4517 -0.095703125
4518 -0.08203125
4519 -0.0654296875
4520 -0.0205078125
4521 -0.080078125
4522 -0.0703125
4523 -0.056640625
4524 -0.0107421875
4525 -0.05859375
4526 -0.0478515625
4527 -0.0400390625
4528 0.001953125
4529 -0.0634765625
4530 -0.0517578125
4531 -0.04296875
4532 0.0009765625
4533 -0.11328125
4534 -0.1181640625
4535 -0.09765625
4536 -0.0400390625
4537 -0.0966796875
4538 -0.083984375
4539 -0.0654296875
4540 -0.017578125
4541 -0.083984375
4542 -0.068359375
4543 -0.056640625
4544 -0.009765625
4545 -0.0546875
4546 -0.0107421875
4547 0.0048828125
4548 0.0478515625
4549 -0.0029296875
4550 -0.0595703125
4551 -0.04296875
4552 0.0048828125
4553 -0.06640625
4554 -0.0185546875
4555 -0.0048828125
4556 0.04296875
4557 -0.009765625
4558 0.025390625
4559 0.033203125
4560 0.0751953125
4561 0.01171875
4562 -0.0263671875
4563 -0.0205078125
4564 0.021484375
4565 -0.0625
4566 -0.0166015625
4567 -0.00390625
4568 0.0419921875
4569 -0.056640625
4570 -0.0869140625
4571 -0.068359375
4572 -0.01953125
4573 -0.158203125
4574 -0.126953125
4575 -0.099609375
4576 -0.041015625
4577 -0.1220703125
4578 -0.0966796875
4579 -0.0771484375
4580 -0.0224609375
4581 -0.0947265625
4582 -0.076171875
4583 -0.0595703125
4584 -0.0087890625
4585 -0.11328125
4586 -0.09765625
4587 -0.0732421875
4588 -0.01953125
4589 -0.087890625
4590 -0.0732421875
4591 -0.0556640625
4592 -0.005859375
4593 -0.0830078125
4594 -0.072265625
4595 -0.0576171875
4596 -0.0048828125
4597 -0.1279296875
4598 -0.10546875
4599 -0.08203125
4600 -0.0205078125
4601 -0.09375
4602 -0.0361328125
4603 -0.0166015625
4604 0.037109375
4605 0.0400390625
4606 0.072265625
4607 0.0771484375
4608 0.11328125
4609 0.1240234375
4610 0.1376953125
4611 0.13671875
4612 0.16015625
4613 0.1611328125
4614 0.16796875
4615 0.1611328125
4616 0.1796875
4617 0.1650390625
4618 0.1708984375
4619 0.158203125
4620 0.1767578125
4621 0.16796875
4622 0.1728515625
4623 0.162109375
4624 0.177734375
4625 0.138671875
4626 0.0986328125
4627 0.0830078125
4628 0.1005859375
4629 0.05078125
4630 0.072265625
4631 0.0693359375
4632 0.0966796875
4633 0.0419921875
4634 0.0029296875
4635 0.0009765625
4636 0.0341796875
4637 -0.0322265625
4638 -0.0322265625
4639 -0.02734375
4640 0.0107421875
4641 -0.044921875
4642 -0.041015625
4643 -0.03515625
4644 0.0068359375
4645 -0.06640625
4646 -0.0576171875
4647 -0.0498046875
4648 -0.00390625
4649 -0.0947265625
4650 -0.0810546875
4651 -0.0673828125
4652 -0.017578125
4653 -0.080078125
4654 -0.0703125
4655 -0.056640625
4656 -0.0107421875
4657 -0.056640625
4658 -0.046875
4659 -0.0400390625
4660 0.0029296875
4661 -0.0625
4662 -0.052734375
4663 -0.0419921875
4664 0.001953125
4665 -0.1142578125
4666 -0.119140625
4667 -0.095703125
4668 -0.0380859375
4669 -0.0986328125
4670 -0.0830078125
4671 -0.064453125
4672 -0.0146484375
4673 -0.0830078125
4674 -0.06640625
4675 -0.0556640625
4676 -0.0087890625
4677 -0.0537109375
4678 -0.009765625
4679 0.00390625
4680 0.0498046875
4681 -0.0009765625
4682 -0.05859375
4683 -0.0419921875
4684 0.005859375
4685 -0.0615234375
4686 -0.017578125
4687 -0.001953125
4688 0.0458984375
4689 -0.0087890625
4690 0.0263671875
4691 0.03515625
4692 0.076171875
4693 0.0087890625
4694 -0.0263671875
4695 -0.021484375
4696 0.0205078125
4697 -0.0634765625
4698 -0.0166015625
4699 -0.0048828125
4700 0.0419921875
4701 -0.05859375
4702 -0.0869140625
4703 -0.0703125
4704 -0.01953125
4705 -0.1572265625
4706 -0.126953125
4707 -0.0986328125
4708 -0.0400390625
4709 -0.1201171875
4710 -0.0966796875
4711 -0.078125
4712 -0.0234375
4713 -0.095703125
4714 -0.078125
4715 -0.060546875
4716 -0.0087890625
4717 -0.1162109375
4718 -0.09765625
4719 -0.0771484375
4720 -0.01953125
4721 -0.087890625
4722 -0.072265625
4723 -0.0556640625
4724 -0.0048828125
4725 -0.0849609375
4726 -0.072265625
4727 -0.056640625
4728 -0.0029296875
4729 -0.1240234375
4730 -0.1025390625
4731 -0.078125
4732 -0.0205078125
4733 -0.08984375
4734 -0.033203125
4735 -0.015625
4736 0.0380859375
4737 0.04296875
4738 0.07421875
4739 0.0791015625
4740 0.11328125
4741 0.1240234375
4742 0.1416015625
4743 0.1376953125
4744 0.1611328125
4745 0.1611328125
4746 0.16796875
4747 0.162109375
4748 0.1796875
4749 0.1650390625
4750 0.169921875
4751 0.16015625
4752 0.177734375
4753 0.1689453125
4754 0.1728515625
4755 0.1640625
4756 0.1796875
4757 0.1376953125
4758 0.0986328125
4759 0.083984375
4760 0.1025390625
4761 0.048828125
4762 0.0712890625
4763 0.068359375
4764 0.099609375
4765 0.041015625
4766 0.00390625
4767 0.0009765625
4768 0.033203125
4769 -0.0322265625
4770 -0.0322265625
4771 -0.02734375
4772 0.01171875
4773 -0.044921875
4774 -0.0419921875
4775 -0.033203125
4776 0.005859375
4777 -0.0634765625
4778 -0.0556640625
4779 -0.0478515625
4780 -0.00390625
4781 -0.09375
4782 -0.080078125
4783 -0.064453125
4784 -0.0166015625
4785 -0.076171875
4786 -0.068359375
4787 -0.056640625
4788 -0.0068359375
4789 -0.0556640625
4790 -0.046875
4791 -0.0380859375
4792 0.00390625
4793 -0.0625
4794 -0.0517578125
4795 -0.0419921875
4796 0.001953125
4797 -0.11328125
4798 -0.1181640625
4799 -0.09375
4800 -0.03515625
4801 -0.0966796875
4802 -0.0830078125
4803 -0.064453125
4804 -0.0126953125
4805 -0.0830078125
4806 -0.064453125
4807 -0.056640625
4808 -0.0068359375
4809 -0.0537109375
4810 -0.0078125
4811 0.00390625
4812 0.05078125
4813 -0.00390625
4814 -0.0576171875
4815 -0.0419921875
4816 0.0048828125
4817 -0.0615234375
4818 -0.015625
4819 -0.0009765625
4820 0.0458984375
4821 -0.0068359375
4822 0.025390625
4823 0.0361328125
4824 0.076171875
4825 0.009765625
4826 -0.025390625
4827 -0.021484375
4828 0.0234375
4829 -0.0625
4830 -0.015625
4831 -0.0048828125
4832 0.0439453125
4833 -0.060546875
4834 -0.0849609375
4835 -0.0703125
4836 -0.017578125
4837 -0.1572265625
4838 -0.1279296875
4839 -0.099609375
4840 -0.0390625
4841 -0.12109375
4842 -0.0966796875
4843 -0.0771484375
4844 -0.0224609375
4845 -0.09375
4846 -0.0771484375
4847 -0.0595703125
4848 -0.0078125
4849 -0.115234375
4850 -0.095703125
4851 -0.076171875
4852 -0.0185546875
4853 -0.087890625
4854 -0.0703125
4855 -0.0546875
4856 -0.00390625
4857 -0.0830078125
4858 -0.0703125
4859 -0.0556640625
4860 -0.0029296875
4861 -0.12890625
4862 -0.10546875
4863 -0.0810546875
4864 -0.0224609375
4865 -0.08984375
4866 -0.0341796875
4867 -0.015625
4868 0.0380859375
4869 0.0439453125
4870 0.07421875
4871 0.080078125
4872 0.1142578125
4873 0.1259765625
4874 0.1416015625
4875 0.138671875
4876 0.162109375
4877 0.1630859375
4878 0.1689453125
4879 0.1630859375
4880 0.1826171875
4881 0.1669921875
4882 0.1708984375
4883 0.16015625
4884 0.177734375
4885 0.169921875
4886 0.1748046875
4887 0.162109375
4888 0.1787109375
4889 0.138671875
4890 0.0986328125
4891 0.0849609375
4892 0.1025390625
4893 0.05078125
4894 0.0712890625
4895 0.0693359375
4896 0.0986328125
4897 0.0419921875
4898 0.0048828125
4899 0.001953125
4900 0.0361328125
4901 -0.033203125
4902 -0.0302734375
4903 -0.02734375
4904 0.013671875
4905 -0.0439453125
4906 -0.041015625
4907 -0.0322265625
4908 0.0068359375
4909 -0.0634765625
4910 -0.0576171875
4911 -0.0478515625
4912 -0.0029296875
4913 -0.08984375
4914 -0.080078125
4915 -0.0654296875
4916 -0.0166015625
4917 -0.0751953125
4918 -0.06640625
4919 -0.0556640625
4920 -0.0087890625
4921 -0.0556640625
4922 -0.044921875
4923 -0.037109375
4924 0.005859375
4925 -0.0615234375
4926 -0.05078125
4927 -0.041015625
4928 0.001953125
4929 -0.111328125
4930 -0.1162109375
4931 -0.0947265625
4932 -0.037109375
4933 -0.0947265625
4934 -0.08203125
4935 -0.0625
4936 -0.013671875
4937 -0.08203125
4938 -0.06640625
4939 -0.0546875
4940 -0.0078125
4941 -0.0537109375
4942 -0.0078125
4943 0.00390625
4944 0.05078125
4945 -0.0029296875
4946 -0.0576171875
4947 -0.041015625
4948 0.0078125
4949 -0.0625
4950 -0.0166015625
4951 -0.0009765625
4952 0.0458984375
4953 -0.0087890625
4954 0.0244140625
4955 0.03515625
4956 0.07421875
4957 0.0087890625
4958 -0.02734375
4959 -0.021484375
4960 0.0205078125
4961 -0.0615234375
4962 -0.015625
4963 -0.0029296875
4964 0.044921875
4965 -0.05859375
4966 -0.0859375
4967 -0.0693359375
4968 -0.0166015625
4969 -0.1552734375
4970 -0.1259765625
4971 -0.09765625
4972 -0.0380859375
4973 -0.1220703125
4974 -0.0966796875
4975 -0.076171875
4976 -0.0244140625
4977 -0.09375
4978 -0.076171875
4979 -0.05859375
4980 -0.0078125
4981 -0.115234375
4982 -0.0966796875
4983 -0.0751953125
4984 -0.01953125
4985 -0.08984375
4986 -0.0712890625
4987 -0.0556640625
4988 -0.00390625
4989 -0.0849609375
4990 -0.0693359375
4991 -0.0546875
4992 -0.0029296875
4993 -0.1240234375
4994 -0.099609375
4995 -0.076171875
4996 -0.0205078125
4997 -0.087890625
4998 -0.0322265625
4999 -0.013671875
