x y
0 0.025390625
1 -0.0908203125
2 -0.068359375
3 -0.015625
4 -0.0234375
5 -0.4189453125
6 -0.076171875
7 -0.0029296875
8 -0.0341796875
9 -0.1513671875
10 -0.0625
11 0.0068359375
12 -0.0244140625
13 -0.1337890625
14 -0.005859375
15 0.068359375
16 0.029296875
17 -0.0810546875
18 -0.060546875
19 0.0166015625
20 -0.015625
21 -0.146484375
22 -0.0166015625
23 0.0615234375
24 0.0244140625
25 -0.1064453125
26 -0.0634765625
27 0.009765625
28 -0.021484375
29 -0.1357421875
30 -0.046875
31 0.0234375
32 -0.01171875
33 -0.1162109375
34 -0.0302734375
35 0.03515625
36 -0.001953125
37 -0.123046875
38 0.0009765625
39 0.0712890625
40 0.0361328125
41 -0.0537109375
42 0.060546875
43 0.1240234375
44 0.0771484375
45 0.0126953125
46 0.1162109375
47 0.1748046875
48 0.115234375
49 0.0205078125
50 0.068359375
51 0.1171875
52 0.05859375
53 -0.068359375
54 0.0419921875
55 0.10546875
56 0.0576171875
57 -0.0791015625
58 -0.0390625
59 0.025390625
60 -0.0087890625
61 -0.1240234375
62 -0.0390625
63 0.025390625
64 -0.0087890625
65 -0.1220703125
66 -0.0361328125
67 0.0244140625
68 -0.0087890625
69 -0.150390625
70 -0.0234375
71 0.0498046875
72 0.017578125
73 -0.0380859375
74 0.07421875
75 0.13671875
76 0.0849609375
77 -0.0087890625
78 0.0390625
79 0.0927734375
80 0.0400390625
81 -0.0908203125
82 0.0244140625
83 0.0908203125
84 0.0478515625
85 -0.0908203125
86 -0.0478515625
87 0.0185546875
88 -0.015625
89 -0.1318359375
90 -0.0439453125
91 0.0244140625
92 -0.013671875
93 -0.126953125
94 -0.0419921875
95 0.0283203125
96 -0.0126953125
97 -0.154296875
98 -0.025390625
99 0.0517578125
100 0.0146484375
101 -0.041015625
102 0.0732421875
103 0.1376953125
104 0.0849609375
105 -0.0107421875
106 0.0400390625
107 0.0927734375
108 0.0390625
109 -0.091796875
110 0.025390625
111 0.08984375
112 0.046875
113 -0.091796875
114 -0.0498046875
115 0.017578125
116 -0.0185546875
117 -0.1328125
118 -0.0458984375
119 0.0224609375
120 -0.013671875
121 -0.1259765625
122 -0.0419921875
123 0.0234375
124 -0.0107421875
125 -0.15625
126 -0.0263671875
127 0.0478515625
128 0.015625
129 -0.0419921875
130 0.0712890625
131 0.1357421875
132 0.0830078125
133 -0.013671875
134 0.0380859375
135 0.091796875
136 0.0380859375
137 -0.0927734375
138 0.0224609375
139 0.0888671875
140 0.044921875
141 -0.0927734375
142 -0.0517578125
143 0.017578125
144 -0.0185546875
145 -0.1337890625
146 -0.0458984375
147 0.0224609375
148 -0.0146484375
149 -0.1279296875
150 -0.0419921875
151 0.0234375
152 -0.01171875
153 -0.1552734375
154 -0.0244140625
155 0.05078125
156 0.015625
157 -0.0419921875
158 0.072265625
159 0.1357421875
160 0.0830078125
161 -0.0126953125
162 0.0380859375
163 0.09375
164 0.0380859375
165 -0.0908203125
166 0.0244140625
167 0.0908203125
168 0.044921875
169 -0.091796875
170 -0.0498046875
171 0.0166015625
172 -0.017578125
173 -0.1328125
174 -0.0458984375
175 0.0205078125
176 -0.013671875
177 -0.1298828125
178 -0.04296875
179 0.0205078125
180 -0.0107421875
181 -0.1572265625
182 -0.02734375
183 0.046875
184 0.013671875
185 -0.041015625
186 0.0712890625
187 0.134765625
188 0.0810546875
189 -0.01171875
190 0.0380859375
191 0.0908203125
192 0.0361328125
193 -0.0927734375
194 0.0234375
195 0.0869140625
196 0.044921875
197 -0.09375
198 -0.0498046875
199 0.0166015625
200 -0.017578125
201 -0.1328125
202 -0.0458984375
203 0.021484375
204 -0.013671875
205 -0.1279296875
206 -0.04296875
207 0.0234375
208 -0.0126953125
209 -0.1552734375
210 -0.0283203125
211 0.0478515625
212 0.0146484375
213 -0.0400390625
214 0.072265625
215 0.13671875
216 0.08203125
217 -0.01171875
218 0.037109375
219 0.091796875
220 0.037109375
221 -0.09375
222 0.0234375
223 0.0888671875
224 0.0458984375
225 -0.09375
226 -0.0517578125
227 0.015625
228 -0.01953125
229 -0.13671875
230 -0.0478515625
231 0.0224609375
232 -0.017578125
233 -0.130859375
234 -0.04296875
235 0.0224609375
236 -0.0146484375
237 -0.1572265625
238 -0.0283203125
239 0.046875
240 0.013671875
241 -0.0439453125
242 0.0703125
243 0.134765625
244 0.08203125
245 -0.013671875
246 0.0380859375
247 0.091796875
248 0.0361328125
249 -0.0947265625
250 0.0234375
251 0.08984375
252 0.0439453125
253 -0.09375
254 -0.052734375
255 0.0166015625
256 -0.0185546875
257 -0.1328125
258 -0.0458984375
259 0.0234375
260 -0.0146484375
261 -0.126953125
262 -0.0419921875
263 0.0263671875
264 -0.01171875
265 -0.154296875
266 -0.025390625
267 0.048828125
268 0.0166015625
269 -0.041015625
270 0.072265625
271 0.1357421875
272 0.0830078125
273 -0.01171875
274 0.0380859375
275 0.0927734375
276 0.037109375
277 -0.0927734375
278 0.0224609375
279 0.08984375
280 0.0439453125
281 -0.0908203125
282 -0.0498046875
283 0.01953125
284 -0.0185546875
285 -0.130859375
286 -0.0458984375
287 0.021484375
288 -0.013671875
289 -0.1279296875
290 -0.041015625
291 0.0224609375
292 -0.01171875
293 -0.154296875
294 -0.02734375
295 0.046875
296 0.015625
297 -0.0400390625
298 0.0703125
299 0.1318359375
300 0.08203125
301 -0.0107421875
302 0.0380859375
303 0.0888671875
304 0.0380859375
305 -0.091796875
306 0.0224609375
307 0.0869140625
308 0.0439453125
309 -0.0908203125
310 -0.05078125
311 0.017578125
312 -0.017578125
313 -0.1318359375
314 -0.044921875
315 0.01953125
316 -0.0146484375
317 -0.1259765625
318 -0.0419921875
319 0.021484375
320 -0.01171875
321 -0.1533203125
322 -0.0283203125
323 0.044921875
324 0.013671875
325 -0.041015625
326 0.0693359375
327 0.1328125
328 0.08203125
329 -0.0107421875
330 0.0361328125
331 0.0888671875
332 0.037109375
333 -0.0908203125
334 0.0234375
335 0.0869140625
336 0.044921875
337 -0.0908203125
338 -0.048828125
339 0.0146484375
340 -0.0166015625
341 -0.130859375
342 -0.0458984375
343 0.021484375
344 -0.015625
345 -0.1298828125
346 -0.0439453125
347 0.0234375
348 -0.013671875
349 -0.1552734375
350 -0.0283203125
351 0.0458984375
352 0.013671875
353 -0.0400390625
354 0.0703125
355 0.1318359375
356 0.0830078125
357 -0.0126953125
358 0.0380859375
359 0.0888671875
360 0.0380859375
361 -0.0927734375
362 0.0234375
363 0.08203125
364 0.0458984375
365 -0.091796875
366 -0.052734375
367 0.0107421875
368 -0.017578125
369 -0.130859375
370 -0.0478515625
371 0.015625
372 -0.0146484375
373 -0.1279296875
374 -0.04296875
375 0.0185546875
376 -0.0126953125
377 -0.1494140625
378 -0.0263671875
379 0.041015625
380 0.015625
381 -0.037109375
382 0.072265625
383 0.12890625
384 0.083984375
385 -0.0087890625
386 0.0380859375
387 0.0859375
388 0.0400390625
389 -0.0859375
390 0.021484375
391 0.0830078125
392 0.046875
393 -0.087890625
394 -0.0517578125
395 0.0107421875
396 -0.015625
397 -0.1259765625
398 -0.046875
399 0.0166015625
400 -0.013671875
401 -0.1240234375
402 -0.04296875
403 0.0166015625
404 -0.0107421875
405 -0.150390625
406 -0.0283203125
407 0.04296875
408 0.0166015625
409 -0.0380859375
410 0.0703125
411 0.1298828125
412 0.0830078125
413 -0.0107421875
414 0.037109375
415 0.0859375
416 0.037109375
417 -0.08984375
418 0.021484375
419 0.083984375
420 0.044921875
421 -0.0908203125
422 -0.0537109375
423 0.01171875
424 -0.0185546875
425 -0.1318359375
426 -0.0478515625
427 0.0146484375
428 -0.0146484375
429 -0.1259765625
430 -0.0439453125
431 0.01953125
432 -0.01171875
433 -0.15234375
434 -0.0283203125
435 0.0419921875
436 0.013671875
437 -0.037109375
438 0.0693359375
439 0.1298828125
440 0.0830078125
441 -0.0107421875
442 0.037109375
443 0.0869140625
444 0.037109375
445 -0.0908203125
446 0.0205078125
447 0.0830078125
448 0.0458984375
449 -0.091796875
450 -0.0517578125
451 0.01171875
452 -0.0166015625
453 -0.130859375
454 -0.0458984375
455 0.0185546875
456 -0.0126953125
457 -0.125
458 -0.0439453125
459 0.01953125
460 -0.0126953125
461 -0.1533203125
462 -0.0283203125
463 0.0439453125
464 0.0146484375
465 -0.0390625
466 0.068359375
467 0.1298828125
468 0.0810546875
469 -0.0107421875
470 0.0361328125
471 0.0849609375
472 0.0361328125
473 -0.09375
474 0.021484375
475 0.0830078125
476 0.0439453125
477 -0.0908203125
478 -0.0517578125
479 0.01171875
480 -0.01953125
481 -0.1298828125
482 -0.0478515625
483 0.017578125
484 -0.0146484375
485 -0.1259765625
486 -0.041015625
487 0.0205078125
488 -0.0107421875
489 -0.150390625
490 -0.0263671875
491 0.046875
492 0.015625
493 -0.0380859375
494 0.0712890625
495 0.1328125
496 0.083984375
497 -0.0107421875
498 0.0380859375
499 0.0888671875
500 0.0380859375
501 -0.0888671875
502 0.0234375
503 0.087890625
504 0.0458984375
505 -0.0888671875
506 -0.048828125
507 0.0146484375
508 -0.017578125
509 -0.1279296875
510 -0.0458984375
511 0.021484375
512 -0.013671875
513 -0.126953125
514 -0.04296875
515 0.01953125
516 -0.0126953125
517 -0.1552734375
518 -0.02734375
519 0.044921875
520 0.0146484375
521 -0.041015625
522 0.0712890625
523 0.1298828125
524 0.0810546875
525 -0.0107421875
526 0.037109375
527 0.0869140625
528 0.0380859375
529 -0.091796875
530 0.0224609375
531 0.087890625
532 0.0439453125
533 -0.08984375
534 -0.0517578125
535 0.017578125
536 -0.017578125
537 -0.1318359375
538 -0.0458984375
539 0.021484375
540 -0.013671875
541 -0.1279296875
542 -0.041015625
543 0.0234375
544 -0.0126953125
545 -0.1552734375
546 -0.02734375
547 0.046875
548 0.0146484375
549 -0.04296875
550 0.0703125
551 0.13671875
552 0.0810546875
553 -0.0126953125
554 0.0380859375
555 0.0927734375
556 0.0361328125
557 -0.09375
558 0.0244140625
559 0.0908203125
560 0.0439453125
561 -0.09375
562 -0.05078125
563 0.0166015625
564 -0.0185546875
565 -0.1357421875
566 -0.046875
567 0.0224609375
568 -0.0146484375
569 -0.130859375
570 -0.041015625
571 0.0244140625
572 -0.0146484375
573 -0.1572265625
574 -0.0283203125
575 0.048828125
576 0.0126953125
577 -0.0439453125
578 0.0712890625
579 0.1357421875
580 0.0810546875
581 -0.0126953125
582 0.0390625
583 0.09375
584 0.037109375
585 -0.09765625
586 0.0224609375
587 0.0888671875
588 0.0439453125
589 -0.0947265625
590 -0.0517578125
591 0.0185546875
592 -0.0185546875
593 -0.1357421875
594 -0.0458984375
595 0.0244140625
596 -0.015625
597 -0.1318359375
598 -0.04296875
599 0.0283203125
600 -0.013671875
601 -0.1552734375
602 -0.0263671875
603 0.0498046875
604 0.013671875
605 -0.04296875
606 0.072265625
607 0.1376953125
608 0.0830078125
609 -0.013671875
610 0.0390625
611 0.09375
612 0.0380859375
613 -0.095703125
614 0.025390625
615 0.08984375
616 0.0439453125
617 -0.0927734375
618 -0.05078125
619 0.0166015625
620 -0.0185546875
621 -0.134765625
622 -0.0458984375
623 0.0234375
624 -0.013671875
625 -0.1298828125
626 -0.0439453125
627 0.025390625
628 -0.013671875
629 -0.1572265625
630 -0.025390625
631 0.048828125
632 0.0146484375
633 -0.044921875
634 0.0712890625
635 0.134765625
636 0.08203125
637 -0.0126953125
638 0.0390625
639 0.091796875
640 0.037109375
641 -0.09375
642 0.0234375
643 0.08984375
644 0.0439453125
645 -0.0927734375
646 -0.0517578125
647 0.0185546875
648 -0.0185546875
649 -0.1337890625
650 -0.044921875
651 0.0234375
652 -0.0146484375
653 -0.12890625
654 -0.0419921875
655 0.0244140625
656 -0.0126953125
657 -0.1572265625
658 -0.0263671875
659 0.046875
660 0.013671875
661 -0.04296875
662 0.0703125
663 0.134765625
664 0.0810546875
665 -0.01171875
666 0.037109375
667 0.0908203125
668 0.0361328125
669 -0.09375
670 0.0224609375
671 0.087890625
672 0.044921875
673 -0.091796875
674 -0.0517578125
675 0.0146484375
676 -0.0185546875
677 -0.1337890625
678 -0.0458984375
679 0.0205078125
680 -0.0146484375
681 -0.12890625
682 -0.04296875
683 0.021484375
684 -0.01171875
685 -0.15625
686 -0.0302734375
687 0.044921875
688 0.0146484375
689 -0.0419921875
690 0.0693359375
691 0.1328125
692 0.08203125
693 -0.01171875
694 0.037109375
695 0.0927734375
696 0.0361328125
697 -0.095703125
698 0.0224609375
699 0.087890625
700 0.0439453125
701 -0.09375
702 -0.05078125
703 0.0166015625
704 -0.017578125
705 -0.134765625
706 -0.044921875
707 0.0234375
708 -0.0146484375
709 -0.1298828125
710 -0.04296875
711 0.0234375
712 -0.013671875
713 -0.1552734375
714 -0.0263671875
715 0.048828125
716 0.0146484375
717 -0.041015625
718 0.072265625
719 0.134765625
720 0.08203125
721 -0.0126953125
722 0.0380859375
723 0.08984375
724 0.037109375
725 -0.091796875
726 0.0244140625
727 0.0908203125
728 0.044921875
729 -0.08984375
730 -0.0498046875
731 0.0166015625
732 -0.015625
733 -0.130859375
734 -0.046875
735 0.0224609375
736 -0.0126953125
737 -0.1259765625
738 -0.041015625
739 0.0234375
740 -0.01171875
741 -0.154296875
742 -0.0263671875
743 0.046875
744 0.015625
745 -0.0419921875
746 0.0703125
747 0.1337890625
748 0.0830078125
749 -0.01171875
750 0.0390625
751 0.08984375
752 0.037109375
753 -0.0947265625
754 0.0224609375
755 0.0888671875
756 0.044921875
757 -0.0927734375
758 -0.0517578125
759 0.0166015625
760 -0.0185546875
761 -0.1328125
762 -0.046875
763 0.0224609375
764 -0.0146484375
765 -0.1259765625
766 -0.0419921875
767 0.0205078125
768 -0.0126953125
769 -0.1552734375
770 -0.02734375
771 0.0439453125
772 0.015625
773 -0.0390625
774 0.0712890625
775 0.1318359375
776 0.083984375
777 -0.0107421875
778 0.037109375
779 0.0888671875
780 0.0390625
781 -0.0908203125
782 0.0234375
783 0.087890625
784 0.0458984375
785 -0.0888671875
786 -0.048828125
787 0.0146484375
788 -0.017578125
789 -0.1298828125
790 -0.0458984375
791 0.021484375
792 -0.0146484375
793 -0.126953125
794 -0.04296875
795 0.0205078125
796 -0.0126953125
797 -0.154296875
798 -0.02734375
799 0.044921875
800 0.0146484375
801 -0.041015625
802 0.0703125
803 0.130859375
804 0.0810546875
805 -0.0107421875
806 0.03515625
807 0.0859375
808 0.0361328125
809 -0.0908203125
810 0.01953125
811 0.0810546875
812 0.0439453125
813 -0.0908203125
814 -0.052734375
815 0.0107421875
816 -0.017578125
817 -0.130859375
818 -0.0458984375
819 0.015625
820 -0.013671875
821 -0.1259765625
822 -0.0419921875
823 0.01953125
824 -0.01171875
825 -0.1513671875
826 -0.02734375
827 0.046875
828 0.0146484375
829 -0.0380859375
830 0.0703125
831 0.1328125
832 0.0830078125
833 -0.009765625
834 0.0361328125
835 0.0888671875
836 0.0380859375
837 -0.0908203125
838 0.0244140625
839 0.0849609375
840 0.0458984375
841 -0.08984375
842 -0.05078125
843 0.01171875
844 -0.017578125
845 -0.12890625
846 -0.046875
847 0.017578125
848 -0.0126953125
849 -0.1259765625
850 -0.0439453125
851 0.01953125
852 -0.013671875
853 -0.15234375
854 -0.029296875
855 0.0439453125
856 0.0146484375
857 -0.0400390625
858 0.0703125
859 0.130859375
860 0.0830078125
861 -0.009765625
862 0.0380859375
863 0.0888671875
864 0.037109375
865 -0.0947265625
866 0.021484375
867 0.0869140625
868 0.0439453125
869 -0.0908203125
870 -0.05078125
871 0.015625
872 -0.0166015625
873 -0.12890625
874 -0.0458984375
875 0.0185546875
876 -0.013671875
877 -0.126953125
878 -0.0419921875
879 0.0224609375
880 -0.01171875
881 -0.154296875
882 -0.0283203125
883 0.0439453125
884 0.0146484375
885 -0.0390625
886 0.0712890625
887 0.1318359375
888 0.08203125
889 -0.0107421875
890 0.0380859375
891 0.08984375
892 0.0380859375
893 -0.0927734375
894 0.0234375
895 0.087890625
896 0.044921875
897 -0.091796875
898 -0.0517578125
899 0.015625
900 -0.0185546875
901 -0.1318359375
902 -0.046875
903 0.0205078125
904 -0.013671875
905 -0.1298828125
906 -0.0439453125
907 0.0205078125
908 -0.0126953125
909 -0.1572265625
910 -0.02734375
911 0.0458984375
912 0.013671875
913 -0.041015625
914 0.0703125
915 0.1328125
916 0.08203125
917 -0.01171875
918 0.037109375
919 0.0908203125
920 0.037109375
921 -0.0947265625
922 0.01953125
923 0.0869140625
924 0.044921875
925 -0.0947265625
926 -0.052734375
927 0.0126953125
928 -0.0185546875
929 -0.1328125
930 -0.0458984375
931 0.0185546875
932 -0.013671875
933 -0.1279296875
934 -0.041015625
935 0.0224609375
936 -0.01171875
937 -0.154296875
938 -0.025390625
939 0.046875
940 0.013671875
941 -0.0390625
942 0.0712890625
943 0.1337890625
944 0.0830078125
945 -0.0107421875
946 0.037109375
947 0.0908203125
948 0.037109375
949 -0.091796875
950 0.0234375
951 0.0859375
952 0.044921875
953 -0.0927734375
954 -0.0498046875
955 0.0126953125
956 -0.017578125
957 -0.1298828125
958 -0.046875
959 0.0205078125
960 -0.013671875
961 -0.1279296875
962 -0.0419921875
963 0.021484375
964 -0.0126953125
965 -0.1552734375
966 -0.0283203125
967 0.0478515625
968 0.013671875
969 -0.041015625
970 0.072265625
971 0.134765625
972 0.0810546875
973 -0.0107421875
974 0.0380859375
975 0.0908203125
976 0.0380859375
977 -0.091796875
978 0.0234375
979 0.087890625
980 0.044921875
981 -0.091796875
982 -0.0517578125
983 0.0146484375
984 -0.017578125
985 -0.1318359375
986 -0.0478515625
987 0.0205078125
988 -0.013671875
989 -0.1259765625
990 -0.0439453125
991 0.0224609375
992 -0.01171875
993 -0.154296875
994 -0.02734375
995 0.044921875
996 0.015625
997 -0.041015625
998 0.0703125
999 0.130859375
1000 0.08203125
1001 -0.0107421875
1002 0.037109375
1003 0.0888671875
1004 0.0380859375
1005 -0.0927734375
1006 0.0234375
1007 0.087890625
1008 0.044921875
1009 -0.0927734375
1010 -0.0517578125
1011 0.0146484375
1012 -0.0185546875
1013 -0.1318359375
1014 -0.0458984375
1015 0.0224609375
1016 -0.0126953125
1017 -0.1279296875
1018 -0.0439453125
1019 0.021484375
1020 -0.0126953125
1021 -0.1572265625
1022 -0.0283203125
1023 0.044921875
1024 0.015625
1025 -0.04296875
1026 0.0712890625
1027 0.134765625
1028 0.0810546875
1029 -0.0126953125
1030 0.0380859375
1031 0.0947265625
1032 0.0380859375
1033 -0.09375
1034 0.021484375
1035 0.08984375
1036 0.04296875
1037 -0.0947265625
1038 -0.052734375
1039 0.017578125
1040 -0.0185546875
1041 -0.134765625
1042 -0.046875
1043 0.021484375
1044 -0.015625
1045 -0.130859375
1046 -0.0419921875
1047 0.025390625
1048 -0.013671875
1049 -0.1572265625
1050 -0.0263671875
1051 0.0478515625
1052 0.013671875
1053 -0.041015625
1054 0.0712890625
1055 0.134765625
1056 0.0810546875
1057 -0.0107421875
1058 0.0380859375
1059 0.08984375
1060 0.0380859375
1061 -0.091796875
1062 0.0234375
1063 0.087890625
1064 0.0458984375
1065 -0.0947265625
1066 -0.05078125
1067 0.0146484375
1068 -0.01953125
1069 -0.1328125
1070 -0.044921875
1071 0.021484375
1072 -0.0126953125
1073 -0.130859375
1074 -0.0419921875
1075 0.025390625
1076 -0.0126953125
1077 -0.1591796875
1078 -0.0283203125
1079 0.0517578125
1080 0.0126953125
1081 -0.04296875
1082 0.072265625
1083 0.1357421875
1084 0.08203125
1085 -0.0126953125
1086 0.0390625
1087 0.09375
1088 0.0361328125
1089 -0.0966796875
1090 0.0234375
1091 0.08984375
1092 0.0439453125
1093 -0.0947265625
1094 -0.0537109375
1095 0.017578125
1096 -0.01953125
1097 -0.134765625
1098 -0.046875
1099 0.0224609375
1100 -0.015625
1101 -0.1298828125
1102 -0.0439453125
1103 0.0244140625
1104 -0.013671875
1105 -0.1572265625
1106 -0.0263671875
1107 0.05078125
1108 0.0146484375
1109 -0.0419921875
1110 0.0703125
1111 0.1376953125
1112 0.08203125
1113 -0.0126953125
1114 0.0390625
1115 0.0908203125
1116 0.0390625
1117 -0.0947265625
1118 0.0234375
1119 0.087890625
1120 0.0439453125
1121 -0.09375
1122 -0.0517578125
1123 0.0146484375
1124 -0.0185546875
1125 -0.1337890625
1126 -0.046875
1127 0.021484375
1128 -0.013671875
1129 -0.1298828125
1130 -0.0419921875
1131 0.0224609375
1132 -0.01171875
1133 -0.1591796875
1134 -0.0283203125
1135 0.0439453125
1136 0.0146484375
1137 -0.0439453125
1138 0.072265625
1139 0.1337890625
1140 0.08203125
1141 -0.0146484375
1142 0.0361328125
1143 0.0908203125
1144 0.0361328125
1145 -0.095703125
1146 0.021484375
1147 0.087890625
1148 0.0419921875
1149 -0.0947265625
1150 -0.052734375
1151 0.0166015625
1152 -0.0185546875
1153 -0.1328125
1154 -0.046875
1155 0.021484375
1156 -0.013671875
1157 -0.12890625
1158 -0.041015625
1159 0.0244140625
1160 -0.0107421875
1161 -0.15625
1162 -0.025390625
1163 0.0498046875
1164 0.015625
1165 -0.0400390625
1166 0.072265625
1167 0.134765625
1168 0.0830078125
1169 -0.009765625
1170 0.0390625
1171 0.0908203125
1172 0.0380859375
1173 -0.0908203125
1174 0.025390625
1175 0.0908203125
1176 0.046875
1177 -0.0927734375
1178 -0.048828125
1179 0.01953125
1180 -0.017578125
1181 -0.1328125
1182 -0.044921875
1183 0.021484375
1184 -0.0126953125
1185 -0.12890625
1186 -0.041015625
1187 0.0234375
1188 -0.0107421875
1189 -0.158203125
1190 -0.0283203125
1191 0.0478515625
1192 0.013671875
1193 -0.0419921875
1194 0.0703125
1195 0.1357421875
1196 0.0810546875
1197 -0.0126953125
1198 0.0380859375
1199 0.0927734375
1200 0.0380859375
1201 -0.095703125
1202 0.0244140625
1203 0.0888671875
1204 0.0458984375
1205 -0.091796875
1206 -0.0498046875
1207 0.0185546875
1208 -0.017578125
1209 -0.1337890625
1210 -0.0458984375
1211 0.021484375
1212 -0.0146484375
1213 -0.12890625
1214 -0.0419921875
1215 0.025390625
1216 -0.0126953125
1217 -0.15625
1218 -0.02734375
1219 0.046875
1220 0.015625
1221 -0.041015625
1222 0.072265625
1223 0.1376953125
1224 0.08203125
1225 -0.0107421875
1226 0.0380859375
1227 0.0908203125
1228 0.0380859375
1229 -0.09375
1230 0.0244140625
1231 0.0888671875
1232 0.0458984375
1233 -0.09375
1234 -0.05078125
1235 0.0166015625
1236 -0.017578125
1237 -0.1337890625
1238 -0.046875
1239 0.021484375
1240 -0.0146484375
1241 -0.12890625
1242 -0.04296875
1243 0.0244140625
1244 -0.0126953125
1245 -0.1591796875
1246 -0.02734375
1247 0.048828125
1248 0.013671875
1249 -0.0439453125
1250 0.0712890625
1251 0.13671875
1252 0.08203125
1253 -0.013671875
1254 0.0380859375
1255 0.09375
1256 0.037109375
1257 -0.0947265625
1258 0.021484375
1259 0.087890625
1260 0.04296875
1261 -0.09375
1262 -0.052734375
1263 0.0166015625
1264 -0.0166015625
1265 -0.1337890625
1266 -0.046875
1267 0.0224609375
1268 -0.013671875
1269 -0.1298828125
1270 -0.04296875
1271 0.0263671875
1272 -0.01171875
1273 -0.1552734375
1274 -0.025390625
1275 0.0478515625
1276 0.015625
1277 -0.0380859375
1278 0.0712890625
1279 0.1318359375
1280 0.083984375
1281 -0.009765625
1282 0.0380859375
1283 0.0888671875
1284 0.0380859375
1285 -0.0927734375
1286 0.0205078125
1287 0.0859375
1288 0.044921875
1289 -0.0927734375
1290 -0.052734375
1291 0.013671875
1292 -0.01953125
1293 -0.1328125
1294 -0.046875
1295 0.01953125
1296 -0.0126953125
1297 -0.1279296875
1298 -0.0439453125
1299 0.021484375
1300 -0.0107421875
1301 -0.1552734375
1302 -0.0263671875
1303 0.044921875
1304 0.015625
1305 -0.0400390625
1306 0.072265625
1307 0.1318359375
1308 0.083984375
1309 -0.009765625
1310 0.037109375
1311 0.0888671875
1312 0.0400390625
1313 -0.0908203125
1314 0.0224609375
1315 0.0849609375
1316 0.0458984375
1317 -0.0927734375
1318 -0.0517578125
1319 0.013671875
1320 -0.017578125
1321 -0.1318359375
1322 -0.046875
1323 0.0205078125
1324 -0.01171875
1325 -0.126953125
1326 -0.0419921875
1327 0.021484375
1328 -0.0126953125
1329 -0.154296875
1330 -0.0302734375
1331 0.0439453125
1332 0.0146484375
1333 -0.0380859375
1334 0.0693359375
1335 0.1328125
1336 0.08203125
1337 -0.009765625
1338 0.0380859375
1339 0.0888671875
1340 0.037109375
1341 -0.09375
1342 0.0224609375
1343 0.0849609375
1344 0.0458984375
1345 -0.091796875
1346 -0.0517578125
1347 0.0107421875
1348 -0.017578125
1349 -0.1298828125
1350 -0.046875
1351 0.0185546875
1352 -0.013671875
1353 -0.126953125
1354 -0.04296875
1355 0.0205078125
1356 -0.0126953125
1357 -0.154296875
1358 -0.029296875
1359 0.0419921875
1360 0.0146484375
1361 -0.0400390625
1362 0.0712890625
1363 0.130859375
1364 0.08203125
1365 -0.009765625
1366 0.0400390625
1367 0.087890625
1368 0.0380859375
1369 -0.09375
1370 0.021484375
1371 0.0849609375
1372 0.044921875
1373 -0.0927734375
1374 -0.0537109375
1375 0.013671875
1376 -0.0185546875
1377 -0.1328125
1378 -0.046875
1379 0.0205078125
1380 -0.0146484375
1381 -0.12890625
1382 -0.0439453125
1383 0.021484375
1384 -0.013671875
1385 -0.154296875
1386 -0.0263671875
1387 0.0478515625
1388 0.015625
1389 -0.041015625
1390 0.0732421875
1391 0.1357421875
1392 0.0830078125
1393 -0.01171875
1394 0.0390625
1395 0.0908203125
1396 0.0380859375
1397 -0.091796875
1398 0.0244140625
1399 0.0888671875
1400 0.0458984375
1401 -0.08984375
1402 -0.0498046875
1403 0.015625
1404 -0.017578125
1405 -0.1318359375
1406 -0.0439453125
1407 0.0234375
1408 -0.013671875
1409 -0.1298828125
1410 -0.041015625
1411 0.025390625
1412 -0.01171875
1413 -0.15625
1414 -0.0263671875
1415 0.0498046875
1416 0.015625
1417 -0.0419921875
1418 0.0712890625
1419 0.134765625
1420 0.0830078125
1421 -0.0107421875
1422 0.0380859375
1423 0.0927734375
1424 0.037109375
1425 -0.0947265625
1426 0.0234375
1427 0.0908203125
1428 0.044921875
1429 -0.091796875
1430 -0.05078125
1431 0.0166015625
1432 -0.0185546875
1433 -0.1337890625
1434 -0.044921875
1435 0.021484375
1436 -0.0126953125
1437 -0.1259765625
1438 -0.0390625
1439 0.025390625
1440 -0.0107421875
1441 -0.130859375
1442 -0.0068359375
1443 0.064453125
1444 0.02734375
1445 -0.080078125
1446 -0.0302734375
1447 0.033203125
1448 -0.0068359375
1449 -0.119140625
1450 -0.0400390625
1451 0.02734375
1452 -0.0087890625
1453 -0.1298828125
1454 -0.0439453125
1455 0.021484375
1456 -0.0126953125
1457 -0.177734375
1458 -0.083984375
1459 -0.0146484375
1460 -0.0400390625
1461 -0.1982421875
1462 -0.0625
1463 0.021484375
1464 -0.00390625
1465 -0.0771484375
1466 0.0400390625
1467 0.107421875
1468 0.0625
1469 0.0029296875
1470 0.1064453125
1471 0.1640625
1472 0.109375
1473 0.01171875
1474 0.056640625
1475 0.1044921875
1476 0.0517578125
1477 -0.0654296875
1478 0.044921875
1479 0.103515625
1480 0.060546875
1481 -0.0185546875
1482 0.0869140625
1483 0.1435546875
1484 0.0908203125
1485 -0.0087890625
1486 0.0322265625
1487 0.0830078125
1488 0.03515625
1489 -0.0712890625
1490 0.0380859375
1491 0.1005859375
1492 0.0556640625
1493 -0.0087890625
1494 0.091796875
1495 0.1494140625
1496 0.09375
1497 -0.0068359375
1498 0.0322265625
1499 0.0869140625
1500 0.03515625
1501 -0.0615234375
1502 0.0166015625
1503 0.0703125
1504 0.021484375
1505 -0.1396484375
1506 -0.017578125
1507 0.0498046875
1508 0.0185546875
1509 -0.1005859375
1510 0.015625
1511 0.08203125
1512 0.0380859375
1513 -0.103515625
1514 -0.0625
1515 0.0078125
1516 -0.025390625
1517 -0.142578125
1518 -0.017578125
1519 0.0537109375
1520 0.01953125
1521 -0.052734375
1522 0.0595703125
1523 0.1201171875
1524 0.072265625
1525 -0.052734375
1526 -0.0166015625
1527 0.0419921875
1528 0.0029296875
1529 -0.103515625
1530 0.0126953125
1531 0.076171875
1532 0.0380859375
1533 -0.0634765625
1534 -0.015625
1535 0.041015625
1536 0.0
1537 -0.0888671875
1538 0.0244140625
1539 0.0888671875
1540 0.046875
1541 -0.0009765625
1542 0.1005859375
1543 0.15625
1544 0.099609375
1545 -0.025390625
1546 0.076171875
1547 0.1279296875
1548 0.0791015625
1549 -0.087890625
1550 -0.046875
1551 0.013671875
1552 -0.01953125
1553 -0.130859375
1554 -0.044921875
1555 0.0166015625
1556 -0.0205078125
1557 -0.1884765625
1558 -0.1123046875
1559 -0.0361328125
1560 -0.060546875
1561 -0.177734375
1562 -0.046875
1563 0.0283203125
1564 -0.001953125
1565 -0.09765625
1566 -0.0478515625
1567 0.017578125
1568 -0.015625
1569 -0.119140625
1570 0.001953125
1571 0.068359375
1572 0.03125
1573 -0.03515625
1574 0.0732421875
1575 0.1337890625
1576 0.080078125
1577 -0.0126953125
1578 0.029296875
1579 0.08203125
1580 0.0322265625
1581 -0.064453125
1582 0.0146484375
1583 0.068359375
1584 0.017578125
1585 -0.1396484375
1586 -0.01953125
1587 0.048828125
1588 0.0146484375
1589 -0.1005859375
1590 0.0126953125
1591 0.076171875
1592 0.037109375
1593 -0.10546875
1594 -0.0615234375
1595 0.0048828125
1596 -0.02734375
1597 -0.146484375
1598 -0.0185546875
1599 0.0517578125
1600 0.0185546875
1601 -0.0693359375
1602 0.0439453125
1603 0.1083984375
1604 0.0615234375
1605 -0.060546875
1606 -0.021484375
1607 0.0400390625
1608 -0.0009765625
1609 -0.111328125
1610 0.0087890625
1611 0.076171875
1612 0.0341796875
1613 -0.064453125
1614 -0.0166015625
1615 0.04296875
1616 0.0
1617 -0.1259765625
1618 -0.0029296875
1619 0.064453125
1620 0.0263671875
1621 -0.1005859375
1622 -0.052734375
1623 0.01171875
1624 -0.0234375
1625 -0.134765625
1626 -0.044921875
1627 0.0224609375
1628 -0.01953125
1629 -0.1904296875
1630 -0.1103515625
1631 -0.029296875
1632 -0.060546875
1633 -0.1796875
1634 -0.0419921875
1635 0.0380859375
1636 0.0009765625
1637 -0.0947265625
1638 -0.04296875
1639 0.02734375
1640 -0.01171875
1641 -0.1171875
1642 0.0068359375
1643 0.0791015625
1644 0.0341796875
1645 -0.0341796875
1646 0.080078125
1647 0.142578125
1648 0.0830078125
1649 -0.01171875
1650 0.0322265625
1651 0.091796875
1652 0.0341796875
1653 -0.0615234375
1654 0.021484375
1655 0.08203125
1656 0.0244140625
1657 -0.0625
1658 0.0537109375
1659 0.1201171875
1660 0.0654296875
1661 0.00390625
1662 0.1142578125
1663 0.1767578125
1664 0.1083984375
1665 -0.0029296875
1666 0.1044921875
1667 0.1630859375
1668 0.095703125
1669 -0.0283203125
1670 0.080078125
1671 0.1416015625
1672 0.0771484375
1673 -0.0634765625
1674 -0.0224609375
1675 0.0419921875
1676 -0.0078125
1677 -0.1298828125
1678 -0.00390625
1679 0.068359375
1680 0.0205078125
1681 -0.0546875
1682 0.060546875
1683 0.125
1684 0.0654296875
1685 -0.060546875
1686 -0.0185546875
1687 0.046875
1688 -0.001953125
1689 -0.1171875
1690 0.0068359375
1691 0.0771484375
1692 0.0302734375
1693 -0.0751953125
1694 -0.0234375
1695 0.0400390625
1696 -0.009765625
1697 -0.103515625
1698 0.015625
1699 0.087890625
1700 0.0361328125
1701 -0.0146484375
1702 0.095703125
1703 0.16015625
1704 0.0927734375
1705 0.033203125
1706 0.13671875
1707 0.1943359375
1708 0.1220703125
1709 0.056640625
1710 0.15625
1711 0.2119140625
1712 0.1357421875
1713 0.0107421875
1714 0.111328125
1715 0.1650390625
1716 0.095703125
1717 -0.0703125
1718 -0.03125
1719 0.0322265625
1720 -0.0185546875
1721 -0.1357421875
1722 -0.0478515625
1723 0.0185546875
1724 -0.029296875
1725 -0.201171875
1726 -0.1220703125
1727 -0.0439453125
1728 -0.0751953125
1729 -0.1962890625
1730 -0.05859375
1731 0.01953125
1732 -0.0166015625
1733 -0.115234375
1734 -0.0625
1735 0.0078125
1736 -0.0322265625
1737 -0.1484375
1738 -0.021484375
1739 0.0517578125
1740 0.0087890625
1741 -0.0693359375
1742 0.044921875
1743 0.1103515625
1744 0.0537109375
1745 -0.0458984375
1746 -0.001953125
1747 0.05859375
1748 0.0048828125
1749 -0.0908203125
1750 -0.00390625
1751 0.056640625
1752 0.001953125
1753 -0.0927734375
1754 0.0224609375
1755 0.0908203125
1756 0.0400390625
1757 -0.0224609375
1758 0.0859375
1759 0.146484375
1760 0.0859375
1761 0.01953125
1762 0.123046875
1763 0.1796875
1764 0.109375
1765 0.044921875
1766 0.142578125
1767 0.197265625
1768 0.1240234375
1769 0.01171875
1770 0.1083984375
1771 0.1630859375
1772 0.0947265625
1773 -0.0302734375
1774 0.0693359375
1775 0.126953125
1776 0.0634765625
1777 -0.080078125
1778 -0.0390625
1779 0.021484375
1780 -0.025390625
1781 -0.150390625
1782 -0.0234375
1783 0.0478515625
1784 0.0029296875
1785 -0.0771484375
1786 0.0400390625
1787 0.1044921875
1788 0.0458984375
1789 -0.080078125
1790 -0.0390625
1791 0.0263671875
1792 -0.0224609375
1793 -0.134765625
1794 -0.013671875
1795 0.056640625
1796 0.0087890625
1797 -0.095703125
1798 -0.0439453125
1799 0.0185546875
1800 -0.029296875
1801 -0.1240234375
1802 -0.0029296875
1803 0.06640625
1804 0.0185546875
1805 -0.0322265625
1806 0.0771484375
1807 0.138671875
1808 0.076171875
1809 0.0107421875
1810 0.1103515625
1811 0.169921875
1812 0.1005859375
1813 0.03515625
1814 0.1337890625
1815 0.189453125
1816 0.115234375
1817 -0.005859375
1818 0.08984375
1819 0.14453125
1820 0.0791015625
1821 -0.0869140625
1822 -0.048828125
1823 0.0087890625
1824 -0.0361328125
1825 -0.1494140625
1826 -0.0625
1827 -0.001953125
1828 -0.0419921875
1829 -0.216796875
1830 -0.1376953125
1831 -0.060546875
1832 -0.0869140625
1833 -0.208984375
1834 -0.0771484375
1835 0.0009765625
1836 -0.0302734375
1837 -0.126953125
1838 -0.078125
1839 -0.0068359375
1840 -0.0458984375
1841 -0.1875
1842 -0.060546875
1843 0.015625
1844 -0.0185546875
1845 -0.111328125
1846 0.0068359375
1847 0.0732421875
1848 0.025390625
1849 -0.0732421875
1850 -0.029296875
1851 0.03125
1852 -0.015625
1853 -0.1064453125
1854 -0.0224609375
1855 0.03515625
1856 -0.0146484375
1857 -0.1083984375
1858 0.00390625
1859 0.07421875
1860 0.0263671875
1861 -0.03515625
1862 0.0712890625
1863 0.1318359375
1864 0.072265625
1865 0.005859375
1866 0.1044921875
1867 0.1591796875
1868 0.0966796875
1869 0.0341796875
1870 0.12890625
1871 0.181640625
1872 0.1142578125
1873 0.005859375
1874 0.1005859375
1875 0.15234375
1876 0.0888671875
1877 -0.0322265625
1878 0.0654296875
1879 0.1201171875
1880 0.060546875
1881 -0.078125
1882 -0.0390625
1883 0.01953125
1884 -0.0263671875
1885 -0.1455078125
1886 -0.0283203125
1887 0.0390625
1888 -0.001953125
1889 -0.0771484375
1890 0.0322265625
1891 0.0908203125
1892 0.0400390625
1893 -0.0859375
1894 -0.048828125
1895 0.0107421875
1896 -0.029296875
1897 -0.138671875
1898 -0.021484375
1899 0.04296875
1900 0.0029296875
1901 -0.1015625
1902 -0.052734375
1903 0.0068359375
1904 -0.0341796875
1905 -0.12890625
1906 -0.0126953125
1907 0.0556640625
1908 0.009765625
1909 -0.0361328125
1910 0.0693359375
1911 0.12890625
1912 0.0693359375
1913 0.0087890625
1914 0.107421875
1915 0.1630859375
1916 0.095703125
1917 0.033203125
1918 0.1298828125
1919 0.18359375
1920 0.111328125
1921 -0.009765625
1922 0.0859375
1923 0.138671875
1924 0.0732421875
1925 -0.0888671875
1926 -0.052734375
1927 0.0068359375
1928 -0.0390625
1929 -0.15234375
1930 -0.068359375
1931 -0.00390625
1932 -0.0478515625
1933 -0.216796875
1934 -0.142578125
1935 -0.068359375
1936 -0.091796875
1937 -0.2099609375
1938 -0.078125
1939 -0.0048828125
1940 -0.0341796875
1941 -0.1318359375
1942 -0.0810546875
1943 -0.0126953125
1944 -0.0498046875
1945 -0.1611328125
1946 -0.0361328125
1947 0.0341796875
1948 -0.005859375
1949 -0.0791015625
1950 0.0322265625
1951 0.0966796875
1952 0.041015625
1953 -0.052734375
1954 -0.01171875
1955 0.0478515625
1956 -0.0048828125
1957 -0.099609375
1958 -0.017578125
1959 0.0390625
1960 -0.0107421875
1961 -0.1083984375
1962 0.005859375
1963 0.0712890625
1964 0.0234375
1965 -0.0400390625
1966 0.06640625
1967 0.1240234375
1968 0.068359375
1969 -0.0068359375
1970 0.0927734375
1971 0.1494140625
1972 0.0859375
1973 0.0234375
1974 0.1220703125
1975 0.17578125
1976 0.10546875
1977 0.0
1978 0.0927734375
1979 0.1474609375
1980 0.0810546875
1981 -0.0380859375
1982 0.0595703125
1983 0.11328125
1984 0.0537109375
1985 -0.0888671875
1986 -0.05078125
1987 0.0087890625
1988 -0.0341796875
1989 -0.158203125
1990 -0.0361328125
1991 0.03125
1992 -0.009765625
1993 -0.0966796875
1994 0.013671875
1995 0.078125
1996 0.02734375
1997 -0.095703125
1998 -0.05859375
1999 0.00390625
2000 -0.0361328125
2001 -0.1455078125
2002 -0.0283203125
2003 0.0380859375
2004 -0.00390625
2005 -0.1044921875
2006 -0.0546875
2007 0.005859375
2008 -0.0361328125
2009 -0.1787109375
2010 -0.0546875
2011 0.0185546875
2012 -0.017578125
2013 -0.14453125
2014 -0.0966796875
2015 -0.029296875
2016 -0.064453125
2017 -0.1728515625
2018 -0.0849609375
2019 -0.0146484375
2020 -0.0537109375
2021 -0.22265625
2022 -0.1455078125
2023 -0.064453125
2024 -0.0908203125
2025 -0.208984375
2026 -0.076171875
2027 0.0029296875
2028 -0.029296875
2029 -0.1279296875
2030 -0.0751953125
2031 -0.0078125
2032 -0.0439453125
2033 -0.1962890625
2034 -0.0654296875
2035 0.009765625
2036 -0.021484375
2037 -0.12109375
2038 -0.0009765625
2039 0.0673828125
2040 0.021484375
2041 -0.07421875
2042 -0.0322265625
2043 0.029296875
2044 -0.0146484375
2045 -0.1064453125
2046 -0.021484375
2047 0.0380859375
2048 -0.009765625
2049 -0.107421875
2050 0.009765625
2051 0.076171875
2052 0.0302734375
2053 -0.041015625
2054 0.0673828125
2055 0.126953125
2056 0.0712890625
2057 0.001953125
2058 0.1044921875
2059 0.158203125
2060 0.0947265625
2061 0.0322265625
2062 0.12890625
2063 0.1845703125
2064 0.1142578125
2065 0.005859375
2066 0.1015625
2067 0.1552734375
2068 0.08984375
2069 -0.03125
2070 0.068359375
2071 0.12109375
2072 0.0625
2073 -0.076171875
2074 -0.037109375
2075 0.0205078125
2076 -0.0244140625
2077 -0.1435546875
2078 -0.025390625
2079 0.0400390625
2080 0.0009765625
2081 -0.07421875
2082 0.03515625
2083 0.09375
2084 0.04296875
2085 -0.080078125
2086 -0.0439453125
2087 0.017578125
2088 -0.025390625
2089 -0.134765625
2090 -0.0185546875
2091 0.046875
2092 0.0087890625
2093 -0.0947265625
2094 -0.0498046875
2095 0.005859375
2096 -0.0322265625
2097 -0.125
2098 -0.0107421875
2099 0.0537109375
2100 0.0126953125
2101 -0.0302734375
2102 0.0703125
2103 0.126953125
2104 0.072265625
2105 0.009765625
2106 0.1025390625
2107 0.1552734375
2108 0.095703125
2109 0.037109375
2110 0.126953125
2111 0.17578125
2112 0.1103515625
2113 -0.0068359375
2114 0.083984375
2115 0.1328125
2116 0.0751953125
2117 -0.0869140625
2118 -0.0546875
2119 0.0
2120 -0.037109375
2121 -0.1474609375
2122 -0.0673828125
2123 -0.009765625
2124 -0.044921875
2125 -0.2158203125
2126 -0.1396484375
2127 -0.0693359375
2128 -0.0908203125
2129 -0.205078125
2130 -0.078125
2131 -0.005859375
2132 -0.03125
2133 -0.1259765625
2134 -0.0810546875
2135 -0.0146484375
2136 -0.0478515625
2137 -0.15625
2138 -0.0400390625
2139 0.0302734375
2140 -0.005859375
2141 -0.078125
2142 0.0302734375
2143 0.087890625
2144 0.0419921875
2145 -0.052734375
2146 -0.0126953125
2147 0.041015625
2148 -0.00390625
2149 -0.095703125
2150 -0.017578125
2151 0.0341796875
2152 -0.0107421875
2153 -0.1005859375
2154 0.0087890625
2155 0.072265625
2156 0.0263671875
2157 -0.0322265625
2158 0.068359375
2159 0.125
2160 0.0673828125
2161 0.0029296875
2162 0.099609375
2163 0.1513671875
2164 0.0908203125
2165 0.0302734375
2166 0.1240234375
2167 0.1728515625
2168 0.107421875
2169 0.0009765625
2170 0.0947265625
2171 0.1435546875
2172 0.0830078125
2173 -0.037109375
2174 0.0576171875
2175 0.109375
2176 0.0537109375
2177 -0.087890625
2178 -0.05078125
2179 0.005859375
2180 -0.0361328125
2181 -0.154296875
2182 -0.0380859375
2183 0.0283203125
2184 -0.009765625
2185 -0.095703125
2186 0.0126953125
2187 0.0751953125
2188 0.02734375
2189 -0.091796875
2190 -0.052734375
2191 0.00390625
2192 -0.033203125
2193 -0.1435546875
2194 -0.025390625
2195 0.0400390625
2196 -0.0009765625
2197 -0.1015625
2198 -0.052734375
2199 0.005859375
2200 -0.037109375
2201 -0.17578125
2202 -0.0537109375
2203 0.015625
2204 -0.0185546875
2205 -0.142578125
2206 -0.0966796875
2207 -0.03125
2208 -0.0615234375
2209 -0.1708984375
2210 -0.08203125
2211 -0.017578125
2212 -0.052734375
2213 -0.2216796875
2214 -0.1416015625
2215 -0.0673828125
2216 -0.0888671875
2217 -0.208984375
2218 -0.0732421875
2219 0.0
2220 -0.029296875
2221 -0.1259765625
2222 -0.0771484375
2223 -0.0078125
2224 -0.044921875
2225 -0.1953125
2226 -0.068359375
2227 0.009765625
2228 -0.0224609375
2229 -0.119140625
2230 -0.001953125
2231 0.064453125
2232 0.0205078125
2233 -0.0751953125
2234 -0.03125
2235 0.029296875
2236 -0.013671875
2237 -0.107421875
2238 -0.0224609375
2239 0.0390625
2240 -0.0107421875
2241 -0.1083984375
2242 0.0107421875
2243 0.0810546875
2244 0.0283203125
2245 -0.04296875
2246 0.068359375
2247 0.130859375
2248 0.0693359375
2249 0.001953125
2250 0.103515625
2251 0.162109375
2252 0.095703125
2253 0.0302734375
2254 0.1318359375
2255 0.1875
2256 0.11328125
2257 0.0029296875
2258 0.1025390625
2259 0.1572265625
2260 0.0888671875
2261 -0.0322265625
2262 0.0712890625
2263 0.1259765625
2264 0.0625
2265 -0.072265625
2266 -0.0322265625
2267 0.0263671875
2268 -0.0224609375
2269 -0.14453125
2270 -0.0244140625
2271 0.044921875
2272 0.0
2273 -0.076171875
2274 0.0361328125
2275 0.09765625
2276 0.04296875
2277 -0.0849609375
2278 -0.044921875
2279 0.0166015625
2280 -0.02734375
2281 -0.1396484375
2282 -0.01953125
2283 0.0517578125
2284 0.0048828125
2285 -0.0986328125
2286 -0.048828125
2287 0.01171875
2288 -0.0322265625
2289 -0.130859375
2290 -0.009765625
2291 0.0595703125
2292 0.0107421875
2293 -0.037109375
2294 0.0703125
2295 0.1328125
2296 0.0703125
2297 0.00390625
2298 0.1044921875
2299 0.1630859375
2300 0.09375
2301 0.0302734375
2302 0.126953125
2303 0.1806640625
2304 0.109375
2305 -0.01171875
2306 0.0859375
2307 0.13671875
2308 0.0732421875
2309 -0.091796875
2310 -0.0517578125
2311 0.0048828125
2312 -0.0400390625
2313 -0.15234375
2314 -0.0673828125
2315 -0.0068359375
2316 -0.044921875
2317 -0.216796875
2318 -0.140625
2319 -0.0634765625
2320 -0.0908203125
2321 -0.2099609375
2322 -0.0771484375
2323 0.0
2324 -0.033203125
2325 -0.1298828125
2326 -0.0791015625
2327 -0.009765625
2328 -0.048828125
2329 -0.1630859375
2330 -0.037109375
2331 0.0341796875
2332 -0.0048828125
2333 -0.08203125
2334 0.03125
2335 0.09375
2336 0.041015625
2337 -0.0556640625
2338 -0.0126953125
2339 0.0458984375
2340 -0.005859375
2341 -0.1015625
2342 -0.017578125
2343 0.041015625
2344 -0.013671875
2345 -0.10546875
2346 0.0087890625
2347 0.076171875
2348 0.025390625
2349 -0.0380859375
2350 0.0693359375
2351 0.126953125
2352 0.068359375
2353 -0.001953125
2354 0.1005859375
2355 0.1552734375
2356 0.08984375
2357 0.02734375
2358 0.125
2359 0.1796875
2360 0.1083984375
2361 0.0009765625
2362 0.095703125
2363 0.146484375
2364 0.0810546875
2365 -0.037109375
2366 0.0595703125
2367 0.11328125
2368 0.0556640625
2369 -0.083984375
2370 -0.044921875
2371 0.0107421875
2372 -0.0322265625
2373 -0.1533203125
2374 -0.033203125
2375 0.0322265625
2376 -0.005859375
2377 -0.0830078125
2378 0.02734375
2379 0.0869140625
2380 0.037109375
2381 -0.08203125
2382 -0.044921875
2383 0.013671875
2384 -0.0283203125
2385 -0.150390625
2386 -0.0322265625
2387 0.03515625
2388 -0.0048828125
2389 -0.109375
2390 -0.0615234375
2391 -0.0009765625
2392 -0.0419921875
2393 -0.15234375
2394 -0.03515625
2395 0.033203125
2396 -0.00390625
2397 -0.048828125
2398 0.056640625
2399 0.1142578125
2400 0.0595703125
2401 0.001953125
2402 0.1005859375
2403 0.15234375
2404 0.0908203125
2405 0.03125
2406 0.1240234375
2407 0.1728515625
2408 0.1064453125
2409 -0.0107421875
2410 0.0771484375
2411 0.1259765625
2412 0.0693359375
2413 -0.091796875
2414 -0.0576171875
2415 -0.00390625
2416 -0.0419921875
2417 -0.15625
2418 -0.076171875
2419 -0.017578125
2420 -0.0517578125
2421 -0.2333984375
2422 -0.1572265625
2423 -0.083984375
2424 -0.099609375
2425 -0.24609375
2426 -0.111328125
2427 -0.0302734375
2428 -0.052734375
2429 -0.1279296875
2430 -0.0126953125
2431 0.0517578125
2432 0.0126953125
2433 -0.12109375
2434 -0.08203125
2435 -0.0185546875
2436 -0.0498046875
2437 -0.1708984375
2438 -0.0859375
2439 -0.0224609375
2440 -0.052734375
2441 -0.158203125
2442 -0.076171875
2443 -0.0146484375
2444 -0.044921875
2445 -0.1611328125
2446 -0.041015625
2447 0.0244140625
2448 -0.0087890625
2449 -0.09375
2450 0.0166015625
2451 0.0771484375
2452 0.0322265625
2453 -0.025390625
2454 0.0732421875
2455 0.130859375
2456 0.0751953125
2457 -0.0205078125
2458 0.025390625
2459 0.0732421875
2460 0.017578125
2461 -0.1083984375
2462 0.0
2463 0.060546875
2464 0.01953125
2465 -0.1181640625
2466 -0.080078125
2467 -0.015625
2468 -0.046875
2469 -0.162109375
2470 -0.078125
2471 -0.0146484375
2472 -0.0458984375
2473 -0.1572265625
2474 -0.0771484375
2475 -0.0126953125
2476 -0.0458984375
2477 -0.185546875
2478 -0.060546875
2479 0.013671875
2480 -0.0185546875
2481 -0.0732421875
2482 0.0361328125
2483 0.0986328125
2484 0.0498046875
2485 -0.04296875
2486 0.0048828125
2487 0.056640625
2488 0.005859375
2489 -0.123046875
2490 -0.0078125
2491 0.0546875
2492 0.0146484375
2493 -0.1220703125
2494 -0.08203125
2495 -0.0146484375
2496 -0.0478515625
2497 -0.16015625
2498 -0.0771484375
2499 -0.0107421875
2500 -0.04296875
2501 -0.1552734375
2502 -0.0712890625
2503 -0.005859375
2504 -0.0400390625
2505 -0.1806640625
2506 -0.0556640625
2507 0.0185546875
2508 -0.01171875
2509 -0.068359375
2510 0.044921875
2511 0.1064453125
2512 0.0556640625
2513 -0.0380859375
2514 0.0107421875
2515 0.0625
2516 0.0126953125
2517 -0.115234375
2518 -0.001953125
2519 0.0615234375
2520 0.0205078125
2521 -0.115234375
2522 -0.0771484375
2523 -0.0078125
2524 -0.0419921875
2525 -0.1572265625
2526 -0.0693359375
2527 -0.0029296875
2528 -0.0380859375
2529 -0.1513671875
2530 -0.06640625
2531 -0.001953125
2532 -0.0361328125
2533 -0.1806640625
2534 -0.05078125
2535 0.021484375
2536 -0.0078125
2537 -0.0625
2538 0.048828125
2539 0.109375
2540 0.0576171875
2541 -0.033203125
2542 0.0146484375
2543 0.06640625
2544 0.0146484375
2545 -0.11328125
2546 0.0
2547 0.0654296875
2548 0.0234375
2549 -0.1123046875
2550 -0.07421875
2551 -0.0068359375
2552 -0.0380859375
2553 -0.1533203125
2554 -0.06640625
2555 0.0
2556 -0.0341796875
2557 -0.1494140625
2558 -0.0615234375
2559 0.001953125
2560 -0.0302734375
2561 -0.1728515625
2562 -0.0458984375
2563 0.029296875
2564 -0.00390625
2565 -0.060546875
2566 0.052734375
2567 0.1171875
2568 0.0634765625
2569 -0.029296875
2570 0.0205078125
2571 0.0751953125
2572 0.0205078125
2573 -0.1103515625
2574 0.0068359375
2575 0.0712890625
2576 0.029296875
2577 -0.1103515625
2578 -0.0673828125
2579 -0.0009765625
2580 -0.0341796875
2581 -0.150390625
2582 -0.0625
2583 0.00390625
2584 -0.03125
2585 -0.1455078125
2586 -0.060546875
2587 0.0048828125
2588 -0.029296875
2589 -0.1708984375
2590 -0.0439453125
2591 0.0302734375
2592 -0.001953125
2593 -0.0556640625
2594 0.0537109375
2595 0.1162109375
2596 0.0673828125
2597 -0.0244140625
2598 0.0224609375
2599 0.0751953125
2600 0.0224609375
2601 -0.1064453125
2602 0.0087890625
2603 0.072265625
2604 0.033203125
2605 -0.1083984375
2606 -0.0673828125
2607 0.0
2608 -0.0322265625
2609 -0.1455078125
2610 -0.0615234375
2611 0.005859375
2612 -0.02734375
2613 -0.142578125
2614 -0.0576171875
2615 0.0087890625
2616 -0.02734375
2617 -0.1689453125
2618 -0.041015625
2619 0.033203125
2620 0.0009765625
2621 -0.0537109375
2622 0.0576171875
2623 0.1201171875
2624 0.0693359375
2625 -0.0263671875
2626 0.025390625
2627 0.078125
2628 0.0244140625
2629 -0.1064453125
2630 0.009765625
2631 0.0751953125
2632 0.03125
2633 -0.1064453125
2634 -0.06640625
2635 0.001953125
2636 -0.0322265625
2637 -0.1435546875
2638 -0.0576171875
2639 0.009765625
2640 -0.0263671875
2641 -0.1396484375
2642 -0.0556640625
2643 0.009765625
2644 -0.0244140625
2645 -0.1669921875
2646 -0.041015625
2647 0.0341796875
2648 0.0048828125
2649 -0.05078125
2650 0.0595703125
2651 0.1220703125
2652 0.072265625
2653 -0.021484375
2654 0.025390625
2655 0.076171875
2656 0.0283203125
2657 -0.1015625
2658 0.01171875
2659 0.0751953125
2660 0.0341796875
2661 -0.1015625
2662 -0.0625
2663 0.0029296875
2664 -0.02734375
2665 -0.138671875
2666 -0.0576171875
2667 0.0078125
2668 -0.0234375
2669 -0.134765625
2670 -0.05078125
2671 0.01171875
2672 -0.0205078125
2673 -0.1630859375
2674 -0.03515625
2675 0.03515625
2676 0.005859375
2677 -0.048828125
2678 0.0615234375
2679 0.1220703125
2680 0.072265625
2681 -0.01953125
2682 0.0283203125
2683 0.0791015625
2684 0.0283203125
2685 -0.0986328125
2686 0.0146484375
2687 0.0771484375
2688 0.037109375
2689 -0.09765625
2690 -0.05859375
2691 0.005859375
2692 -0.0244140625
2693 -0.1396484375
2694 -0.0537109375
2695 0.01171875
2696 -0.01953125
2697 -0.1357421875
2698 -0.0517578125
2699 0.013671875
2700 -0.0205078125
2701 -0.1611328125
2702 -0.037109375
2703 0.0361328125
2704 0.0078125
2705 -0.044921875
2706 0.0615234375
2707 0.123046875
2708 0.0751953125
2709 -0.017578125
2710 0.0302734375
2711 0.0810546875
2712 0.03125
2713 -0.099609375
2714 0.0146484375
2715 0.0791015625
2716 0.0390625
2717 -0.09765625
2718 -0.0595703125
2719 0.0078125
2720 -0.0244140625
2721 -0.138671875
2722 -0.0537109375
2723 0.0126953125
2724 -0.021484375
2725 -0.134765625
2726 -0.05078125
2727 0.0146484375
2728 -0.0205078125
2729 -0.162109375
2730 -0.0341796875
2731 0.0390625
2732 0.0078125
2733 -0.044921875
2734 0.0634765625
2735 0.1259765625
2736 0.0751953125
2737 -0.0185546875
2738 0.0302734375
2739 0.0830078125
2740 0.0322265625
2741 -0.0986328125
2742 0.0166015625
2743 0.0810546875
2744 0.041015625
2745 -0.09765625
2746 -0.05859375
2747 0.0087890625
2748 -0.0224609375
2749 -0.138671875
2750 -0.0537109375
2751 0.015625
2752 -0.01953125
2753 -0.1337890625
2754 -0.048828125
2755 0.0185546875
2756 -0.0185546875
2757 -0.1630859375
2758 -0.03515625
2759 0.04296875
2760 0.0087890625
2761 -0.046875
2762 0.064453125
2763 0.126953125
2764 0.0771484375
2765 -0.0166015625
2766 0.0341796875
2767 0.0849609375
2768 0.03125
2769 -0.1005859375
2770 0.0166015625
2771 0.0830078125
2772 0.0390625
2773 -0.099609375
2774 -0.0595703125
2775 0.009765625
2776 -0.025390625
2777 -0.138671875
2778 -0.0537109375
2779 0.015625
2780 -0.01953125
2781 -0.1337890625
2782 -0.048828125
2783 0.017578125
2784 -0.017578125
2785 -0.162109375
2786 -0.0322265625
2787 0.041015625
2788 0.0107421875
2789 -0.0439453125
2790 0.06640625
2791 0.1279296875
2792 0.078125
2793 -0.0166015625
2794 0.0322265625
2795 0.0849609375
2796 0.033203125
2797 -0.0966796875
2798 0.0185546875
2799 0.0830078125
2800 0.0400390625
2801 -0.0966796875
2802 -0.0556640625
2803 0.009765625
2804 -0.0224609375
2805 -0.13671875
2806 -0.0498046875
2807 0.0166015625
2808 -0.0185546875
2809 -0.1328125
2810 -0.0478515625
2811 0.017578125
2812 -0.017578125
2813 -0.16015625
2814 -0.0322265625
2815 0.0390625
2816 0.009765625
2817 -0.0458984375
2818 0.0654296875
2819 0.126953125
2820 0.078125
2821 -0.0146484375
2822 0.033203125
2823 0.083984375
2824 0.0322265625
2825 -0.0966796875
2826 0.017578125
2827 0.080078125
2828 0.0400390625
2829 -0.0966796875
2830 -0.0576171875
2831 0.0078125
2832 -0.021484375
2833 -0.13671875
2834 -0.0498046875
2835 0.0146484375
2836 -0.0166015625
2837 -0.130859375
2838 -0.0458984375
2839 0.0166015625
2840 -0.015625
2841 -0.1572265625
2842 -0.0322265625
2843 0.0400390625
2844 0.01171875
2845 -0.0419921875
2846 0.0673828125
2847 0.12890625
2848 0.0791015625
2849 -0.013671875
2850 0.0341796875
2851 0.0849609375
2852 0.03515625
2853 -0.095703125
2854 0.01953125
2855 0.083984375
2856 0.04296875
2857 -0.095703125
2858 -0.0537109375
2859 0.0107421875
2860 -0.01953125
2861 -0.1376953125
2862 -0.05078125
2863 0.0166015625
2864 -0.017578125
2865 -0.1318359375
2866 -0.0478515625
2867 0.017578125
2868 -0.0166015625
2869 -0.158203125
2870 -0.033203125
2871 0.041015625
2872 0.0107421875
2873 -0.044921875
2874 0.0673828125
2875 0.12890625
2876 0.0791015625
2877 -0.0166015625
2878 0.0341796875
2879 0.08984375
2880 0.03515625
2881 -0.0986328125
2882 0.0185546875
2883 0.0849609375
2884 0.041015625
2885 -0.095703125
2886 -0.0537109375
2887 0.013671875
2888 -0.021484375
2889 -0.134765625
2890 -0.048828125
2891 0.0205078125
2892 -0.017578125
2893 -0.1318359375
2894 -0.0439453125
2895 0.021484375
2896 -0.015625
2897 -0.1572265625
2898 -0.0263671875
2899 0.044921875
2900 0.013671875
2901 -0.0439453125
2902 0.0703125
2903 0.1337890625
2904 0.08203125
2905 -0.0146484375
2906 0.0361328125
2907 0.08984375
2908 0.03515625
2909 -0.0947265625
2910 0.0224609375
2911 0.08984375
2912 0.04296875
2913 -0.0927734375
2914 -0.0517578125
2915 0.0166015625
2916 -0.01953125
2917 -0.134765625
2918 -0.048828125
2919 0.01953125
2920 -0.0166015625
2921 -0.130859375
2922 -0.0439453125
2923 0.0205078125
2924 -0.0146484375
2925 -0.158203125
2926 -0.02734375
2927 0.044921875
2928 0.013671875
2929 -0.04296875
2930 0.0693359375
2931 0.1318359375
2932 0.080078125
2933 -0.013671875
2934 0.03515625
2935 0.0908203125
2936 0.03515625
2937 -0.0947265625
2938 0.0224609375
2939 0.087890625
2940 0.0419921875
2941 -0.09375
2942 -0.05078125
2943 0.0146484375
2944 -0.01953125
2945 -0.1337890625
2946 -0.0458984375
2947 0.01953125
2948 -0.015625
2949 -0.12890625
2950 -0.0419921875
2951 0.0224609375
2952 -0.0146484375
2953 -0.1552734375
2954 -0.02734375
2955 0.0478515625
2956 0.0126953125
2957 -0.044921875
2958 0.0703125
2959 0.13671875
2960 0.080078125
2961 -0.013671875
2962 0.0361328125
2963 0.091796875
2964 0.03515625
2965 -0.095703125
2966 0.0224609375
2967 0.087890625
2968 0.04296875
2969 -0.0947265625
2970 -0.0517578125
2971 0.017578125
2972 -0.0205078125
2973 -0.1357421875
2974 -0.046875
2975 0.0224609375
2976 -0.015625
2977 -0.1328125
2978 -0.044921875
2979 0.0244140625
2980 -0.015625
2981 -0.16015625
2982 -0.029296875
2983 0.048828125
2984 0.0126953125
2985 -0.0458984375
2986 0.0703125
2987 0.134765625
2988 0.0810546875
2989 -0.015625
2990 0.0380859375
2991 0.0927734375
2992 0.0361328125
2993 -0.1015625
2994 0.021484375
2995 0.0908203125
2996 0.041015625
2997 -0.0966796875
2998 -0.052734375
2999 0.0205078125
3000 -0.021484375
3001 -0.1376953125
3002 -0.046875
3003 0.0244140625
3004 -0.017578125
3005 -0.130859375
3006 -0.04296875
3007 0.0263671875
3008 -0.0146484375
3009 -0.158203125
3010 -0.02734375
3011 0.0498046875
3012 0.0126953125
3013 -0.0458984375
3014 0.0703125
3015 0.1357421875
3016 0.080078125
3017 -0.015625
3018 0.037109375
3019 0.0927734375
3020 0.037109375
3021 -0.0986328125
3022 0.0234375
3023 0.0908203125
3024 0.04296875
3025 -0.0947265625
3026 -0.052734375
3027 0.0185546875
3028 -0.01953125
3029 -0.134765625
3030 -0.0478515625
3031 0.025390625
3032 -0.0166015625
3033 -0.130859375
3034 -0.0439453125
3035 0.0224609375
3036 -0.0146484375
3037 -0.16015625
3038 -0.0263671875
3039 0.0478515625
3040 0.0126953125
3041 -0.044921875
3042 0.0712890625
3043 0.1328125
3044 0.08203125
3045 -0.0126953125
3046 0.037109375
3047 0.091796875
3048 0.0361328125
3049 -0.0947265625
3050 0.021484375
3051 0.0888671875
3052 0.04296875
3053 -0.09375
3054 -0.0517578125
3055 0.017578125
3056 -0.01953125
3057 -0.1357421875
3058 -0.0478515625
3059 0.0205078125
3060 -0.015625
3061 -0.1337890625
3062 -0.04296875
3063 0.0234375
3064 -0.013671875
3065 -0.1591796875
3066 -0.0302734375
3067 0.0458984375
3068 0.0126953125
3069 -0.0439453125
3070 0.0693359375
3071 0.1337890625
3072 0.080078125
3073 -0.0126953125
3074 0.037109375
3075 0.0908203125
3076 0.03515625
3077 -0.09375
3078 0.0234375
3079 0.087890625
3080 0.044921875
3081 -0.0947265625
3082 -0.052734375
3083 0.0146484375
3084 -0.01953125
3085 -0.1318359375
3086 -0.046875
3087 0.0205078125
3088 -0.0146484375
3089 -0.1298828125
3090 -0.04296875
3091 0.0205078125
3092 -0.013671875
3093 -0.1572265625
3094 -0.0283203125
3095 0.0478515625
3096 0.0126953125
3097 -0.0419921875
3098 0.0693359375
3099 0.130859375
3100 0.0810546875
3101 -0.0107421875
3102 0.037109375
3103 0.0888671875
3104 0.0361328125
3105 -0.095703125
3106 0.021484375
3107 0.0849609375
3108 0.044921875
3109 -0.0947265625
3110 -0.0517578125
3111 0.0126953125
3112 -0.01953125
3113 -0.1328125
3114 -0.0478515625
3115 0.01953125
3116 -0.015625
3117 -0.1279296875
3118 -0.04296875
3119 0.0234375
3120 -0.013671875
3121 -0.1552734375
3122 -0.02734375
3123 0.048828125
3124 0.0146484375
3125 -0.041015625
3126 0.0712890625
3127 0.134765625
3128 0.0810546875
3129 -0.0126953125
3130 0.0380859375
3131 0.0908203125
3132 0.037109375
3133 -0.09375
3134 0.025390625
3135 0.0908203125
3136 0.0458984375
3137 -0.08984375
3138 -0.048828125
3139 0.017578125
3140 -0.017578125
3141 -0.1328125
3142 -0.0458984375
3143 0.0244140625
3144 -0.0146484375
3145 -0.1259765625
3146 -0.0419921875
3147 0.0234375
3148 -0.0126953125
3149 -0.15625
3150 -0.02734375
3151 0.0458984375
3152 0.0146484375
3153 -0.0439453125
3154 0.0693359375
3155 0.1337890625
3156 0.08203125
3157 -0.0126953125
3158 0.037109375
3159 0.0908203125
3160 0.0361328125
3161 -0.0947265625
3162 0.0224609375
3163 0.0869140625
3164 0.0439453125
3165 -0.0908203125
3166 -0.0517578125
3167 0.0166015625
3168 -0.017578125
3169 -0.130859375
3170 -0.0458984375
3171 0.0205078125
3172 -0.013671875
3173 -0.12890625
3174 -0.0419921875
3175 0.0234375
3176 -0.01171875
3177 -0.1552734375
3178 -0.0263671875
3179 0.0478515625
3180 0.0146484375
3181 -0.0400390625
3182 0.0712890625
3183 0.134765625
3184 0.0830078125
3185 -0.0107421875
3186 0.0380859375
3187 0.0908203125
3188 0.037109375
3189 -0.0927734375
3190 0.0234375
3191 0.0888671875
3192 0.0458984375
3193 -0.0908203125
3194 -0.0498046875
3195 0.0166015625
3196 -0.017578125
3197 -0.1337890625
3198 -0.0458984375
3199 0.0224609375
3200 -0.013671875
3201 -0.1298828125
3202 -0.0419921875
3203 0.0234375
3204 -0.0146484375
3205 -0.158203125
3206 -0.0302734375
3207 0.046875
3208 0.0126953125
3209 -0.0419921875
3210 0.0693359375
3211 0.1337890625
3212 0.0810546875
3213 -0.01171875
3214 0.037109375
3215 0.0888671875
3216 0.037109375
3217 -0.0947265625
3218 0.0224609375
3219 0.083984375
3220 0.0439453125
3221 -0.091796875
3222 -0.0517578125
3223 0.01171875
3224 -0.0185546875
3225 -0.130859375
3226 -0.0458984375
3227 0.0166015625
3228 -0.0146484375
3229 -0.1259765625
3230 -0.0419921875
3231 0.01953125
3232 -0.013671875
3233 -0.15234375
3234 -0.0283203125
3235 0.04296875
3236 0.0146484375
3237 -0.037109375
3238 0.0712890625
3239 0.1318359375
3240 0.0830078125
3241 -0.009765625
3242 0.0380859375
3243 0.087890625
3244 0.0390625
3245 -0.0908203125
3246 0.021484375
3247 0.0859375
3248 0.046875
3249 -0.091796875
3250 -0.05078125
3251 0.013671875
3252 -0.0185546875
3253 -0.1328125
3254 -0.0478515625
3255 0.0185546875
3256 -0.0146484375
3257 -0.1259765625
3258 -0.044921875
3259 0.021484375
3260 -0.0126953125
3261 -0.15625
3262 -0.0283203125
3263 0.0439453125
3264 0.0126953125
3265 -0.0419921875
3266 0.0703125
3267 0.1318359375
3268 0.08203125
3269 -0.01171875
3270 0.0390625
3271 0.08984375
3272 0.037109375
3273 -0.0947265625
3274 0.0224609375
3275 0.0869140625
3276 0.0439453125
3277 -0.0908203125
3278 -0.0517578125
3279 0.015625
3280 -0.0185546875
3281 -0.1328125
3282 -0.044921875
3283 0.0224609375
3284 -0.013671875
3285 -0.1259765625
3286 -0.0400390625
3287 0.02734375
3288 -0.0107421875
3289 -0.1328125
3290 -0.0078125
3291 0.0634765625
3292 0.02734375
3293 -0.083984375
3294 -0.03515625
3295 0.03125
3296 -0.0078125
3297 -0.166015625
3298 -0.091796875
3299 -0.0146484375
3300 -0.0419921875
3301 -0.13671875
3302 -0.0478515625
3303 0.0234375
3304 -0.0146484375
3305 -0.1787109375
3306 -0.11328125
3307 -0.0302734375
3308 -0.0498046875
3309 -0.2060546875
3310 -0.125
3311 -0.0400390625
3312 -0.056640625
3313 -0.16015625
3314 -0.06640625
3315 0.005859375
3316 -0.021484375
3317 -0.115234375
3318 -0.0263671875
3319 0.0380859375
3320 0.0009765625
3321 -0.107421875
3322 0.013671875
3323 0.083984375
3324 0.0439453125
3325 -0.0751953125
3326 -0.033203125
3327 0.0361328125
3328 -0.0009765625
3329 -0.1142578125
3330 -0.0322265625
3331 0.037109375
3332 0.0009765625
3333 -0.1181640625
3334 -0.0283203125
3335 0.037109375
3336 0.0009765625
3337 -0.107421875
3338 -0.021484375
3339 0.0458984375
3340 0.0078125
3341 -0.0947265625
3342 -0.0146484375
3343 0.0537109375
3344 0.0126953125
3345 -0.115234375
3346 -0.02734375
3347 0.0380859375
3348 -0.0009765625
3349 -0.1865234375
3350 -0.109375
3351 -0.0263671875
3352 -0.05078125
3353 -0.2080078125
3354 -0.12890625
3355 -0.0556640625
3356 -0.0478515625
3357 -0.140625
3358 -0.06640625
3359 -0.0126953125
3360 -0.013671875
3361 -0.140625
3362 -0.0693359375
3363 -0.015625
3364 -0.015625
3365 -0.1552734375
3366 -0.0419921875
3367 0.021484375
3368 0.01953125
3369 -0.0478515625
3370 0.044921875
3371 0.0966796875
3372 0.0791015625
3373 0.0302734375
3374 0.1142578125
3375 0.15625
3376 0.1240234375
3377 0.044921875
3378 0.06640625
3379 0.1015625
3380 0.072265625
3381 -0.0234375
3382 0.0283203125
3383 0.0693359375
3384 0.0458984375
3385 -0.056640625
3386 0.0078125
3387 0.0458984375
3388 0.025390625
3389 -0.076171875
3390 -0.0126953125
3391 0.0302734375
3392 0.013671875
3393 -0.09765625
3394 0.00390625
3395 0.056640625
3396 0.0439453125
3397 -0.103515625
3398 -0.0732421875
3399 -0.0166015625
3400 -0.0205078125
3401 -0.1953125
3402 -0.1357421875
3403 -0.06640625
3404 -0.0556640625
3405 -0.1572265625
3406 -0.076171875
3407 -0.017578125
3408 -0.021484375
3409 -0.1611328125
3410 -0.0830078125
3411 -0.0263671875
3412 -0.025390625
3413 -0.1552734375
3414 -0.0390625
3415 0.0234375
3416 0.021484375
3417 -0.05859375
3418 0.037109375
3419 0.087890625
3420 0.0732421875
3421 -0.0048828125
3422 0.080078125
3423 0.125
3424 0.1015625
3425 0.01953125
3426 0.1025390625
3427 0.142578125
3428 0.1142578125
3429 0.025390625
3430 0.1044921875
3431 0.14453125
3432 0.115234375
3433 0.015625
3434 0.0966796875
3435 0.134765625
3436 0.107421875
3437 0.001953125
3438 0.083984375
3439 0.1259765625
3440 0.0966796875
3441 0.037109375
3442 0.1181640625
3443 0.15625
3444 0.1201171875
3445 0.0166015625
3446 0.033203125
3447 0.068359375
3448 0.04296875
3449 -0.0673828125
3450 -0.009765625
3451 0.033203125
3452 0.017578125
3453 -0.125
3454 -0.05859375
3455 -0.0078125
3456 -0.015625
3457 -0.14453125
3458 -0.0361328125
3459 0.0224609375
3460 0.017578125
3461 -0.0634765625
3462 0.029296875
3463 0.0810546875
3464 0.0615234375
3465 -0.025390625
3466 0.0595703125
3467 0.1044921875
3468 0.080078125
3469 -0.0205078125
3470 0.0634765625
3471 0.1064453125
3472 0.0830078125
3473 -0.029296875
3474 0.05859375
3475 0.099609375
3476 0.078125
3477 0.0146484375
3478 0.0966796875
3479 0.1328125
3480 0.1015625
3481 -0.0185546875
3482 -0.0029296875
3483 0.0361328125
3484 0.0166015625
3485 -0.1376953125
3486 -0.033203125
3487 0.021484375
3488 0.015625
3489 -0.0947265625
3490 -0.0703125
3491 -0.01953125
3492 -0.0234375
3493 -0.1220703125
3494 -0.0166015625
3495 0.037109375
3496 0.0283203125
3497 -0.0625
3498 -0.05859375
3499 -0.0048828125
3500 -0.0126953125
3501 -0.09765625
3502 0.0009765625
3503 0.052734375
3504 0.0390625
3505 -0.048828125
3506 -0.025390625
3507 0.01953125
3508 0.005859375
3509 -0.0849609375
3510 -0.0283203125
3511 0.017578125
3512 0.005859375
3513 -0.1337890625
3514 -0.0703125
3515 -0.0185546875
3516 -0.0234375
3517 -0.15234375
3518 -0.083984375
3519 -0.0283203125
3520 -0.02734375
3521 -0.1796875
3522 -0.06640625
3523 -0.0029296875
3524 -0.0009765625
3525 -0.0869140625
3526 0.0107421875
3527 0.0634765625
3528 0.0517578125
3529 -0.037109375
3530 0.048828125
3531 0.0947265625
3532 0.0751953125
3533 -0.009765625
3534 0.0703125
3535 0.11328125
3536 0.0888671875
3537 0.0068359375
3538 0.0859375
3539 0.1240234375
3540 0.0986328125
3541 0.0087890625
3542 0.0869140625
3543 0.125
3544 0.0986328125
3545 0.0
3546 0.0771484375
3547 0.115234375
3548 0.0908203125
3549 -0.01953125
3550 0.060546875
3551 0.1005859375
3552 0.0791015625
3553 0.005859375
3554 0.0830078125
3555 0.1171875
3556 0.091796875
3557 -0.033203125
3558 -0.0205078125
3559 0.021484375
3560 0.0068359375
3561 -0.0908203125
3562 0.00390625
3563 0.0498046875
3564 0.0390625
3565 -0.0087890625
3566 0.072265625
3567 0.111328125
3568 0.0869140625
3569 0.037109375
3570 0.1123046875
3571 0.1455078125
3572 0.11328125
3573 0.056640625
3574 0.126953125
3575 0.1611328125
3576 0.123046875
3577 0.0234375
3578 0.037109375
3579 0.068359375
3580 0.0390625
3581 -0.0771484375
3582 -0.0263671875
3583 0.0126953125
3584 -0.0009765625
3585 -0.123046875
3586 -0.0595703125
3587 -0.013671875
3588 -0.0224609375
3589 -0.13671875
3590 -0.076171875
3591 -0.0263671875
3592 -0.03125
3593 -0.1435546875
3594 -0.0791015625
3595 -0.0283203125
3596 -0.033203125
3597 -0.1416015625
3598 -0.08203125
3599 -0.0302734375
3600 -0.0341796875
3601 -0.169921875
3602 -0.1015625
3603 -0.044921875
3604 -0.0458984375
3605 -0.146484375
3606 -0.04296875
3607 0.013671875
3608 0.0107421875
3609 -0.1181640625
3610 -0.0908203125
3611 -0.03515625
3612 -0.0361328125
3613 -0.1337890625
3614 -0.0673828125
3615 -0.0166015625
3616 -0.0224609375
3617 -0.125
3618 -0.0556640625
3619 -0.0107421875
3620 -0.0205078125
3621 -0.1279296875
3622 -0.0625
3623 -0.01171875
3624 -0.0185546875
3625 -0.1708984375
3626 -0.060546875
3627 -0.0009765625
3628 -0.0009765625
3629 -0.06640625
3630 0.0283203125
3631 0.07421875
3632 0.05859375
3633 -0.0712890625
3634 0.0224609375
3635 0.06640625
3636 0.0517578125
3637 -0.08984375
3638 -0.0703125
3639 -0.0205078125
3640 -0.0234375
3641 -0.1865234375
3642 -0.1142578125
3643 -0.0498046875
3644 -0.046875
3645 -0.1494140625
3646 -0.07421875
3647 -0.0234375
3648 -0.029296875
3649 -0.1083984375
3650 -0.009765625
3651 0.0439453125
3652 0.0361328125
3653 -0.0537109375
3654 -0.052734375
3655 0.001953125
3656 -0.0048828125
3657 -0.115234375
3658 -0.01171875
3659 0.041015625
3660 0.033203125
3661 -0.0576171875
3662 0.033203125
3663 0.0810546875
3664 0.06640625
3665 -0.0380859375
3666 -0.0166015625
3667 0.025390625
3668 0.01171875
3669 -0.10546875
3670 -0.0048828125
3671 0.0458984375
3672 0.03515625
3673 -0.1025390625
3674 -0.0751953125
3675 -0.0224609375
3676 -0.0263671875
3677 -0.2109375
3678 -0.1298828125
3679 -0.0625
3680 -0.0537109375
3681 -0.162109375
3682 -0.0859375
3683 -0.03125
3684 -0.0302734375
3685 -0.1640625
3686 -0.087890625
3687 -0.029296875
3688 -0.0302734375
3689 -0.1904296875
3690 -0.072265625
3691 -0.0068359375
3692 -0.0009765625
3693 -0.052734375
3694 0.04296875
3695 0.0908203125
3696 0.072265625
3697 -0.005859375
3698 0.0810546875
3699 0.1240234375
3700 0.099609375
3701 0.00390625
3702 0.087890625
3703 0.126953125
3704 0.1015625
3705 0.0419921875
3706 0.1181640625
3707 0.1513671875
3708 0.12109375
3709 0.0322265625
3710 0.0458984375
3711 0.08203125
3712 0.0537109375
3713 -0.0439453125
3714 0.009765625
3715 0.0498046875
3716 0.0302734375
3717 -0.076171875
3718 -0.0166015625
3719 0.025390625
3720 0.009765625
3721 -0.16015625
3722 -0.048828125
3723 0.0078125
3724 0.0068359375
3725 -0.1357421875
3726 -0.1044921875
3727 -0.044921875
3728 -0.041015625
3729 -0.21484375
3730 -0.0888671875
3731 -0.0185546875
3732 -0.01171875
3733 -0.0654296875
3734 0.0322265625
3735 0.080078125
3736 0.0615234375
3737 -0.0126953125
3738 0.0732421875
3739 0.1181640625
3740 0.0908203125
3741 0.001953125
3742 0.0849609375
3743 0.125
3744 0.09765625
3745 0.048828125
3746 0.126953125
3747 0.1611328125
3748 0.1259765625
3749 0.0146484375
3750 0.0322265625
3751 0.0673828125
3752 0.04296875
3753 -0.1357421875
3754 -0.0830078125
3755 -0.029296875
3756 -0.029296875
3757 -0.1318359375
3758 -0.06640625
3759 -0.0126953125
3760 -0.01953125
3761 -0.16015625
3762 -0.0869140625
3763 -0.03125
3764 -0.03515625
3765 -0.169921875
3766 -0.056640625
3767 0.005859375
3768 0.0048828125
3769 -0.083984375
3770 0.0126953125
3771 0.0654296875
3772 0.05078125
3773 -0.041015625
3774 0.0478515625
3775 0.091796875
3776 0.0732421875
3777 -0.0166015625
3778 0.06640625
3779 0.1083984375
3780 0.0849609375
3781 -0.0048828125
3782 0.0732421875
3783 0.115234375
3784 0.0908203125
3785 -0.005859375
3786 0.0712890625
3787 0.11328125
3788 0.087890625
3789 -0.0322265625
3790 0.052734375
3791 0.0927734375
3792 0.0712890625
3793 -0.015625
3794 0.0654296875
3795 0.107421875
3796 0.0830078125
3797 0.0322265625
3798 0.1103515625
3799 0.1455078125
3800 0.111328125
3801 0.0595703125
3802 0.1337890625
3803 0.16796875
3804 0.1279296875
3805 0.041015625
3806 0.060546875
3807 0.0888671875
3808 0.056640625
3809 -0.0712890625
3810 -0.0234375
3811 0.0166015625
3812 0.0
3813 -0.1455078125
3814 -0.080078125
3815 -0.0263671875
3816 -0.033203125
3817 -0.142578125
3818 -0.0361328125
3819 0.017578125
3820 0.009765625
3821 -0.029296875
3822 0.0595703125
3823 0.1015625
3824 0.076171875
3825 0.0439453125
3826 0.1220703125
3827 0.158203125
3828 0.12109375
3829 0.076171875
3830 0.1474609375
3831 0.1845703125
3832 0.138671875
3833 0.0791015625
3834 0.1484375
3835 0.1806640625
3836 0.1337890625
3837 0.083984375
3838 0.154296875
3839 0.185546875
3840 0.138671875
3841 0.05859375
3842 0.080078125
3843 0.1064453125
3844 0.0654296875
3845 -0.03125
3846 0.052734375
3847 0.091796875
3848 0.060546875
3849 -0.0341796875
3850 -0.013671875
3851 0.025390625
3852 -0.0029296875
3853 -0.103515625
3854 -0.0458984375
3855 0.0
3856 -0.01953125
3857 -0.1181640625
3858 -0.0556640625
3859 -0.009765625
3860 -0.02734375
3861 -0.1328125
3862 -0.068359375
3863 -0.021484375
3864 -0.0341796875
3865 -0.1357421875
3866 -0.068359375
3867 -0.0205078125
3868 -0.03515625
3869 -0.1767578125
3870 -0.1044921875
3871 -0.0517578125
3872 -0.0576171875
3873 -0.19921875
3874 -0.1220703125
3875 -0.0634765625
3876 -0.06640625
3877 -0.1904296875
3878 -0.080078125
3879 -0.015625
3880 -0.017578125
3881 -0.08203125
3882 0.013671875
3883 0.0615234375
3884 0.0419921875
3885 -0.0283203125
3886 0.056640625
3887 0.1005859375
3888 0.0703125
3889 0.0
3890 0.080078125
3891 0.1201171875
3892 0.087890625
3893 0.009765625
3894 0.087890625
3895 0.1259765625
3896 0.091796875
3897 0.03125
3898 0.1083984375
3899 0.14453125
3900 0.10546875
3901 0.02734375
3902 0.0439453125
3903 0.0791015625
3904 0.0419921875
3905 -0.0576171875
3906 -0.001953125
3907 0.03515625
3908 0.0078125
3909 -0.0927734375
3910 -0.0322265625
3911 0.0078125
3912 -0.0126953125
3913 -0.0966796875
3914 -0.001953125
3915 0.0458984375
3916 0.02734375
3917 -0.013671875
3918 0.072265625
3919 0.1103515625
3920 0.0791015625
3921 -0.01953125
3922 -0.0009765625
3923 0.033203125
3924 0.0068359375
3925 -0.1494140625
3926 -0.046875
3927 0.005859375
3928 -0.0048828125
3929 -0.13671875
3930 -0.111328125
3931 -0.0546875
3932 -0.05859375
3933 -0.162109375
3934 -0.0537109375
3935 0.00390625
3936 -0.00390625
3937 -0.0751953125
3938 0.0185546875
3939 0.0634765625
3940 0.0439453125
3941 -0.05078125
3942 -0.0302734375
3943 0.0126953125
3944 -0.0068359375
3945 -0.1455078125
3946 -0.078125
3947 -0.033203125
3948 -0.041015625
3949 -0.1943359375
3950 -0.1240234375
3951 -0.0634765625
3952 -0.0625
3953 -0.1962890625
3954 -0.1181640625
3955 -0.0615234375
3956 -0.060546875
3957 -0.158203125
3958 -0.0810546875
3959 -0.029296875
3960 -0.037109375
3961 -0.15625
3962 -0.0498046875
3963 0.005859375
3964 0.0
3965 -0.1650390625
3966 -0.13671875
3967 -0.0732421875
3968 -0.068359375
3969 -0.181640625
3970 -0.1083984375
3971 -0.048828125
3972 -0.048828125
3973 -0.12890625
3974 -0.05859375
3975 -0.0078125
3976 -0.017578125
3977 -0.1416015625
3978 -0.0703125
3979 -0.021484375
3980 -0.02734375
3981 -0.1748046875
3982 -0.0625
3983 -0.0009765625
3984 -0.0009765625
3985 -0.0419921875
3986 0.05078125
3987 0.095703125
3988 0.072265625
3989 0.021484375
3990 0.1025390625
3991 0.138671875
3992 0.1064453125
3993 0.0009765625
3994 0.0185546875
3995 0.0537109375
3996 0.0283203125
3997 -0.0947265625
3998 -0.033203125
3999 -0.0185546875
4000 0.0263671875
4001 -0.033203125
4002 0.0048828125
4003 0.0126953125
4004 0.0537109375
4005 0.0224609375
4006 0.0498046875
4007 0.0517578125
4008 0.0849609375
4009 0.009765625
4010 -0.0302734375
4011 -0.02734375
4012 0.0107421875
4013 -0.0537109375
4014 -0.0537109375
4015 -0.044921875
4016 -0.001953125
4017 -0.1025390625
4018 -0.0888671875
4019 -0.078125
4020 -0.029296875
4021 -0.119140625
4022 -0.0634765625
4023 -0.044921875
4024 0.0078125
4025 -0.04296875
4026 -0.0029296875
4027 0.0078125
4028 0.05078125
4029 -0.001953125
4030 0.0263671875
4031 0.03515625
4032 0.0703125
4033 0.025390625
4034 0.0478515625
4035 0.0517578125
4036 0.083984375
4037 0.037109375
4038 0.0576171875
4039 0.060546875
4040 0.08984375
4041 0.0322265625
4042 0.0517578125
4043 0.0537109375
4044 0.083984375
4045 0.0068359375
4046 0.0322265625
4047 0.0341796875
4048 0.0693359375
4049 0.0185546875
4050 0.04296875
4051 0.0458984375
4052 0.0771484375
4053 0.0693359375
4054 0.0859375
4055 0.08203125
4056 0.107421875
4057 0.1005859375
4058 0.1123046875
4059 0.1044921875
4060 0.125
4061 0.080078125
4062 0.0400390625
4063 0.029296875
4064 0.0537109375
4065 -0.03515625
4066 -0.0439453125
4067 -0.0419921875
4068 -0.0029296875
4069 -0.111328125
4070 -0.1025390625
4071 -0.087890625
4072 -0.0361328125
4073 -0.1064453125
4074 -0.056640625
4075 -0.041015625
4076 0.0068359375
4077 0.0087890625
4078 0.0380859375
4079 0.0419921875
4080 0.0751953125
4081 0.0869140625
4082 0.1015625
4083 0.09765625
4084 0.1201171875
4085 0.12109375
4086 0.1279296875
4087 0.1201171875
4088 0.1396484375
4089 0.123046875
4090 0.1279296875
4091 0.1171875
4092 0.1357421875
4093 0.1279296875
4094 0.134765625
4095 0.1220703125
4096 0.1376953125
4097 0.1005859375
4098 0.0595703125
4099 0.0458984375
4100 0.064453125
4101 0.013671875
4102 0.0341796875
4103 0.0322265625
4104 0.0615234375
4105 0.005859375
4106 -0.03125
4107 -0.0341796875
4108 0.0
4109 -0.0654296875
4110 -0.0654296875
4111 -0.0634765625
4112 -0.021484375
4113 -0.0791015625
4114 -0.07421875
4115 -0.068359375
4116 -0.0263671875
4117 -0.0986328125
4118 -0.08984375
4119 -0.08203125
4120 -0.037109375
4121 -0.125
4122 -0.111328125
4123 -0.09765625
4124 -0.0478515625
4125 -0.1064453125
4126 -0.099609375
4127 -0.087890625
4128 -0.0390625
4129 -0.0849609375
4130 -0.0751953125
4131 -0.0654296875
4132 -0.025390625
4133 -0.091796875
4134 -0.080078125
4135 -0.0703125
4136 -0.0263671875
4137 -0.1416015625
4138 -0.1455078125
4139 -0.125
4140 -0.0654296875
4141 -0.1240234375
4142 -0.107421875
4143 -0.09375
4144 -0.0400390625
4145 -0.109375
4146 -0.09375
4147 -0.0810546875
4148 -0.03515625
4149 -0.078125
4150 -0.03515625
4151 -0.01953125
4152 0.0244140625
4153 -0.0263671875
4154 -0.0810546875
4155 -0.0654296875
4156 -0.017578125
4157 -0.09375
4158 -0.0458984375
4159 -0.0302734375
4160 0.0185546875
4161 -0.0380859375
4162 -0.0009765625
4163 0.0087890625
4164 0.048828125
4165 -0.0107421875
4166 -0.044921875
4167 -0.0400390625
4168 0.0
4169 -0.0791015625
4170 -0.0341796875
4171 -0.021484375
4172 0.0234375
4173 -0.0810546875
4174 -0.1083984375
4175 -0.0908203125
4176 -0.0390625
4177 -0.1708984375
4178 -0.1435546875
4179 -0.1171875
4180 -0.0576171875
4181 -0.1318359375
4182 -0.1064453125
4183 -0.0908203125
4184 -0.037109375
4185 -0.1123046875
4186 -0.091796875
4187 -0.0771484375
4188 -0.025390625
4189 -0.1328125
4190 -0.115234375
4191 -0.09375
4192 -0.037109375
4193 -0.1044921875
4194 -0.0908203125
4195 -0.0712890625
4196 -0.021484375
4197 -0.09765625
4198 -0.0888671875
4199 -0.0712890625
4200 -0.0205078125
4201 -0.1328125
4202 -0.111328125
4203 -0.08984375
4204 -0.0322265625
4205 -0.1015625
4206 -0.0458984375
4207 -0.0283203125
4208 0.025390625
4209 0.0283203125
4210 0.05859375
4211 0.0634765625
4212 0.09765625
4213 0.1083984375
4214 0.1240234375
4215 0.123046875
4216 0.1435546875
4217 0.146484375
4218 0.15234375
4219 0.1455078125
4220 0.1630859375
4221 0.1494140625
4222 0.1552734375
4223 0.1435546875
4224 0.162109375
4225 0.1533203125
4226 0.1591796875
4227 0.1474609375
4228 0.1640625
4229 0.125
4230 0.0849609375
4231 0.068359375
4232 0.087890625
4233 0.037109375
4234 0.05859375
4235 0.0556640625
4236 0.0849609375
4237 0.0302734375
4238 -0.009765625
4239 -0.01171875
4240 0.0224609375
4241 -0.0439453125
4242 -0.044921875
4243 -0.0390625
4244 0.0009765625
4245 -0.0546875
4246 -0.0537109375
4247 -0.046875
4248 -0.005859375
4249 -0.0771484375
4250 -0.068359375
4251 -0.0615234375
4252 -0.0166015625
4253 -0.1044921875
4254 -0.0888671875
4255 -0.076171875
4256 -0.0283203125
4257 -0.087890625
4258 -0.0791015625
4259 -0.0673828125
4260 -0.021484375
4261 -0.0673828125
4262 -0.0576171875
4263 -0.0498046875
4264 -0.0087890625
4265 -0.072265625
4266 -0.0615234375
4267 -0.05078125
4268 -0.0087890625
4269 -0.12109375
4270 -0.12890625
4271 -0.1064453125
4272 -0.046875
4273 -0.1064453125
4274 -0.091796875
4275 -0.0771484375
4276 -0.0234375
4277 -0.091796875
4278 -0.0751953125
4279 -0.0654296875
4280 -0.017578125
4281 -0.0634765625
4282 -0.01953125
4283 -0.0048828125
4284 0.0390625
4285 -0.0126953125
4286 -0.0673828125
4287 -0.05078125
4288 -0.0029296875
4289 -0.0712890625
4290 -0.0263671875
4291 -0.0107421875
4292 0.037109375
4293 -0.0126953125
4294 0.0234375
4295 0.03125
4296 0.0703125
4297 0.0087890625
4298 -0.025390625
4299 -0.0224609375
4300 0.0185546875
4301 -0.0625
4302 -0.0185546875
4303 -0.0078125
4304 0.0380859375
4305 -0.05859375
4306 -0.087890625
4307 -0.072265625
4308 -0.0224609375
4309 -0.1552734375
4310 -0.1279296875
4311 -0.1025390625
4312 -0.044921875
4313 -0.1201171875
4314 -0.095703125
4315 -0.080078125
4316 -0.0283203125
4317 -0.099609375
4318 -0.08203125
4319 -0.0673828125
4320 -0.015625
4321 -0.1220703125
4322 -0.103515625
4323 -0.083984375
4324 -0.0263671875
4325 -0.0966796875
4326 -0.0791015625
4327 -0.0634765625
4328 -0.0107421875
4329 -0.0908203125
4330 -0.0810546875
4331 -0.064453125
4332 -0.0126953125
4333 -0.1220703125
4334 -0.103515625
4335 -0.0791015625
4336 -0.0234375
4337 -0.0908203125
4338 -0.0380859375
4339 -0.0205078125
4340 0.033203125
4341 0.0361328125
4342 0.0673828125
4343 0.072265625
4344 0.1064453125
4345 0.1162109375
4346 0.134765625
4347 0.130859375
4348 0.154296875
4349 0.1533203125
4350 0.162109375
4351 0.1552734375
4352 0.171875
4353 0.158203125
4354 0.162109375
4355 0.15234375
4356 0.1689453125
4357 0.16015625
4358 0.166015625
4359 0.15625
4360 0.169921875
4361 0.130859375
4362 0.0908203125
4363 0.0771484375
4364 0.095703125
4365 0.0439453125
4366 0.0654296875
4367 0.0625
4368 0.091796875
4369 0.037109375
4370 -0.0009765625
4371 -0.0048828125
4372 0.0283203125
4373 -0.037109375
4374 -0.037109375
4375 -0.0322265625
4376 0.0068359375
4377 -0.05078125
4378 -0.046875
4379 -0.0400390625
4380 0.0009765625
4381 -0.0703125
4382 -0.0634765625
4383 -0.0546875
4384 -0.009765625
4385 -0.0986328125
4386 -0.083984375
4387 -0.0712890625
4388 -0.021484375
4389 -0.08203125
4390 -0.0712890625
4391 -0.0625
4392 -0.0146484375
4393 -0.0625
4394 -0.0517578125
4395 -0.04296875
4396 -0.0009765625
4397 -0.06640625
4398 -0.0556640625
4399 -0.0458984375
4400 -0.00390625
4401 -0.1162109375
4402 -0.1240234375
4403 -0.099609375
4404 -0.04296875
4405 -0.1015625
4406 -0.0888671875
4407 -0.068359375
4408 -0.01953125
4409 -0.087890625
4410 -0.072265625
4411 -0.060546875
4412 -0.013671875
4413 -0.05859375
4414 -0.0126953125
4415 0.0
4416 0.044921875
4417 -0.0068359375
4418 -0.0576171875
4419 -0.044921875
4420 0.0
4421 -0.06640625
4422 -0.0205078125
4423 -0.0068359375
4424 0.0400390625
4425 -0.0078125
4426 0.0263671875
4427 0.03515625
4428 0.0732421875
4429 0.0146484375
4430 -0.021484375
4431 -0.0185546875
4432 0.0224609375
4433 -0.060546875
4434 -0.0146484375
4435 -0.0048828125
4436 0.0419921875
4437 -0.052734375
4438 -0.08203125
4439 -0.068359375
4440 -0.017578125
4441 -0.1533203125
4442 -0.1240234375
4443 -0.0986328125
4444 -0.041015625
4445 -0.115234375
4446 -0.091796875
4447 -0.0751953125
4448 -0.0234375
4449 -0.095703125
4450 -0.080078125
4451 -0.060546875
4452 -0.0126953125
4453 -0.119140625
4454 -0.1025390625
4455 -0.0810546875
4456 -0.0244140625
4457 -0.09375
4458 -0.076171875
4459 -0.0595703125
4460 -0.0087890625
4461 -0.087890625
4462 -0.0751953125
4463 -0.060546875
4464 -0.0068359375
4465 -0.1220703125
4466 -0.1025390625
4467 -0.078125
4468 -0.0224609375
4469 -0.0908203125
4470 -0.037109375
4471 -0.0166015625
4472 0.0341796875
4473 0.0400390625
4474 0.0703125
4475 0.0751953125
4476 0.107421875
4477 0.1201171875
4478 0.134765625
4479 0.1337890625
4480 0.15625
4481 0.15625
4482 0.1650390625
4483 0.158203125
4484 0.1767578125
4485 0.16015625
4486 0.1669921875
4487 0.154296875
4488 0.171875
4489 0.1650390625
4490 0.1708984375
4491 0.1591796875
4492 0.173828125
4493 0.13671875
4494 0.0947265625
4495 0.0791015625
4496 0.09765625
4497 0.0478515625
4498 0.068359375
4499 0.06640625
4500 0.095703125
4501 0.0380859375
4502 0.0009765625
4503 -0.00390625
4504 0.03125
4505 -0.03515625
4506 -0.0341796875
4507 -0.03125
4508 0.009765625
4509 -0.048828125
4510 -0.04296875
4511 -0.037109375
4512 0.00390625
4513 -0.06640625
4514 -0.060546875
4515 -0.0498046875
4516 -0.0078125
4517 -0.0947265625
4518 -0.0830078125
4519 -0.0673828125
4520 -0.0205078125
4521 -0.078125
4522 -0.0703125
4523 -0.0595703125
4524 -0.013671875
4525 -0.0595703125
4526 -0.048828125
4527 -0.0419921875
4528 0.001953125
4529 -0.064453125
4530 -0.052734375
4531 -0.0439453125
4532 0.0
4533 -0.11328125
4534 -0.1201171875
4535 -0.09765625
4536 -0.0400390625
4537 -0.09765625
4538 -0.0849609375
4539 -0.06640625
4540 -0.0166015625
4541 -0.083984375
4542 -0.068359375
4543 -0.056640625
4544 -0.0107421875
4545 -0.0546875
4546 -0.01171875
4547 0.0009765625
4548 0.0478515625
4549 -0.005859375
4550 -0.0595703125
4551 -0.044921875
4552 0.001953125
4553 -0.064453125
4554 -0.0185546875
4555 -0.0048828125
4556 0.04296875
4557 -0.005859375
4558 0.0283203125
4559 0.0361328125
4560 0.0732421875
4561 0.013671875
4562 -0.021484375
4563 -0.0166015625
4564 0.0224609375
4565 -0.05859375
4566 -0.0126953125
4567 -0.0029296875
4568 0.0439453125
4569 -0.0517578125
4570 -0.0810546875
4571 -0.0673828125
4572 -0.0166015625
4573 -0.1513671875
4574 -0.1220703125
4575 -0.09765625
4576 -0.0390625
4577 -0.1142578125
4578 -0.0888671875
4579 -0.0732421875
4580 -0.0224609375
4581 -0.09375
4582 -0.0771484375
4583 -0.060546875
4584 -0.009765625
4585 -0.1142578125
4586 -0.0966796875
4587 -0.076171875
4588 -0.0205078125
4589 -0.0888671875
4590 -0.0712890625
4591 -0.056640625
4592 -0.0048828125
4593 -0.0849609375
4594 -0.072265625
4595 -0.05859375
4596 -0.005859375
4597 -0.119140625
4598 -0.0966796875
4599 -0.0751953125
4600 -0.01953125
4601 -0.087890625
4602 -0.0322265625
4603 -0.0146484375
4604 0.037109375
4605 0.04296875
4606 0.072265625
4607 0.078125
4608 0.1103515625
4609 0.1240234375
4610 0.1376953125
4611 0.1357421875
4612 0.1572265625
4613 0.158203125
4614 0.1689453125
4615 0.1591796875
4616 0.177734375
4617 0.162109375
4618 0.1689453125
4619 0.1552734375
4620 0.171875
4621 0.166015625
4622 0.1708984375
4623 0.1611328125
4624 0.1767578125
4625 0.1376953125
4626 0.0966796875
4627 0.080078125
4628 0.0986328125
4629 0.05078125
4630 0.0703125
4631 0.0673828125
4632 0.0966796875
4633 0.041015625
4634 0.0029296875
4635 -0.0009765625
4636 0.033203125
4637 -0.0341796875
4638 -0.0322265625
4639 -0.029296875
4640 0.0126953125
4641 -0.046875
4642 -0.041015625
4643 -0.0361328125
4644 0.005859375
4645 -0.06640625
4646 -0.05859375
4647 -0.052734375
4648 -0.0068359375
4649 -0.0947265625
4650 -0.0810546875
4651 -0.0654296875
4652 -0.0185546875
4653 -0.078125
4654 -0.0693359375
4655 -0.0576171875
4656 -0.0107421875
4657 -0.056640625
4658 -0.046875
4659 -0.0390625
4660 0.001953125
4661 -0.0634765625
4662 -0.0517578125
4663 -0.0419921875
4664 0.0009765625
4665 -0.1142578125
4666 -0.1181640625
4667 -0.0966796875
4668 -0.037109375
4669 -0.0966796875
4670 -0.08203125
4671 -0.0673828125
4672 -0.015625
4673 -0.08203125
4674 -0.0673828125
4675 -0.056640625
4676 -0.0087890625
4677 -0.0517578125
4678 -0.009765625
4679 0.00390625
4680 0.0478515625
4681 -0.0048828125
4682 -0.0576171875
4683 -0.04296875
4684 0.005859375
4685 -0.0634765625
4686 -0.0166015625
4687 -0.00390625
4688 0.0458984375
4689 -0.0009765625
4690 0.0302734375
4691 0.0380859375
4692 0.078125
4693 0.0146484375
4694 -0.0205078125
4695 -0.015625
4696 0.0234375
4697 -0.0546875
4698 -0.01171875
4699 -0.0009765625
4700 0.044921875
4701 -0.05078125
4702 -0.078125
4703 -0.0654296875
4704 -0.013671875
4705 -0.1484375
4706 -0.12109375
4707 -0.095703125
4708 -0.0380859375
4709 -0.11328125
4710 -0.087890625
4711 -0.072265625
4712 -0.01953125
4713 -0.0927734375
4714 -0.0751953125
4715 -0.060546875
4716 -0.0087890625
4717 -0.11328125
4718 -0.0966796875
4719 -0.0771484375
4720 -0.0205078125
4721 -0.0888671875
4722 -0.0732421875
4723 -0.056640625
4724 -0.005859375
4725 -0.083984375
4726 -0.0732421875
4727 -0.0576171875
4728 -0.00390625
4729 -0.1201171875
4730 -0.099609375
4731 -0.0771484375
4732 -0.017578125
4733 -0.0888671875
4734 -0.0341796875
4735 -0.015625
4736 0.037109375
4737 0.04296875
4738 0.0732421875
4739 0.0771484375
4740 0.1103515625
4741 0.1220703125
4742 0.13671875
4743 0.1357421875
4744 0.158203125
4745 0.1591796875
4746 0.16796875
4747 0.16015625
4748 0.1767578125
4749 0.1640625
4750 0.1689453125
4751 0.1572265625
4752 0.173828125
4753 0.16796875
4754 0.171875
4755 0.16015625
4756 0.1767578125
4757 0.13671875
4758 0.0986328125
4759 0.08203125
4760 0.1015625
4761 0.048828125
4762 0.0693359375
4763 0.0654296875
4764 0.0966796875
4765 0.0400390625
4766 0.0009765625
4767 0.0
4768 0.0322265625
4769 -0.0322265625
4770 -0.033203125
4771 -0.0283203125
4772 0.0107421875
4773 -0.044921875
4774 -0.0419921875
4775 -0.0361328125
4776 0.0048828125
4777 -0.06640625
4778 -0.05859375
4779 -0.0498046875
4780 -0.0048828125
4781 -0.0927734375
4782 -0.0791015625
4783 -0.0654296875
4784 -0.0166015625
4785 -0.078125
4786 -0.0703125
4787 -0.05859375
4788 -0.0126953125
4789 -0.0576171875
4790 -0.0478515625
4791 -0.0400390625
4792 0.001953125
4793 -0.0615234375
4794 -0.052734375
4795 -0.041015625
4796 0.0009765625
4797 -0.1123046875
4798 -0.119140625
4799 -0.095703125
4800 -0.037109375
4801 -0.0966796875
4802 -0.08203125
4803 -0.0654296875
4804 -0.013671875
4805 -0.0810546875
4806 -0.0654296875
4807 -0.056640625
4808 -0.0087890625
4809 -0.052734375
4810 -0.0107421875
4811 0.001953125
4812 0.046875
4813 -0.001953125
4814 -0.05859375
4815 -0.0419921875
4816 0.0048828125
4817 -0.0634765625
4818 -0.015625
4819 -0.001953125
4820 0.044921875
4821 -0.005859375
4822 0.029296875
4823 0.037109375
4824 0.0771484375
4825 0.013671875
4826 -0.0205078125
4827 -0.0166015625
4828 0.0234375
4829 -0.0556640625
4830 -0.01171875
4831 -0.0009765625
4832 0.0439453125
4833 -0.0517578125
4834 -0.0791015625
4835 -0.0654296875
4836 -0.0166015625
4837 -0.1513671875
4838 -0.123046875
4839 -0.0966796875
4840 -0.0380859375
4841 -0.1123046875
4842 -0.08984375
4843 -0.07421875
4844 -0.0205078125
4845 -0.0927734375
4846 -0.07421875
4847 -0.0615234375
4848 -0.0078125
4849 -0.1142578125
4850 -0.095703125
4851 -0.076171875
4852 -0.0185546875
4853 -0.0888671875
4854 -0.072265625
4855 -0.0556640625
4856 -0.005859375
4857 -0.0849609375
4858 -0.0732421875
4859 -0.0576171875
4860 -0.005859375
4861 -0.119140625
4862 -0.0986328125
4863 -0.07421875
4864 -0.0185546875
4865 -0.087890625
4866 -0.033203125
4867 -0.013671875
4868 0.037109375
4869 0.04296875
4870 0.0732421875
4871 0.0771484375
4872 0.1123046875
4873 0.125
4874 0.1396484375
4875 0.13671875
4876 0.16015625
4877 0.16015625
4878 0.16796875
4879 0.16015625
4880 0.1787109375
4881 0.162109375
4882 0.1689453125
4883 0.1572265625
4884 0.173828125
4885 0.16796875
4886 0.171875
4887 0.16015625
4888 0.1767578125
4889 0.1376953125
4890 0.09765625
4891 0.080078125
4892 0.1025390625
4893 0.0498046875
4894 0.072265625
4895 0.0673828125
4896 0.09765625
4897 0.041015625
4898 0.0029296875
4899 0.0009765625
4900 0.03515625
4901 -0.033203125
4902 -0.0322265625
4903 -0.0283203125
4904 0.01171875
4905 -0.044921875
4906 -0.04296875
4907 -0.0341796875
4908 0.0048828125
4909 -0.0654296875
4910 -0.05859375
4911 -0.048828125
4912 -0.0048828125
4913 -0.09375
4914 -0.0810546875
4915 -0.06640625
4916 -0.017578125
4917 -0.078125
4918 -0.0673828125
4919 -0.056640625
4920 -0.009765625
4921 -0.0576171875
4922 -0.0458984375
4923 -0.0390625
4924 0.001953125
4925 -0.0625
4926 -0.0517578125
4927 -0.041015625
4928 0.0
4929 -0.1103515625
4930 -0.1181640625
4931 -0.09375
4932 -0.0380859375
4933 -0.0966796875
4934 -0.083984375
4935 -0.0654296875
4936 -0.015625
4937 -0.0830078125
4938 -0.0673828125
4939 -0.056640625
4940 -0.0078125
4941 -0.0546875
4942 -0.0087890625
4943 0.00390625
4944 0.0498046875
4945 -0.0009765625
4946 -0.0576171875
4947 -0.0400390625
4948 0.005859375
4949 -0.064453125
4950 -0.017578125
4951 0.0
4952 0.044921875
4953 -0.00390625
4954 0.0283203125
4955 0.0380859375
4956 0.076171875
4957 0.0146484375
4958 -0.0224609375
4959 -0.015625
4960 0.0234375
4961 -0.05859375
4962 -0.013671875
4963 -0.0009765625
4964 0.044921875
4965 -0.0517578125
4966 -0.0791015625
4967 -0.064453125
4968 -0.015625
4969 -0.1513671875
4970 -0.1220703125
4971 -0.0966796875
4972 -0.0390625
4973 -0.11328125
4974 -0.08984375
4975 -0.0712890625
4976 -0.021484375
4977 -0.0927734375
4978 -0.0771484375
4979 -0.0595703125
4980 -0.009765625
4981 -0.115234375
4982 -0.0986328125
4983 -0.076171875
4984 -0.0224609375
4985 -0.08984375
4986 -0.0732421875
4987 -0.056640625
4988 -0.0048828125
4989 -0.0849609375
4990 -0.072265625
4991 -0.0546875
4992 -0.0048828125
4993 -0.12109375
4994 -0.1015625
4995 -0.0751953125
4996 -0.01953125
4997 -0.08984375
4998 -0.033203125
4999 -0.01171875
