x y
0 0.0263671875
1 -0.091796875
2 -0.068359375
3 -0.0166015625
4 -0.021484375
5 -0.4150390625
6 -0.0751953125
7 -0.0048828125
8 -0.0341796875
9 -0.1513671875
10 -0.0625
11 0.005859375
12 -0.0224609375
13 -0.130859375
14 -0.0087890625
15 0.0673828125
16 0.0302734375
17 -0.0791015625
18 -0.0625
19 0.015625
20 -0.0166015625
21 -0.1455078125
22 -0.015625
23 0.0615234375
24 0.025390625
25 -0.107421875
26 -0.060546875
27 0.0107421875
28 -0.0205078125
29 -0.138671875
30 -0.0458984375
31 0.0234375
32 -0.0107421875
33 -0.115234375
34 -0.0302734375
35 0.0361328125
36 -0.001953125
37 -0.12109375
38 0.001953125
39 0.0712890625
40 0.03515625
41 -0.0517578125
42 0.0595703125
43 0.12109375
44 0.076171875
45 0.015625
46 0.115234375
47 0.1748046875
48 0.1162109375
49 0.0205078125
50 0.06640625
51 0.1162109375
52 0.060546875
53 -0.0693359375
54 0.04296875
55 0.103515625
56 0.060546875
57 -0.0771484375
58 -0.041015625
59 0.0244140625
60 -0.0087890625
61 -0.1240234375
62 -0.0390625
63 0.02734375
64 -0.0087890625
65 -0.1220703125
66 -0.037109375
67 0.025390625
68 -0.0078125
69 -0.150390625
70 -0.0224609375
71 0.0458984375
72 0.01953125
73 -0.03515625
74 0.072265625
75 0.1337890625
76 0.0859375
77 -0.0078125
78 0.0400390625
79 0.0908203125
80 0.041015625
81 -0.0888671875
82 0.025390625
83 0.0888671875
84 0.0478515625
85 -0.0888671875
86 -0.05078125
87 0.0146484375
88 -0.015625
89 -0.1298828125
90 -0.044921875
91 0.0224609375
92 -0.0126953125
93 -0.126953125
94 -0.041015625
95 0.025390625
96 -0.0107421875
97 -0.15234375
98 -0.025390625
99 0.0478515625
100 0.0185546875
101 -0.0390625
102 0.0732421875
103 0.1357421875
104 0.0849609375
105 -0.0087890625
106 0.0380859375
107 0.091796875
108 0.0380859375
109 -0.087890625
110 0.0234375
111 0.08984375
112 0.0458984375
113 -0.08984375
114 -0.0517578125
115 0.015625
116 -0.015625
117 -0.1298828125
118 -0.044921875
119 0.0205078125
120 -0.0126953125
121 -0.1240234375
122 -0.041015625
123 0.0205078125
124 -0.009765625
125 -0.15234375
126 -0.0283203125
127 0.044921875
128 0.0146484375
129 -0.0380859375
130 0.0703125
131 0.1318359375
132 0.0830078125
133 -0.0087890625
134 0.0361328125
135 0.0888671875
136 0.0380859375
137 -0.0908203125
138 0.0234375
139 0.083984375
140 0.046875
141 -0.091796875
142 -0.0537109375
143 0.0107421875
144 -0.0166015625
145 -0.1318359375
146 -0.046875
147 0.017578125
148 -0.01171875
149 -0.1259765625
150 -0.0419921875
151 0.021484375
152 -0.0107421875
153 -0.150390625
154 -0.0263671875
155 0.046875
156 0.017578125
157 -0.03515625
158 0.0712890625
159 0.1337890625
160 0.083984375
161 -0.009765625
162 0.0380859375
163 0.0888671875
164 0.0390625
165 -0.087890625
166 0.0234375
167 0.087890625
168 0.0478515625
169 -0.08984375
170 -0.0498046875
171 0.0126953125
172 -0.0166015625
173 -0.126953125
174 -0.046875
175 0.01953125
176 -0.0126953125
177 -0.125
178 -0.044921875
179 0.0205078125
180 -0.0126953125
181 -0.1513671875
182 -0.02734375
183 0.044921875
184 0.0146484375
185 -0.0400390625
186 0.0703125
187 0.1318359375
188 0.08203125
189 -0.0107421875
190 0.037109375
191 0.08984375
192 0.0400390625
193 -0.091796875
194 0.0224609375
195 0.0859375
196 0.0458984375
197 -0.091796875
198 -0.0537109375
199 0.013671875
200 -0.017578125
201 -0.12890625
202 -0.0478515625
203 0.0185546875
204 -0.0126953125
205 -0.1259765625
206 -0.0439453125
207 0.01953125
208 -0.01171875
209 -0.15234375
210 -0.0263671875
211 0.0439453125
212 0.0146484375
213 -0.037109375
214 0.0712890625
215 0.130859375
216 0.083984375
217 -0.0107421875
218 0.0361328125
219 0.087890625
220 0.037109375
221 -0.0908203125
222 0.0224609375
223 0.0859375
224 0.0458984375
225 -0.0908203125
226 -0.052734375
227 0.0146484375
228 -0.0185546875
229 -0.1328125
230 -0.0478515625
231 0.0205078125
232 -0.0146484375
233 -0.12890625
234 -0.0439453125
235 0.0205078125
236 -0.0126953125
237 -0.15625
238 -0.0283203125
239 0.046875
240 0.0146484375
241 -0.0400390625
242 0.0693359375
243 0.1328125
244 0.08203125
245 -0.0107421875
246 0.0361328125
247 0.0908203125
248 0.0380859375
249 -0.09375
250 0.021484375
251 0.087890625
252 0.0458984375
253 -0.0927734375
254 -0.052734375
255 0.013671875
256 -0.0166015625
257 -0.1318359375
258 -0.044921875
259 0.0205078125
260 -0.013671875
261 -0.1279296875
262 -0.0419921875
263 0.0234375
264 -0.0126953125
265 -0.154296875
266 -0.02734375
267 0.048828125
268 0.015625
269 -0.0390625
270 0.0712890625
271 0.1357421875
272 0.08203125
273 -0.009765625
274 0.0380859375
275 0.091796875
276 0.037109375
277 -0.09375
278 0.0234375
279 0.0908203125
280 0.044921875
281 -0.08984375
282 -0.0517578125
283 0.0166015625
284 -0.0146484375
285 -0.1318359375
286 -0.046875
287 0.0205078125
288 -0.013671875
289 -0.126953125
290 -0.0419921875
291 0.021484375
292 -0.0126953125
293 -0.1533203125
294 -0.0283203125
295 0.048828125
296 0.015625
297 -0.041015625
298 0.0703125
299 0.1337890625
300 0.08203125
301 -0.0126953125
302 0.0380859375
303 0.08984375
304 0.0390625
305 -0.0927734375
306 0.0234375
307 0.0859375
308 0.0458984375
309 -0.0927734375
310 -0.0517578125
311 0.0185546875
312 -0.0185546875
313 -0.134765625
314 -0.0478515625
315 0.025390625
316 -0.0146484375
317 -0.12890625
318 -0.04296875
319 0.025390625
320 -0.01171875
321 -0.1572265625
322 -0.0263671875
323 0.048828125
324 0.013671875
325 -0.0419921875
326 0.0703125
327 0.1328125
328 0.08203125
329 -0.0126953125
330 0.0380859375
331 0.0888671875
332 0.0380859375
333 -0.0927734375
334 0.021484375
335 0.08984375
336 0.044921875
337 -0.0908203125
338 -0.0517578125
339 0.0166015625
340 -0.0185546875
341 -0.1318359375
342 -0.046875
343 0.021484375
344 -0.0126953125
345 -0.126953125
346 -0.0439453125
347 0.021484375
348 -0.0126953125
349 -0.1552734375
350 -0.0283203125
351 0.044921875
352 0.0146484375
353 -0.041015625
354 0.072265625
355 0.1337890625
356 0.08203125
357 -0.0126953125
358 0.037109375
359 0.091796875
360 0.0361328125
361 -0.0947265625
362 0.021484375
363 0.0888671875
364 0.044921875
365 -0.0927734375
366 -0.0517578125
367 0.0166015625
368 -0.017578125
369 -0.1357421875
370 -0.0478515625
371 0.0205078125
372 -0.0146484375
373 -0.130859375
374 -0.04296875
375 0.025390625
376 -0.01171875
377 -0.15625
378 -0.0263671875
379 0.0498046875
380 0.0146484375
381 -0.04296875
382 0.0703125
383 0.138671875
384 0.0830078125
385 -0.0107421875
386 0.037109375
387 0.0947265625
388 0.037109375
389 -0.095703125
390 0.0244140625
391 0.0927734375
392 0.044921875
393 -0.09375
394 -0.05078125
395 0.0185546875
396 -0.0185546875
397 -0.134765625
398 -0.0458984375
399 0.025390625
400 -0.013671875
401 -0.1318359375
402 -0.0419921875
403 0.0263671875
404 -0.015625
405 -0.1572265625
406 -0.02734375
407 0.0517578125
408 0.013671875
409 -0.0419921875
410 0.0703125
411 0.13671875
412 0.0810546875
413 -0.0126953125
414 0.037109375
415 0.0927734375
416 0.0380859375
417 -0.0966796875
418 0.0224609375
419 0.0888671875
420 0.0458984375
421 -0.095703125
422 -0.0517578125
423 0.015625
424 -0.01953125
425 -0.134765625
426 -0.0478515625
427 0.0244140625
428 -0.015625
429 -0.130859375
430 -0.0439453125
431 0.0263671875
432 -0.0126953125
433 -0.1591796875
434 -0.02734375
435 0.05078125
436 0.0146484375
437 -0.044921875
438 0.0712890625
439 0.13671875
440 0.0810546875
441 -0.0146484375
442 0.0380859375
443 0.091796875
444 0.037109375
445 -0.09375
446 0.0234375
447 0.08984375
448 0.0439453125
449 -0.0927734375
450 -0.052734375
451 0.017578125
452 -0.017578125
453 -0.1337890625
454 -0.046875
455 0.0234375
456 -0.0146484375
457 -0.1279296875
458 -0.04296875
459 0.0234375
460 -0.0126953125
461 -0.158203125
462 -0.0283203125
463 0.048828125
464 0.0146484375
465 -0.0439453125
466 0.0712890625
467 0.134765625
468 0.0830078125
469 -0.013671875
470 0.037109375
471 0.091796875
472 0.0361328125
473 -0.095703125
474 0.0205078125
475 0.0869140625
476 0.0439453125
477 -0.09375
478 -0.0537109375
479 0.0166015625
480 -0.0205078125
481 -0.1318359375
482 -0.046875
483 0.021484375
484 -0.013671875
485 -0.1279296875
486 -0.0419921875
487 0.0244140625
488 -0.0107421875
489 -0.15234375
490 -0.025390625
491 0.048828125
492 0.017578125
493 -0.0400390625
494 0.072265625
495 0.134765625
496 0.083984375
497 -0.0107421875
498 0.0380859375
499 0.0908203125
500 0.0380859375
501 -0.0908203125
502 0.0244140625
503 0.0908203125
504 0.046875
505 -0.0908203125
506 -0.0498046875
507 0.0166015625
508 -0.0166015625
509 -0.1318359375
510 -0.0439453125
511 0.021484375
512 -0.01171875
513 -0.1279296875
514 -0.041015625
515 0.0224609375
516 -0.01171875
517 -0.1552734375
518 -0.0283203125
519 0.044921875
520 0.0126953125
521 -0.0390625
522 0.0693359375
523 0.1318359375
524 0.08203125
525 -0.0107421875
526 0.0380859375
527 0.0908203125
528 0.0390625
529 -0.091796875
530 0.0234375
531 0.087890625
532 0.0458984375
533 -0.091796875
534 -0.0498046875
535 0.0166015625
536 -0.017578125
537 -0.130859375
538 -0.044921875
539 0.01953125
540 -0.0126953125
541 -0.126953125
542 -0.04296875
543 0.0234375
544 -0.0107421875
545 -0.1552734375
546 -0.0263671875
547 0.0478515625
548 0.0146484375
549 -0.041015625
550 0.0703125
551 0.134765625
552 0.08203125
553 -0.01171875
554 0.0380859375
555 0.0908203125
556 0.0390625
557 -0.0908203125
558 0.025390625
559 0.087890625
560 0.046875
561 -0.091796875
562 -0.05078125
563 0.0146484375
564 -0.0166015625
565 -0.130859375
566 -0.046875
567 0.01953125
568 -0.0146484375
569 -0.126953125
570 -0.04296875
571 0.021484375
572 -0.013671875
573 -0.1552734375
574 -0.029296875
575 0.04296875
576 0.0166015625
577 -0.0400390625
578 0.0703125
579 0.1318359375
580 0.08203125
581 -0.009765625
582 0.0361328125
583 0.0888671875
584 0.0390625
585 -0.091796875
586 0.021484375
587 0.0859375
588 0.0458984375
589 -0.091796875
590 -0.052734375
591 0.0146484375
592 -0.017578125
593 -0.130859375
594 -0.0478515625
595 0.01953125
596 -0.013671875
597 -0.1279296875
598 -0.0419921875
599 0.0234375
600 -0.0126953125
601 -0.154296875
602 -0.0263671875
603 0.0478515625
604 0.017578125
605 -0.041015625
606 0.0712890625
607 0.1357421875
608 0.0830078125
609 -0.0107421875
610 0.037109375
611 0.0908203125
612 0.037109375
613 -0.0908203125
614 0.0224609375
615 0.0888671875
616 0.044921875
617 -0.0908203125
618 -0.0517578125
619 0.013671875
620 -0.0166015625
621 -0.130859375
622 -0.0458984375
623 0.0185546875
624 -0.013671875
625 -0.1279296875
626 -0.04296875
627 0.021484375
628 -0.0107421875
629 -0.154296875
630 -0.0263671875
631 0.046875
632 0.0146484375
633 -0.0390625
634 0.0703125
635 0.1328125
636 0.0830078125
637 -0.0107421875
638 0.0361328125
639 0.0888671875
640 0.0390625
641 -0.091796875
642 0.0205078125
643 0.0869140625
644 0.0458984375
645 -0.091796875
646 -0.0517578125
647 0.0126953125
648 -0.015625
649 -0.1298828125
650 -0.0458984375
651 0.01953125
652 -0.0126953125
653 -0.1259765625
654 -0.04296875
655 0.0205078125
656 -0.0126953125
657 -0.154296875
658 -0.02734375
659 0.0439453125
660 0.0146484375
661 -0.041015625
662 0.0693359375
663 0.1318359375
664 0.0830078125
665 -0.0126953125
666 0.0361328125
667 0.0859375
668 0.0390625
669 -0.091796875
670 0.021484375
671 0.0849609375
672 0.0458984375
673 -0.0908203125
674 -0.05078125
675 0.0126953125
676 -0.0166015625
677 -0.1298828125
678 -0.0478515625
679 0.0185546875
680 -0.0126953125
681 -0.125
682 -0.044921875
683 0.0205078125
684 -0.0126953125
685 -0.1533203125
686 -0.029296875
687 0.04296875
688 0.0146484375
689 -0.0390625
690 0.0703125
691 0.1298828125
692 0.0830078125
693 -0.0107421875
694 0.037109375
695 0.0888671875
696 0.0380859375
697 -0.0927734375
698 0.021484375
699 0.0849609375
700 0.046875
701 -0.08984375
702 -0.052734375
703 0.0146484375
704 -0.0185546875
705 -0.130859375
706 -0.0478515625
707 0.0205078125
708 -0.0146484375
709 -0.1259765625
710 -0.0439453125
711 0.0224609375
712 -0.0126953125
713 -0.1533203125
714 -0.0283203125
715 0.0439453125
716 0.015625
717 -0.0390625
718 0.0712890625
719 0.1318359375
720 0.0830078125
721 -0.0107421875
722 0.0361328125
723 0.0888671875
724 0.0380859375
725 -0.08984375
726 0.0244140625
727 0.0888671875
728 0.046875
729 -0.0888671875
730 -0.048828125
731 0.017578125
732 -0.0166015625
733 -0.130859375
734 -0.044921875
735 0.021484375
736 -0.01171875
737 -0.126953125
738 -0.041015625
739 0.0224609375
740 -0.0107421875
741 -0.1552734375
742 -0.0263671875
743 0.048828125
744 0.013671875
745 -0.0400390625
746 0.0703125
747 0.134765625
748 0.08203125
749 -0.0107421875
750 0.037109375
751 0.08984375
752 0.037109375
753 -0.091796875
754 0.021484375
755 0.0859375
756 0.044921875
757 -0.0908203125
758 -0.0517578125
759 0.013671875
760 -0.017578125
761 -0.1318359375
762 -0.046875
763 0.0185546875
764 -0.01171875
765 -0.126953125
766 -0.04296875
767 0.0205078125
768 -0.0126953125
769 -0.1533203125
770 -0.029296875
771 0.046875
772 0.0166015625
773 -0.0380859375
774 0.0703125
775 0.1328125
776 0.0830078125
777 -0.009765625
778 0.037109375
779 0.0888671875
780 0.0380859375
781 -0.091796875
782 0.0224609375
783 0.0859375
784 0.046875
785 -0.0888671875
786 -0.05078125
787 0.0146484375
788 -0.015625
789 -0.130859375
790 -0.0458984375
791 0.021484375
792 -0.013671875
793 -0.1279296875
794 -0.04296875
795 0.0244140625
796 -0.0126953125
797 -0.1572265625
798 -0.029296875
799 0.046875
800 0.013671875
801 -0.041015625
802 0.0712890625
803 0.1318359375
804 0.0830078125
805 -0.0126953125
806 0.03515625
807 0.0869140625
808 0.0361328125
809 -0.09375
810 0.0224609375
811 0.083984375
812 0.04296875
813 -0.0927734375
814 -0.0537109375
815 0.013671875
816 -0.0185546875
817 -0.1318359375
818 -0.0458984375
819 0.0205078125
820 -0.013671875
821 -0.126953125
822 -0.0439453125
823 0.0224609375
824 -0.01171875
825 -0.1533203125
826 -0.0263671875
827 0.046875
828 0.017578125
829 -0.0380859375
830 0.0712890625
831 0.130859375
832 0.083984375
833 -0.0107421875
834 0.037109375
835 0.0869140625
836 0.0380859375
837 -0.091796875
838 0.0224609375
839 0.087890625
840 0.0458984375
841 -0.08984375
842 -0.05078125
843 0.015625
844 -0.017578125
845 -0.1298828125
846 -0.046875
847 0.01953125
848 -0.0126953125
849 -0.126953125
850 -0.0439453125
851 0.0185546875
852 -0.01171875
853 -0.154296875
854 -0.0283203125
855 0.04296875
856 0.0146484375
857 -0.0419921875
858 0.0703125
859 0.1318359375
860 0.08203125
861 -0.01171875
862 0.037109375
863 0.0908203125
864 0.0380859375
865 -0.0927734375
866 0.0224609375
867 0.0888671875
868 0.044921875
869 -0.0927734375
870 -0.05078125
871 0.017578125
872 -0.0185546875
873 -0.134765625
874 -0.0458984375
875 0.0234375
876 -0.0146484375
877 -0.130859375
878 -0.04296875
879 0.0263671875
880 -0.01171875
881 -0.158203125
882 -0.029296875
883 0.048828125
884 0.013671875
885 -0.04296875
886 0.0703125
887 0.1376953125
888 0.08203125
889 -0.013671875
890 0.037109375
891 0.0947265625
892 0.037109375
893 -0.0966796875
894 0.0224609375
895 0.091796875
896 0.044921875
897 -0.0947265625
898 -0.0517578125
899 0.0185546875
900 -0.01953125
901 -0.1376953125
902 -0.0458984375
903 0.02734375
904 -0.015625
905 -0.1328125
906 -0.04296875
907 0.0263671875
908 -0.0146484375
909 -0.1611328125
910 -0.0283203125
911 0.05078125
912 0.0126953125
913 -0.0458984375
914 0.0703125
915 0.1376953125
916 0.080078125
917 -0.0146484375
918 0.037109375
919 0.09375
920 0.037109375
921 -0.0986328125
922 0.0224609375
923 0.0869140625
924 0.0439453125
925 -0.0966796875
926 -0.052734375
927 0.017578125
928 -0.0205078125
929 -0.1357421875
930 -0.0478515625
931 0.0244140625
932 -0.0146484375
933 -0.1298828125
934 -0.0419921875
935 0.0263671875
936 -0.0146484375
937 -0.1572265625
938 -0.0263671875
939 0.0498046875
940 0.0166015625
941 -0.0439453125
942 0.072265625
943 0.138671875
944 0.08203125
945 -0.0146484375
946 0.0390625
947 0.09375
948 0.037109375
949 -0.0966796875
950 0.0244140625
951 0.09375
952 0.044921875
953 -0.0947265625
954 -0.0517578125
955 0.0205078125
956 -0.01953125
957 -0.134765625
958 -0.0458984375
959 0.0263671875
960 -0.0146484375
961 -0.130859375
962 -0.04296875
963 0.02734375
964 -0.0126953125
965 -0.16015625
966 -0.0263671875
967 0.05078125
968 0.0146484375
969 -0.0439453125
970 0.0712890625
971 0.13671875
972 0.0830078125
973 -0.0126953125
974 0.0380859375
975 0.0927734375
976 0.0380859375
977 -0.0947265625
978 0.0234375
979 0.0908203125
980 0.044921875
981 -0.09375
982 -0.0517578125
983 0.0205078125
984 -0.017578125
985 -0.134765625
986 -0.0458984375
987 0.0234375
988 -0.0146484375
989 -0.130859375
990 -0.04296875
991 0.025390625
992 -0.0126953125
993 -0.158203125
994 -0.0263671875
995 0.048828125
996 0.0146484375
997 -0.04296875
998 0.0712890625
999 0.1357421875
1000 0.0810546875
1001 -0.013671875
1002 0.0361328125
1003 0.091796875
1004 0.0380859375
1005 -0.0927734375
1006 0.021484375
1007 0.091796875
1008 0.0458984375
1009 -0.09375
1010 -0.05078125
1011 0.015625
1012 -0.0185546875
1013 -0.1357421875
1014 -0.046875
1015 0.0224609375
1016 -0.013671875
1017 -0.1298828125
1018 -0.0419921875
1019 0.0234375
1020 -0.013671875
1021 -0.158203125
1022 -0.029296875
1023 0.046875
1024 0.013671875
1025 -0.0419921875
1026 0.0703125
1027 0.134765625
1028 0.0830078125
1029 -0.01171875
1030 0.037109375
1031 0.091796875
1032 0.0390625
1033 -0.095703125
1034 0.0224609375
1035 0.087890625
1036 0.0458984375
1037 -0.0947265625
1038 -0.052734375
1039 0.0146484375
1040 -0.017578125
1041 -0.1337890625
1042 -0.0458984375
1043 0.0205078125
1044 -0.015625
1045 -0.12890625
1046 -0.0439453125
1047 0.0234375
1048 -0.0146484375
1049 -0.1572265625
1050 -0.0283203125
1051 0.0478515625
1052 0.0166015625
1053 -0.041015625
1054 0.0703125
1055 0.1337890625
1056 0.083984375
1057 -0.01171875
1058 0.0380859375
1059 0.0927734375
1060 0.0400390625
1061 -0.0927734375
1062 0.0244140625
1063 0.0908203125
1064 0.046875
1065 -0.0927734375
1066 -0.052734375
1067 0.015625
1068 -0.017578125
1069 -0.1328125
1070 -0.0458984375
1071 0.021484375
1072 -0.013671875
1073 -0.12890625
1074 -0.0419921875
1075 0.0244140625
1076 -0.0107421875
1077 -0.1572265625
1078 -0.02734375
1079 0.048828125
1080 0.015625
1081 -0.041015625
1082 0.0712890625
1083 0.134765625
1084 0.0830078125
1085 -0.013671875
1086 0.0400390625
1087 0.091796875
1088 0.0390625
1089 -0.09375
1090 0.021484375
1091 0.087890625
1092 0.0458984375
1093 -0.0947265625
1094 -0.0546875
1095 0.0146484375
1096 -0.0185546875
1097 -0.1328125
1098 -0.046875
1099 0.0205078125
1100 -0.0146484375
1101 -0.12890625
1102 -0.0419921875
1103 0.0234375
1104 -0.0126953125
1105 -0.1552734375
1106 -0.0283203125
1107 0.046875
1108 0.015625
1109 -0.0419921875
1110 0.0703125
1111 0.1357421875
1112 0.0830078125
1113 -0.0107421875
1114 0.037109375
1115 0.0908203125
1116 0.0380859375
1117 -0.0908203125
1118 0.0224609375
1119 0.0888671875
1120 0.0458984375
1121 -0.091796875
1122 -0.052734375
1123 0.0146484375
1124 -0.0185546875
1125 -0.1328125
1126 -0.0478515625
1127 0.0205078125
1128 -0.0126953125
1129 -0.1279296875
1130 -0.0419921875
1131 0.021484375
1132 -0.0107421875
1133 -0.1552734375
1134 -0.029296875
1135 0.04296875
1136 0.015625
1137 -0.041015625
1138 0.068359375
1139 0.1328125
1140 0.0810546875
1141 -0.0126953125
1142 0.037109375
1143 0.08984375
1144 0.037109375
1145 -0.0947265625
1146 0.0205078125
1147 0.0869140625
1148 0.0439453125
1149 -0.0947265625
1150 -0.0537109375
1151 0.013671875
1152 -0.0166015625
1153 -0.130859375
1154 -0.0458984375
1155 0.01953125
1156 -0.013671875
1157 -0.1259765625
1158 -0.0439453125
1159 0.021484375
1160 -0.01171875
1161 -0.15234375
1162 -0.029296875
1163 0.046875
1164 0.017578125
1165 -0.037109375
1166 0.0703125
1167 0.1318359375
1168 0.0830078125
1169 -0.009765625
1170 0.037109375
1171 0.0888671875
1172 0.0400390625
1173 -0.08984375
1174 0.0244140625
1175 0.0869140625
1176 0.046875
1177 -0.087890625
1178 -0.05078125
1179 0.01171875
1180 -0.015625
1181 -0.1279296875
1182 -0.046875
1183 0.01953125
1184 -0.013671875
1185 -0.125
1186 -0.04296875
1187 0.0205078125
1188 -0.01171875
1189 -0.1533203125
1190 -0.0283203125
1191 0.041015625
1192 0.0166015625
1193 -0.037109375
1194 0.0703125
1195 0.12890625
1196 0.083984375
1197 -0.0107421875
1198 0.037109375
1199 0.0859375
1200 0.0400390625
1201 -0.08984375
1202 0.021484375
1203 0.08203125
1204 0.046875
1205 -0.0888671875
1206 -0.0537109375
1207 0.0126953125
1208 -0.015625
1209 -0.12890625
1210 -0.0478515625
1211 0.0205078125
1212 -0.013671875
1213 -0.1259765625
1214 -0.04296875
1215 0.01953125
1216 -0.009765625
1217 -0.1533203125
1218 -0.0283203125
1219 0.0439453125
1220 0.015625
1221 -0.0380859375
1222 0.0712890625
1223 0.1337890625
1224 0.0830078125
1225 -0.009765625
1226 0.0361328125
1227 0.0888671875
1228 0.0390625
1229 -0.08984375
1230 0.0224609375
1231 0.0869140625
1232 0.0458984375
1233 -0.0888671875
1234 -0.0517578125
1235 0.0126953125
1236 -0.0166015625
1237 -0.130859375
1238 -0.048828125
1239 0.0185546875
1240 -0.01171875
1241 -0.126953125
1242 -0.04296875
1243 0.01953125
1244 -0.0107421875
1245 -0.15625
1246 -0.0283203125
1247 0.044921875
1248 0.0146484375
1249 -0.0400390625
1250 0.0693359375
1251 0.1318359375
1252 0.083984375
1253 -0.0107421875
1254 0.0361328125
1255 0.08984375
1256 0.0380859375
1257 -0.0908203125
1258 0.021484375
1259 0.0849609375
1260 0.044921875
1261 -0.0927734375
1262 -0.0537109375
1263 0.009765625
1264 -0.017578125
1265 -0.130859375
1266 -0.046875
1267 0.0185546875
1268 -0.0126953125
1269 -0.1259765625
1270 -0.0439453125
1271 0.0205078125
1272 -0.0126953125
1273 -0.1513671875
1274 -0.0283203125
1275 0.046875
1276 0.015625
1277 -0.037109375
1278 0.0712890625
1279 0.1328125
1280 0.0830078125
1281 -0.0087890625
1282 0.037109375
1283 0.087890625
1284 0.0390625
1285 -0.0927734375
1286 0.0224609375
1287 0.0859375
1288 0.044921875
1289 -0.09375
1290 -0.0537109375
1291 0.013671875
1292 -0.017578125
1293 -0.12890625
1294 -0.0478515625
1295 0.0205078125
1296 -0.013671875
1297 -0.126953125
1298 -0.0439453125
1299 0.021484375
1300 -0.0126953125
1301 -0.1533203125
1302 -0.02734375
1303 0.046875
1304 0.0166015625
1305 -0.041015625
1306 0.0712890625
1307 0.1328125
1308 0.0830078125
1309 -0.009765625
1310 0.037109375
1311 0.08984375
1312 0.0380859375
1313 -0.091796875
1314 0.0224609375
1315 0.0869140625
1316 0.044921875
1317 -0.0927734375
1318 -0.0537109375
1319 0.015625
1320 -0.017578125
1321 -0.1328125
1322 -0.0458984375
1323 0.021484375
1324 -0.0146484375
1325 -0.1279296875
1326 -0.04296875
1327 0.0224609375
1328 -0.0126953125
1329 -0.15625
1330 -0.029296875
1331 0.0458984375
1332 0.013671875
1333 -0.0400390625
1334 0.0693359375
1335 0.1337890625
1336 0.0830078125
1337 -0.01171875
1338 0.037109375
1339 0.08984375
1340 0.0380859375
1341 -0.09375
1342 0.021484375
1343 0.0869140625
1344 0.044921875
1345 -0.0927734375
1346 -0.0537109375
1347 0.0146484375
1348 -0.017578125
1349 -0.130859375
1350 -0.0458984375
1351 0.021484375
1352 -0.0126953125
1353 -0.12890625
1354 -0.0439453125
1355 0.0224609375
1356 -0.009765625
1357 -0.1572265625
1358 -0.0302734375
1359 0.0439453125
1360 0.015625
1361 -0.0400390625
1362 0.0703125
1363 0.1318359375
1364 0.0830078125
1365 -0.0126953125
1366 0.0380859375
1367 0.0908203125
1368 0.0380859375
1369 -0.09375
1370 0.01953125
1371 0.08984375
1372 0.0458984375
1373 -0.0947265625
1374 -0.0517578125
1375 0.013671875
1376 -0.017578125
1377 -0.1337890625
1378 -0.046875
1379 0.0205078125
1380 -0.01171875
1381 -0.126953125
1382 -0.04296875
1383 0.0234375
1384 -0.0126953125
1385 -0.15234375
1386 -0.029296875
1387 0.044921875
1388 0.015625
1389 -0.037109375
1390 0.0712890625
1391 0.1337890625
1392 0.0830078125
1393 -0.009765625
1394 0.0380859375
1395 0.0888671875
1396 0.0400390625
1397 -0.08984375
1398 0.0244140625
1399 0.0859375
1400 0.0478515625
1401 -0.08984375
1402 -0.0498046875
1403 0.013671875
1404 -0.015625
1405 -0.12890625
1406 -0.044921875
1407 0.0205078125
1408 -0.013671875
1409 -0.1259765625
1410 -0.0419921875
1411 0.0205078125
1412 -0.0107421875
1413 -0.15625
1414 -0.02734375
1415 0.0458984375
1416 0.0146484375
1417 -0.037109375
1418 0.0703125
1419 0.1328125
1420 0.083984375
1421 -0.0107421875
1422 0.0380859375
1423 0.0908203125
1424 0.0390625
1425 -0.0927734375
1426 0.0234375
1427 0.0869140625
1428 0.046875
1429 -0.0927734375
1430 -0.0517578125
1431 0.0146484375
1432 -0.0185546875
1433 -0.130859375
1434 -0.0478515625
1435 0.0205078125
1436 -0.0146484375
1437 -0.1240234375
1438 -0.0419921875
1439 0.0244140625
1440 -0.0107421875
1441 -0.1279296875
1442 -0.0068359375
1443 0.064453125
1444 0.029296875
1445 -0.08203125
1446 -0.0302734375
1447 0.03515625
1448 -0.005859375
1449 -0.1240234375
1450 -0.041015625
1451 0.0302734375
1452 -0.0078125
1453 -0.1298828125
1454 -0.0439453125
1455 0.025390625
1456 -0.015625
1457 -0.1806640625
1458 -0.0869140625
1459 -0.009765625
1460 -0.041015625
1461 -0.1982421875
1462 -0.0634765625
1463 0.0244140625
1464 -0.00390625
1465 -0.080078125
1466 0.041015625
1467 0.1123046875
1468 0.0634765625
1469 -0.0029296875
1470 0.107421875
1471 0.169921875
1472 0.109375
1473 0.0087890625
1474 0.0576171875
1475 0.1103515625
1476 0.0517578125
1477 -0.0712890625
1478 0.04296875
1479 0.111328125
1480 0.05859375
1481 -0.0224609375
1482 0.0849609375
1483 0.1484375
1484 0.08984375
1485 -0.0126953125
1486 0.03125
1487 0.0888671875
1488 0.0361328125
1489 -0.076171875
1490 0.041015625
1491 0.1044921875
1492 0.0556640625
1493 -0.015625
1494 0.09375
1495 0.154296875
1496 0.09375
1497 -0.0087890625
1498 0.033203125
1499 0.0888671875
1500 0.0341796875
1501 -0.0634765625
1502 0.0166015625
1503 0.07421875
1504 0.021484375
1505 -0.1416015625
1506 -0.0185546875
1507 0.0546875
1508 0.017578125
1509 -0.1015625
1510 0.0146484375
1511 0.0849609375
1512 0.0400390625
1513 -0.1064453125
1514 -0.060546875
1515 0.009765625
1516 -0.025390625
1517 -0.146484375
1518 -0.015625
1519 0.056640625
1520 0.0185546875
1521 -0.0556640625
1522 0.0595703125
1523 0.125
1524 0.0712890625
1525 -0.056640625
1526 -0.0166015625
1527 0.048828125
1528 0.001953125
1529 -0.1083984375
1530 0.0126953125
1531 0.0830078125
1532 0.037109375
1533 -0.0634765625
1534 -0.015625
1535 0.044921875
1536 0.0
1537 -0.0947265625
1538 0.025390625
1539 0.09375
1540 0.046875
1541 -0.0078125
1542 0.1015625
1543 0.162109375
1544 0.1005859375
1545 -0.0283203125
1546 0.0751953125
1547 0.1357421875
1548 0.0791015625
1549 -0.087890625
1550 -0.048828125
1551 0.017578125
1552 -0.0224609375
1553 -0.1337890625
1554 -0.046875
1555 0.021484375
1556 -0.01953125
1557 -0.19140625
1558 -0.1123046875
1559 -0.03515625
1560 -0.060546875
1561 -0.181640625
1562 -0.0478515625
1563 0.0302734375
1564 -0.0009765625
1565 -0.099609375
1566 -0.0478515625
1567 0.021484375
1568 -0.0166015625
1569 -0.1220703125
1570 0.001953125
1571 0.072265625
1572 0.0302734375
1573 -0.037109375
1574 0.0712890625
1575 0.1357421875
1576 0.078125
1577 -0.0126953125
1578 0.0283203125
1579 0.0849609375
1580 0.0322265625
1581 -0.06640625
1582 0.0146484375
1583 0.068359375
1584 0.0205078125
1585 -0.14453125
1586 -0.01953125
1587 0.0498046875
1588 0.0146484375
1589 -0.1025390625
1590 0.013671875
1591 0.08203125
1592 0.037109375
1593 -0.10546875
1594 -0.0625
1595 0.0068359375
1596 -0.0263671875
1597 -0.1455078125
1598 -0.01953125
1599 0.052734375
1600 0.017578125
1601 -0.0673828125
1602 0.0439453125
1603 0.107421875
1604 0.0615234375
1605 -0.060546875
1606 -0.0224609375
1607 0.0390625
1608 0.0
1609 -0.109375
1610 0.0078125
1611 0.076171875
1612 0.03515625
1613 -0.064453125
1614 -0.0166015625
1615 0.0439453125
1616 0.001953125
1617 -0.123046875
1618 -0.0029296875
1619 0.064453125
1620 0.0263671875
1621 -0.1005859375
1622 -0.0537109375
1623 0.0126953125
1624 -0.0244140625
1625 -0.1357421875
1626 -0.0458984375
1627 0.0205078125
1628 -0.0166015625
1629 -0.1904296875
1630 -0.111328125
1631 -0.0341796875
1632 -0.0576171875
1633 -0.1767578125
1634 -0.0419921875
1635 0.033203125
1636 0.00390625
1637 -0.09375
1638 -0.044921875
1639 0.0244140625
1640 -0.01171875
1641 -0.1142578125
1642 0.0078125
1643 0.076171875
1644 0.0361328125
1645 -0.0283203125
1646 0.0791015625
1647 0.138671875
1648 0.0849609375
1649 -0.009765625
1650 0.0322265625
1651 0.0869140625
1652 0.0361328125
1653 -0.0595703125
1654 0.021484375
1655 0.078125
1656 0.0263671875
1657 -0.0615234375
1658 0.052734375
1659 0.1181640625
1660 0.0654296875
1661 0.0087890625
1662 0.11328125
1663 0.1748046875
1664 0.109375
1665 0.001953125
1666 0.1025390625
1667 0.1591796875
1668 0.0966796875
1669 -0.021484375
1670 0.0771484375
1671 0.134765625
1672 0.0791015625
1673 -0.0634765625
1674 -0.0224609375
1675 0.0380859375
1676 -0.005859375
1677 -0.126953125
1678 -0.00390625
1679 0.0625
1680 0.025390625
1681 -0.05078125
1682 0.056640625
1683 0.1181640625
1684 0.068359375
1685 -0.0537109375
1686 -0.0205078125
1687 0.0380859375
1688 -0.0009765625
1689 -0.109375
1690 0.0048828125
1691 0.0712890625
1692 0.0302734375
1693 -0.0703125
1694 -0.025390625
1695 0.033203125
1696 -0.005859375
1697 -0.0986328125
1698 0.015625
1699 0.0810546875
1700 0.0400390625
1701 -0.0087890625
1702 0.09375
1703 0.1533203125
1704 0.0947265625
1705 0.0400390625
1706 0.134765625
1707 0.189453125
1708 0.123046875
1709 0.064453125
1710 0.154296875
1711 0.20703125
1712 0.134765625
1713 0.017578125
1714 0.109375
1715 0.1611328125
1716 0.0986328125
1717 -0.06640625
1718 -0.03125
1719 0.025390625
1720 -0.017578125
1721 -0.130859375
1722 -0.0478515625
1723 0.01171875
1724 -0.0283203125
1725 -0.1982421875
1726 -0.1220703125
1727 -0.0498046875
1728 -0.0732421875
1729 -0.1904296875
1730 -0.060546875
1731 0.0126953125
1732 -0.013671875
1733 -0.1103515625
1734 -0.064453125
1735 0.001953125
1736 -0.03125
1737 -0.140625
1738 -0.0224609375
1739 0.04296875
1740 0.01171875
1741 -0.0654296875
1742 0.0439453125
1743 0.1025390625
1744 0.0556640625
1745 -0.0419921875
1746 -0.001953125
1747 0.052734375
1748 0.0087890625
1749 -0.0849609375
1750 -0.0048828125
1751 0.0498046875
1752 0.001953125
1753 -0.087890625
1754 0.0224609375
1755 0.087890625
1756 0.0400390625
1757 -0.0166015625
1758 0.0849609375
1759 0.14453125
1760 0.0859375
1761 0.025390625
1762 0.12109375
1763 0.173828125
1764 0.1103515625
1765 0.0478515625
1766 0.1416015625
1767 0.193359375
1768 0.125
1769 0.0166015625
1770 0.109375
1771 0.1572265625
1772 0.0947265625
1773 -0.0263671875
1774 0.0673828125
1775 0.1201171875
1776 0.0654296875
1777 -0.0771484375
1778 -0.041015625
1779 0.017578125
1780 -0.0244140625
1781 -0.142578125
1782 -0.0263671875
1783 0.041015625
1784 0.00390625
1785 -0.0693359375
1786 0.0380859375
1787 0.0947265625
1788 0.048828125
1789 -0.078125
1790 -0.0400390625
1791 0.01953125
1792 -0.0205078125
1793 -0.1318359375
1794 -0.013671875
1795 0.0517578125
1796 0.01171875
1797 -0.0927734375
1798 -0.044921875
1799 0.015625
1800 -0.0283203125
1801 -0.1181640625
1802 -0.0048828125
1803 0.0634765625
1804 0.0185546875
1805 -0.0283203125
1806 0.0751953125
1807 0.1337890625
1808 0.076171875
1809 0.013671875
1810 0.1103515625
1811 0.1650390625
1812 0.1005859375
1813 0.0390625
1814 0.1318359375
1815 0.18359375
1816 0.1171875
1817 -0.0029296875
1818 0.08984375
1819 0.1416015625
1820 0.078125
1821 -0.0859375
1822 -0.048828125
1823 0.009765625
1824 -0.0361328125
1825 -0.146484375
1826 -0.064453125
1827 -0.0009765625
1828 -0.041015625
1829 -0.21484375
1830 -0.138671875
1831 -0.0625
1832 -0.0869140625
1833 -0.2099609375
1834 -0.0771484375
1835 0.0
1836 -0.0302734375
1837 -0.1259765625
1838 -0.078125
1839 -0.0087890625
1840 -0.044921875
1841 -0.1865234375
1842 -0.060546875
1843 0.0126953125
1844 -0.017578125
1845 -0.109375
1846 0.005859375
1847 0.0732421875
1848 0.025390625
1849 -0.07421875
1850 -0.03125
1851 0.033203125
1852 -0.0146484375
1853 -0.1064453125
1854 -0.0234375
1855 0.0341796875
1856 -0.01171875
1857 -0.1103515625
1858 0.005859375
1859 0.072265625
1860 0.0263671875
1861 -0.0361328125
1862 0.072265625
1863 0.130859375
1864 0.072265625
1865 0.00390625
1866 0.10546875
1867 0.1611328125
1868 0.095703125
1869 0.033203125
1870 0.12890625
1871 0.1845703125
1872 0.1142578125
1873 0.005859375
1874 0.099609375
1875 0.1533203125
1876 0.087890625
1877 -0.03125
1878 0.0654296875
1879 0.1201171875
1880 0.0625
1881 -0.0791015625
1882 -0.0390625
1883 0.0166015625
1884 -0.0244140625
1885 -0.1474609375
1886 -0.0283203125
1887 0.0390625
1888 -0.0009765625
1889 -0.0771484375
1890 0.029296875
1891 0.0908203125
1892 0.0400390625
1893 -0.0859375
1894 -0.0498046875
1895 0.0107421875
1896 -0.0302734375
1897 -0.138671875
1898 -0.0224609375
1899 0.04296875
1900 0.0029296875
1901 -0.1005859375
1902 -0.0517578125
1903 0.0048828125
1904 -0.033203125
1905 -0.12890625
1906 -0.01171875
1907 0.052734375
1908 0.01171875
1909 -0.03515625
1910 0.06640625
1911 0.1279296875
1912 0.0693359375
1913 0.0107421875
1914 0.107421875
1915 0.1630859375
1916 0.0966796875
1917 0.0341796875
1918 0.1279296875
1919 0.1826171875
1920 0.111328125
1921 -0.0087890625
1922 0.083984375
1923 0.13671875
1924 0.0732421875
1925 -0.091796875
1926 -0.0537109375
1927 0.005859375
1928 -0.037109375
1929 -0.1513671875
1930 -0.068359375
1931 -0.005859375
1932 -0.0458984375
1933 -0.2177734375
1934 -0.1435546875
1935 -0.064453125
1936 -0.09375
1937 -0.2109375
1938 -0.080078125
1939 -0.001953125
1940 -0.033203125
1941 -0.130859375
1942 -0.0830078125
1943 -0.01171875
1944 -0.048828125
1945 -0.158203125
1946 -0.0361328125
1947 0.0302734375
1948 -0.00390625
1949 -0.0771484375
1950 0.033203125
1951 0.091796875
1952 0.0419921875
1953 -0.0517578125
1954 -0.01171875
1955 0.04296875
1956 -0.00390625
1957 -0.09765625
1958 -0.0185546875
1959 0.0361328125
1960 -0.0107421875
1961 -0.10546875
1962 0.0048828125
1963 0.0703125
1964 0.0244140625
1965 -0.037109375
1966 0.0654296875
1967 0.1240234375
1968 0.06640625
1969 -0.005859375
1970 0.0927734375
1971 0.1484375
1972 0.0869140625
1973 0.0234375
1974 0.1220703125
1975 0.173828125
1976 0.107421875
1977 -0.0029296875
1978 0.09375
1979 0.146484375
1980 0.0810546875
1981 -0.0390625
1982 0.05859375
1983 0.11328125
1984 0.0537109375
1985 -0.087890625
1986 -0.05078125
1987 0.009765625
1988 -0.03515625
1989 -0.1572265625
1990 -0.037109375
1991 0.0302734375
1992 -0.0087890625
1993 -0.09765625
1994 0.0146484375
1995 0.0751953125
1996 0.0283203125
1997 -0.0966796875
1998 -0.0576171875
1999 0.001953125
2000 -0.037109375
2001 -0.146484375
2002 -0.0302734375
2003 0.0380859375
2004 -0.0029296875
2005 -0.1025390625
2006 -0.0556640625
2007 0.005859375
2008 -0.0380859375
2009 -0.1767578125
2010 -0.0546875
2011 0.0146484375
2012 -0.017578125
2013 -0.1435546875
2014 -0.099609375
2015 -0.033203125
2016 -0.0625
2017 -0.1708984375
2018 -0.083984375
2019 -0.0185546875
2020 -0.0517578125
2021 -0.2236328125
2022 -0.1455078125
2023 -0.0673828125
2024 -0.0888671875
2025 -0.208984375
2026 -0.0771484375
2027 0.0
2028 -0.029296875
2029 -0.1259765625
2030 -0.0771484375
2031 -0.0087890625
2032 -0.0439453125
2033 -0.1953125
2034 -0.06640625
2035 0.0087890625
2036 -0.0205078125
2037 -0.119140625
2038 -0.0009765625
2039 0.0625
2040 0.0224609375
2041 -0.0751953125
2042 -0.03125
2043 0.0283203125
2044 -0.013671875
2045 -0.1064453125
2046 -0.0224609375
2047 0.033203125
2048 -0.01171875
2049 -0.10546875
2050 0.0087890625
2051 0.07421875
2052 0.029296875
2053 -0.0380859375
2054 0.06640625
2055 0.126953125
2056 0.0703125
2057 0.0029296875
2058 0.1025390625
2059 0.1591796875
2060 0.0966796875
2061 0.033203125
2062 0.12890625
2063 0.1826171875
2064 0.1142578125
2065 0.005859375
2066 0.1025390625
2067 0.1552734375
2068 0.0888671875
2069 -0.03515625
2070 0.0673828125
2071 0.125
2072 0.0625
2073 -0.076171875
2074 -0.0390625
2075 0.0234375
2076 -0.0244140625
2077 -0.1474609375
2078 -0.0263671875
2079 0.0439453125
2080 0.0
2081 -0.0771484375
2082 0.0341796875
2083 0.099609375
2084 0.04296875
2085 -0.0830078125
2086 -0.0439453125
2087 0.01953125
2088 -0.0263671875
2089 -0.138671875
2090 -0.0185546875
2091 0.05078125
2092 0.005859375
2093 -0.0986328125
2094 -0.0498046875
2095 0.01171875
2096 -0.0322265625
2097 -0.12890625
2098 -0.01171875
2099 0.060546875
2100 0.013671875
2101 -0.03515625
2102 0.0712890625
2103 0.1337890625
2104 0.0712890625
2105 0.0048828125
2106 0.103515625
2107 0.1611328125
2108 0.09375
2109 0.0322265625
2110 0.126953125
2111 0.1826171875
2112 0.1103515625
2113 -0.009765625
2114 0.083984375
2115 0.1376953125
2116 0.07421875
2117 -0.091796875
2118 -0.0537109375
2119 0.005859375
2120 -0.0390625
2121 -0.15234375
2122 -0.068359375
2123 -0.00390625
2124 -0.046875
2125 -0.2158203125
2126 -0.142578125
2127 -0.0625
2128 -0.0908203125
2129 -0.208984375
2130 -0.076171875
2131 -0.0009765625
2132 -0.0302734375
2133 -0.1298828125
2134 -0.078125
2135 -0.01171875
2136 -0.0478515625
2137 -0.1611328125
2138 -0.0361328125
2139 0.0341796875
2140 -0.005859375
2141 -0.0810546875
2142 0.0302734375
2143 0.091796875
2144 0.041015625
2145 -0.0537109375
2146 -0.013671875
2147 0.046875
2148 -0.0048828125
2149 -0.0986328125
2150 -0.017578125
2151 0.041015625
2152 -0.01171875
2153 -0.1044921875
2154 0.009765625
2155 0.07421875
2156 0.0263671875
2157 -0.037109375
2158 0.0703125
2159 0.1298828125
2160 0.0693359375
2161 -0.0009765625
2162 0.099609375
2163 0.15625
2164 0.0908203125
2165 0.0283203125
2166 0.125
2167 0.181640625
2168 0.107421875
2169 0.0009765625
2170 0.0947265625
2171 0.1474609375
2172 0.08203125
2173 -0.0419921875
2174 0.05859375
2175 0.1142578125
2176 0.0537109375
2177 -0.0908203125
2178 -0.0498046875
2179 0.009765625
2180 -0.03515625
2181 -0.16015625
2182 -0.03515625
2183 0.03125
2184 -0.0087890625
2185 -0.09765625
2186 0.0146484375
2187 0.078125
2188 0.02734375
2189 -0.09375
2190 -0.0556640625
2191 0.009765625
2192 -0.03515625
2193 -0.14453125
2194 -0.0263671875
2195 0.041015625
2196 -0.0009765625
2197 -0.1015625
2198 -0.0537109375
2199 0.0087890625
2200 -0.03515625
2201 -0.1767578125
2202 -0.0517578125
2203 0.0185546875
2204 -0.0166015625
2205 -0.14453125
2206 -0.0966796875
2207 -0.029296875
2208 -0.0625
2209 -0.1708984375
2210 -0.0830078125
2211 -0.015625
2212 -0.05078125
2213 -0.2216796875
2214 -0.14453125
2215 -0.0654296875
2216 -0.08984375
2217 -0.208984375
2218 -0.0771484375
2219 0.001953125
2220 -0.029296875
2221 -0.1259765625
2222 -0.076171875
2223 -0.0078125
2224 -0.04296875
2225 -0.1953125
2226 -0.0673828125
2227 0.0087890625
2228 -0.01953125
2229 -0.1201171875
2230 0.0
2231 0.0634765625
2232 0.0234375
2233 -0.07421875
2234 -0.033203125
2235 0.0283203125
2236 -0.0146484375
2237 -0.1064453125
2238 -0.0224609375
2239 0.037109375
2240 -0.009765625
2241 -0.103515625
2242 0.0087890625
2243 0.0771484375
2244 0.0302734375
2245 -0.0390625
2246 0.0673828125
2247 0.1279296875
2248 0.072265625
2249 0.00390625
2250 0.103515625
2251 0.16015625
2252 0.0966796875
2253 0.0341796875
2254 0.12890625
2255 0.185546875
2256 0.1142578125
2257 0.0078125
2258 0.1015625
2259 0.154296875
2260 0.08984375
2261 -0.0263671875
2262 0.0693359375
2263 0.125
2264 0.0654296875
2265 -0.068359375
2266 -0.033203125
2267 0.021484375
2268 -0.01953125
2269 -0.1416015625
2270 -0.0224609375
2271 0.04296875
2272 0.0029296875
2273 -0.0732421875
2274 0.0361328125
2275 0.095703125
2276 0.0439453125
2277 -0.0830078125
2278 -0.0458984375
2279 0.015625
2280 -0.025390625
2281 -0.1376953125
2282 -0.01953125
2283 0.046875
2284 0.005859375
2285 -0.095703125
2286 -0.0498046875
2287 0.0087890625
2288 -0.0322265625
2289 -0.12890625
2290 -0.0107421875
2291 0.056640625
2292 0.013671875
2293 -0.0341796875
2294 0.0712890625
2295 0.1328125
2296 0.072265625
2297 0.00390625
2298 0.103515625
2299 0.1611328125
2300 0.0947265625
2301 0.0322265625
2302 0.126953125
2303 0.18359375
2304 0.111328125
2305 -0.0107421875
2306 0.083984375
2307 0.138671875
2308 0.07421875
2309 -0.0908203125
2310 -0.0546875
2311 0.0068359375
2312 -0.0380859375
2313 -0.15234375
2314 -0.0673828125
2315 -0.0048828125
2316 -0.0458984375
2317 -0.2177734375
2318 -0.140625
2319 -0.064453125
2320 -0.08984375
2321 -0.2099609375
2322 -0.0771484375
2323 -0.0029296875
2324 -0.0322265625
2325 -0.1298828125
2326 -0.080078125
2327 -0.01171875
2328 -0.0478515625
2329 -0.1591796875
2330 -0.0380859375
2331 0.03125
2332 -0.0048828125
2333 -0.0810546875
2334 0.029296875
2335 0.08984375
2336 0.041015625
2337 -0.0537109375
2338 -0.0126953125
2339 0.04296875
2340 -0.0048828125
2341 -0.1005859375
2342 -0.0185546875
2343 0.0361328125
2344 -0.009765625
2345 -0.1044921875
2346 0.0078125
2347 0.07421875
2348 0.0283203125
2349 -0.037109375
2350 0.06640625
2351 0.12890625
2352 0.0693359375
2353 0.001953125
2354 0.099609375
2355 0.1552734375
2356 0.0908203125
2357 0.029296875
2358 0.1240234375
2359 0.1787109375
2360 0.1083984375
2361 -0.001953125
2362 0.095703125
2363 0.146484375
2364 0.08203125
2365 -0.0380859375
2366 0.060546875
2367 0.1142578125
2368 0.0556640625
2369 -0.083984375
2370 -0.0458984375
2371 0.0146484375
2372 -0.033203125
2373 -0.15234375
2374 -0.0341796875
2375 0.03515625
2376 -0.005859375
2377 -0.0810546875
2378 0.0244140625
2379 0.0888671875
2380 0.03515625
2381 -0.083984375
2382 -0.044921875
2383 0.013671875
2384 -0.029296875
2385 -0.1533203125
2386 -0.0322265625
2387 0.03515625
2388 -0.005859375
2389 -0.111328125
2390 -0.060546875
2391 -0.0009765625
2392 -0.04296875
2393 -0.1552734375
2394 -0.03515625
2395 0.037109375
2396 -0.0048828125
2397 -0.05078125
2398 0.0556640625
2399 0.119140625
2400 0.0595703125
2401 0.001953125
2402 0.0986328125
2403 0.1533203125
2404 0.0908203125
2405 0.02734375
2406 0.123046875
2407 0.17578125
2408 0.10546875
2409 -0.0146484375
2410 0.0791015625
2411 0.130859375
2412 0.0703125
2413 -0.09375
2414 -0.056640625
2415 0.0009765625
2416 -0.04296875
2417 -0.16015625
2418 -0.076171875
2419 -0.01171875
2420 -0.0537109375
2421 -0.2353515625
2422 -0.1572265625
2423 -0.078125
2424 -0.1005859375
2425 -0.25
2426 -0.111328125
2427 -0.0302734375
2428 -0.052734375
2429 -0.130859375
2430 -0.013671875
2431 0.0517578125
2432 0.0107421875
2433 -0.1220703125
2434 -0.0830078125
2435 -0.0185546875
2436 -0.0498046875
2437 -0.169921875
2438 -0.0888671875
2439 -0.0234375
2440 -0.0537109375
2441 -0.158203125
2442 -0.078125
2443 -0.013671875
2444 -0.046875
2445 -0.1611328125
2446 -0.0419921875
2447 0.025390625
2448 -0.0068359375
2449 -0.0927734375
2450 0.015625
2451 0.0771484375
2452 0.0341796875
2453 -0.02734375
2454 0.072265625
2455 0.1298828125
2456 0.07421875
2457 -0.01953125
2458 0.025390625
2459 0.0712890625
2460 0.0185546875
2461 -0.1064453125
2462 0.0
2463 0.060546875
2464 0.0185546875
2465 -0.1171875
2466 -0.0810546875
2467 -0.017578125
2468 -0.0478515625
2469 -0.1572265625
2470 -0.080078125
2471 -0.015625
2472 -0.044921875
2473 -0.1572265625
2474 -0.076171875
2475 -0.017578125
2476 -0.0439453125
2477 -0.1845703125
2478 -0.060546875
2479 0.0087890625
2480 -0.013671875
2481 -0.0693359375
2482 0.0380859375
2483 0.095703125
2484 0.05078125
2485 -0.041015625
2486 0.0029296875
2487 0.0537109375
2488 0.005859375
2489 -0.119140625
2490 -0.0078125
2491 0.0537109375
2492 0.015625
2493 -0.119140625
2494 -0.083984375
2495 -0.0185546875
2496 -0.0458984375
2497 -0.1591796875
2498 -0.0771484375
2499 -0.01171875
2500 -0.041015625
2501 -0.1552734375
2502 -0.0712890625
2503 -0.009765625
2504 -0.0390625
2505 -0.1796875
2506 -0.0556640625
2507 0.017578125
2508 -0.01171875
2509 -0.0634765625
2510 0.0439453125
2511 0.1044921875
2512 0.0556640625
2513 -0.0361328125
2514 0.009765625
2515 0.0615234375
2516 0.0126953125
2517 -0.1142578125
2518 -0.0029296875
2519 0.05859375
2520 0.021484375
2521 -0.1171875
2522 -0.076171875
2523 -0.013671875
2524 -0.041015625
2525 -0.1552734375
2526 -0.0703125
2527 -0.0048828125
2528 -0.03515625
2529 -0.15234375
2530 -0.0673828125
2531 -0.00390625
2532 -0.03515625
2533 -0.177734375
2534 -0.0537109375
2535 0.0224609375
2536 -0.009765625
2537 -0.0625
2538 0.0458984375
2539 0.109375
2540 0.0595703125
2541 -0.0341796875
2542 0.0146484375
2543 0.06640625
2544 0.017578125
2545 -0.1162109375
2546 0.001953125
2547 0.064453125
2548 0.0234375
2549 -0.11328125
2550 -0.0732421875
2551 -0.005859375
2552 -0.0390625
2553 -0.15234375
2554 -0.0693359375
2555 -0.001953125
2556 -0.033203125
2557 -0.1484375
2558 -0.0625
2559 0.0029296875
2560 -0.03125
2561 -0.1728515625
2562 -0.0458984375
2563 0.0263671875
2564 -0.001953125
2565 -0.0576171875
2566 0.052734375
2567 0.1142578125
2568 0.0654296875
2569 -0.02734375
2570 0.0205078125
2571 0.0712890625
2572 0.0205078125
2573 -0.1083984375
2574 0.0068359375
2575 0.0693359375
2576 0.029296875
2577 -0.1083984375
2578 -0.0693359375
2579 -0.0029296875
2580 -0.0361328125
2581 -0.1474609375
2582 -0.0654296875
2583 0.0029296875
2584 -0.029296875
2585 -0.146484375
2586 -0.060546875
2587 0.00390625
2588 -0.029296875
2589 -0.171875
2590 -0.04296875
2591 0.03125
2592 -0.0009765625
2593 -0.0576171875
2594 0.0556640625
2595 0.1181640625
2596 0.0673828125
2597 -0.0283203125
2598 0.021484375
2599 0.076171875
2600 0.0224609375
2601 -0.1083984375
2602 0.0078125
2603 0.0732421875
2604 0.03125
2605 -0.107421875
2606 -0.0673828125
2607 0.0009765625
2608 -0.0341796875
2609 -0.146484375
2610 -0.0615234375
2611 0.005859375
2612 -0.02734375
2613 -0.1435546875
2614 -0.0576171875
2615 0.009765625
2616 -0.0244140625
2617 -0.1708984375
2618 -0.0419921875
2619 0.0341796875
2620 0.0009765625
2621 -0.0546875
2622 0.0576171875
2623 0.123046875
2624 0.068359375
2625 -0.025390625
2626 0.0244140625
2627 0.0791015625
2628 0.0234375
2629 -0.1083984375
2630 0.009765625
2631 0.0791015625
2632 0.0322265625
2633 -0.107421875
2634 -0.0654296875
2635 0.0048828125
2636 -0.0302734375
2637 -0.146484375
2638 -0.0576171875
2639 0.0107421875
2640 -0.0244140625
2641 -0.1435546875
2642 -0.052734375
2643 0.0146484375
2644 -0.0263671875
2645 -0.171875
2646 -0.0400390625
2647 0.0390625
2648 0.001953125
2649 -0.05859375
2650 0.0595703125
2651 0.1279296875
2652 0.0693359375
2653 -0.0234375
2654 0.02734375
2655 0.0859375
2656 0.0244140625
2657 -0.111328125
2658 0.0126953125
2659 0.08203125
2660 0.0341796875
2661 -0.107421875
2662 -0.0615234375
2663 0.0107421875
2664 -0.0283203125
2665 -0.1474609375
2666 -0.056640625
2667 0.015625
2668 -0.0224609375
2669 -0.140625
2670 -0.052734375
2671 0.0185546875
2672 -0.021484375
2673 -0.16796875
2674 -0.037109375
2675 0.0439453125
2676 0.005859375
2677 -0.0537109375
2678 0.0615234375
2679 0.1298828125
2680 0.0732421875
2681 -0.0244140625
2682 0.0283203125
2683 0.0849609375
2684 0.0283203125
2685 -0.1064453125
2686 0.0146484375
2687 0.083984375
2688 0.03515625
2689 -0.1025390625
2690 -0.0576171875
2691 0.01171875
2692 -0.0263671875
2693 -0.1435546875
2694 -0.0537109375
2695 0.01953125
2696 -0.0224609375
2697 -0.138671875
2698 -0.0498046875
2699 0.0205078125
2700 -0.021484375
2701 -0.1689453125
2702 -0.0341796875
2703 0.0439453125
2704 0.005859375
2705 -0.0537109375
2706 0.0634765625
2707 0.130859375
2708 0.07421875
2709 -0.0224609375
2710 0.0302734375
2711 0.0888671875
2712 0.029296875
2713 -0.1044921875
2714 0.0146484375
2715 0.083984375
2716 0.037109375
2717 -0.1005859375
2718 -0.060546875
2719 0.013671875
2720 -0.0263671875
2721 -0.1416015625
2722 -0.052734375
2723 0.017578125
2724 -0.0205078125
2725 -0.140625
2726 -0.0498046875
2727 0.0205078125
2728 -0.0205078125
2729 -0.1669921875
2730 -0.0341796875
2731 0.041015625
2732 0.0078125
2733 -0.05078125
2734 0.064453125
2735 0.1298828125
2736 0.076171875
2737 -0.0205078125
2738 0.0302734375
2739 0.0869140625
2740 0.0302734375
2741 -0.1044921875
2742 0.017578125
2743 0.0859375
2744 0.0380859375
2745 -0.0986328125
2746 -0.056640625
2747 0.01171875
2748 -0.0244140625
2749 -0.142578125
2750 -0.0537109375
2751 0.0185546875
2752 -0.01953125
2753 -0.13671875
2754 -0.048828125
2755 0.0185546875
2756 -0.0166015625
2757 -0.1669921875
2758 -0.0341796875
2759 0.0439453125
2760 0.0087890625
2761 -0.048828125
2762 0.06640625
2763 0.130859375
2764 0.076171875
2765 -0.017578125
2766 0.0322265625
2767 0.08984375
2768 0.0322265625
2769 -0.1025390625
2770 0.015625
2771 0.0830078125
2772 0.0390625
2773 -0.1015625
2774 -0.0576171875
2775 0.009765625
2776 -0.0244140625
2777 -0.140625
2778 -0.052734375
2779 0.0166015625
2780 -0.01953125
2781 -0.1357421875
2782 -0.046875
2783 0.01953125
2784 -0.0185546875
2785 -0.162109375
2786 -0.033203125
2787 0.04296875
2788 0.009765625
2789 -0.046875
2790 0.06640625
2791 0.1318359375
2792 0.076171875
2793 -0.017578125
2794 0.0341796875
2795 0.0869140625
2796 0.0341796875
2797 -0.1005859375
2798 0.0205078125
2799 0.0859375
2800 0.041015625
2801 -0.09765625
2802 -0.0556640625
2803 0.01171875
2804 -0.021484375
2805 -0.138671875
2806 -0.05078125
2807 0.0185546875
2808 -0.01953125
2809 -0.1318359375
2810 -0.0478515625
2811 0.0185546875
2812 -0.015625
2813 -0.16015625
2814 -0.033203125
2815 0.0400390625
2816 0.009765625
2817 -0.046875
2818 0.06640625
2819 0.12890625
2820 0.0791015625
2821 -0.0166015625
2822 0.0341796875
2823 0.083984375
2824 0.0341796875
2825 -0.09765625
2826 0.0166015625
2827 0.0810546875
2828 0.041015625
2829 -0.0947265625
2830 -0.0576171875
2831 0.0078125
2832 -0.021484375
2833 -0.1337890625
2834 -0.0498046875
2835 0.013671875
2836 -0.0166015625
2837 -0.12890625
2838 -0.0478515625
2839 0.0146484375
2840 -0.015625
2841 -0.1572265625
2842 -0.0302734375
2843 0.041015625
2844 0.0146484375
2845 -0.0400390625
2846 0.0673828125
2847 0.1259765625
2848 0.080078125
2849 -0.0126953125
2850 0.033203125
2851 0.0810546875
2852 0.03515625
2853 -0.0927734375
2854 0.01953125
2855 0.0810546875
2856 0.04296875
2857 -0.09375
2858 -0.0556640625
2859 0.0087890625
2860 -0.0205078125
2861 -0.1328125
2862 -0.0517578125
2863 0.013671875
2864 -0.015625
2865 -0.1298828125
2866 -0.0478515625
2867 0.0146484375
2868 -0.0146484375
2869 -0.15625
2870 -0.03125
2871 0.0380859375
2872 0.0126953125
2873 -0.0419921875
2874 0.0654296875
2875 0.126953125
2876 0.080078125
2877 -0.013671875
2878 0.033203125
2879 0.0849609375
2880 0.03515625
2881 -0.0927734375
2882 0.017578125
2883 0.08203125
2884 0.04296875
2885 -0.09375
2886 -0.056640625
2887 0.0078125
2888 -0.01953125
2889 -0.1318359375
2890 -0.0498046875
2891 0.0146484375
2892 -0.015625
2893 -0.126953125
2894 -0.046875
2895 0.0185546875
2896 -0.013671875
2897 -0.15234375
2898 -0.029296875
2899 0.0439453125
2900 0.013671875
2901 -0.0380859375
2902 0.0673828125
2903 0.1318359375
2904 0.0810546875
2905 -0.0107421875
2906 0.0341796875
2907 0.0869140625
2908 0.0361328125
2909 -0.0908203125
2910 0.021484375
2911 0.083984375
2912 0.0458984375
2913 -0.0927734375
2914 -0.0537109375
2915 0.0107421875
2916 -0.017578125
2917 -0.130859375
2918 -0.0498046875
2919 0.0146484375
2920 -0.0146484375
2921 -0.1259765625
2922 -0.044921875
2923 0.0146484375
2924 -0.01171875
2925 -0.1513671875
2926 -0.0302734375
2927 0.041015625
2928 0.0146484375
2929 -0.0390625
2930 0.0673828125
2931 0.1279296875
2932 0.08203125
2933 -0.0126953125
2934 0.0341796875
2935 0.083984375
2936 0.037109375
2937 -0.0927734375
2938 0.01953125
2939 0.08203125
2940 0.044921875
2941 -0.091796875
2942 -0.0546875
2943 0.013671875
2944 -0.0185546875
2945 -0.130859375
2946 -0.0498046875
2947 0.017578125
2948 -0.013671875
2949 -0.126953125
2950 -0.044921875
2951 0.01953125
2952 -0.01171875
2953 -0.154296875
2954 -0.0283203125
2955 0.0439453125
2956 0.0146484375
2957 -0.041015625
2958 0.0693359375
2959 0.130859375
2960 0.0810546875
2961 -0.01171875
2962 0.0341796875
2963 0.087890625
2964 0.0361328125
2965 -0.0908203125
2966 0.021484375
2967 0.0859375
2968 0.0439453125
2969 -0.0927734375
2970 -0.0537109375
2971 0.013671875
2972 -0.0185546875
2973 -0.1328125
2974 -0.048828125
2975 0.01953125
2976 -0.0146484375
2977 -0.1298828125
2978 -0.0458984375
2979 0.01953125
2980 -0.013671875
2981 -0.1572265625
2982 -0.029296875
2983 0.0458984375
2984 0.0146484375
2985 -0.0400390625
2986 0.068359375
2987 0.1328125
2988 0.080078125
2989 -0.01171875
2990 0.0341796875
2991 0.087890625
2992 0.0361328125
2993 -0.0947265625
2994 0.01953125
2995 0.0859375
2996 0.0439453125
2997 -0.095703125
2998 -0.0537109375
2999 0.0126953125
3000 -0.01953125
3001 -0.134765625
3002 -0.048828125
3003 0.0185546875
3004 -0.015625
3005 -0.1298828125
3006 -0.0439453125
3007 0.0224609375
3008 -0.013671875
3009 -0.1572265625
3010 -0.0283203125
3011 0.0478515625
3012 0.0126953125
3013 -0.04296875
3014 0.068359375
3015 0.1337890625
3016 0.080078125
3017 -0.0126953125
3018 0.03515625
3019 0.0908203125
3020 0.0361328125
3021 -0.0927734375
3022 0.021484375
3023 0.087890625
3024 0.0439453125
3025 -0.0947265625
3026 -0.0517578125
3027 0.0146484375
3028 -0.017578125
3029 -0.134765625
3030 -0.046875
3031 0.0205078125
3032 -0.0146484375
3033 -0.1298828125
3034 -0.0439453125
3035 0.0205078125
3036 -0.0146484375
3037 -0.154296875
3038 -0.03125
3039 0.0439453125
3040 0.013671875
3041 -0.0400390625
3042 0.0693359375
3043 0.130859375
3044 0.0810546875
3045 -0.01171875
3046 0.037109375
3047 0.087890625
3048 0.0380859375
3049 -0.09375
3050 0.021484375
3051 0.083984375
3052 0.0439453125
3053 -0.0927734375
3054 -0.0546875
3055 0.013671875
3056 -0.01953125
3057 -0.1318359375
3058 -0.048828125
3059 0.0166015625
3060 -0.0146484375
3061 -0.1279296875
3062 -0.0458984375
3063 0.0185546875
3064 -0.013671875
3065 -0.1572265625
3066 -0.029296875
3067 0.0439453125
3068 0.0126953125
3069 -0.0419921875
3070 0.0693359375
3071 0.1328125
3072 0.08203125
3073 -0.01171875
3074 0.0361328125
3075 0.087890625
3076 0.037109375
3077 -0.09375
3078 0.021484375
3079 0.0859375
3080 0.044921875
3081 -0.09375
3082 -0.052734375
3083 0.015625
3084 -0.0185546875
3085 -0.1328125
3086 -0.0478515625
3087 0.021484375
3088 -0.0146484375
3089 -0.130859375
3090 -0.044921875
3091 0.0205078125
3092 -0.013671875
3093 -0.158203125
3094 -0.0302734375
3095 0.044921875
3096 0.013671875
3097 -0.04296875
3098 0.0703125
3099 0.1318359375
3100 0.0810546875
3101 -0.013671875
3102 0.0361328125
3103 0.0908203125
3104 0.0361328125
3105 -0.0947265625
3106 0.01953125
3107 0.087890625
3108 0.0439453125
3109 -0.09375
3110 -0.0537109375
3111 0.0146484375
3112 -0.0205078125
3113 -0.134765625
3114 -0.0478515625
3115 0.0205078125
3116 -0.0146484375
3117 -0.130859375
3118 -0.0419921875
3119 0.0244140625
3120 -0.0126953125
3121 -0.15625
3122 -0.0283203125
3123 0.0478515625
3124 0.0146484375
3125 -0.0439453125
3126 0.0703125
3127 0.1357421875
3128 0.0810546875
3129 -0.01171875
3130 0.037109375
3131 0.0908203125
3132 0.0361328125
3133 -0.0947265625
3134 0.0234375
3135 0.091796875
3136 0.044921875
3137 -0.091796875
3138 -0.048828125
3139 0.0185546875
3140 -0.0166015625
3141 -0.134765625
3142 -0.044921875
3143 0.0244140625
3144 -0.013671875
3145 -0.130859375
3146 -0.0419921875
3147 0.025390625
3148 -0.013671875
3149 -0.1572265625
3150 -0.0283203125
3151 0.0498046875
3152 0.015625
3153 -0.0439453125
3154 0.0703125
3155 0.1376953125
3156 0.08203125
3157 -0.013671875
3158 0.0361328125
3159 0.091796875
3160 0.037109375
3161 -0.0966796875
3162 0.0205078125
3163 0.087890625
3164 0.044921875
3165 -0.09375
3166 -0.05078125
3167 0.01953125
3168 -0.0166015625
3169 -0.1357421875
3170 -0.0458984375
3171 0.0244140625
3172 -0.0146484375
3173 -0.1318359375
3174 -0.0419921875
3175 0.0283203125
3176 -0.013671875
3177 -0.1572265625
3178 -0.02734375
3179 0.05078125
3180 0.013671875
3181 -0.0439453125
3182 0.072265625
3183 0.1376953125
3184 0.0830078125
3185 -0.0146484375
3186 0.0390625
3187 0.0927734375
3188 0.037109375
3189 -0.0966796875
3190 0.0234375
3191 0.0927734375
3192 0.0439453125
3193 -0.0927734375
3194 -0.0498046875
3195 0.021484375
3196 -0.01953125
3197 -0.1357421875
3198 -0.046875
3199 0.0263671875
3200 -0.015625
3201 -0.130859375
3202 -0.04296875
3203 0.0283203125
3204 -0.013671875
3205 -0.1630859375
3206 -0.029296875
3207 0.0498046875
3208 0.0146484375
3209 -0.046875
3210 0.0703125
3211 0.1357421875
3212 0.08203125
3213 -0.0166015625
3214 0.0380859375
3215 0.09375
3216 0.03515625
3217 -0.0966796875
3218 0.021484375
3219 0.08984375
3220 0.04296875
3221 -0.09375
3222 -0.052734375
3223 0.0205078125
3224 -0.0185546875
3225 -0.1357421875
3226 -0.046875
3227 0.0234375
3228 -0.0146484375
3229 -0.1328125
3230 -0.0419921875
3231 0.025390625
3232 -0.0107421875
3233 -0.1591796875
3234 -0.025390625
3235 0.048828125
3236 0.0146484375
3237 -0.0439453125
3238 0.0712890625
3239 0.1376953125
3240 0.0810546875
3241 -0.013671875
3242 0.0361328125
3243 0.0947265625
3244 0.0361328125
3245 -0.0947265625
3246 0.021484375
3247 0.08984375
3248 0.0458984375
3249 -0.0927734375
3250 -0.05078125
3251 0.01953125
3252 -0.017578125
3253 -0.1357421875
3254 -0.0458984375
3255 0.025390625
3256 -0.0146484375
3257 -0.1318359375
3258 -0.0439453125
3259 0.0244140625
3260 -0.0126953125
3261 -0.158203125
3262 -0.0302734375
3263 0.0478515625
3264 0.013671875
3265 -0.04296875
3266 0.0703125
3267 0.13671875
3268 0.08203125
3269 -0.013671875
3270 0.037109375
3271 0.09375
3272 0.037109375
3273 -0.095703125
3274 0.021484375
3275 0.0869140625
3276 0.044921875
3277 -0.0947265625
3278 -0.05078125
3279 0.0166015625
3280 -0.017578125
3281 -0.134765625
3282 -0.044921875
3283 0.0234375
3284 -0.013671875
3285 -0.12890625
3286 -0.0400390625
3287 0.029296875
3288 -0.01171875
3289 -0.1337890625
3290 -0.0078125
3291 0.0673828125
3292 0.0283203125
3293 -0.08203125
3294 -0.0361328125
3295 0.03125
3296 -0.0087890625
3297 -0.166015625
3298 -0.0908203125
3299 -0.013671875
3300 -0.041015625
3301 -0.1376953125
3302 -0.046875
3303 0.0234375
3304 -0.0107421875
3305 -0.1796875
3306 -0.1123046875
3307 -0.029296875
3308 -0.048828125
3309 -0.205078125
3310 -0.1259765625
3311 -0.0400390625
3312 -0.05859375
3313 -0.1611328125
3314 -0.0654296875
3315 0.009765625
3316 -0.0224609375
3317 -0.1181640625
3318 -0.0283203125
3319 0.0400390625
3320 0.0009765625
3321 -0.1103515625
3322 0.0146484375
3323 0.0859375
3324 0.04296875
3325 -0.0771484375
3326 -0.0322265625
3327 0.037109375
3328 -0.001953125
3329 -0.115234375
3330 -0.03125
3331 0.0380859375
3332 0.0029296875
3333 -0.1181640625
3334 -0.0302734375
3335 0.0380859375
3336 0.0
3337 -0.10546875
3338 -0.0205078125
3339 0.0458984375
3340 0.0068359375
3341 -0.0947265625
3342 -0.015625
3343 0.0537109375
3344 0.0146484375
3345 -0.1142578125
3346 -0.0283203125
3347 0.0361328125
3348 0.0009765625
3349 -0.1865234375
3350 -0.1103515625
3351 -0.029296875
3352 -0.046875
3353 -0.205078125
3354 -0.1298828125
3355 -0.056640625
3356 -0.0478515625
3357 -0.1396484375
3358 -0.0673828125
3359 -0.0107421875
3360 -0.013671875
3361 -0.140625
3362 -0.0703125
3363 -0.0146484375
3364 -0.0146484375
3365 -0.154296875
3366 -0.0419921875
3367 0.0205078125
3368 0.021484375
3369 -0.048828125
3370 0.0458984375
3371 0.09765625
3372 0.0810546875
3373 0.03125
3374 0.115234375
3375 0.154296875
3376 0.125
3377 0.0478515625
3378 0.0654296875
3379 0.1005859375
3380 0.0732421875
3381 -0.021484375
3382 0.0263671875
3383 0.068359375
3384 0.046875
3385 -0.0546875
3386 0.005859375
3387 0.0458984375
3388 0.0263671875
3389 -0.076171875
3390 -0.013671875
3391 0.029296875
3392 0.0146484375
3393 -0.0986328125
3394 0.0029296875
3395 0.0546875
3396 0.0458984375
3397 -0.103515625
3398 -0.076171875
3399 -0.0166015625
3400 -0.01953125
3401 -0.1962890625
3402 -0.138671875
3403 -0.0634765625
3404 -0.0537109375
3405 -0.1552734375
3406 -0.0771484375
3407 -0.0166015625
3408 -0.021484375
3409 -0.1611328125
3410 -0.0849609375
3411 -0.0244140625
3412 -0.0234375
3413 -0.154296875
3414 -0.037109375
3415 0.0234375
3416 0.0224609375
3417 -0.0576171875
3418 0.0361328125
3419 0.0888671875
3420 0.07421875
3421 -0.0048828125
3422 0.080078125
3423 0.1259765625
3424 0.099609375
3425 0.021484375
3426 0.1005859375
3427 0.1416015625
3428 0.11328125
3429 0.0263671875
3430 0.1044921875
3431 0.1455078125
3432 0.1142578125
3433 0.0185546875
3434 0.09375
3435 0.134765625
3436 0.107421875
3437 0.001953125
3438 0.0810546875
3439 0.1240234375
3440 0.1005859375
3441 0.0380859375
3442 0.1171875
3443 0.1552734375
3444 0.1220703125
3445 0.017578125
3446 0.033203125
3447 0.068359375
3448 0.04296875
3449 -0.064453125
3450 -0.0107421875
3451 0.0322265625
3452 0.017578125
3453 -0.123046875
3454 -0.0595703125
3455 -0.009765625
3456 -0.0146484375
3457 -0.1435546875
3458 -0.0361328125
3459 0.01953125
3460 0.0185546875
3461 -0.0625
3462 0.029296875
3463 0.078125
3464 0.0634765625
3465 -0.025390625
3466 0.0576171875
3467 0.1025390625
3468 0.08203125
3469 -0.0185546875
3470 0.0615234375
3471 0.10546875
3472 0.08203125
3473 -0.025390625
3474 0.0556640625
3475 0.099609375
3476 0.076171875
3477 0.0166015625
3478 0.0947265625
3479 0.1298828125
3480 0.1025390625
3481 -0.0205078125
3482 -0.00390625
3483 0.0341796875
3484 0.017578125
3485 -0.138671875
3486 -0.0361328125
3487 0.01953125
3488 0.0185546875
3489 -0.0966796875
3490 -0.0712890625
3491 -0.021484375
3492 -0.0234375
3493 -0.1181640625
3494 -0.0185546875
3495 0.03515625
3496 0.02734375
3497 -0.0615234375
3498 -0.060546875
3499 -0.005859375
3500 -0.0107421875
3501 -0.0966796875
3502 0.0
3503 0.0498046875
3504 0.04296875
3505 -0.048828125
3506 -0.0244140625
3507 0.0185546875
3508 0.0068359375
3509 -0.0849609375
3510 -0.029296875
3511 0.0166015625
3512 0.0068359375
3513 -0.134765625
3514 -0.0703125
3515 -0.0205078125
3516 -0.0244140625
3517 -0.150390625
3518 -0.0849609375
3519 -0.02734375
3520 -0.0283203125
3521 -0.1787109375
3522 -0.0673828125
3523 -0.00390625
3524 -0.0009765625
3525 -0.0849609375
3526 0.0107421875
3527 0.0625
3528 0.0517578125
3529 -0.0361328125
3530 0.0478515625
3531 0.0947265625
3532 0.0751953125
3533 -0.009765625
3534 0.0693359375
3535 0.111328125
3536 0.08984375
3537 0.0087890625
3538 0.0849609375
3539 0.125
3540 0.09765625
3541 0.01171875
3542 0.0869140625
3543 0.1240234375
3544 0.0986328125
3545 -0.0009765625
3546 0.0751953125
3547 0.1142578125
3548 0.08984375
3549 -0.0185546875
3550 0.0615234375
3551 0.1005859375
3552 0.0791015625
3553 0.005859375
3554 0.083984375
3555 0.119140625
3556 0.091796875
3557 -0.0341796875
3558 -0.0205078125
3559 0.0224609375
3560 0.005859375
3561 -0.091796875
3562 0.00390625
3563 0.0517578125
3564 0.0380859375
3565 -0.009765625
3566 0.0712890625
3567 0.11328125
3568 0.0859375
3569 0.0380859375
3570 0.111328125
3571 0.1455078125
3572 0.115234375
3573 0.056640625
3574 0.126953125
3575 0.16015625
3576 0.1240234375
3577 0.0234375
3578 0.0390625
3579 0.068359375
3580 0.0419921875
3581 -0.078125
3582 -0.0283203125
3583 0.013671875
3584 -0.001953125
3585 -0.12109375
3586 -0.060546875
3587 -0.0146484375
3588 -0.0234375
3589 -0.1357421875
3590 -0.078125
3591 -0.0244140625
3592 -0.0322265625
3593 -0.1435546875
3594 -0.0771484375
3595 -0.0283203125
3596 -0.033203125
3597 -0.1435546875
3598 -0.080078125
3599 -0.03125
3600 -0.033203125
3601 -0.169921875
3602 -0.1005859375
3603 -0.0458984375
3604 -0.0458984375
3605 -0.1474609375
3606 -0.0419921875
3607 0.015625
3608 0.009765625
3609 -0.119140625
3610 -0.091796875
3611 -0.0341796875
3612 -0.0361328125
3613 -0.1328125
3614 -0.0693359375
3615 -0.017578125
3616 -0.021484375
3617 -0.1259765625
3618 -0.0556640625
3619 -0.01171875
3620 -0.01953125
3621 -0.1298828125
3622 -0.0615234375
3623 -0.0126953125
3624 -0.0185546875
3625 -0.173828125
3626 -0.0595703125
3627 -0.0009765625
3628 -0.001953125
3629 -0.06640625
3630 0.02734375
3631 0.076171875
3632 0.0576171875
3633 -0.0693359375
3634 0.0224609375
3635 0.0673828125
3636 0.052734375
3637 -0.08984375
3638 -0.0712890625
3639 -0.0185546875
3640 -0.0234375
3641 -0.1884765625
3642 -0.1142578125
3643 -0.0517578125
3644 -0.0458984375
3645 -0.150390625
3646 -0.0732421875
3647 -0.0224609375
3648 -0.02734375
3649 -0.1123046875
3650 -0.0078125
3651 0.046875
3652 0.0341796875
3653 -0.0546875
3654 -0.052734375
3655 0.00390625
3656 -0.005859375
3657 -0.1162109375
3658 -0.0126953125
3659 0.044921875
3660 0.033203125
3661 -0.0556640625
3662 0.0361328125
3663 0.087890625
3664 0.0654296875
3665 -0.0302734375
3666 -0.0078125
3667 0.0361328125
3668 0.017578125
3669 -0.1005859375
3670 0.0029296875
3671 0.052734375
3672 0.041015625
3673 -0.0947265625
3674 -0.0673828125
3675 -0.013671875
3676 -0.0205078125
3677 -0.2021484375
3678 -0.125
3679 -0.0546875
3680 -0.0517578125
3681 -0.16015625
3682 -0.0849609375
3683 -0.0263671875
3684 -0.03125
3685 -0.16015625
3686 -0.0810546875
3687 -0.0244140625
3688 -0.02734375
3689 -0.185546875
3690 -0.0634765625
3691 0.0
3692 0.001953125
3693 -0.052734375
3694 0.046875
3695 0.09375
3696 0.0732421875
3697 -0.0048828125
3698 0.080078125
3699 0.125
3700 0.099609375
3701 0.00390625
3702 0.0869140625
3703 0.1298828125
3704 0.1005859375
3705 0.0400390625
3706 0.119140625
3707 0.154296875
3708 0.12109375
3709 0.03125
3710 0.0458984375
3711 0.0810546875
3712 0.0537109375
3713 -0.0458984375
3714 0.009765625
3715 0.0498046875
3716 0.0322265625
3717 -0.076171875
3718 -0.0185546875
3719 0.0244140625
3720 0.0087890625
3721 -0.1591796875
3722 -0.0498046875
3723 0.0078125
3724 0.0048828125
3725 -0.1357421875
3726 -0.10546875
3727 -0.044921875
3728 -0.041015625
3729 -0.212890625
3730 -0.0888671875
3731 -0.017578125
3732 -0.0126953125
3733 -0.0654296875
3734 0.033203125
3735 0.08203125
3736 0.060546875
3737 -0.01171875
3738 0.0771484375
3739 0.119140625
3740 0.0927734375
3741 0.00390625
3742 0.0859375
3743 0.126953125
3744 0.09765625
3745 0.048828125
3746 0.126953125
3747 0.1630859375
3748 0.126953125
3749 0.01953125
3750 0.0341796875
3751 0.0693359375
3752 0.04296875
3753 -0.134765625
3754 -0.08203125
3755 -0.0263671875
3756 -0.0302734375
3757 -0.1328125
3758 -0.0673828125
3759 -0.013671875
3760 -0.01953125
3761 -0.1611328125
3762 -0.0849609375
3763 -0.0322265625
3764 -0.033203125
3765 -0.1689453125
3766 -0.0556640625
3767 0.0078125
3768 0.0048828125
3769 -0.0810546875
3770 0.013671875
3771 0.0673828125
3772 0.052734375
3773 -0.041015625
3774 0.046875
3775 0.09375
3776 0.0732421875
3777 -0.017578125
3778 0.0654296875
3779 0.109375
3780 0.0849609375
3781 -0.005859375
3782 0.0751953125
3783 0.1162109375
3784 0.08984375
3785 -0.0048828125
3786 0.0751953125
3787 0.1142578125
3788 0.087890625
3789 -0.02734375
3790 0.0546875
3791 0.09765625
3792 0.072265625
3793 -0.013671875
3794 0.0654296875
3795 0.109375
3796 0.083984375
3797 0.0322265625
3798 0.109375
3799 0.1455078125
3800 0.111328125
3801 0.0595703125
3802 0.134765625
3803 0.166015625
3804 0.1279296875
3805 0.0400390625
3806 0.0625
3807 0.091796875
3808 0.05859375
3809 -0.0693359375
3810 -0.0224609375
3811 0.01953125
3812 0.0
3813 -0.1455078125
3814 -0.08203125
3815 -0.0283203125
3816 -0.03515625
3817 -0.142578125
3818 -0.0361328125
3819 0.017578125
3820 0.009765625
3821 -0.0302734375
3822 0.0576171875
3823 0.1005859375
3824 0.076171875
3825 0.0419921875
3826 0.12109375
3827 0.158203125
3828 0.12109375
3829 0.076171875
3830 0.146484375
3831 0.181640625
3832 0.138671875
3833 0.0791015625
3834 0.1474609375
3835 0.177734375
3836 0.134765625
3837 0.0859375
3838 0.15234375
3839 0.1826171875
3840 0.138671875
3841 0.0576171875
3842 0.0791015625
3843 0.103515625
3844 0.064453125
3845 -0.029296875
3846 0.05078125
3847 0.087890625
3848 0.0595703125
3849 -0.0361328125
3850 -0.0146484375
3851 0.021484375
3852 -0.0009765625
3853 -0.1044921875
3854 -0.048828125
3855 -0.00390625
3856 -0.01953125
3857 -0.1181640625
3858 -0.05859375
3859 -0.01171875
3860 -0.02734375
3861 -0.1318359375
3862 -0.0712890625
3863 -0.0244140625
3864 -0.0361328125
3865 -0.13671875
3866 -0.0703125
3867 -0.0224609375
3868 -0.0361328125
3869 -0.1787109375
3870 -0.1044921875
3871 -0.0537109375
3872 -0.056640625
3873 -0.19921875
3874 -0.12109375
3875 -0.064453125
3876 -0.0654296875
3877 -0.1904296875
3878 -0.080078125
3879 -0.013671875
3880 -0.017578125
3881 -0.08203125
3882 0.0107421875
3883 0.0634765625
3884 0.0419921875
3885 -0.0283203125
3886 0.0556640625
3887 0.0986328125
3888 0.0703125
3889 0.0029296875
3890 0.080078125
3891 0.1201171875
3892 0.087890625
3893 0.0146484375
3894 0.0888671875
3895 0.126953125
3896 0.09375
3897 0.0341796875
3898 0.109375
3899 0.1435546875
3900 0.107421875
3901 0.029296875
3902 0.044921875
3903 0.076171875
3904 0.0439453125
3905 -0.0546875
3906 -0.00390625
3907 0.033203125
3908 0.0078125
3909 -0.091796875
3910 -0.0341796875
3911 0.0068359375
3912 -0.015625
3913 -0.0966796875
3914 -0.00390625
3915 0.0439453125
3916 0.0263671875
3917 -0.013671875
3918 0.0693359375
3919 0.1083984375
3920 0.080078125
3921 -0.0205078125
3922 -0.0009765625
3923 0.03125
3924 0.0078125
3925 -0.1494140625
3926 -0.048828125
3927 0.0029296875
3928 -0.0048828125
3929 -0.1357421875
3930 -0.111328125
3931 -0.052734375
3932 -0.05859375
3933 -0.16015625
3934 -0.0546875
3935 0.0029296875
3936 -0.0048828125
3937 -0.078125
3938 0.017578125
3939 0.0615234375
3940 0.04296875
3941 -0.0517578125
3942 -0.0302734375
3943 0.009765625
3944 -0.005859375
3945 -0.1474609375
3946 -0.0810546875
3947 -0.033203125
3948 -0.0439453125
3949 -0.1943359375
3950 -0.126953125
3951 -0.0634765625
3952 -0.0634765625
3953 -0.197265625
3954 -0.123046875
3955 -0.0615234375
3956 -0.0625
3957 -0.1572265625
3958 -0.0830078125
3959 -0.0302734375
3960 -0.0361328125
3961 -0.1572265625
3962 -0.05078125
3963 0.0029296875
3964 0.0009765625
3965 -0.1669921875
3966 -0.13671875
3967 -0.0751953125
3968 -0.06640625
3969 -0.1826171875
3970 -0.1103515625
3971 -0.05078125
3972 -0.048828125
3973 -0.12890625
3974 -0.0615234375
3975 -0.009765625
3976 -0.0185546875
3977 -0.140625
3978 -0.0712890625
3979 -0.0244140625
3980 -0.0283203125
3981 -0.17578125
3982 -0.064453125
3983 -0.001953125
3984 -0.0009765625
3985 -0.0419921875
3986 0.0498046875
3987 0.0947265625
3988 0.0732421875
3989 0.0224609375
3990 0.1005859375
3991 0.138671875
3992 0.107421875
3993 0.001953125
3994 0.0185546875
3995 0.05078125
3996 0.0302734375
3997 -0.0869140625
3998 -0.0322265625
3999 -0.0185546875
4000 0.029296875
4001 -0.0302734375
4002 0.00390625
4003 0.0126953125
4004 0.052734375
4005 0.0234375
4006 0.0498046875
4007 0.0517578125
4008 0.0849609375
4009 0.009765625
4010 -0.0302734375
4011 -0.0283203125
4012 0.01171875
4013 -0.0546875
4014 -0.0517578125
4015 -0.046875
4016 -0.0029296875
4017 -0.103515625
4018 -0.0908203125
4019 -0.080078125
4020 -0.0283203125
4021 -0.1142578125
4022 -0.0625
4023 -0.0439453125
4024 0.009765625
4025 -0.0380859375
4026 -0.0029296875
4027 0.0078125
4028 0.05078125
4029 -0.001953125
4030 0.0283203125
4031 0.033203125
4032 0.0712890625
4033 0.025390625
4034 0.0478515625
4035 0.05078125
4036 0.0849609375
4037 0.037109375
4038 0.0576171875
4039 0.0576171875
4040 0.0888671875
4041 0.0302734375
4042 0.05078125
4043 0.052734375
4044 0.083984375
4045 0.0078125
4046 0.033203125
4047 0.03515625
4048 0.0693359375
4049 0.0185546875
4050 0.0419921875
4051 0.0439453125
4052 0.076171875
4053 0.0693359375
4054 0.0859375
4055 0.08203125
4056 0.1064453125
4057 0.099609375
4058 0.1123046875
4059 0.1015625
4060 0.125
4061 0.080078125
4062 0.041015625
4063 0.029296875
4064 0.052734375
4065 -0.0322265625
4066 -0.0419921875
4067 -0.0419921875
4068 -0.0009765625
4069 -0.1083984375
4070 -0.1025390625
4071 -0.0888671875
4072 -0.037109375
4073 -0.10546875
4074 -0.0576171875
4075 -0.04296875
4076 0.0078125
4077 0.0087890625
4078 0.037109375
4079 0.0419921875
4080 0.0751953125
4081 0.0849609375
4082 0.099609375
4083 0.0966796875
4084 0.119140625
4085 0.1201171875
4086 0.1279296875
4087 0.12109375
4088 0.1376953125
4089 0.1220703125
4090 0.12890625
4091 0.1171875
4092 0.134765625
4093 0.12890625
4094 0.1318359375
4095 0.1220703125
4096 0.1357421875
4097 0.09765625
4098 0.05859375
4099 0.0419921875
4100 0.0615234375
4101 0.0126953125
4102 0.0341796875
4103 0.029296875
4104 0.060546875
4105 0.00390625
4106 -0.0322265625
4107 -0.0361328125
4108 -0.001953125
4109 -0.0673828125
4110 -0.0673828125
4111 -0.064453125
4112 -0.0234375
4113 -0.0810546875
4114 -0.076171875
4115 -0.0693359375
4116 -0.0283203125
4117 -0.09765625
4118 -0.0927734375
4119 -0.0849609375
4120 -0.0380859375
4121 -0.126953125
4122 -0.1123046875
4123 -0.0986328125
4124 -0.0498046875
4125 -0.109375
4126 -0.0986328125
4127 -0.0869140625
4128 -0.0390625
4129 -0.0869140625
4130 -0.0771484375
4131 -0.0673828125
4132 -0.025390625
4133 -0.091796875
4134 -0.0810546875
4135 -0.0712890625
4136 -0.0283203125
4137 -0.1416015625
4138 -0.1474609375
4139 -0.123046875
4140 -0.0654296875
4141 -0.1259765625
4142 -0.109375
4143 -0.09375
4144 -0.0400390625
4145 -0.1103515625
4146 -0.0927734375
4147 -0.0830078125
4148 -0.0341796875
4149 -0.0810546875
4150 -0.0341796875
4151 -0.021484375
4152 0.0244140625
4153 -0.02734375
4154 -0.08203125
4155 -0.0654296875
4156 -0.0205078125
4157 -0.095703125
4158 -0.0478515625
4159 -0.03125
4160 0.0166015625
4161 -0.0390625
4162 -0.00390625
4163 0.0087890625
4164 0.0478515625
4165 -0.005859375
4166 -0.041015625
4167 -0.0361328125
4168 0.00390625
4169 -0.0732421875
4170 -0.029296875
4171 -0.017578125
4172 0.02734375
4173 -0.0732421875
4174 -0.1015625
4175 -0.0859375
4176 -0.037109375
4177 -0.166015625
4178 -0.138671875
4179 -0.1123046875
4180 -0.0576171875
4181 -0.130859375
4182 -0.1083984375
4183 -0.08984375
4184 -0.0400390625
4185 -0.1123046875
4186 -0.0927734375
4187 -0.078125
4188 -0.0263671875
4189 -0.1337890625
4190 -0.1142578125
4191 -0.0947265625
4192 -0.0380859375
4193 -0.10546875
4194 -0.0888671875
4195 -0.0732421875
4196 -0.021484375
4197 -0.1005859375
4198 -0.0869140625
4199 -0.0703125
4200 -0.021484375
4201 -0.1318359375
4202 -0.1123046875
4203 -0.0888671875
4204 -0.0322265625
4205 -0.1005859375
4206 -0.048828125
4207 -0.0283203125
4208 0.0224609375
4209 0.0263671875
4210 0.0576171875
4211 0.0634765625
4212 0.0966796875
4213 0.1064453125
4214 0.1240234375
4215 0.12109375
4216 0.1435546875
4217 0.1435546875
4218 0.1513671875
4219 0.146484375
4220 0.1640625
4221 0.146484375
4222 0.1533203125
4223 0.142578125
4224 0.1591796875
4225 0.1533203125
4226 0.158203125
4227 0.1474609375
4228 0.162109375
4229 0.1240234375
4230 0.0830078125
4231 0.0693359375
4232 0.087890625
4233 0.037109375
4234 0.056640625
4235 0.0546875
4236 0.083984375
4237 0.02734375
4238 -0.009765625
4239 -0.01171875
4240 0.021484375
4241 -0.044921875
4242 -0.0439453125
4243 -0.041015625
4244 -0.0009765625
4245 -0.0556640625
4246 -0.0537109375
4247 -0.046875
4248 -0.0068359375
4249 -0.0771484375
4250 -0.0703125
4251 -0.0595703125
4252 -0.017578125
4253 -0.103515625
4254 -0.0927734375
4255 -0.0771484375
4256 -0.029296875
4257 -0.0888671875
4258 -0.080078125
4259 -0.068359375
4260 -0.021484375
4261 -0.0693359375
4262 -0.0595703125
4263 -0.052734375
4264 -0.0078125
4265 -0.07421875
4266 -0.0615234375
4267 -0.0537109375
4268 -0.009765625
4269 -0.1240234375
4270 -0.12890625
4271 -0.10546875
4272 -0.0498046875
4273 -0.10546875
4274 -0.0927734375
4275 -0.07421875
4276 -0.0234375
4277 -0.0908203125
4278 -0.076171875
4279 -0.0654296875
4280 -0.01953125
4281 -0.064453125
4282 -0.0205078125
4283 -0.0068359375
4284 0.0380859375
4285 -0.013671875
4286 -0.0673828125
4287 -0.05078125
4288 -0.00390625
4289 -0.072265625
4290 -0.0263671875
4291 -0.0126953125
4292 0.0361328125
4293 -0.0126953125
4294 0.01953125
4295 0.0302734375
4296 0.0693359375
4297 0.015625
4298 -0.0224609375
4299 -0.0185546875
4300 0.01953125
4301 -0.0546875
4302 -0.0126953125
4303 -0.0048828125
4304 0.0419921875
4305 -0.05078125
4306 -0.078125
4307 -0.06640625
4308 -0.017578125
4309 -0.1494140625
4310 -0.123046875
4311 -0.099609375
4312 -0.0419921875
4313 -0.119140625
4314 -0.09765625
4315 -0.080078125
4316 -0.0283203125
4317 -0.09765625
4318 -0.08203125
4319 -0.0654296875
4320 -0.0166015625
4321 -0.12109375
4322 -0.103515625
4323 -0.0830078125
4324 -0.02734375
4325 -0.0966796875
4326 -0.080078125
4327 -0.0634765625
4328 -0.0126953125
4329 -0.091796875
4330 -0.080078125
4331 -0.0654296875
4332 -0.01171875
4333 -0.1220703125
4334 -0.1005859375
4335 -0.080078125
4336 -0.0234375
4337 -0.0927734375
4338 -0.0390625
4339 -0.0205078125
4340 0.0322265625
4341 0.0361328125
4342 0.0673828125
4343 0.0732421875
4344 0.1064453125
4345 0.1162109375
4346 0.1318359375
4347 0.12890625
4348 0.1533203125
4349 0.15234375
4350 0.1611328125
4351 0.1533203125
4352 0.171875
4353 0.1572265625
4354 0.1630859375
4355 0.150390625
4356 0.1669921875
4357 0.1611328125
4358 0.166015625
4359 0.1533203125
4360 0.1689453125
4361 0.1298828125
4362 0.0888671875
4363 0.07421875
4364 0.0927734375
4365 0.044921875
4366 0.064453125
4367 0.0625
4368 0.091796875
4369 0.03515625
4370 -0.0029296875
4371 -0.0048828125
4372 0.02734375
4373 -0.0390625
4374 -0.0380859375
4375 -0.0341796875
4376 0.0048828125
4377 -0.05078125
4378 -0.0478515625
4379 -0.04296875
4380 -0.0009765625
4381 -0.0703125
4382 -0.0654296875
4383 -0.0556640625
4384 -0.009765625
4385 -0.09765625
4386 -0.0849609375
4387 -0.0712890625
4388 -0.0234375
4389 -0.0830078125
4390 -0.0732421875
4391 -0.0625
4392 -0.015625
4393 -0.0634765625
4394 -0.0517578125
4395 -0.0439453125
4396 -0.001953125
4397 -0.0673828125
4398 -0.0556640625
4399 -0.048828125
4400 -0.00390625
4401 -0.1181640625
4402 -0.123046875
4403 -0.1005859375
4404 -0.04296875
4405 -0.1015625
4406 -0.087890625
4407 -0.0712890625
4408 -0.01953125
4409 -0.087890625
4410 -0.0703125
4411 -0.0615234375
4412 -0.0146484375
4413 -0.05859375
4414 -0.0146484375
4415 -0.0029296875
4416 0.044921875
4417 -0.009765625
4418 -0.0634765625
4419 -0.0478515625
4420 0.0009765625
4421 -0.06640625
4422 -0.0224609375
4423 -0.0078125
4424 0.0400390625
4425 -0.0078125
4426 0.025390625
4427 0.0341796875
4428 0.0732421875
4429 0.0166015625
4430 -0.01953125
4431 -0.015625
4432 0.0244140625
4433 -0.0517578125
4434 -0.009765625
4435 -0.001953125
4436 0.044921875
4437 -0.0458984375
4438 -0.07421875
4439 -0.0654296875
4440 -0.013671875
4441 -0.146484375
4442 -0.119140625
4443 -0.095703125
4444 -0.0380859375
4445 -0.115234375
4446 -0.091796875
4447 -0.076171875
4448 -0.0224609375
4449 -0.0947265625
4450 -0.078125
4451 -0.0634765625
4452 -0.01171875
4453 -0.1201171875
4454 -0.103515625
4455 -0.08203125
4456 -0.025390625
4457 -0.0927734375
4458 -0.076171875
4459 -0.060546875
4460 -0.009765625
4461 -0.087890625
4462 -0.0751953125
4463 -0.0615234375
4464 -0.0068359375
4465 -0.1240234375
4466 -0.1015625
4467 -0.080078125
4468 -0.01953125
4469 -0.08984375
4470 -0.0341796875
4471 -0.0185546875
4472 0.0361328125
4473 0.0390625
4474 0.0693359375
4475 0.0732421875
4476 0.1064453125
4477 0.1201171875
4478 0.1337890625
4479 0.1337890625
4480 0.1552734375
4481 0.1572265625
4482 0.1640625
4483 0.15625
4484 0.1748046875
4485 0.1591796875
4486 0.1650390625
4487 0.154296875
4488 0.171875
4489 0.1640625
4490 0.169921875
4491 0.1572265625
4492 0.173828125
4493 0.1337890625
4494 0.0947265625
4495 0.0791015625
4496 0.09765625
4497 0.046875
4498 0.0673828125
4499 0.0654296875
4500 0.09375
4501 0.037109375
4502 -0.001953125
4503 -0.0029296875
4504 0.0302734375
4505 -0.0361328125
4506 -0.0361328125
4507 -0.0322265625
4508 0.0078125
4509 -0.0478515625
4510 -0.0439453125
4511 -0.0390625
4512 0.0029296875
4513 -0.0693359375
4514 -0.060546875
4515 -0.0537109375
4516 -0.0078125
4517 -0.095703125
4518 -0.0830078125
4519 -0.0693359375
4520 -0.021484375
4521 -0.080078125
4522 -0.072265625
4523 -0.060546875
4524 -0.0126953125
4525 -0.0595703125
4526 -0.05078125
4527 -0.0419921875
4528 0.0009765625
4529 -0.0654296875
4530 -0.0556640625
4531 -0.0458984375
4532 -0.001953125
4533 -0.115234375
4534 -0.119140625
4535 -0.09765625
4536 -0.0390625
4537 -0.0986328125
4538 -0.083984375
4539 -0.068359375
4540 -0.0166015625
4541 -0.0830078125
4542 -0.0703125
4543 -0.0576171875
4544 -0.0107421875
4545 -0.056640625
4546 -0.013671875
4547 0.0009765625
4548 0.0458984375
4549 -0.005859375
4550 -0.0615234375
4551 -0.0439453125
4552 0.001953125
4553 -0.0654296875
4554 -0.01953125
4555 -0.0068359375
4556 0.041015625
4557 -0.0068359375
4558 0.02734375
4559 0.03515625
4560 0.07421875
4561 0.0185546875
4562 -0.015625
4563 -0.0146484375
4564 0.0244140625
4565 -0.052734375
4566 -0.009765625
4567 0.0009765625
4568 0.0458984375
4569 -0.044921875
4570 -0.07421875
4571 -0.0615234375
4572 -0.0126953125
4573 -0.142578125
4574 -0.1181640625
4575 -0.0947265625
4576 -0.037109375
4577 -0.1142578125
4578 -0.091796875
4579 -0.0751953125
4580 -0.021484375
4581 -0.09375
4582 -0.076171875
4583 -0.0615234375
4584 -0.0087890625
4585 -0.115234375
4586 -0.0966796875
4587 -0.0771484375
4588 -0.021484375
4589 -0.087890625
4590 -0.07421875
4591 -0.0576171875
4592 -0.0078125
4593 -0.0859375
4594 -0.0732421875
4595 -0.056640625
4596 -0.0068359375
4597 -0.1181640625
4598 -0.095703125
4599 -0.076171875
4600 -0.0205078125
4601 -0.0888671875
4602 -0.0322265625
4603 -0.015625
4604 0.0361328125
4605 0.0419921875
4606 0.0732421875
4607 0.076171875
4608 0.1103515625
4609 0.12109375
4610 0.1376953125
4611 0.134765625
4612 0.1572265625
4613 0.158203125
4614 0.166015625
4615 0.158203125
4616 0.1748046875
4617 0.1611328125
4618 0.166015625
4619 0.1552734375
4620 0.1708984375
4621 0.1650390625
4622 0.1689453125
4623 0.158203125
4624 0.1748046875
4625 0.1376953125
4626 0.095703125
4627 0.078125
4628 0.0986328125
4629 0.0498046875
4630 0.0693359375
4631 0.0654296875
4632 0.095703125
4633 0.041015625
4634 0.0009765625
4635 -0.001953125
4636 0.0322265625
4637 -0.0341796875
4638 -0.0341796875
4639 -0.029296875
4640 0.0087890625
4641 -0.046875
4642 -0.044921875
4643 -0.0361328125
4644 0.00390625
4645 -0.068359375
4646 -0.060546875
4647 -0.0537109375
4648 -0.0078125
4649 -0.09765625
4650 -0.0810546875
4651 -0.0673828125
4652 -0.0185546875
4653 -0.0791015625
4654 -0.0693359375
4655 -0.0576171875
4656 -0.01171875
4657 -0.0595703125
4658 -0.048828125
4659 -0.041015625
4660 0.0009765625
4661 -0.0634765625
4662 -0.052734375
4663 -0.04296875
4664 -0.0009765625
4665 -0.111328125
4666 -0.119140625
4667 -0.0966796875
4668 -0.041015625
4669 -0.0986328125
4670 -0.0830078125
4671 -0.06640625
4672 -0.0166015625
4673 -0.083984375
4674 -0.0673828125
4675 -0.0576171875
4676 -0.0078125
4677 -0.0537109375
4678 -0.009765625
4679 0.001953125
4680 0.0458984375
4681 -0.0029296875
4682 -0.0595703125
4683 -0.0419921875
4684 0.0029296875
4685 -0.0654296875
4686 -0.0185546875
4687 -0.001953125
4688 0.0419921875
4689 -0.0048828125
4690 0.0283203125
4691 0.0380859375
4692 0.0771484375
4693 0.0205078125
4694 -0.0146484375
4695 -0.0107421875
4696 0.0283203125
4697 -0.05078125
4698 -0.0068359375
4699 0.0029296875
4700 0.0478515625
4701 -0.04296875
4702 -0.0712890625
4703 -0.05859375
4704 -0.0107421875
4705 -0.1396484375
4706 -0.115234375
4707 -0.091796875
4708 -0.03515625
4709 -0.1103515625
4710 -0.0888671875
4711 -0.072265625
4712 -0.021484375
4713 -0.0908203125
4714 -0.0751953125
4715 -0.0595703125
4716 -0.0087890625
4717 -0.115234375
4718 -0.0986328125
4719 -0.078125
4720 -0.021484375
4721 -0.0908203125
4722 -0.072265625
4723 -0.0576171875
4724 -0.005859375
4725 -0.0849609375
4726 -0.0732421875
4727 -0.0576171875
4728 -0.0048828125
4729 -0.1181640625
4730 -0.0986328125
4731 -0.0751953125
4732 -0.0185546875
4733 -0.087890625
4734 -0.0341796875
4735 -0.015625
4736 0.0390625
4737 0.0419921875
4738 0.072265625
4739 0.0751953125
4740 0.111328125
4741 0.12109375
4742 0.1376953125
4743 0.134765625
4744 0.158203125
4745 0.158203125
4746 0.1650390625
4747 0.1572265625
4748 0.17578125
4749 0.162109375
4750 0.16796875
4751 0.15625
4752 0.173828125
4753 0.1669921875
4754 0.169921875
4755 0.158203125
4756 0.17578125
4757 0.1376953125
4758 0.095703125
4759 0.080078125
4760 0.099609375
4761 0.0478515625
4762 0.0693359375
4763 0.06640625
4764 0.095703125
4765 0.0390625
4766 0.0009765625
4767 -0.0029296875
4768 0.033203125
4769 -0.0341796875
4770 -0.03515625
4771 -0.029296875
4772 0.0107421875
4773 -0.046875
4774 -0.04296875
4775 -0.0361328125
4776 0.00390625
4777 -0.0654296875
4778 -0.0595703125
4779 -0.048828125
4780 -0.005859375
4781 -0.0947265625
4782 -0.0810546875
4783 -0.06640625
4784 -0.01953125
4785 -0.0791015625
4786 -0.068359375
4787 -0.0576171875
4788 -0.0107421875
4789 -0.0595703125
4790 -0.0478515625
4791 -0.0419921875
4792 0.001953125
4793 -0.0654296875
4794 -0.052734375
4795 -0.04296875
4796 -0.0009765625
4797 -0.1123046875
4798 -0.1181640625
4799 -0.0947265625
4800 -0.0400390625
4801 -0.095703125
4802 -0.083984375
4803 -0.064453125
4804 -0.015625
4805 -0.0830078125
4806 -0.06640625
4807 -0.0576171875
4808 -0.0087890625
4809 -0.0556640625
4810 -0.0107421875
4811 0.001953125
4812 0.0478515625
4813 -0.0029296875
4814 -0.05859375
4815 -0.0419921875
4816 0.00390625
4817 -0.064453125
4818 -0.0166015625
4819 -0.0029296875
4820 0.0439453125
4821 -0.005859375
4822 0.029296875
4823 0.0380859375
4824 0.0751953125
4825 0.0205078125
4826 -0.0166015625
4827 -0.01171875
4828 0.0283203125
4829 -0.0517578125
4830 -0.0078125
4831 0.00390625
4832 0.0478515625
4833 -0.04296875
4834 -0.072265625
4835 -0.060546875
4836 -0.009765625
4837 -0.14453125
4838 -0.1171875
4839 -0.0927734375
4840 -0.0361328125
4841 -0.11328125
4842 -0.0908203125
4843 -0.0732421875
4844 -0.0224609375
4845 -0.091796875
4846 -0.0751953125
4847 -0.05859375
4848 -0.0087890625
4849 -0.1142578125
4850 -0.0966796875
4851 -0.078125
4852 -0.021484375
4853 -0.0888671875
4854 -0.072265625
4855 -0.0556640625
4856 -0.005859375
4857 -0.0859375
4858 -0.0732421875
4859 -0.0576171875
4860 -0.0048828125
4861 -0.1201171875
4862 -0.099609375
4863 -0.07421875
4864 -0.017578125
4865 -0.0888671875
4866 -0.0341796875
4867 -0.013671875
4868 0.037109375
4869 0.04296875
4870 0.07421875
4871 0.0791015625
4872 0.1123046875
4873 0.123046875
4874 0.1396484375
4875 0.1376953125
4876 0.158203125
4877 0.16015625
4878 0.1669921875
4879 0.16015625
4880 0.177734375
4881 0.1611328125
4882 0.16796875
4883 0.158203125
4884 0.1748046875
4885 0.166015625
4886 0.171875
4887 0.162109375
4888 0.1748046875
4889 0.13671875
4890 0.0947265625
4891 0.0810546875
4892 0.0986328125
4893 0.0478515625
4894 0.068359375
4895 0.0693359375
4896 0.095703125
4897 0.0419921875
4898 0.0029296875
4899 0.0
4900 0.0322265625
4901 -0.0341796875
4902 -0.0322265625
4903 -0.0283203125
4904 0.01171875
4905 -0.046875
4906 -0.041015625
4907 -0.0361328125
4908 0.0029296875
4909 -0.0654296875
4910 -0.060546875
4911 -0.0498046875
4912 -0.0068359375
4913 -0.09375
4914 -0.0810546875
4915 -0.064453125
4916 -0.0185546875
4917 -0.0771484375
4918 -0.0693359375
4919 -0.056640625
4920 -0.0107421875
4921 -0.0576171875
4922 -0.0478515625
4923 -0.041015625
4924 0.00390625
4925 -0.0634765625
4926 -0.0517578125
4927 -0.0419921875
4928 0.0009765625
4929 -0.1123046875
4930 -0.1171875
4931 -0.095703125
4932 -0.037109375
4933 -0.095703125
4934 -0.083984375
4935 -0.06640625
4936 -0.015625
4937 -0.08203125
4938 -0.0673828125
4939 -0.056640625
4940 -0.0078125
4941 -0.0537109375
4942 -0.009765625
4943 0.0029296875
4944 0.048828125
4945 -0.00390625
4946 -0.0576171875
4947 -0.04296875
4948 0.005859375
4949 -0.0634765625
4950 -0.0166015625
4951 -0.0029296875
4952 0.044921875
4953 -0.005859375
4954 0.0283203125
4955 0.037109375
4956 0.0751953125
4957 0.0205078125
4958 -0.017578125
4959 -0.013671875
4960 0.0283203125
4961 -0.05078125
4962 -0.0068359375
4963 0.0029296875
4964 0.048828125
4965 -0.044921875
4966 -0.072265625
4967 -0.0615234375
4968 -0.009765625
4969 -0.1435546875
4970 -0.115234375
4971 -0.09375
4972 -0.0341796875
4973 -0.1123046875
4974 -0.087890625
4975 -0.07421875
4976 -0.01953125
4977 -0.091796875
4978 -0.0751953125
4979 -0.0595703125
4980 -0.0078125
4981 -0.115234375
4982 -0.09765625
4983 -0.0771484375
4984 -0.021484375
4985 -0.0888671875
4986 -0.0732421875
4987 -0.0576171875
4988 -0.0048828125
4989 -0.0849609375
4990 -0.0732421875
4991 -0.056640625
4992 -0.00390625
4993 -0.1201171875
4994 -0.0986328125
4995 -0.0771484375
4996 -0.017578125
4997 -0.087890625
4998 -0.033203125
4999 -0.0146484375
