x y
0 0.0263671875
1 -0.0908203125
2 -0.068359375
3 -0.0146484375
4 -0.0224609375
5 -0.4267578125
6 -0.0751953125
7 -0.001953125
8 -0.0361328125
9 -0.1533203125
10 -0.0615234375
11 0.0087890625
12 -0.0244140625
13 -0.1337890625
14 -0.0068359375
15 0.068359375
16 0.02734375
17 -0.0810546875
18 -0.0595703125
19 0.015625
20 -0.017578125
21 -0.14453125
22 -0.0166015625
23 0.0595703125
24 0.025390625
25 -0.1064453125
26 -0.060546875
27 0.009765625
28 -0.0205078125
29 -0.13671875
30 -0.0458984375
31 0.0224609375
32 -0.0107421875
33 -0.1181640625
34 -0.0302734375
35 0.037109375
36 -0.001953125
37 -0.1240234375
38 0.0009765625
39 0.0732421875
40 0.0341796875
41 -0.0537109375
42 0.0595703125
43 0.125
44 0.076171875
45 0.013671875
46 0.1181640625
47 0.17578125
48 0.1171875
49 0.0205078125
50 0.0693359375
51 0.1181640625
52 0.0595703125
53 -0.0693359375
54 0.04296875
55 0.10546875
56 0.0576171875
57 -0.078125
58 -0.0390625
59 0.0263671875
60 -0.0087890625
61 -0.125
62 -0.0400390625
63 0.0283203125
64 -0.0087890625
65 -0.12109375
66 -0.0380859375
67 0.0283203125
68 -0.0087890625
69 -0.1513671875
70 -0.0224609375
71 0.0517578125
72 0.0185546875
73 -0.0390625
74 0.07421875
75 0.13671875
76 0.0849609375
77 -0.009765625
78 0.041015625
79 0.09375
80 0.041015625
81 -0.08984375
82 0.025390625
83 0.08984375
84 0.0478515625
85 -0.08984375
86 -0.0498046875
87 0.0185546875
88 -0.0166015625
89 -0.130859375
90 -0.0439453125
91 0.021484375
92 -0.0107421875
93 -0.125
94 -0.0400390625
95 0.0234375
96 -0.0107421875
97 -0.1533203125
98 -0.025390625
99 0.046875
100 0.0166015625
101 -0.0380859375
102 0.0732421875
103 0.134765625
104 0.083984375
105 -0.0078125
106 0.0390625
107 0.08984375
108 0.0400390625
109 -0.087890625
110 0.0244140625
111 0.087890625
112 0.0478515625
113 -0.0888671875
114 -0.0498046875
115 0.0126953125
116 -0.015625
117 -0.1279296875
118 -0.04296875
119 0.021484375
120 -0.0126953125
121 -0.1259765625
122 -0.041015625
123 0.0224609375
124 -0.0087890625
125 -0.1513671875
126 -0.0263671875
127 0.0458984375
128 0.015625
129 -0.0390625
130 0.0712890625
131 0.1318359375
132 0.083984375
133 -0.0107421875
134 0.037109375
135 0.087890625
136 0.037109375
137 -0.0908203125
138 0.0234375
139 0.083984375
140 0.0458984375
141 -0.091796875
142 -0.0517578125
143 0.0107421875
144 -0.0166015625
145 -0.130859375
146 -0.0458984375
147 0.017578125
148 -0.0126953125
149 -0.1259765625
150 -0.04296875
151 0.021484375
152 -0.0107421875
153 -0.1484375
154 -0.025390625
155 0.0458984375
156 0.017578125
157 -0.03515625
158 0.0712890625
159 0.1318359375
160 0.083984375
161 -0.009765625
162 0.0390625
163 0.0869140625
164 0.0400390625
165 -0.087890625
166 0.0244140625
167 0.0849609375
168 0.0478515625
169 -0.0888671875
170 -0.0517578125
171 0.0107421875
172 -0.0166015625
173 -0.1298828125
174 -0.0458984375
175 0.0185546875
176 -0.013671875
177 -0.125
178 -0.04296875
179 0.0224609375
180 -0.013671875
181 -0.154296875
182 -0.02734375
183 0.044921875
184 0.015625
185 -0.0400390625
186 0.0712890625
187 0.1318359375
188 0.08203125
189 -0.0107421875
190 0.0380859375
191 0.087890625
192 0.0380859375
193 -0.0908203125
194 0.0224609375
195 0.0849609375
196 0.04296875
197 -0.0908203125
198 -0.052734375
199 0.01171875
200 -0.0166015625
201 -0.1298828125
202 -0.046875
203 0.0166015625
204 -0.013671875
205 -0.126953125
206 -0.04296875
207 0.0185546875
208 -0.0126953125
209 -0.1533203125
210 -0.0263671875
211 0.0439453125
212 0.0166015625
213 -0.0390625
214 0.0703125
215 0.130859375
216 0.08203125
217 -0.0087890625
218 0.0380859375
219 0.0888671875
220 0.037109375
221 -0.0888671875
222 0.0234375
223 0.0859375
224 0.044921875
225 -0.0908203125
226 -0.0517578125
227 0.013671875
228 -0.017578125
229 -0.1328125
230 -0.0478515625
231 0.017578125
232 -0.0146484375
233 -0.1298828125
234 -0.0439453125
235 0.0224609375
236 -0.013671875
237 -0.15625
238 -0.0283203125
239 0.0458984375
240 0.013671875
241 -0.04296875
242 0.072265625
243 0.1337890625
244 0.080078125
245 -0.0126953125
246 0.037109375
247 0.0908203125
248 0.037109375
249 -0.091796875
250 0.021484375
251 0.0869140625
252 0.044921875
253 -0.0927734375
254 -0.0517578125
255 0.0146484375
256 -0.017578125
257 -0.1328125
258 -0.046875
259 0.01953125
260 -0.013671875
261 -0.1279296875
262 -0.0419921875
263 0.0234375
264 -0.0126953125
265 -0.15234375
266 -0.0263671875
267 0.0458984375
268 0.015625
269 -0.0380859375
270 0.0712890625
271 0.1337890625
272 0.0830078125
273 -0.0107421875
274 0.0380859375
275 0.0888671875
276 0.0390625
277 -0.0908203125
278 0.0244140625
279 0.0869140625
280 0.0458984375
281 -0.0888671875
282 -0.048828125
283 0.0146484375
284 -0.015625
285 -0.1298828125
286 -0.0458984375
287 0.0205078125
288 -0.013671875
289 -0.126953125
290 -0.0419921875
291 0.0224609375
292 -0.01171875
293 -0.15234375
294 -0.0283203125
295 0.0458984375
296 0.0146484375
297 -0.041015625
298 0.0703125
299 0.1337890625
300 0.0830078125
301 -0.0107421875
302 0.037109375
303 0.0888671875
304 0.0380859375
305 -0.0927734375
306 0.0234375
307 0.087890625
308 0.044921875
309 -0.0908203125
310 -0.05078125
311 0.017578125
312 -0.0185546875
313 -0.1318359375
314 -0.0458984375
315 0.0224609375
316 -0.013671875
317 -0.126953125
318 -0.0419921875
319 0.0234375
320 -0.0126953125
321 -0.15625
322 -0.02734375
323 0.0458984375
324 0.0146484375
325 -0.0439453125
326 0.0703125
327 0.134765625
328 0.0810546875
329 -0.01171875
330 0.037109375
331 0.08984375
332 0.037109375
333 -0.0927734375
334 0.021484375
335 0.087890625
336 0.044921875
337 -0.08984375
338 -0.05078125
339 0.0146484375
340 -0.0166015625
341 -0.130859375
342 -0.0458984375
343 0.0185546875
344 -0.0146484375
345 -0.1279296875
346 -0.0419921875
347 0.021484375
348 -0.013671875
349 -0.15625
350 -0.0283203125
351 0.0439453125
352 0.0146484375
353 -0.041015625
354 0.0703125
355 0.130859375
356 0.08203125
357 -0.0107421875
358 0.0361328125
359 0.0888671875
360 0.037109375
361 -0.095703125
362 0.0224609375
363 0.0888671875
364 0.04296875
365 -0.09375
366 -0.052734375
367 0.0146484375
368 -0.0185546875
369 -0.1328125
370 -0.046875
371 0.021484375
372 -0.013671875
373 -0.1298828125
374 -0.0419921875
375 0.0224609375
376 -0.013671875
377 -0.154296875
378 -0.02734375
379 0.0458984375
380 0.0146484375
381 -0.0400390625
382 0.0703125
383 0.1337890625
384 0.08203125
385 -0.0126953125
386 0.0380859375
387 0.0908203125
388 0.0380859375
389 -0.0927734375
390 0.0244140625
391 0.0888671875
392 0.044921875
393 -0.09375
394 -0.05078125
395 0.0146484375
396 -0.017578125
397 -0.1328125
398 -0.0458984375
399 0.0205078125
400 -0.0146484375
401 -0.12890625
402 -0.0419921875
403 0.0205078125
404 -0.013671875
405 -0.1552734375
406 -0.02734375
407 0.0478515625
408 0.013671875
409 -0.04296875
410 0.072265625
411 0.13671875
412 0.0810546875
413 -0.013671875
414 0.0380859375
415 0.0947265625
416 0.0361328125
417 -0.0986328125
418 0.0234375
419 0.0908203125
420 0.0439453125
421 -0.095703125
422 -0.0498046875
423 0.0185546875
424 -0.0205078125
425 -0.138671875
426 -0.046875
427 0.025390625
428 -0.017578125
429 -0.1337890625
430 -0.0439453125
431 0.02734375
432 -0.015625
433 -0.158203125
434 -0.02734375
435 0.0517578125
436 0.013671875
437 -0.0458984375
438 0.072265625
439 0.1376953125
440 0.0810546875
441 -0.015625
442 0.0390625
443 0.09375
444 0.037109375
445 -0.09765625
446 0.0224609375
447 0.091796875
448 0.044921875
449 -0.0947265625
450 -0.0517578125
451 0.0205078125
452 -0.01953125
453 -0.134765625
454 -0.0458984375
455 0.0263671875
456 -0.015625
457 -0.1337890625
458 -0.0419921875
459 0.0263671875
460 -0.013671875
461 -0.1611328125
462 -0.0283203125
463 0.0498046875
464 0.013671875
465 -0.044921875
466 0.0712890625
467 0.13671875
468 0.080078125
469 -0.015625
470 0.0380859375
471 0.0947265625
472 0.0361328125
473 -0.099609375
474 0.021484375
475 0.0888671875
476 0.04296875
477 -0.0947265625
478 -0.052734375
479 0.01953125
480 -0.0185546875
481 -0.138671875
482 -0.046875
483 0.025390625
484 -0.015625
485 -0.1318359375
486 -0.041015625
487 0.029296875
488 -0.0126953125
489 -0.1572265625
490 -0.025390625
491 0.052734375
492 0.015625
493 -0.0439453125
494 0.072265625
495 0.138671875
496 0.0810546875
497 -0.0126953125
498 0.0380859375
499 0.095703125
500 0.037109375
501 -0.0947265625
502 0.025390625
503 0.0947265625
504 0.0458984375
505 -0.091796875
506 -0.046875
507 0.021484375
508 -0.017578125
509 -0.1337890625
510 -0.0439453125
511 0.0244140625
512 -0.013671875
513 -0.1318359375
514 -0.0400390625
515 0.025390625
516 -0.013671875
517 -0.1611328125
518 -0.0263671875
519 0.05078125
520 0.01171875
521 -0.0439453125
522 0.0703125
523 0.1376953125
524 0.0810546875
525 -0.0126953125
526 0.0380859375
527 0.0908203125
528 0.0361328125
529 -0.095703125
530 0.0244140625
531 0.0888671875
532 0.0458984375
533 -0.091796875
534 -0.0498046875
535 0.0185546875
536 -0.0166015625
537 -0.1328125
538 -0.0458984375
539 0.0224609375
540 -0.0146484375
541 -0.12890625
542 -0.0419921875
543 0.025390625
544 -0.0126953125
545 -0.15625
546 -0.0263671875
547 0.0498046875
548 0.0146484375
549 -0.0439453125
550 0.0712890625
551 0.13671875
552 0.08203125
553 -0.013671875
554 0.0380859375
555 0.091796875
556 0.0380859375
557 -0.091796875
558 0.025390625
559 0.08984375
560 0.044921875
561 -0.091796875
562 -0.05078125
563 0.017578125
564 -0.017578125
565 -0.1337890625
566 -0.0458984375
567 0.0205078125
568 -0.0146484375
569 -0.126953125
570 -0.0419921875
571 0.021484375
572 -0.013671875
573 -0.1572265625
574 -0.02734375
575 0.0458984375
576 0.0146484375
577 -0.041015625
578 0.072265625
579 0.1337890625
580 0.0830078125
581 -0.0107421875
582 0.0380859375
583 0.0908203125
584 0.037109375
585 -0.09375
586 0.021484375
587 0.0869140625
588 0.044921875
589 -0.0927734375
590 -0.052734375
591 0.013671875
592 -0.017578125
593 -0.130859375
594 -0.0458984375
595 0.01953125
596 -0.013671875
597 -0.1259765625
598 -0.0419921875
599 0.0205078125
600 -0.01171875
601 -0.1533203125
602 -0.0263671875
603 0.0458984375
604 0.0166015625
605 -0.0400390625
606 0.072265625
607 0.134765625
608 0.0830078125
609 -0.01171875
610 0.037109375
611 0.08984375
612 0.037109375
613 -0.0927734375
614 0.0224609375
615 0.0888671875
616 0.0458984375
617 -0.09375
618 -0.05078125
619 0.0166015625
620 -0.017578125
621 -0.1337890625
622 -0.0458984375
623 0.0224609375
624 -0.013671875
625 -0.1279296875
626 -0.0419921875
627 0.0234375
628 -0.0126953125
629 -0.1552734375
630 -0.02734375
631 0.048828125
632 0.0146484375
633 -0.041015625
634 0.0712890625
635 0.1357421875
636 0.0830078125
637 -0.009765625
638 0.037109375
639 0.091796875
640 0.0380859375
641 -0.0927734375
642 0.0234375
643 0.0859375
644 0.044921875
645 -0.0908203125
646 -0.0517578125
647 0.013671875
648 -0.015625
649 -0.130859375
650 -0.0458984375
651 0.0166015625
652 -0.013671875
653 -0.1259765625
654 -0.0439453125
655 0.0224609375
656 -0.0126953125
657 -0.1513671875
658 -0.0283203125
659 0.0439453125
660 0.013671875
661 -0.0400390625
662 0.0703125
663 0.130859375
664 0.0830078125
665 -0.0107421875
666 0.037109375
667 0.0869140625
668 0.0380859375
669 -0.0908203125
670 0.0234375
671 0.083984375
672 0.0478515625
673 -0.0908203125
674 -0.052734375
675 0.0107421875
676 -0.0185546875
677 -0.130859375
678 -0.0478515625
679 0.0205078125
680 -0.013671875
681 -0.126953125
682 -0.0439453125
683 0.021484375
684 -0.013671875
685 -0.154296875
686 -0.029296875
687 0.04296875
688 0.013671875
689 -0.0390625
690 0.0712890625
691 0.1298828125
692 0.08203125
693 -0.009765625
694 0.037109375
695 0.0869140625
696 0.0380859375
697 -0.0888671875
698 0.021484375
699 0.0830078125
700 0.044921875
701 -0.0888671875
702 -0.0517578125
703 0.01171875
704 -0.0166015625
705 -0.1279296875
706 -0.046875
707 0.0166015625
708 -0.0126953125
709 -0.1259765625
710 -0.04296875
711 0.017578125
712 -0.0126953125
713 -0.15234375
714 -0.02734375
715 0.0458984375
716 0.0166015625
717 -0.0390625
718 0.072265625
719 0.1328125
720 0.0830078125
721 -0.009765625
722 0.037109375
723 0.0888671875
724 0.037109375
725 -0.0888671875
726 0.0234375
727 0.087890625
728 0.046875
729 -0.087890625
730 -0.048828125
731 0.0166015625
732 -0.015625
733 -0.1298828125
734 -0.044921875
735 0.01953125
736 -0.01171875
737 -0.1259765625
738 -0.0419921875
739 0.0205078125
740 -0.0107421875
741 -0.1533203125
742 -0.02734375
743 0.044921875
744 0.0146484375
745 -0.0400390625
746 0.0693359375
747 0.1318359375
748 0.08203125
749 -0.01171875
750 0.037109375
751 0.091796875
752 0.0380859375
753 -0.091796875
754 0.0224609375
755 0.0859375
756 0.0458984375
757 -0.091796875
758 -0.048828125
759 0.0166015625
760 -0.0166015625
761 -0.1318359375
762 -0.0458984375
763 0.01953125
764 -0.0126953125
765 -0.1259765625
766 -0.04296875
767 0.0224609375
768 -0.0126953125
769 -0.1552734375
770 -0.0283203125
771 0.0458984375
772 0.0146484375
773 -0.0400390625
774 0.0712890625
775 0.134765625
776 0.08203125
777 -0.013671875
778 0.0380859375
779 0.091796875
780 0.037109375
781 -0.0947265625
782 0.0234375
783 0.0869140625
784 0.044921875
785 -0.091796875
786 -0.048828125
787 0.017578125
788 -0.017578125
789 -0.1328125
790 -0.046875
791 0.0244140625
792 -0.013671875
793 -0.1279296875
794 -0.0439453125
795 0.0244140625
796 -0.0126953125
797 -0.1552734375
798 -0.0283203125
799 0.046875
800 0.013671875
801 -0.0439453125
802 0.0693359375
803 0.130859375
804 0.0830078125
805 -0.0126953125
806 0.0361328125
807 0.08984375
808 0.037109375
809 -0.095703125
810 0.0205078125
811 0.0859375
812 0.0419921875
813 -0.09375
814 -0.052734375
815 0.0146484375
816 -0.0185546875
817 -0.1328125
818 -0.046875
819 0.0205078125
820 -0.0146484375
821 -0.126953125
822 -0.0419921875
823 0.0224609375
824 -0.01171875
825 -0.154296875
826 -0.025390625
827 0.046875
828 0.0166015625
829 -0.0400390625
830 0.0732421875
831 0.1328125
832 0.0830078125
833 -0.0126953125
834 0.0380859375
835 0.0908203125
836 0.037109375
837 -0.0927734375
838 0.0224609375
839 0.0888671875
840 0.044921875
841 -0.0908203125
842 -0.05078125
843 0.0185546875
844 -0.017578125
845 -0.1328125
846 -0.0458984375
847 0.021484375
848 -0.0146484375
849 -0.1298828125
850 -0.0419921875
851 0.021484375
852 -0.01171875
853 -0.158203125
854 -0.02734375
855 0.0458984375
856 0.0146484375
857 -0.041015625
858 0.0693359375
859 0.134765625
860 0.0810546875
861 -0.0107421875
862 0.037109375
863 0.0908203125
864 0.03515625
865 -0.0947265625
866 0.021484375
867 0.087890625
868 0.04296875
869 -0.0927734375
870 -0.0498046875
871 0.015625
872 -0.017578125
873 -0.1337890625
874 -0.0458984375
875 0.01953125
876 -0.0146484375
877 -0.1279296875
878 -0.041015625
879 0.0224609375
880 -0.0126953125
881 -0.15625
882 -0.02734375
883 0.0458984375
884 0.0146484375
885 -0.0419921875
886 0.0703125
887 0.134765625
888 0.08203125
889 -0.0107421875
890 0.037109375
891 0.08984375
892 0.0380859375
893 -0.0927734375
894 0.0224609375
895 0.0849609375
896 0.0439453125
897 -0.091796875
898 -0.0498046875
899 0.0126953125
900 -0.017578125
901 -0.1337890625
902 -0.046875
903 0.0185546875
904 -0.0166015625
905 -0.1298828125
906 -0.0439453125
907 0.021484375
908 -0.0146484375
909 -0.158203125
910 -0.0302734375
911 0.046875
912 0.013671875
913 -0.0419921875
914 0.0712890625
915 0.1337890625
916 0.080078125
917 -0.0126953125
918 0.037109375
919 0.08984375
920 0.0380859375
921 -0.095703125
922 0.0224609375
923 0.0849609375
924 0.0439453125
925 -0.09375
926 -0.052734375
927 0.0146484375
928 -0.0205078125
929 -0.1337890625
930 -0.046875
931 0.0205078125
932 -0.0146484375
933 -0.1279296875
934 -0.0439453125
935 0.0234375
936 -0.0126953125
937 -0.1552734375
938 -0.0263671875
939 0.044921875
940 0.0146484375
941 -0.041015625
942 0.0712890625
943 0.1337890625
944 0.0830078125
945 -0.01171875
946 0.0390625
947 0.08984375
948 0.0380859375
949 -0.08984375
950 0.0234375
951 0.087890625
952 0.044921875
953 -0.091796875
954 -0.0517578125
955 0.0146484375
956 -0.017578125
957 -0.130859375
958 -0.0458984375
959 0.021484375
960 -0.013671875
961 -0.12890625
962 -0.0419921875
963 0.0234375
964 -0.0126953125
965 -0.16015625
966 -0.02734375
967 0.0498046875
968 0.0146484375
969 -0.044921875
970 0.0732421875
971 0.13671875
972 0.0810546875
973 -0.0126953125
974 0.0400390625
975 0.0927734375
976 0.0361328125
977 -0.095703125
978 0.0234375
979 0.08984375
980 0.0439453125
981 -0.09375
982 -0.05078125
983 0.01953125
984 -0.01953125
985 -0.1357421875
986 -0.0458984375
987 0.0244140625
988 -0.0146484375
989 -0.1298828125
990 -0.0400390625
991 0.0263671875
992 -0.01171875
993 -0.1591796875
994 -0.0263671875
995 0.0478515625
996 0.013671875
997 -0.044921875
998 0.072265625
999 0.1376953125
1000 0.080078125
1001 -0.013671875
1002 0.037109375
1003 0.0947265625
1004 0.0361328125
1005 -0.0966796875
1006 0.0224609375
1007 0.0927734375
1008 0.0458984375
1009 -0.09375
1010 -0.05078125
1011 0.01953125
1012 -0.0185546875
1013 -0.13671875
1014 -0.044921875
1015 0.0244140625
1016 -0.0126953125
1017 -0.1298828125
1018 -0.041015625
1019 0.0244140625
1020 -0.013671875
1021 -0.1591796875
1022 -0.0283203125
1023 0.0498046875
1024 0.013671875
1025 -0.04296875
1026 0.0703125
1027 0.1357421875
1028 0.08203125
1029 -0.0126953125
1030 0.0380859375
1031 0.0927734375
1032 0.0380859375
1033 -0.09765625
1034 0.0224609375
1035 0.0888671875
1036 0.04296875
1037 -0.0947265625
1038 -0.052734375
1039 0.0146484375
1040 -0.017578125
1041 -0.134765625
1042 -0.046875
1043 0.021484375
1044 -0.013671875
1045 -0.130859375
1046 -0.04296875
1047 0.025390625
1048 -0.0146484375
1049 -0.1572265625
1050 -0.0263671875
1051 0.048828125
1052 0.0146484375
1053 -0.041015625
1054 0.072265625
1055 0.134765625
1056 0.0830078125
1057 -0.013671875
1058 0.0380859375
1059 0.0908203125
1060 0.0380859375
1061 -0.0927734375
1062 0.025390625
1063 0.0888671875
1064 0.044921875
1065 -0.09375
1066 -0.0517578125
1067 0.0146484375
1068 -0.017578125
1069 -0.1328125
1070 -0.0458984375
1071 0.021484375
1072 -0.0146484375
1073 -0.1279296875
1074 -0.0439453125
1075 0.0234375
1076 -0.0126953125
1077 -0.1552734375
1078 -0.0263671875
1079 0.046875
1080 0.0146484375
1081 -0.041015625
1082 0.072265625
1083 0.1337890625
1084 0.083984375
1085 -0.01171875
1086 0.0390625
1087 0.091796875
1088 0.0380859375
1089 -0.0927734375
1090 0.0224609375
1091 0.087890625
1092 0.0458984375
1093 -0.095703125
1094 -0.0537109375
1095 0.0166015625
1096 -0.0205078125
1097 -0.1357421875
1098 -0.046875
1099 0.021484375
1100 -0.0146484375
1101 -0.130859375
1102 -0.04296875
1103 0.0234375
1104 -0.0126953125
1105 -0.1572265625
1106 -0.0263671875
1107 0.0458984375
1108 0.013671875
1109 -0.041015625
1110 0.0703125
1111 0.1357421875
1112 0.0830078125
1113 -0.009765625
1114 0.037109375
1115 0.08984375
1116 0.0380859375
1117 -0.091796875
1118 0.0224609375
1119 0.0908203125
1120 0.0458984375
1121 -0.0947265625
1122 -0.0517578125
1123 0.0146484375
1124 -0.017578125
1125 -0.134765625
1126 -0.0458984375
1127 0.0224609375
1128 -0.013671875
1129 -0.1298828125
1130 -0.0419921875
1131 0.0224609375
1132 -0.01171875
1133 -0.158203125
1134 -0.029296875
1135 0.0458984375
1136 0.013671875
1137 -0.0419921875
1138 0.0712890625
1139 0.1337890625
1140 0.08203125
1141 -0.01171875
1142 0.037109375
1143 0.0908203125
1144 0.0380859375
1145 -0.0947265625
1146 0.0224609375
1147 0.0869140625
1148 0.0439453125
1149 -0.0947265625
1150 -0.0517578125
1151 0.015625
1152 -0.017578125
1153 -0.1328125
1154 -0.0458984375
1155 0.0224609375
1156 -0.0146484375
1157 -0.126953125
1158 -0.04296875
1159 0.025390625
1160 -0.0126953125
1161 -0.154296875
1162 -0.029296875
1163 0.0478515625
1164 0.015625
1165 -0.0390625
1166 0.072265625
1167 0.1357421875
1168 0.0830078125
1169 -0.009765625
1170 0.0380859375
1171 0.091796875
1172 0.0390625
1173 -0.0927734375
1174 0.0244140625
1175 0.0908203125
1176 0.0458984375
1177 -0.08984375
1178 -0.0498046875
1179 0.0166015625
1180 -0.017578125
1181 -0.130859375
1182 -0.0439453125
1183 0.021484375
1184 -0.013671875
1185 -0.126953125
1186 -0.0419921875
1187 0.0224609375
1188 -0.01171875
1189 -0.15625
1190 -0.0283203125
1191 0.0439453125
1192 0.013671875
1193 -0.041015625
1194 0.0712890625
1195 0.1328125
1196 0.0830078125
1197 -0.01171875
1198 0.0380859375
1199 0.08984375
1200 0.0380859375
1201 -0.09375
1202 0.0244140625
1203 0.0888671875
1204 0.0458984375
1205 -0.0908203125
1206 -0.0498046875
1207 0.017578125
1208 -0.0185546875
1209 -0.130859375
1210 -0.0458984375
1211 0.021484375
1212 -0.0146484375
1213 -0.12890625
1214 -0.0419921875
1215 0.0224609375
1216 -0.0107421875
1217 -0.15625
1218 -0.0263671875
1219 0.046875
1220 0.0146484375
1221 -0.0400390625
1222 0.0712890625
1223 0.1337890625
1224 0.0830078125
1225 -0.009765625
1226 0.0380859375
1227 0.087890625
1228 0.037109375
1229 -0.08984375
1230 0.0224609375
1231 0.0859375
1232 0.0458984375
1233 -0.091796875
1234 -0.0517578125
1235 0.013671875
1236 -0.015625
1237 -0.1318359375
1238 -0.046875
1239 0.01953125
1240 -0.0126953125
1241 -0.12890625
1242 -0.0419921875
1243 0.01953125
1244 -0.01171875
1245 -0.1552734375
1246 -0.0283203125
1247 0.04296875
1248 0.0146484375
1249 -0.0400390625
1250 0.0703125
1251 0.1328125
1252 0.0810546875
1253 -0.0107421875
1254 0.037109375
1255 0.0927734375
1256 0.0380859375
1257 -0.0947265625
1258 0.021484375
1259 0.0869140625
1260 0.044921875
1261 -0.0947265625
1262 -0.0517578125
1263 0.015625
1264 -0.017578125
1265 -0.134765625
1266 -0.0458984375
1267 0.0224609375
1268 -0.01171875
1269 -0.126953125
1270 -0.04296875
1271 0.0234375
1272 -0.01171875
1273 -0.1533203125
1274 -0.025390625
1275 0.0458984375
1276 0.015625
1277 -0.037109375
1278 0.0712890625
1279 0.1318359375
1280 0.0830078125
1281 -0.0107421875
1282 0.0361328125
1283 0.087890625
1284 0.0380859375
1285 -0.0927734375
1286 0.021484375
1287 0.0859375
1288 0.044921875
1289 -0.09375
1290 -0.0517578125
1291 0.0126953125
1292 -0.0185546875
1293 -0.130859375
1294 -0.0498046875
1295 0.01953125
1296 -0.013671875
1297 -0.1259765625
1298 -0.04296875
1299 0.01953125
1300 -0.0126953125
1301 -0.1513671875
1302 -0.02734375
1303 0.0439453125
1304 0.015625
1305 -0.037109375
1306 0.0703125
1307 0.1298828125
1308 0.083984375
1309 -0.0087890625
1310 0.037109375
1311 0.0869140625
1312 0.0380859375
1313 -0.091796875
1314 0.0205078125
1315 0.08203125
1316 0.0458984375
1317 -0.091796875
1318 -0.0537109375
1319 0.0107421875
1320 -0.017578125
1321 -0.1298828125
1322 -0.046875
1323 0.0185546875
1324 -0.0146484375
1325 -0.1259765625
1326 -0.04296875
1327 0.0205078125
1328 -0.01171875
1329 -0.1533203125
1330 -0.0283203125
1331 0.0419921875
1332 0.0146484375
1333 -0.0390625
1334 0.0703125
1335 0.1318359375
1336 0.083984375
1337 -0.009765625
1338 0.037109375
1339 0.0888671875
1340 0.0361328125
1341 -0.091796875
1342 0.0224609375
1343 0.087890625
1344 0.044921875
1345 -0.091796875
1346 -0.0517578125
1347 0.0126953125
1348 -0.01953125
1349 -0.1318359375
1350 -0.0458984375
1351 0.0205078125
1352 -0.013671875
1353 -0.12890625
1354 -0.0419921875
1355 0.021484375
1356 -0.01171875
1357 -0.1572265625
1358 -0.0283203125
1359 0.044921875
1360 0.0146484375
1361 -0.041015625
1362 0.0712890625
1363 0.1337890625
1364 0.0830078125
1365 -0.0107421875
1366 0.0380859375
1367 0.0927734375
1368 0.037109375
1369 -0.0947265625
1370 0.0224609375
1371 0.0888671875
1372 0.0439453125
1373 -0.0927734375
1374 -0.052734375
1375 0.0166015625
1376 -0.017578125
1377 -0.134765625
1378 -0.044921875
1379 0.0234375
1380 -0.0146484375
1381 -0.130859375
1382 -0.0400390625
1383 0.025390625
1384 -0.0146484375
1385 -0.15625
1386 -0.0263671875
1387 0.0498046875
1388 0.0146484375
1389 -0.0419921875
1390 0.0703125
1391 0.1396484375
1392 0.0830078125
1393 -0.0107421875
1394 0.0390625
1395 0.0927734375
1396 0.0380859375
1397 -0.09375
1398 0.025390625
1399 0.0908203125
1400 0.0458984375
1401 -0.091796875
1402 -0.048828125
1403 0.0185546875
1404 -0.015625
1405 -0.1328125
1406 -0.0439453125
1407 0.0234375
1408 -0.0126953125
1409 -0.1279296875
1410 -0.0419921875
1411 0.0234375
1412 -0.01171875
1413 -0.1533203125
1414 -0.02734375
1415 0.046875
1416 0.0166015625
1417 -0.037109375
1418 0.0703125
1419 0.130859375
1420 0.083984375
1421 -0.009765625
1422 0.0400390625
1423 0.0888671875
1424 0.0390625
1425 -0.0908203125
1426 0.025390625
1427 0.0849609375
1428 0.046875
1429 -0.091796875
1430 -0.0517578125
1431 0.0126953125
1432 -0.017578125
1433 -0.130859375
1434 -0.046875
1435 0.01953125
1436 -0.013671875
1437 -0.1240234375
1438 -0.0400390625
1439 0.0234375
1440 -0.0087890625
1441 -0.1298828125
1442 -0.005859375
1443 0.0634765625
1444 0.0283203125
1445 -0.08203125
1446 -0.029296875
1447 0.0322265625
1448 -0.0068359375
1449 -0.123046875
1450 -0.041015625
1451 0.0283203125
1452 -0.0087890625
1453 -0.1298828125
1454 -0.0419921875
1455 0.021484375
1456 -0.0166015625
1457 -0.177734375
1458 -0.0849609375
1459 -0.0146484375
1460 -0.0400390625
1461 -0.1962890625
1462 -0.0634765625
1463 0.021484375
1464 -0.00390625
1465 -0.076171875
1466 0.0400390625
1467 0.1044921875
1468 0.0625
1469 0.0029296875
1470 0.107421875
1471 0.1650390625
1472 0.109375
1473 0.0126953125
1474 0.0595703125
1475 0.1025390625
1476 0.0517578125
1477 -0.0673828125
1478 0.04296875
1479 0.1064453125
1480 0.0595703125
1481 -0.0205078125
1482 0.0859375
1483 0.146484375
1484 0.0888671875
1485 -0.01171875
1486 0.03125
1487 0.0888671875
1488 0.0361328125
1489 -0.0732421875
1490 0.041015625
1491 0.103515625
1492 0.0556640625
1493 -0.0146484375
1494 0.0947265625
1495 0.154296875
1496 0.09375
1497 -0.0087890625
1498 0.033203125
1499 0.087890625
1500 0.0341796875
1501 -0.064453125
1502 0.017578125
1503 0.07421875
1504 0.0205078125
1505 -0.1416015625
1506 -0.017578125
1507 0.056640625
1508 0.0146484375
1509 -0.1025390625
1510 0.0185546875
1511 0.0859375
1512 0.0390625
1513 -0.107421875
1514 -0.0595703125
1515 0.009765625
1516 -0.025390625
1517 -0.1484375
1518 -0.015625
1519 0.05859375
1520 0.017578125
1521 -0.0556640625
1522 0.060546875
1523 0.126953125
1524 0.0703125
1525 -0.0556640625
1526 -0.015625
1527 0.0498046875
1528 0.001953125
1529 -0.109375
1530 0.01171875
1531 0.0830078125
1532 0.03515625
1533 -0.0654296875
1534 -0.0146484375
1535 0.046875
1536 0.0
1537 -0.095703125
1538 0.0263671875
1539 0.095703125
1540 0.046875
1541 -0.009765625
1542 0.1015625
1543 0.1630859375
1544 0.0986328125
1545 -0.029296875
1546 0.076171875
1547 0.1357421875
1548 0.0791015625
1549 -0.087890625
1550 -0.0478515625
1551 0.01953125
1552 -0.0224609375
1553 -0.13671875
1554 -0.0439453125
1555 0.021484375
1556 -0.0205078125
1557 -0.1923828125
1558 -0.1103515625
1559 -0.0322265625
1560 -0.060546875
1561 -0.18359375
1562 -0.0458984375
1563 0.03125
1564 -0.0029296875
1565 -0.09765625
1566 -0.044921875
1567 0.0234375
1568 -0.017578125
1569 -0.123046875
1570 0.0009765625
1571 0.072265625
1572 0.0302734375
1573 -0.0390625
1574 0.0751953125
1575 0.1357421875
1576 0.078125
1577 -0.0146484375
1578 0.0283203125
1579 0.0869140625
1580 0.03125
1581 -0.0673828125
1582 0.015625
1583 0.0732421875
1584 0.017578125
1585 -0.142578125
1586 -0.0185546875
1587 0.0537109375
1588 0.013671875
1589 -0.1044921875
1590 0.013671875
1591 0.08203125
1592 0.0380859375
1593 -0.1044921875
1594 -0.0595703125
1595 0.009765625
1596 -0.0263671875
1597 -0.146484375
1598 -0.017578125
1599 0.0537109375
1600 0.0166015625
1601 -0.0712890625
1602 0.044921875
1603 0.1103515625
1604 0.0615234375
1605 -0.0634765625
1606 -0.021484375
1607 0.0400390625
1608 0.0
1609 -0.111328125
1610 0.0107421875
1611 0.078125
1612 0.0341796875
1613 -0.0654296875
1614 -0.015625
1615 0.0439453125
1616 0.0
1617 -0.125
1618 -0.0048828125
1619 0.0654296875
1620 0.0263671875
1621 -0.1005859375
1622 -0.0546875
1623 0.009765625
1624 -0.0244140625
1625 -0.134765625
1626 -0.044921875
1627 0.017578125
1628 -0.017578125
1629 -0.189453125
1630 -0.1103515625
1631 -0.0322265625
1632 -0.0556640625
1633 -0.1767578125
1634 -0.0419921875
1635 0.0341796875
1636 0.001953125
1637 -0.0947265625
1638 -0.04296875
1639 0.025390625
1640 -0.01171875
1641 -0.1162109375
1642 0.0068359375
1643 0.0771484375
1644 0.0341796875
1645 -0.0322265625
1646 0.0791015625
1647 0.138671875
1648 0.0849609375
1649 -0.009765625
1650 0.033203125
1651 0.087890625
1652 0.0361328125
1653 -0.05859375
1654 0.0234375
1655 0.078125
1656 0.025390625
1657 -0.05859375
1658 0.052734375
1659 0.1171875
1660 0.064453125
1661 0.0107421875
1662 0.11328125
1663 0.169921875
1664 0.1083984375
1665 0.0029296875
1666 0.1025390625
1667 0.15625
1668 0.09765625
1669 -0.021484375
1670 0.0791015625
1671 0.1337890625
1672 0.080078125
1673 -0.0625
1674 -0.0224609375
1675 0.0380859375
1676 -0.0068359375
1677 -0.12890625
1678 -0.0048828125
1679 0.0625
1680 0.0224609375
1681 -0.052734375
1682 0.05859375
1683 0.12109375
1684 0.068359375
1685 -0.0576171875
1686 -0.017578125
1687 0.0439453125
1688 -0.001953125
1689 -0.111328125
1690 0.0068359375
1691 0.0751953125
1692 0.0302734375
1693 -0.072265625
1694 -0.0244140625
1695 0.037109375
1696 -0.0078125
1697 -0.1015625
1698 0.017578125
1699 0.083984375
1700 0.0380859375
1701 -0.01171875
1702 0.095703125
1703 0.1552734375
1704 0.095703125
1705 0.041015625
1706 0.1357421875
1707 0.189453125
1708 0.1240234375
1709 0.0625
1710 0.154296875
1711 0.2041015625
1712 0.13671875
1713 0.01953125
1714 0.1103515625
1715 0.1572265625
1716 0.09765625
1717 -0.0654296875
1718 -0.03125
1719 0.0224609375
1720 -0.015625
1721 -0.12890625
1722 -0.046875
1723 0.009765625
1724 -0.0244140625
1725 -0.197265625
1726 -0.1240234375
1727 -0.05078125
1728 -0.072265625
1729 -0.1884765625
1730 -0.0615234375
1731 0.0126953125
1732 -0.015625
1733 -0.111328125
1734 -0.0634765625
1735 0.0029296875
1736 -0.0322265625
1737 -0.142578125
1738 -0.0224609375
1739 0.044921875
1740 0.009765625
1741 -0.0654296875
1742 0.0439453125
1743 0.1025390625
1744 0.056640625
1745 -0.0439453125
1746 -0.001953125
1747 0.0537109375
1748 0.0068359375
1749 -0.0849609375
1750 -0.00390625
1751 0.05078125
1752 0.001953125
1753 -0.087890625
1754 0.0224609375
1755 0.0888671875
1756 0.0400390625
1757 -0.017578125
1758 0.0859375
1759 0.1455078125
1760 0.0869140625
1761 0.0234375
1762 0.12109375
1763 0.17578125
1764 0.1123046875
1765 0.0478515625
1766 0.1416015625
1767 0.1923828125
1768 0.125
1769 0.0146484375
1770 0.107421875
1771 0.1572265625
1772 0.095703125
1773 -0.02734375
1774 0.0693359375
1775 0.1220703125
1776 0.064453125
1777 -0.078125
1778 -0.0400390625
1779 0.0185546875
1780 -0.0263671875
1781 -0.14453125
1782 -0.025390625
1783 0.0439453125
1784 0.0029296875
1785 -0.068359375
1786 0.0380859375
1787 0.09765625
1788 0.0478515625
1789 -0.0771484375
1790 -0.0400390625
1791 0.017578125
1792 -0.01953125
1793 -0.1298828125
1794 -0.0126953125
1795 0.0498046875
1796 0.0107421875
1797 -0.08984375
1798 -0.0439453125
1799 0.013671875
1800 -0.029296875
1801 -0.1201171875
1802 -0.00390625
1803 0.0634765625
1804 0.01953125
1805 -0.02734375
1806 0.0751953125
1807 0.1357421875
1808 0.076171875
1809 0.0126953125
1810 0.111328125
1811 0.1669921875
1812 0.1005859375
1813 0.03515625
1814 0.1328125
1815 0.185546875
1816 0.1142578125
1817 -0.005859375
1818 0.08984375
1819 0.1416015625
1820 0.0771484375
1821 -0.0859375
1822 -0.0498046875
1823 0.0087890625
1824 -0.03515625
1825 -0.1474609375
1826 -0.064453125
1827 -0.0009765625
1828 -0.0419921875
1829 -0.2138671875
1830 -0.138671875
1831 -0.0634765625
1832 -0.0869140625
1833 -0.208984375
1834 -0.0751953125
1835 0.0009765625
1836 -0.0302734375
1837 -0.1279296875
1838 -0.0771484375
1839 -0.0078125
1840 -0.0439453125
1841 -0.1884765625
1842 -0.0595703125
1843 0.015625
1844 -0.01953125
1845 -0.109375
1846 0.0068359375
1847 0.07421875
1848 0.025390625
1849 -0.072265625
1850 -0.0302734375
1851 0.0322265625
1852 -0.0146484375
1853 -0.107421875
1854 -0.0224609375
1855 0.0341796875
1856 -0.01171875
1857 -0.111328125
1858 0.005859375
1859 0.0751953125
1860 0.0263671875
1861 -0.0361328125
1862 0.0712890625
1863 0.1318359375
1864 0.0732421875
1865 0.0068359375
1866 0.10546875
1867 0.1591796875
1868 0.095703125
1869 0.0322265625
1870 0.12890625
1871 0.18359375
1872 0.11328125
1873 0.005859375
1874 0.099609375
1875 0.15234375
1876 0.0869140625
1877 -0.0322265625
1878 0.06640625
1879 0.1201171875
1880 0.060546875
1881 -0.0771484375
1882 -0.037109375
1883 0.01953125
1884 -0.0263671875
1885 -0.1474609375
1886 -0.02734375
1887 0.0390625
1888 -0.001953125
1889 -0.078125
1890 0.03125
1891 0.0927734375
1892 0.041015625
1893 -0.0869140625
1894 -0.0478515625
1895 0.01171875
1896 -0.029296875
1897 -0.140625
1898 -0.0224609375
1899 0.046875
1900 0.0029296875
1901 -0.1005859375
1902 -0.0517578125
1903 0.0078125
1904 -0.0341796875
1905 -0.12890625
1906 -0.009765625
1907 0.056640625
1908 0.013671875
1909 -0.037109375
1910 0.068359375
1911 0.12890625
1912 0.0673828125
1913 0.009765625
1914 0.107421875
1915 0.1630859375
1916 0.0966796875
1917 0.0341796875
1918 0.1279296875
1919 0.18359375
1920 0.111328125
1921 -0.009765625
1922 0.0849609375
1923 0.1357421875
1924 0.07421875
1925 -0.0908203125
1926 -0.052734375
1927 0.0048828125
1928 -0.0380859375
1929 -0.1513671875
1930 -0.0673828125
1931 -0.0078125
1932 -0.0478515625
1933 -0.2177734375
1934 -0.142578125
1935 -0.068359375
1936 -0.09375
1937 -0.2099609375
1938 -0.080078125
1939 -0.00390625
1940 -0.0341796875
1941 -0.12890625
1942 -0.08203125
1943 -0.013671875
1944 -0.0498046875
1945 -0.158203125
1946 -0.037109375
1947 0.03125
1948 -0.005859375
1949 -0.078125
1950 0.0322265625
1951 0.0927734375
1952 0.04296875
1953 -0.0546875
1954 -0.01171875
1955 0.0419921875
1956 -0.0048828125
1957 -0.099609375
1958 -0.01953125
1959 0.0361328125
1960 -0.013671875
1961 -0.109375
1962 0.005859375
1963 0.072265625
1964 0.0224609375
1965 -0.0400390625
1966 0.0654296875
1967 0.125
1968 0.06640625
1969 -0.0068359375
1970 0.09375
1971 0.1484375
1972 0.0859375
1973 0.0234375
1974 0.12109375
1975 0.1748046875
1976 0.1044921875
1977 -0.001953125
1978 0.0947265625
1979 0.146484375
1980 0.0810546875
1981 -0.0380859375
1982 0.060546875
1983 0.11328125
1984 0.0556640625
1985 -0.087890625
1986 -0.0517578125
1987 0.0087890625
1988 -0.03515625
1989 -0.15625
1990 -0.0380859375
1991 0.0302734375
1992 -0.0107421875
1993 -0.095703125
1994 0.013671875
1995 0.0771484375
1996 0.02734375
1997 -0.09765625
1998 -0.0576171875
1999 0.0029296875
2000 -0.03515625
2001 -0.1494140625
2002 -0.0283203125
2003 0.0380859375
2004 -0.001953125
2005 -0.103515625
2006 -0.0546875
2007 0.005859375
2008 -0.037109375
2009 -0.1787109375
2010 -0.0537109375
2011 0.017578125
2012 -0.01953125
2013 -0.14453125
2014 -0.09765625
2015 -0.0302734375
2016 -0.0625
2017 -0.1728515625
2018 -0.08203125
2019 -0.017578125
2020 -0.052734375
2021 -0.2236328125
2022 -0.1435546875
2023 -0.06640625
2024 -0.08984375
2025 -0.2099609375
2026 -0.0751953125
2027 0.001953125
2028 -0.03125
2029 -0.125
2030 -0.0771484375
2031 -0.0068359375
2032 -0.044921875
2033 -0.1953125
2034 -0.0673828125
2035 0.0087890625
2036 -0.021484375
2037 -0.119140625
2038 -0.0009765625
2039 0.0634765625
2040 0.021484375
2041 -0.07421875
2042 -0.03125
2043 0.0283203125
2044 -0.0126953125
2045 -0.1044921875
2046 -0.021484375
2047 0.0361328125
2048 -0.0107421875
2049 -0.10546875
2050 0.0068359375
2051 0.07421875
2052 0.0302734375
2053 -0.0390625
2054 0.0673828125
2055 0.126953125
2056 0.0712890625
2057 0.00390625
2058 0.1025390625
2059 0.1572265625
2060 0.0966796875
2061 0.0341796875
2062 0.12890625
2063 0.181640625
2064 0.1142578125
2065 0.0068359375
2066 0.1025390625
2067 0.1513671875
2068 0.0908203125
2069 -0.0302734375
2070 0.0673828125
2071 0.119140625
2072 0.0625
2073 -0.0751953125
2074 -0.0380859375
2075 0.01953125
2076 -0.0234375
2077 -0.1435546875
2078 -0.025390625
2079 0.0400390625
2080 0.001953125
2081 -0.072265625
2082 0.0341796875
2083 0.0927734375
2084 0.04296875
2085 -0.0830078125
2086 -0.04296875
2087 0.015625
2088 -0.025390625
2089 -0.138671875
2090 -0.017578125
2091 0.05078125
2092 0.005859375
2093 -0.0986328125
2094 -0.048828125
2095 0.0146484375
2096 -0.033203125
2097 -0.12890625
2098 -0.009765625
2099 0.060546875
2100 0.0107421875
2101 -0.037109375
2102 0.0712890625
2103 0.13671875
2104 0.0703125
2105 0.0029296875
2106 0.103515625
2107 0.1630859375
2108 0.0947265625
2109 0.0302734375
2110 0.12890625
2111 0.1845703125
2112 0.1103515625
2113 -0.0126953125
2114 0.087890625
2115 0.1396484375
2116 0.072265625
2117 -0.091796875
2118 -0.052734375
2119 0.0078125
2120 -0.0390625
2121 -0.1533203125
2122 -0.0673828125
2123 -0.00390625
2124 -0.046875
2125 -0.216796875
2126 -0.1416015625
2127 -0.0634765625
2128 -0.0908203125
2129 -0.2099609375
2130 -0.0771484375
2131 -0.0009765625
2132 -0.033203125
2133 -0.12890625
2134 -0.0791015625
2135 -0.0107421875
2136 -0.0478515625
2137 -0.1611328125
2138 -0.0361328125
2139 0.03125
2140 -0.005859375
2141 -0.08203125
2142 0.0302734375
2143 0.0927734375
2144 0.0400390625
2145 -0.056640625
2146 -0.013671875
2147 0.046875
2148 -0.005859375
2149 -0.1005859375
2150 -0.0166015625
2151 0.04296875
2152 -0.01171875
2153 -0.107421875
2154 0.009765625
2155 0.0791015625
2156 0.025390625
2157 -0.0390625
2158 0.0703125
2159 0.1318359375
2160 0.0693359375
2161 -0.0029296875
2162 0.1005859375
2163 0.1591796875
2164 0.0888671875
2165 0.025390625
2166 0.125
2167 0.1806640625
2168 0.107421875
2169 -0.0029296875
2170 0.0947265625
2171 0.1494140625
2172 0.0810546875
2173 -0.041015625
2174 0.0595703125
2175 0.1162109375
2176 0.0537109375
2177 -0.08984375
2178 -0.0498046875
2179 0.01171875
2180 -0.03515625
2181 -0.16015625
2182 -0.037109375
2183 0.033203125
2184 -0.0087890625
2185 -0.0986328125
2186 0.015625
2187 0.0791015625
2188 0.02734375
2189 -0.0947265625
2190 -0.0537109375
2191 0.0087890625
2192 -0.0361328125
2193 -0.1455078125
2194 -0.025390625
2195 0.0439453125
2196 -0.0009765625
2197 -0.103515625
2198 -0.0537109375
2199 0.0087890625
2200 -0.0361328125
2201 -0.1796875
2202 -0.0517578125
2203 0.0205078125
2204 -0.0185546875
2205 -0.14453125
2206 -0.0947265625
2207 -0.02734375
2208 -0.0634765625
2209 -0.1728515625
2210 -0.08203125
2211 -0.015625
2212 -0.052734375
2213 -0.22265625
2214 -0.1435546875
2215 -0.064453125
2216 -0.0908203125
2217 -0.2080078125
2218 -0.076171875
2219 -0.0009765625
2220 -0.029296875
2221 -0.1259765625
2222 -0.076171875
2223 -0.0107421875
2224 -0.0439453125
2225 -0.1943359375
2226 -0.06640625
2227 0.005859375
2228 -0.01953125
2229 -0.1181640625
2230 -0.001953125
2231 0.0625
2232 0.0234375
2233 -0.072265625
2234 -0.03125
2235 0.02734375
2236 -0.0146484375
2237 -0.1025390625
2238 -0.0205078125
2239 0.0341796875
2240 -0.0087890625
2241 -0.103515625
2242 0.009765625
2243 0.07421875
2244 0.03125
2245 -0.037109375
2246 0.06640625
2247 0.125
2248 0.072265625
2249 0.005859375
2250 0.103515625
2251 0.15625
2252 0.095703125
2253 0.037109375
2254 0.1279296875
2255 0.1796875
2256 0.115234375
2257 0.009765625
2258 0.1005859375
2259 0.1494140625
2260 0.0908203125
2261 -0.0244140625
2262 0.068359375
2263 0.12109375
2264 0.0654296875
2265 -0.0693359375
2266 -0.0322265625
2267 0.0205078125
2268 -0.0185546875
2269 -0.1396484375
2270 -0.0234375
2271 0.0380859375
2272 0.00390625
2273 -0.0712890625
2274 0.0341796875
2275 0.091796875
2276 0.044921875
2277 -0.0810546875
2278 -0.0458984375
2279 0.009765625
2280 -0.0263671875
2281 -0.134765625
2282 -0.0205078125
2283 0.0439453125
2284 0.0068359375
2285 -0.0966796875
2286 -0.0498046875
2287 0.005859375
2288 -0.03125
2289 -0.1240234375
2290 -0.01171875
2291 0.0517578125
2292 0.013671875
2293 -0.029296875
2294 0.072265625
2295 0.125
2296 0.072265625
2297 0.0107421875
2298 0.103515625
2299 0.154296875
2300 0.0947265625
2301 0.037109375
2302 0.126953125
2303 0.1748046875
2304 0.111328125
2305 -0.005859375
2306 0.083984375
2307 0.1318359375
2308 0.07421875
2309 -0.0869140625
2310 -0.0537109375
2311 0.0
2312 -0.037109375
2313 -0.1513671875
2314 -0.068359375
2315 -0.009765625
2316 -0.0439453125
2317 -0.2158203125
2318 -0.140625
2319 -0.0673828125
2320 -0.0888671875
2321 -0.2080078125
2322 -0.0791015625
2323 -0.0048828125
2324 -0.0322265625
2325 -0.126953125
2326 -0.0810546875
2327 -0.013671875
2328 -0.048828125
2329 -0.1591796875
2330 -0.0380859375
2331 0.0302734375
2332 -0.0048828125
2333 -0.0791015625
2334 0.0302734375
2335 0.0869140625
2336 0.041015625
2337 -0.052734375
2338 -0.0126953125
2339 0.0380859375
2340 -0.0029296875
2341 -0.0966796875
2342 -0.0185546875
2343 0.033203125
2344 -0.01171875
2345 -0.103515625
2346 0.0078125
2347 0.072265625
2348 0.0263671875
2349 -0.0361328125
2350 0.06640625
2351 0.126953125
2352 0.068359375
2353 0.0009765625
2354 0.0986328125
2355 0.1533203125
2356 0.0908203125
2357 0.0283203125
2358 0.1240234375
2359 0.177734375
2360 0.1083984375
2361 0.001953125
2362 0.09375
2363 0.1435546875
2364 0.0830078125
2365 -0.0361328125
2366 0.060546875
2367 0.111328125
2368 0.0546875
2369 -0.08203125
2370 -0.0458984375
2371 0.0126953125
2372 -0.033203125
2373 -0.1533203125
2374 -0.033203125
2375 0.033203125
2376 -0.005859375
2377 -0.0810546875
2378 0.0263671875
2379 0.0859375
2380 0.0341796875
2381 -0.0830078125
2382 -0.0458984375
2383 0.0126953125
2384 -0.0283203125
2385 -0.1513671875
2386 -0.0322265625
2387 0.0322265625
2388 -0.0048828125
2389 -0.1103515625
2390 -0.060546875
2391 -0.0009765625
2392 -0.0419921875
2393 -0.154296875
2394 -0.0341796875
2395 0.0361328125
2396 -0.0048828125
2397 -0.05078125
2398 0.056640625
2399 0.1171875
2400 0.0595703125
2401 0.0009765625
2402 0.099609375
2403 0.1533203125
2404 0.0888671875
2405 0.0283203125
2406 0.1220703125
2407 0.17578125
2408 0.1064453125
2409 -0.0166015625
2410 0.078125
2411 0.130859375
2412 0.068359375
2413 -0.095703125
2414 -0.0576171875
2415 0.001953125
2416 -0.0439453125
2417 -0.16015625
2418 -0.07421875
2419 -0.0107421875
2420 -0.052734375
2421 -0.2333984375
2422 -0.15625
2423 -0.078125
2424 -0.1025390625
2425 -0.2490234375
2426 -0.1103515625
2427 -0.029296875
2428 -0.052734375
2429 -0.1337890625
2430 -0.013671875
2431 0.056640625
2432 0.0126953125
2433 -0.1240234375
2434 -0.0810546875
2435 -0.015625
2436 -0.0517578125
2437 -0.173828125
2438 -0.0859375
2439 -0.01953125
2440 -0.056640625
2441 -0.162109375
2442 -0.0751953125
2443 -0.0078125
2444 -0.0478515625
2445 -0.16796875
2446 -0.0419921875
2447 0.0283203125
2448 -0.0107421875
2449 -0.1005859375
2450 0.0166015625
2451 0.08203125
2452 0.03125
2453 -0.0322265625
2454 0.0751953125
2455 0.134765625
2456 0.072265625
2457 -0.0224609375
2458 0.02734375
2459 0.076171875
2460 0.017578125
2461 -0.1142578125
2462 0.0009765625
2463 0.06640625
2464 0.0166015625
2465 -0.1201171875
2466 -0.080078125
2467 -0.009765625
2468 -0.0517578125
2469 -0.1669921875
2470 -0.078125
2471 -0.0048828125
2472 -0.0478515625
2473 -0.1650390625
2474 -0.0751953125
2475 -0.0078125
2476 -0.0458984375
2477 -0.193359375
2478 -0.0595703125
2479 0.0185546875
2480 -0.0185546875
2481 -0.0791015625
2482 0.0400390625
2483 0.1064453125
2484 0.048828125
2485 -0.046875
2486 0.005859375
2487 0.064453125
2488 0.0029296875
2489 -0.1279296875
2490 -0.0078125
2491 0.0615234375
2492 0.0126953125
2493 -0.1240234375
2494 -0.0810546875
2495 -0.009765625
2496 -0.0498046875
2497 -0.1650390625
2498 -0.076171875
2499 -0.00390625
2500 -0.0439453125
2501 -0.16015625
2502 -0.0693359375
2503 0.0
2504 -0.0400390625
2505 -0.1845703125
2506 -0.0537109375
2507 0.0234375
2508 -0.013671875
2509 -0.0703125
2510 0.0439453125
2511 0.109375
2512 0.0537109375
2513 -0.0400390625
2514 0.01171875
2515 0.0673828125
2516 0.0107421875
2517 -0.119140625
2518 -0.0009765625
2519 0.06640625
2520 0.021484375
2521 -0.1181640625
2522 -0.0751953125
2523 -0.0078125
2524 -0.041015625
2525 -0.158203125
2526 -0.0693359375
2527 -0.0009765625
2528 -0.037109375
2529 -0.15625
2530 -0.0654296875
2531 0.001953125
2532 -0.0380859375
2533 -0.1845703125
2534 -0.0498046875
2535 0.0283203125
2536 -0.0107421875
2537 -0.0673828125
2538 0.0478515625
2539 0.115234375
2540 0.05859375
2541 -0.037109375
2542 0.0166015625
2543 0.072265625
2544 0.015625
2545 -0.1171875
2546 0.0029296875
2547 0.0693359375
2548 0.0244140625
2549 -0.115234375
2550 -0.072265625
2551 -0.001953125
2552 -0.0380859375
2553 -0.15625
2554 -0.06640625
2555 0.0029296875
2556 -0.03515625
2557 -0.150390625
2558 -0.0615234375
2559 0.0078125
2560 -0.033203125
2561 -0.17578125
2562 -0.0458984375
2563 0.0322265625
2564 -0.0048828125
2565 -0.0625
2566 0.052734375
2567 0.1181640625
2568 0.0634765625
2569 -0.03125
2570 0.0205078125
2571 0.07421875
2572 0.0205078125
2573 -0.111328125
2574 0.0078125
2575 0.0732421875
2576 0.0283203125
2577 -0.1103515625
2578 -0.068359375
2579 0.0
2580 -0.0361328125
2581 -0.150390625
2582 -0.064453125
2583 0.005859375
2584 -0.03125
2585 -0.1455078125
2586 -0.0595703125
2587 0.0078125
2588 -0.0302734375
2589 -0.173828125
2590 -0.0419921875
2591 0.03125
2592 0.0
2593 -0.0595703125
2594 0.0546875
2595 0.119140625
2596 0.0673828125
2597 -0.0263671875
2598 0.0224609375
2599 0.0791015625
2600 0.021484375
2601 -0.107421875
2602 0.0078125
2603 0.076171875
2604 0.0302734375
2605 -0.107421875
2606 -0.0654296875
2607 0.001953125
2608 -0.033203125
2609 -0.146484375
2610 -0.0595703125
2611 0.0087890625
2612 -0.02734375
2613 -0.1416015625
2614 -0.056640625
2615 0.009765625
2616 -0.0244140625
2617 -0.1689453125
2618 -0.0390625
2619 0.0322265625
2620 0.001953125
2621 -0.0546875
2622 0.0576171875
2623 0.1240234375
2624 0.0693359375
2625 -0.0244140625
2626 0.025390625
2627 0.0791015625
2628 0.025390625
2629 -0.1064453125
2630 0.0107421875
2631 0.0771484375
2632 0.033203125
2633 -0.107421875
2634 -0.0654296875
2635 0.0048828125
2636 -0.0322265625
2637 -0.1474609375
2638 -0.0576171875
2639 0.01171875
2640 -0.0244140625
2641 -0.142578125
2642 -0.0546875
2643 0.0126953125
2644 -0.025390625
2645 -0.169921875
2646 -0.0400390625
2647 0.037109375
2648 0.0029296875
2649 -0.052734375
2650 0.0595703125
2651 0.1240234375
2652 0.0712890625
2653 -0.0234375
2654 0.0283203125
2655 0.08203125
2656 0.0263671875
2657 -0.1064453125
2658 0.013671875
2659 0.080078125
2660 0.0341796875
2661 -0.1044921875
2662 -0.060546875
2663 0.0068359375
2664 -0.029296875
2665 -0.1435546875
2666 -0.0546875
2667 0.013671875
2668 -0.0244140625
2669 -0.1376953125
2670 -0.0517578125
2671 0.0166015625
2672 -0.0244140625
2673 -0.166015625
2674 -0.0361328125
2675 0.0400390625
2676 0.00390625
2677 -0.0517578125
2678 0.0625
2679 0.1259765625
2680 0.0732421875
2681 -0.0205078125
2682 0.0302734375
2683 0.08203125
2684 0.0263671875
2685 -0.1015625
2686 0.015625
2687 0.0830078125
2688 0.0380859375
2689 -0.0986328125
2690 -0.0576171875
2691 0.009765625
2692 -0.025390625
2693 -0.1396484375
2694 -0.0537109375
2695 0.0166015625
2696 -0.021484375
2697 -0.13671875
2698 -0.05078125
2699 0.0185546875
2700 -0.0205078125
2701 -0.1650390625
2702 -0.0361328125
2703 0.0390625
2704 0.0068359375
2705 -0.0498046875
2706 0.064453125
2707 0.1259765625
2708 0.0751953125
2709 -0.01953125
2710 0.0322265625
2711 0.0849609375
2712 0.029296875
2713 -0.1005859375
2714 0.0146484375
2715 0.08203125
2716 0.037109375
2717 -0.0966796875
2718 -0.0576171875
2719 0.01171875
2720 -0.025390625
2721 -0.1396484375
2722 -0.052734375
2723 0.013671875
2724 -0.0205078125
2725 -0.138671875
2726 -0.048828125
2727 0.0166015625
2728 -0.01953125
2729 -0.1630859375
2730 -0.0341796875
2731 0.0380859375
2732 0.0087890625
2733 -0.0478515625
2734 0.0625
2735 0.1259765625
2736 0.076171875
2737 -0.0185546875
2738 0.0322265625
2739 0.083984375
2740 0.03125
2741 -0.0986328125
2742 0.017578125
2743 0.08203125
2744 0.0400390625
2745 -0.0966796875
2746 -0.0556640625
2747 0.0087890625
2748 -0.0234375
2749 -0.13671875
2750 -0.052734375
2751 0.015625
2752 -0.017578125
2753 -0.1337890625
2754 -0.0478515625
2755 0.0185546875
2756 -0.0185546875
2757 -0.162109375
2758 -0.0341796875
2759 0.041015625
2760 0.0087890625
2761 -0.0478515625
2762 0.0654296875
2763 0.1279296875
2764 0.0771484375
2765 -0.017578125
2766 0.0322265625
2767 0.0869140625
2768 0.0322265625
2769 -0.1015625
2770 0.017578125
2771 0.0830078125
2772 0.0400390625
2773 -0.1015625
2774 -0.056640625
2775 0.009765625
2776 -0.0234375
2777 -0.1396484375
2778 -0.052734375
2779 0.0166015625
2780 -0.01953125
2781 -0.1337890625
2782 -0.0478515625
2783 0.01953125
2784 -0.0185546875
2785 -0.1640625
2786 -0.033203125
2787 0.044921875
2788 0.0078125
2789 -0.046875
2790 0.06640625
2791 0.134765625
2792 0.0771484375
2793 -0.0166015625
2794 0.033203125
2795 0.0888671875
2796 0.033203125
2797 -0.1005859375
2798 0.0185546875
2799 0.0869140625
2800 0.041015625
2801 -0.0966796875
2802 -0.0546875
2803 0.0146484375
2804 -0.0224609375
2805 -0.13671875
2806 -0.0498046875
2807 0.0205078125
2808 -0.0185546875
2809 -0.1337890625
2810 -0.046875
2811 0.021484375
2812 -0.0185546875
2813 -0.162109375
2814 -0.0322265625
2815 0.0439453125
2816 0.009765625
2817 -0.048828125
2818 0.06640625
2819 0.130859375
2820 0.0771484375
2821 -0.0185546875
2822 0.033203125
2823 0.0869140625
2824 0.033203125
2825 -0.0986328125
2826 0.017578125
2827 0.08203125
2828 0.0400390625
2829 -0.0966796875
2830 -0.056640625
2831 0.0107421875
2832 -0.0224609375
2833 -0.134765625
2834 -0.05078125
2835 0.015625
2836 -0.017578125
2837 -0.130859375
2838 -0.046875
2839 0.015625
2840 -0.013671875
2841 -0.15625
2842 -0.029296875
2843 0.0390625
2844 0.0126953125
2845 -0.041015625
2846 0.06640625
2847 0.12890625
2848 0.0791015625
2849 -0.013671875
2850 0.0322265625
2851 0.0830078125
2852 0.0341796875
2853 -0.09375
2854 0.0185546875
2855 0.08203125
2856 0.04296875
2857 -0.09375
2858 -0.0546875
2859 0.009765625
2860 -0.0205078125
2861 -0.134765625
2862 -0.05078125
2863 0.013671875
2864 -0.015625
2865 -0.130859375
2866 -0.046875
2867 0.0146484375
2868 -0.015625
2869 -0.158203125
2870 -0.03125
2871 0.041015625
2872 0.0107421875
2873 -0.041015625
2874 0.06640625
2875 0.1279296875
2876 0.080078125
2877 -0.0126953125
2878 0.03515625
2879 0.0859375
2880 0.037109375
2881 -0.09375
2882 0.01953125
2883 0.0810546875
2884 0.0439453125
2885 -0.09375
2886 -0.0546875
2887 0.009765625
2888 -0.0205078125
2889 -0.1337890625
2890 -0.0498046875
2891 0.013671875
2892 -0.0166015625
2893 -0.1279296875
2894 -0.0458984375
2895 0.01953125
2896 -0.013671875
2897 -0.15234375
2898 -0.0283203125
2899 0.04296875
2900 0.013671875
2901 -0.0380859375
2902 0.0693359375
2903 0.1298828125
2904 0.08203125
2905 -0.0107421875
2906 0.03515625
2907 0.083984375
2908 0.03515625
2909 -0.0888671875
2910 0.021484375
2911 0.083984375
2912 0.044921875
2913 -0.091796875
2914 -0.0517578125
2915 0.009765625
2916 -0.0166015625
2917 -0.130859375
2918 -0.0478515625
2919 0.015625
2920 -0.015625
2921 -0.12890625
2922 -0.044921875
2923 0.017578125
2924 -0.0146484375
2925 -0.1533203125
2926 -0.029296875
2927 0.0439453125
2928 0.013671875
2929 -0.0400390625
2930 0.0693359375
2931 0.1298828125
2932 0.08203125
2933 -0.01171875
2934 0.0361328125
2935 0.0888671875
2936 0.0361328125
2937 -0.09375
2938 0.0224609375
2939 0.0849609375
2940 0.0439453125
2941 -0.0927734375
2942 -0.0517578125
2943 0.013671875
2944 -0.01953125
2945 -0.130859375
2946 -0.048828125
2947 0.017578125
2948 -0.0166015625
2949 -0.1259765625
2950 -0.0439453125
2951 0.01953125
2952 -0.013671875
2953 -0.154296875
2954 -0.02734375
2955 0.044921875
2956 0.0146484375
2957 -0.0419921875
2958 0.0703125
2959 0.1318359375
2960 0.08203125
2961 -0.0107421875
2962 0.0361328125
2963 0.087890625
2964 0.0361328125
2965 -0.0947265625
2966 0.021484375
2967 0.0859375
2968 0.04296875
2969 -0.091796875
2970 -0.052734375
2971 0.013671875
2972 -0.01953125
2973 -0.1337890625
2974 -0.0478515625
2975 0.01953125
2976 -0.0146484375
2977 -0.1298828125
2978 -0.0439453125
2979 0.01953125
2980 -0.0146484375
2981 -0.1552734375
2982 -0.0283203125
2983 0.0458984375
2984 0.013671875
2985 -0.04296875
2986 0.0693359375
2987 0.1318359375
2988 0.080078125
2989 -0.013671875
2990 0.0361328125
2991 0.08984375
2992 0.0361328125
2993 -0.0966796875
2994 0.021484375
2995 0.0869140625
2996 0.0419921875
2997 -0.0947265625
2998 -0.052734375
2999 0.0146484375
3000 -0.01953125
3001 -0.134765625
3002 -0.046875
3003 0.0205078125
3004 -0.015625
3005 -0.130859375
3006 -0.04296875
3007 0.025390625
3008 -0.013671875
3009 -0.1572265625
3010 -0.02734375
3011 0.0478515625
3012 0.0126953125
3013 -0.044921875
3014 0.0712890625
3015 0.134765625
3016 0.080078125
3017 -0.015625
3018 0.0361328125
3019 0.0927734375
3020 0.0341796875
3021 -0.09765625
3022 0.0234375
3023 0.0888671875
3024 0.04296875
3025 -0.0947265625
3026 -0.05078125
3027 0.0166015625
3028 -0.017578125
3029 -0.13671875
3030 -0.044921875
3031 0.0224609375
3032 -0.0146484375
3033 -0.130859375
3034 -0.0439453125
3035 0.0224609375
3036 -0.0146484375
3037 -0.158203125
3038 -0.0283203125
3039 0.048828125
3040 0.013671875
3041 -0.0439453125
3042 0.0712890625
3043 0.1357421875
3044 0.0810546875
3045 -0.015625
3046 0.0380859375
3047 0.095703125
3048 0.0361328125
3049 -0.099609375
3050 0.0224609375
3051 0.0908203125
3052 0.0419921875
3053 -0.0966796875
3054 -0.05078125
3055 0.01953125
3056 -0.0205078125
3057 -0.13671875
3058 -0.0478515625
3059 0.0244140625
3060 -0.0166015625
3061 -0.1337890625
3062 -0.044921875
3063 0.0263671875
3064 -0.015625
3065 -0.1611328125
3066 -0.0283203125
3067 0.046875
3068 0.013671875
3069 -0.0458984375
3070 0.0703125
3071 0.1357421875
3072 0.0810546875
3073 -0.015625
3074 0.0390625
3075 0.09375
3076 0.03515625
3077 -0.0966796875
3078 0.0224609375
3079 0.09375
3080 0.0439453125
3081 -0.0947265625
3082 -0.052734375
3083 0.0185546875
3084 -0.0185546875
3085 -0.134765625
3086 -0.046875
3087 0.0244140625
3088 -0.015625
3089 -0.1328125
3090 -0.0419921875
3091 0.025390625
3092 -0.0146484375
3093 -0.1611328125
3094 -0.0283203125
3095 0.048828125
3096 0.013671875
3097 -0.044921875
3098 0.0703125
3099 0.1357421875
3100 0.0810546875
3101 -0.013671875
3102 0.037109375
3103 0.0927734375
3104 0.0361328125
3105 -0.099609375
3106 0.0224609375
3107 0.0908203125
3108 0.0419921875
3109 -0.0966796875
3110 -0.0537109375
3111 0.0205078125
3112 -0.021484375
3113 -0.13671875
3114 -0.046875
3115 0.021484375
3116 -0.015625
3117 -0.130859375
3118 -0.0419921875
3119 0.025390625
3120 -0.0126953125
3121 -0.1572265625
3122 -0.025390625
3123 0.0478515625
3124 0.0146484375
3125 -0.0419921875
3126 0.072265625
3127 0.13671875
3128 0.080078125
3129 -0.0107421875
3130 0.0390625
3131 0.0927734375
3132 0.037109375
3133 -0.0927734375
3134 0.0224609375
3135 0.0908203125
3136 0.0439453125
3137 -0.0908203125
3138 -0.048828125
3139 0.01953125
3140 -0.0166015625
3141 -0.1337890625
3142 -0.0439453125
3143 0.0244140625
3144 -0.01171875
3145 -0.1298828125
3146 -0.0419921875
3147 0.0234375
3148 -0.013671875
3149 -0.1552734375
3150 -0.0283203125
3151 0.0458984375
3152 0.0146484375
3153 -0.041015625
3154 0.0703125
3155 0.1328125
3156 0.08203125
3157 -0.013671875
3158 0.037109375
3159 0.0888671875
3160 0.03515625
3161 -0.095703125
3162 0.0224609375
3163 0.0869140625
3164 0.044921875
3165 -0.0908203125
3166 -0.048828125
3167 0.015625
3168 -0.017578125
3169 -0.1337890625
3170 -0.0458984375
3171 0.021484375
3172 -0.0146484375
3173 -0.1279296875
3174 -0.0419921875
3175 0.0234375
3176 -0.0126953125
3177 -0.15625
3178 -0.029296875
3179 0.046875
3180 0.013671875
3181 -0.04296875
3182 0.0712890625
3183 0.134765625
3184 0.08203125
3185 -0.0126953125
3186 0.0380859375
3187 0.091796875
3188 0.0380859375
3189 -0.0947265625
3190 0.0224609375
3191 0.08984375
3192 0.046875
3193 -0.091796875
3194 -0.0498046875
3195 0.017578125
3196 -0.0166015625
3197 -0.1328125
3198 -0.0458984375
3199 0.0234375
3200 -0.0146484375
3201 -0.12890625
3202 -0.04296875
3203 0.025390625
3204 -0.013671875
3205 -0.1591796875
3206 -0.029296875
3207 0.046875
3208 0.013671875
3209 -0.0439453125
3210 0.0712890625
3211 0.1337890625
3212 0.08203125
3213 -0.0146484375
3214 0.0380859375
3215 0.091796875
3216 0.037109375
3217 -0.0966796875
3218 0.021484375
3219 0.0888671875
3220 0.04296875
3221 -0.0927734375
3222 -0.0517578125
3223 0.0166015625
3224 -0.0185546875
3225 -0.1337890625
3226 -0.0458984375
3227 0.0224609375
3228 -0.015625
3229 -0.130859375
3230 -0.041015625
3231 0.0244140625
3232 -0.013671875
3233 -0.1572265625
3234 -0.0263671875
3235 0.046875
3236 0.0146484375
3237 -0.0419921875
3238 0.0712890625
3239 0.1357421875
3240 0.08203125
3241 -0.01171875
3242 0.0380859375
3243 0.091796875
3244 0.037109375
3245 -0.0927734375
3246 0.0234375
3247 0.0888671875
3248 0.044921875
3249 -0.091796875
3250 -0.0498046875
3251 0.0166015625
3252 -0.0166015625
3253 -0.1328125
3254 -0.046875
3255 0.0205078125
3256 -0.0146484375
3257 -0.12890625
3258 -0.0419921875
3259 0.0224609375
3260 -0.0126953125
3261 -0.15625
3262 -0.0283203125
3263 0.0458984375
3264 0.0146484375
3265 -0.041015625
3266 0.0712890625
3267 0.134765625
3268 0.0810546875
3269 -0.0107421875
3270 0.037109375
3271 0.091796875
3272 0.0380859375
3273 -0.0947265625
3274 0.0224609375
3275 0.0869140625
3276 0.044921875
3277 -0.0927734375
3278 -0.0498046875
3279 0.015625
3280 -0.0166015625
3281 -0.1328125
3282 -0.0458984375
3283 0.0224609375
3284 -0.013671875
3285 -0.1259765625
3286 -0.0400390625
3287 0.0263671875
3288 -0.01171875
3289 -0.1298828125
3290 -0.0078125
3291 0.064453125
3292 0.02734375
3293 -0.08203125
3294 -0.0361328125
3295 0.0283203125
3296 -0.0078125
3297 -0.1669921875
3298 -0.0908203125
3299 -0.017578125
3300 -0.0390625
3301 -0.13671875
3302 -0.0458984375
3303 0.021484375
3304 -0.01171875
3305 -0.1767578125
3306 -0.111328125
3307 -0.03125
3308 -0.0498046875
3309 -0.2041015625
3310 -0.1259765625
3311 -0.04296875
3312 -0.0576171875
3313 -0.1572265625
3314 -0.06640625
3315 0.0048828125
3316 -0.021484375
3317 -0.1123046875
3318 -0.0283203125
3319 0.0341796875
3320 0.0009765625
3321 -0.1064453125
3322 0.013671875
3323 0.080078125
3324 0.0458984375
3325 -0.0751953125
3326 -0.0322265625
3327 0.0322265625
3328 0.0009765625
3329 -0.11328125
3330 -0.03125
3331 0.0341796875
3332 0.0029296875
3333 -0.1162109375
3334 -0.029296875
3335 0.037109375
3336 0.0
3337 -0.10546875
3338 -0.0224609375
3339 0.0458984375
3340 0.005859375
3341 -0.0927734375
3342 -0.015625
3343 0.0517578125
3344 0.013671875
3345 -0.11328125
3346 -0.0283203125
3347 0.0341796875
3348 0.0009765625
3349 -0.1865234375
3350 -0.109375
3351 -0.03125
3352 -0.048828125
3353 -0.203125
3354 -0.1298828125
3355 -0.056640625
3356 -0.0478515625
3357 -0.13671875
3358 -0.068359375
3359 -0.01171875
3360 -0.0107421875
3361 -0.140625
3362 -0.0712890625
3363 -0.0166015625
3364 -0.015625
3365 -0.1552734375
3366 -0.0419921875
3367 0.0185546875
3368 0.021484375
3369 -0.046875
3370 0.0458984375
3371 0.0947265625
3372 0.0810546875
3373 0.0302734375
3374 0.1123046875
3375 0.15234375
3376 0.125
3377 0.048828125
3378 0.0654296875
3379 0.1005859375
3380 0.0732421875
3381 -0.01953125
3382 0.0283203125
3383 0.0673828125
3384 0.0478515625
3385 -0.0537109375
3386 0.0068359375
3387 0.0419921875
3388 0.02734375
3389 -0.07421875
3390 -0.0126953125
3391 0.0263671875
3392 0.0166015625
3393 -0.0947265625
3394 0.001953125
3395 0.0517578125
3396 0.0458984375
3397 -0.103515625
3398 -0.07421875
3399 -0.021484375
3400 -0.01953125
3401 -0.1953125
3402 -0.1376953125
3403 -0.0673828125
3404 -0.0537109375
3405 -0.154296875
3406 -0.0771484375
3407 -0.0185546875
3408 -0.0205078125
3409 -0.1611328125
3410 -0.0869140625
3411 -0.02734375
3412 -0.0224609375
3413 -0.1513671875
3414 -0.0380859375
3415 0.0205078125
3416 0.0224609375
3417 -0.0576171875
3418 0.03515625
3419 0.0888671875
3420 0.07421875
3421 -0.0048828125
3422 0.0791015625
3423 0.123046875
3424 0.1005859375
3425 0.0224609375
3426 0.1005859375
3427 0.140625
3428 0.1142578125
3429 0.0283203125
3430 0.1025390625
3431 0.142578125
3432 0.115234375
3433 0.017578125
3434 0.095703125
3435 0.1328125
3436 0.107421875
3437 0.00390625
3438 0.083984375
3439 0.1220703125
3440 0.0986328125
3441 0.041015625
3442 0.1171875
3443 0.15234375
3444 0.1220703125
3445 0.0185546875
3446 0.033203125
3447 0.06640625
3448 0.0419921875
3449 -0.064453125
3450 -0.01171875
3451 0.03125
3452 0.0185546875
3453 -0.1220703125
3454 -0.05859375
3455 -0.009765625
3456 -0.0146484375
3457 -0.142578125
3458 -0.03515625
3459 0.0205078125
3460 0.017578125
3461 -0.0634765625
3462 0.029296875
3463 0.080078125
3464 0.0615234375
3465 -0.02734375
3466 0.0595703125
3467 0.1025390625
3468 0.0810546875
3469 -0.01953125
3470 0.0625
3471 0.10546875
3472 0.0810546875
3473 -0.0263671875
3474 0.0556640625
3475 0.099609375
3476 0.0771484375
3477 0.0166015625
3478 0.0947265625
3479 0.1318359375
3480 0.1005859375
3481 -0.01953125
3482 -0.00390625
3483 0.033203125
3484 0.017578125
3485 -0.138671875
3486 -0.0361328125
3487 0.0205078125
3488 0.015625
3489 -0.095703125
3490 -0.0712890625
3491 -0.0205078125
3492 -0.025390625
3493 -0.12109375
3494 -0.017578125
3495 0.0380859375
3496 0.02734375
3497 -0.0625
3498 -0.0595703125
3499 -0.00390625
3500 -0.013671875
3501 -0.0986328125
3502 0.0009765625
3503 0.0517578125
3504 0.0400390625
3505 -0.048828125
3506 -0.0224609375
3507 0.01953125
3508 0.0048828125
3509 -0.087890625
3510 -0.0283203125
3511 0.0185546875
3512 0.0048828125
3513 -0.1357421875
3514 -0.0693359375
3515 -0.017578125
3516 -0.025390625
3517 -0.15234375
3518 -0.083984375
3519 -0.0263671875
3520 -0.0283203125
3521 -0.1796875
3522 -0.06640625
3523 -0.001953125
3524 -0.0009765625
3525 -0.0859375
3526 0.0107421875
3527 0.0615234375
3528 0.05078125
3529 -0.0380859375
3530 0.048828125
3531 0.0947265625
3532 0.07421875
3533 -0.0126953125
3534 0.072265625
3535 0.1123046875
3536 0.087890625
3537 0.0068359375
3538 0.083984375
3539 0.125
3540 0.09765625
3541 0.0087890625
3542 0.0859375
3543 0.126953125
3544 0.095703125
3545 0.0
3546 0.076171875
3547 0.115234375
3548 0.0888671875
3549 -0.021484375
3550 0.060546875
3551 0.1025390625
3552 0.078125
3553 0.0029296875
3554 0.083984375
3555 0.1181640625
3556 0.091796875
3557 -0.03515625
3558 -0.021484375
3559 0.021484375
3560 0.005859375
3561 -0.0927734375
3562 0.00390625
3563 0.0537109375
3564 0.0361328125
3565 -0.01171875
3566 0.072265625
3567 0.11328125
3568 0.0849609375
3569 0.0341796875
3570 0.11328125
3571 0.1474609375
3572 0.11328125
3573 0.0546875
3574 0.12890625
3575 0.1611328125
3576 0.1220703125
3577 0.0244140625
3578 0.0400390625
3579 0.0693359375
3580 0.0400390625
3581 -0.0771484375
3582 -0.0283203125
3583 0.013671875
3584 -0.00390625
3585 -0.1220703125
3586 -0.060546875
3587 -0.0126953125
3588 -0.0244140625
3589 -0.1376953125
3590 -0.0771484375
3591 -0.025390625
3592 -0.0341796875
3593 -0.1455078125
3594 -0.080078125
3595 -0.0263671875
3596 -0.033203125
3597 -0.1455078125
3598 -0.0810546875
3599 -0.029296875
3600 -0.03515625
3601 -0.1728515625
3602 -0.1005859375
3603 -0.0439453125
3604 -0.0458984375
3605 -0.1484375
3606 -0.0419921875
3607 0.0146484375
3608 0.0087890625
3609 -0.1181640625
3610 -0.091796875
3611 -0.033203125
3612 -0.037109375
3613 -0.1337890625
3614 -0.0693359375
3615 -0.0146484375
3616 -0.0224609375
3617 -0.1259765625
3618 -0.0556640625
3619 -0.01171875
3620 -0.01953125
3621 -0.130859375
3622 -0.0615234375
3623 -0.0126953125
3624 -0.01953125
3625 -0.1748046875
3626 -0.05859375
3627 -0.0009765625
3628 -0.001953125
3629 -0.068359375
3630 0.02734375
3631 0.076171875
3632 0.0576171875
3633 -0.0703125
3634 0.021484375
3635 0.0673828125
3636 0.0517578125
3637 -0.08984375
3638 -0.0703125
3639 -0.0205078125
3640 -0.0224609375
3641 -0.1875
3642 -0.1123046875
3643 -0.0498046875
3644 -0.0458984375
3645 -0.150390625
3646 -0.07421875
3647 -0.0224609375
3648 -0.025390625
3649 -0.1103515625
3650 -0.0078125
3651 0.044921875
3652 0.0361328125
3653 -0.0537109375
3654 -0.052734375
3655 0.0029296875
3656 -0.0048828125
3657 -0.115234375
3658 -0.0126953125
3659 0.0419921875
3660 0.0341796875
3661 -0.0556640625
3662 0.03515625
3663 0.08203125
3664 0.0673828125
3665 -0.0322265625
3666 -0.009765625
3667 0.0322265625
3668 0.0185546875
3669 -0.1005859375
3670 0.0009765625
3671 0.048828125
3672 0.037109375
3673 -0.095703125
3674 -0.068359375
3675 -0.017578125
3676 -0.0234375
3677 -0.203125
3678 -0.1259765625
3679 -0.05859375
3680 -0.05078125
3681 -0.158203125
3682 -0.0869140625
3683 -0.0302734375
3684 -0.029296875
3685 -0.16015625
3686 -0.083984375
3687 -0.0283203125
3688 -0.0283203125
3689 -0.1875
3690 -0.0673828125
3691 -0.0048828125
3692 0.0
3693 -0.052734375
3694 0.0439453125
3695 0.08984375
3696 0.072265625
3697 -0.00390625
3698 0.08203125
3699 0.1240234375
3700 0.09765625
3701 0.005859375
3702 0.0859375
3703 0.12890625
3704 0.1005859375
3705 0.0400390625
3706 0.1171875
3707 0.154296875
3708 0.1220703125
3709 0.0322265625
3710 0.0458984375
3711 0.080078125
3712 0.0546875
3713 -0.044921875
3714 0.0107421875
3715 0.0498046875
3716 0.029296875
3717 -0.076171875
3718 -0.0166015625
3719 0.0244140625
3720 0.0087890625
3721 -0.16015625
3722 -0.0498046875
3723 0.0068359375
3724 0.0048828125
3725 -0.13671875
3726 -0.1064453125
3727 -0.0439453125
3728 -0.0419921875
3729 -0.2138671875
3730 -0.0888671875
3731 -0.017578125
3732 -0.013671875
3733 -0.06640625
3734 0.0341796875
3735 0.08203125
3736 0.0615234375
3737 -0.0146484375
3738 0.076171875
3739 0.1181640625
3740 0.0927734375
3741 0.001953125
3742 0.0869140625
3743 0.1298828125
3744 0.0986328125
3745 0.0478515625
3746 0.126953125
3747 0.1650390625
3748 0.1259765625
3749 0.01953125
3750 0.037109375
3751 0.072265625
3752 0.04296875
3753 -0.1328125
3754 -0.0810546875
3755 -0.025390625
3756 -0.029296875
3757 -0.1337890625
3758 -0.06640625
3759 -0.01171875
3760 -0.01953125
3761 -0.1611328125
3762 -0.0849609375
3763 -0.0322265625
3764 -0.03515625
3765 -0.171875
3766 -0.0546875
3767 0.0068359375
3768 0.0029296875
3769 -0.0830078125
3770 0.0146484375
3771 0.0693359375
3772 0.0498046875
3773 -0.0400390625
3774 0.0498046875
3775 0.099609375
3776 0.0732421875
3777 -0.0166015625
3778 0.0693359375
3779 0.11328125
3780 0.0859375
3781 -0.009765625
3782 0.07421875
3783 0.1171875
3784 0.0888671875
3785 -0.0107421875
3786 0.072265625
3787 0.1142578125
3788 0.0859375
3789 -0.0322265625
3790 0.052734375
3791 0.09765625
3792 0.0693359375
3793 -0.0185546875
3794 0.0673828125
3795 0.111328125
3796 0.0810546875
3797 0.029296875
3798 0.1103515625
3799 0.1474609375
3800 0.1103515625
3801 0.0595703125
3802 0.1328125
3803 0.1689453125
3804 0.1279296875
3805 0.0419921875
3806 0.0615234375
3807 0.0908203125
3808 0.0556640625
3809 -0.0712890625
3810 -0.0205078125
3811 0.0185546875
3812 -0.0009765625
3813 -0.1455078125
3814 -0.08203125
3815 -0.025390625
3816 -0.03515625
3817 -0.142578125
3818 -0.037109375
3819 0.0185546875
3820 0.0087890625
3821 -0.0302734375
3822 0.05859375
3823 0.1025390625
3824 0.076171875
3825 0.04296875
3826 0.1220703125
3827 0.158203125
3828 0.1201171875
3829 0.0751953125
3830 0.146484375
3831 0.181640625
3832 0.138671875
3833 0.0791015625
3834 0.1474609375
3835 0.1806640625
3836 0.1357421875
3837 0.0849609375
3838 0.15234375
3839 0.18359375
3840 0.1376953125
3841 0.0576171875
3842 0.080078125
3843 0.1064453125
3844 0.0625
3845 -0.029296875
3846 0.05078125
3847 0.08984375
3848 0.0595703125
3849 -0.03515625
3850 -0.013671875
3851 0.0224609375
3852 -0.0009765625
3853 -0.1025390625
3854 -0.0458984375
3855 -0.001953125
3856 -0.0205078125
3857 -0.1171875
3858 -0.0576171875
3859 -0.0107421875
3860 -0.0283203125
3861 -0.1318359375
3862 -0.0693359375
3863 -0.0224609375
3864 -0.03515625
3865 -0.134765625
3866 -0.068359375
3867 -0.0205078125
3868 -0.0361328125
3869 -0.1767578125
3870 -0.10546875
3871 -0.0537109375
3872 -0.0576171875
3873 -0.2021484375
3874 -0.123046875
3875 -0.0654296875
3876 -0.06640625
3877 -0.1884765625
3878 -0.0751953125
3879 -0.013671875
3880 -0.0166015625
3881 -0.080078125
3882 0.01171875
3883 0.0634765625
3884 0.0419921875
3885 -0.0263671875
3886 0.0546875
3887 0.0986328125
3888 0.0703125
3889 0.001953125
3890 0.0771484375
3891 0.1171875
3892 0.0869140625
3893 0.01171875
3894 0.087890625
3895 0.123046875
3896 0.09375
3897 0.03515625
3898 0.107421875
3899 0.1396484375
3900 0.1064453125
3901 0.0283203125
3902 0.044921875
3903 0.07421875
3904 0.044921875
3905 -0.0546875
3906 -0.0029296875
3907 0.03125
3908 0.0087890625
3909 -0.0908203125
3910 -0.033203125
3911 0.00390625
3912 -0.01171875
3913 -0.0927734375
3914 -0.0048828125
3915 0.0419921875
3916 0.02734375
3917 -0.0087890625
3918 0.0673828125
3919 0.107421875
3920 0.0810546875
3921 -0.0185546875
3922 -0.0029296875
3923 0.0302734375
3924 0.009765625
3925 -0.1474609375
3926 -0.048828125
3927 0.001953125
3928 -0.00390625
3929 -0.134765625
3930 -0.111328125
3931 -0.0556640625
3932 -0.056640625
3933 -0.158203125
3934 -0.0537109375
3935 0.001953125
3936 -0.00390625
3937 -0.07421875
3938 0.0166015625
3939 0.0595703125
3940 0.04296875
3941 -0.0517578125
3942 -0.03125
3943 0.0087890625
3944 -0.005859375
3945 -0.1474609375
3946 -0.078125
3947 -0.0361328125
3948 -0.04296875
3949 -0.1953125
3950 -0.125
3951 -0.0634765625
3952 -0.064453125
3953 -0.1962890625
3954 -0.12109375
3955 -0.0634765625
3956 -0.060546875
3957 -0.1552734375
3958 -0.08203125
3959 -0.03125
3960 -0.037109375
3961 -0.1572265625
3962 -0.0498046875
3963 0.00390625
3964 0.0
3965 -0.1650390625
3966 -0.13671875
3967 -0.072265625
3968 -0.0654296875
3969 -0.181640625
3970 -0.1103515625
3971 -0.05078125
3972 -0.048828125
3973 -0.12890625
3974 -0.0595703125
3975 -0.0087890625
3976 -0.01953125
3977 -0.142578125
3978 -0.072265625
3979 -0.021484375
3980 -0.029296875
3981 -0.1748046875
3982 -0.0634765625
3983 -0.0009765625
3984 -0.001953125
3985 -0.04296875
3986 0.0498046875
3987 0.095703125
3988 0.072265625
3989 0.021484375
3990 0.1015625
3991 0.138671875
3992 0.107421875
3993 0.0009765625
3994 0.01953125
3995 0.0517578125
3996 0.029296875
3997 -0.08984375
3998 -0.033203125
3999 -0.017578125
4000 0.02734375
4001 -0.0322265625
4002 0.00390625
4003 0.013671875
4004 0.0537109375
4005 0.02734375
4006 0.0517578125
4007 0.0537109375
4008 0.0869140625
4009 0.0126953125
4010 -0.029296875
4011 -0.0263671875
4012 0.013671875
4013 -0.0546875
4014 -0.052734375
4015 -0.044921875
4016 -0.001953125
4017 -0.1025390625
4018 -0.08984375
4019 -0.0751953125
4020 -0.029296875
4021 -0.1181640625
4022 -0.0625
4023 -0.04296875
4024 0.0078125
4025 -0.0380859375
4026 -0.0009765625
4027 0.01171875
4028 0.05078125
4029 0.0
4030 0.0302734375
4031 0.037109375
4032 0.072265625
4033 0.025390625
4034 0.05078125
4035 0.052734375
4036 0.0849609375
4037 0.03515625
4038 0.05859375
4039 0.0576171875
4040 0.087890625
4041 0.0341796875
4042 0.0517578125
4043 0.0537109375
4044 0.083984375
4045 0.0078125
4046 0.0322265625
4047 0.0341796875
4048 0.0703125
4049 0.0205078125
4050 0.0439453125
4051 0.0458984375
4052 0.0771484375
4053 0.0673828125
4054 0.0869140625
4055 0.0830078125
4056 0.107421875
4057 0.0986328125
4058 0.1123046875
4059 0.1044921875
4060 0.1259765625
4061 0.080078125
4062 0.0390625
4063 0.0302734375
4064 0.0537109375
4065 -0.033203125
4066 -0.04296875
4067 -0.041015625
4068 -0.0029296875
4069 -0.1103515625
4070 -0.1025390625
4071 -0.0859375
4072 -0.0390625
4073 -0.10546875
4074 -0.0576171875
4075 -0.0419921875
4076 0.0068359375
4077 0.0087890625
4078 0.037109375
4079 0.041015625
4080 0.07421875
4081 0.0849609375
4082 0.1015625
4083 0.0966796875
4084 0.1201171875
4085 0.1220703125
4086 0.126953125
4087 0.119140625
4088 0.138671875
4089 0.125
4090 0.130859375
4091 0.1171875
4092 0.134765625
4093 0.12890625
4094 0.1328125
4095 0.12109375
4096 0.1376953125
4097 0.0986328125
4098 0.0595703125
4099 0.0419921875
4100 0.064453125
4101 0.013671875
4102 0.033203125
4103 0.03125
4104 0.060546875
4105 0.0048828125
4106 -0.0322265625
4107 -0.0341796875
4108 0.0
4109 -0.0673828125
4110 -0.068359375
4111 -0.0634765625
4112 -0.021484375
4113 -0.080078125
4114 -0.0751953125
4115 -0.068359375
4116 -0.0263671875
4117 -0.0986328125
4118 -0.091796875
4119 -0.08203125
4120 -0.0380859375
4121 -0.1259765625
4122 -0.1103515625
4123 -0.099609375
4124 -0.048828125
4125 -0.1064453125
4126 -0.09765625
4127 -0.087890625
4128 -0.0390625
4129 -0.0869140625
4130 -0.0751953125
4131 -0.068359375
4132 -0.0263671875
4133 -0.0908203125
4134 -0.0810546875
4135 -0.0712890625
4136 -0.02734375
4137 -0.1396484375
4138 -0.1484375
4139 -0.1240234375
4140 -0.0654296875
4141 -0.123046875
4142 -0.109375
4143 -0.0927734375
4144 -0.041015625
4145 -0.109375
4146 -0.091796875
4147 -0.08203125
4148 -0.033203125
4149 -0.0791015625
4150 -0.03515625
4151 -0.0205078125
4152 0.025390625
4153 -0.02734375
4154 -0.08203125
4155 -0.0654296875
4156 -0.01953125
4157 -0.0947265625
4158 -0.0478515625
4159 -0.029296875
4160 0.015625
4161 -0.0400390625
4162 -0.00390625
4163 0.009765625
4164 0.046875
4165 -0.0068359375
4166 -0.0439453125
4167 -0.0380859375
4168 0.001953125
4169 -0.076171875
4170 -0.0302734375
4171 -0.021484375
4172 0.0263671875
4173 -0.078125
4174 -0.1044921875
4175 -0.0888671875
4176 -0.037109375
4177 -0.1689453125
4178 -0.140625
4179 -0.1142578125
4180 -0.0576171875
4181 -0.12890625
4182 -0.1083984375
4183 -0.08984375
4184 -0.0390625
4185 -0.111328125
4186 -0.09375
4187 -0.0791015625
4188 -0.0263671875
4189 -0.1337890625
4190 -0.1142578125
4191 -0.09375
4192 -0.0390625
4193 -0.1064453125
4194 -0.0888671875
4195 -0.072265625
4196 -0.021484375
4197 -0.1015625
4198 -0.0888671875
4199 -0.0712890625
4200 -0.0205078125
4201 -0.1328125
4202 -0.115234375
4203 -0.0888671875
4204 -0.033203125
4205 -0.103515625
4206 -0.0498046875
4207 -0.0283203125
4208 0.0224609375
4209 0.02734375
4210 0.056640625
4211 0.0654296875
4212 0.0966796875
4213 0.107421875
4214 0.125
4215 0.12109375
4216 0.1435546875
4217 0.14453125
4218 0.154296875
4219 0.146484375
4220 0.1640625
4221 0.1494140625
4222 0.1552734375
4223 0.14453125
4224 0.16015625
4225 0.1533203125
4226 0.16015625
4227 0.1474609375
4228 0.1630859375
4229 0.125
4230 0.083984375
4231 0.0693359375
4232 0.0888671875
4233 0.0380859375
4234 0.0576171875
4235 0.0556640625
4236 0.0849609375
4237 0.0283203125
4238 -0.0087890625
4239 -0.0126953125
4240 0.021484375
4241 -0.044921875
4242 -0.0439453125
4243 -0.041015625
4244 0.0009765625
4245 -0.056640625
4246 -0.0537109375
4247 -0.0458984375
4248 -0.0048828125
4249 -0.0751953125
4250 -0.0693359375
4251 -0.060546875
4252 -0.0166015625
4253 -0.1044921875
4254 -0.091796875
4255 -0.0751953125
4256 -0.029296875
4257 -0.0888671875
4258 -0.080078125
4259 -0.0673828125
4260 -0.0205078125
4261 -0.0703125
4262 -0.0576171875
4263 -0.05078125
4264 -0.0078125
4265 -0.072265625
4266 -0.060546875
4267 -0.052734375
4268 -0.0087890625
4269 -0.12109375
4270 -0.12890625
4271 -0.1044921875
4272 -0.0478515625
4273 -0.1044921875
4274 -0.0927734375
4275 -0.0751953125
4276 -0.025390625
4277 -0.08984375
4278 -0.0751953125
4279 -0.064453125
4280 -0.017578125
4281 -0.0634765625
4282 -0.01953125
4283 -0.0048828125
4284 0.0400390625
4285 -0.01171875
4286 -0.0673828125
4287 -0.05078125
4288 -0.00390625
4289 -0.0712890625
4290 -0.025390625
4291 -0.009765625
4292 0.0361328125
4293 -0.0126953125
4294 0.021484375
4295 0.0302734375
4296 0.068359375
4297 0.0107421875
4298 -0.025390625
4299 -0.01953125
4300 0.017578125
4301 -0.060546875
4302 -0.0166015625
4303 -0.0048828125
4304 0.0390625
4305 -0.0537109375
4306 -0.0830078125
4307 -0.0693359375
4308 -0.0205078125
4309 -0.15234375
4310 -0.1259765625
4311 -0.1025390625
4312 -0.0439453125
4313 -0.1181640625
4314 -0.0947265625
4315 -0.080078125
4316 -0.0283203125
4317 -0.099609375
4318 -0.0830078125
4319 -0.0654296875
4320 -0.0166015625
4321 -0.123046875
4322 -0.10546875
4323 -0.0830078125
4324 -0.0283203125
4325 -0.0947265625
4326 -0.08203125
4327 -0.0625
4328 -0.0126953125
4329 -0.091796875
4330 -0.080078125
4331 -0.0654296875
4332 -0.0107421875
4333 -0.1240234375
4334 -0.103515625
4335 -0.0810546875
4336 -0.0224609375
4337 -0.0947265625
4338 -0.0390625
4339 -0.0185546875
4340 0.0322265625
4341 0.037109375
4342 0.0673828125
4343 0.0732421875
4344 0.10546875
4345 0.1171875
4346 0.1328125
4347 0.1318359375
4348 0.1513671875
4349 0.1533203125
4350 0.1611328125
4351 0.154296875
4352 0.1728515625
4353 0.15625
4354 0.1630859375
4355 0.15234375
4356 0.1689453125
4357 0.1611328125
4358 0.166015625
4359 0.154296875
4360 0.169921875
4361 0.130859375
4362 0.08984375
4363 0.076171875
4364 0.0927734375
4365 0.0439453125
4366 0.064453125
4367 0.0634765625
4368 0.091796875
4369 0.0361328125
4370 -0.001953125
4371 -0.0048828125
4372 0.0283203125
4373 -0.0380859375
4374 -0.0380859375
4375 -0.033203125
4376 0.0078125
4377 -0.0517578125
4378 -0.046875
4379 -0.0400390625
4380 0.0009765625
4381 -0.0703125
4382 -0.064453125
4383 -0.0556640625
4384 -0.009765625
4385 -0.0986328125
4386 -0.0869140625
4387 -0.0693359375
4388 -0.0224609375
4389 -0.0830078125
4390 -0.07421875
4391 -0.060546875
4392 -0.0146484375
4393 -0.0625
4394 -0.05078125
4395 -0.04296875
4396 -0.0009765625
4397 -0.0673828125
4398 -0.0556640625
4399 -0.0478515625
4400 -0.0029296875
4401 -0.1171875
4402 -0.1220703125
4403 -0.1005859375
4404 -0.04296875
4405 -0.1005859375
4406 -0.0869140625
4407 -0.0703125
4408 -0.01953125
4409 -0.0849609375
4410 -0.0712890625
4411 -0.0595703125
4412 -0.013671875
4413 -0.0576171875
4414 -0.0146484375
4415 0.0
4416 0.044921875
4417 -0.0068359375
4418 -0.0615234375
4419 -0.0458984375
4420 0.001953125
4421 -0.06640625
4422 -0.021484375
4423 -0.005859375
4424 0.0400390625
4425 -0.0078125
4426 0.025390625
4427 0.03515625
4428 0.0732421875
4429 0.013671875
4430 -0.0224609375
4431 -0.0166015625
4432 0.0224609375
4433 -0.056640625
4434 -0.01171875
4435 -0.001953125
4436 0.0439453125
4437 -0.0498046875
4438 -0.0771484375
4439 -0.0634765625
4440 -0.0166015625
4441 -0.1484375
4442 -0.12109375
4443 -0.0966796875
4444 -0.0390625
4445 -0.115234375
4446 -0.0908203125
4447 -0.076171875
4448 -0.0224609375
4449 -0.0966796875
4450 -0.0771484375
4451 -0.0634765625
4452 -0.01171875
4453 -0.1220703125
4454 -0.1025390625
4455 -0.0810546875
4456 -0.0244140625
4457 -0.091796875
4458 -0.0771484375
4459 -0.0595703125
4460 -0.0107421875
4461 -0.0859375
4462 -0.078125
4463 -0.0615234375
4464 -0.0068359375
4465 -0.123046875
4466 -0.1015625
4467 -0.078125
4468 -0.0205078125
4469 -0.091796875
4470 -0.03515625
4471 -0.017578125
4472 0.0361328125
4473 0.041015625
4474 0.0703125
4475 0.0751953125
4476 0.107421875
4477 0.1220703125
4478 0.13671875
4479 0.1337890625
4480 0.1552734375
4481 0.1572265625
4482 0.1640625
4483 0.158203125
4484 0.1767578125
4485 0.162109375
4486 0.1669921875
4487 0.154296875
4488 0.1728515625
4489 0.1640625
4490 0.1689453125
4491 0.1572265625
4492 0.1728515625
4493 0.134765625
4494 0.095703125
4495 0.080078125
4496 0.0986328125
4497 0.048828125
4498 0.0673828125
4499 0.0654296875
4500 0.0947265625
4501 0.0390625
4502 0.0
4503 -0.0048828125
4504 0.0302734375
4505 -0.03515625
4506 -0.0361328125
4507 -0.03125
4508 0.0087890625
4509 -0.046875
4510 -0.04296875
4511 -0.037109375
4512 0.00390625
4513 -0.068359375
4514 -0.060546875
4515 -0.0517578125
4516 -0.005859375
4517 -0.0966796875
4518 -0.08203125
4519 -0.068359375
4520 -0.021484375
4521 -0.080078125
4522 -0.0712890625
4523 -0.060546875
4524 -0.0126953125
4525 -0.0615234375
4526 -0.0498046875
4527 -0.041015625
4528 0.0
4529 -0.064453125
4530 -0.052734375
4531 -0.0439453125
4532 -0.0009765625
4533 -0.115234375
4534 -0.1181640625
4535 -0.0966796875
4536 -0.0400390625
4537 -0.09765625
4538 -0.083984375
4539 -0.0673828125
4540 -0.017578125
4541 -0.0830078125
4542 -0.06640625
4543 -0.05859375
4544 -0.009765625
4545 -0.0537109375
4546 -0.01171875
4547 0.001953125
4548 0.0458984375
4549 -0.00390625
4550 -0.060546875
4551 -0.04296875
4552 0.0009765625
4553 -0.064453125
4554 -0.0205078125
4555 -0.005859375
4556 0.0419921875
4557 -0.0087890625
4558 0.025390625
4559 0.03515625
4560 0.0751953125
4561 0.0146484375
4562 -0.021484375
4563 -0.0166015625
4564 0.0244140625
4565 -0.056640625
4566 -0.0107421875
4567 -0.0009765625
4568 0.0458984375
4569 -0.048828125
4570 -0.078125
4571 -0.0625
4572 -0.015625
4573 -0.146484375
4574 -0.1201171875
4575 -0.0947265625
4576 -0.0380859375
4577 -0.1123046875
4578 -0.08984375
4579 -0.0751953125
4580 -0.0224609375
4581 -0.0947265625
4582 -0.076171875
4583 -0.0625
4584 -0.009765625
4585 -0.1162109375
4586 -0.09765625
4587 -0.078125
4588 -0.0224609375
4589 -0.0908203125
4590 -0.07421875
4591 -0.056640625
4592 -0.0068359375
4593 -0.083984375
4594 -0.072265625
4595 -0.0576171875
4596 -0.0048828125
4597 -0.1181640625
4598 -0.099609375
4599 -0.076171875
4600 -0.0185546875
4601 -0.087890625
4602 -0.03515625
4603 -0.0146484375
4604 0.037109375
4605 0.041015625
4606 0.072265625
4607 0.0771484375
4608 0.1103515625
4609 0.1220703125
4610 0.138671875
4611 0.134765625
4612 0.1572265625
4613 0.158203125
4614 0.166015625
4615 0.16015625
4616 0.1767578125
4617 0.1611328125
4618 0.1669921875
4619 0.15625
4620 0.171875
4621 0.166015625
4622 0.1708984375
4623 0.16015625
4624 0.1748046875
4625 0.1357421875
4626 0.0966796875
4627 0.0810546875
4628 0.099609375
4629 0.0498046875
4630 0.0693359375
4631 0.0673828125
4632 0.0966796875
4633 0.0400390625
4634 0.00390625
4635 -0.001953125
4636 0.0322265625
4637 -0.033203125
4638 -0.0341796875
4639 -0.029296875
4640 0.0107421875
4641 -0.0458984375
4642 -0.0439453125
4643 -0.0361328125
4644 0.0029296875
4645 -0.06640625
4646 -0.0615234375
4647 -0.052734375
4648 -0.0078125
4649 -0.0966796875
4650 -0.080078125
4651 -0.068359375
4652 -0.01953125
4653 -0.0791015625
4654 -0.0673828125
4655 -0.05859375
4656 -0.0107421875
4657 -0.0576171875
4658 -0.0498046875
4659 -0.0390625
4660 0.0
4661 -0.0634765625
4662 -0.0537109375
4663 -0.0439453125
4664 -0.0009765625
4665 -0.11328125
4666 -0.1201171875
4667 -0.0947265625
4668 -0.041015625
4669 -0.09765625
4670 -0.083984375
4671 -0.06640625
4672 -0.0166015625
4673 -0.0830078125
4674 -0.0673828125
4675 -0.0556640625
4676 -0.0078125
4677 -0.0556640625
4678 -0.0107421875
4679 0.0048828125
4680 0.0478515625
4681 -0.001953125
4682 -0.0595703125
4683 -0.0419921875
4684 0.0029296875
4685 -0.064453125
4686 -0.0185546875
4687 -0.0029296875
4688 0.0419921875
4689 -0.0048828125
4690 0.02734375
4691 0.0390625
4692 0.0751953125
4693 0.017578125
4694 -0.01953125
4695 -0.015625
4696 0.0244140625
4697 -0.0537109375
4698 -0.009765625
4699 0.0009765625
4700 0.0458984375
4701 -0.0458984375
4702 -0.0751953125
4703 -0.0615234375
4704 -0.0126953125
4705 -0.146484375
4706 -0.1201171875
4707 -0.0927734375
4708 -0.037109375
4709 -0.1103515625
4710 -0.0888671875
4711 -0.0703125
4712 -0.0224609375
4713 -0.09375
4714 -0.078125
4715 -0.0615234375
4716 -0.009765625
4717 -0.1162109375
4718 -0.09765625
4719 -0.078125
4720 -0.021484375
4721 -0.08984375
4722 -0.07421875
4723 -0.056640625
4724 -0.0068359375
4725 -0.083984375
4726 -0.0712890625
4727 -0.056640625
4728 -0.0048828125
4729 -0.1181640625
4730 -0.0986328125
4731 -0.0751953125
4732 -0.01953125
4733 -0.087890625
4734 -0.0341796875
4735 -0.013671875
4736 0.03515625
4737 0.04296875
4738 0.0732421875
4739 0.0771484375
4740 0.1103515625
4741 0.1201171875
4742 0.1376953125
4743 0.1357421875
4744 0.1572265625
4745 0.1591796875
4746 0.166015625
4747 0.1611328125
4748 0.177734375
4749 0.1611328125
4750 0.1669921875
4751 0.15625
4752 0.1728515625
4753 0.166015625
4754 0.1708984375
4755 0.1591796875
4756 0.17578125
4757 0.1376953125
4758 0.095703125
4759 0.08203125
4760 0.1005859375
4761 0.048828125
4762 0.0693359375
4763 0.0654296875
4764 0.0966796875
4765 0.0400390625
4766 0.0029296875
4767 -0.0009765625
4768 0.033203125
4769 -0.0341796875
4770 -0.03125
4771 -0.029296875
4772 0.01171875
4773 -0.044921875
4774 -0.0419921875
4775 -0.03515625
4776 0.0048828125
4777 -0.064453125
4778 -0.0595703125
4779 -0.0498046875
4780 -0.0048828125
4781 -0.091796875
4782 -0.08203125
4783 -0.0673828125
4784 -0.01953125
4785 -0.0791015625
4786 -0.0693359375
4787 -0.05859375
4788 -0.009765625
4789 -0.05859375
4790 -0.046875
4791 -0.0390625
4792 0.0029296875
4793 -0.0625
4794 -0.0517578125
4795 -0.0419921875
4796 0.0
4797 -0.1123046875
4798 -0.1181640625
4799 -0.095703125
4800 -0.0390625
4801 -0.095703125
4802 -0.0830078125
4803 -0.0654296875
4804 -0.0146484375
4805 -0.0810546875
4806 -0.06640625
4807 -0.0556640625
4808 -0.0087890625
4809 -0.0546875
4810 -0.0107421875
4811 0.0029296875
4812 0.0478515625
4813 -0.0029296875
4814 -0.05859375
4815 -0.041015625
4816 0.005859375
4817 -0.0625
4818 -0.017578125
4819 -0.001953125
4820 0.04296875
4821 -0.005859375
4822 0.02734375
4823 0.0380859375
4824 0.076171875
4825 0.017578125
4826 -0.017578125
4827 -0.0146484375
4828 0.0263671875
4829 -0.0537109375
4830 -0.009765625
4831 0.0009765625
4832 0.046875
4833 -0.0478515625
4834 -0.0751953125
4835 -0.0625
4836 -0.01171875
4837 -0.1474609375
4838 -0.1181640625
4839 -0.095703125
4840 -0.037109375
4841 -0.1123046875
4842 -0.0908203125
4843 -0.0732421875
4844 -0.021484375
4845 -0.09375
4846 -0.076171875
4847 -0.0595703125
4848 -0.0087890625
4849 -0.1142578125
4850 -0.0986328125
4851 -0.07421875
4852 -0.0205078125
4853 -0.0888671875
4854 -0.072265625
4855 -0.056640625
4856 -0.0048828125
4857 -0.0849609375
4858 -0.072265625
4859 -0.0576171875
4860 -0.00390625
4861 -0.1181640625
4862 -0.0966796875
4863 -0.07421875
4864 -0.0185546875
4865 -0.0869140625
4866 -0.03515625
4867 -0.013671875
4868 0.0380859375
4869 0.0439453125
4870 0.072265625
4871 0.0791015625
4872 0.111328125
4873 0.125
4874 0.138671875
4875 0.1357421875
4876 0.16015625
4877 0.158203125
4878 0.16796875
4879 0.1611328125
4880 0.1787109375
4881 0.162109375
4882 0.1689453125
4883 0.1591796875
4884 0.1748046875
4885 0.166015625
4886 0.1708984375
4887 0.1611328125
4888 0.1767578125
4889 0.1396484375
4890 0.0966796875
4891 0.08203125
4892 0.1005859375
4893 0.0498046875
4894 0.072265625
4895 0.0693359375
4896 0.095703125
4897 0.0419921875
4898 0.0029296875
4899 0.0009765625
4900 0.033203125
4901 -0.033203125
4902 -0.0322265625
4903 -0.0302734375
4904 0.01171875
4905 -0.046875
4906 -0.041015625
4907 -0.03515625
4908 0.0048828125
4909 -0.0654296875
4910 -0.0595703125
4911 -0.0478515625
4912 -0.005859375
4913 -0.0927734375
4914 -0.0810546875
4915 -0.0654296875
4916 -0.0185546875
4917 -0.076171875
4918 -0.068359375
4919 -0.0556640625
4920 -0.009765625
4921 -0.056640625
4922 -0.0458984375
4923 -0.0400390625
4924 0.0029296875
4925 -0.0625
4926 -0.0498046875
4927 -0.041015625
4928 0.0009765625
4929 -0.1123046875
4930 -0.1171875
4931 -0.095703125
4932 -0.0380859375
4933 -0.0966796875
4934 -0.0830078125
4935 -0.06640625
4936 -0.015625
4937 -0.08203125
4938 -0.068359375
4939 -0.0556640625
4940 -0.0087890625
4941 -0.0546875
4942 -0.009765625
4943 0.0048828125
4944 0.0478515625
4945 -0.0009765625
4946 -0.0576171875
4947 -0.0419921875
4948 0.005859375
4949 -0.0625
4950 -0.0166015625
4951 -0.0009765625
4952 0.044921875
4953 -0.005859375
4954 0.029296875
4955 0.037109375
4956 0.0771484375
4957 0.017578125
4958 -0.0205078125
4959 -0.013671875
4960 0.025390625
4961 -0.0556640625
4962 -0.01171875
4963 0.0
4964 0.046875
4965 -0.0478515625
4966 -0.076171875
4967 -0.0625
4968 -0.0126953125
4969 -0.146484375
4970 -0.119140625
4971 -0.095703125
4972 -0.0361328125
4973 -0.111328125
4974 -0.0888671875
4975 -0.0732421875
4976 -0.0185546875
4977 -0.0927734375
4978 -0.076171875
4979 -0.0615234375
4980 -0.009765625
4981 -0.1171875
4982 -0.09765625
4983 -0.0771484375
4984 -0.021484375
4985 -0.08984375
4986 -0.072265625
4987 -0.0556640625
4988 -0.0048828125
4989 -0.0849609375
4990 -0.0712890625
4991 -0.0576171875
4992 -0.0029296875
4993 -0.1220703125
4994 -0.0986328125
4995 -0.0771484375
4996 -0.0185546875
4997 -0.0869140625
4998 -0.0322265625
4999 -0.0146484375
