x y
0 0.02734375
1 -0.0927734375
2 -0.0693359375
3 -0.0166015625
4 -0.021484375
5 -0.4228515625
6 -0.076171875
7 -0.001953125
8 -0.0341796875
9 -0.15625
10 -0.0625
11 0.0107421875
12 -0.0263671875
13 -0.1376953125
14 -0.0078125
15 0.072265625
16 0.029296875
17 -0.0810546875
18 -0.0625
19 0.0205078125
20 -0.0166015625
21 -0.1474609375
22 -0.0166015625
23 0.0654296875
24 0.0244140625
25 -0.107421875
26 -0.0615234375
27 0.0126953125
28 -0.0205078125
29 -0.1396484375
30 -0.046875
31 0.025390625
32 -0.0107421875
33 -0.119140625
34 -0.029296875
35 0.0400390625
36 -0.0009765625
37 -0.1259765625
38 0.0
39 0.0771484375
40 0.03515625
41 -0.0556640625
42 0.0595703125
43 0.1298828125
44 0.076171875
45 0.009765625
46 0.119140625
47 0.1796875
48 0.1162109375
49 0.017578125
50 0.0673828125
51 0.12109375
52 0.05859375
53 -0.07421875
54 0.0419921875
55 0.107421875
56 0.0576171875
57 -0.080078125
58 -0.0390625
59 0.029296875
60 -0.009765625
61 -0.126953125
62 -0.0400390625
63 0.0302734375
64 -0.0087890625
65 -0.123046875
66 -0.0380859375
67 0.0283203125
68 -0.0078125
69 -0.154296875
70 -0.0244140625
71 0.0517578125
72 0.01953125
73 -0.0400390625
74 0.07421875
75 0.138671875
76 0.0859375
77 -0.009765625
78 0.0400390625
79 0.0947265625
80 0.0400390625
81 -0.0908203125
82 0.0244140625
83 0.0908203125
84 0.046875
85 -0.091796875
86 -0.0517578125
87 0.01953125
88 -0.0166015625
89 -0.1318359375
90 -0.044921875
91 0.0224609375
92 -0.0126953125
93 -0.1279296875
94 -0.0400390625
95 0.0244140625
96 -0.009765625
97 -0.15625
98 -0.0244140625
99 0.05078125
100 0.0166015625
101 -0.0390625
102 0.0732421875
103 0.138671875
104 0.0849609375
105 -0.0107421875
106 0.0390625
107 0.0927734375
108 0.0380859375
109 -0.0908203125
110 0.025390625
111 0.091796875
112 0.048828125
113 -0.0927734375
114 -0.05078125
115 0.0166015625
116 -0.015625
117 -0.1337890625
118 -0.044921875
119 0.025390625
120 -0.01171875
121 -0.1279296875
122 -0.0419921875
123 0.0244140625
124 -0.0107421875
125 -0.15625
126 -0.02734375
127 0.048828125
128 0.015625
129 -0.041015625
130 0.0712890625
131 0.1357421875
132 0.083984375
133 -0.01171875
134 0.037109375
135 0.09375
136 0.037109375
137 -0.095703125
138 0.0224609375
139 0.0869140625
140 0.0458984375
141 -0.0927734375
142 -0.052734375
143 0.015625
144 -0.017578125
145 -0.1337890625
146 -0.0458984375
147 0.021484375
148 -0.0126953125
149 -0.1279296875
150 -0.04296875
151 0.025390625
152 -0.0126953125
153 -0.15234375
154 -0.0263671875
155 0.046875
156 0.0166015625
157 -0.0341796875
158 0.0703125
159 0.1328125
160 0.0849609375
161 -0.0087890625
162 0.037109375
163 0.0869140625
164 0.0400390625
165 -0.0888671875
166 0.0244140625
167 0.0869140625
168 0.048828125
169 -0.0908203125
170 -0.052734375
171 0.01171875
172 -0.0166015625
173 -0.12890625
174 -0.048828125
175 0.0185546875
176 -0.0126953125
177 -0.1259765625
178 -0.0439453125
179 0.021484375
180 -0.01171875
181 -0.1533203125
182 -0.02734375
183 0.044921875
184 0.0166015625
185 -0.0380859375
186 0.0703125
187 0.1318359375
188 0.083984375
189 -0.0107421875
190 0.0380859375
191 0.0888671875
192 0.0390625
193 -0.0888671875
194 0.021484375
195 0.0849609375
196 0.046875
197 -0.08984375
198 -0.0537109375
199 0.01171875
200 -0.015625
201 -0.12890625
202 -0.0478515625
203 0.0166015625
204 -0.0107421875
205 -0.126953125
206 -0.0439453125
207 0.0205078125
208 -0.0107421875
209 -0.15234375
210 -0.0263671875
211 0.0439453125
212 0.0166015625
213 -0.0380859375
214 0.0712890625
215 0.1318359375
216 0.08203125
217 -0.0087890625
218 0.037109375
219 0.0888671875
220 0.0380859375
221 -0.0908203125
222 0.0234375
223 0.0888671875
224 0.046875
225 -0.091796875
226 -0.052734375
227 0.01171875
228 -0.0185546875
229 -0.1328125
230 -0.046875
231 0.0185546875
232 -0.0146484375
233 -0.126953125
234 -0.044921875
235 0.01953125
236 -0.013671875
237 -0.154296875
238 -0.029296875
239 0.0439453125
240 0.0146484375
241 -0.0390625
242 0.0703125
243 0.130859375
244 0.083984375
245 -0.0087890625
246 0.03515625
247 0.08984375
248 0.0400390625
249 -0.0927734375
250 0.0205078125
251 0.0849609375
252 0.0458984375
253 -0.0927734375
254 -0.052734375
255 0.013671875
256 -0.0166015625
257 -0.1318359375
258 -0.046875
259 0.0185546875
260 -0.0126953125
261 -0.126953125
262 -0.0439453125
263 0.0224609375
264 -0.0126953125
265 -0.15234375
266 -0.0263671875
267 0.0478515625
268 0.0166015625
269 -0.0380859375
270 0.0712890625
271 0.134765625
272 0.083984375
273 -0.0107421875
274 0.037109375
275 0.08984375
276 0.0400390625
277 -0.091796875
278 0.0224609375
279 0.0859375
280 0.0458984375
281 -0.08984375
282 -0.0498046875
283 0.0146484375
284 -0.0166015625
285 -0.130859375
286 -0.0478515625
287 0.0205078125
288 -0.0146484375
289 -0.126953125
290 -0.0439453125
291 0.0224609375
292 -0.01171875
293 -0.154296875
294 -0.0283203125
295 0.0458984375
296 0.0166015625
297 -0.041015625
298 0.0712890625
299 0.1337890625
300 0.0830078125
301 -0.013671875
302 0.037109375
303 0.08984375
304 0.0380859375
305 -0.09375
306 0.021484375
307 0.087890625
308 0.046875
309 -0.0908203125
310 -0.052734375
311 0.0166015625
312 -0.0166015625
313 -0.1318359375
314 -0.0478515625
315 0.021484375
316 -0.013671875
317 -0.1279296875
318 -0.04296875
319 0.0244140625
320 -0.0107421875
321 -0.1552734375
322 -0.0283203125
323 0.0458984375
324 0.0146484375
325 -0.041015625
326 0.0703125
327 0.1328125
328 0.0830078125
329 -0.0126953125
330 0.0361328125
331 0.0888671875
332 0.037109375
333 -0.0927734375
334 0.021484375
335 0.087890625
336 0.046875
337 -0.0908203125
338 -0.0517578125
339 0.0146484375
340 -0.0166015625
341 -0.1318359375
342 -0.0478515625
343 0.021484375
344 -0.0126953125
345 -0.12890625
346 -0.04296875
347 0.021484375
348 -0.01171875
349 -0.1591796875
350 -0.0283203125
351 0.0458984375
352 0.015625
353 -0.041015625
354 0.0693359375
355 0.1328125
356 0.08203125
357 -0.0126953125
358 0.0361328125
359 0.0908203125
360 0.0361328125
361 -0.09375
362 0.01953125
363 0.0859375
364 0.044921875
365 -0.0927734375
366 -0.052734375
367 0.01171875
368 -0.0166015625
369 -0.1337890625
370 -0.048828125
371 0.0166015625
372 -0.013671875
373 -0.12890625
374 -0.0439453125
375 0.0185546875
376 -0.0126953125
377 -0.154296875
378 -0.0283203125
379 0.046875
380 0.0166015625
381 -0.0400390625
382 0.0712890625
383 0.134765625
384 0.083984375
385 -0.0087890625
386 0.037109375
387 0.0888671875
388 0.0380859375
389 -0.0947265625
390 0.021484375
391 0.0888671875
392 0.046875
393 -0.091796875
394 -0.0517578125
395 0.0166015625
396 -0.0166015625
397 -0.1328125
398 -0.0478515625
399 0.0224609375
400 -0.0146484375
401 -0.1279296875
402 -0.0439453125
403 0.0234375
404 -0.01171875
405 -0.1552734375
406 -0.0283203125
407 0.0498046875
408 0.0166015625
409 -0.041015625
410 0.0712890625
411 0.134765625
412 0.0830078125
413 -0.0107421875
414 0.0380859375
415 0.0908203125
416 0.0390625
417 -0.0947265625
418 0.0224609375
419 0.0869140625
420 0.044921875
421 -0.0947265625
422 -0.0556640625
423 0.0146484375
424 -0.0185546875
425 -0.134765625
426 -0.048828125
427 0.0205078125
428 -0.0146484375
429 -0.1298828125
430 -0.04296875
431 0.0224609375
432 -0.0126953125
433 -0.1572265625
434 -0.0283203125
435 0.0458984375
436 0.015625
437 -0.0419921875
438 0.072265625
439 0.1357421875
440 0.0830078125
441 -0.009765625
442 0.037109375
443 0.08984375
444 0.0380859375
445 -0.0927734375
446 0.0205078125
447 0.0869140625
448 0.0458984375
449 -0.091796875
450 -0.0537109375
451 0.0146484375
452 -0.0166015625
453 -0.130859375
454 -0.048828125
455 0.0185546875
456 -0.01171875
457 -0.1279296875
458 -0.0439453125
459 0.01953125
460 -0.01171875
461 -0.1552734375
462 -0.0283203125
463 0.0439453125
464 0.0166015625
465 -0.0400390625
466 0.0703125
467 0.1298828125
468 0.0830078125
469 -0.01171875
470 0.03515625
471 0.087890625
472 0.037109375
473 -0.0947265625
474 0.01953125
475 0.083984375
476 0.044921875
477 -0.0927734375
478 -0.0546875
479 0.01171875
480 -0.017578125
481 -0.1337890625
482 -0.048828125
483 0.01953125
484 -0.01171875
485 -0.1298828125
486 -0.0419921875
487 0.0244140625
488 -0.0107421875
489 -0.15234375
490 -0.0283203125
491 0.048828125
492 0.0146484375
493 -0.0390625
494 0.0712890625
495 0.1357421875
496 0.083984375
497 -0.0107421875
498 0.0361328125
499 0.0908203125
500 0.0380859375
501 -0.0908203125
502 0.0244140625
503 0.0888671875
504 0.046875
505 -0.08984375
506 -0.0498046875
507 0.015625
508 -0.0166015625
509 -0.1318359375
510 -0.044921875
511 0.021484375
512 -0.013671875
513 -0.12890625
514 -0.0439453125
515 0.021484375
516 -0.0126953125
517 -0.154296875
518 -0.029296875
519 0.046875
520 0.0146484375
521 -0.0400390625
522 0.0703125
523 0.1337890625
524 0.0830078125
525 -0.0126953125
526 0.037109375
527 0.0908203125
528 0.0380859375
529 -0.0927734375
530 0.0234375
531 0.0888671875
532 0.046875
533 -0.0908203125
534 -0.0498046875
535 0.0166015625
536 -0.0166015625
537 -0.1337890625
538 -0.046875
539 0.0234375
540 -0.015625
541 -0.12890625
542 -0.04296875
543 0.0244140625
544 -0.01171875
545 -0.154296875
546 -0.02734375
547 0.0478515625
548 0.0146484375
549 -0.0419921875
550 0.0712890625
551 0.134765625
552 0.083984375
553 -0.0126953125
554 0.0380859375
555 0.08984375
556 0.0380859375
557 -0.09375
558 0.0244140625
559 0.08984375
560 0.0458984375
561 -0.0927734375
562 -0.0517578125
563 0.0166015625
564 -0.0166015625
565 -0.1328125
566 -0.046875
567 0.021484375
568 -0.0146484375
569 -0.1279296875
570 -0.04296875
571 0.0205078125
572 -0.013671875
573 -0.158203125
574 -0.0283203125
575 0.0458984375
576 0.0146484375
577 -0.0419921875
578 0.0703125
579 0.1318359375
580 0.0830078125
581 -0.0107421875
582 0.037109375
583 0.0908203125
584 0.0390625
585 -0.0927734375
586 0.021484375
587 0.0849609375
588 0.044921875
589 -0.091796875
590 -0.052734375
591 0.013671875
592 -0.0185546875
593 -0.1328125
594 -0.0478515625
595 0.0185546875
596 -0.013671875
597 -0.1279296875
598 -0.0419921875
599 0.021484375
600 -0.01171875
601 -0.154296875
602 -0.0263671875
603 0.0478515625
604 0.0166015625
605 -0.0400390625
606 0.0712890625
607 0.134765625
608 0.0830078125
609 -0.01171875
610 0.0361328125
611 0.091796875
612 0.037109375
613 -0.0927734375
614 0.0224609375
615 0.08984375
616 0.044921875
617 -0.0927734375
618 -0.052734375
619 0.015625
620 -0.0166015625
621 -0.1328125
622 -0.046875
623 0.021484375
624 -0.013671875
625 -0.130859375
626 -0.04296875
627 0.0234375
628 -0.0146484375
629 -0.1572265625
630 -0.02734375
631 0.05078125
632 0.013671875
633 -0.044921875
634 0.0712890625
635 0.138671875
636 0.0810546875
637 -0.013671875
638 0.0380859375
639 0.0947265625
640 0.0390625
641 -0.0966796875
642 0.0234375
643 0.0908203125
644 0.0458984375
645 -0.0947265625
646 -0.0517578125
647 0.0185546875
648 -0.017578125
649 -0.134765625
650 -0.046875
651 0.0234375
652 -0.0146484375
653 -0.1318359375
654 -0.0439453125
655 0.0263671875
656 -0.0126953125
657 -0.158203125
658 -0.0283203125
659 0.0498046875
660 0.013671875
661 -0.0439453125
662 0.0712890625
663 0.1376953125
664 0.0810546875
665 -0.0146484375
666 0.0380859375
667 0.091796875
668 0.037109375
669 -0.0966796875
670 0.021484375
671 0.091796875
672 0.0458984375
673 -0.0947265625
674 -0.052734375
675 0.0166015625
676 -0.017578125
677 -0.1376953125
678 -0.0458984375
679 0.0244140625
680 -0.0146484375
681 -0.1318359375
682 -0.0439453125
683 0.02734375
684 -0.013671875
685 -0.16015625
686 -0.0283203125
687 0.048828125
688 0.013671875
689 -0.0458984375
690 0.0712890625
691 0.13671875
692 0.0830078125
693 -0.0146484375
694 0.0390625
695 0.0947265625
696 0.037109375
697 -0.099609375
698 0.0224609375
699 0.0927734375
700 0.0439453125
701 -0.09375
702 -0.0517578125
703 0.0205078125
704 -0.0185546875
705 -0.1357421875
706 -0.046875
707 0.025390625
708 -0.0146484375
709 -0.130859375
710 -0.0439453125
711 0.025390625
712 -0.0126953125
713 -0.1591796875
714 -0.0263671875
715 0.052734375
716 0.015625
717 -0.0439453125
718 0.072265625
719 0.138671875
720 0.083984375
721 -0.013671875
722 0.037109375
723 0.095703125
724 0.037109375
725 -0.0966796875
726 0.0244140625
727 0.091796875
728 0.0458984375
729 -0.0908203125
730 -0.048828125
731 0.0205078125
732 -0.0166015625
733 -0.1337890625
734 -0.044921875
735 0.0244140625
736 -0.0126953125
737 -0.12890625
738 -0.04296875
739 0.025390625
740 -0.01171875
741 -0.158203125
742 -0.0263671875
743 0.048828125
744 0.0146484375
745 -0.0419921875
746 0.072265625
747 0.13671875
748 0.08203125
749 -0.01171875
750 0.037109375
751 0.09375
752 0.0380859375
753 -0.095703125
754 0.021484375
755 0.0888671875
756 0.044921875
757 -0.091796875
758 -0.0517578125
759 0.017578125
760 -0.017578125
761 -0.1337890625
762 -0.048828125
763 0.0205078125
764 -0.013671875
765 -0.12890625
766 -0.04296875
767 0.0234375
768 -0.01171875
769 -0.1552734375
770 -0.0283203125
771 0.048828125
772 0.0146484375
773 -0.0400390625
774 0.0703125
775 0.1357421875
776 0.0830078125
777 -0.0107421875
778 0.0380859375
779 0.0908203125
780 0.037109375
781 -0.09375
782 0.0234375
783 0.087890625
784 0.046875
785 -0.091796875
786 -0.05078125
787 0.0166015625
788 -0.015625
789 -0.1318359375
790 -0.0458984375
791 0.0234375
792 -0.0126953125
793 -0.1279296875
794 -0.04296875
795 0.0234375
796 -0.0126953125
797 -0.1552734375
798 -0.0283203125
799 0.046875
800 0.0146484375
801 -0.041015625
802 0.0703125
803 0.1337890625
804 0.0830078125
805 -0.0146484375
806 0.03515625
807 0.08984375
808 0.037109375
809 -0.0947265625
810 0.0205078125
811 0.0869140625
812 0.044921875
813 -0.09375
814 -0.0537109375
815 0.0146484375
816 -0.0185546875
817 -0.1337890625
818 -0.0478515625
819 0.021484375
820 -0.015625
821 -0.12890625
822 -0.0439453125
823 0.0263671875
824 -0.01171875
825 -0.1572265625
826 -0.0263671875
827 0.048828125
828 0.015625
829 -0.04296875
830 0.0712890625
831 0.1396484375
832 0.083984375
833 -0.013671875
834 0.0390625
835 0.09375
836 0.0380859375
837 -0.095703125
838 0.021484375
839 0.0947265625
840 0.044921875
841 -0.091796875
842 -0.0498046875
843 0.0205078125
844 -0.017578125
845 -0.1337890625
846 -0.0478515625
847 0.0234375
848 -0.013671875
849 -0.130859375
850 -0.04296875
851 0.0244140625
852 -0.01171875
853 -0.1572265625
854 -0.02734375
855 0.0498046875
856 0.015625
857 -0.04296875
858 0.0703125
859 0.1357421875
860 0.0830078125
861 -0.01171875
862 0.0361328125
863 0.0927734375
864 0.0380859375
865 -0.0947265625
866 0.0224609375
867 0.08984375
868 0.044921875
869 -0.09375
870 -0.052734375
871 0.017578125
872 -0.017578125
873 -0.1357421875
874 -0.046875
875 0.021484375
876 -0.0126953125
877 -0.1298828125
878 -0.0419921875
879 0.025390625
880 -0.01171875
881 -0.1591796875
882 -0.029296875
883 0.0498046875
884 0.0146484375
885 -0.041015625
886 0.0703125
887 0.13671875
888 0.0810546875
889 -0.0107421875
890 0.0361328125
891 0.0927734375
892 0.0380859375
893 -0.0947265625
894 0.0224609375
895 0.0888671875
896 0.0458984375
897 -0.0947265625
898 -0.0517578125
899 0.0166015625
900 -0.017578125
901 -0.134765625
902 -0.048828125
903 0.021484375
904 -0.015625
905 -0.12890625
906 -0.044921875
907 0.021484375
908 -0.0126953125
909 -0.1572265625
910 -0.029296875
911 0.0478515625
912 0.0146484375
913 -0.0419921875
914 0.0703125
915 0.1357421875
916 0.08203125
917 -0.0126953125
918 0.037109375
919 0.0908203125
920 0.0400390625
921 -0.09375
922 0.0205078125
923 0.0849609375
924 0.0439453125
925 -0.09375
926 -0.0537109375
927 0.0126953125
928 -0.0185546875
929 -0.1337890625
930 -0.0478515625
931 0.01953125
932 -0.013671875
933 -0.126953125
934 -0.0439453125
935 0.0224609375
936 -0.01171875
937 -0.154296875
938 -0.029296875
939 0.0478515625
940 0.015625
941 -0.0400390625
942 0.072265625
943 0.134765625
944 0.083984375
945 -0.01171875
946 0.0380859375
947 0.0927734375
948 0.0390625
949 -0.0927734375
950 0.0234375
951 0.0908203125
952 0.0458984375
953 -0.09375
954 -0.052734375
955 0.017578125
956 -0.0185546875
957 -0.1318359375
958 -0.048828125
959 0.0234375
960 -0.013671875
961 -0.12890625
962 -0.04296875
963 0.0244140625
964 -0.01171875
965 -0.1591796875
966 -0.02734375
967 0.048828125
968 0.015625
969 -0.041015625
970 0.0712890625
971 0.1357421875
972 0.0830078125
973 -0.0107421875
974 0.037109375
975 0.091796875
976 0.037109375
977 -0.0947265625
978 0.0234375
979 0.08984375
980 0.0458984375
981 -0.091796875
982 -0.052734375
983 0.017578125
984 -0.0185546875
985 -0.1337890625
986 -0.0478515625
987 0.0205078125
988 -0.0126953125
989 -0.126953125
990 -0.0439453125
991 0.0224609375
992 -0.01171875
993 -0.158203125
994 -0.02734375
995 0.046875
996 0.013671875
997 -0.0419921875
998 0.0703125
999 0.134765625
1000 0.0830078125
1001 -0.01171875
1002 0.037109375
1003 0.091796875
1004 0.0390625
1005 -0.0927734375
1006 0.0224609375
1007 0.08984375
1008 0.0458984375
1009 -0.095703125
1010 -0.052734375
1011 0.0146484375
1012 -0.01953125
1013 -0.134765625
1014 -0.0478515625
1015 0.0224609375
1016 -0.0126953125
1017 -0.130859375
1018 -0.04296875
1019 0.0244140625
1020 -0.0146484375
1021 -0.158203125
1022 -0.029296875
1023 0.046875
1024 0.0146484375
1025 -0.041015625
1026 0.0703125
1027 0.134765625
1028 0.0830078125
1029 -0.0126953125
1030 0.0380859375
1031 0.0927734375
1032 0.0380859375
1033 -0.095703125
1034 0.0224609375
1035 0.08984375
1036 0.046875
1037 -0.095703125
1038 -0.0537109375
1039 0.015625
1040 -0.017578125
1041 -0.1357421875
1042 -0.046875
1043 0.0224609375
1044 -0.0146484375
1045 -0.1298828125
1046 -0.0439453125
1047 0.0244140625
1048 -0.013671875
1049 -0.1552734375
1050 -0.0283203125
1051 0.0478515625
1052 0.0166015625
1053 -0.0419921875
1054 0.0712890625
1055 0.1357421875
1056 0.0830078125
1057 -0.0126953125
1058 0.0380859375
1059 0.091796875
1060 0.0400390625
1061 -0.09375
1062 0.0244140625
1063 0.08984375
1064 0.0458984375
1065 -0.09375
1066 -0.052734375
1067 0.0166015625
1068 -0.0185546875
1069 -0.1328125
1070 -0.0478515625
1071 0.0234375
1072 -0.0146484375
1073 -0.1298828125
1074 -0.0439453125
1075 0.0244140625
1076 -0.013671875
1077 -0.1591796875
1078 -0.02734375
1079 0.0498046875
1080 0.0146484375
1081 -0.044921875
1082 0.0732421875
1083 0.138671875
1084 0.0830078125
1085 -0.0146484375
1086 0.0380859375
1087 0.09375
1088 0.0361328125
1089 -0.09765625
1090 0.021484375
1091 0.08984375
1092 0.044921875
1093 -0.0966796875
1094 -0.0556640625
1095 0.017578125
1096 -0.0205078125
1097 -0.1357421875
1098 -0.048828125
1099 0.021484375
1100 -0.0146484375
1101 -0.1328125
1102 -0.04296875
1103 0.0244140625
1104 -0.013671875
1105 -0.1591796875
1106 -0.02734375
1107 0.048828125
1108 0.013671875
1109 -0.0439453125
1110 0.072265625
1111 0.138671875
1112 0.08203125
1113 -0.0126953125
1114 0.037109375
1115 0.091796875
1116 0.037109375
1117 -0.09375
1118 0.0224609375
1119 0.0888671875
1120 0.0458984375
1121 -0.095703125
1122 -0.0537109375
1123 0.013671875
1124 -0.0185546875
1125 -0.1357421875
1126 -0.046875
1127 0.0234375
1128 -0.0126953125
1129 -0.130859375
1130 -0.04296875
1131 0.0244140625
1132 -0.01171875
1133 -0.1591796875
1134 -0.029296875
1135 0.048828125
1136 0.015625
1137 -0.0439453125
1138 0.0693359375
1139 0.1357421875
1140 0.0830078125
1141 -0.0146484375
1142 0.037109375
1143 0.091796875
1144 0.037109375
1145 -0.0966796875
1146 0.0205078125
1147 0.087890625
1148 0.044921875
1149 -0.095703125
1150 -0.052734375
1151 0.0146484375
1152 -0.017578125
1153 -0.1337890625
1154 -0.046875
1155 0.021484375
1156 -0.013671875
1157 -0.126953125
1158 -0.0439453125
1159 0.021484375
1160 -0.01171875
1161 -0.154296875
1162 -0.0283203125
1163 0.0458984375
1164 0.0166015625
1165 -0.0390625
1166 0.0712890625
1167 0.1337890625
1168 0.083984375
1169 -0.0087890625
1170 0.037109375
1171 0.0888671875
1172 0.0400390625
1173 -0.0908203125
1174 0.0234375
1175 0.0869140625
1176 0.0458984375
1177 -0.0908203125
1178 -0.0517578125
1179 0.0126953125
1180 -0.015625
1181 -0.1298828125
1182 -0.0478515625
1183 0.0185546875
1184 -0.01171875
1185 -0.1259765625
1186 -0.0439453125
1187 0.021484375
1188 -0.0107421875
1189 -0.1552734375
1190 -0.0302734375
1191 0.0439453125
1192 0.015625
1193 -0.0390625
1194 0.0703125
1195 0.1318359375
1196 0.083984375
1197 -0.01171875
1198 0.0390625
1199 0.087890625
1200 0.0400390625
1201 -0.091796875
1202 0.0205078125
1203 0.0869140625
1204 0.046875
1205 -0.091796875
1206 -0.0537109375
1207 0.0146484375
1208 -0.0166015625
1209 -0.1318359375
1210 -0.0478515625
1211 0.021484375
1212 -0.013671875
1213 -0.12890625
1214 -0.041015625
1215 0.0244140625
1216 -0.0107421875
1217 -0.1591796875
1218 -0.02734375
1219 0.0478515625
1220 0.013671875
1221 -0.041015625
1222 0.0703125
1223 0.13671875
1224 0.0830078125
1225 -0.009765625
1226 0.037109375
1227 0.091796875
1228 0.0390625
1229 -0.09375
1230 0.0234375
1231 0.091796875
1232 0.0458984375
1233 -0.0927734375
1234 -0.0517578125
1235 0.0166015625
1236 -0.0185546875
1237 -0.134765625
1238 -0.046875
1239 0.021484375
1240 -0.0126953125
1241 -0.1298828125
1242 -0.04296875
1243 0.0224609375
1244 -0.01171875
1245 -0.1591796875
1246 -0.0302734375
1247 0.046875
1248 0.013671875
1249 -0.0419921875
1250 0.0703125
1251 0.13671875
1252 0.0830078125
1253 -0.0126953125
1254 0.037109375
1255 0.0927734375
1256 0.0390625
1257 -0.0947265625
1258 0.021484375
1259 0.0869140625
1260 0.0458984375
1261 -0.095703125
1262 -0.0517578125
1263 0.0126953125
1264 -0.017578125
1265 -0.1337890625
1266 -0.0478515625
1267 0.0205078125
1268 -0.0126953125
1269 -0.1279296875
1270 -0.0439453125
1271 0.0224609375
1272 -0.0126953125
1273 -0.1533203125
1274 -0.02734375
1275 0.044921875
1276 0.017578125
1277 -0.0390625
1278 0.0712890625
1279 0.134765625
1280 0.0849609375
1281 -0.009765625
1282 0.0380859375
1283 0.08984375
1284 0.0400390625
1285 -0.091796875
1286 0.021484375
1287 0.083984375
1288 0.046875
1289 -0.0927734375
1290 -0.0517578125
1291 0.0126953125
1292 -0.0185546875
1293 -0.1318359375
1294 -0.048828125
1295 0.0205078125
1296 -0.0126953125
1297 -0.126953125
1298 -0.044921875
1299 0.01953125
1300 -0.0107421875
1301 -0.154296875
1302 -0.0283203125
1303 0.0439453125
1304 0.0166015625
1305 -0.041015625
1306 0.0712890625
1307 0.134765625
1308 0.0830078125
1309 -0.01171875
1310 0.037109375
1311 0.0888671875
1312 0.0390625
1313 -0.09375
1314 0.021484375
1315 0.0859375
1316 0.0478515625
1317 -0.0927734375
1318 -0.0546875
1319 0.0146484375
1320 -0.0185546875
1321 -0.1318359375
1322 -0.0478515625
1323 0.0205078125
1324 -0.01171875
1325 -0.12890625
1326 -0.0439453125
1327 0.0224609375
1328 -0.01171875
1329 -0.1572265625
1330 -0.029296875
1331 0.044921875
1332 0.0166015625
1333 -0.0400390625
1334 0.0712890625
1335 0.1328125
1336 0.0830078125
1337 -0.0107421875
1338 0.0361328125
1339 0.0869140625
1340 0.0390625
1341 -0.0927734375
1342 0.0205078125
1343 0.0859375
1344 0.0458984375
1345 -0.091796875
1346 -0.0537109375
1347 0.013671875
1348 -0.017578125
1349 -0.1318359375
1350 -0.048828125
1351 0.0185546875
1352 -0.013671875
1353 -0.126953125
1354 -0.0439453125
1355 0.021484375
1356 -0.0107421875
1357 -0.15625
1358 -0.029296875
1359 0.0439453125
1360 0.0166015625
1361 -0.0380859375
1362 0.0703125
1363 0.1318359375
1364 0.0849609375
1365 -0.0107421875
1366 0.037109375
1367 0.0908203125
1368 0.0390625
1369 -0.09375
1370 0.01953125
1371 0.0849609375
1372 0.046875
1373 -0.09375
1374 -0.0546875
1375 0.0126953125
1376 -0.017578125
1377 -0.130859375
1378 -0.046875
1379 0.0185546875
1380 -0.013671875
1381 -0.1279296875
1382 -0.0439453125
1383 0.0224609375
1384 -0.0126953125
1385 -0.15234375
1386 -0.0283203125
1387 0.046875
1388 0.0166015625
1389 -0.0380859375
1390 0.0703125
1391 0.1328125
1392 0.083984375
1393 -0.0087890625
1394 0.037109375
1395 0.087890625
1396 0.041015625
1397 -0.0908203125
1398 0.0234375
1399 0.0888671875
1400 0.0478515625
1401 -0.0908203125
1402 -0.05078125
1403 0.0166015625
1404 -0.015625
1405 -0.130859375
1406 -0.0478515625
1407 0.021484375
1408 -0.0126953125
1409 -0.1259765625
1410 -0.0439453125
1411 0.0224609375
1412 -0.0107421875
1413 -0.154296875
1414 -0.0283203125
1415 0.048828125
1416 0.015625
1417 -0.0380859375
1418 0.0712890625
1419 0.1337890625
1420 0.0849609375
1421 -0.009765625
1422 0.0380859375
1423 0.0888671875
1424 0.0390625
1425 -0.0908203125
1426 0.0224609375
1427 0.0859375
1428 0.046875
1429 -0.091796875
1430 -0.0537109375
1431 0.013671875
1432 -0.0166015625
1433 -0.1328125
1434 -0.046875
1435 0.021484375
1436 -0.0126953125
1437 -0.1240234375
1438 -0.0419921875
1439 0.025390625
1440 -0.009765625
1441 -0.1298828125
1442 -0.0068359375
1443 0.0634765625
1444 0.0302734375
1445 -0.08203125
1446 -0.03125
1447 0.033203125
1448 -0.0048828125
1449 -0.12109375
1450 -0.0419921875
1451 0.02734375
1452 -0.0087890625
1453 -0.1298828125
1454 -0.044921875
1455 0.021484375
1456 -0.013671875
1457 -0.1796875
1458 -0.0859375
1459 -0.013671875
1460 -0.0390625
1461 -0.1982421875
1462 -0.0634765625
1463 0.01953125
1464 -0.0029296875
1465 -0.0771484375
1466 0.041015625
1467 0.107421875
1468 0.064453125
1469 0.0029296875
1470 0.1064453125
1471 0.166015625
1472 0.109375
1473 0.0126953125
1474 0.0556640625
1475 0.1044921875
1476 0.0517578125
1477 -0.064453125
1478 0.0439453125
1479 0.1044921875
1480 0.060546875
1481 -0.0166015625
1482 0.0849609375
1483 0.1435546875
1484 0.091796875
1485 -0.0087890625
1486 0.0302734375
1487 0.0849609375
1488 0.037109375
1489 -0.072265625
1490 0.0390625
1491 0.099609375
1492 0.05859375
1493 -0.0107421875
1494 0.0927734375
1495 0.150390625
1496 0.0947265625
1497 -0.0087890625
1498 0.0322265625
1499 0.0869140625
1500 0.03515625
1501 -0.0625
1502 0.0146484375
1503 0.072265625
1504 0.021484375
1505 -0.140625
1506 -0.0205078125
1507 0.052734375
1508 0.0166015625
1509 -0.1005859375
1510 0.0146484375
1511 0.08203125
1512 0.041015625
1513 -0.10546875
1514 -0.0615234375
1515 0.005859375
1516 -0.025390625
1517 -0.1435546875
1518 -0.0166015625
1519 0.0556640625
1520 0.01953125
1521 -0.0517578125
1522 0.05859375
1523 0.12109375
1524 0.0712890625
1525 -0.0537109375
1526 -0.017578125
1527 0.0439453125
1528 0.0029296875
1529 -0.1064453125
1530 0.009765625
1531 0.080078125
1532 0.037109375
1533 -0.064453125
1534 -0.0166015625
1535 0.04296875
1536 0.0009765625
1537 -0.0927734375
1538 0.025390625
1539 0.091796875
1540 0.048828125
1541 -0.005859375
1542 0.099609375
1543 0.162109375
1544 0.0986328125
1545 -0.029296875
1546 0.0751953125
1547 0.1357421875
1548 0.0791015625
1549 -0.0888671875
1550 -0.048828125
1551 0.01953125
1552 -0.021484375
1553 -0.1337890625
1554 -0.0458984375
1555 0.01953125
1556 -0.0205078125
1557 -0.1923828125
1558 -0.11328125
1559 -0.037109375
1560 -0.060546875
1561 -0.1826171875
1562 -0.0478515625
1563 0.0302734375
1564 -0.0009765625
1565 -0.09765625
1566 -0.048828125
1567 0.021484375
1568 -0.017578125
1569 -0.1220703125
1570 0.0009765625
1571 0.072265625
1572 0.029296875
1573 -0.037109375
1574 0.0732421875
1575 0.13671875
1576 0.0791015625
1577 -0.015625
1578 0.0283203125
1579 0.0849609375
1580 0.0302734375
1581 -0.0673828125
1582 0.0146484375
1583 0.072265625
1584 0.01953125
1585 -0.1455078125
1586 -0.0205078125
1587 0.0517578125
1588 0.0146484375
1589 -0.10546875
1590 0.0126953125
1591 0.0830078125
1592 0.0361328125
1593 -0.1064453125
1594 -0.0625
1595 0.009765625
1596 -0.0263671875
1597 -0.1474609375
1598 -0.0205078125
1599 0.0556640625
1600 0.0166015625
1601 -0.0703125
1602 0.044921875
1603 0.109375
1604 0.0615234375
1605 -0.0625
1606 -0.0234375
1607 0.0400390625
1608 0.0
1609 -0.111328125
1610 0.0078125
1611 0.0771484375
1612 0.03515625
1613 -0.0654296875
1614 -0.0166015625
1615 0.0439453125
1616 0.0
1617 -0.1259765625
1618 -0.0048828125
1619 0.06640625
1620 0.0263671875
1621 -0.1005859375
1622 -0.056640625
1623 0.0107421875
1624 -0.0244140625
1625 -0.1357421875
1626 -0.046875
1627 0.017578125
1628 -0.017578125
1629 -0.1904296875
1630 -0.1123046875
1631 -0.0341796875
1632 -0.056640625
1633 -0.1767578125
1634 -0.04296875
1635 0.03125
1636 0.0009765625
1637 -0.0927734375
1638 -0.044921875
1639 0.0244140625
1640 -0.0107421875
1641 -0.1142578125
1642 0.005859375
1643 0.0751953125
1644 0.037109375
1645 -0.0283203125
1646 0.080078125
1647 0.138671875
1648 0.0859375
1649 -0.009765625
1650 0.03125
1651 0.0849609375
1652 0.0361328125
1653 -0.0576171875
1654 0.0224609375
1655 0.0771484375
1656 0.0263671875
1657 -0.0595703125
1658 0.05078125
1659 0.1162109375
1660 0.064453125
1661 0.0087890625
1662 0.11328125
1663 0.173828125
1664 0.109375
1665 0.0
1666 0.1005859375
1667 0.1611328125
1668 0.09765625
1669 -0.0244140625
1670 0.0791015625
1671 0.1396484375
1672 0.0771484375
1673 -0.064453125
1674 -0.0224609375
1675 0.0400390625
1676 -0.005859375
1677 -0.1298828125
1678 -0.00390625
1679 0.0654296875
1680 0.0234375
1681 -0.0537109375
1682 0.060546875
1683 0.125
1684 0.0673828125
1685 -0.0595703125
1686 -0.017578125
1687 0.0458984375
1688 -0.001953125
1689 -0.115234375
1690 0.0048828125
1691 0.0791015625
1692 0.03125
1693 -0.0771484375
1694 -0.0244140625
1695 0.0390625
1696 -0.0087890625
1697 -0.1044921875
1698 0.017578125
1699 0.087890625
1700 0.0380859375
1701 -0.013671875
1702 0.0966796875
1703 0.1611328125
1704 0.09375
1705 0.0341796875
1706 0.1376953125
1707 0.197265625
1708 0.123046875
1709 0.0556640625
1710 0.15625
1711 0.212890625
1712 0.13671875
1713 0.0126953125
1714 0.1103515625
1715 0.1669921875
1716 0.09765625
1717 -0.0693359375
1718 -0.029296875
1719 0.029296875
1720 -0.0185546875
1721 -0.134765625
1722 -0.0478515625
1723 0.015625
1724 -0.0263671875
1725 -0.203125
1726 -0.123046875
1727 -0.0439453125
1728 -0.0751953125
1729 -0.1953125
1730 -0.0595703125
1731 0.01953125
1732 -0.017578125
1733 -0.1142578125
1734 -0.0634765625
1735 0.009765625
1736 -0.0322265625
1737 -0.1494140625
1738 -0.0205078125
1739 0.052734375
1740 0.0087890625
1741 -0.0703125
1742 0.0458984375
1743 0.111328125
1744 0.0556640625
1745 -0.0458984375
1746 -0.0029296875
1747 0.0595703125
1748 0.005859375
1749 -0.0908203125
1750 -0.0048828125
1751 0.056640625
1752 0.001953125
1753 -0.0927734375
1754 0.0224609375
1755 0.0927734375
1756 0.0400390625
1757 -0.0205078125
1758 0.0849609375
1759 0.1484375
1760 0.0859375
1761 0.0205078125
1762 0.1220703125
1763 0.1806640625
1764 0.1123046875
1765 0.044921875
1766 0.142578125
1767 0.1982421875
1768 0.1240234375
1769 0.0107421875
1770 0.1103515625
1771 0.1630859375
1772 0.0966796875
1773 -0.03125
1774 0.0693359375
1775 0.126953125
1776 0.0654296875
1777 -0.08203125
1778 -0.041015625
1779 0.0224609375
1780 -0.025390625
1781 -0.1484375
1782 -0.025390625
1783 0.046875
1784 0.001953125
1785 -0.072265625
1786 0.0380859375
1787 0.1005859375
1788 0.048828125
1789 -0.0791015625
1790 -0.0390625
1791 0.021484375
1792 -0.0205078125
1793 -0.1337890625
1794 -0.0126953125
1795 0.0546875
1796 0.0107421875
1797 -0.09375
1798 -0.0458984375
1799 0.0166015625
1800 -0.0283203125
1801 -0.1220703125
1802 -0.00390625
1803 0.064453125
1804 0.01953125
1805 -0.0283203125
1806 0.0751953125
1807 0.1376953125
1808 0.0771484375
1809 0.009765625
1810 0.1123046875
1811 0.169921875
1812 0.1025390625
1813 0.0361328125
1814 0.1337890625
1815 0.189453125
1816 0.1162109375
1817 -0.0048828125
1818 0.08984375
1819 0.1435546875
1820 0.0791015625
1821 -0.0869140625
1822 -0.0498046875
1823 0.0087890625
1824 -0.0341796875
1825 -0.1494140625
1826 -0.064453125
1827 -0.0009765625
1828 -0.0419921875
1829 -0.2158203125
1830 -0.138671875
1831 -0.0634765625
1832 -0.0869140625
1833 -0.2099609375
1834 -0.076171875
1835 0.0
1836 -0.029296875
1837 -0.126953125
1838 -0.0771484375
1839 -0.009765625
1840 -0.0458984375
1841 -0.189453125
1842 -0.060546875
1843 0.013671875
1844 -0.017578125
1845 -0.1083984375
1846 0.005859375
1847 0.0732421875
1848 0.02734375
1849 -0.0712890625
1850 -0.0322265625
1851 0.03125
1852 -0.0146484375
1853 -0.10546875
1854 -0.0234375
1855 0.033203125
1856 -0.01171875
1857 -0.1083984375
1858 0.0048828125
1859 0.0712890625
1860 0.02734375
1861 -0.03515625
1862 0.072265625
1863 0.1328125
1864 0.0732421875
1865 0.00390625
1866 0.1044921875
1867 0.162109375
1868 0.0966796875
1869 0.033203125
1870 0.1298828125
1871 0.185546875
1872 0.1142578125
1873 0.0068359375
1874 0.1015625
1875 0.1533203125
1876 0.0888671875
1877 -0.033203125
1878 0.0654296875
1879 0.1220703125
1880 0.0615234375
1881 -0.076171875
1882 -0.0380859375
1883 0.017578125
1884 -0.0244140625
1885 -0.1484375
1886 -0.0283203125
1887 0.0390625
1888 -0.0009765625
1889 -0.078125
1890 0.029296875
1891 0.09375
1892 0.0419921875
1893 -0.0869140625
1894 -0.05078125
1895 0.0107421875
1896 -0.029296875
1897 -0.1376953125
1898 -0.021484375
1899 0.0439453125
1900 0.005859375
1901 -0.1005859375
1902 -0.0537109375
1903 0.0068359375
1904 -0.033203125
1905 -0.130859375
1906 -0.0107421875
1907 0.056640625
1908 0.013671875
1909 -0.037109375
1910 0.068359375
1911 0.130859375
1912 0.0693359375
1913 0.0087890625
1914 0.107421875
1915 0.166015625
1916 0.0966796875
1917 0.033203125
1918 0.1279296875
1919 0.185546875
1920 0.1103515625
1921 -0.0107421875
1922 0.0849609375
1923 0.1396484375
1924 0.0732421875
1925 -0.091796875
1926 -0.052734375
1927 0.0048828125
1928 -0.0380859375
1929 -0.15234375
1930 -0.068359375
1931 -0.0078125
1932 -0.0478515625
1933 -0.2197265625
1934 -0.1435546875
1935 -0.06640625
1936 -0.09375
1937 -0.2109375
1938 -0.0810546875
1939 -0.001953125
1940 -0.033203125
1941 -0.130859375
1942 -0.0810546875
1943 -0.0126953125
1944 -0.0498046875
1945 -0.16015625
1946 -0.037109375
1947 0.0322265625
1948 -0.005859375
1949 -0.080078125
1950 0.0322265625
1951 0.0947265625
1952 0.0419921875
1953 -0.0537109375
1954 -0.013671875
1955 0.0458984375
1956 -0.0048828125
1957 -0.1005859375
1958 -0.0185546875
1959 0.0380859375
1960 -0.013671875
1961 -0.1064453125
1962 0.005859375
1963 0.0693359375
1964 0.025390625
1965 -0.0380859375
1966 0.064453125
1967 0.1220703125
1968 0.0673828125
1969 -0.00390625
1970 0.0927734375
1971 0.1455078125
1972 0.0888671875
1973 0.02734375
1974 0.1201171875
1975 0.1708984375
1976 0.107421875
1977 0.0009765625
1978 0.0927734375
1979 0.1455078125
1980 0.08203125
1981 -0.037109375
1982 0.05859375
1983 0.1083984375
1984 0.0546875
1985 -0.0869140625
1986 -0.0517578125
1987 0.0068359375
1988 -0.0341796875
1989 -0.1572265625
1990 -0.0390625
1991 0.0283203125
1992 -0.0078125
1993 -0.0966796875
1994 0.0126953125
1995 0.076171875
1996 0.0283203125
1997 -0.095703125
1998 -0.0595703125
1999 0.0009765625
2000 -0.0361328125
2001 -0.1474609375
2002 -0.0302734375
2003 0.0380859375
2004 -0.001953125
2005 -0.1025390625
2006 -0.056640625
2007 0.005859375
2008 -0.0361328125
2009 -0.1767578125
2010 -0.0556640625
2011 0.0166015625
2012 -0.0166015625
2013 -0.14453125
2014 -0.1005859375
2015 -0.0322265625
2016 -0.0634765625
2017 -0.1708984375
2018 -0.0830078125
2019 -0.0185546875
2020 -0.0517578125
2021 -0.22265625
2022 -0.1455078125
2023 -0.068359375
2024 -0.08984375
2025 -0.20703125
2026 -0.076171875
2027 0.0009765625
2028 -0.02734375
2029 -0.125
2030 -0.078125
2031 -0.0078125
2032 -0.04296875
2033 -0.1943359375
2034 -0.06640625
2035 0.0068359375
2036 -0.01953125
2037 -0.1181640625
2038 -0.001953125
2039 0.0634765625
2040 0.0224609375
2041 -0.0751953125
2042 -0.0341796875
2043 0.0302734375
2044 -0.0126953125
2045 -0.107421875
2046 -0.0224609375
2047 0.0380859375
2048 -0.009765625
2049 -0.107421875
2050 0.0078125
2051 0.078125
2052 0.03125
2053 -0.041015625
2054 0.0654296875
2055 0.130859375
2056 0.0703125
2057 0.0029296875
2058 0.10546875
2059 0.162109375
2060 0.0966796875
2061 0.033203125
2062 0.1298828125
2063 0.185546875
2064 0.1142578125
2065 0.0087890625
2066 0.1005859375
2067 0.154296875
2068 0.0908203125
2069 -0.029296875
2070 0.06640625
2071 0.119140625
2072 0.0634765625
2073 -0.07421875
2074 -0.0390625
2075 0.0166015625
2076 -0.0234375
2077 -0.1435546875
2078 -0.0263671875
2079 0.0390625
2080 0.001953125
2081 -0.0732421875
2082 0.0341796875
2083 0.09375
2084 0.044921875
2085 -0.0810546875
2086 -0.0458984375
2087 0.0146484375
2088 -0.0244140625
2089 -0.134765625
2090 -0.0185546875
2091 0.046875
2092 0.005859375
2093 -0.09765625
2094 -0.05078125
2095 0.0078125
2096 -0.0322265625
2097 -0.1279296875
2098 -0.0107421875
2099 0.0556640625
2100 0.013671875
2101 -0.033203125
2102 0.0693359375
2103 0.130859375
2104 0.0732421875
2105 0.005859375
2106 0.1044921875
2107 0.1591796875
2108 0.095703125
2109 0.0341796875
2110 0.12890625
2111 0.1806640625
2112 0.111328125
2113 -0.009765625
2114 0.0849609375
2115 0.1357421875
2116 0.0751953125
2117 -0.0908203125
2118 -0.0546875
2119 0.001953125
2120 -0.0390625
2121 -0.150390625
2122 -0.0703125
2123 -0.0087890625
2124 -0.0458984375
2125 -0.216796875
2126 -0.142578125
2127 -0.0673828125
2128 -0.08984375
2129 -0.2080078125
2130 -0.078125
2131 -0.0048828125
2132 -0.0302734375
2133 -0.12890625
2134 -0.080078125
2135 -0.0146484375
2136 -0.0458984375
2137 -0.158203125
2138 -0.0380859375
2139 0.029296875
2140 -0.0048828125
2141 -0.078125
2142 0.029296875
2143 0.0888671875
2144 0.0400390625
2145 -0.052734375
2146 -0.013671875
2147 0.0419921875
2148 -0.00390625
2149 -0.0966796875
2150 -0.0185546875
2151 0.0341796875
2152 -0.009765625
2153 -0.103515625
2154 0.0078125
2155 0.0703125
2156 0.0283203125
2157 -0.0322265625
2158 0.0693359375
2159 0.126953125
2160 0.0712890625
2161 0.001953125
2162 0.099609375
2163 0.154296875
2164 0.0908203125
2165 0.02734375
2166 0.1240234375
2167 0.181640625
2168 0.1083984375
2169 -0.0009765625
2170 0.095703125
2171 0.150390625
2172 0.08203125
2173 -0.041015625
2174 0.0576171875
2175 0.115234375
2176 0.052734375
2177 -0.0908203125
2178 -0.05078125
2179 0.009765625
2180 -0.0341796875
2181 -0.16015625
2182 -0.037109375
2183 0.0341796875
2184 -0.0087890625
2185 -0.099609375
2186 0.0146484375
2187 0.0791015625
2188 0.02734375
2189 -0.09375
2190 -0.0556640625
2191 0.0078125
2192 -0.0341796875
2193 -0.14453125
2194 -0.02734375
2195 0.0419921875
2196 -0.0009765625
2197 -0.1025390625
2198 -0.0537109375
2199 0.0078125
2200 -0.0361328125
2201 -0.1796875
2202 -0.0517578125
2203 0.0205078125
2204 -0.017578125
2205 -0.1435546875
2206 -0.0966796875
2207 -0.0283203125
2208 -0.0634765625
2209 -0.1708984375
2210 -0.083984375
2211 -0.0146484375
2212 -0.052734375
2213 -0.224609375
2214 -0.1455078125
2215 -0.064453125
2216 -0.08984375
2217 -0.208984375
2218 -0.076171875
2219 -0.0009765625
2220 -0.0283203125
2221 -0.1259765625
2222 -0.078125
2223 -0.0068359375
2224 -0.04296875
2225 -0.19921875
2226 -0.0654296875
2227 0.01171875
2228 -0.0205078125
2229 -0.1220703125
2230 -0.0009765625
2231 0.068359375
2232 0.021484375
2233 -0.076171875
2234 -0.033203125
2235 0.0322265625
2236 -0.013671875
2237 -0.107421875
2238 -0.021484375
2239 0.0400390625
2240 -0.0107421875
2241 -0.109375
2242 0.009765625
2243 0.080078125
2244 0.0302734375
2245 -0.0419921875
2246 0.068359375
2247 0.1318359375
2248 0.0712890625
2249 0.001953125
2250 0.1044921875
2251 0.162109375
2252 0.0966796875
2253 0.0322265625
2254 0.130859375
2255 0.1875
2256 0.1142578125
2257 0.0048828125
2258 0.1025390625
2259 0.1572265625
2260 0.08984375
2261 -0.0302734375
2262 0.0693359375
2263 0.126953125
2264 0.0654296875
2265 -0.072265625
2266 -0.0322265625
2267 0.025390625
2268 -0.01953125
2269 -0.1455078125
2270 -0.0244140625
2271 0.0419921875
2272 0.00390625
2273 -0.076171875
2274 0.0361328125
2275 0.0947265625
2276 0.044921875
2277 -0.0859375
2278 -0.046875
2279 0.0146484375
2280 -0.02734375
2281 -0.138671875
2282 -0.0205078125
2283 0.05078125
2284 0.005859375
2285 -0.0986328125
2286 -0.05078125
2287 0.009765625
2288 -0.0322265625
2289 -0.130859375
2290 -0.0107421875
2291 0.0576171875
2292 0.013671875
2293 -0.03515625
2294 0.0712890625
2295 0.1328125
2296 0.0712890625
2297 0.001953125
2298 0.10546875
2299 0.162109375
2300 0.0947265625
2301 0.0302734375
2302 0.126953125
2303 0.18359375
2304 0.1103515625
2305 -0.0107421875
2306 0.083984375
2307 0.138671875
2308 0.0751953125
2309 -0.091796875
2310 -0.0546875
2311 0.0048828125
2312 -0.0390625
2313 -0.1552734375
2314 -0.0673828125
2315 -0.005859375
2316 -0.044921875
2317 -0.2197265625
2318 -0.140625
2319 -0.0634765625
2320 -0.0888671875
2321 -0.2138671875
2322 -0.078125
2323 0.0
2324 -0.0322265625
2325 -0.1318359375
2326 -0.08203125
2327 -0.009765625
2328 -0.048828125
2329 -0.16015625
2330 -0.0380859375
2331 0.033203125
2332 -0.0048828125
2333 -0.0810546875
2334 0.029296875
2335 0.0908203125
2336 0.0400390625
2337 -0.0546875
2338 -0.013671875
2339 0.0439453125
2340 -0.00390625
2341 -0.1005859375
2342 -0.01953125
2343 0.0361328125
2344 -0.01171875
2345 -0.10546875
2346 0.0078125
2347 0.0751953125
2348 0.0263671875
2349 -0.037109375
2350 0.068359375
2351 0.1279296875
2352 0.0703125
2353 0.0
2354 0.09765625
2355 0.15625
2356 0.091796875
2357 0.0263671875
2358 0.1240234375
2359 0.1787109375
2360 0.1083984375
2361 -0.001953125
2362 0.095703125
2363 0.150390625
2364 0.0830078125
2365 -0.0400390625
2366 0.0595703125
2367 0.1162109375
2368 0.0556640625
2369 -0.0859375
2370 -0.044921875
2371 0.015625
2372 -0.033203125
2373 -0.15625
2374 -0.0341796875
2375 0.037109375
2376 -0.0078125
2377 -0.0849609375
2378 0.025390625
2379 0.08984375
2380 0.03515625
2381 -0.0859375
2382 -0.044921875
2383 0.015625
2384 -0.0283203125
2385 -0.1552734375
2386 -0.0322265625
2387 0.037109375
2388 -0.005859375
2389 -0.1123046875
2390 -0.0625
2391 0.0009765625
2392 -0.0419921875
2393 -0.15625
2394 -0.0361328125
2395 0.03515625
2396 -0.00390625
2397 -0.05078125
2398 0.0556640625
2399 0.119140625
2400 0.0595703125
2401 -0.0009765625
2402 0.099609375
2403 0.1572265625
2404 0.091796875
2405 0.02734375
2406 0.1240234375
2407 0.1767578125
2408 0.107421875
2409 -0.017578125
2410 0.0791015625
2411 0.1318359375
2412 0.0693359375
2413 -0.095703125
2414 -0.0576171875
2415 0.0009765625
2416 -0.04296875
2417 -0.1611328125
2418 -0.0771484375
2419 -0.01171875
2420 -0.052734375
2421 -0.236328125
2422 -0.158203125
2423 -0.076171875
2424 -0.1025390625
2425 -0.25
2426 -0.111328125
2427 -0.029296875
2428 -0.0517578125
2429 -0.1328125
2430 -0.013671875
2431 0.052734375
2432 0.0126953125
2433 -0.125
2434 -0.08203125
2435 -0.0185546875
2436 -0.0498046875
2437 -0.171875
2438 -0.0869140625
2439 -0.0224609375
2440 -0.0537109375
2441 -0.1611328125
2442 -0.078125
2443 -0.009765625
2444 -0.044921875
2445 -0.1640625
2446 -0.0439453125
2447 0.02734375
2448 -0.0087890625
2449 -0.0966796875
2450 0.015625
2451 0.080078125
2452 0.033203125
2453 -0.0302734375
2454 0.07421875
2455 0.1328125
2456 0.07421875
2457 -0.021484375
2458 0.025390625
2459 0.07421875
2460 0.0185546875
2461 -0.109375
2462 -0.0009765625
2463 0.0625
2464 0.0185546875
2465 -0.1181640625
2466 -0.0830078125
2467 -0.0166015625
2468 -0.048828125
2469 -0.162109375
2470 -0.0810546875
2471 -0.0146484375
2472 -0.044921875
2473 -0.16015625
2474 -0.078125
2475 -0.015625
2476 -0.0439453125
2477 -0.1865234375
2478 -0.0625
2479 0.009765625
2480 -0.0166015625
2481 -0.0703125
2482 0.0361328125
2483 0.099609375
2484 0.05078125
2485 -0.0419921875
2486 0.001953125
2487 0.0556640625
2488 0.0068359375
2489 -0.1240234375
2490 -0.009765625
2491 0.0546875
2492 0.015625
2493 -0.123046875
2494 -0.0830078125
2495 -0.01953125
2496 -0.0458984375
2497 -0.1611328125
2498 -0.078125
2499 -0.0126953125
2500 -0.0419921875
2501 -0.154296875
2502 -0.072265625
2503 -0.0087890625
2504 -0.0400390625
2505 -0.1796875
2506 -0.056640625
2507 0.017578125
2508 -0.0107421875
2509 -0.0625
2510 0.041015625
2511 0.1025390625
2512 0.0576171875
2513 -0.03515625
2514 0.0107421875
2515 0.0595703125
2516 0.013671875
2517 -0.1142578125
2518 -0.0029296875
2519 0.0595703125
2520 0.0224609375
2521 -0.1162109375
2522 -0.0771484375
2523 -0.01171875
2524 -0.0419921875
2525 -0.154296875
2526 -0.072265625
2527 -0.005859375
2528 -0.037109375
2529 -0.15234375
2530 -0.0693359375
2531 -0.0029296875
2532 -0.0361328125
2533 -0.1787109375
2534 -0.052734375
2535 0.0224609375
2536 -0.0068359375
2537 -0.0615234375
2538 0.046875
2539 0.1083984375
2540 0.060546875
2541 -0.0322265625
2542 0.0146484375
2543 0.0673828125
2544 0.0166015625
2545 -0.1142578125
2546 0.0009765625
2547 0.0634765625
2548 0.0263671875
2549 -0.11328125
2550 -0.076171875
2551 -0.0087890625
2552 -0.0380859375
2553 -0.154296875
2554 -0.0673828125
2555 -0.0009765625
2556 -0.03515625
2557 -0.1484375
2558 -0.064453125
2559 0.0029296875
2560 -0.0322265625
2561 -0.1728515625
2562 -0.046875
2563 0.025390625
2564 -0.0029296875
2565 -0.0576171875
2566 0.0537109375
2567 0.1162109375
2568 0.0654296875
2569 -0.0283203125
2570 0.01953125
2571 0.0712890625
2572 0.021484375
2573 -0.107421875
2574 0.005859375
2575 0.0712890625
2576 0.0302734375
2577 -0.1103515625
2578 -0.0712890625
2579 -0.0029296875
2580 -0.0341796875
2581 -0.1494140625
2582 -0.0634765625
2583 0.00390625
2584 -0.03125
2585 -0.146484375
2586 -0.0615234375
2587 0.0048828125
2588 -0.0283203125
2589 -0.173828125
2590 -0.0439453125
2591 0.03125
2592 -0.0009765625
2593 -0.0576171875
2594 0.0546875
2595 0.119140625
2596 0.068359375
2597 -0.02734375
2598 0.0234375
2599 0.078125
2600 0.021484375
2601 -0.1083984375
2602 0.0068359375
2603 0.07421875
2604 0.03125
2605 -0.107421875
2606 -0.068359375
2607 0.0
2608 -0.0322265625
2609 -0.1484375
2610 -0.0615234375
2611 0.0048828125
2612 -0.02734375
2613 -0.1435546875
2614 -0.056640625
2615 0.0087890625
2616 -0.025390625
2617 -0.171875
2618 -0.04296875
2619 0.0361328125
2620 0.0009765625
2621 -0.0556640625
2622 0.0576171875
2623 0.1240234375
2624 0.0703125
2625 -0.025390625
2626 0.0244140625
2627 0.078125
2628 0.025390625
2629 -0.1064453125
2630 0.0078125
2631 0.07421875
2632 0.0341796875
2633 -0.1064453125
2634 -0.0654296875
2635 0.0009765625
2636 -0.0302734375
2637 -0.1484375
2638 -0.0595703125
2639 0.0087890625
2640 -0.0244140625
2641 -0.1416015625
2642 -0.0556640625
2643 0.01171875
2644 -0.0244140625
2645 -0.169921875
2646 -0.041015625
2647 0.0361328125
2648 0.0029296875
2649 -0.0517578125
2650 0.05859375
2651 0.123046875
2652 0.0712890625
2653 -0.0224609375
2654 0.025390625
2655 0.080078125
2656 0.02734375
2657 -0.1064453125
2658 0.01171875
2659 0.076171875
2660 0.0341796875
2661 -0.103515625
2662 -0.0625
2663 0.0029296875
2664 -0.0263671875
2665 -0.142578125
2666 -0.0576171875
2667 0.0107421875
2668 -0.0234375
2669 -0.13671875
2670 -0.0537109375
2671 0.0126953125
2672 -0.0224609375
2673 -0.1650390625
2674 -0.0380859375
2675 0.037109375
2676 0.005859375
2677 -0.0498046875
2678 0.060546875
2679 0.1240234375
2680 0.0732421875
2681 -0.0224609375
2682 0.0283203125
2683 0.080078125
2684 0.029296875
2685 -0.103515625
2686 0.0146484375
2687 0.080078125
2688 0.037109375
2689 -0.1015625
2690 -0.0595703125
2691 0.0087890625
2692 -0.0263671875
2693 -0.1416015625
2694 -0.0556640625
2695 0.015625
2696 -0.0224609375
2697 -0.13671875
2698 -0.0517578125
2699 0.017578125
2700 -0.0205078125
2701 -0.1650390625
2702 -0.0361328125
2703 0.0400390625
2704 0.0068359375
2705 -0.052734375
2706 0.064453125
2707 0.12890625
2708 0.0751953125
2709 -0.021484375
2710 0.03125
2711 0.0849609375
2712 0.029296875
2713 -0.1005859375
2714 0.0146484375
2715 0.0810546875
2716 0.037109375
2717 -0.099609375
2718 -0.0595703125
2719 0.009765625
2720 -0.0244140625
2721 -0.1396484375
2722 -0.0556640625
2723 0.0126953125
2724 -0.0205078125
2725 -0.1376953125
2726 -0.0517578125
2727 0.0146484375
2728 -0.0205078125
2729 -0.1650390625
2730 -0.0341796875
2731 0.041015625
2732 0.0087890625
2733 -0.0498046875
2734 0.0634765625
2735 0.126953125
2736 0.0771484375
2737 -0.01953125
2738 0.0302734375
2739 0.0859375
2740 0.03125
2741 -0.099609375
2742 0.0166015625
2743 0.083984375
2744 0.0400390625
2745 -0.0986328125
2746 -0.0576171875
2747 0.0107421875
2748 -0.0244140625
2749 -0.140625
2750 -0.052734375
2751 0.015625
2752 -0.01953125
2753 -0.1357421875
2754 -0.048828125
2755 0.0166015625
2756 -0.017578125
2757 -0.1650390625
2758 -0.0361328125
2759 0.041015625
2760 0.0068359375
2761 -0.046875
2762 0.064453125
2763 0.12890625
2764 0.0771484375
2765 -0.017578125
2766 0.0322265625
2767 0.0849609375
2768 0.033203125
2769 -0.1005859375
2770 0.0166015625
2771 0.0810546875
2772 0.0400390625
2773 -0.1005859375
2774 -0.0595703125
2775 0.0087890625
2776 -0.0234375
2777 -0.1396484375
2778 -0.0537109375
2779 0.0126953125
2780 -0.0185546875
2781 -0.1337890625
2782 -0.0498046875
2783 0.017578125
2784 -0.0185546875
2785 -0.162109375
2786 -0.03515625
2787 0.0419921875
2788 0.009765625
2789 -0.046875
2790 0.0654296875
2791 0.1328125
2792 0.0771484375
2793 -0.0166015625
2794 0.0322265625
2795 0.0869140625
2796 0.033203125
2797 -0.1005859375
2798 0.0185546875
2799 0.0859375
2800 0.0400390625
2801 -0.0986328125
2802 -0.0556640625
2803 0.013671875
2804 -0.0224609375
2805 -0.1396484375
2806 -0.0517578125
2807 0.01953125
2808 -0.017578125
2809 -0.13671875
2810 -0.0478515625
2811 0.0224609375
2812 -0.017578125
2813 -0.1650390625
2814 -0.0341796875
2815 0.0439453125
2816 0.009765625
2817 -0.048828125
2818 0.06640625
2819 0.1328125
2820 0.0791015625
2821 -0.0185546875
2822 0.033203125
2823 0.087890625
2824 0.0322265625
2825 -0.103515625
2826 0.0185546875
2827 0.0859375
2828 0.0400390625
2829 -0.1005859375
2830 -0.0576171875
2831 0.013671875
2832 -0.0234375
2833 -0.138671875
2834 -0.0517578125
2835 0.0234375
2836 -0.0185546875
2837 -0.1357421875
2838 -0.046875
2839 0.0244140625
2840 -0.0166015625
2841 -0.162109375
2842 -0.0302734375
2843 0.0458984375
2844 0.01171875
2845 -0.046875
2846 0.0673828125
2847 0.134765625
2848 0.080078125
2849 -0.015625
2850 0.03515625
2851 0.0908203125
2852 0.0341796875
2853 -0.0986328125
2854 0.0185546875
2855 0.0888671875
2856 0.041015625
2857 -0.0986328125
2858 -0.056640625
2859 0.015625
2860 -0.021484375
2861 -0.138671875
2862 -0.05078125
2863 0.0185546875
2864 -0.0166015625
2865 -0.1357421875
2866 -0.0478515625
2867 0.021484375
2868 -0.015625
2869 -0.1630859375
2870 -0.0322265625
2871 0.044921875
2872 0.01171875
2873 -0.0458984375
2874 0.0673828125
2875 0.1328125
2876 0.080078125
2877 -0.0166015625
2878 0.033203125
2879 0.0908203125
2880 0.0341796875
2881 -0.0986328125
2882 0.0185546875
2883 0.087890625
2884 0.0419921875
2885 -0.09765625
2886 -0.0556640625
2887 0.0146484375
2888 -0.01953125
2889 -0.13671875
2890 -0.048828125
2891 0.0185546875
2892 -0.0146484375
2893 -0.1328125
2894 -0.04296875
2895 0.0224609375
2896 -0.015625
2897 -0.158203125
2898 -0.02734375
2899 0.048828125
2900 0.013671875
2901 -0.0419921875
2902 0.0693359375
2903 0.134765625
2904 0.08203125
2905 -0.01171875
2906 0.0341796875
2907 0.08984375
2908 0.0361328125
2909 -0.091796875
2910 0.0224609375
2911 0.087890625
2912 0.0439453125
2913 -0.09375
2914 -0.0517578125
2915 0.013671875
2916 -0.0185546875
2917 -0.134765625
2918 -0.0498046875
2919 0.0185546875
2920 -0.0146484375
2921 -0.130859375
2922 -0.0458984375
2923 0.0234375
2924 -0.0146484375
2925 -0.15625
2926 -0.0302734375
2927 0.046875
2928 0.0126953125
2929 -0.04296875
2930 0.0693359375
2931 0.134765625
2932 0.08203125
2933 -0.0126953125
2934 0.037109375
2935 0.08984375
2936 0.0361328125
2937 -0.0947265625
2938 0.021484375
2939 0.0869140625
2940 0.044921875
2941 -0.09375
2942 -0.0546875
2943 0.015625
2944 -0.0185546875
2945 -0.134765625
2946 -0.0498046875
2947 0.0185546875
2948 -0.0146484375
2949 -0.1298828125
2950 -0.0458984375
2951 0.021484375
2952 -0.0146484375
2953 -0.1552734375
2954 -0.029296875
2955 0.044921875
2956 0.015625
2957 -0.04296875
2958 0.0693359375
2959 0.1328125
2960 0.0830078125
2961 -0.0146484375
2962 0.03515625
2963 0.0908203125
2964 0.0361328125
2965 -0.0947265625
2966 0.0205078125
2967 0.08984375
2968 0.04296875
2969 -0.0947265625
2970 -0.0546875
2971 0.017578125
2972 -0.0205078125
2973 -0.134765625
2974 -0.048828125
2975 0.0234375
2976 -0.0166015625
2977 -0.1328125
2978 -0.0439453125
2979 0.0224609375
2980 -0.0146484375
2981 -0.1591796875
2982 -0.029296875
2983 0.0478515625
2984 0.013671875
2985 -0.04296875
2986 0.0693359375
2987 0.134765625
2988 0.08203125
2989 -0.013671875
2990 0.0341796875
2991 0.091796875
2992 0.0361328125
2993 -0.0966796875
2994 0.0205078125
2995 0.087890625
2996 0.0439453125
2997 -0.0947265625
2998 -0.0546875
2999 0.0146484375
3000 -0.01953125
3001 -0.1337890625
3002 -0.0478515625
3003 0.0205078125
3004 -0.013671875
3005 -0.130859375
3006 -0.0439453125
3007 0.01953125
3008 -0.0126953125
3009 -0.1552734375
3010 -0.029296875
3011 0.044921875
3012 0.015625
3013 -0.041015625
3014 0.068359375
3015 0.1318359375
3016 0.0810546875
3017 -0.01171875
3018 0.0361328125
3019 0.0908203125
3020 0.0361328125
3021 -0.0927734375
3022 0.0234375
3023 0.0859375
3024 0.044921875
3025 -0.0927734375
3026 -0.0517578125
3027 0.0107421875
3028 -0.017578125
3029 -0.1318359375
3030 -0.0478515625
3031 0.0166015625
3032 -0.013671875
3033 -0.126953125
3034 -0.0458984375
3035 0.0166015625
3036 -0.0126953125
3037 -0.15234375
3038 -0.0302734375
3039 0.04296875
3040 0.0166015625
3041 -0.037109375
3042 0.0693359375
3043 0.1279296875
3044 0.0830078125
3045 -0.009765625
3046 0.03515625
3047 0.0849609375
3048 0.0380859375
3049 -0.0908203125
3050 0.0205078125
3051 0.0830078125
3052 0.0458984375
3053 -0.0927734375
3054 -0.0546875
3055 0.009765625
3056 -0.0185546875
3057 -0.130859375
3058 -0.05078125
3059 0.0146484375
3060 -0.0146484375
3061 -0.126953125
3062 -0.0458984375
3063 0.017578125
3064 -0.013671875
3065 -0.1533203125
3066 -0.0302734375
3067 0.041015625
3068 0.015625
3069 -0.0380859375
3070 0.0693359375
3071 0.1298828125
3072 0.083984375
3073 -0.009765625
3074 0.03515625
3075 0.0859375
3076 0.0390625
3077 -0.0908203125
3078 0.0205078125
3079 0.083984375
3080 0.0458984375
3081 -0.0927734375
3082 -0.0546875
3083 0.01171875
3084 -0.017578125
3085 -0.1318359375
3086 -0.048828125
3087 0.017578125
3088 -0.0126953125
3089 -0.126953125
3090 -0.044921875
3091 0.017578125
3092 -0.0107421875
3093 -0.15625
3094 -0.0302734375
3095 0.0419921875
3096 0.015625
3097 -0.0390625
3098 0.0673828125
3099 0.130859375
3100 0.083984375
3101 -0.01171875
3102 0.03515625
3103 0.0869140625
3104 0.0380859375
3105 -0.0947265625
3106 0.0205078125
3107 0.0830078125
3108 0.0458984375
3109 -0.09375
3110 -0.0556640625
3111 0.009765625
3112 -0.0205078125
3113 -0.1318359375
3114 -0.048828125
3115 0.0166015625
3116 -0.0126953125
3117 -0.1259765625
3118 -0.0439453125
3119 0.01953125
3120 -0.009765625
3121 -0.15234375
3122 -0.0283203125
3123 0.0439453125
3124 0.0166015625
3125 -0.0390625
3126 0.0693359375
3127 0.1318359375
3128 0.0830078125
3129 -0.0107421875
3130 0.0361328125
3131 0.0869140625
3132 0.0390625
3133 -0.0888671875
3134 0.021484375
3135 0.0859375
3136 0.0458984375
3137 -0.08984375
3138 -0.05078125
3139 0.013671875
3140 -0.015625
3141 -0.130859375
3142 -0.046875
3143 0.01953125
3144 -0.01171875
3145 -0.1259765625
3146 -0.0439453125
3147 0.01953125
3148 -0.01171875
3149 -0.15234375
3150 -0.029296875
3151 0.0439453125
3152 0.0166015625
3153 -0.037109375
3154 0.0693359375
3155 0.130859375
3156 0.0830078125
3157 -0.0087890625
3158 0.03515625
3159 0.0849609375
3160 0.0380859375
3161 -0.09375
3162 0.0205078125
3163 0.0849609375
3164 0.046875
3165 -0.091796875
3166 -0.0517578125
3167 0.013671875
3168 -0.0166015625
3169 -0.130859375
3170 -0.046875
3171 0.0205078125
3172 -0.013671875
3173 -0.1279296875
3174 -0.0439453125
3175 0.0234375
3176 -0.01171875
3177 -0.1533203125
3178 -0.029296875
3179 0.04296875
3180 0.0166015625
3181 -0.0380859375
3182 0.0703125
3183 0.1318359375
3184 0.0830078125
3185 -0.0126953125
3186 0.037109375
3187 0.087890625
3188 0.0400390625
3189 -0.091796875
3190 0.0224609375
3191 0.087890625
3192 0.0458984375
3193 -0.091796875
3194 -0.0517578125
3195 0.017578125
3196 -0.017578125
3197 -0.1328125
3198 -0.0478515625
3199 0.0224609375
3200 -0.0126953125
3201 -0.1298828125
3202 -0.0439453125
3203 0.0244140625
3204 -0.013671875
3205 -0.16015625
3206 -0.0302734375
3207 0.046875
3208 0.0126953125
3209 -0.04296875
3210 0.0712890625
3211 0.1337890625
3212 0.0830078125
3213 -0.01171875
3214 0.0380859375
3215 0.08984375
3216 0.037109375
3217 -0.095703125
3218 0.0205078125
3219 0.0888671875
3220 0.044921875
3221 -0.0927734375
3222 -0.052734375
3223 0.0166015625
3224 -0.0185546875
3225 -0.1328125
3226 -0.0478515625
3227 0.0205078125
3228 -0.0126953125
3229 -0.1298828125
3230 -0.0439453125
3231 0.0205078125
3232 -0.0126953125
3233 -0.15625
3234 -0.02734375
3235 0.04296875
3236 0.0166015625
3237 -0.0390625
3238 0.0703125
3239 0.134765625
3240 0.0830078125
3241 -0.0107421875
3242 0.037109375
3243 0.0888671875
3244 0.037109375
3245 -0.0908203125
3246 0.0224609375
3247 0.087890625
3248 0.044921875
3249 -0.091796875
3250 -0.0517578125
3251 0.0126953125
3252 -0.0166015625
3253 -0.1337890625
3254 -0.048828125
3255 0.0205078125
3256 -0.013671875
3257 -0.1298828125
3258 -0.0439453125
3259 0.021484375
3260 -0.0126953125
3261 -0.158203125
3262 -0.029296875
3263 0.0478515625
3264 0.0146484375
3265 -0.0419921875
3266 0.0712890625
3267 0.13671875
3268 0.08203125
3269 -0.013671875
3270 0.037109375
3271 0.095703125
3272 0.0380859375
3273 -0.095703125
3274 0.021484375
3275 0.08984375
3276 0.044921875
3277 -0.09375
3278 -0.0517578125
3279 0.01953125
3280 -0.0185546875
3281 -0.1357421875
3282 -0.046875
3283 0.0244140625
3284 -0.0146484375
3285 -0.1279296875
3286 -0.041015625
3287 0.0283203125
3288 -0.01171875
3289 -0.134765625
3290 -0.0087890625
3291 0.0693359375
3292 0.0283203125
3293 -0.0869140625
3294 -0.037109375
3295 0.03515625
3296 -0.0078125
3297 -0.1689453125
3298 -0.091796875
3299 -0.0126953125
3300 -0.0419921875
3301 -0.140625
3302 -0.046875
3303 0.0263671875
3304 -0.01171875
3305 -0.181640625
3306 -0.111328125
3307 -0.0263671875
3308 -0.0498046875
3309 -0.2080078125
3310 -0.126953125
3311 -0.0361328125
3312 -0.060546875
3313 -0.166015625
3314 -0.0673828125
3315 0.0126953125
3316 -0.0234375
3317 -0.119140625
3318 -0.029296875
3319 0.0419921875
3320 0.0009765625
3321 -0.1123046875
3322 0.013671875
3323 0.087890625
3324 0.0439453125
3325 -0.078125
3326 -0.03125
3327 0.0390625
3328 -0.0009765625
3329 -0.1181640625
3330 -0.0322265625
3331 0.041015625
3332 0.0009765625
3333 -0.12109375
3334 -0.0302734375
3335 0.04296875
3336 -0.001953125
3337 -0.1083984375
3338 -0.021484375
3339 0.0517578125
3340 0.0048828125
3341 -0.09765625
3342 -0.0146484375
3343 0.056640625
3344 0.0126953125
3345 -0.119140625
3346 -0.02734375
3347 0.0390625
3348 0.0
3349 -0.1904296875
3350 -0.1103515625
3351 -0.0263671875
3352 -0.0478515625
3353 -0.212890625
3354 -0.130859375
3355 -0.0546875
3356 -0.0517578125
3357 -0.140625
3358 -0.0673828125
3359 -0.0087890625
3360 -0.0146484375
3361 -0.1435546875
3362 -0.0712890625
3363 -0.013671875
3364 -0.0166015625
3365 -0.1572265625
3366 -0.04296875
3367 0.0224609375
3368 0.021484375
3369 -0.0498046875
3370 0.0478515625
3371 0.0986328125
3372 0.0791015625
3373 0.0302734375
3374 0.115234375
3375 0.158203125
3376 0.125
3377 0.0458984375
3378 0.06640625
3379 0.103515625
3380 0.0712890625
3381 -0.021484375
3382 0.02734375
3383 0.0703125
3384 0.046875
3385 -0.0556640625
3386 0.005859375
3387 0.046875
3388 0.0263671875
3389 -0.0791015625
3390 -0.0146484375
3391 0.029296875
3392 0.015625
3393 -0.1005859375
3394 0.0029296875
3395 0.0556640625
3396 0.04296875
3397 -0.1044921875
3398 -0.076171875
3399 -0.017578125
3400 -0.01953125
3401 -0.2001953125
3402 -0.1396484375
3403 -0.06640625
3404 -0.0556640625
3405 -0.1572265625
3406 -0.078125
3407 -0.0185546875
3408 -0.0205078125
3409 -0.1611328125
3410 -0.0859375
3411 -0.025390625
3412 -0.0234375
3413 -0.1552734375
3414 -0.0400390625
3415 0.0234375
3416 0.0224609375
3417 -0.0595703125
3418 0.0380859375
3419 0.08984375
3420 0.0751953125
3421 -0.005859375
3422 0.080078125
3423 0.126953125
3424 0.1005859375
3425 0.0205078125
3426 0.1015625
3427 0.1435546875
3428 0.1142578125
3429 0.0263671875
3430 0.1044921875
3431 0.1455078125
3432 0.1162109375
3433 0.017578125
3434 0.095703125
3435 0.1357421875
3436 0.1083984375
3437 0.0029296875
3438 0.083984375
3439 0.125
3440 0.1005859375
3441 0.0380859375
3442 0.1201171875
3443 0.15625
3444 0.123046875
3445 0.0166015625
3446 0.033203125
3447 0.0693359375
3448 0.04296875
3449 -0.0673828125
3450 -0.01171875
3451 0.0341796875
3452 0.017578125
3453 -0.1259765625
3454 -0.060546875
3455 -0.009765625
3456 -0.015625
3457 -0.1455078125
3458 -0.037109375
3459 0.0224609375
3460 0.0185546875
3461 -0.064453125
3462 0.0302734375
3463 0.0810546875
3464 0.0625
3465 -0.0263671875
3466 0.0595703125
3467 0.10546875
3468 0.0830078125
3469 -0.0205078125
3470 0.0615234375
3471 0.1083984375
3472 0.0830078125
3473 -0.0263671875
3474 0.056640625
3475 0.1025390625
3476 0.0771484375
3477 0.0146484375
3478 0.0966796875
3479 0.1337890625
3480 0.1025390625
3481 -0.0205078125
3482 -0.0029296875
3483 0.03515625
3484 0.017578125
3485 -0.1416015625
3486 -0.03515625
3487 0.0224609375
3488 0.015625
3489 -0.0966796875
3490 -0.0703125
3491 -0.0205078125
3492 -0.0244140625
3493 -0.1220703125
3494 -0.0166015625
3495 0.0390625
3496 0.029296875
3497 -0.0625
3498 -0.0595703125
3499 -0.0048828125
3500 -0.013671875
3501 -0.09765625
3502 0.0
3503 0.052734375
3504 0.0400390625
3505 -0.0498046875
3506 -0.0244140625
3507 0.021484375
3508 0.0078125
3509 -0.0869140625
3510 -0.0283203125
3511 0.0185546875
3512 0.0068359375
3513 -0.13671875
3514 -0.0712890625
3515 -0.01953125
3516 -0.0234375
3517 -0.15234375
3518 -0.0849609375
3519 -0.0263671875
3520 -0.029296875
3521 -0.1806640625
3522 -0.06640625
3523 -0.0009765625
3524 -0.0009765625
3525 -0.0849609375
3526 0.01171875
3527 0.064453125
3528 0.0498046875
3529 -0.0390625
3530 0.05078125
3531 0.095703125
3532 0.0771484375
3533 -0.01171875
3534 0.072265625
3535 0.1123046875
3536 0.08984375
3537 0.0087890625
3538 0.0859375
3539 0.1259765625
3540 0.09765625
3541 0.009765625
3542 0.0859375
3543 0.126953125
3544 0.0986328125
3545 -0.0009765625
3546 0.076171875
3547 0.1162109375
3548 0.0888671875
3549 -0.021484375
3550 0.0615234375
3551 0.1025390625
3552 0.0791015625
3553 0.0029296875
3554 0.0849609375
3555 0.1201171875
3556 0.091796875
3557 -0.0361328125
3558 -0.021484375
3559 0.0244140625
3560 0.005859375
3561 -0.09375
3562 0.0029296875
3563 0.052734375
3564 0.0380859375
3565 -0.0107421875
3566 0.0732421875
3567 0.1142578125
3568 0.0869140625
3569 0.0361328125
3570 0.1123046875
3571 0.1484375
3572 0.1142578125
3573 0.0546875
3574 0.1298828125
3575 0.1640625
3576 0.1240234375
3577 0.0234375
3578 0.0390625
3579 0.0703125
3580 0.0400390625
3581 -0.0791015625
3582 -0.0283203125
3583 0.0146484375
3584 -0.0009765625
3585 -0.123046875
3586 -0.0615234375
3587 -0.013671875
3588 -0.0234375
3589 -0.138671875
3590 -0.078125
3591 -0.0263671875
3592 -0.0322265625
3593 -0.146484375
3594 -0.078125
3595 -0.0263671875
3596 -0.033203125
3597 -0.1455078125
3598 -0.08203125
3599 -0.029296875
3600 -0.03515625
3601 -0.1728515625
3602 -0.1015625
3603 -0.0439453125
3604 -0.0458984375
3605 -0.150390625
3606 -0.04296875
3607 0.017578125
3608 0.009765625
3609 -0.1181640625
3610 -0.091796875
3611 -0.033203125
3612 -0.037109375
3613 -0.134765625
3614 -0.0703125
3615 -0.0146484375
3616 -0.021484375
3617 -0.1279296875
3618 -0.056640625
3619 -0.009765625
3620 -0.0205078125
3621 -0.130859375
3622 -0.0625
3623 -0.0126953125
3624 -0.0185546875
3625 -0.171875
3626 -0.060546875
3627 -0.0009765625
3628 -0.001953125
3629 -0.0673828125
3630 0.0263671875
3631 0.076171875
3632 0.060546875
3633 -0.0703125
3634 0.0224609375
3635 0.06640625
3636 0.0537109375
3637 -0.0888671875
3638 -0.072265625
3639 -0.0205078125
3640 -0.021484375
3641 -0.1884765625
3642 -0.115234375
3643 -0.05078125
3644 -0.044921875
3645 -0.1513671875
3646 -0.07421875
3647 -0.0224609375
3648 -0.025390625
3649 -0.1103515625
3650 -0.0078125
3651 0.0458984375
3652 0.037109375
3653 -0.0556640625
3654 -0.052734375
3655 0.001953125
3656 -0.005859375
3657 -0.1162109375
3658 -0.0126953125
3659 0.04296875
3660 0.0341796875
3661 -0.0595703125
3662 0.029296875
3663 0.0791015625
3664 0.064453125
3665 -0.0400390625
3666 -0.017578125
3667 0.025390625
3668 0.0146484375
3669 -0.109375
3670 -0.005859375
3671 0.04296875
3672 0.03515625
3673 -0.1064453125
3674 -0.080078125
3675 -0.025390625
3676 -0.02734375
3677 -0.2109375
3678 -0.134765625
3679 -0.0634765625
3680 -0.0537109375
3681 -0.1611328125
3682 -0.0888671875
3683 -0.0322265625
3684 -0.0302734375
3685 -0.16796875
3686 -0.08984375
3687 -0.0322265625
3688 -0.0302734375
3689 -0.1943359375
3690 -0.072265625
3691 -0.0087890625
3692 -0.0009765625
3693 -0.0537109375
3694 0.0419921875
3695 0.087890625
3696 0.072265625
3697 -0.005859375
3698 0.078125
3699 0.1240234375
3700 0.099609375
3701 0.0048828125
3702 0.0849609375
3703 0.126953125
3704 0.1015625
3705 0.041015625
3706 0.1181640625
3707 0.1533203125
3708 0.123046875
3709 0.03125
3710 0.0458984375
3711 0.0810546875
3712 0.0556640625
3713 -0.044921875
3714 0.009765625
3715 0.0498046875
3716 0.0302734375
3717 -0.076171875
3718 -0.0185546875
3719 0.025390625
3720 0.0107421875
3721 -0.1591796875
3722 -0.048828125
3723 0.0087890625
3724 0.0078125
3725 -0.134765625
3726 -0.1064453125
3727 -0.04296875
3728 -0.041015625
3729 -0.2158203125
3730 -0.08984375
3731 -0.017578125
3732 -0.009765625
3733 -0.0654296875
3734 0.03515625
3735 0.0810546875
3736 0.0634765625
3737 -0.0126953125
3738 0.07421875
3739 0.1181640625
3740 0.0927734375
3741 0.0029296875
3742 0.0830078125
3743 0.12890625
3744 0.099609375
3745 0.048828125
3746 0.1259765625
3747 0.1630859375
3748 0.1279296875
3749 0.017578125
3750 0.033203125
3751 0.0712890625
3752 0.04296875
3753 -0.13671875
3754 -0.0830078125
3755 -0.02734375
3756 -0.029296875
3757 -0.1318359375
3758 -0.0654296875
3759 -0.0107421875
3760 -0.0185546875
3761 -0.1611328125
3762 -0.0849609375
3763 -0.03125
3764 -0.033203125
3765 -0.1689453125
3766 -0.0556640625
3767 0.0087890625
3768 0.005859375
3769 -0.0810546875
3770 0.0126953125
3771 0.06640625
3772 0.052734375
3773 -0.0361328125
3774 0.046875
3775 0.095703125
3776 0.076171875
3777 -0.015625
3778 0.0673828125
3779 0.111328125
3780 0.0869140625
3781 -0.0048828125
3782 0.0751953125
3783 0.1171875
3784 0.091796875
3785 -0.0068359375
3786 0.072265625
3787 0.1142578125
3788 0.0869140625
3789 -0.03125
3790 0.0517578125
3791 0.0966796875
3792 0.0732421875
3793 -0.0166015625
3794 0.0654296875
3795 0.1103515625
3796 0.0830078125
3797 0.03125
3798 0.109375
3799 0.146484375
3800 0.11328125
3801 0.0615234375
3802 0.134765625
3803 0.1689453125
3804 0.1279296875
3805 0.0400390625
3806 0.060546875
3807 0.0908203125
3808 0.0556640625
3809 -0.0712890625
3810 -0.0234375
3811 0.017578125
3812 0.0
3813 -0.1455078125
3814 -0.08203125
3815 -0.02734375
3816 -0.0341796875
3817 -0.1435546875
3818 -0.0380859375
3819 0.01953125
3820 0.009765625
3821 -0.03125
3822 0.0595703125
3823 0.1044921875
3824 0.0771484375
3825 0.0419921875
3826 0.1220703125
3827 0.16015625
3828 0.1220703125
3829 0.0751953125
3830 0.1484375
3831 0.1845703125
3832 0.140625
3833 0.080078125
3834 0.1494140625
3835 0.1806640625
3836 0.13671875
3837 0.0849609375
3838 0.154296875
3839 0.185546875
3840 0.1396484375
3841 0.0576171875
3842 0.0791015625
3843 0.1064453125
3844 0.0654296875
3845 -0.03125
3846 0.0517578125
3847 0.0908203125
3848 0.0615234375
3849 -0.0341796875
3850 -0.013671875
3851 0.0224609375
3852 0.0009765625
3853 -0.1064453125
3854 -0.0458984375
3855 -0.0009765625
3856 -0.01953125
3857 -0.1181640625
3858 -0.056640625
3859 -0.0107421875
3860 -0.0263671875
3861 -0.1328125
3862 -0.0703125
3863 -0.0224609375
3864 -0.03515625
3865 -0.1357421875
3866 -0.0703125
3867 -0.021484375
3868 -0.03515625
3869 -0.1787109375
3870 -0.10546875
3871 -0.052734375
3872 -0.056640625
3873 -0.201171875
3874 -0.1220703125
3875 -0.0654296875
3876 -0.0654296875
3877 -0.189453125
3878 -0.0771484375
3879 -0.013671875
3880 -0.0166015625
3881 -0.08203125
3882 0.0126953125
3883 0.064453125
3884 0.04296875
3885 -0.02734375
3886 0.0556640625
3887 0.1015625
3888 0.0712890625
3889 0.0
3890 0.0810546875
3891 0.12109375
3892 0.087890625
3893 0.0107421875
3894 0.087890625
3895 0.1259765625
3896 0.0927734375
3897 0.0322265625
3898 0.109375
3899 0.1455078125
3900 0.10546875
3901 0.029296875
3902 0.044921875
3903 0.0791015625
3904 0.0419921875
3905 -0.0556640625
3906 -0.0029296875
3907 0.0361328125
3908 0.0078125
3909 -0.09375
3910 -0.0341796875
3911 0.0078125
3912 -0.013671875
3913 -0.0986328125
3914 -0.0029296875
3915 0.0458984375
3916 0.0263671875
3917 -0.0126953125
3918 0.0693359375
3919 0.111328125
3920 0.080078125
3921 -0.0205078125
3922 -0.0029296875
3923 0.033203125
3924 0.0078125
3925 -0.15234375
3926 -0.0498046875
3927 0.00390625
3928 -0.0048828125
3929 -0.13671875
3930 -0.1123046875
3931 -0.052734375
3932 -0.05859375
3933 -0.1630859375
3934 -0.0546875
3935 0.0048828125
3936 -0.0048828125
3937 -0.078125
3938 0.0166015625
3939 0.0634765625
3940 0.0419921875
3941 -0.05078125
3942 -0.03125
3943 0.0126953125
3944 -0.005859375
3945 -0.1494140625
3946 -0.080078125
3947 -0.033203125
3948 -0.04296875
3949 -0.1962890625
3950 -0.1259765625
3951 -0.0634765625
3952 -0.064453125
3953 -0.19921875
3954 -0.1220703125
3955 -0.060546875
3956 -0.0634765625
3957 -0.1572265625
3958 -0.0830078125
3959 -0.0283203125
3960 -0.037109375
3961 -0.16015625
3962 -0.0498046875
3963 0.0048828125
3964 0.0
3965 -0.1669921875
3966 -0.1376953125
3967 -0.0732421875
3968 -0.0654296875
3969 -0.1845703125
3970 -0.111328125
3971 -0.048828125
3972 -0.0498046875
3973 -0.1298828125
3974 -0.060546875
3975 -0.0068359375
3976 -0.01953125
3977 -0.142578125
3978 -0.072265625
3979 -0.021484375
3980 -0.0283203125
3981 -0.17578125
3982 -0.0634765625
3983 0.0009765625
3984 -0.0009765625
3985 -0.0419921875
3986 0.05078125
3987 0.095703125
3988 0.0751953125
3989 0.021484375
3990 0.103515625
3991 0.1396484375
3992 0.107421875
3993 0.0009765625
3994 0.0185546875
3995 0.0537109375
3996 0.0302734375
3997 -0.0908203125
3998 -0.03515625
3999 -0.0185546875
4000 0.0283203125
4001 -0.03125
4002 0.00390625
4003 0.0126953125
4004 0.0537109375
4005 0.0244140625
4006 0.05078125
4007 0.0517578125
4008 0.0859375
4009 0.009765625
4010 -0.029296875
4011 -0.0283203125
4012 0.0126953125
4013 -0.0546875
4014 -0.052734375
4015 -0.0458984375
4016 -0.0029296875
4017 -0.1044921875
4018 -0.0908203125
4019 -0.078125
4020 -0.0302734375
4021 -0.1181640625
4022 -0.0634765625
4023 -0.04296875
4024 0.0078125
4025 -0.0380859375
4026 -0.0029296875
4027 0.009765625
4028 0.05078125
4029 -0.0009765625
4030 0.0302734375
4031 0.03515625
4032 0.0732421875
4033 0.025390625
4034 0.05078125
4035 0.052734375
4036 0.0849609375
4037 0.03515625
4038 0.0576171875
4039 0.0595703125
4040 0.0888671875
4041 0.033203125
4042 0.0546875
4043 0.0546875
4044 0.0849609375
4045 0.0078125
4046 0.0322265625
4047 0.0361328125
4048 0.0703125
4049 0.0205078125
4050 0.04296875
4051 0.0439453125
4052 0.0791015625
4053 0.068359375
4054 0.087890625
4055 0.08203125
4056 0.1083984375
4057 0.1015625
4058 0.11328125
4059 0.1044921875
4060 0.126953125
4061 0.078125
4062 0.0380859375
4063 0.0283203125
4064 0.0517578125
4065 -0.0361328125
4066 -0.044921875
4067 -0.0439453125
4068 -0.0048828125
4069 -0.1123046875
4070 -0.1025390625
4071 -0.0869140625
4072 -0.0390625
4073 -0.107421875
4074 -0.056640625
4075 -0.0419921875
4076 0.0078125
4077 0.009765625
4078 0.0380859375
4079 0.041015625
4080 0.076171875
4081 0.0849609375
4082 0.1005859375
4083 0.0986328125
4084 0.12109375
4085 0.12109375
4086 0.1279296875
4087 0.12109375
4088 0.138671875
4089 0.1220703125
4090 0.12890625
4091 0.1171875
4092 0.1337890625
4093 0.1298828125
4094 0.1337890625
4095 0.12109375
4096 0.1376953125
4097 0.099609375
4098 0.05859375
4099 0.04296875
4100 0.064453125
4101 0.0126953125
4102 0.0322265625
4103 0.0302734375
4104 0.0615234375
4105 0.0029296875
4106 -0.0322265625
4107 -0.03515625
4108 -0.0009765625
4109 -0.068359375
4110 -0.068359375
4111 -0.0625
4112 -0.0224609375
4113 -0.080078125
4114 -0.0751953125
4115 -0.0693359375
4116 -0.0263671875
4117 -0.099609375
4118 -0.091796875
4119 -0.0849609375
4120 -0.037109375
4121 -0.1279296875
4122 -0.1123046875
4123 -0.0986328125
4124 -0.0498046875
4125 -0.1083984375
4126 -0.09765625
4127 -0.087890625
4128 -0.0400390625
4129 -0.0869140625
4130 -0.0771484375
4131 -0.068359375
4132 -0.0244140625
4133 -0.0908203125
4134 -0.08203125
4135 -0.0693359375
4136 -0.0263671875
4137 -0.1416015625
4138 -0.1474609375
4139 -0.125
4140 -0.06640625
4141 -0.125
4142 -0.111328125
4143 -0.09375
4144 -0.0400390625
4145 -0.1103515625
4146 -0.0927734375
4147 -0.083984375
4148 -0.033203125
4149 -0.0791015625
4150 -0.0341796875
4151 -0.021484375
4152 0.025390625
4153 -0.0283203125
4154 -0.0830078125
4155 -0.06640625
4156 -0.017578125
4157 -0.0947265625
4158 -0.046875
4159 -0.0302734375
4160 0.0185546875
4161 -0.04296875
4162 -0.0087890625
4163 0.005859375
4164 0.044921875
4165 -0.0205078125
4166 -0.052734375
4167 -0.0478515625
4168 -0.0048828125
4169 -0.0869140625
4170 -0.0390625
4171 -0.0283203125
4172 0.0205078125
4173 -0.091796875
4174 -0.115234375
4175 -0.09765625
4176 -0.0439453125
4177 -0.1806640625
4178 -0.150390625
4179 -0.1240234375
4180 -0.0615234375
4181 -0.1396484375
4182 -0.1162109375
4183 -0.0947265625
4184 -0.0419921875
4185 -0.1142578125
4186 -0.0986328125
4187 -0.08203125
4188 -0.0283203125
4189 -0.1357421875
4190 -0.1162109375
4191 -0.095703125
4192 -0.0380859375
4193 -0.1064453125
4194 -0.08984375
4195 -0.072265625
4196 -0.0205078125
4197 -0.1015625
4198 -0.0888671875
4199 -0.072265625
4200 -0.0205078125
4201 -0.142578125
4202 -0.1220703125
4203 -0.0947265625
4204 -0.037109375
4205 -0.1044921875
4206 -0.0498046875
4207 -0.029296875
4208 0.0234375
4209 0.0283203125
4210 0.0595703125
4211 0.064453125
4212 0.0986328125
4213 0.109375
4214 0.125
4215 0.125
4216 0.146484375
4217 0.146484375
4218 0.15625
4219 0.1474609375
4220 0.1650390625
4221 0.150390625
4222 0.15625
4223 0.1435546875
4224 0.162109375
4225 0.1552734375
4226 0.1611328125
4227 0.1494140625
4228 0.166015625
4229 0.126953125
4230 0.0869140625
4231 0.0703125
4232 0.0888671875
4233 0.0390625
4234 0.05859375
4235 0.056640625
4236 0.087890625
4237 0.029296875
4238 -0.0087890625
4239 -0.01171875
4240 0.0234375
4241 -0.044921875
4242 -0.0439453125
4243 -0.0390625
4244 0.001953125
4245 -0.0556640625
4246 -0.052734375
4247 -0.044921875
4248 -0.005859375
4249 -0.076171875
4250 -0.0693359375
4251 -0.0595703125
4252 -0.0166015625
4253 -0.103515625
4254 -0.0908203125
4255 -0.0751953125
4256 -0.0283203125
4257 -0.0888671875
4258 -0.078125
4259 -0.0673828125
4260 -0.0185546875
4261 -0.068359375
4262 -0.0576171875
4263 -0.0498046875
4264 -0.0078125
4265 -0.0732421875
4266 -0.0595703125
4267 -0.0517578125
4268 -0.0087890625
4269 -0.123046875
4270 -0.12890625
4271 -0.1044921875
4272 -0.048828125
4273 -0.10546875
4274 -0.091796875
4275 -0.0732421875
4276 -0.0234375
4277 -0.08984375
4278 -0.076171875
4279 -0.064453125
4280 -0.015625
4281 -0.0634765625
4282 -0.01953125
4283 -0.0068359375
4284 0.0400390625
4285 -0.0126953125
4286 -0.0673828125
4287 -0.05078125
4288 -0.001953125
4289 -0.0703125
4290 -0.025390625
4291 -0.009765625
4292 0.03515625
4293 -0.0166015625
4294 0.0166015625
4295 0.02734375
4296 0.0673828125
4297 0.0029296875
4298 -0.0322265625
4299 -0.02734375
4300 0.013671875
4301 -0.0634765625
4302 -0.0185546875
4303 -0.0078125
4304 0.041015625
4305 -0.05859375
4306 -0.0869140625
4307 -0.0712890625
4308 -0.021484375
4309 -0.1591796875
4310 -0.1298828125
4311 -0.10546875
4312 -0.0439453125
4313 -0.1259765625
4314 -0.1025390625
4315 -0.0830078125
4316 -0.03125
4317 -0.1015625
4318 -0.0849609375
4319 -0.0673828125
4320 -0.017578125
4321 -0.123046875
4322 -0.10546875
4323 -0.0830078125
4324 -0.02734375
4325 -0.0966796875
4326 -0.0791015625
4327 -0.0625
4328 -0.0107421875
4329 -0.091796875
4330 -0.0791015625
4331 -0.0625
4332 -0.0107421875
4333 -0.1201171875
4334 -0.1015625
4335 -0.078125
4336 -0.0205078125
4337 -0.08984375
4338 -0.0361328125
4339 -0.0166015625
4340 0.033203125
4341 0.0390625
4342 0.0693359375
4343 0.07421875
4344 0.107421875
4345 0.1181640625
4346 0.1337890625
4347 0.1337890625
4348 0.1552734375
4349 0.1552734375
4350 0.1640625
4351 0.1552734375
4352 0.173828125
4353 0.158203125
4354 0.1650390625
4355 0.1533203125
4356 0.169921875
4357 0.162109375
4358 0.1669921875
4359 0.15625
4360 0.1708984375
4361 0.1337890625
4362 0.091796875
4363 0.076171875
4364 0.0947265625
4365 0.0458984375
4366 0.06640625
4367 0.0634765625
4368 0.0927734375
4369 0.037109375
4370 -0.001953125
4371 -0.0048828125
4372 0.029296875
4373 -0.0390625
4374 -0.037109375
4375 -0.03515625
4376 0.0078125
4377 -0.052734375
4378 -0.0458984375
4379 -0.041015625
4380 0.0009765625
4381 -0.0703125
4382 -0.0634765625
4383 -0.0546875
4384 -0.0107421875
4385 -0.0966796875
4386 -0.0859375
4387 -0.0703125
4388 -0.0224609375
4389 -0.08203125
4390 -0.0732421875
4391 -0.060546875
4392 -0.0146484375
4393 -0.0615234375
4394 -0.05078125
4395 -0.04296875
4396 -0.0009765625
4397 -0.06640625
4398 -0.0556640625
4399 -0.046875
4400 -0.0029296875
4401 -0.1171875
4402 -0.1220703125
4403 -0.099609375
4404 -0.041015625
4405 -0.1025390625
4406 -0.087890625
4407 -0.0693359375
4408 -0.01953125
4409 -0.0869140625
4410 -0.072265625
4411 -0.05859375
4412 -0.01171875
4413 -0.0595703125
4414 -0.013671875
4415 0.001953125
4416 0.044921875
4417 -0.0068359375
4418 -0.0625
4419 -0.044921875
4420 0.0009765625
4421 -0.0673828125
4422 -0.01953125
4423 -0.005859375
4424 0.0419921875
4425 -0.0068359375
4426 0.029296875
4427 0.0380859375
4428 0.076171875
4429 0.01953125
4430 -0.017578125
4431 -0.0126953125
4432 0.0263671875
4433 -0.0537109375
4434 -0.009765625
4435 0.0009765625
4436 0.044921875
4437 -0.046875
4438 -0.076171875
4439 -0.0615234375
4440 -0.015625
4441 -0.1484375
4442 -0.119140625
4443 -0.095703125
4444 -0.0380859375
4445 -0.1162109375
4446 -0.091796875
4447 -0.0751953125
4448 -0.021484375
4449 -0.095703125
4450 -0.0771484375
4451 -0.0625
4452 -0.01171875
4453 -0.12109375
4454 -0.1015625
4455 -0.080078125
4456 -0.0263671875
4457 -0.0927734375
4458 -0.078125
4459 -0.0595703125
4460 -0.0087890625
4461 -0.087890625
4462 -0.0751953125
4463 -0.05859375
4464 -0.0068359375
4465 -0.1220703125
4466 -0.099609375
4467 -0.0771484375
4468 -0.01953125
4469 -0.0908203125
4470 -0.03515625
4471 -0.015625
4472 0.0361328125
4473 0.0400390625
4474 0.0712890625
4475 0.076171875
4476 0.109375
4477 0.1201171875
4478 0.13671875
4479 0.134765625
4480 0.158203125
4481 0.158203125
4482 0.166015625
4483 0.1591796875
4484 0.17578125
4485 0.1611328125
4486 0.166015625
4487 0.15625
4488 0.1728515625
4489 0.1640625
4490 0.1708984375
4491 0.1591796875
4492 0.17578125
4493 0.134765625
4494 0.0947265625
4495 0.080078125
4496 0.099609375
4497 0.0478515625
4498 0.0693359375
4499 0.06640625
4500 0.09375
4501 0.0380859375
4502 -0.001953125
4503 -0.0029296875
4504 0.03125
4505 -0.03515625
4506 -0.0361328125
4507 -0.0302734375
4508 0.0087890625
4509 -0.0478515625
4510 -0.0439453125
4511 -0.0390625
4512 0.0029296875
4513 -0.0693359375
4514 -0.0615234375
4515 -0.052734375
4516 -0.005859375
4517 -0.0966796875
4518 -0.0830078125
4519 -0.068359375
4520 -0.01953125
4521 -0.080078125
4522 -0.0712890625
4523 -0.060546875
4524 -0.01171875
4525 -0.0595703125
4526 -0.0498046875
4527 -0.041015625
4528 0.0009765625
4529 -0.064453125
4530 -0.0537109375
4531 -0.04296875
4532 -0.0009765625
4533 -0.1162109375
4534 -0.12109375
4535 -0.0986328125
4536 -0.0400390625
4537 -0.1005859375
4538 -0.0830078125
4539 -0.0693359375
4540 -0.0166015625
4541 -0.0849609375
4542 -0.068359375
4543 -0.05859375
4544 -0.009765625
4545 -0.0556640625
4546 -0.0126953125
4547 0.001953125
4548 0.046875
4549 -0.0048828125
4550 -0.0615234375
4551 -0.0439453125
4552 0.001953125
4553 -0.064453125
4554 -0.01953125
4555 -0.005859375
4556 0.04296875
4557 -0.0048828125
4558 0.02734375
4559 0.0380859375
4560 0.0771484375
4561 0.0185546875
4562 -0.017578125
4563 -0.013671875
4564 0.02734375
4565 -0.0537109375
4566 -0.0078125
4567 0.0029296875
4568 0.0458984375
4569 -0.0478515625
4570 -0.0771484375
4571 -0.0625
4572 -0.0146484375
4573 -0.146484375
4574 -0.119140625
4575 -0.0947265625
4576 -0.0380859375
4577 -0.1162109375
4578 -0.0908203125
4579 -0.0751953125
4580 -0.021484375
4581 -0.09375
4582 -0.076171875
4583 -0.060546875
4584 -0.009765625
4585 -0.115234375
4586 -0.0986328125
4587 -0.0771484375
4588 -0.021484375
4589 -0.0888671875
4590 -0.0732421875
4591 -0.0576171875
4592 -0.0068359375
4593 -0.0869140625
4594 -0.0751953125
4595 -0.0595703125
4596 -0.0048828125
4597 -0.1171875
4598 -0.09765625
4599 -0.076171875
4600 -0.0185546875
4601 -0.087890625
4602 -0.033203125
4603 -0.0146484375
4604 0.0380859375
4605 0.04296875
4606 0.0732421875
4607 0.078125
4608 0.111328125
4609 0.123046875
4610 0.138671875
4611 0.13671875
4612 0.1591796875
4613 0.1591796875
4614 0.1669921875
4615 0.16015625
4616 0.1767578125
4617 0.1611328125
4618 0.1689453125
4619 0.158203125
4620 0.173828125
4621 0.166015625
4622 0.171875
4623 0.1611328125
4624 0.1748046875
4625 0.13671875
4626 0.0966796875
4627 0.080078125
4628 0.099609375
4629 0.0498046875
4630 0.0703125
4631 0.0654296875
4632 0.0966796875
4633 0.0390625
4634 0.001953125
4635 -0.001953125
4636 0.0322265625
4637 -0.033203125
4638 -0.0341796875
4639 -0.0302734375
4640 0.0107421875
4641 -0.044921875
4642 -0.044921875
4643 -0.037109375
4644 0.00390625
4645 -0.06640625
4646 -0.060546875
4647 -0.052734375
4648 -0.0068359375
4649 -0.09765625
4650 -0.08203125
4651 -0.0693359375
4652 -0.01953125
4653 -0.0810546875
4654 -0.0703125
4655 -0.0595703125
4656 -0.0087890625
4657 -0.05859375
4658 -0.0478515625
4659 -0.041015625
4660 0.0029296875
4661 -0.0634765625
4662 -0.052734375
4663 -0.04296875
4664 -0.0009765625
4665 -0.115234375
4666 -0.12109375
4667 -0.0966796875
4668 -0.0390625
4669 -0.0986328125
4670 -0.083984375
4671 -0.068359375
4672 -0.0146484375
4673 -0.083984375
4674 -0.0673828125
4675 -0.0576171875
4676 -0.0078125
4677 -0.0556640625
4678 -0.0087890625
4679 0.0029296875
4680 0.048828125
4681 -0.0048828125
4682 -0.0595703125
4683 -0.0419921875
4684 0.00390625
4685 -0.0625
4686 -0.017578125
4687 -0.0048828125
4688 0.04296875
4689 -0.001953125
4690 0.029296875
4691 0.0380859375
4692 0.078125
4693 0.017578125
4694 -0.0185546875
4695 -0.015625
4696 0.02734375
4697 -0.052734375
4698 -0.009765625
4699 0.0
4700 0.0478515625
4701 -0.048828125
4702 -0.076171875
4703 -0.0634765625
4704 -0.013671875
4705 -0.146484375
4706 -0.119140625
4707 -0.095703125
4708 -0.0380859375
4709 -0.115234375
4710 -0.091796875
4711 -0.0751953125
4712 -0.021484375
4713 -0.0947265625
4714 -0.0771484375
4715 -0.0615234375
4716 -0.0107421875
4717 -0.1181640625
4718 -0.0986328125
4719 -0.0791015625
4720 -0.0205078125
4721 -0.091796875
4722 -0.072265625
4723 -0.05859375
4724 -0.005859375
4725 -0.0859375
4726 -0.0703125
4727 -0.0576171875
4728 -0.005859375
4729 -0.119140625
4730 -0.09765625
4731 -0.0751953125
4732 -0.01953125
4733 -0.0869140625
4734 -0.033203125
4735 -0.0126953125
4736 0.0380859375
4737 0.0439453125
4738 0.072265625
4739 0.0771484375
4740 0.1123046875
4741 0.1220703125
4742 0.138671875
4743 0.13671875
4744 0.1591796875
4745 0.158203125
4746 0.16796875
4747 0.16015625
4748 0.1787109375
4749 0.1630859375
4750 0.16796875
4751 0.1572265625
4752 0.17578125
4753 0.16796875
4754 0.1728515625
4755 0.162109375
4756 0.1767578125
4757 0.1376953125
4758 0.0966796875
4759 0.08203125
4760 0.099609375
4761 0.0478515625
4762 0.0693359375
4763 0.06640625
4764 0.0986328125
4765 0.0390625
4766 0.001953125
4767 -0.0029296875
4768 0.0341796875
4769 -0.03515625
4770 -0.0322265625
4771 -0.0302734375
4772 0.009765625
4773 -0.0458984375
4774 -0.04296875
4775 -0.03515625
4776 0.0048828125
4777 -0.0654296875
4778 -0.0595703125
4779 -0.0498046875
4780 -0.005859375
4781 -0.09375
4782 -0.08203125
4783 -0.06640625
4784 -0.0185546875
4785 -0.0791015625
4786 -0.0703125
4787 -0.05859375
4788 -0.009765625
4789 -0.0595703125
4790 -0.048828125
4791 -0.041015625
4792 0.0029296875
4793 -0.064453125
4794 -0.0537109375
4795 -0.0419921875
4796 0.0009765625
4797 -0.11328125
4798 -0.12109375
4799 -0.095703125
4800 -0.0390625
4801 -0.09765625
4802 -0.08203125
4803 -0.064453125
4804 -0.015625
4805 -0.0830078125
4806 -0.06640625
4807 -0.0546875
4808 -0.0087890625
4809 -0.056640625
4810 -0.0107421875
4811 0.0029296875
4812 0.046875
4813 -0.00390625
4814 -0.05859375
4815 -0.041015625
4816 0.0048828125
4817 -0.064453125
4818 -0.0166015625
4819 -0.001953125
4820 0.0439453125
4821 -0.0048828125
4822 0.029296875
4823 0.0390625
4824 0.0771484375
4825 0.0185546875
4826 -0.0185546875
4827 -0.013671875
4828 0.025390625
4829 -0.05078125
4830 -0.0087890625
4831 0.0009765625
4832 0.046875
4833 -0.0458984375
4834 -0.07421875
4835 -0.0615234375
4836 -0.0107421875
4837 -0.1474609375
4838 -0.119140625
4839 -0.09375
4840 -0.037109375
4841 -0.115234375
4842 -0.0927734375
4843 -0.072265625
4844 -0.0224609375
4845 -0.0947265625
4846 -0.0771484375
4847 -0.05859375
4848 -0.0087890625
4849 -0.115234375
4850 -0.0986328125
4851 -0.076171875
4852 -0.0205078125
4853 -0.0888671875
4854 -0.072265625
4855 -0.0556640625
4856 -0.005859375
4857 -0.0849609375
4858 -0.0732421875
4859 -0.05859375
4860 -0.0048828125
4861 -0.1171875
4862 -0.0947265625
4863 -0.0732421875
4864 -0.0185546875
4865 -0.0869140625
4866 -0.0302734375
4867 -0.013671875
4868 0.0380859375
4869 0.04296875
4870 0.07421875
4871 0.0810546875
4872 0.11328125
4873 0.125
4874 0.1396484375
4875 0.138671875
4876 0.1591796875
4877 0.1611328125
4878 0.1689453125
4879 0.162109375
4880 0.1787109375
4881 0.1630859375
4882 0.1689453125
4883 0.1591796875
4884 0.1748046875
4885 0.1669921875
4886 0.173828125
4887 0.1630859375
4888 0.1767578125
4889 0.1376953125
4890 0.095703125
4891 0.08203125
4892 0.099609375
4893 0.048828125
4894 0.0693359375
4895 0.0693359375
4896 0.09765625
4897 0.041015625
4898 0.0029296875
4899 0.0009765625
4900 0.0341796875
4901 -0.03515625
4902 -0.033203125
4903 -0.029296875
4904 0.01171875
4905 -0.0478515625
4906 -0.0419921875
4907 -0.0361328125
4908 0.005859375
4909 -0.06640625
4910 -0.0576171875
4911 -0.0498046875
4912 -0.005859375
4913 -0.09375
4914 -0.0791015625
4915 -0.0673828125
4916 -0.0185546875
4917 -0.078125
4918 -0.0673828125
4919 -0.0556640625
4920 -0.01171875
4921 -0.056640625
4922 -0.046875
4923 -0.0390625
4924 0.0029296875
4925 -0.064453125
4926 -0.052734375
4927 -0.04296875
4928 0.001953125
4929 -0.1142578125
4930 -0.1201171875
4931 -0.095703125
4932 -0.0361328125
4933 -0.0986328125
4934 -0.083984375
4935 -0.0654296875
4936 -0.0166015625
4937 -0.0830078125
4938 -0.068359375
4939 -0.0556640625
4940 -0.0087890625
4941 -0.0546875
4942 -0.0107421875
4943 0.0048828125
4944 0.046875
4945 -0.001953125
4946 -0.0595703125
4947 -0.0419921875
4948 0.00390625
4949 -0.0654296875
4950 -0.017578125
4951 -0.0009765625
4952 0.0439453125
4953 -0.00390625
4954 0.03125
4955 0.0390625
4956 0.0791015625
4957 0.01953125
4958 -0.0166015625
4959 -0.01171875
4960 0.02734375
4961 -0.0498046875
4962 -0.0078125
4963 0.00390625
4964 0.046875
4965 -0.04296875
4966 -0.0732421875
4967 -0.0595703125
4968 -0.01171875
4969 -0.1455078125
4970 -0.1171875
4971 -0.091796875
4972 -0.03515625
4973 -0.11328125
4974 -0.08984375
4975 -0.0712890625
4976 -0.0205078125
4977 -0.0927734375
4978 -0.0771484375
4979 -0.060546875
4980 -0.009765625
4981 -0.1181640625
4982 -0.1005859375
4983 -0.078125
4984 -0.0205078125
4985 -0.0908203125
4986 -0.07421875
4987 -0.0556640625
4988 -0.005859375
4989 -0.0849609375
4990 -0.072265625
4991 -0.056640625
4992 -0.0048828125
4993 -0.1201171875
4994 -0.0966796875
4995 -0.0771484375
4996 -0.017578125
4997 -0.087890625
4998 -0.0322265625
4999 -0.013671875
