x y
0 0.0263671875
1 -0.0908203125
2 -0.068359375
3 -0.015625
4 -0.021484375
5 -0.4130859375
6 -0.07421875
7 -0.0048828125
8 -0.0341796875
9 -0.1494140625
10 -0.0615234375
11 0.0068359375
12 -0.0234375
13 -0.1328125
14 -0.005859375
15 0.0654296875
16 0.0322265625
17 -0.08203125
18 -0.0615234375
19 0.0146484375
20 -0.017578125
21 -0.1455078125
22 -0.0166015625
23 0.05859375
24 0.0224609375
25 -0.107421875
26 -0.064453125
27 0.01171875
28 -0.0224609375
29 -0.1357421875
30 -0.0478515625
31 0.0234375
32 -0.01171875
33 -0.1162109375
34 -0.03125
35 0.0361328125
36 -0.0009765625
37 -0.1201171875
38 0.00390625
39 0.0751953125
40 0.0361328125
41 -0.052734375
42 0.0625
43 0.1259765625
44 0.0751953125
45 0.013671875
46 0.1171875
47 0.1787109375
48 0.115234375
49 0.0205078125
50 0.068359375
51 0.1181640625
52 0.060546875
53 -0.0693359375
54 0.04296875
55 0.1064453125
56 0.0595703125
57 -0.080078125
58 -0.0390625
59 0.025390625
60 -0.0087890625
61 -0.1240234375
62 -0.0380859375
63 0.02734375
64 -0.0078125
65 -0.1240234375
66 -0.0380859375
67 0.0283203125
68 -0.0087890625
69 -0.1533203125
70 -0.0244140625
71 0.05078125
72 0.015625
73 -0.0400390625
74 0.0732421875
75 0.138671875
76 0.0830078125
77 -0.0107421875
78 0.0400390625
79 0.0947265625
80 0.0400390625
81 -0.0908203125
82 0.025390625
83 0.0908203125
84 0.048828125
85 -0.08984375
86 -0.046875
87 0.0185546875
88 -0.015625
89 -0.1318359375
90 -0.0439453125
91 0.025390625
92 -0.013671875
93 -0.1259765625
94 -0.041015625
95 0.025390625
96 -0.0107421875
97 -0.1533203125
98 -0.025390625
99 0.0478515625
100 0.0166015625
101 -0.0390625
102 0.072265625
103 0.13671875
104 0.0849609375
105 -0.009765625
106 0.0400390625
107 0.0927734375
108 0.0400390625
109 -0.091796875
110 0.0263671875
111 0.0908203125
112 0.046875
113 -0.091796875
114 -0.0498046875
115 0.0166015625
116 -0.01953125
117 -0.1328125
118 -0.046875
119 0.0234375
120 -0.015625
121 -0.126953125
122 -0.0419921875
123 0.0234375
124 -0.0126953125
125 -0.15625
126 -0.02734375
127 0.0458984375
128 0.0166015625
129 -0.0400390625
130 0.0712890625
131 0.1337890625
132 0.08203125
133 -0.0107421875
134 0.0390625
135 0.091796875
136 0.037109375
137 -0.0927734375
138 0.0234375
139 0.087890625
140 0.0458984375
141 -0.0927734375
142 -0.0517578125
143 0.015625
144 -0.0166015625
145 -0.1337890625
146 -0.0439453125
147 0.0205078125
148 -0.0126953125
149 -0.12890625
150 -0.041015625
151 0.0263671875
152 -0.0126953125
153 -0.1552734375
154 -0.0244140625
155 0.05078125
156 0.0146484375
157 -0.041015625
158 0.0712890625
159 0.1357421875
160 0.0830078125
161 -0.0107421875
162 0.0380859375
163 0.09375
164 0.0361328125
165 -0.0927734375
166 0.025390625
167 0.091796875
168 0.0458984375
169 -0.091796875
170 -0.0498046875
171 0.0166015625
172 -0.0185546875
173 -0.1337890625
174 -0.044921875
175 0.0244140625
176 -0.013671875
177 -0.1298828125
178 -0.04296875
179 0.0234375
180 -0.013671875
181 -0.154296875
182 -0.0263671875
183 0.0498046875
184 0.015625
185 -0.041015625
186 0.0712890625
187 0.1357421875
188 0.0830078125
189 -0.0107421875
190 0.0380859375
191 0.0908203125
192 0.0380859375
193 -0.091796875
194 0.0224609375
195 0.0859375
196 0.046875
197 -0.0908203125
198 -0.0517578125
199 0.013671875
200 -0.0166015625
201 -0.12890625
202 -0.0458984375
203 0.015625
204 -0.013671875
205 -0.1259765625
206 -0.0419921875
207 0.0205078125
208 -0.0126953125
209 -0.1513671875
210 -0.02734375
211 0.0478515625
212 0.015625
213 -0.0390625
214 0.0693359375
215 0.1318359375
216 0.08203125
217 -0.0107421875
218 0.037109375
219 0.0859375
220 0.0380859375
221 -0.087890625
222 0.0234375
223 0.083984375
224 0.044921875
225 -0.0908203125
226 -0.052734375
227 0.01171875
228 -0.0166015625
229 -0.1298828125
230 -0.046875
231 0.0185546875
232 -0.013671875
233 -0.125
234 -0.0439453125
235 0.0185546875
236 -0.01171875
237 -0.15234375
238 -0.02734375
239 0.04296875
240 0.015625
241 -0.0390625
242 0.0703125
243 0.12890625
244 0.0830078125
245 -0.009765625
246 0.037109375
247 0.0869140625
248 0.0380859375
249 -0.0908203125
250 0.0205078125
251 0.083984375
252 0.0439453125
253 -0.0908203125
254 -0.052734375
255 0.0146484375
256 -0.017578125
257 -0.1328125
258 -0.046875
259 0.017578125
260 -0.013671875
261 -0.1259765625
262 -0.04296875
263 0.0185546875
264 -0.01171875
265 -0.15234375
266 -0.02734375
267 0.0439453125
268 0.015625
269 -0.037109375
270 0.0703125
271 0.130859375
272 0.0830078125
273 -0.0087890625
274 0.037109375
275 0.0869140625
276 0.0380859375
277 -0.087890625
278 0.0244140625
279 0.087890625
280 0.0458984375
281 -0.0888671875
282 -0.0498046875
283 0.0146484375
284 -0.0166015625
285 -0.12890625
286 -0.046875
287 0.0205078125
288 -0.0126953125
289 -0.1259765625
290 -0.04296875
291 0.0224609375
292 -0.01171875
293 -0.1533203125
294 -0.0283203125
295 0.046875
296 0.0146484375
297 -0.0390625
298 0.0703125
299 0.1328125
300 0.08203125
301 -0.009765625
302 0.0380859375
303 0.08984375
304 0.037109375
305 -0.091796875
306 0.0224609375
307 0.0859375
308 0.044921875
309 -0.091796875
310 -0.05078125
311 0.0126953125
312 -0.0185546875
313 -0.1318359375
314 -0.046875
315 0.0185546875
316 -0.0146484375
317 -0.126953125
318 -0.04296875
319 0.0234375
320 -0.013671875
321 -0.154296875
322 -0.0263671875
323 0.046875
324 0.013671875
325 -0.0400390625
326 0.0693359375
327 0.134765625
328 0.0810546875
329 -0.01171875
330 0.0380859375
331 0.091796875
332 0.037109375
333 -0.09375
334 0.0234375
335 0.0888671875
336 0.0478515625
337 -0.091796875
338 -0.05078125
339 0.0166015625
340 -0.017578125
341 -0.1318359375
342 -0.044921875
343 0.021484375
344 -0.013671875
345 -0.126953125
346 -0.0419921875
347 0.0224609375
348 -0.013671875
349 -0.1572265625
350 -0.0283203125
351 0.0458984375
352 0.0146484375
353 -0.0419921875
354 0.0712890625
355 0.1328125
356 0.0810546875
357 -0.0126953125
358 0.0380859375
359 0.0908203125
360 0.037109375
361 -0.0947265625
362 0.021484375
363 0.0869140625
364 0.0439453125
365 -0.0947265625
366 -0.052734375
367 0.017578125
368 -0.01953125
369 -0.134765625
370 -0.0478515625
371 0.0224609375
372 -0.0166015625
373 -0.1279296875
374 -0.0419921875
375 0.0234375
376 -0.01171875
377 -0.154296875
378 -0.0263671875
379 0.0478515625
380 0.015625
381 -0.041015625
382 0.0712890625
383 0.1328125
384 0.08203125
385 -0.01171875
386 0.0380859375
387 0.08984375
388 0.037109375
389 -0.0908203125
390 0.0224609375
391 0.0859375
392 0.046875
393 -0.0908203125
394 -0.05078125
395 0.015625
396 -0.017578125
397 -0.1318359375
398 -0.044921875
399 0.01953125
400 -0.0146484375
401 -0.12890625
402 -0.0419921875
403 0.0224609375
404 -0.0126953125
405 -0.158203125
406 -0.02734375
407 0.0478515625
408 0.01171875
409 -0.044921875
410 0.0693359375
411 0.13671875
412 0.0791015625
413 -0.0126953125
414 0.037109375
415 0.0927734375
416 0.03515625
417 -0.095703125
418 0.0224609375
419 0.08984375
420 0.0439453125
421 -0.0927734375
422 -0.05078125
423 0.017578125
424 -0.0185546875
425 -0.134765625
426 -0.0458984375
427 0.0224609375
428 -0.01171875
429 -0.1298828125
430 -0.0419921875
431 0.0263671875
432 -0.013671875
433 -0.1591796875
434 -0.02734375
435 0.05078125
436 0.01171875
437 -0.0439453125
438 0.072265625
439 0.1396484375
440 0.08203125
441 -0.013671875
442 0.0380859375
443 0.09375
444 0.037109375
445 -0.095703125
446 0.0234375
447 0.0908203125
448 0.044921875
449 -0.0927734375
450 -0.0498046875
451 0.017578125
452 -0.0185546875
453 -0.134765625
454 -0.0458984375
455 0.0234375
456 -0.015625
457 -0.1298828125
458 -0.0439453125
459 0.025390625
460 -0.0146484375
461 -0.158203125
462 -0.02734375
463 0.048828125
464 0.0146484375
465 -0.044921875
466 0.0712890625
467 0.13671875
468 0.0810546875
469 -0.013671875
470 0.0400390625
471 0.09375
472 0.037109375
473 -0.095703125
474 0.0224609375
475 0.0888671875
476 0.0439453125
477 -0.0947265625
478 -0.0517578125
479 0.017578125
480 -0.01953125
481 -0.1328125
482 -0.0458984375
483 0.0224609375
484 -0.015625
485 -0.126953125
486 -0.0419921875
487 0.0263671875
488 -0.01171875
489 -0.154296875
490 -0.0244140625
491 0.0498046875
492 0.0166015625
493 -0.0419921875
494 0.0732421875
495 0.13671875
496 0.0830078125
497 -0.013671875
498 0.0400390625
499 0.091796875
500 0.037109375
501 -0.0947265625
502 0.0234375
503 0.0908203125
504 0.044921875
505 -0.0908203125
506 -0.05078125
507 0.0185546875
508 -0.017578125
509 -0.130859375
510 -0.046875
511 0.0205078125
512 -0.013671875
513 -0.1279296875
514 -0.0419921875
515 0.021484375
516 -0.01171875
517 -0.1533203125
518 -0.0244140625
519 0.0458984375
520 0.0166015625
521 -0.0380859375
522 0.0712890625
523 0.1328125
524 0.0830078125
525 -0.0087890625
526 0.0380859375
527 0.0888671875
528 0.0380859375
529 -0.08984375
530 0.0244140625
531 0.0869140625
532 0.0458984375
533 -0.08984375
534 -0.048828125
535 0.013671875
536 -0.0166015625
537 -0.1298828125
538 -0.0458984375
539 0.0185546875
540 -0.0126953125
541 -0.1259765625
542 -0.041015625
543 0.0205078125
544 -0.01171875
545 -0.1513671875
546 -0.0283203125
547 0.0439453125
548 0.015625
549 -0.037109375
550 0.0693359375
551 0.1298828125
552 0.08203125
553 -0.009765625
554 0.037109375
555 0.0869140625
556 0.0390625
557 -0.091796875
558 0.0244140625
559 0.0888671875
560 0.046875
561 -0.091796875
562 -0.05078125
563 0.0146484375
564 -0.0166015625
565 -0.1318359375
566 -0.0458984375
567 0.0205078125
568 -0.0146484375
569 -0.1279296875
570 -0.0419921875
571 0.0244140625
572 -0.0126953125
573 -0.1552734375
574 -0.0283203125
575 0.046875
576 0.0146484375
577 -0.041015625
578 0.072265625
579 0.1328125
580 0.0830078125
581 -0.0107421875
582 0.0380859375
583 0.0908203125
584 0.0380859375
585 -0.08984375
586 0.0224609375
587 0.083984375
588 0.0439453125
589 -0.0908203125
590 -0.05078125
591 0.0107421875
592 -0.017578125
593 -0.1298828125
594 -0.0478515625
595 0.0146484375
596 -0.013671875
597 -0.1259765625
598 -0.0439453125
599 0.0185546875
600 -0.01171875
601 -0.1494140625
602 -0.02734375
603 0.0419921875
604 0.0166015625
605 -0.0361328125
606 0.0703125
607 0.1298828125
608 0.0830078125
609 -0.009765625
610 0.0380859375
611 0.0849609375
612 0.041015625
613 -0.0888671875
614 0.0234375
615 0.0849609375
616 0.046875
617 -0.087890625
618 -0.05078125
619 0.0107421875
620 -0.0166015625
621 -0.12890625
622 -0.0458984375
623 0.017578125
624 -0.013671875
625 -0.126953125
626 -0.0439453125
627 0.0185546875
628 -0.01171875
629 -0.150390625
630 -0.02734375
631 0.0419921875
632 0.0166015625
633 -0.0361328125
634 0.0703125
635 0.12890625
636 0.083984375
637 -0.0087890625
638 0.037109375
639 0.0869140625
640 0.0390625
641 -0.08984375
642 0.0224609375
643 0.083984375
644 0.044921875
645 -0.08984375
646 -0.052734375
647 0.009765625
648 -0.0185546875
649 -0.1318359375
650 -0.046875
651 0.017578125
652 -0.013671875
653 -0.1259765625
654 -0.04296875
655 0.0205078125
656 -0.01171875
657 -0.15234375
658 -0.029296875
659 0.04296875
660 0.0146484375
661 -0.0380859375
662 0.0703125
663 0.1318359375
664 0.0830078125
665 -0.009765625
666 0.037109375
667 0.087890625
668 0.0380859375
669 -0.08984375
670 0.0224609375
671 0.0849609375
672 0.044921875
673 -0.08984375
674 -0.0498046875
675 0.01171875
676 -0.015625
677 -0.1298828125
678 -0.0478515625
679 0.0185546875
680 -0.013671875
681 -0.1259765625
682 -0.04296875
683 0.0185546875
684 -0.01171875
685 -0.1533203125
686 -0.029296875
687 0.0419921875
688 0.0146484375
689 -0.0390625
690 0.0693359375
691 0.12890625
692 0.0830078125
693 -0.01171875
694 0.03515625
695 0.0869140625
696 0.0361328125
697 -0.0947265625
698 0.021484375
699 0.0859375
700 0.0439453125
701 -0.091796875
702 -0.0517578125
703 0.0146484375
704 -0.0166015625
705 -0.1298828125
706 -0.0458984375
707 0.0205078125
708 -0.0146484375
709 -0.126953125
710 -0.04296875
711 0.0244140625
712 -0.013671875
713 -0.1513671875
714 -0.0263671875
715 0.046875
716 0.013671875
717 -0.0390625
718 0.0712890625
719 0.1328125
720 0.0830078125
721 -0.0107421875
722 0.0380859375
723 0.0888671875
724 0.0380859375
725 -0.08984375
726 0.025390625
727 0.0859375
728 0.046875
729 -0.087890625
730 -0.0498046875
731 0.015625
732 -0.0166015625
733 -0.12890625
734 -0.044921875
735 0.0205078125
736 -0.0126953125
737 -0.1259765625
738 -0.0419921875
739 0.0234375
740 -0.01171875
741 -0.1552734375
742 -0.0283203125
743 0.0439453125
744 0.013671875
745 -0.0419921875
746 0.0703125
747 0.1328125
748 0.08203125
749 -0.0107421875
750 0.0380859375
751 0.0888671875
752 0.037109375
753 -0.0927734375
754 0.021484375
755 0.087890625
756 0.0439453125
757 -0.0908203125
758 -0.0498046875
759 0.017578125
760 -0.017578125
761 -0.1318359375
762 -0.044921875
763 0.0205078125
764 -0.013671875
765 -0.12890625
766 -0.041015625
767 0.0224609375
768 -0.0126953125
769 -0.1552734375
770 -0.0263671875
771 0.0478515625
772 0.0146484375
773 -0.041015625
774 0.0712890625
775 0.13671875
776 0.0810546875
777 -0.01171875
778 0.037109375
779 0.091796875
780 0.0361328125
781 -0.091796875
782 0.0224609375
783 0.0888671875
784 0.0439453125
785 -0.0908203125
786 -0.0498046875
787 0.017578125
788 -0.017578125
789 -0.134765625
790 -0.046875
791 0.021484375
792 -0.015625
793 -0.12890625
794 -0.0419921875
795 0.0224609375
796 -0.013671875
797 -0.1572265625
798 -0.029296875
799 0.044921875
800 0.0146484375
801 -0.041015625
802 0.0703125
803 0.1337890625
804 0.0830078125
805 -0.01171875
806 0.0361328125
807 0.08984375
808 0.0380859375
809 -0.0927734375
810 0.021484375
811 0.0849609375
812 0.0439453125
813 -0.091796875
814 -0.0498046875
815 0.013671875
816 -0.0166015625
817 -0.130859375
818 -0.044921875
819 0.0185546875
820 -0.0146484375
821 -0.1279296875
822 -0.0419921875
823 0.0234375
824 -0.0126953125
825 -0.1533203125
826 -0.025390625
827 0.046875
828 0.0146484375
829 -0.0380859375
830 0.0703125
831 0.1337890625
832 0.0830078125
833 -0.0107421875
834 0.037109375
835 0.0888671875
836 0.0380859375
837 -0.09375
838 0.0234375
839 0.087890625
840 0.044921875
841 -0.0908203125
842 -0.0498046875
843 0.015625
844 -0.017578125
845 -0.1318359375
846 -0.0458984375
847 0.0224609375
848 -0.0146484375
849 -0.1279296875
850 -0.04296875
851 0.0224609375
852 -0.01171875
853 -0.15625
854 -0.0263671875
855 0.0478515625
856 0.0146484375
857 -0.0419921875
858 0.0712890625
859 0.1318359375
860 0.0810546875
861 -0.0107421875
862 0.0380859375
863 0.08984375
864 0.0380859375
865 -0.0947265625
866 0.0224609375
867 0.0849609375
868 0.044921875
869 -0.0908203125
870 -0.0517578125
871 0.0166015625
872 -0.017578125
873 -0.130859375
874 -0.0458984375
875 0.0224609375
876 -0.013671875
877 -0.1298828125
878 -0.0419921875
879 0.025390625
880 -0.013671875
881 -0.158203125
882 -0.02734375
883 0.0478515625
884 0.0126953125
885 -0.0439453125
886 0.0712890625
887 0.13671875
888 0.080078125
889 -0.015625
890 0.037109375
891 0.09375
892 0.0361328125
893 -0.095703125
894 0.021484375
895 0.08984375
896 0.0419921875
897 -0.0927734375
898 -0.05078125
899 0.01953125
900 -0.01953125
901 -0.1337890625
902 -0.0458984375
903 0.025390625
904 -0.0146484375
905 -0.1298828125
906 -0.0419921875
907 0.025390625
908 -0.0126953125
909 -0.16015625
910 -0.0263671875
911 0.0478515625
912 0.01171875
913 -0.0439453125
914 0.0712890625
915 0.1357421875
916 0.0810546875
917 -0.01171875
918 0.0380859375
919 0.0927734375
920 0.03515625
921 -0.09375
922 0.021484375
923 0.0849609375
924 0.0439453125
925 -0.0947265625
926 -0.0517578125
927 0.013671875
928 -0.017578125
929 -0.1357421875
930 -0.044921875
931 0.021484375
932 -0.01171875
933 -0.130859375
934 -0.04296875
935 0.0234375
936 -0.013671875
937 -0.1572265625
938 -0.0263671875
939 0.048828125
940 0.013671875
941 -0.0419921875
942 0.0712890625
943 0.13671875
944 0.0810546875
945 -0.013671875
946 0.0380859375
947 0.091796875
948 0.037109375
949 -0.095703125
950 0.025390625
951 0.091796875
952 0.0458984375
953 -0.0927734375
954 -0.0498046875
955 0.0185546875
956 -0.0185546875
957 -0.1337890625
958 -0.0458984375
959 0.0234375
960 -0.0166015625
961 -0.12890625
962 -0.0419921875
963 0.025390625
964 -0.013671875
965 -0.158203125
966 -0.02734375
967 0.048828125
968 0.0146484375
969 -0.041015625
970 0.072265625
971 0.1337890625
972 0.08203125
973 -0.013671875
974 0.0390625
975 0.0908203125
976 0.0380859375
977 -0.0947265625
978 0.0234375
979 0.0888671875
980 0.044921875
981 -0.09375
982 -0.0537109375
983 0.0146484375
984 -0.01953125
985 -0.1337890625
986 -0.046875
987 0.021484375
988 -0.0146484375
989 -0.1279296875
990 -0.04296875
991 0.0234375
992 -0.01171875
993 -0.15625
994 -0.025390625
995 0.046875
996 0.0146484375
997 -0.0419921875
998 0.0732421875
999 0.1337890625
1000 0.08203125
1001 -0.01171875
1002 0.0380859375
1003 0.0908203125
1004 0.0380859375
1005 -0.0927734375
1006 0.0234375
1007 0.0888671875
1008 0.0458984375
1009 -0.0927734375
1010 -0.0517578125
1011 0.0146484375
1012 -0.01953125
1013 -0.130859375
1014 -0.046875
1015 0.0224609375
1016 -0.0146484375
1017 -0.1279296875
1018 -0.041015625
1019 0.0224609375
1020 -0.0126953125
1021 -0.1591796875
1022 -0.0283203125
1023 0.046875
1024 0.013671875
1025 -0.0439453125
1026 0.0712890625
1027 0.134765625
1028 0.08203125
1029 -0.0126953125
1030 0.0361328125
1031 0.091796875
1032 0.03515625
1033 -0.0966796875
1034 0.0224609375
1035 0.087890625
1036 0.044921875
1037 -0.0947265625
1038 -0.0537109375
1039 0.013671875
1040 -0.0185546875
1041 -0.134765625
1042 -0.0458984375
1043 0.021484375
1044 -0.015625
1045 -0.1279296875
1046 -0.041015625
1047 0.0234375
1048 -0.0126953125
1049 -0.154296875
1050 -0.0263671875
1051 0.046875
1052 0.0146484375
1053 -0.0390625
1054 0.0712890625
1055 0.1337890625
1056 0.08203125
1057 -0.009765625
1058 0.037109375
1059 0.0908203125
1060 0.0380859375
1061 -0.091796875
1062 0.0234375
1063 0.087890625
1064 0.0458984375
1065 -0.0927734375
1066 -0.0517578125
1067 0.013671875
1068 -0.017578125
1069 -0.1328125
1070 -0.044921875
1071 0.021484375
1072 -0.0146484375
1073 -0.1298828125
1074 -0.04296875
1075 0.0224609375
1076 -0.0126953125
1077 -0.158203125
1078 -0.029296875
1079 0.0478515625
1080 0.0126953125
1081 -0.0439453125
1082 0.0703125
1083 0.13671875
1084 0.08203125
1085 -0.0126953125
1086 0.0380859375
1087 0.0927734375
1088 0.037109375
1089 -0.095703125
1090 0.0244140625
1091 0.08984375
1092 0.044921875
1093 -0.095703125
1094 -0.0517578125
1095 0.017578125
1096 -0.0185546875
1097 -0.134765625
1098 -0.0458984375
1099 0.0234375
1100 -0.015625
1101 -0.1298828125
1102 -0.0439453125
1103 0.0244140625
1104 -0.013671875
1105 -0.15625
1106 -0.0263671875
1107 0.046875
1108 0.0146484375
1109 -0.04296875
1110 0.072265625
1111 0.134765625
1112 0.08203125
1113 -0.0126953125
1114 0.0380859375
1115 0.091796875
1116 0.0390625
1117 -0.0947265625
1118 0.0234375
1119 0.08984375
1120 0.044921875
1121 -0.09375
1122 -0.052734375
1123 0.0146484375
1124 -0.01953125
1125 -0.1337890625
1126 -0.0498046875
1127 0.021484375
1128 -0.0146484375
1129 -0.1298828125
1130 -0.0439453125
1131 0.021484375
1132 -0.0126953125
1133 -0.158203125
1134 -0.0283203125
1135 0.0458984375
1136 0.013671875
1137 -0.0419921875
1138 0.0712890625
1139 0.134765625
1140 0.08203125
1141 -0.01171875
1142 0.0390625
1143 0.091796875
1144 0.0361328125
1145 -0.0947265625
1146 0.021484375
1147 0.0888671875
1148 0.0439453125
1149 -0.091796875
1150 -0.052734375
1151 0.013671875
1152 -0.0185546875
1153 -0.1337890625
1154 -0.0458984375
1155 0.021484375
1156 -0.0146484375
1157 -0.1279296875
1158 -0.0419921875
1159 0.0244140625
1160 -0.01171875
1161 -0.154296875
1162 -0.0263671875
1163 0.0458984375
1164 0.0166015625
1165 -0.0400390625
1166 0.0732421875
1167 0.134765625
1168 0.08203125
1169 -0.009765625
1170 0.0390625
1171 0.091796875
1172 0.0380859375
1173 -0.091796875
1174 0.0234375
1175 0.0888671875
1176 0.0458984375
1177 -0.0927734375
1178 -0.05078125
1179 0.015625
1180 -0.0185546875
1181 -0.130859375
1182 -0.0439453125
1183 0.0224609375
1184 -0.0126953125
1185 -0.126953125
1186 -0.041015625
1187 0.0244140625
1188 -0.013671875
1189 -0.1552734375
1190 -0.02734375
1191 0.048828125
1192 0.013671875
1193 -0.041015625
1194 0.0712890625
1195 0.1337890625
1196 0.083984375
1197 -0.0107421875
1198 0.0380859375
1199 0.0908203125
1200 0.0380859375
1201 -0.09375
1202 0.0234375
1203 0.087890625
1204 0.0439453125
1205 -0.0927734375
1206 -0.0517578125
1207 0.017578125
1208 -0.0166015625
1209 -0.1318359375
1210 -0.046875
1211 0.0205078125
1212 -0.0146484375
1213 -0.1279296875
1214 -0.0419921875
1215 0.025390625
1216 -0.01171875
1217 -0.1552734375
1218 -0.0283203125
1219 0.0458984375
1220 0.0126953125
1221 -0.041015625
1222 0.0712890625
1223 0.1337890625
1224 0.08203125
1225 -0.0107421875
1226 0.0380859375
1227 0.08984375
1228 0.0380859375
1229 -0.0927734375
1230 0.0244140625
1231 0.0888671875
1232 0.0458984375
1233 -0.091796875
1234 -0.05078125
1235 0.013671875
1236 -0.0166015625
1237 -0.1298828125
1238 -0.0458984375
1239 0.0185546875
1240 -0.0126953125
1241 -0.1240234375
1242 -0.0419921875
1243 0.0205078125
1244 -0.0107421875
1245 -0.154296875
1246 -0.0283203125
1247 0.04296875
1248 0.0146484375
1249 -0.0390625
1250 0.072265625
1251 0.1279296875
1252 0.0830078125
1253 -0.0087890625
1254 0.037109375
1255 0.0888671875
1256 0.0390625
1257 -0.0908203125
1258 0.021484375
1259 0.0830078125
1260 0.0458984375
1261 -0.091796875
1262 -0.0537109375
1263 0.0107421875
1264 -0.0185546875
1265 -0.1298828125
1266 -0.0478515625
1267 0.0166015625
1268 -0.0146484375
1269 -0.126953125
1270 -0.0439453125
1271 0.0166015625
1272 -0.01171875
1273 -0.1533203125
1274 -0.02734375
1275 0.0439453125
1276 0.015625
1277 -0.037109375
1278 0.0712890625
1279 0.130859375
1280 0.08203125
1281 -0.0078125
1282 0.0380859375
1283 0.0859375
1284 0.0390625
1285 -0.0869140625
1286 0.0224609375
1287 0.0830078125
1288 0.0478515625
1289 -0.08984375
1290 -0.0517578125
1291 0.009765625
1292 -0.015625
1293 -0.1298828125
1294 -0.044921875
1295 0.0166015625
1296 -0.0126953125
1297 -0.123046875
1298 -0.0419921875
1299 0.0185546875
1300 -0.0107421875
1301 -0.1533203125
1302 -0.0283203125
1303 0.0439453125
1304 0.0146484375
1305 -0.0361328125
1306 0.0703125
1307 0.1298828125
1308 0.0849609375
1309 -0.009765625
1310 0.037109375
1311 0.087890625
1312 0.0390625
1313 -0.091796875
1314 0.021484375
1315 0.083984375
1316 0.046875
1317 -0.0927734375
1318 -0.052734375
1319 0.0107421875
1320 -0.017578125
1321 -0.1318359375
1322 -0.046875
1323 0.017578125
1324 -0.013671875
1325 -0.1259765625
1326 -0.0439453125
1327 0.0205078125
1328 -0.0126953125
1329 -0.1533203125
1330 -0.029296875
1331 0.0439453125
1332 0.0146484375
1333 -0.0380859375
1334 0.0703125
1335 0.1298828125
1336 0.0830078125
1337 -0.0107421875
1338 0.037109375
1339 0.087890625
1340 0.0390625
1341 -0.0927734375
1342 0.021484375
1343 0.0859375
1344 0.046875
1345 -0.091796875
1346 -0.052734375
1347 0.0126953125
1348 -0.017578125
1349 -0.1318359375
1350 -0.0458984375
1351 0.01953125
1352 -0.0126953125
1353 -0.1279296875
1354 -0.0439453125
1355 0.0224609375
1356 -0.01171875
1357 -0.1572265625
1358 -0.029296875
1359 0.0439453125
1360 0.0146484375
1361 -0.0400390625
1362 0.0703125
1363 0.130859375
1364 0.0830078125
1365 -0.0126953125
1366 0.0380859375
1367 0.0888671875
1368 0.037109375
1369 -0.0947265625
1370 0.0205078125
1371 0.0869140625
1372 0.04296875
1373 -0.09375
1374 -0.0546875
1375 0.0166015625
1376 -0.0185546875
1377 -0.1318359375
1378 -0.046875
1379 0.0224609375
1380 -0.0146484375
1381 -0.1279296875
1382 -0.041015625
1383 0.0234375
1384 -0.01171875
1385 -0.1533203125
1386 -0.025390625
1387 0.0458984375
1388 0.0166015625
1389 -0.0390625
1390 0.072265625
1391 0.134765625
1392 0.0830078125
1393 -0.009765625
1394 0.0390625
1395 0.091796875
1396 0.0380859375
1397 -0.091796875
1398 0.0244140625
1399 0.0908203125
1400 0.046875
1401 -0.0927734375
1402 -0.05078125
1403 0.017578125
1404 -0.017578125
1405 -0.134765625
1406 -0.0439453125
1407 0.0224609375
1408 -0.013671875
1409 -0.12890625
1410 -0.04296875
1411 0.0234375
1412 -0.013671875
1413 -0.1572265625
1414 -0.0263671875
1415 0.0478515625
1416 0.0126953125
1417 -0.041015625
1418 0.0712890625
1419 0.134765625
1420 0.0810546875
1421 -0.0107421875
1422 0.0390625
1423 0.0908203125
1424 0.037109375
1425 -0.09375
1426 0.0244140625
1427 0.087890625
1428 0.0458984375
1429 -0.0927734375
1430 -0.0517578125
1431 0.0166015625
1432 -0.017578125
1433 -0.1328125
1434 -0.0458984375
1435 0.021484375
1436 -0.013671875
1437 -0.125
1438 -0.0400390625
1439 0.0263671875
1440 -0.0107421875
1441 -0.1298828125
1442 -0.0068359375
1443 0.06640625
1444 0.02734375
1445 -0.080078125
1446 -0.03125
1447 0.03515625
1448 -0.005859375
1449 -0.1220703125
1450 -0.041015625
1451 0.0263671875
1452 -0.0087890625
1453 -0.12890625
1454 -0.0419921875
1455 0.0224609375
1456 -0.013671875
1457 -0.1796875
1458 -0.0849609375
1459 -0.0146484375
1460 -0.041015625
1461 -0.2001953125
1462 -0.0634765625
1463 0.0205078125
1464 -0.0048828125
1465 -0.080078125
1466 0.0390625
1467 0.107421875
1468 0.0625
1469 -0.0009765625
1470 0.107421875
1471 0.1669921875
1472 0.109375
1473 0.009765625
1474 0.0576171875
1475 0.1083984375
1476 0.05078125
1477 -0.068359375
1478 0.0458984375
1479 0.1103515625
1480 0.060546875
1481 -0.021484375
1482 0.0869140625
1483 0.1474609375
1484 0.08984375
1485 -0.01171875
1486 0.033203125
1487 0.08984375
1488 0.03515625
1489 -0.07421875
1490 0.0390625
1491 0.10546875
1492 0.0546875
1493 -0.0126953125
1494 0.0927734375
1495 0.15234375
1496 0.09375
1497 -0.0078125
1498 0.03125
1499 0.0859375
1500 0.0361328125
1501 -0.0634765625
1502 0.017578125
1503 0.0712890625
1504 0.0205078125
1505 -0.1416015625
1506 -0.017578125
1507 0.052734375
1508 0.0166015625
1509 -0.1025390625
1510 0.015625
1511 0.0830078125
1512 0.0380859375
1513 -0.1064453125
1514 -0.0615234375
1515 0.0087890625
1516 -0.02734375
1517 -0.14453125
1518 -0.0166015625
1519 0.0546875
1520 0.017578125
1521 -0.0537109375
1522 0.060546875
1523 0.1220703125
1524 0.0703125
1525 -0.0546875
1526 -0.015625
1527 0.046875
1528 0.0048828125
1529 -0.107421875
1530 0.013671875
1531 0.0830078125
1532 0.0361328125
1533 -0.0654296875
1534 -0.0146484375
1535 0.044921875
1536 -0.0009765625
1537 -0.091796875
1538 0.0244140625
1539 0.0927734375
1540 0.0458984375
1541 -0.005859375
1542 0.1005859375
1543 0.1611328125
1544 0.1005859375
1545 -0.02734375
1546 0.0771484375
1547 0.1328125
1548 0.078125
1549 -0.087890625
1550 -0.044921875
1551 0.0166015625
1552 -0.021484375
1553 -0.134765625
1554 -0.046875
1555 0.0185546875
1556 -0.0205078125
1557 -0.19140625
1558 -0.11328125
1559 -0.0361328125
1560 -0.0625
1561 -0.1787109375
1562 -0.048828125
1563 0.02734375
1564 -0.001953125
1565 -0.0986328125
1566 -0.048828125
1567 0.0185546875
1568 -0.0166015625
1569 -0.1201171875
1570 0.001953125
1571 0.0693359375
1572 0.03125
1573 -0.0341796875
1574 0.07421875
1575 0.1357421875
1576 0.080078125
1577 -0.0126953125
1578 0.029296875
1579 0.083984375
1580 0.03125
1581 -0.0634765625
1582 0.0146484375
1583 0.0693359375
1584 0.0185546875
1585 -0.1416015625
1586 -0.0185546875
1587 0.05078125
1588 0.0146484375
1589 -0.1025390625
1590 0.013671875
1591 0.080078125
1592 0.037109375
1593 -0.1064453125
1594 -0.0595703125
1595 0.0087890625
1596 -0.02734375
1597 -0.1455078125
1598 -0.0185546875
1599 0.0546875
1600 0.015625
1601 -0.0703125
1602 0.044921875
1603 0.111328125
1604 0.05859375
1605 -0.0625
1606 -0.021484375
1607 0.0419921875
1608 -0.001953125
1609 -0.1123046875
1610 0.0087890625
1611 0.080078125
1612 0.033203125
1613 -0.0673828125
1614 -0.015625
1615 0.0458984375
1616 -0.0009765625
1617 -0.1279296875
1618 -0.001953125
1619 0.0673828125
1620 0.0263671875
1621 -0.1015625
1622 -0.0537109375
1623 0.013671875
1624 -0.025390625
1625 -0.1337890625
1626 -0.0458984375
1627 0.0205078125
1628 -0.017578125
1629 -0.1884765625
1630 -0.111328125
1631 -0.03125
1632 -0.0576171875
1633 -0.1767578125
1634 -0.04296875
1635 0.033203125
1636 0.0029296875
1637 -0.0927734375
1638 -0.0419921875
1639 0.0244140625
1640 -0.009765625
1641 -0.115234375
1642 0.0078125
1643 0.07421875
1644 0.03515625
1645 -0.0302734375
1646 0.0771484375
1647 0.1396484375
1648 0.0830078125
1649 -0.0078125
1650 0.0322265625
1651 0.0869140625
1652 0.03515625
1653 -0.05859375
1654 0.021484375
1655 0.0771484375
1656 0.0244140625
1657 -0.0625
1658 0.0517578125
1659 0.1171875
1660 0.064453125
1661 0.0068359375
1662 0.1142578125
1663 0.171875
1664 0.109375
1665 0.0009765625
1666 0.1015625
1667 0.1572265625
1668 0.095703125
1669 -0.0234375
1670 0.0791015625
1671 0.1357421875
1672 0.0791015625
1673 -0.060546875
1674 -0.0224609375
1675 0.0380859375
1676 -0.0048828125
1677 -0.126953125
1678 -0.0048828125
1679 0.0634765625
1680 0.0234375
1681 -0.052734375
1682 0.0595703125
1683 0.1220703125
1684 0.0673828125
1685 -0.05859375
1686 -0.017578125
1687 0.0439453125
1688 -0.001953125
1689 -0.11328125
1690 0.0078125
1691 0.0751953125
1692 0.0302734375
1693 -0.0732421875
1694 -0.0244140625
1695 0.037109375
1696 -0.009765625
1697 -0.1015625
1698 0.0166015625
1699 0.0849609375
1700 0.037109375
1701 -0.0126953125
1702 0.0947265625
1703 0.1552734375
1704 0.0947265625
1705 0.0380859375
1706 0.1357421875
1707 0.189453125
1708 0.123046875
1709 0.060546875
1710 0.1552734375
1711 0.2060546875
1712 0.1357421875
1713 0.0166015625
1714 0.109375
1715 0.1591796875
1716 0.09765625
1717 -0.0654296875
1718 -0.0302734375
1719 0.0263671875
1720 -0.017578125
1721 -0.1279296875
1722 -0.048828125
1723 0.0126953125
1724 -0.02734375
1725 -0.19921875
1726 -0.123046875
1727 -0.052734375
1728 -0.0712890625
1729 -0.1884765625
1730 -0.060546875
1731 0.0107421875
1732 -0.0146484375
1733 -0.109375
1734 -0.064453125
1735 0.0009765625
1736 -0.0302734375
1737 -0.1396484375
1738 -0.0224609375
1739 0.0439453125
1740 0.01171875
1741 -0.0625
1742 0.0439453125
1743 0.1025390625
1744 0.0546875
1745 -0.0400390625
1746 -0.00390625
1747 0.048828125
1748 0.0068359375
1749 -0.0849609375
1750 -0.0048828125
1751 0.0478515625
1752 0.0029296875
1753 -0.0888671875
1754 0.0224609375
1755 0.0849609375
1756 0.0419921875
1757 -0.015625
1758 0.0859375
1759 0.1396484375
1760 0.0849609375
1761 0.0263671875
1762 0.12109375
1763 0.1728515625
1764 0.111328125
1765 0.0498046875
1766 0.1416015625
1767 0.193359375
1768 0.1240234375
1769 0.0166015625
1770 0.1083984375
1771 0.16015625
1772 0.095703125
1773 -0.0244140625
1774 0.0703125
1775 0.12109375
1776 0.0654296875
1777 -0.078125
1778 -0.0390625
1779 0.0166015625
1780 -0.0244140625
1781 -0.1416015625
1782 -0.025390625
1783 0.041015625
1784 0.0009765625
1785 -0.068359375
1786 0.0380859375
1787 0.0986328125
1788 0.046875
1789 -0.076171875
1790 -0.0390625
1791 0.01953125
1792 -0.0224609375
1793 -0.130859375
1794 -0.013671875
1795 0.0537109375
1796 0.0107421875
1797 -0.0947265625
1798 -0.0439453125
1799 0.0166015625
1800 -0.029296875
1801 -0.1240234375
1802 -0.0029296875
1803 0.0654296875
1804 0.017578125
1805 -0.0302734375
1806 0.0751953125
1807 0.138671875
1808 0.0732421875
1809 0.01171875
1810 0.1123046875
1811 0.169921875
1812 0.099609375
1813 0.0361328125
1814 0.1337890625
1815 0.1904296875
1816 0.1142578125
1817 -0.0048828125
1818 0.09375
1819 0.1455078125
1820 0.078125
1821 -0.0869140625
1822 -0.0478515625
1823 0.0087890625
1824 -0.0341796875
1825 -0.1474609375
1826 -0.060546875
1827 -0.0009765625
1828 -0.04296875
1829 -0.2138671875
1830 -0.138671875
1831 -0.0615234375
1832 -0.0869140625
1833 -0.20703125
1834 -0.076171875
1835 -0.001953125
1836 -0.03125
1837 -0.1259765625
1838 -0.078125
1839 -0.0107421875
1840 -0.044921875
1841 -0.1875
1842 -0.060546875
1843 0.0126953125
1844 -0.0185546875
1845 -0.111328125
1846 0.005859375
1847 0.0703125
1848 0.0263671875
1849 -0.072265625
1850 -0.029296875
1851 0.0283203125
1852 -0.015625
1853 -0.10546875
1854 -0.0234375
1855 0.033203125
1856 -0.013671875
1857 -0.107421875
1858 0.005859375
1859 0.0712890625
1860 0.0283203125
1861 -0.0302734375
1862 0.0712890625
1863 0.1298828125
1864 0.0732421875
1865 0.0078125
1866 0.1044921875
1867 0.1591796875
1868 0.0966796875
1869 0.033203125
1870 0.1298828125
1871 0.1826171875
1872 0.11328125
1873 0.0078125
1874 0.1015625
1875 0.1513671875
1876 0.0869140625
1877 -0.029296875
1878 0.0654296875
1879 0.12109375
1880 0.060546875
1881 -0.0771484375
1882 -0.0380859375
1883 0.021484375
1884 -0.0263671875
1885 -0.1484375
1886 -0.0283203125
1887 0.0419921875
1888 -0.0029296875
1889 -0.080078125
1890 0.0322265625
1891 0.09375
1892 0.0400390625
1893 -0.087890625
1894 -0.0498046875
1895 0.013671875
1896 -0.03125
1897 -0.142578125
1898 -0.0224609375
1899 0.046875
1900 0.0009765625
1901 -0.1015625
1902 -0.0517578125
1903 0.0107421875
1904 -0.0361328125
1905 -0.1318359375
1906 -0.01171875
1907 0.05859375
1908 0.01171875
1909 -0.0380859375
1910 0.0703125
1911 0.130859375
1912 0.0693359375
1913 0.0087890625
1914 0.1083984375
1915 0.1630859375
1916 0.0966796875
1917 0.0341796875
1918 0.130859375
1919 0.1826171875
1920 0.1103515625
1921 -0.0087890625
1922 0.0859375
1923 0.1376953125
1924 0.0732421875
1925 -0.0908203125
1926 -0.0517578125
1927 0.0068359375
1928 -0.0390625
1929 -0.1513671875
1930 -0.0673828125
1931 -0.005859375
1932 -0.046875
1933 -0.21875
1934 -0.1416015625
1935 -0.0673828125
1936 -0.091796875
1937 -0.2119140625
1938 -0.0791015625
1939 -0.0048828125
1940 -0.0341796875
1941 -0.1328125
1942 -0.08203125
1943 -0.015625
1944 -0.0517578125
1945 -0.16015625
1946 -0.037109375
1947 0.0302734375
1948 -0.0068359375
1949 -0.0771484375
1950 0.03125
1951 0.091796875
1952 0.0400390625
1953 -0.052734375
1954 -0.0107421875
1955 0.04296875
1956 -0.0048828125
1957 -0.099609375
1958 -0.017578125
1959 0.0400390625
1960 -0.0126953125
1961 -0.107421875
1962 0.0078125
1963 0.0732421875
1964 0.025390625
1965 -0.0390625
1966 0.0654296875
1967 0.125
1968 0.0654296875
1969 -0.0068359375
1970 0.09375
1971 0.15234375
1972 0.0869140625
1973 0.0244140625
1974 0.1201171875
1975 0.17578125
1976 0.10546875
1977 -0.00390625
1978 0.095703125
1979 0.1474609375
1980 0.08203125
1981 -0.041015625
1982 0.0615234375
1983 0.1162109375
1984 0.0537109375
1985 -0.0908203125
1986 -0.048828125
1987 0.01171875
1988 -0.0361328125
1989 -0.1611328125
1990 -0.037109375
1991 0.0322265625
1992 -0.01171875
1993 -0.1005859375
1994 0.0146484375
1995 0.08203125
1996 0.025390625
1997 -0.0986328125
1998 -0.0576171875
1999 0.0078125
2000 -0.0390625
2001 -0.1494140625
2002 -0.0283203125
2003 0.0419921875
2004 -0.0029296875
2005 -0.1044921875
2006 -0.0517578125
2007 0.009765625
2008 -0.0380859375
2009 -0.1796875
2010 -0.05078125
2011 0.01953125
2012 -0.0185546875
2013 -0.146484375
2014 -0.0966796875
2015 -0.0283203125
2016 -0.0654296875
2017 -0.1728515625
2018 -0.0830078125
2019 -0.0146484375
2020 -0.0537109375
2021 -0.22265625
2022 -0.1435546875
2023 -0.064453125
2024 -0.0908203125
2025 -0.2109375
2026 -0.076171875
2027 0.001953125
2028 -0.029296875
2029 -0.1279296875
2030 -0.076171875
2031 -0.0068359375
2032 -0.0439453125
2033 -0.1982421875
2034 -0.0654296875
2035 0.0107421875
2036 -0.0234375
2037 -0.125
2038 -0.001953125
2039 0.06640625
2040 0.0185546875
2041 -0.078125
2042 -0.0322265625
2043 0.03125
2044 -0.0166015625
2045 -0.107421875
2046 -0.0224609375
2047 0.037109375
2048 -0.0107421875
2049 -0.10546875
2050 0.009765625
2051 0.076171875
2052 0.0302734375
2053 -0.0390625
2054 0.0693359375
2055 0.1279296875
2056 0.0703125
2057 0.00390625
2058 0.10546875
2059 0.16015625
2060 0.095703125
2061 0.0341796875
2062 0.12890625
2063 0.1845703125
2064 0.115234375
2065 0.0068359375
2066 0.1015625
2067 0.154296875
2068 0.0888671875
2069 -0.0322265625
2070 0.0693359375
2071 0.123046875
2072 0.0625
2073 -0.0751953125
2074 -0.0361328125
2075 0.0224609375
2076 -0.0234375
2077 -0.1455078125
2078 -0.0263671875
2079 0.0419921875
2080 0.0009765625
2081 -0.0771484375
2082 0.0341796875
2083 0.0966796875
2084 0.0419921875
2085 -0.0830078125
2086 -0.044921875
2087 0.017578125
2088 -0.02734375
2089 -0.1376953125
2090 -0.0185546875
2091 0.0498046875
2092 0.005859375
2093 -0.0986328125
2094 -0.048828125
2095 0.0107421875
2096 -0.0322265625
2097 -0.1298828125
2098 -0.0087890625
2099 0.0576171875
2100 0.0126953125
2101 -0.033203125
2102 0.0732421875
2103 0.1318359375
2104 0.0712890625
2105 0.0048828125
2106 0.1044921875
2107 0.1591796875
2108 0.095703125
2109 0.033203125
2110 0.12890625
2111 0.181640625
2112 0.111328125
2113 -0.0087890625
2114 0.0859375
2115 0.1376953125
2116 0.07421875
2117 -0.0908203125
2118 -0.052734375
2119 0.0048828125
2120 -0.037109375
2121 -0.1494140625
2122 -0.06640625
2123 -0.0048828125
2124 -0.044921875
2125 -0.216796875
2126 -0.140625
2127 -0.064453125
2128 -0.091796875
2129 -0.2080078125
2130 -0.0791015625
2131 -0.0009765625
2132 -0.0322265625
2133 -0.12890625
2134 -0.0810546875
2135 -0.013671875
2136 -0.05078125
2137 -0.1591796875
2138 -0.037109375
2139 0.029296875
2140 -0.0068359375
2141 -0.080078125
2142 0.03125
2143 0.0888671875
2144 0.0400390625
2145 -0.0517578125
2146 -0.0107421875
2147 0.0419921875
2148 -0.00390625
2149 -0.095703125
2150 -0.0166015625
2151 0.0380859375
2152 -0.0107421875
2153 -0.099609375
2154 0.009765625
2155 0.07421875
2156 0.02734375
2157 -0.0322265625
2158 0.0673828125
2159 0.1259765625
2160 0.0693359375
2161 0.0029296875
2162 0.099609375
2163 0.1533203125
2164 0.0908203125
2165 0.0302734375
2166 0.123046875
2167 0.17578125
2168 0.1103515625
2169 0.001953125
2170 0.0947265625
2171 0.1455078125
2172 0.0810546875
2173 -0.0390625
2174 0.056640625
2175 0.111328125
2176 0.0546875
2177 -0.087890625
2178 -0.0498046875
2179 0.0068359375
2180 -0.0341796875
2181 -0.1572265625
2182 -0.037109375
2183 0.029296875
2184 -0.009765625
2185 -0.0966796875
2186 0.0146484375
2187 0.076171875
2188 0.0283203125
2189 -0.09375
2190 -0.0537109375
2191 0.0048828125
2192 -0.0341796875
2193 -0.142578125
2194 -0.0244140625
2195 0.0400390625
2196 0.0
2197 -0.099609375
2198 -0.0517578125
2199 0.0078125
2200 -0.03515625
2201 -0.17578125
2202 -0.0517578125
2203 0.0205078125
2204 -0.017578125
2205 -0.1416015625
2206 -0.0947265625
2207 -0.029296875
2208 -0.0615234375
2209 -0.1708984375
2210 -0.0830078125
2211 -0.0146484375
2212 -0.0537109375
2213 -0.224609375
2214 -0.1435546875
2215 -0.0634765625
2216 -0.0888671875
2217 -0.208984375
2218 -0.076171875
2219 0.0029296875
2220 -0.0302734375
2221 -0.126953125
2222 -0.076171875
2223 -0.005859375
2224 -0.044921875
2225 -0.1962890625
2226 -0.0654296875
2227 0.0126953125
2228 -0.021484375
2229 -0.1201171875
2230 -0.0009765625
2231 0.064453125
2232 0.0224609375
2233 -0.076171875
2234 -0.03125
2235 0.029296875
2236 -0.013671875
2237 -0.107421875
2238 -0.021484375
2239 0.0341796875
2240 -0.009765625
2241 -0.1044921875
2242 0.009765625
2243 0.0751953125
2244 0.0302734375
2245 -0.0361328125
2246 0.0673828125
2247 0.12890625
2248 0.0712890625
2249 0.005859375
2250 0.103515625
2251 0.1611328125
2252 0.0966796875
2253 0.0341796875
2254 0.130859375
2255 0.181640625
2256 0.115234375
2257 0.0078125
2258 0.103515625
2259 0.1513671875
2260 0.091796875
2261 -0.0263671875
2262 0.0703125
2263 0.123046875
2264 0.064453125
2265 -0.0693359375
2266 -0.033203125
2267 0.0234375
2268 -0.021484375
2269 -0.1396484375
2270 -0.0224609375
2271 0.0400390625
2272 0.001953125
2273 -0.0712890625
2274 0.03515625
2275 0.0927734375
2276 0.04296875
2277 -0.0830078125
2278 -0.046875
2279 0.009765625
2280 -0.02734375
2281 -0.13671875
2282 -0.01953125
2283 0.0439453125
2284 0.0068359375
2285 -0.0966796875
2286 -0.0498046875
2287 0.0078125
2288 -0.0322265625
2289 -0.125
2290 -0.0107421875
2291 0.0546875
2292 0.0146484375
2293 -0.0322265625
2294 0.0703125
2295 0.130859375
2296 0.0732421875
2297 0.0078125
2298 0.1044921875
2299 0.1572265625
2300 0.0947265625
2301 0.033203125
2302 0.126953125
2303 0.1787109375
2304 0.111328125
2305 -0.0087890625
2306 0.083984375
2307 0.1357421875
2308 0.0751953125
2309 -0.08984375
2310 -0.0537109375
2311 0.00390625
2312 -0.0390625
2313 -0.150390625
2314 -0.0673828125
2315 -0.0068359375
2316 -0.044921875
2317 -0.216796875
2318 -0.140625
2319 -0.064453125
2320 -0.0908203125
2321 -0.208984375
2322 -0.078125
2323 -0.00390625
2324 -0.03125
2325 -0.12890625
2326 -0.0810546875
2327 -0.0146484375
2328 -0.0498046875
2329 -0.162109375
2330 -0.0380859375
2331 0.0283203125
2332 -0.005859375
2333 -0.0810546875
2334 0.029296875
2335 0.0908203125
2336 0.041015625
2337 -0.052734375
2338 -0.013671875
2339 0.0439453125
2340 -0.0048828125
2341 -0.09765625
2342 -0.0185546875
2343 0.037109375
2344 -0.0107421875
2345 -0.1015625
2346 0.009765625
2347 0.0712890625
2348 0.02734375
2349 -0.03515625
2350 0.0693359375
2351 0.1259765625
2352 0.0703125
2353 0.0
2354 0.099609375
2355 0.1533203125
2356 0.0908203125
2357 0.0283203125
2358 0.123046875
2359 0.1767578125
2360 0.1083984375
2361 0.0029296875
2362 0.09375
2363 0.1455078125
2364 0.08203125
2365 -0.037109375
2366 0.0595703125
2367 0.1123046875
2368 0.0556640625
2369 -0.083984375
2370 -0.046875
2371 0.0107421875
2372 -0.0322265625
2373 -0.154296875
2374 -0.0341796875
2375 0.03125
2376 -0.0078125
2377 -0.08203125
2378 0.025390625
2379 0.0869140625
2380 0.0341796875
2381 -0.08203125
2382 -0.0458984375
2383 0.0126953125
2384 -0.0283203125
2385 -0.1494140625
2386 -0.033203125
2387 0.0341796875
2388 -0.005859375
2389 -0.107421875
2390 -0.060546875
2391 -0.001953125
2392 -0.041015625
2393 -0.154296875
2394 -0.033203125
2395 0.03515625
2396 -0.00390625
2397 -0.048828125
2398 0.0576171875
2399 0.1162109375
2400 0.0595703125
2401 0.0009765625
2402 0.099609375
2403 0.154296875
2404 0.0888671875
2405 0.02734375
2406 0.123046875
2407 0.17578125
2408 0.10546875
2409 -0.013671875
2410 0.080078125
2411 0.130859375
2412 0.068359375
2413 -0.0947265625
2414 -0.0556640625
2415 0.0
2416 -0.04296875
2417 -0.1591796875
2418 -0.0751953125
2419 -0.0146484375
2420 -0.0517578125
2421 -0.2353515625
2422 -0.15625
2423 -0.08203125
2424 -0.103515625
2425 -0.2490234375
2426 -0.1123046875
2427 -0.03125
2428 -0.0537109375
2429 -0.1318359375
2430 -0.0146484375
2431 0.052734375
2432 0.009765625
2433 -0.12109375
2434 -0.08203125
2435 -0.01953125
2436 -0.0517578125
2437 -0.1708984375
2438 -0.0869140625
2439 -0.021484375
2440 -0.052734375
2441 -0.16015625
2442 -0.07421875
2443 -0.01171875
2444 -0.044921875
2445 -0.1650390625
2446 -0.041015625
2447 0.025390625
2448 -0.0087890625
2449 -0.0966796875
2450 0.015625
2451 0.0810546875
2452 0.03125
2453 -0.0302734375
2454 0.0751953125
2455 0.1328125
2456 0.0732421875
2457 -0.0224609375
2458 0.0263671875
2459 0.0751953125
2460 0.017578125
2461 -0.111328125
2462 0.0
2463 0.0615234375
2464 0.017578125
2465 -0.1201171875
2466 -0.0791015625
2467 -0.015625
2468 -0.048828125
2469 -0.1640625
2470 -0.080078125
2471 -0.0146484375
2472 -0.046875
2473 -0.16015625
2474 -0.0771484375
2475 -0.013671875
2476 -0.0478515625
2477 -0.1875
2478 -0.060546875
2479 0.0107421875
2480 -0.0185546875
2481 -0.072265625
2482 0.0380859375
2483 0.0966796875
2484 0.048828125
2485 -0.044921875
2486 0.0048828125
2487 0.056640625
2488 0.0048828125
2489 -0.125
2490 -0.0087890625
2491 0.0546875
2492 0.013671875
2493 -0.1220703125
2494 -0.0830078125
2495 -0.013671875
2496 -0.048828125
2497 -0.1611328125
2498 -0.0771484375
2499 -0.0078125
2500 -0.0419921875
2501 -0.1572265625
2502 -0.0703125
2503 -0.00390625
2504 -0.0419921875
2505 -0.1826171875
2506 -0.0546875
2507 0.017578125
2508 -0.01171875
2509 -0.068359375
2510 0.044921875
2511 0.1064453125
2512 0.0556640625
2513 -0.0390625
2514 0.013671875
2515 0.0654296875
2516 0.01171875
2517 -0.1201171875
2518 -0.0029296875
2519 0.0634765625
2520 0.0185546875
2521 -0.119140625
2522 -0.0771484375
2523 -0.005859375
2524 -0.044921875
2525 -0.1572265625
2526 -0.0703125
2527 -0.0009765625
2528 -0.0380859375
2529 -0.154296875
2530 -0.064453125
2531 0.001953125
2532 -0.0380859375
2533 -0.181640625
2534 -0.048828125
2535 0.02734375
2536 -0.0087890625
2537 -0.064453125
2538 0.0478515625
2539 0.1142578125
2540 0.0595703125
2541 -0.03515625
2542 0.0166015625
2543 0.072265625
2544 0.0146484375
2545 -0.1162109375
2546 0.0009765625
2547 0.0703125
2548 0.0224609375
2549 -0.1162109375
2550 -0.0732421875
2551 -0.0029296875
2552 -0.0400390625
2553 -0.154296875
2554 -0.06640625
2555 0.0009765625
2556 -0.0341796875
2557 -0.150390625
2558 -0.0615234375
2559 0.00390625
2560 -0.0322265625
2561 -0.17578125
2562 -0.044921875
2563 0.029296875
2564 -0.0048828125
2565 -0.0615234375
2566 0.052734375
2567 0.1181640625
2568 0.0615234375
2569 -0.03125
2570 0.0185546875
2571 0.07421875
2572 0.0185546875
2573 -0.1103515625
2574 0.0068359375
2575 0.0712890625
2576 0.0283203125
2577 -0.1103515625
2578 -0.0673828125
2579 -0.0009765625
2580 -0.0361328125
2581 -0.15234375
2582 -0.0625
2583 0.0068359375
2584 -0.0302734375
2585 -0.1474609375
2586 -0.0595703125
2587 0.009765625
2588 -0.03125
2589 -0.1728515625
2590 -0.0439453125
2591 0.033203125
2592 -0.0009765625
2593 -0.05859375
2594 0.0546875
2595 0.12109375
2596 0.0654296875
2597 -0.0283203125
2598 0.0234375
2599 0.0791015625
2600 0.0224609375
2601 -0.1103515625
2602 0.0078125
2603 0.07421875
2604 0.0302734375
2605 -0.1083984375
2606 -0.064453125
2607 0.001953125
2608 -0.033203125
2609 -0.150390625
2610 -0.0595703125
2611 0.0087890625
2612 -0.029296875
2613 -0.14453125
2614 -0.0576171875
2615 0.0126953125
2616 -0.0283203125
2617 -0.1708984375
2618 -0.0419921875
2619 0.03515625
2620 0.0009765625
2621 -0.056640625
2622 0.0576171875
2623 0.12109375
2624 0.068359375
2625 -0.0244140625
2626 0.025390625
2627 0.078125
2628 0.0263671875
2629 -0.107421875
2630 0.01171875
2631 0.0771484375
2632 0.033203125
2633 -0.1064453125
2634 -0.0654296875
2635 0.00390625
2636 -0.03125
2637 -0.1455078125
2638 -0.05859375
2639 0.0126953125
2640 -0.0263671875
2641 -0.1416015625
2642 -0.0546875
2643 0.01171875
2644 -0.0263671875
2645 -0.1728515625
2646 -0.0380859375
2647 0.0380859375
2648 0.0029296875
2649 -0.0546875
2650 0.060546875
2651 0.125
2652 0.0712890625
2653 -0.0244140625
2654 0.02734375
2655 0.08203125
2656 0.0263671875
2657 -0.1064453125
2658 0.0107421875
2659 0.0810546875
2660 0.0322265625
2661 -0.1044921875
2662 -0.0634765625
2663 0.0068359375
2664 -0.029296875
2665 -0.1455078125
2666 -0.056640625
2667 0.0126953125
2668 -0.0244140625
2669 -0.1396484375
2670 -0.0517578125
2671 0.0146484375
2672 -0.021484375
2673 -0.1650390625
2674 -0.03515625
2675 0.0390625
2676 0.005859375
2677 -0.05078125
2678 0.060546875
2679 0.126953125
2680 0.072265625
2681 -0.01953125
2682 0.0283203125
2683 0.0830078125
2684 0.029296875
2685 -0.099609375
2686 0.0146484375
2687 0.0810546875
2688 0.0380859375
2689 -0.099609375
2690 -0.05859375
2691 0.0087890625
2692 -0.025390625
2693 -0.140625
2694 -0.0537109375
2695 0.0146484375
2696 -0.021484375
2697 -0.13671875
2698 -0.048828125
2699 0.017578125
2700 -0.021484375
2701 -0.1630859375
2702 -0.03515625
2703 0.0400390625
2704 0.0068359375
2705 -0.048828125
2706 0.0634765625
2707 0.1259765625
2708 0.07421875
2709 -0.01953125
2710 0.0283203125
2711 0.083984375
2712 0.029296875
2713 -0.1025390625
2714 0.0146484375
2715 0.08203125
2716 0.037109375
2717 -0.0986328125
2718 -0.0576171875
2719 0.0107421875
2720 -0.0244140625
2721 -0.1396484375
2722 -0.0537109375
2723 0.0146484375
2724 -0.0205078125
2725 -0.134765625
2726 -0.048828125
2727 0.01953125
2728 -0.01953125
2729 -0.1630859375
2730 -0.0341796875
2731 0.0419921875
2732 0.0078125
2733 -0.048828125
2734 0.064453125
2735 0.1279296875
2736 0.0751953125
2737 -0.0205078125
2738 0.03125
2739 0.0849609375
2740 0.0302734375
2741 -0.0986328125
2742 0.0185546875
2743 0.083984375
2744 0.0390625
2745 -0.09765625
2746 -0.0576171875
2747 0.009765625
2748 -0.0244140625
2749 -0.1376953125
2750 -0.0517578125
2751 0.015625
2752 -0.0205078125
2753 -0.1328125
2754 -0.0478515625
2755 0.017578125
2756 -0.0185546875
2757 -0.1630859375
2758 -0.0361328125
2759 0.0390625
2760 0.0078125
2761 -0.0478515625
2762 0.0654296875
2763 0.1279296875
2764 0.076171875
2765 -0.017578125
2766 0.03125
2767 0.0849609375
2768 0.03125
2769 -0.099609375
2770 0.0166015625
2771 0.0830078125
2772 0.0400390625
2773 -0.099609375
2774 -0.0576171875
2775 0.0126953125
2776 -0.0244140625
2777 -0.1396484375
2778 -0.0517578125
2779 0.0185546875
2780 -0.01953125
2781 -0.134765625
2782 -0.0478515625
2783 0.0185546875
2784 -0.017578125
2785 -0.1630859375
2786 -0.03125
2787 0.0419921875
2788 0.009765625
2789 -0.044921875
2790 0.0673828125
2791 0.130859375
2792 0.076171875
2793 -0.015625
2794 0.0322265625
2795 0.0869140625
2796 0.033203125
2797 -0.0986328125
2798 0.01953125
2799 0.0859375
2800 0.041015625
2801 -0.0966796875
2802 -0.0556640625
2803 0.01171875
2804 -0.0224609375
2805 -0.1396484375
2806 -0.05078125
2807 0.0185546875
2808 -0.01953125
2809 -0.1337890625
2810 -0.046875
2811 0.0166015625
2812 -0.0166015625
2813 -0.162109375
2814 -0.033203125
2815 0.0419921875
2816 0.0087890625
2817 -0.044921875
2818 0.06640625
2819 0.12890625
2820 0.0771484375
2821 -0.015625
2822 0.033203125
2823 0.0869140625
2824 0.033203125
2825 -0.0986328125
2826 0.0185546875
2827 0.0830078125
2828 0.041015625
2829 -0.0966796875
2830 -0.0546875
2831 0.0107421875
2832 -0.021484375
2833 -0.1376953125
2834 -0.048828125
2835 0.017578125
2836 -0.0185546875
2837 -0.1328125
2838 -0.0478515625
2839 0.021484375
2840 -0.0166015625
2841 -0.1572265625
2842 -0.03125
2843 0.044921875
2844 0.0126953125
2845 -0.0419921875
2846 0.068359375
2847 0.1318359375
2848 0.0791015625
2849 -0.0146484375
2850 0.0341796875
2851 0.0859375
2852 0.0341796875
2853 -0.09765625
2854 0.0185546875
2855 0.08203125
2856 0.0439453125
2857 -0.0966796875
2858 -0.0556640625
2859 0.0087890625
2860 -0.0205078125
2861 -0.1328125
2862 -0.05078125
2863 0.0146484375
2864 -0.015625
2865 -0.12890625
2866 -0.046875
2867 0.017578125
2868 -0.015625
2869 -0.1572265625
2870 -0.03125
2871 0.041015625
2872 0.0107421875
2873 -0.0400390625
2874 0.0673828125
2875 0.126953125
2876 0.0810546875
2877 -0.0126953125
2878 0.0341796875
2879 0.0830078125
2880 0.03515625
2881 -0.0927734375
2882 0.017578125
2883 0.080078125
2884 0.04296875
2885 -0.0927734375
2886 -0.0556640625
2887 0.0078125
2888 -0.0205078125
2889 -0.130859375
2890 -0.05078125
2891 0.0146484375
2892 -0.0146484375
2893 -0.1259765625
2894 -0.0439453125
2895 0.017578125
2896 -0.0126953125
2897 -0.1513671875
2898 -0.0283203125
2899 0.041015625
2900 0.0146484375
2901 -0.0390625
2902 0.0673828125
2903 0.126953125
2904 0.0810546875
2905 -0.0126953125
2906 0.0341796875
2907 0.083984375
2908 0.03515625
2909 -0.0888671875
2910 0.0205078125
2911 0.0830078125
2912 0.044921875
2913 -0.0888671875
2914 -0.052734375
2915 0.01171875
2916 -0.0185546875
2917 -0.130859375
2918 -0.0478515625
2919 0.0185546875
2920 -0.015625
2921 -0.12890625
2922 -0.0439453125
2923 0.017578125
2924 -0.0146484375
2925 -0.154296875
2926 -0.0283203125
2927 0.0419921875
2928 0.013671875
2929 -0.0380859375
2930 0.0673828125
2931 0.1298828125
2932 0.080078125
2933 -0.01171875
2934 0.0341796875
2935 0.0869140625
2936 0.037109375
2937 -0.08984375
2938 0.0205078125
2939 0.0830078125
2940 0.044921875
2941 -0.091796875
2942 -0.052734375
2943 0.0107421875
2944 -0.017578125
2945 -0.1318359375
2946 -0.0478515625
2947 0.015625
2948 -0.0146484375
2949 -0.1279296875
2950 -0.044921875
2951 0.0166015625
2952 -0.0146484375
2953 -0.1533203125
2954 -0.029296875
2955 0.041015625
2956 0.0146484375
2957 -0.0390625
2958 0.068359375
2959 0.1298828125
2960 0.080078125
2961 -0.009765625
2962 0.03515625
2963 0.0849609375
2964 0.0380859375
2965 -0.091796875
2966 0.0224609375
2967 0.0849609375
2968 0.044921875
2969 -0.091796875
2970 -0.0517578125
2971 0.0126953125
2972 -0.01953125
2973 -0.130859375
2974 -0.048828125
2975 0.0185546875
2976 -0.0146484375
2977 -0.1279296875
2978 -0.0458984375
2979 0.0205078125
2980 -0.0146484375
2981 -0.154296875
2982 -0.029296875
2983 0.044921875
2984 0.013671875
2985 -0.041015625
2986 0.0693359375
2987 0.1298828125
2988 0.0810546875
2989 -0.0107421875
2990 0.0361328125
2991 0.0869140625
2992 0.037109375
2993 -0.09375
2994 0.0205078125
2995 0.0830078125
2996 0.0439453125
2997 -0.0947265625
2998 -0.0556640625
2999 0.0107421875
3000 -0.0205078125
3001 -0.1337890625
3002 -0.0498046875
3003 0.0185546875
3004 -0.015625
3005 -0.12890625
3006 -0.044921875
3007 0.0205078125
3008 -0.013671875
3009 -0.1552734375
3010 -0.029296875
3011 0.0439453125
3012 0.0146484375
3013 -0.041015625
3014 0.0703125
3015 0.1337890625
3016 0.080078125
3017 -0.0126953125
3018 0.0361328125
3019 0.08984375
3020 0.037109375
3021 -0.09375
3022 0.0224609375
3023 0.0888671875
3024 0.0439453125
3025 -0.091796875
3026 -0.052734375
3027 0.015625
3028 -0.01953125
3029 -0.130859375
3030 -0.0478515625
3031 0.01953125
3032 -0.015625
3033 -0.130859375
3034 -0.044921875
3035 0.0205078125
3036 -0.0146484375
3037 -0.158203125
3038 -0.0283203125
3039 0.0458984375
3040 0.013671875
3041 -0.04296875
3042 0.0703125
3043 0.1337890625
3044 0.080078125
3045 -0.0146484375
3046 0.03515625
3047 0.0908203125
3048 0.0341796875
3049 -0.0966796875
3050 0.021484375
3051 0.0869140625
3052 0.0419921875
3053 -0.09375
3054 -0.0546875
3055 0.0146484375
3056 -0.0185546875
3057 -0.13671875
3058 -0.0478515625
3059 0.0205078125
3060 -0.0146484375
3061 -0.1328125
3062 -0.0419921875
3063 0.0244140625
3064 -0.015625
3065 -0.1572265625
3066 -0.0283203125
3067 0.0478515625
3068 0.0126953125
3069 -0.0419921875
3070 0.0712890625
3071 0.134765625
3072 0.08203125
3073 -0.013671875
3074 0.0361328125
3075 0.08984375
3076 0.0361328125
3077 -0.09375
3078 0.0224609375
3079 0.0869140625
3080 0.044921875
3081 -0.0927734375
3082 -0.0517578125
3083 0.0126953125
3084 -0.01953125
3085 -0.134765625
3086 -0.0458984375
3087 0.01953125
3088 -0.015625
3089 -0.1298828125
3090 -0.0439453125
3091 0.0205078125
3092 -0.0146484375
3093 -0.16015625
3094 -0.03125
3095 0.04296875
3096 0.0107421875
3097 -0.04296875
3098 0.0693359375
3099 0.1318359375
3100 0.080078125
3101 -0.0126953125
3102 0.037109375
3103 0.087890625
3104 0.037109375
3105 -0.095703125
3106 0.021484375
3107 0.0859375
3108 0.0439453125
3109 -0.09375
3110 -0.05078125
3111 0.015625
3112 -0.0205078125
3113 -0.1318359375
3114 -0.0478515625
3115 0.01953125
3116 -0.015625
3117 -0.126953125
3118 -0.0419921875
3119 0.0234375
3120 -0.0126953125
3121 -0.1552734375
3122 -0.02734375
3123 0.0458984375
3124 0.013671875
3125 -0.041015625
3126 0.0712890625
3127 0.134765625
3128 0.08203125
3129 -0.013671875
3130 0.0390625
3131 0.091796875
3132 0.037109375
3133 -0.091796875
3134 0.0234375
3135 0.08984375
3136 0.044921875
3137 -0.0888671875
3138 -0.048828125
3139 0.0185546875
3140 -0.017578125
3141 -0.1328125
3142 -0.0458984375
3143 0.021484375
3144 -0.015625
3145 -0.1279296875
3146 -0.0419921875
3147 0.021484375
3148 -0.013671875
3149 -0.1572265625
3150 -0.02734375
3151 0.0458984375
3152 0.013671875
3153 -0.041015625
3154 0.0712890625
3155 0.1337890625
3156 0.0830078125
3157 -0.0126953125
3158 0.0380859375
3159 0.091796875
3160 0.0361328125
3161 -0.0966796875
3162 0.0224609375
3163 0.0908203125
3164 0.0419921875
3165 -0.0927734375
3166 -0.0498046875
3167 0.01953125
3168 -0.0185546875
3169 -0.1337890625
3170 -0.044921875
3171 0.025390625
3172 -0.015625
3173 -0.130859375
3174 -0.0419921875
3175 0.0283203125
3176 -0.0126953125
3177 -0.158203125
3178 -0.0263671875
3179 0.0498046875
3180 0.013671875
3181 -0.044921875
3182 0.0712890625
3183 0.138671875
3184 0.08203125
3185 -0.013671875
3186 0.037109375
3187 0.0947265625
3188 0.0361328125
3189 -0.09765625
3190 0.0224609375
3191 0.0908203125
3192 0.0439453125
3193 -0.0927734375
3194 -0.05078125
3195 0.017578125
3196 -0.0185546875
3197 -0.134765625
3198 -0.0458984375
3199 0.0224609375
3200 -0.013671875
3201 -0.1298828125
3202 -0.0400390625
3203 0.0244140625
3204 -0.013671875
3205 -0.1591796875
3206 -0.0283203125
3207 0.0498046875
3208 0.013671875
3209 -0.0439453125
3210 0.0703125
3211 0.1357421875
3212 0.0810546875
3213 -0.01171875
3214 0.0380859375
3215 0.0927734375
3216 0.0361328125
3217 -0.09765625
3218 0.0234375
3219 0.087890625
3220 0.0439453125
3221 -0.0947265625
3222 -0.0517578125
3223 0.0185546875
3224 -0.017578125
3225 -0.1328125
3226 -0.046875
3227 0.0224609375
3228 -0.015625
3229 -0.1298828125
3230 -0.04296875
3231 0.0263671875
3232 -0.013671875
3233 -0.1572265625
3234 -0.02734375
3235 0.0478515625
3236 0.0146484375
3237 -0.041015625
3238 0.072265625
3239 0.134765625
3240 0.0810546875
3241 -0.0126953125
3242 0.037109375
3243 0.08984375
3244 0.0361328125
3245 -0.09375
3246 0.0224609375
3247 0.08984375
3248 0.044921875
3249 -0.0927734375
3250 -0.0498046875
3251 0.017578125
3252 -0.0185546875
3253 -0.1337890625
3254 -0.044921875
3255 0.025390625
3256 -0.0146484375
3257 -0.130859375
3258 -0.0419921875
3259 0.02734375
3260 -0.0146484375
3261 -0.1591796875
3262 -0.029296875
3263 0.048828125
3264 0.013671875
3265 -0.0439453125
3266 0.0712890625
3267 0.13671875
3268 0.08203125
3269 -0.0146484375
3270 0.0390625
3271 0.09375
3272 0.0390625
3273 -0.095703125
3274 0.0224609375
3275 0.0908203125
3276 0.0439453125
3277 -0.09375
3278 -0.05078125
3279 0.017578125
3280 -0.0185546875
3281 -0.1337890625
3282 -0.0458984375
3283 0.0244140625
3284 -0.013671875
3285 -0.12890625
3286 -0.0400390625
3287 0.0263671875
3288 -0.0126953125
3289 -0.1328125
3290 -0.0068359375
3291 0.0654296875
3292 0.02734375
3293 -0.083984375
3294 -0.03515625
3295 0.03125
3296 -0.0087890625
3297 -0.1669921875
3298 -0.08984375
3299 -0.013671875
3300 -0.0419921875
3301 -0.134765625
3302 -0.046875
3303 0.0263671875
3304 -0.01171875
3305 -0.17578125
3306 -0.1103515625
3307 -0.02734375
3308 -0.0498046875
3309 -0.205078125
3310 -0.123046875
3311 -0.0380859375
3312 -0.0576171875
3313 -0.1611328125
3314 -0.0654296875
3315 0.0087890625
3316 -0.021484375
3317 -0.1162109375
3318 -0.0283203125
3319 0.0400390625
3320 0.001953125
3321 -0.1064453125
3322 0.0126953125
3323 0.0830078125
3324 0.0439453125
3325 -0.07421875
3326 -0.0322265625
3327 0.03515625
3328 -0.001953125
3329 -0.1142578125
3330 -0.03125
3331 0.0361328125
3332 0.001953125
3333 -0.1181640625
3334 -0.0302734375
3335 0.0361328125
3336 -0.0009765625
3337 -0.107421875
3338 -0.021484375
3339 0.044921875
3340 0.0068359375
3341 -0.091796875
3342 -0.015625
3343 0.052734375
3344 0.0126953125
3345 -0.1123046875
3346 -0.0283203125
3347 0.0361328125
3348 0.0
3349 -0.1845703125
3350 -0.111328125
3351 -0.029296875
3352 -0.046875
3353 -0.2041015625
3354 -0.12890625
3355 -0.056640625
3356 -0.046875
3357 -0.138671875
3358 -0.06640625
3359 -0.0126953125
3360 -0.0107421875
3361 -0.140625
3362 -0.0693359375
3363 -0.017578125
3364 -0.015625
3365 -0.15234375
3366 -0.04296875
3367 0.01953125
3368 0.021484375
3369 -0.044921875
3370 0.0458984375
3371 0.095703125
3372 0.0791015625
3373 0.033203125
3374 0.11328125
3375 0.1533203125
3376 0.1259765625
3377 0.046875
3378 0.064453125
3379 0.09765625
3380 0.0732421875
3381 -0.021484375
3382 0.02734375
3383 0.064453125
3384 0.046875
3385 -0.0556640625
3386 0.005859375
3387 0.04296875
3388 0.0263671875
3389 -0.0751953125
3390 -0.0146484375
3391 0.02734375
3392 0.0146484375
3393 -0.095703125
3394 0.0029296875
3395 0.0517578125
3396 0.044921875
3397 -0.1005859375
3398 -0.0732421875
3399 -0.0185546875
3400 -0.01953125
3401 -0.1962890625
3402 -0.13671875
3403 -0.068359375
3404 -0.0537109375
3405 -0.1533203125
3406 -0.0771484375
3407 -0.0205078125
3408 -0.0185546875
3409 -0.158203125
3410 -0.0859375
3411 -0.02734375
3412 -0.0244140625
3413 -0.150390625
3414 -0.0400390625
3415 0.021484375
3416 0.0224609375
3417 -0.0576171875
3418 0.037109375
3419 0.087890625
3420 0.0732421875
3421 -0.00390625
3422 0.080078125
3423 0.123046875
3424 0.1025390625
3425 0.021484375
3426 0.1005859375
3427 0.1396484375
3428 0.1142578125
3429 0.0263671875
3430 0.103515625
3431 0.1416015625
3432 0.115234375
3433 0.017578125
3434 0.09375
3435 0.134765625
3436 0.10546875
3437 0.0029296875
3438 0.08203125
3439 0.123046875
3440 0.09765625
3441 0.0400390625
3442 0.1171875
3443 0.15234375
3444 0.1220703125
3445 0.017578125
3446 0.03515625
3447 0.0673828125
3448 0.0439453125
3449 -0.0634765625
3450 -0.009765625
3451 0.0322265625
3452 0.017578125
3453 -0.1220703125
3454 -0.0576171875
3455 -0.0087890625
3456 -0.015625
3457 -0.14453125
3458 -0.0361328125
3459 0.0224609375
3460 0.017578125
3461 -0.0625
3462 0.029296875
3463 0.080078125
3464 0.0615234375
3465 -0.025390625
3466 0.0595703125
3467 0.1025390625
3468 0.0810546875
3469 -0.0205078125
3470 0.0615234375
3471 0.1044921875
3472 0.08203125
3473 -0.0283203125
3474 0.0576171875
3475 0.099609375
3476 0.0771484375
3477 0.0146484375
3478 0.0947265625
3479 0.130859375
3480 0.1005859375
3481 -0.0205078125
3482 -0.00390625
3483 0.0341796875
3484 0.0166015625
3485 -0.138671875
3486 -0.0341796875
3487 0.0224609375
3488 0.0146484375
3489 -0.0947265625
3490 -0.0712890625
3491 -0.0205078125
3492 -0.0244140625
3493 -0.1201171875
3494 -0.017578125
3495 0.0380859375
3496 0.029296875
3497 -0.060546875
3498 -0.05859375
3499 -0.0048828125
3500 -0.0107421875
3501 -0.0966796875
3502 0.001953125
3503 0.0517578125
3504 0.0380859375
3505 -0.0478515625
3506 -0.0244140625
3507 0.021484375
3508 0.005859375
3509 -0.0859375
3510 -0.02734375
3511 0.0205078125
3512 0.0048828125
3513 -0.134765625
3514 -0.0703125
3515 -0.0205078125
3516 -0.0224609375
3517 -0.1533203125
3518 -0.083984375
3519 -0.0283203125
3520 -0.02734375
3521 -0.181640625
3522 -0.0654296875
3523 -0.00390625
3524 -0.001953125
3525 -0.0869140625
3526 0.009765625
3527 0.0634765625
3528 0.0498046875
3529 -0.0380859375
3530 0.046875
3531 0.0947265625
3532 0.0732421875
3533 -0.0107421875
3534 0.0703125
3535 0.11328125
3536 0.087890625
3537 0.0078125
3538 0.0869140625
3539 0.1259765625
3540 0.0966796875
3541 0.009765625
3542 0.0888671875
3543 0.126953125
3544 0.0966796875
3545 -0.0009765625
3546 0.0771484375
3547 0.1171875
3548 0.0888671875
3549 -0.01953125
3550 0.05859375
3551 0.1025390625
3552 0.0771484375
3553 0.005859375
3554 0.083984375
3555 0.12109375
3556 0.0908203125
3557 -0.03515625
3558 -0.0205078125
3559 0.0224609375
3560 0.005859375
3561 -0.091796875
3562 0.0048828125
3563 0.052734375
3564 0.0380859375
3565 -0.01171875
3566 0.0732421875
3567 0.1142578125
3568 0.0849609375
3569 0.03515625
3570 0.1123046875
3571 0.1474609375
3572 0.11328125
3573 0.0537109375
3574 0.126953125
3575 0.162109375
3576 0.1220703125
3577 0.021484375
3578 0.0380859375
3579 0.0693359375
3580 0.0380859375
3581 -0.078125
3582 -0.0283203125
3583 0.013671875
3584 -0.0029296875
3585 -0.123046875
3586 -0.060546875
3587 -0.0126953125
3588 -0.025390625
3589 -0.1376953125
3590 -0.0751953125
3591 -0.0244140625
3592 -0.03125
3593 -0.1455078125
3594 -0.078125
3595 -0.025390625
3596 -0.0361328125
3597 -0.14453125
3598 -0.080078125
3599 -0.0283203125
3600 -0.0341796875
3601 -0.1708984375
3602 -0.1005859375
3603 -0.0419921875
3604 -0.0478515625
3605 -0.1494140625
3606 -0.0400390625
3607 0.0166015625
3608 0.009765625
3609 -0.119140625
3610 -0.091796875
3611 -0.0361328125
3612 -0.0361328125
3613 -0.134765625
3614 -0.068359375
3615 -0.0166015625
3616 -0.0234375
3617 -0.126953125
3618 -0.0556640625
3619 -0.009765625
3620 -0.021484375
3621 -0.130859375
3622 -0.0634765625
3623 -0.0126953125
3624 -0.0205078125
3625 -0.173828125
3626 -0.0615234375
3627 -0.001953125
3628 -0.001953125
3629 -0.068359375
3630 0.02734375
3631 0.07421875
3632 0.0576171875
3633 -0.0712890625
3634 0.0224609375
3635 0.068359375
3636 0.052734375
3637 -0.0888671875
3638 -0.0693359375
3639 -0.0185546875
3640 -0.0234375
3641 -0.1884765625
3642 -0.11328125
3643 -0.048828125
3644 -0.048828125
3645 -0.1513671875
3646 -0.076171875
3647 -0.021484375
3648 -0.02734375
3649 -0.111328125
3650 -0.0078125
3651 0.046875
3652 0.03515625
3653 -0.0556640625
3654 -0.0517578125
3655 0.0029296875
3656 -0.005859375
3657 -0.115234375
3658 -0.01171875
3659 0.04296875
3660 0.033203125
3661 -0.0576171875
3662 0.033203125
3663 0.0830078125
3664 0.0654296875
3665 -0.0322265625
3666 -0.009765625
3667 0.0322265625
3668 0.0146484375
3669 -0.103515625
3670 -0.0009765625
3671 0.048828125
3672 0.0380859375
3673 -0.095703125
3674 -0.0693359375
3675 -0.0185546875
3676 -0.0224609375
3677 -0.2041015625
3678 -0.1240234375
3679 -0.056640625
3680 -0.05078125
3681 -0.16015625
3682 -0.083984375
3683 -0.02734375
3684 -0.029296875
3685 -0.16015625
3686 -0.08203125
3687 -0.025390625
3688 -0.0283203125
3689 -0.1865234375
3690 -0.0654296875
3691 -0.001953125
3692 0.0
3693 -0.0517578125
3694 0.0439453125
3695 0.0927734375
3696 0.0732421875
3697 -0.005859375
3698 0.08203125
3699 0.123046875
3700 0.09765625
3701 0.001953125
3702 0.0869140625
3703 0.1279296875
3704 0.1015625
3705 0.0380859375
3706 0.12109375
3707 0.1552734375
3708 0.12109375
3709 0.0322265625
3710 0.046875
3711 0.08203125
3712 0.0537109375
3713 -0.044921875
3714 0.0087890625
3715 0.0517578125
3716 0.0283203125
3717 -0.0771484375
3718 -0.0185546875
3719 0.0244140625
3720 0.0087890625
3721 -0.1630859375
3722 -0.048828125
3723 0.009765625
3724 0.0048828125
3725 -0.1376953125
3726 -0.1064453125
3727 -0.04296875
3728 -0.041015625
3729 -0.2158203125
3730 -0.0888671875
3731 -0.015625
3732 -0.01171875
3733 -0.0654296875
3734 0.0341796875
3735 0.08203125
3736 0.0634765625
3737 -0.0107421875
3738 0.076171875
3739 0.1201171875
3740 0.0927734375
3741 0.00390625
3742 0.0869140625
3743 0.1279296875
3744 0.099609375
3745 0.048828125
3746 0.12890625
3747 0.1640625
3748 0.126953125
3749 0.0205078125
3750 0.0380859375
3751 0.0712890625
3752 0.0439453125
3753 -0.1318359375
3754 -0.080078125
3755 -0.025390625
3756 -0.029296875
3757 -0.1318359375
3758 -0.064453125
3759 -0.01171875
3760 -0.0205078125
3761 -0.16015625
3762 -0.0859375
3763 -0.0322265625
3764 -0.03515625
3765 -0.1650390625
3766 -0.0537109375
3767 0.0087890625
3768 0.005859375
3769 -0.0791015625
3770 0.017578125
3771 0.0712890625
3772 0.052734375
3773 -0.0380859375
3774 0.0517578125
3775 0.099609375
3776 0.0751953125
3777 -0.015625
3778 0.0693359375
3779 0.11328125
3780 0.0859375
3781 -0.0048828125
3782 0.0771484375
3783 0.1201171875
3784 0.08984375
3785 -0.0048828125
3786 0.076171875
3787 0.1181640625
3788 0.0888671875
3789 -0.02734375
3790 0.056640625
3791 0.0966796875
3792 0.07421875
3793 -0.0146484375
3794 0.0673828125
3795 0.1083984375
3796 0.0830078125
3797 0.03125
3798 0.1103515625
3799 0.146484375
3800 0.111328125
3801 0.060546875
3802 0.1337890625
3803 0.1669921875
3804 0.1279296875
3805 0.04296875
3806 0.0615234375
3807 0.08984375
3808 0.0546875
3809 -0.068359375
3810 -0.0224609375
3811 0.017578125
3812 0.0009765625
3813 -0.146484375
3814 -0.08203125
3815 -0.0283203125
3816 -0.03515625
3817 -0.1435546875
3818 -0.037109375
3819 0.017578125
3820 0.009765625
3821 -0.03125
3822 0.056640625
3823 0.1015625
3824 0.076171875
3825 0.0419921875
3826 0.119140625
3827 0.1591796875
3828 0.119140625
3829 0.0771484375
3830 0.1474609375
3831 0.1826171875
3832 0.1376953125
3833 0.080078125
3834 0.1484375
3835 0.1787109375
3836 0.134765625
3837 0.0849609375
3838 0.15234375
3839 0.1826171875
3840 0.138671875
3841 0.0576171875
3842 0.0791015625
3843 0.1025390625
3844 0.064453125
3845 -0.0283203125
3846 0.0517578125
3847 0.087890625
3848 0.0595703125
3849 -0.0341796875
3850 -0.0166015625
3851 0.021484375
3852 -0.0009765625
3853 -0.1025390625
3854 -0.0478515625
3855 -0.00390625
3856 -0.0205078125
3857 -0.1162109375
3858 -0.056640625
3859 -0.0126953125
3860 -0.02734375
3861 -0.1337890625
3862 -0.072265625
3863 -0.0263671875
3864 -0.0361328125
3865 -0.13671875
3866 -0.0712890625
3867 -0.0244140625
3868 -0.0341796875
3869 -0.177734375
3870 -0.1064453125
3871 -0.0537109375
3872 -0.05859375
3873 -0.197265625
3874 -0.12109375
3875 -0.0634765625
3876 -0.0654296875
3877 -0.1826171875
3878 -0.0751953125
3879 -0.0107421875
3880 -0.013671875
3881 -0.0771484375
3882 0.013671875
3883 0.0625
3884 0.0439453125
3885 -0.025390625
3886 0.0556640625
3887 0.09765625
3888 0.072265625
3889 0.00390625
3890 0.0810546875
3891 0.1171875
3892 0.0888671875
3893 0.0166015625
3894 0.0888671875
3895 0.125
3896 0.09375
3897 0.0361328125
3898 0.107421875
3899 0.142578125
3900 0.107421875
3901 0.03125
3902 0.0439453125
3903 0.07421875
3904 0.044921875
3905 -0.0546875
3906 -0.0029296875
3907 0.03125
3908 0.009765625
3909 -0.09375
3910 -0.03515625
3911 0.0029296875
3912 -0.0126953125
3913 -0.0966796875
3914 -0.00390625
3915 0.0419921875
3916 0.0244140625
3917 -0.01171875
3918 0.0693359375
3919 0.107421875
3920 0.0771484375
3921 -0.01953125
3922 -0.00390625
3923 0.0302734375
3924 0.0078125
3925 -0.1474609375
3926 -0.0478515625
3927 0.0029296875
3928 -0.0048828125
3929 -0.1376953125
3930 -0.1103515625
3931 -0.056640625
3932 -0.0576171875
3933 -0.1611328125
3934 -0.052734375
3935 0.0009765625
3936 -0.0048828125
3937 -0.07421875
3938 0.015625
3939 0.060546875
3940 0.0419921875
3941 -0.05078125
3942 -0.0322265625
3943 0.009765625
3944 -0.0068359375
3945 -0.1455078125
3946 -0.0810546875
3947 -0.0361328125
3948 -0.0419921875
3949 -0.1943359375
3950 -0.1240234375
3951 -0.06640625
3952 -0.0654296875
3953 -0.1982421875
3954 -0.119140625
3955 -0.0634765625
3956 -0.0595703125
3957 -0.1572265625
3958 -0.083984375
3959 -0.0322265625
3960 -0.0380859375
3961 -0.1572265625
3962 -0.0517578125
3963 0.0029296875
3964 -0.001953125
3965 -0.166015625
3966 -0.138671875
3967 -0.0732421875
3968 -0.0703125
3969 -0.181640625
3970 -0.111328125
3971 -0.0498046875
3972 -0.0498046875
3973 -0.1279296875
3974 -0.0595703125
3975 -0.009765625
3976 -0.0185546875
3977 -0.140625
3978 -0.0703125
3979 -0.0224609375
3980 -0.029296875
3981 -0.173828125
3982 -0.0615234375
3983 -0.0009765625
3984 -0.001953125
3985 -0.0419921875
3986 0.048828125
3987 0.09375
3988 0.072265625
3989 0.0224609375
3990 0.1005859375
3991 0.1376953125
3992 0.1064453125
3993 0.0029296875
3994 0.017578125
3995 0.05078125
3996 0.0283203125
3997 -0.09375
3998 -0.0322265625
3999 -0.0185546875
4000 0.0283203125
4001 -0.03125
4002 0.0048828125
4003 0.01171875
4004 0.0537109375
4005 0.025390625
4006 0.052734375
4007 0.0537109375
4008 0.083984375
4009 0.0126953125
4010 -0.0302734375
4011 -0.025390625
4012 0.01171875
4013 -0.0537109375
4014 -0.052734375
4015 -0.044921875
4016 -0.001953125
4017 -0.103515625
4018 -0.0888671875
4019 -0.0791015625
4020 -0.0283203125
4021 -0.1142578125
4022 -0.0595703125
4023 -0.041015625
4024 0.0126953125
4025 -0.03515625
4026 0.001953125
4027 0.0126953125
4028 0.0517578125
4029 0.0029296875
4030 0.0322265625
4031 0.037109375
4032 0.07421875
4033 0.029296875
4034 0.0498046875
4035 0.052734375
4036 0.083984375
4037 0.0380859375
4038 0.05859375
4039 0.060546875
4040 0.08984375
4041 0.0361328125
4042 0.0556640625
4043 0.056640625
4044 0.0859375
4045 0.0107421875
4046 0.03515625
4047 0.0390625
4048 0.0693359375
4049 0.01953125
4050 0.04296875
4051 0.0458984375
4052 0.078125
4053 0.0673828125
4054 0.0859375
4055 0.08203125
4056 0.10546875
4057 0.099609375
4058 0.109375
4059 0.103515625
4060 0.123046875
4061 0.080078125
4062 0.0400390625
4063 0.0283203125
4064 0.0537109375
4065 -0.033203125
4066 -0.0419921875
4067 -0.041015625
4068 -0.001953125
4069 -0.1103515625
4070 -0.1005859375
4071 -0.087890625
4072 -0.037109375
4073 -0.10546875
4074 -0.0556640625
4075 -0.041015625
4076 0.0078125
4077 0.0107421875
4078 0.037109375
4079 0.0419921875
4080 0.0732421875
4081 0.0859375
4082 0.0986328125
4083 0.0966796875
4084 0.1201171875
4085 0.1201171875
4086 0.126953125
4087 0.1201171875
4088 0.1376953125
4089 0.12109375
4090 0.1279296875
4091 0.1162109375
4092 0.1337890625
4093 0.125
4094 0.1337890625
4095 0.12109375
4096 0.1376953125
4097 0.09765625
4098 0.056640625
4099 0.0439453125
4100 0.0615234375
4101 0.0107421875
4102 0.03125
4103 0.0283203125
4104 0.05859375
4105 0.0048828125
4106 -0.0341796875
4107 -0.0361328125
4108 -0.0029296875
4109 -0.068359375
4110 -0.0673828125
4111 -0.064453125
4112 -0.0224609375
4113 -0.080078125
4114 -0.07421875
4115 -0.0703125
4116 -0.0283203125
4117 -0.0986328125
4118 -0.0908203125
4119 -0.0830078125
4120 -0.0361328125
4121 -0.125
4122 -0.1142578125
4123 -0.0986328125
4124 -0.0498046875
4125 -0.107421875
4126 -0.099609375
4127 -0.087890625
4128 -0.0400390625
4129 -0.0869140625
4130 -0.076171875
4131 -0.068359375
4132 -0.0263671875
4133 -0.0927734375
4134 -0.0810546875
4135 -0.0703125
4136 -0.02734375
4137 -0.1396484375
4138 -0.1474609375
4139 -0.125
4140 -0.06640625
4141 -0.125
4142 -0.109375
4143 -0.0947265625
4144 -0.0419921875
4145 -0.109375
4146 -0.0947265625
4147 -0.0830078125
4148 -0.0341796875
4149 -0.080078125
4150 -0.0361328125
4151 -0.021484375
4152 0.0234375
4153 -0.0283203125
4154 -0.083984375
4155 -0.06640625
4156 -0.01953125
4157 -0.0947265625
4158 -0.0478515625
4159 -0.03125
4160 0.0166015625
4161 -0.04296875
4162 -0.005859375
4163 0.00390625
4164 0.044921875
4165 -0.01171875
4166 -0.046875
4167 -0.041015625
4168 0.0
4169 -0.080078125
4170 -0.03515625
4171 -0.0224609375
4172 0.0234375
4173 -0.080078125
4174 -0.107421875
4175 -0.091796875
4176 -0.0390625
4177 -0.1708984375
4178 -0.142578125
4179 -0.1181640625
4180 -0.05859375
4181 -0.134765625
4182 -0.1103515625
4183 -0.0927734375
4184 -0.0390625
4185 -0.11328125
4186 -0.0947265625
4187 -0.080078125
4188 -0.025390625
4189 -0.1337890625
4190 -0.115234375
4191 -0.09375
4192 -0.0400390625
4193 -0.1064453125
4194 -0.0908203125
4195 -0.07421875
4196 -0.0244140625
4197 -0.1005859375
4198 -0.08984375
4199 -0.0732421875
4200 -0.021484375
4201 -0.138671875
4202 -0.115234375
4203 -0.0947265625
4204 -0.03515625
4205 -0.1044921875
4206 -0.048828125
4207 -0.03125
4208 0.0234375
4209 0.02734375
4210 0.05859375
4211 0.0615234375
4212 0.095703125
4213 0.1083984375
4214 0.1240234375
4215 0.1220703125
4216 0.14453125
4217 0.1455078125
4218 0.1533203125
4219 0.146484375
4220 0.1650390625
4221 0.1484375
4222 0.1552734375
4223 0.1435546875
4224 0.16015625
4225 0.1533203125
4226 0.1591796875
4227 0.1474609375
4228 0.1630859375
4229 0.1240234375
4230 0.0849609375
4231 0.068359375
4232 0.087890625
4233 0.0361328125
4234 0.0595703125
4235 0.0546875
4236 0.0849609375
4237 0.029296875
4238 -0.0087890625
4239 -0.01171875
4240 0.021484375
4241 -0.044921875
4242 -0.0439453125
4243 -0.0400390625
4244 0.0
4245 -0.0576171875
4246 -0.052734375
4247 -0.048828125
4248 -0.005859375
4249 -0.078125
4250 -0.0712890625
4251 -0.0625
4252 -0.0166015625
4253 -0.10546875
4254 -0.0908203125
4255 -0.0771484375
4256 -0.029296875
4257 -0.0869140625
4258 -0.078125
4259 -0.068359375
4260 -0.021484375
4261 -0.0673828125
4262 -0.05859375
4263 -0.0498046875
4264 -0.0068359375
4265 -0.072265625
4266 -0.060546875
4267 -0.05078125
4268 -0.0087890625
4269 -0.1201171875
4270 -0.1279296875
4271 -0.10546875
4272 -0.0478515625
4273 -0.1064453125
4274 -0.091796875
4275 -0.0751953125
4276 -0.0234375
4277 -0.091796875
4278 -0.076171875
4279 -0.0654296875
4280 -0.017578125
4281 -0.0625
4282 -0.01953125
4283 -0.005859375
4284 0.0400390625
4285 -0.013671875
4286 -0.068359375
4287 -0.0498046875
4288 -0.00390625
4289 -0.0712890625
4290 -0.02734375
4291 -0.0107421875
4292 0.03515625
4293 -0.017578125
4294 0.017578125
4295 0.02734375
4296 0.064453125
4297 0.0078125
4298 -0.0263671875
4299 -0.0234375
4300 0.0166015625
4301 -0.0576171875
4302 -0.013671875
4303 -0.0048828125
4304 0.0419921875
4305 -0.0478515625
4306 -0.0791015625
4307 -0.0654296875
4308 -0.0166015625
4309 -0.1474609375
4310 -0.123046875
4311 -0.0986328125
4312 -0.0419921875
4313 -0.1181640625
4314 -0.095703125
4315 -0.0791015625
4316 -0.02734375
4317 -0.0986328125
4318 -0.08203125
4319 -0.0673828125
4320 -0.0146484375
4321 -0.1220703125
4322 -0.1025390625
4323 -0.0830078125
4324 -0.0263671875
4325 -0.0947265625
4326 -0.0810546875
4327 -0.0634765625
4328 -0.01171875
4329 -0.08984375
4330 -0.0791015625
4331 -0.0634765625
4332 -0.01171875
4333 -0.1142578125
4334 -0.09765625
4335 -0.0751953125
4336 -0.021484375
4337 -0.0908203125
4338 -0.037109375
4339 -0.0185546875
4340 0.033203125
4341 0.0361328125
4342 0.0673828125
4343 0.072265625
4344 0.1044921875
4345 0.1171875
4346 0.1318359375
4347 0.1298828125
4348 0.15234375
4349 0.1533203125
4350 0.1611328125
4351 0.15234375
4352 0.1708984375
4353 0.1572265625
4354 0.1630859375
4355 0.150390625
4356 0.16796875
4357 0.162109375
4358 0.1650390625
4359 0.1552734375
4360 0.1708984375
4361 0.1357421875
4362 0.08984375
4363 0.076171875
4364 0.0947265625
4365 0.0458984375
4366 0.064453125
4367 0.0625
4368 0.091796875
4369 0.0361328125
4370 -0.001953125
4371 -0.0048828125
4372 0.0302734375
4373 -0.0380859375
4374 -0.0390625
4375 -0.033203125
4376 0.0068359375
4377 -0.0498046875
4378 -0.0478515625
4379 -0.041015625
4380 -0.001953125
4381 -0.0693359375
4382 -0.064453125
4383 -0.0537109375
4384 -0.0107421875
4385 -0.0986328125
4386 -0.0859375
4387 -0.072265625
4388 -0.0234375
4389 -0.0830078125
4390 -0.07421875
4391 -0.0634765625
4392 -0.015625
4393 -0.0634765625
4394 -0.0517578125
4395 -0.044921875
4396 -0.0029296875
4397 -0.0673828125
4398 -0.056640625
4399 -0.0458984375
4400 -0.005859375
4401 -0.1171875
4402 -0.125
4403 -0.099609375
4404 -0.04296875
4405 -0.0986328125
4406 -0.087890625
4407 -0.0693359375
4408 -0.0185546875
4409 -0.0859375
4410 -0.0712890625
4411 -0.060546875
4412 -0.0107421875
4413 -0.05859375
4414 -0.013671875
4415 0.0
4416 0.044921875
4417 -0.0068359375
4418 -0.060546875
4419 -0.046875
4420 -0.0009765625
4421 -0.06640625
4422 -0.021484375
4423 -0.005859375
4424 0.0390625
4425 -0.0048828125
4426 0.0283203125
4427 0.0390625
4428 0.0751953125
4429 0.025390625
4430 -0.0126953125
4431 -0.009765625
4432 0.0283203125
4433 -0.0458984375
4434 -0.00390625
4435 0.0048828125
4436 0.0478515625
4437 -0.037109375
4438 -0.06640625
4439 -0.0595703125
4440 -0.009765625
4441 -0.1376953125
4442 -0.1142578125
4443 -0.091796875
4444 -0.0361328125
4445 -0.107421875
4446 -0.087890625
4447 -0.072265625
4448 -0.021484375
4449 -0.0908203125
4450 -0.0771484375
4451 -0.060546875
4452 -0.0107421875
4453 -0.1181640625
4454 -0.1015625
4455 -0.080078125
4456 -0.0244140625
4457 -0.0927734375
4458 -0.076171875
4459 -0.0615234375
4460 -0.0087890625
4461 -0.087890625
4462 -0.0751953125
4463 -0.0615234375
4464 -0.0087890625
4465 -0.115234375
4466 -0.095703125
4467 -0.0732421875
4468 -0.017578125
4469 -0.0869140625
4470 -0.033203125
4471 -0.0185546875
4472 0.0361328125
4473 0.041015625
4474 0.0693359375
4475 0.0732421875
4476 0.107421875
4477 0.1201171875
4478 0.134765625
4479 0.1298828125
4480 0.154296875
4481 0.1552734375
4482 0.1640625
4483 0.1552734375
4484 0.1728515625
4485 0.1591796875
4486 0.1640625
4487 0.15234375
4488 0.1689453125
4489 0.1630859375
4490 0.1669921875
4491 0.154296875
4492 0.1708984375
4493 0.1337890625
4494 0.0927734375
4495 0.0771484375
4496 0.095703125
4497 0.0478515625
4498 0.06640625
4499 0.0625
4500 0.0947265625
4501 0.0361328125
4502 -0.0009765625
4503 -0.00390625
4504 0.0302734375
4505 -0.037109375
4506 -0.0361328125
4507 -0.03125
4508 0.0087890625
4509 -0.05078125
4510 -0.044921875
4511 -0.0390625
4512 0.0029296875
4513 -0.0673828125
4514 -0.0615234375
4515 -0.052734375
4516 -0.0087890625
4517 -0.095703125
4518 -0.08203125
4519 -0.068359375
4520 -0.021484375
4521 -0.0810546875
4522 -0.0712890625
4523 -0.0625
4524 -0.013671875
4525 -0.0615234375
4526 -0.0498046875
4527 -0.0439453125
4528 0.0
4529 -0.06640625
4530 -0.0537109375
4531 -0.0458984375
4532 -0.001953125
4533 -0.1181640625
4534 -0.1220703125
4535 -0.1005859375
4536 -0.04296875
4537 -0.099609375
4538 -0.0869140625
4539 -0.0693359375
4540 -0.017578125
4541 -0.0830078125
4542 -0.0703125
4543 -0.060546875
4544 -0.0107421875
4545 -0.056640625
4546 -0.0126953125
4547 0.0
4548 0.0458984375
4549 -0.005859375
4550 -0.05859375
4551 -0.044921875
4552 0.00390625
4553 -0.0654296875
4554 -0.01953125
4555 -0.0048828125
4556 0.0419921875
4557 -0.00390625
4558 0.029296875
4559 0.0380859375
4560 0.076171875
4561 0.0244140625
4562 -0.01171875
4563 -0.009765625
4564 0.0283203125
4565 -0.0439453125
4566 -0.00390625
4567 0.00390625
4568 0.0498046875
4569 -0.041015625
4570 -0.068359375
4571 -0.05859375
4572 -0.0087890625
4573 -0.138671875
4574 -0.11328125
4575 -0.091796875
4576 -0.0341796875
4577 -0.109375
4578 -0.0869140625
4579 -0.072265625
4580 -0.0205078125
4581 -0.0908203125
4582 -0.0751953125
4583 -0.0595703125
4584 -0.0107421875
4585 -0.11328125
4586 -0.09765625
4587 -0.0771484375
4588 -0.021484375
4589 -0.08984375
4590 -0.072265625
4591 -0.0595703125
4592 -0.0068359375
4593 -0.0849609375
4594 -0.0732421875
4595 -0.0595703125
4596 -0.005859375
4597 -0.1142578125
4598 -0.0927734375
4599 -0.072265625
4600 -0.015625
4601 -0.0869140625
4602 -0.0322265625
4603 -0.0146484375
4604 0.0361328125
4605 0.04296875
4606 0.0703125
4607 0.0751953125
4608 0.1083984375
4609 0.12109375
4610 0.1376953125
4611 0.1337890625
4612 0.15625
4613 0.1572265625
4614 0.1650390625
4615 0.1552734375
4616 0.1748046875
4617 0.1591796875
4618 0.166015625
4619 0.1533203125
4620 0.1708984375
4621 0.166015625
4622 0.1689453125
4623 0.158203125
4624 0.1728515625
4625 0.134765625
4626 0.09375
4627 0.080078125
4628 0.0966796875
4629 0.048828125
4630 0.06640625
4631 0.0634765625
4632 0.09375
4633 0.0380859375
4634 -0.001953125
4635 -0.00390625
4636 0.03125
4637 -0.0361328125
4638 -0.0341796875
4639 -0.0322265625
4640 0.009765625
4641 -0.048828125
4642 -0.0419921875
4643 -0.0380859375
4644 0.00390625
4645 -0.0673828125
4646 -0.060546875
4647 -0.0517578125
4648 -0.0068359375
4649 -0.095703125
4650 -0.08203125
4651 -0.0673828125
4652 -0.021484375
4653 -0.0791015625
4654 -0.0693359375
4655 -0.05859375
4656 -0.013671875
4657 -0.0595703125
4658 -0.0498046875
4659 -0.0419921875
4660 0.0
4661 -0.0654296875
4662 -0.0537109375
4663 -0.044921875
4664 -0.0009765625
4665 -0.115234375
4666 -0.119140625
4667 -0.0986328125
4668 -0.0400390625
4669 -0.09765625
4670 -0.083984375
4671 -0.068359375
4672 -0.017578125
4673 -0.083984375
4674 -0.0693359375
4675 -0.05859375
4676 -0.0107421875
4677 -0.0556640625
4678 -0.0107421875
4679 0.001953125
4680 0.046875
4681 -0.0048828125
4682 -0.0595703125
4683 -0.044921875
4684 0.0029296875
4685 -0.064453125
4686 -0.017578125
4687 -0.005859375
4688 0.04296875
4689 -0.001953125
4690 0.03125
4691 0.0380859375
4692 0.078125
4693 0.0234375
4694 -0.0107421875
4695 -0.0087890625
4696 0.029296875
4697 -0.0458984375
4698 -0.0048828125
4699 0.0048828125
4700 0.048828125
4701 -0.0390625
4702 -0.068359375
4703 -0.0556640625
4704 -0.0107421875
4705 -0.138671875
4706 -0.11328125
4707 -0.0888671875
4708 -0.0341796875
4709 -0.1103515625
4710 -0.0869140625
4711 -0.0732421875
4712 -0.01953125
4713 -0.091796875
4714 -0.07421875
4715 -0.060546875
4716 -0.009765625
4717 -0.1142578125
4718 -0.0986328125
4719 -0.0791015625
4720 -0.0224609375
4721 -0.08984375
4722 -0.07421875
4723 -0.05859375
4724 -0.0078125
4725 -0.0869140625
4726 -0.0751953125
4727 -0.0595703125
4728 -0.0068359375
4729 -0.1171875
4730 -0.0966796875
4731 -0.0751953125
4732 -0.0166015625
4733 -0.087890625
4734 -0.033203125
4735 -0.015625
4736 0.037109375
4737 0.041015625
4738 0.0703125
4739 0.0751953125
4740 0.109375
4741 0.1220703125
4742 0.13671875
4743 0.134765625
4744 0.1572265625
4745 0.158203125
4746 0.166015625
4747 0.158203125
4748 0.17578125
4749 0.1611328125
4750 0.1669921875
4751 0.15625
4752 0.173828125
4753 0.1650390625
4754 0.1708984375
4755 0.158203125
4756 0.17578125
4757 0.1357421875
4758 0.095703125
4759 0.0791015625
4760 0.0986328125
4761 0.0478515625
4762 0.0693359375
4763 0.064453125
4764 0.0947265625
4765 0.0380859375
4766 -0.0009765625
4767 -0.0029296875
4768 0.0302734375
4769 -0.0361328125
4770 -0.03515625
4771 -0.03125
4772 0.0087890625
4773 -0.0458984375
4774 -0.044921875
4775 -0.0390625
4776 0.001953125
4777 -0.0673828125
4778 -0.060546875
4779 -0.052734375
4780 -0.0068359375
4781 -0.0966796875
4782 -0.08203125
4783 -0.06640625
4784 -0.0185546875
4785 -0.0791015625
4786 -0.0712890625
4787 -0.05859375
4788 -0.01171875
4789 -0.0595703125
4790 -0.0478515625
4791 -0.041015625
4792 0.0
4793 -0.0625
4794 -0.052734375
4795 -0.04296875
4796 -0.0009765625
4797 -0.11328125
4798 -0.1181640625
4799 -0.095703125
4800 -0.0400390625
4801 -0.0986328125
4802 -0.0830078125
4803 -0.0673828125
4804 -0.0146484375
4805 -0.0830078125
4806 -0.06640625
4807 -0.056640625
4808 -0.009765625
4809 -0.0556640625
4810 -0.0107421875
4811 0.0029296875
4812 0.0458984375
4813 -0.00390625
4814 -0.0595703125
4815 -0.0419921875
4816 0.0029296875
4817 -0.064453125
4818 -0.017578125
4819 -0.0029296875
4820 0.0419921875
4821 -0.005859375
4822 0.029296875
4823 0.0380859375
4824 0.076171875
4825 0.0234375
4826 -0.013671875
4827 -0.0107421875
4828 0.0283203125
4829 -0.0478515625
4830 -0.00390625
4831 0.0048828125
4832 0.0498046875
4833 -0.03515625
4834 -0.0673828125
4835 -0.056640625
4836 -0.0087890625
4837 -0.13671875
4838 -0.11328125
4839 -0.0908203125
4840 -0.033203125
4841 -0.1083984375
4842 -0.0869140625
4843 -0.0693359375
4844 -0.0205078125
4845 -0.0908203125
4846 -0.0751953125
4847 -0.0595703125
4848 -0.0087890625
4849 -0.1162109375
4850 -0.0966796875
4851 -0.0771484375
4852 -0.021484375
4853 -0.0888671875
4854 -0.0703125
4855 -0.0556640625
4856 -0.005859375
4857 -0.083984375
4858 -0.07421875
4859 -0.0576171875
4860 -0.0068359375
4861 -0.1123046875
4862 -0.09375
4863 -0.0712890625
4864 -0.0166015625
4865 -0.0849609375
4866 -0.0322265625
4867 -0.0146484375
4868 0.0380859375
4869 0.0419921875
4870 0.072265625
4871 0.0771484375
4872 0.1103515625
4873 0.1220703125
4874 0.138671875
4875 0.1337890625
4876 0.158203125
4877 0.158203125
4878 0.166015625
4879 0.16015625
4880 0.1767578125
4881 0.1611328125
4882 0.166015625
4883 0.15625
4884 0.1728515625
4885 0.1650390625
4886 0.171875
4887 0.16015625
4888 0.1748046875
4889 0.13671875
4890 0.095703125
4891 0.080078125
4892 0.0986328125
4893 0.048828125
4894 0.0712890625
4895 0.0654296875
4896 0.0966796875
4897 0.041015625
4898 0.0029296875
4899 -0.001953125
4900 0.0341796875
4901 -0.033203125
4902 -0.033203125
4903 -0.0302734375
4904 0.009765625
4905 -0.0458984375
4906 -0.04296875
4907 -0.037109375
4908 0.00390625
4909 -0.06640625
4910 -0.0595703125
4911 -0.05078125
4912 -0.005859375
4913 -0.0947265625
4914 -0.0810546875
4915 -0.068359375
4916 -0.017578125
4917 -0.080078125
4918 -0.0703125
4919 -0.0595703125
4920 -0.0107421875
4921 -0.0595703125
4922 -0.0478515625
4923 -0.041015625
4924 0.0009765625
4925 -0.0625
4926 -0.0537109375
4927 -0.0419921875
4928 0.0
4929 -0.11328125
4930 -0.1201171875
4931 -0.0966796875
4932 -0.0390625
4933 -0.0966796875
4934 -0.08203125
4935 -0.06640625
4936 -0.0146484375
4937 -0.083984375
4938 -0.06640625
4939 -0.0576171875
4940 -0.0068359375
4941 -0.0546875
4942 -0.0107421875
4943 0.0029296875
4944 0.0478515625
4945 -0.0029296875
4946 -0.0576171875
4947 -0.0439453125
4948 0.00390625
4949 -0.0634765625
4950 -0.017578125
4951 -0.0029296875
4952 0.0439453125
4953 -0.001953125
4954 0.03125
4955 0.0400390625
4956 0.078125
4957 0.0283203125
4958 -0.0107421875
4959 -0.0078125
4960 0.0302734375
4961 -0.0439453125
4962 -0.00390625
4963 0.005859375
4964 0.05078125
4965 -0.0361328125
4966 -0.06640625
4967 -0.0546875
4968 -0.0078125
4969 -0.1376953125
4970 -0.11328125
4971 -0.0888671875
4972 -0.033203125
4973 -0.107421875
4974 -0.0859375
4975 -0.0693359375
4976 -0.0185546875
4977 -0.0888671875
4978 -0.072265625
4979 -0.056640625
4980 -0.0068359375
4981 -0.1142578125
4982 -0.0966796875
4983 -0.0771484375
4984 -0.021484375
4985 -0.0888671875
4986 -0.0732421875
4987 -0.056640625
4988 -0.005859375
4989 -0.0849609375
4990 -0.0712890625
4991 -0.0576171875
4992 -0.00390625
4993 -0.1142578125
4994 -0.09375
4995 -0.072265625
4996 -0.017578125
4997 -0.0849609375
4998 -0.033203125
4999 -0.013671875
