x y
0 0.025390625
1 -0.08984375
2 -0.068359375
3 -0.015625
4 -0.0224609375
5 -0.4248046875
6 -0.076171875
7 -0.001953125
8 -0.03515625
9 -0.154296875
10 -0.0625
11 0.0087890625
12 -0.0234375
13 -0.1376953125
14 -0.0068359375
15 0.0654296875
16 0.029296875
17 -0.0830078125
18 -0.0615234375
19 0.015625
20 -0.015625
21 -0.146484375
22 -0.017578125
23 0.0615234375
24 0.025390625
25 -0.1083984375
26 -0.0625
27 0.013671875
28 -0.0224609375
29 -0.138671875
30 -0.0458984375
31 0.02734375
32 -0.01171875
33 -0.119140625
34 -0.029296875
35 0.0390625
36 0.0
37 -0.123046875
38 0.00390625
39 0.076171875
40 0.03515625
41 -0.0556640625
42 0.0615234375
43 0.1279296875
44 0.076171875
45 0.0107421875
46 0.119140625
47 0.181640625
48 0.1171875
49 0.0185546875
50 0.0693359375
51 0.1220703125
52 0.0595703125
53 -0.0712890625
54 0.04296875
55 0.1083984375
56 0.0576171875
57 -0.0810546875
58 -0.037109375
59 0.0283203125
60 -0.0078125
61 -0.12890625
62 -0.0390625
63 0.0302734375
64 -0.0087890625
65 -0.1259765625
66 -0.0400390625
67 0.02734375
68 -0.009765625
69 -0.154296875
70 -0.0244140625
71 0.0517578125
72 0.017578125
73 -0.0400390625
74 0.07421875
75 0.138671875
76 0.0830078125
77 -0.0087890625
78 0.041015625
79 0.0947265625
80 0.0390625
81 -0.091796875
82 0.0263671875
83 0.0927734375
84 0.048828125
85 -0.08984375
86 -0.0478515625
87 0.021484375
88 -0.0146484375
89 -0.1328125
90 -0.0439453125
91 0.025390625
92 -0.013671875
93 -0.1279296875
94 -0.041015625
95 0.029296875
96 -0.0126953125
97 -0.1533203125
98 -0.025390625
99 0.0517578125
100 0.015625
101 -0.0400390625
102 0.072265625
103 0.13671875
104 0.083984375
105 -0.01171875
106 0.0400390625
107 0.091796875
108 0.0380859375
109 -0.0947265625
110 0.025390625
111 0.0908203125
112 0.0458984375
113 -0.0908203125
114 -0.0517578125
115 0.017578125
116 -0.0185546875
117 -0.130859375
118 -0.0458984375
119 0.0244140625
120 -0.013671875
121 -0.1279296875
122 -0.041015625
123 0.025390625
124 -0.01171875
125 -0.15625
126 -0.0263671875
127 0.0478515625
128 0.015625
129 -0.0390625
130 0.0712890625
131 0.1337890625
132 0.0830078125
133 -0.009765625
134 0.0380859375
135 0.0888671875
136 0.0390625
137 -0.091796875
138 0.0234375
139 0.087890625
140 0.0458984375
141 -0.091796875
142 -0.0517578125
143 0.0146484375
144 -0.015625
145 -0.12890625
146 -0.0458984375
147 0.0185546875
148 -0.01171875
149 -0.125
150 -0.041015625
151 0.0185546875
152 -0.0107421875
153 -0.150390625
154 -0.025390625
155 0.0439453125
156 0.017578125
157 -0.0361328125
158 0.0703125
159 0.130859375
160 0.0849609375
161 -0.009765625
162 0.037109375
163 0.0869140625
164 0.037109375
165 -0.0869140625
166 0.0234375
167 0.0869140625
168 0.0478515625
169 -0.0888671875
170 -0.0517578125
171 0.009765625
172 -0.015625
173 -0.130859375
174 -0.0458984375
175 0.017578125
176 -0.01171875
177 -0.1240234375
178 -0.041015625
179 0.017578125
180 -0.009765625
181 -0.1494140625
182 -0.02734375
183 0.0419921875
184 0.0166015625
185 -0.0361328125
186 0.0693359375
187 0.1298828125
188 0.0830078125
189 -0.0078125
190 0.0380859375
191 0.0859375
192 0.0400390625
193 -0.08984375
194 0.0224609375
195 0.083984375
196 0.0458984375
197 -0.0908203125
198 -0.0537109375
199 0.01171875
200 -0.015625
201 -0.130859375
202 -0.046875
203 0.0166015625
204 -0.0146484375
205 -0.1259765625
206 -0.0439453125
207 0.01953125
208 -0.0126953125
209 -0.1513671875
210 -0.029296875
211 0.0419921875
212 0.0166015625
213 -0.037109375
214 0.0703125
215 0.130859375
216 0.0849609375
217 -0.0107421875
218 0.03515625
219 0.0869140625
220 0.0390625
221 -0.087890625
222 0.0244140625
223 0.0849609375
224 0.046875
225 -0.091796875
226 -0.0517578125
227 0.0107421875
228 -0.017578125
229 -0.1298828125
230 -0.0478515625
231 0.0185546875
232 -0.0126953125
233 -0.126953125
234 -0.0439453125
235 0.0205078125
236 -0.01171875
237 -0.154296875
238 -0.0283203125
239 0.0439453125
240 0.015625
241 -0.0400390625
242 0.0693359375
243 0.130859375
244 0.08203125
245 -0.009765625
246 0.037109375
247 0.087890625
248 0.0380859375
249 -0.091796875
250 0.0224609375
251 0.0859375
252 0.044921875
253 -0.091796875
254 -0.0537109375
255 0.01171875
256 -0.0185546875
257 -0.1318359375
258 -0.0478515625
259 0.0185546875
260 -0.013671875
261 -0.1279296875
262 -0.0419921875
263 0.021484375
264 -0.01171875
265 -0.15234375
266 -0.025390625
267 0.044921875
268 0.0166015625
269 -0.0400390625
270 0.072265625
271 0.1318359375
272 0.0830078125
273 -0.0087890625
274 0.037109375
275 0.0869140625
276 0.0380859375
277 -0.0888671875
278 0.0234375
279 0.0859375
280 0.046875
281 -0.0888671875
282 -0.0498046875
283 0.013671875
284 -0.015625
285 -0.130859375
286 -0.0458984375
287 0.01953125
288 -0.01171875
289 -0.126953125
290 -0.0419921875
291 0.021484375
292 -0.01171875
293 -0.154296875
294 -0.02734375
295 0.046875
296 0.0166015625
297 -0.0400390625
298 0.0693359375
299 0.1318359375
300 0.083984375
301 -0.0107421875
302 0.037109375
303 0.087890625
304 0.037109375
305 -0.091796875
306 0.0224609375
307 0.0830078125
308 0.0439453125
309 -0.0908203125
310 -0.0498046875
311 0.013671875
312 -0.0166015625
313 -0.1318359375
314 -0.0458984375
315 0.0185546875
316 -0.0126953125
317 -0.126953125
318 -0.0419921875
319 0.0224609375
320 -0.0126953125
321 -0.15625
322 -0.029296875
323 0.0458984375
324 0.015625
325 -0.041015625
326 0.0712890625
327 0.1337890625
328 0.08203125
329 -0.01171875
330 0.037109375
331 0.08984375
332 0.0380859375
333 -0.0927734375
334 0.0244140625
335 0.087890625
336 0.044921875
337 -0.0908203125
338 -0.0498046875
339 0.013671875
340 -0.0166015625
341 -0.1328125
342 -0.0478515625
343 0.0205078125
344 -0.015625
345 -0.12890625
346 -0.0439453125
347 0.021484375
348 -0.0146484375
349 -0.15625
350 -0.029296875
351 0.0458984375
352 0.013671875
353 -0.0439453125
354 0.0703125
355 0.1337890625
356 0.08203125
357 -0.0146484375
358 0.037109375
359 0.0888671875
360 0.0361328125
361 -0.095703125
362 0.0224609375
363 0.08984375
364 0.0439453125
365 -0.09375
366 -0.052734375
367 0.0166015625
368 -0.01953125
369 -0.1328125
370 -0.046875
371 0.021484375
372 -0.013671875
373 -0.126953125
374 -0.0419921875
375 0.0234375
376 -0.013671875
377 -0.154296875
378 -0.0244140625
379 0.0478515625
380 0.0166015625
381 -0.041015625
382 0.0703125
383 0.1357421875
384 0.083984375
385 -0.009765625
386 0.0361328125
387 0.0908203125
388 0.037109375
389 -0.0927734375
390 0.0224609375
391 0.087890625
392 0.044921875
393 -0.0908203125
394 -0.0517578125
395 0.0146484375
396 -0.017578125
397 -0.1318359375
398 -0.0458984375
399 0.01953125
400 -0.013671875
401 -0.12890625
402 -0.0439453125
403 0.01953125
404 -0.0126953125
405 -0.154296875
406 -0.02734375
407 0.0439453125
408 0.0146484375
409 -0.041015625
410 0.0693359375
411 0.1318359375
412 0.08203125
413 -0.0107421875
414 0.0361328125
415 0.091796875
416 0.037109375
417 -0.0947265625
418 0.021484375
419 0.087890625
420 0.0439453125
421 -0.091796875
422 -0.0517578125
423 0.0146484375
424 -0.0185546875
425 -0.1337890625
426 -0.044921875
427 0.0205078125
428 -0.0146484375
429 -0.12890625
430 -0.041015625
431 0.0234375
432 -0.01171875
433 -0.1572265625
434 -0.02734375
435 0.0458984375
436 0.0146484375
437 -0.0419921875
438 0.0712890625
439 0.1357421875
440 0.08203125
441 -0.013671875
442 0.037109375
443 0.0908203125
444 0.037109375
445 -0.0947265625
446 0.0224609375
447 0.0888671875
448 0.0439453125
449 -0.0927734375
450 -0.0517578125
451 0.0146484375
452 -0.01953125
453 -0.1337890625
454 -0.0478515625
455 0.0205078125
456 -0.015625
457 -0.12890625
458 -0.04296875
459 0.021484375
460 -0.0146484375
461 -0.15625
462 -0.0283203125
463 0.0458984375
464 0.0146484375
465 -0.0419921875
466 0.0703125
467 0.1337890625
468 0.080078125
469 -0.0126953125
470 0.0361328125
471 0.08984375
472 0.037109375
473 -0.0947265625
474 0.021484375
475 0.0849609375
476 0.044921875
477 -0.0927734375
478 -0.0517578125
479 0.0146484375
480 -0.017578125
481 -0.134765625
482 -0.046875
483 0.0224609375
484 -0.015625
485 -0.1279296875
486 -0.04296875
487 0.0263671875
488 -0.0126953125
489 -0.1552734375
490 -0.025390625
491 0.048828125
492 0.0146484375
493 -0.0458984375
494 0.0712890625
495 0.138671875
496 0.080078125
497 -0.015625
498 0.0390625
499 0.0966796875
500 0.037109375
501 -0.0947265625
502 0.025390625
503 0.0947265625
504 0.0458984375
505 -0.0927734375
506 -0.0478515625
507 0.0224609375
508 -0.017578125
509 -0.134765625
510 -0.0458984375
511 0.0283203125
512 -0.0146484375
513 -0.130859375
514 -0.041015625
515 0.0263671875
516 -0.01171875
517 -0.1591796875
518 -0.025390625
519 0.05078125
520 0.013671875
521 -0.0439453125
522 0.072265625
523 0.1376953125
524 0.0810546875
525 -0.013671875
526 0.037109375
527 0.09375
528 0.037109375
529 -0.0947265625
530 0.0244140625
531 0.08984375
532 0.044921875
533 -0.091796875
534 -0.048828125
535 0.021484375
536 -0.017578125
537 -0.134765625
538 -0.0478515625
539 0.0224609375
540 -0.0146484375
541 -0.130859375
542 -0.041015625
543 0.0234375
544 -0.0146484375
545 -0.158203125
546 -0.02734375
547 0.0478515625
548 0.013671875
549 -0.0419921875
550 0.0712890625
551 0.1357421875
552 0.08203125
553 -0.01171875
554 0.0380859375
555 0.091796875
556 0.0380859375
557 -0.0927734375
558 0.0224609375
559 0.08984375
560 0.0458984375
561 -0.091796875
562 -0.0498046875
563 0.0166015625
564 -0.0185546875
565 -0.1318359375
566 -0.044921875
567 0.0224609375
568 -0.01171875
569 -0.1298828125
570 -0.04296875
571 0.0244140625
572 -0.013671875
573 -0.1591796875
574 -0.0283203125
575 0.0478515625
576 0.0126953125
577 -0.041015625
578 0.0712890625
579 0.1337890625
580 0.0810546875
581 -0.01171875
582 0.037109375
583 0.0888671875
584 0.037109375
585 -0.0947265625
586 0.0224609375
587 0.0859375
588 0.044921875
589 -0.095703125
590 -0.052734375
591 0.0126953125
592 -0.01953125
593 -0.1328125
594 -0.0478515625
595 0.01953125
596 -0.0146484375
597 -0.1279296875
598 -0.04296875
599 0.0224609375
600 -0.0126953125
601 -0.1533203125
602 -0.0263671875
603 0.0478515625
604 0.015625
605 -0.04296875
606 0.072265625
607 0.1357421875
608 0.0830078125
609 -0.01171875
610 0.0380859375
611 0.091796875
612 0.0390625
613 -0.0927734375
614 0.0234375
615 0.0908203125
616 0.0458984375
617 -0.0908203125
618 -0.0498046875
619 0.017578125
620 -0.0185546875
621 -0.1328125
622 -0.0458984375
623 0.021484375
624 -0.0107421875
625 -0.12890625
626 -0.0419921875
627 0.0244140625
628 -0.0126953125
629 -0.1552734375
630 -0.025390625
631 0.0458984375
632 0.015625
633 -0.041015625
634 0.0712890625
635 0.1328125
636 0.0810546875
637 -0.0126953125
638 0.0380859375
639 0.08984375
640 0.0361328125
641 -0.0947265625
642 0.021484375
643 0.0859375
644 0.044921875
645 -0.091796875
646 -0.052734375
647 0.013671875
648 -0.017578125
649 -0.130859375
650 -0.048828125
651 0.01953125
652 -0.013671875
653 -0.1279296875
654 -0.0419921875
655 0.021484375
656 -0.0107421875
657 -0.154296875
658 -0.0283203125
659 0.0458984375
660 0.0166015625
661 -0.0390625
662 0.0703125
663 0.1328125
664 0.0830078125
665 -0.0126953125
666 0.0361328125
667 0.08984375
668 0.037109375
669 -0.091796875
670 0.0234375
671 0.08984375
672 0.0458984375
673 -0.0927734375
674 -0.0517578125
675 0.0146484375
676 -0.0185546875
677 -0.1328125
678 -0.0458984375
679 0.0205078125
680 -0.013671875
681 -0.12890625
682 -0.0419921875
683 0.0224609375
684 -0.0126953125
685 -0.1572265625
686 -0.029296875
687 0.0458984375
688 0.013671875
689 -0.041015625
690 0.0693359375
691 0.130859375
692 0.0810546875
693 -0.0107421875
694 0.037109375
695 0.087890625
696 0.0380859375
697 -0.0947265625
698 0.0224609375
699 0.0849609375
700 0.0458984375
701 -0.091796875
702 -0.0517578125
703 0.015625
704 -0.015625
705 -0.130859375
706 -0.046875
707 0.01953125
708 -0.013671875
709 -0.1259765625
710 -0.0419921875
711 0.021484375
712 -0.01171875
713 -0.15234375
714 -0.02734375
715 0.0458984375
716 0.015625
717 -0.037109375
718 0.072265625
719 0.1318359375
720 0.083984375
721 -0.009765625
722 0.0380859375
723 0.087890625
724 0.0400390625
725 -0.0888671875
726 0.0244140625
727 0.087890625
728 0.0458984375
729 -0.087890625
730 -0.048828125
731 0.0166015625
732 -0.0166015625
733 -0.1298828125
734 -0.0458984375
735 0.021484375
736 -0.013671875
737 -0.126953125
738 -0.04296875
739 0.0234375
740 -0.013671875
741 -0.1552734375
742 -0.0283203125
743 0.046875
744 0.0146484375
745 -0.041015625
746 0.0712890625
747 0.1337890625
748 0.08203125
749 -0.01171875
750 0.037109375
751 0.091796875
752 0.0380859375
753 -0.09375
754 0.0224609375
755 0.0888671875
756 0.044921875
757 -0.08984375
758 -0.0498046875
759 0.0166015625
760 -0.017578125
761 -0.1318359375
762 -0.0458984375
763 0.0234375
764 -0.013671875
765 -0.1279296875
766 -0.0419921875
767 0.0244140625
768 -0.0107421875
769 -0.154296875
770 -0.0263671875
771 0.0458984375
772 0.0146484375
773 -0.0400390625
774 0.0712890625
775 0.1328125
776 0.08203125
777 -0.0107421875
778 0.037109375
779 0.0888671875
780 0.0361328125
781 -0.09375
782 0.021484375
783 0.0869140625
784 0.044921875
785 -0.0888671875
786 -0.05078125
787 0.0146484375
788 -0.017578125
789 -0.1318359375
790 -0.044921875
791 0.01953125
792 -0.013671875
793 -0.1279296875
794 -0.0419921875
795 0.0224609375
796 -0.009765625
797 -0.1552734375
798 -0.0283203125
799 0.044921875
800 0.013671875
801 -0.041015625
802 0.0703125
803 0.1337890625
804 0.08203125
805 -0.0126953125
806 0.037109375
807 0.0908203125
808 0.037109375
809 -0.0947265625
810 0.0224609375
811 0.0859375
812 0.0458984375
813 -0.09375
814 -0.05078125
815 0.0166015625
816 -0.017578125
817 -0.1337890625
818 -0.0458984375
819 0.021484375
820 -0.0126953125
821 -0.126953125
822 -0.04296875
823 0.0234375
824 -0.013671875
825 -0.15234375
826 -0.0263671875
827 0.044921875
828 0.0146484375
829 -0.0400390625
830 0.0712890625
831 0.1337890625
832 0.08203125
833 -0.0107421875
834 0.037109375
835 0.087890625
836 0.037109375
837 -0.0927734375
838 0.0234375
839 0.0849609375
840 0.0458984375
841 -0.08984375
842 -0.05078125
843 0.0146484375
844 -0.0166015625
845 -0.130859375
846 -0.046875
847 0.021484375
848 -0.013671875
849 -0.126953125
850 -0.0419921875
851 0.0224609375
852 -0.01171875
853 -0.1552734375
854 -0.0263671875
855 0.046875
856 0.0166015625
857 -0.0419921875
858 0.0703125
859 0.1328125
860 0.0810546875
861 -0.0107421875
862 0.0380859375
863 0.091796875
864 0.037109375
865 -0.0966796875
866 0.0224609375
867 0.0888671875
868 0.04296875
869 -0.091796875
870 -0.0517578125
871 0.017578125
872 -0.017578125
873 -0.1337890625
874 -0.0458984375
875 0.0224609375
876 -0.0146484375
877 -0.12890625
878 -0.0439453125
879 0.0224609375
880 -0.013671875
881 -0.158203125
882 -0.029296875
883 0.0458984375
884 0.015625
885 -0.0419921875
886 0.0693359375
887 0.1337890625
888 0.0830078125
889 -0.013671875
890 0.0380859375
891 0.091796875
892 0.037109375
893 -0.09375
894 0.0224609375
895 0.0888671875
896 0.0439453125
897 -0.0908203125
898 -0.0517578125
899 0.015625
900 -0.017578125
901 -0.1328125
902 -0.0458984375
903 0.01953125
904 -0.013671875
905 -0.12890625
906 -0.04296875
907 0.0205078125
908 -0.0107421875
909 -0.1552734375
910 -0.0283203125
911 0.044921875
912 0.013671875
913 -0.0400390625
914 0.0693359375
915 0.130859375
916 0.08203125
917 -0.009765625
918 0.0361328125
919 0.0888671875
920 0.037109375
921 -0.09375
922 0.01953125
923 0.0849609375
924 0.0439453125
925 -0.095703125
926 -0.0537109375
927 0.0107421875
928 -0.0185546875
929 -0.1318359375
930 -0.0478515625
931 0.015625
932 -0.013671875
933 -0.1240234375
934 -0.0419921875
935 0.017578125
936 -0.0126953125
937 -0.1513671875
938 -0.02734375
939 0.0419921875
940 0.015625
941 -0.03515625
942 0.0703125
943 0.1279296875
944 0.0830078125
945 -0.0078125
946 0.0361328125
947 0.083984375
948 0.037109375
949 -0.0869140625
950 0.0234375
951 0.0830078125
952 0.046875
953 -0.0888671875
954 -0.0517578125
955 0.009765625
956 -0.0146484375
957 -0.1279296875
958 -0.0458984375
959 0.0166015625
960 -0.013671875
961 -0.1259765625
962 -0.04296875
963 0.0185546875
964 -0.01171875
965 -0.15234375
966 -0.0283203125
967 0.0419921875
968 0.013671875
969 -0.0361328125
970 0.0703125
971 0.12890625
972 0.0830078125
973 -0.009765625
974 0.0361328125
975 0.0859375
976 0.0380859375
977 -0.08984375
978 0.021484375
979 0.0810546875
980 0.046875
981 -0.091796875
982 -0.0537109375
983 0.0107421875
984 -0.0185546875
985 -0.1298828125
986 -0.0478515625
987 0.0166015625
988 -0.0146484375
989 -0.1259765625
990 -0.0439453125
991 0.021484375
992 -0.01171875
993 -0.1533203125
994 -0.029296875
995 0.04296875
996 0.0146484375
997 -0.0400390625
998 0.0703125
999 0.130859375
1000 0.08203125
1001 -0.009765625
1002 0.0380859375
1003 0.087890625
1004 0.037109375
1005 -0.0908203125
1006 0.0224609375
1007 0.087890625
1008 0.0458984375
1009 -0.0908203125
1010 -0.0537109375
1011 0.0126953125
1012 -0.017578125
1013 -0.1298828125
1014 -0.0458984375
1015 0.0185546875
1016 -0.0126953125
1017 -0.1279296875
1018 -0.04296875
1019 0.01953125
1020 -0.01171875
1021 -0.15625
1022 -0.0283203125
1023 0.04296875
1024 0.0146484375
1025 -0.041015625
1026 0.0703125
1027 0.1298828125
1028 0.080078125
1029 -0.01171875
1030 0.0361328125
1031 0.08984375
1032 0.037109375
1033 -0.0947265625
1034 0.0224609375
1035 0.0888671875
1036 0.04296875
1037 -0.095703125
1038 -0.0537109375
1039 0.015625
1040 -0.0185546875
1041 -0.1337890625
1042 -0.046875
1043 0.021484375
1044 -0.0146484375
1045 -0.12890625
1046 -0.0419921875
1047 0.0244140625
1048 -0.0126953125
1049 -0.1572265625
1050 -0.0263671875
1051 0.0498046875
1052 0.0146484375
1053 -0.0419921875
1054 0.072265625
1055 0.1376953125
1056 0.08203125
1057 -0.01171875
1058 0.0390625
1059 0.0947265625
1060 0.037109375
1061 -0.0947265625
1062 0.0234375
1063 0.0908203125
1064 0.0458984375
1065 -0.095703125
1066 -0.0517578125
1067 0.015625
1068 -0.017578125
1069 -0.1357421875
1070 -0.0458984375
1071 0.0234375
1072 -0.0146484375
1073 -0.1318359375
1074 -0.0419921875
1075 0.025390625
1076 -0.0146484375
1077 -0.158203125
1078 -0.0283203125
1079 0.05078125
1080 0.013671875
1081 -0.04296875
1082 0.072265625
1083 0.13671875
1084 0.0830078125
1085 -0.0126953125
1086 0.0380859375
1087 0.0927734375
1088 0.0380859375
1089 -0.0947265625
1090 0.0234375
1091 0.0888671875
1092 0.0439453125
1093 -0.0947265625
1094 -0.0517578125
1095 0.015625
1096 -0.0185546875
1097 -0.134765625
1098 -0.0478515625
1099 0.0224609375
1100 -0.0146484375
1101 -0.130859375
1102 -0.04296875
1103 0.025390625
1104 -0.013671875
1105 -0.158203125
1106 -0.02734375
1107 0.048828125
1108 0.0146484375
1109 -0.0439453125
1110 0.0712890625
1111 0.13671875
1112 0.0830078125
1113 -0.013671875
1114 0.0380859375
1115 0.0908203125
1116 0.0390625
1117 -0.095703125
1118 0.0234375
1119 0.08984375
1120 0.044921875
1121 -0.0947265625
1122 -0.0537109375
1123 0.0166015625
1124 -0.0205078125
1125 -0.134765625
1126 -0.0478515625
1127 0.0205078125
1128 -0.0146484375
1129 -0.1318359375
1130 -0.0419921875
1131 0.0234375
1132 -0.01171875
1133 -0.16015625
1134 -0.0283203125
1135 0.046875
1136 0.0146484375
1137 -0.0419921875
1138 0.072265625
1139 0.134765625
1140 0.0830078125
1141 -0.01171875
1142 0.0380859375
1143 0.0927734375
1144 0.037109375
1145 -0.0947265625
1146 0.021484375
1147 0.0888671875
1148 0.0439453125
1149 -0.0947265625
1150 -0.052734375
1151 0.01953125
1152 -0.01953125
1153 -0.1337890625
1154 -0.0458984375
1155 0.0224609375
1156 -0.013671875
1157 -0.12890625
1158 -0.04296875
1159 0.025390625
1160 -0.0126953125
1161 -0.1572265625
1162 -0.025390625
1163 0.0498046875
1164 0.015625
1165 -0.04296875
1166 0.0703125
1167 0.1357421875
1168 0.08203125
1169 -0.013671875
1170 0.0361328125
1171 0.0927734375
1172 0.0361328125
1173 -0.0927734375
1174 0.0234375
1175 0.08984375
1176 0.0458984375
1177 -0.0908203125
1178 -0.05078125
1179 0.015625
1180 -0.017578125
1181 -0.1328125
1182 -0.0439453125
1183 0.0205078125
1184 -0.01171875
1185 -0.1259765625
1186 -0.041015625
1187 0.01953125
1188 -0.01171875
1189 -0.1533203125
1190 -0.029296875
1191 0.04296875
1192 0.0146484375
1193 -0.0380859375
1194 0.0703125
1195 0.130859375
1196 0.0830078125
1197 -0.0078125
1198 0.0380859375
1199 0.0888671875
1200 0.0390625
1201 -0.091796875
1202 0.0234375
1203 0.0869140625
1204 0.0458984375
1205 -0.0908203125
1206 -0.05078125
1207 0.0126953125
1208 -0.015625
1209 -0.130859375
1210 -0.0458984375
1211 0.0185546875
1212 -0.013671875
1213 -0.1279296875
1214 -0.04296875
1215 0.0205078125
1216 -0.013671875
1217 -0.15625
1218 -0.0283203125
1219 0.0478515625
1220 0.013671875
1221 -0.0400390625
1222 0.0712890625
1223 0.1337890625
1224 0.0830078125
1225 -0.01171875
1226 0.0380859375
1227 0.091796875
1228 0.0380859375
1229 -0.0908203125
1230 0.0244140625
1231 0.0888671875
1232 0.0458984375
1233 -0.0927734375
1234 -0.05078125
1235 0.0146484375
1236 -0.017578125
1237 -0.1328125
1238 -0.046875
1239 0.0224609375
1240 -0.015625
1241 -0.1298828125
1242 -0.04296875
1243 0.0244140625
1244 -0.0126953125
1245 -0.15625
1246 -0.0283203125
1247 0.044921875
1248 0.0146484375
1249 -0.0419921875
1250 0.0712890625
1251 0.1337890625
1252 0.0830078125
1253 -0.0107421875
1254 0.0380859375
1255 0.08984375
1256 0.0380859375
1257 -0.095703125
1258 0.021484375
1259 0.0869140625
1260 0.044921875
1261 -0.0947265625
1262 -0.0537109375
1263 0.0146484375
1264 -0.0185546875
1265 -0.1328125
1266 -0.0478515625
1267 0.0205078125
1268 -0.013671875
1269 -0.1259765625
1270 -0.04296875
1271 0.0185546875
1272 -0.01171875
1273 -0.1533203125
1274 -0.025390625
1275 0.0458984375
1276 0.0166015625
1277 -0.0380859375
1278 0.072265625
1279 0.1328125
1280 0.0830078125
1281 -0.009765625
1282 0.0380859375
1283 0.08984375
1284 0.0380859375
1285 -0.0908203125
1286 0.0224609375
1287 0.0869140625
1288 0.0458984375
1289 -0.091796875
1290 -0.05078125
1291 0.01171875
1292 -0.0166015625
1293 -0.130859375
1294 -0.0458984375
1295 0.0185546875
1296 -0.01171875
1297 -0.125
1298 -0.0419921875
1299 0.017578125
1300 -0.009765625
1301 -0.15234375
1302 -0.0283203125
1303 0.044921875
1304 0.015625
1305 -0.0380859375
1306 0.0703125
1307 0.12890625
1308 0.0830078125
1309 -0.009765625
1310 0.037109375
1311 0.0869140625
1312 0.0380859375
1313 -0.091796875
1314 0.0224609375
1315 0.08203125
1316 0.0458984375
1317 -0.0927734375
1318 -0.052734375
1319 0.01171875
1320 -0.0185546875
1321 -0.130859375
1322 -0.0458984375
1323 0.017578125
1324 -0.01171875
1325 -0.126953125
1326 -0.04296875
1327 0.0224609375
1328 -0.0126953125
1329 -0.1533203125
1330 -0.0283203125
1331 0.0439453125
1332 0.013671875
1333 -0.0390625
1334 0.0712890625
1335 0.1318359375
1336 0.0830078125
1337 -0.0087890625
1338 0.037109375
1339 0.0869140625
1340 0.0380859375
1341 -0.0927734375
1342 0.0224609375
1343 0.0849609375
1344 0.046875
1345 -0.0927734375
1346 -0.052734375
1347 0.01171875
1348 -0.017578125
1349 -0.130859375
1350 -0.0458984375
1351 0.01953125
1352 -0.013671875
1353 -0.1259765625
1354 -0.0439453125
1355 0.01953125
1356 -0.0126953125
1357 -0.1572265625
1358 -0.029296875
1359 0.0439453125
1360 0.013671875
1361 -0.0419921875
1362 0.0712890625
1363 0.1318359375
1364 0.0830078125
1365 -0.0107421875
1366 0.037109375
1367 0.087890625
1368 0.0380859375
1369 -0.0947265625
1370 0.0224609375
1371 0.0849609375
1372 0.044921875
1373 -0.0927734375
1374 -0.052734375
1375 0.0146484375
1376 -0.017578125
1377 -0.1318359375
1378 -0.0458984375
1379 0.0185546875
1380 -0.013671875
1381 -0.1259765625
1382 -0.0400390625
1383 0.0224609375
1384 -0.0107421875
1385 -0.154296875
1386 -0.025390625
1387 0.046875
1388 0.0166015625
1389 -0.0400390625
1390 0.072265625
1391 0.134765625
1392 0.0830078125
1393 -0.009765625
1394 0.0390625
1395 0.0908203125
1396 0.0390625
1397 -0.0908203125
1398 0.0244140625
1399 0.08984375
1400 0.046875
1401 -0.0888671875
1402 -0.0498046875
1403 0.0166015625
1404 -0.015625
1405 -0.1318359375
1406 -0.0458984375
1407 0.0205078125
1408 -0.013671875
1409 -0.1279296875
1410 -0.0419921875
1411 0.0224609375
1412 -0.01171875
1413 -0.15625
1414 -0.025390625
1415 0.046875
1416 0.015625
1417 -0.0419921875
1418 0.0712890625
1419 0.1337890625
1420 0.08203125
1421 -0.009765625
1422 0.037109375
1423 0.0908203125
1424 0.0380859375
1425 -0.0908203125
1426 0.0244140625
1427 0.0888671875
1428 0.046875
1429 -0.08984375
1430 -0.05078125
1431 0.0146484375
1432 -0.0166015625
1433 -0.1318359375
1434 -0.044921875
1435 0.0205078125
1436 -0.0126953125
1437 -0.1240234375
1438 -0.0400390625
1439 0.025390625
1440 -0.01171875
1441 -0.1279296875
1442 -0.0068359375
1443 0.064453125
1444 0.029296875
1445 -0.0810546875
1446 -0.03125
1447 0.0322265625
1448 -0.0068359375
1449 -0.1201171875
1450 -0.041015625
1451 0.025390625
1452 -0.0087890625
1453 -0.12890625
1454 -0.0439453125
1455 0.01953125
1456 -0.013671875
1457 -0.1787109375
1458 -0.0849609375
1459 -0.0166015625
1460 -0.0400390625
1461 -0.1962890625
1462 -0.0615234375
1463 0.01953125
1464 -0.0048828125
1465 -0.076171875
1466 0.0400390625
1467 0.10546875
1468 0.064453125
1469 0.0029296875
1470 0.107421875
1471 0.166015625
1472 0.1083984375
1473 0.01171875
1474 0.056640625
1475 0.107421875
1476 0.0517578125
1477 -0.0654296875
1478 0.044921875
1479 0.1083984375
1480 0.0615234375
1481 -0.021484375
1482 0.0869140625
1483 0.1494140625
1484 0.091796875
1485 -0.0107421875
1486 0.0322265625
1487 0.08984375
1488 0.03515625
1489 -0.07421875
1490 0.0400390625
1491 0.10546875
1492 0.0556640625
1493 -0.013671875
1494 0.09375
1495 0.1552734375
1496 0.095703125
1497 -0.0087890625
1498 0.0322265625
1499 0.0888671875
1500 0.0341796875
1501 -0.0654296875
1502 0.0166015625
1503 0.0732421875
1504 0.0205078125
1505 -0.140625
1506 -0.0185546875
1507 0.0478515625
1508 0.017578125
1509 -0.09765625
1510 0.0146484375
1511 0.080078125
1512 0.0380859375
1513 -0.103515625
1514 -0.0615234375
1515 0.00390625
1516 -0.025390625
1517 -0.142578125
1518 -0.017578125
1519 0.0517578125
1520 0.0205078125
1521 -0.05078125
1522 0.060546875
1523 0.1181640625
1524 0.0712890625
1525 -0.0517578125
1526 -0.0146484375
1527 0.04296875
1528 0.0048828125
1529 -0.1044921875
1530 0.0126953125
1531 0.078125
1532 0.037109375
1533 -0.0625
1534 -0.015625
1535 0.04296875
1536 0.0
1537 -0.0888671875
1538 0.025390625
1539 0.08984375
1540 0.046875
1541 -0.001953125
1542 0.1005859375
1543 0.1572265625
1544 0.099609375
1545 -0.025390625
1546 0.0751953125
1547 0.1298828125
1548 0.0791015625
1549 -0.0869140625
1550 -0.0458984375
1551 0.01171875
1552 -0.0205078125
1553 -0.130859375
1554 -0.0478515625
1555 0.0146484375
1556 -0.0205078125
1557 -0.1875
1558 -0.1123046875
1559 -0.0380859375
1560 -0.0595703125
1561 -0.1787109375
1562 -0.048828125
1563 0.0283203125
1564 -0.0009765625
1565 -0.0966796875
1566 -0.048828125
1567 0.021484375
1568 -0.0166015625
1569 -0.1220703125
1570 0.001953125
1571 0.072265625
1572 0.0302734375
1573 -0.037109375
1574 0.076171875
1575 0.1357421875
1576 0.080078125
1577 -0.013671875
1578 0.0283203125
1579 0.0859375
1580 0.0322265625
1581 -0.0654296875
1582 0.0146484375
1583 0.0712890625
1584 0.0185546875
1585 -0.1416015625
1586 -0.01953125
1587 0.0517578125
1588 0.017578125
1589 -0.1025390625
1590 0.015625
1591 0.0791015625
1592 0.0380859375
1593 -0.10546875
1594 -0.060546875
1595 0.0078125
1596 -0.0263671875
1597 -0.146484375
1598 -0.017578125
1599 0.052734375
1600 0.0166015625
1601 -0.0703125
1602 0.0439453125
1603 0.1083984375
1604 0.060546875
1605 -0.060546875
1606 -0.0244140625
1607 0.0380859375
1608 0.0009765625
1609 -0.109375
1610 0.0078125
1611 0.07421875
1612 0.03515625
1613 -0.0654296875
1614 -0.0166015625
1615 0.0439453125
1616 0.0009765625
1617 -0.1259765625
1618 -0.0029296875
1619 0.064453125
1620 0.02734375
1621 -0.099609375
1622 -0.0537109375
1623 0.0126953125
1624 -0.0244140625
1625 -0.1337890625
1626 -0.0458984375
1627 0.0205078125
1628 -0.017578125
1629 -0.189453125
1630 -0.109375
1631 -0.0322265625
1632 -0.05859375
1633 -0.1787109375
1634 -0.0439453125
1635 0.0361328125
1636 0.00390625
1637 -0.09375
1638 -0.0419921875
1639 0.0263671875
1640 -0.0107421875
1641 -0.1171875
1642 0.0068359375
1643 0.076171875
1644 0.03515625
1645 -0.033203125
1646 0.078125
1647 0.138671875
1648 0.083984375
1649 -0.0107421875
1650 0.0302734375
1651 0.087890625
1652 0.0341796875
1653 -0.05859375
1654 0.021484375
1655 0.078125
1656 0.025390625
1657 -0.0595703125
1658 0.0517578125
1659 0.1142578125
1660 0.06640625
1661 0.009765625
1662 0.11328125
1663 0.1708984375
1664 0.1103515625
1665 0.001953125
1666 0.1025390625
1667 0.158203125
1668 0.09765625
1669 -0.0234375
1670 0.0791015625
1671 0.13671875
1672 0.080078125
1673 -0.0615234375
1674 -0.021484375
1675 0.0390625
1676 -0.0048828125
1677 -0.126953125
1678 -0.0048828125
1679 0.064453125
1680 0.0234375
1681 -0.05078125
1682 0.0576171875
1683 0.1201171875
1684 0.0673828125
1685 -0.0576171875
1686 -0.017578125
1687 0.041015625
1688 0.0
1689 -0.1142578125
1690 0.0068359375
1691 0.0732421875
1692 0.0302734375
1693 -0.07421875
1694 -0.0263671875
1695 0.03515625
1696 -0.0107421875
1697 -0.103515625
1698 0.0166015625
1699 0.0859375
1700 0.0380859375
1701 -0.0126953125
1702 0.0947265625
1703 0.158203125
1704 0.09375
1705 0.03515625
1706 0.1376953125
1707 0.193359375
1708 0.1240234375
1709 0.0556640625
1710 0.15625
1711 0.2099609375
1712 0.1357421875
1713 0.015625
1714 0.1103515625
1715 0.1630859375
1716 0.09765625
1717 -0.068359375
1718 -0.0302734375
1719 0.0283203125
1720 -0.0166015625
1721 -0.1298828125
1722 -0.046875
1723 0.0146484375
1724 -0.02734375
1725 -0.1982421875
1726 -0.123046875
1727 -0.0458984375
1728 -0.072265625
1729 -0.1923828125
1730 -0.0595703125
1731 0.0146484375
1732 -0.015625
1733 -0.11328125
1734 -0.0634765625
1735 0.0048828125
1736 -0.0322265625
1737 -0.1455078125
1738 -0.021484375
1739 0.0478515625
1740 0.009765625
1741 -0.0693359375
1742 0.0439453125
1743 0.1083984375
1744 0.0546875
1745 -0.044921875
1746 -0.00390625
1747 0.056640625
1748 0.0048828125
1749 -0.087890625
1750 -0.0048828125
1751 0.052734375
1752 0.001953125
1753 -0.09375
1754 0.0234375
1755 0.08984375
1756 0.0400390625
1757 -0.0224609375
1758 0.0869140625
1759 0.1474609375
1760 0.0849609375
1761 0.0205078125
1762 0.123046875
1763 0.181640625
1764 0.109375
1765 0.0458984375
1766 0.142578125
1767 0.1982421875
1768 0.125
1769 0.0107421875
1770 0.109375
1771 0.1640625
1772 0.0947265625
1773 -0.0322265625
1774 0.072265625
1775 0.1279296875
1776 0.0654296875
1777 -0.078125
1778 -0.0380859375
1779 0.0234375
1780 -0.025390625
1781 -0.1474609375
1782 -0.0234375
1783 0.044921875
1784 0.001953125
1785 -0.0732421875
1786 0.0400390625
1787 0.1025390625
1788 0.0458984375
1789 -0.0791015625
1790 -0.0400390625
1791 0.0224609375
1792 -0.021484375
1793 -0.1318359375
1794 -0.0146484375
1795 0.0517578125
1796 0.0107421875
1797 -0.09375
1798 -0.0439453125
1799 0.0146484375
1800 -0.02734375
1801 -0.1201171875
1802 -0.0029296875
1803 0.0615234375
1804 0.0205078125
1805 -0.029296875
1806 0.076171875
1807 0.134765625
1808 0.076171875
1809 0.0126953125
1810 0.111328125
1811 0.166015625
1812 0.1025390625
1813 0.0400390625
1814 0.1337890625
1815 0.185546875
1816 0.1162109375
1817 -0.0029296875
1818 0.091796875
1819 0.140625
1820 0.0791015625
1821 -0.0859375
1822 -0.046875
1823 0.0087890625
1824 -0.0341796875
1825 -0.146484375
1826 -0.0625
1827 -0.0029296875
1828 -0.0439453125
1829 -0.2138671875
1830 -0.138671875
1831 -0.064453125
1832 -0.087890625
1833 -0.20703125
1834 -0.076171875
1835 -0.0029296875
1836 -0.0302734375
1837 -0.1240234375
1838 -0.0791015625
1839 -0.0146484375
1840 -0.044921875
1841 -0.185546875
1842 -0.0615234375
1843 0.0087890625
1844 -0.017578125
1845 -0.1064453125
1846 0.005859375
1847 0.06640625
1848 0.02734375
1849 -0.0703125
1850 -0.03125
1851 0.025390625
1852 -0.013671875
1853 -0.10546875
1854 -0.0234375
1855 0.0322265625
1856 -0.0107421875
1857 -0.1064453125
1858 0.0048828125
1859 0.0703125
1860 0.0263671875
1861 -0.029296875
1862 0.0703125
1863 0.12890625
1864 0.07421875
1865 0.0078125
1866 0.103515625
1867 0.158203125
1868 0.09765625
1869 0.0361328125
1870 0.12890625
1871 0.1806640625
1872 0.11328125
1873 0.009765625
1874 0.1015625
1875 0.1513671875
1876 0.0888671875
1877 -0.029296875
1878 0.0654296875
1879 0.1181640625
1880 0.0615234375
1881 -0.076171875
1882 -0.0390625
1883 0.0166015625
1884 -0.025390625
1885 -0.146484375
1886 -0.029296875
1887 0.03515625
1888 -0.0029296875
1889 -0.0771484375
1890 0.0302734375
1891 0.087890625
1892 0.0400390625
1893 -0.0869140625
1894 -0.048828125
1895 0.0087890625
1896 -0.0283203125
1897 -0.1396484375
1898 -0.0234375
1899 0.04296875
1900 0.0029296875
1901 -0.1005859375
1902 -0.052734375
1903 0.0068359375
1904 -0.03515625
1905 -0.126953125
1906 -0.01171875
1907 0.0546875
1908 0.013671875
1909 -0.03515625
1910 0.0693359375
1911 0.1259765625
1912 0.0703125
1913 0.009765625
1914 0.109375
1915 0.16015625
1916 0.09765625
1917 0.0361328125
1918 0.12890625
1919 0.181640625
1920 0.1123046875
1921 -0.005859375
1922 0.083984375
1923 0.134765625
1924 0.0732421875
1925 -0.08984375
1926 -0.0517578125
1927 0.0048828125
1928 -0.0390625
1929 -0.1513671875
1930 -0.0693359375
1931 -0.0078125
1932 -0.0458984375
1933 -0.2197265625
1934 -0.142578125
1935 -0.0673828125
1936 -0.0927734375
1937 -0.2119140625
1938 -0.080078125
1939 -0.00390625
1940 -0.033203125
1941 -0.130859375
1942 -0.0810546875
1943 -0.015625
1944 -0.0498046875
1945 -0.1591796875
1946 -0.0380859375
1947 0.0322265625
1948 -0.005859375
1949 -0.076171875
1950 0.0322265625
1951 0.09375
1952 0.0400390625
1953 -0.0537109375
1954 -0.01171875
1955 0.044921875
1956 -0.0048828125
1957 -0.099609375
1958 -0.017578125
1959 0.0380859375
1960 -0.01171875
1961 -0.1064453125
1962 0.0068359375
1963 0.072265625
1964 0.025390625
1965 -0.0390625
1966 0.06640625
1967 0.126953125
1968 0.06640625
1969 -0.0068359375
1970 0.09375
1971 0.150390625
1972 0.0859375
1973 0.025390625
1974 0.12109375
1975 0.173828125
1976 0.10546875
1977 -0.0009765625
1978 0.0947265625
1979 0.14453125
1980 0.0810546875
1981 -0.037109375
1982 0.0595703125
1983 0.111328125
1984 0.0537109375
1985 -0.08984375
1986 -0.0498046875
1987 0.0087890625
1988 -0.0361328125
1989 -0.16015625
1990 -0.0380859375
1991 0.0322265625
1992 -0.0107421875
1993 -0.09765625
1994 0.013671875
1995 0.0771484375
1996 0.02734375
1997 -0.099609375
1998 -0.056640625
1999 0.005859375
2000 -0.0380859375
2001 -0.1494140625
2002 -0.02734375
2003 0.0400390625
2004 -0.00390625
2005 -0.103515625
2006 -0.0517578125
2007 0.0078125
2008 -0.03515625
2009 -0.1806640625
2010 -0.0517578125
2011 0.0205078125
2012 -0.0185546875
2013 -0.146484375
2014 -0.09765625
2015 -0.025390625
2016 -0.0634765625
2017 -0.17578125
2018 -0.0830078125
2019 -0.01171875
2020 -0.0546875
2021 -0.2236328125
2022 -0.1455078125
2023 -0.0634765625
2024 -0.0908203125
2025 -0.212890625
2026 -0.076171875
2027 0.0048828125
2028 -0.0302734375
2029 -0.1298828125
2030 -0.0771484375
2031 -0.0048828125
2032 -0.0439453125
2033 -0.2001953125
2034 -0.06640625
2035 0.013671875
2036 -0.0205078125
2037 -0.125
2038 -0.001953125
2039 0.0693359375
2040 0.0205078125
2041 -0.0771484375
2042 -0.03125
2043 0.033203125
2044 -0.0146484375
2045 -0.107421875
2046 -0.021484375
2047 0.0380859375
2048 -0.01171875
2049 -0.1064453125
2050 0.009765625
2051 0.0771484375
2052 0.029296875
2053 -0.041015625
2054 0.0693359375
2055 0.1298828125
2056 0.0712890625
2057 0.0009765625
2058 0.103515625
2059 0.1630859375
2060 0.095703125
2061 0.03125
2062 0.1298828125
2063 0.1865234375
2064 0.1142578125
2065 0.005859375
2066 0.1025390625
2067 0.15625
2068 0.08984375
2069 -0.033203125
2070 0.068359375
2071 0.1240234375
2072 0.0615234375
2073 -0.078125
2074 -0.03515625
2075 0.0224609375
2076 -0.0234375
2077 -0.1494140625
2078 -0.0263671875
2079 0.0419921875
2080 0.0009765625
2081 -0.078125
2082 0.0322265625
2083 0.095703125
2084 0.0419921875
2085 -0.0830078125
2086 -0.0439453125
2087 0.017578125
2088 -0.0263671875
2089 -0.1376953125
2090 -0.0185546875
2091 0.0498046875
2092 0.005859375
2093 -0.0986328125
2094 -0.0478515625
2095 0.0126953125
2096 -0.0322265625
2097 -0.1298828125
2098 -0.0087890625
2099 0.0576171875
2100 0.0126953125
2101 -0.03515625
2102 0.0732421875
2103 0.1337890625
2104 0.0712890625
2105 0.00390625
2106 0.10546875
2107 0.162109375
2108 0.0947265625
2109 0.0302734375
2110 0.1279296875
2111 0.185546875
2112 0.1103515625
2113 -0.0087890625
2114 0.0849609375
2115 0.138671875
2116 0.07421875
2117 -0.0908203125
2118 -0.0537109375
2119 0.0048828125
2120 -0.0380859375
2121 -0.154296875
2122 -0.06640625
2123 -0.00390625
2124 -0.044921875
2125 -0.2197265625
2126 -0.1416015625
2127 -0.0654296875
2128 -0.09375
2129 -0.212890625
2130 -0.078125
2131 -0.001953125
2132 -0.0322265625
2133 -0.1279296875
2134 -0.080078125
2135 -0.0107421875
2136 -0.048828125
2137 -0.1640625
2138 -0.037109375
2139 0.0322265625
2140 -0.005859375
2141 -0.0830078125
2142 0.029296875
2143 0.091796875
2144 0.0400390625
2145 -0.0546875
2146 -0.0107421875
2147 0.044921875
2148 -0.0029296875
2149 -0.09765625
2150 -0.017578125
2151 0.0390625
2152 -0.0107421875
2153 -0.1044921875
2154 0.0087890625
2155 0.0751953125
2156 0.0263671875
2157 -0.03515625
2158 0.0693359375
2159 0.1279296875
2160 0.068359375
2161 0.0
2162 0.099609375
2163 0.1552734375
2164 0.091796875
2165 0.0283203125
2166 0.125
2167 0.1787109375
2168 0.1083984375
2169 -0.0009765625
2170 0.0966796875
2171 0.1455078125
2172 0.08203125
2173 -0.0400390625
2174 0.0576171875
2175 0.1123046875
2176 0.0537109375
2177 -0.08984375
2178 -0.0498046875
2179 0.0078125
2180 -0.03515625
2181 -0.1572265625
2182 -0.037109375
2183 0.0283203125
2184 -0.0078125
2185 -0.09765625
2186 0.013671875
2187 0.07421875
2188 0.02734375
2189 -0.09375
2190 -0.052734375
2191 0.0078125
2192 -0.0341796875
2193 -0.14453125
2194 -0.025390625
2195 0.0419921875
2196 -0.001953125
2197 -0.1005859375
2198 -0.052734375
2199 0.0068359375
2200 -0.03515625
2201 -0.1748046875
2202 -0.0517578125
2203 0.015625
2204 -0.0166015625
2205 -0.140625
2206 -0.0966796875
2207 -0.0322265625
2208 -0.060546875
2209 -0.1689453125
2210 -0.083984375
2211 -0.0205078125
2212 -0.0517578125
2213 -0.2216796875
2214 -0.14453125
2215 -0.0703125
2216 -0.087890625
2217 -0.2060546875
2218 -0.076171875
2219 -0.00390625
2220 -0.0283203125
2221 -0.126953125
2222 -0.078125
2223 -0.009765625
2224 -0.044921875
2225 -0.1943359375
2226 -0.0673828125
2227 0.005859375
2228 -0.0224609375
2229 -0.1181640625
2230 -0.001953125
2231 0.0615234375
2232 0.0224609375
2233 -0.072265625
2234 -0.033203125
2235 0.0263671875
2236 -0.0126953125
2237 -0.1044921875
2238 -0.021484375
2239 0.0322265625
2240 -0.009765625
2241 -0.1025390625
2242 0.009765625
2243 0.07421875
2244 0.0302734375
2245 -0.037109375
2246 0.0673828125
2247 0.1259765625
2248 0.0732421875
2249 0.00390625
2250 0.1044921875
2251 0.1611328125
2252 0.095703125
2253 0.0322265625
2254 0.1298828125
2255 0.185546875
2256 0.1142578125
2257 0.0068359375
2258 0.1044921875
2259 0.1552734375
2260 0.0908203125
2261 -0.029296875
2262 0.0703125
2263 0.125
2264 0.0634765625
2265 -0.072265625
2266 -0.033203125
2267 0.0263671875
2268 -0.0224609375
2269 -0.1455078125
2270 -0.0263671875
2271 0.04296875
2272 0.0009765625
2273 -0.076171875
2274 0.03515625
2275 0.09765625
2276 0.0419921875
2277 -0.0849609375
2278 -0.0458984375
2279 0.0146484375
2280 -0.0283203125
2281 -0.138671875
2282 -0.0185546875
2283 0.0478515625
2284 0.0068359375
2285 -0.09765625
2286 -0.048828125
2287 0.009765625
2288 -0.0341796875
2289 -0.1259765625
2290 -0.01171875
2291 0.056640625
2292 0.0146484375
2293 -0.0322265625
2294 0.0712890625
2295 0.130859375
2296 0.072265625
2297 0.0078125
2298 0.1044921875
2299 0.1572265625
2300 0.0947265625
2301 0.0322265625
2302 0.126953125
2303 0.1796875
2304 0.111328125
2305 -0.009765625
2306 0.0849609375
2307 0.1337890625
2308 0.07421875
2309 -0.091796875
2310 -0.0537109375
2311 0.00390625
2312 -0.0380859375
2313 -0.1513671875
2314 -0.0673828125
2315 -0.0068359375
2316 -0.0458984375
2317 -0.216796875
2318 -0.1416015625
2319 -0.0654296875
2320 -0.091796875
2321 -0.208984375
2322 -0.078125
2323 -0.0048828125
2324 -0.0322265625
2325 -0.1298828125
2326 -0.0810546875
2327 -0.0146484375
2328 -0.048828125
2329 -0.162109375
2330 -0.037109375
2331 0.0302734375
2332 -0.0068359375
2333 -0.08203125
2334 0.0302734375
2335 0.0927734375
2336 0.0390625
2337 -0.0546875
2338 -0.0126953125
2339 0.044921875
2340 -0.005859375
2341 -0.0986328125
2342 -0.0185546875
2343 0.0400390625
2344 -0.01171875
2345 -0.103515625
2346 0.009765625
2347 0.0751953125
2348 0.02734375
2349 -0.037109375
2350 0.0693359375
2351 0.1279296875
2352 0.0703125
2353 0.0
2354 0.099609375
2355 0.154296875
2356 0.0908203125
2357 0.029296875
2358 0.123046875
2359 0.1748046875
2360 0.107421875
2361 0.001953125
2362 0.0947265625
2363 0.1455078125
2364 0.0830078125
2365 -0.0380859375
2366 0.0595703125
2367 0.111328125
2368 0.0556640625
2369 -0.0849609375
2370 -0.044921875
2371 0.0087890625
2372 -0.0322265625
2373 -0.154296875
2374 -0.0341796875
2375 0.0302734375
2376 -0.005859375
2377 -0.0810546875
2378 0.025390625
2379 0.08203125
2380 0.0341796875
2381 -0.08203125
2382 -0.044921875
2383 0.0107421875
2384 -0.029296875
2385 -0.1474609375
2386 -0.0322265625
2387 0.03125
2388 -0.0048828125
2389 -0.1064453125
2390 -0.0615234375
2391 -0.0048828125
2392 -0.0400390625
2393 -0.1552734375
2394 -0.0341796875
2395 0.0322265625
2396 -0.0029296875
2397 -0.0478515625
2398 0.056640625
2399 0.11328125
2400 0.060546875
2401 0.00390625
2402 0.09765625
2403 0.1533203125
2404 0.08984375
2405 0.029296875
2406 0.1220703125
2407 0.1728515625
2408 0.10546875
2409 -0.015625
2410 0.078125
2411 0.1279296875
2412 0.068359375
2413 -0.0947265625
2414 -0.05859375
2415 -0.00390625
2416 -0.044921875
2417 -0.1591796875
2418 -0.0751953125
2419 -0.0166015625
2420 -0.052734375
2421 -0.2353515625
2422 -0.15625
2423 -0.08203125
2424 -0.1025390625
2425 -0.2490234375
2426 -0.111328125
2427 -0.0302734375
2428 -0.0537109375
2429 -0.1298828125
2430 -0.013671875
2431 0.0537109375
2432 0.01171875
2433 -0.12109375
2434 -0.0830078125
2435 -0.017578125
2436 -0.052734375
2437 -0.1708984375
2438 -0.0869140625
2439 -0.0205078125
2440 -0.052734375
2441 -0.1591796875
2442 -0.07421875
2443 -0.01171875
2444 -0.0458984375
2445 -0.1630859375
2446 -0.04296875
2447 0.025390625
2448 -0.0087890625
2449 -0.0947265625
2450 0.015625
2451 0.0791015625
2452 0.0322265625
2453 -0.02734375
2454 0.07421875
2455 0.130859375
2456 0.07421875
2457 -0.0205078125
2458 0.025390625
2459 0.0732421875
2460 0.0185546875
2461 -0.111328125
2462 -0.0009765625
2463 0.0615234375
2464 0.017578125
2465 -0.119140625
2466 -0.080078125
2467 -0.015625
2468 -0.0498046875
2469 -0.162109375
2470 -0.078125
2471 -0.01171875
2472 -0.0478515625
2473 -0.1611328125
2474 -0.076171875
2475 -0.0107421875
2476 -0.0458984375
2477 -0.1884765625
2478 -0.0615234375
2479 0.0146484375
2480 -0.017578125
2481 -0.072265625
2482 0.0380859375
2483 0.1005859375
2484 0.0498046875
2485 -0.0439453125
2486 0.005859375
2487 0.0576171875
2488 0.0078125
2489 -0.1240234375
2490 -0.0078125
2491 0.056640625
2492 0.0146484375
2493 -0.1220703125
2494 -0.08203125
2495 -0.013671875
2496 -0.0478515625
2497 -0.162109375
2498 -0.0751953125
2499 -0.0068359375
2500 -0.04296875
2501 -0.1572265625
2502 -0.0712890625
2503 -0.00390625
2504 -0.0419921875
2505 -0.1845703125
2506 -0.0556640625
2507 0.0185546875
2508 -0.0126953125
2509 -0.068359375
2510 0.0439453125
2511 0.103515625
2512 0.0546875
2513 -0.0390625
2514 0.01171875
2515 0.0615234375
2516 0.0107421875
2517 -0.1171875
2518 -0.001953125
2519 0.0615234375
2520 0.0205078125
2521 -0.1162109375
2522 -0.076171875
2523 -0.0087890625
2524 -0.04296875
2525 -0.15625
2526 -0.0703125
2527 -0.00390625
2528 -0.0380859375
2529 -0.15234375
2530 -0.06640625
2531 -0.0009765625
2532 -0.03515625
2533 -0.1806640625
2534 -0.0498046875
2535 0.025390625
2536 -0.005859375
2537 -0.064453125
2538 0.048828125
2539 0.111328125
2540 0.05859375
2541 -0.0341796875
2542 0.0166015625
2543 0.072265625
2544 0.015625
2545 -0.1162109375
2546 0.001953125
2547 0.0703125
2548 0.0234375
2549 -0.115234375
2550 -0.072265625
2551 -0.001953125
2552 -0.0390625
2553 -0.15625
2554 -0.06640625
2555 0.001953125
2556 -0.033203125
2557 -0.1513671875
2558 -0.0615234375
2559 0.001953125
2560 -0.0322265625
2561 -0.173828125
2562 -0.0478515625
2563 0.025390625
2564 -0.00390625
2565 -0.060546875
2566 0.0517578125
2567 0.1162109375
2568 0.06640625
2569 -0.029296875
2570 0.0185546875
2571 0.0712890625
2572 0.0205078125
2573 -0.107421875
2574 0.0068359375
2575 0.0693359375
2576 0.029296875
2577 -0.1103515625
2578 -0.068359375
2579 -0.001953125
2580 -0.033203125
2581 -0.1494140625
2582 -0.0625
2583 0.0048828125
2584 -0.029296875
2585 -0.1455078125
2586 -0.05859375
2587 0.0048828125
2588 -0.029296875
2589 -0.171875
2590 -0.04296875
2591 0.0322265625
2592 -0.001953125
2593 -0.0576171875
2594 0.0556640625
2595 0.12109375
2596 0.0654296875
2597 -0.0263671875
2598 0.0224609375
2599 0.078125
2600 0.021484375
2601 -0.109375
2602 0.0078125
2603 0.0732421875
2604 0.0302734375
2605 -0.1103515625
2606 -0.06640625
2607 0.001953125
2608 -0.0341796875
2609 -0.1494140625
2610 -0.0615234375
2611 0.0078125
2612 -0.0283203125
2613 -0.1435546875
2614 -0.056640625
2615 0.0107421875
2616 -0.0263671875
2617 -0.1708984375
2618 -0.0400390625
2619 0.037109375
2620 0.0009765625
2621 -0.05859375
2622 0.05859375
2623 0.1259765625
2624 0.068359375
2625 -0.02734375
2626 0.02734375
2627 0.0810546875
2628 0.025390625
2629 -0.1103515625
2630 0.0107421875
2631 0.0810546875
2632 0.03125
2633 -0.107421875
2634 -0.064453125
2635 0.0087890625
2636 -0.0322265625
2637 -0.1474609375
2638 -0.05859375
2639 0.013671875
2640 -0.0263671875
2641 -0.1435546875
2642 -0.052734375
2643 0.0126953125
2644 -0.025390625
2645 -0.1728515625
2646 -0.0390625
2647 0.0380859375
2648 0.001953125
2649 -0.0576171875
2650 0.0615234375
2651 0.126953125
2652 0.0712890625
2653 -0.025390625
2654 0.02734375
2655 0.08203125
2656 0.025390625
2657 -0.1064453125
2658 0.0107421875
2659 0.0791015625
2660 0.0341796875
2661 -0.1044921875
2662 -0.0625
2663 0.0048828125
2664 -0.0283203125
2665 -0.14453125
2666 -0.056640625
2667 0.01171875
2668 -0.0244140625
2669 -0.138671875
2670 -0.0517578125
2671 0.0146484375
2672 -0.021484375
2673 -0.1669921875
2674 -0.03515625
2675 0.0400390625
2676 0.005859375
2677 -0.0517578125
2678 0.060546875
2679 0.1279296875
2680 0.0732421875
2681 -0.0205078125
2682 0.029296875
2683 0.0830078125
2684 0.0283203125
2685 -0.1044921875
2686 0.015625
2687 0.0830078125
2688 0.037109375
2689 -0.1015625
2690 -0.05859375
2691 0.009765625
2692 -0.0263671875
2693 -0.142578125
2694 -0.052734375
2695 0.013671875
2696 -0.021484375
2697 -0.13671875
2698 -0.0498046875
2699 0.0146484375
2700 -0.0205078125
2701 -0.1640625
2702 -0.037109375
2703 0.0380859375
2704 0.0048828125
2705 -0.0498046875
2706 0.060546875
2707 0.126953125
2708 0.07421875
2709 -0.0185546875
2710 0.0302734375
2711 0.0830078125
2712 0.0302734375
2713 -0.103515625
2714 0.015625
2715 0.0810546875
2716 0.037109375
2717 -0.1005859375
2718 -0.0556640625
2719 0.0126953125
2720 -0.0234375
2721 -0.1396484375
2722 -0.052734375
2723 0.017578125
2724 -0.021484375
2725 -0.134765625
2726 -0.048828125
2727 0.0166015625
2728 -0.01953125
2729 -0.1640625
2730 -0.033203125
2731 0.0419921875
2732 0.0087890625
2733 -0.048828125
2734 0.064453125
2735 0.12890625
2736 0.07421875
2737 -0.01953125
2738 0.0322265625
2739 0.0849609375
2740 0.03125
2741 -0.0986328125
2742 0.0166015625
2743 0.08203125
2744 0.0390625
2745 -0.0986328125
2746 -0.056640625
2747 0.0107421875
2748 -0.0244140625
2749 -0.1396484375
2750 -0.0537109375
2751 0.0166015625
2752 -0.0205078125
2753 -0.1357421875
2754 -0.0498046875
2755 0.017578125
2756 -0.0185546875
2757 -0.1650390625
2758 -0.03515625
2759 0.041015625
2760 0.0087890625
2761 -0.0478515625
2762 0.064453125
2763 0.126953125
2764 0.0751953125
2765 -0.0185546875
2766 0.0322265625
2767 0.0869140625
2768 0.033203125
2769 -0.0986328125
2770 0.0146484375
2771 0.0810546875
2772 0.0400390625
2773 -0.0986328125
2774 -0.0595703125
2775 0.009765625
2776 -0.0244140625
2777 -0.138671875
2778 -0.0517578125
2779 0.015625
2780 -0.0185546875
2781 -0.1337890625
2782 -0.048828125
2783 0.0185546875
2784 -0.0166015625
2785 -0.162109375
2786 -0.0322265625
2787 0.0419921875
2788 0.0107421875
2789 -0.046875
2790 0.068359375
2791 0.1298828125
2792 0.0771484375
2793 -0.0166015625
2794 0.0322265625
2795 0.087890625
2796 0.03125
2797 -0.0986328125
2798 0.017578125
2799 0.0849609375
2800 0.0390625
2801 -0.0966796875
2802 -0.0556640625
2803 0.01171875
2804 -0.021484375
2805 -0.1396484375
2806 -0.0498046875
2807 0.017578125
2808 -0.01953125
2809 -0.1328125
2810 -0.0458984375
2811 0.0185546875
2812 -0.0166015625
2813 -0.1611328125
2814 -0.0322265625
2815 0.0439453125
2816 0.009765625
2817 -0.0439453125
2818 0.0654296875
2819 0.1279296875
2820 0.078125
2821 -0.015625
2822 0.033203125
2823 0.0859375
2824 0.0341796875
2825 -0.0966796875
2826 0.017578125
2827 0.0810546875
2828 0.0419921875
2829 -0.0966796875
2830 -0.0556640625
2831 0.009765625
2832 -0.0205078125
2833 -0.13671875
2834 -0.048828125
2835 0.017578125
2836 -0.0166015625
2837 -0.130859375
2838 -0.0478515625
2839 0.01953125
2840 -0.015625
2841 -0.1591796875
2842 -0.0322265625
2843 0.044921875
2844 0.0107421875
2845 -0.0458984375
2846 0.068359375
2847 0.1318359375
2848 0.0791015625
2849 -0.0166015625
2850 0.03515625
2851 0.0888671875
2852 0.033203125
2853 -0.0966796875
2854 0.01953125
2855 0.0859375
2856 0.04296875
2857 -0.0966796875
2858 -0.0546875
2859 0.0126953125
2860 -0.0205078125
2861 -0.13671875
2862 -0.05078125
2863 0.01953125
2864 -0.017578125
2865 -0.1318359375
2866 -0.0458984375
2867 0.0205078125
2868 -0.015625
2869 -0.158203125
2870 -0.0322265625
2871 0.044921875
2872 0.01171875
2873 -0.044921875
2874 0.0673828125
2875 0.130859375
2876 0.080078125
2877 -0.0146484375
2878 0.03515625
2879 0.0888671875
2880 0.0361328125
2881 -0.0966796875
2882 0.021484375
2883 0.083984375
2884 0.04296875
2885 -0.095703125
2886 -0.0556640625
2887 0.01171875
2888 -0.021484375
2889 -0.1357421875
2890 -0.0498046875
2891 0.0185546875
2892 -0.015625
2893 -0.12890625
2894 -0.046875
2895 0.01953125
2896 -0.0146484375
2897 -0.15625
2898 -0.02734375
2899 0.0458984375
2900 0.013671875
2901 -0.041015625
2902 0.0693359375
2903 0.1318359375
2904 0.0810546875
2905 -0.01171875
2906 0.0361328125
2907 0.087890625
2908 0.0361328125
2909 -0.0927734375
2910 0.021484375
2911 0.0869140625
2912 0.0439453125
2913 -0.091796875
2914 -0.0517578125
2915 0.015625
2916 -0.0185546875
2917 -0.1318359375
2918 -0.0478515625
2919 0.0205078125
2920 -0.013671875
2921 -0.12890625
2922 -0.04296875
2923 0.0205078125
2924 -0.013671875
2925 -0.15625
2926 -0.02734375
2927 0.0458984375
2928 0.013671875
2929 -0.04296875
2930 0.0712890625
2931 0.1328125
2932 0.0810546875
2933 -0.01171875
2934 0.037109375
2935 0.08984375
2936 0.0361328125
2937 -0.0927734375
2938 0.021484375
2939 0.0859375
2940 0.0439453125
2941 -0.09375
2942 -0.0517578125
2943 0.0146484375
2944 -0.01953125
2945 -0.1337890625
2946 -0.046875
2947 0.0185546875
2948 -0.0146484375
2949 -0.1298828125
2950 -0.0439453125
2951 0.021484375
2952 -0.0146484375
2953 -0.1552734375
2954 -0.029296875
2955 0.0439453125
2956 0.0146484375
2957 -0.0400390625
2958 0.0693359375
2959 0.1318359375
2960 0.08203125
2961 -0.0107421875
2962 0.037109375
2963 0.0888671875
2964 0.037109375
2965 -0.0947265625
2966 0.0234375
2967 0.0869140625
2968 0.044921875
2969 -0.09375
2970 -0.0517578125
2971 0.015625
2972 -0.01953125
2973 -0.1337890625
2974 -0.046875
2975 0.021484375
2976 -0.013671875
2977 -0.1298828125
2978 -0.0439453125
2979 0.0234375
2980 -0.015625
2981 -0.15625
2982 -0.029296875
2983 0.046875
2984 0.0126953125
2985 -0.0439453125
2986 0.068359375
2987 0.1328125
2988 0.08203125
2989 -0.015625
2990 0.03515625
2991 0.08984375
2992 0.03515625
2993 -0.0966796875
2994 0.0224609375
2995 0.0869140625
2996 0.04296875
2997 -0.095703125
2998 -0.0537109375
2999 0.015625
3000 -0.0205078125
3001 -0.1328125
3002 -0.0478515625
3003 0.0185546875
3004 -0.015625
3005 -0.1279296875
3006 -0.044921875
3007 0.0205078125
3008 -0.013671875
3009 -0.15234375
3010 -0.0283203125
3011 0.0419921875
3012 0.015625
3013 -0.0390625
3014 0.0703125
3015 0.1298828125
3016 0.0810546875
3017 -0.009765625
3018 0.037109375
3019 0.087890625
3020 0.037109375
3021 -0.08984375
3022 0.0224609375
3023 0.0849609375
3024 0.044921875
3025 -0.0908203125
3026 -0.0517578125
3027 0.0126953125
3028 -0.0185546875
3029 -0.1298828125
3030 -0.0478515625
3031 0.0185546875
3032 -0.0146484375
3033 -0.1298828125
3034 -0.044921875
3035 0.0185546875
3036 -0.0146484375
3037 -0.1572265625
3038 -0.029296875
3039 0.04296875
3040 0.013671875
3041 -0.04296875
3042 0.0703125
3043 0.130859375
3044 0.0810546875
3045 -0.01171875
3046 0.0361328125
3047 0.0888671875
3048 0.03515625
3049 -0.091796875
3050 0.0224609375
3051 0.0849609375
3052 0.0439453125
3053 -0.0927734375
3054 -0.052734375
3055 0.013671875
3056 -0.0166015625
3057 -0.1328125
3058 -0.0478515625
3059 0.017578125
3060 -0.0146484375
3061 -0.12890625
3062 -0.0439453125
3063 0.0185546875
3064 -0.0126953125
3065 -0.1533203125
3066 -0.0283203125
3067 0.0439453125
3068 0.0146484375
3069 -0.0390625
3070 0.0693359375
3071 0.1318359375
3072 0.0810546875
3073 -0.009765625
3074 0.0361328125
3075 0.0859375
3076 0.037109375
3077 -0.0908203125
3078 0.0224609375
3079 0.083984375
3080 0.0458984375
3081 -0.0927734375
3082 -0.0517578125
3083 0.009765625
3084 -0.017578125
3085 -0.1337890625
3086 -0.048828125
3087 0.015625
3088 -0.0146484375
3089 -0.1279296875
3090 -0.0439453125
3091 0.017578125
3092 -0.0146484375
3093 -0.1533203125
3094 -0.03125
3095 0.0439453125
3096 0.0146484375
3097 -0.0390625
3098 0.0693359375
3099 0.12890625
3100 0.08203125
3101 -0.0107421875
3102 0.0361328125
3103 0.0869140625
3104 0.0380859375
3105 -0.0927734375
3106 0.021484375
3107 0.0849609375
3108 0.044921875
3109 -0.091796875
3110 -0.052734375
3111 0.0126953125
3112 -0.0185546875
3113 -0.1328125
3114 -0.048828125
3115 0.0205078125
3116 -0.0146484375
3117 -0.126953125
3118 -0.04296875
3119 0.0234375
3120 -0.0126953125
3121 -0.15234375
3122 -0.0283203125
3123 0.046875
3124 0.015625
3125 -0.0400390625
3126 0.0693359375
3127 0.1328125
3128 0.0830078125
3129 -0.0126953125
3130 0.0380859375
3131 0.0888671875
3132 0.0390625
3133 -0.0927734375
3134 0.0224609375
3135 0.0859375
3136 0.044921875
3137 -0.08984375
3138 -0.052734375
3139 0.0166015625
3140 -0.0166015625
3141 -0.1298828125
3142 -0.046875
3143 0.0224609375
3144 -0.013671875
3145 -0.1279296875
3146 -0.0439453125
3147 0.0224609375
3148 -0.0126953125
3149 -0.15625
3150 -0.02734375
3151 0.046875
3152 0.0146484375
3153 -0.041015625
3154 0.072265625
3155 0.1328125
3156 0.0830078125
3157 -0.0126953125
3158 0.0380859375
3159 0.0908203125
3160 0.0361328125
3161 -0.09375
3162 0.021484375
3163 0.0869140625
3164 0.044921875
3165 -0.0908203125
3166 -0.05078125
3167 0.017578125
3168 -0.0166015625
3169 -0.1328125
3170 -0.0458984375
3171 0.0205078125
3172 -0.013671875
3173 -0.1298828125
3174 -0.041015625
3175 0.0234375
3176 -0.01171875
3177 -0.1572265625
3178 -0.02734375
3179 0.0458984375
3180 0.013671875
3181 -0.0419921875
3182 0.068359375
3183 0.130859375
3184 0.0810546875
3185 -0.0126953125
3186 0.0361328125
3187 0.08984375
3188 0.0361328125
3189 -0.0927734375
3190 0.0234375
3191 0.0859375
3192 0.0458984375
3193 -0.0908203125
3194 -0.048828125
3195 0.015625
3196 -0.017578125
3197 -0.1328125
3198 -0.044921875
3199 0.0224609375
3200 -0.013671875
3201 -0.1279296875
3202 -0.04296875
3203 0.021484375
3204 -0.0126953125
3205 -0.1552734375
3206 -0.0283203125
3207 0.044921875
3208 0.0146484375
3209 -0.0419921875
3210 0.0703125
3211 0.1328125
3212 0.08203125
3213 -0.0107421875
3214 0.0361328125
3215 0.0888671875
3216 0.037109375
3217 -0.09375
3218 0.021484375
3219 0.0849609375
3220 0.044921875
3221 -0.0927734375
3222 -0.05078125
3223 0.013671875
3224 -0.0166015625
3225 -0.1337890625
3226 -0.046875
3227 0.0185546875
3228 -0.013671875
3229 -0.1279296875
3230 -0.0439453125
3231 0.021484375
3232 -0.013671875
3233 -0.158203125
3234 -0.0283203125
3235 0.048828125
3236 0.013671875
3237 -0.0439453125
3238 0.072265625
3239 0.13671875
3240 0.08203125
3241 -0.013671875
3242 0.0390625
3243 0.0947265625
3244 0.037109375
3245 -0.095703125
3246 0.025390625
3247 0.0927734375
3248 0.0439453125
3249 -0.0927734375
3250 -0.048828125
3251 0.01953125
3252 -0.017578125
3253 -0.1337890625
3254 -0.0458984375
3255 0.025390625
3256 -0.015625
3257 -0.130859375
3258 -0.04296875
3259 0.02734375
3260 -0.0126953125
3261 -0.16015625
3262 -0.02734375
3263 0.048828125
3264 0.013671875
3265 -0.0458984375
3266 0.072265625
3267 0.1376953125
3268 0.08203125
3269 -0.013671875
3270 0.0390625
3271 0.0947265625
3272 0.037109375
3273 -0.0986328125
3274 0.0224609375
3275 0.08984375
3276 0.0439453125
3277 -0.0947265625
3278 -0.052734375
3279 0.0185546875
3280 -0.01953125
3281 -0.1357421875
3282 -0.0458984375
3283 0.025390625
3284 -0.015625
3285 -0.12890625
3286 -0.0390625
3287 0.0283203125
3288 -0.0107421875
3289 -0.134765625
3290 -0.0068359375
3291 0.0673828125
3292 0.025390625
3293 -0.0869140625
3294 -0.033203125
3295 0.03515625
3296 -0.009765625
3297 -0.16796875
3298 -0.08984375
3299 -0.0107421875
3300 -0.0419921875
3301 -0.1376953125
3302 -0.0458984375
3303 0.0302734375
3304 -0.01171875
3305 -0.1787109375
3306 -0.1123046875
3307 -0.025390625
3308 -0.05078125
3309 -0.20703125
3310 -0.1240234375
3311 -0.0361328125
3312 -0.0576171875
3313 -0.1630859375
3314 -0.0634765625
3315 0.01171875
3316 -0.0224609375
3317 -0.1201171875
3318 -0.0283203125
3319 0.041015625
3320 0.0009765625
3321 -0.1103515625
3322 0.0146484375
3323 0.0869140625
3324 0.04296875
3325 -0.078125
3326 -0.033203125
3327 0.0380859375
3328 -0.00390625
3329 -0.119140625
3330 -0.03125
3331 0.0400390625
3332 0.0009765625
3333 -0.12109375
3334 -0.029296875
3335 0.0380859375
3336 -0.001953125
3337 -0.107421875
3338 -0.021484375
3339 0.046875
3340 0.0068359375
3341 -0.0947265625
3342 -0.015625
3343 0.0537109375
3344 0.0107421875
3345 -0.1142578125
3346 -0.025390625
3347 0.0400390625
3348 -0.0009765625
3349 -0.185546875
3350 -0.1103515625
3351 -0.0263671875
3352 -0.048828125
3353 -0.2099609375
3354 -0.1279296875
3355 -0.0556640625
3356 -0.048828125
3357 -0.140625
3358 -0.0654296875
3359 -0.009765625
3360 -0.0126953125
3361 -0.140625
3362 -0.0703125
3363 -0.0146484375
3364 -0.015625
3365 -0.154296875
3366 -0.0439453125
3367 0.0205078125
3368 0.0205078125
3369 -0.0478515625
3370 0.046875
3371 0.09765625
3372 0.0791015625
3373 0.0302734375
3374 0.1142578125
3375 0.154296875
3376 0.1240234375
3377 0.046875
3378 0.06640625
3379 0.1015625
3380 0.0732421875
3381 -0.0224609375
3382 0.0283203125
3383 0.0693359375
3384 0.0458984375
3385 -0.056640625
3386 0.005859375
3387 0.044921875
3388 0.0263671875
3389 -0.0771484375
3390 -0.013671875
3391 0.029296875
3392 0.0146484375
3393 -0.09765625
3394 0.00390625
3395 0.0546875
3396 0.044921875
3397 -0.1015625
3398 -0.0732421875
3399 -0.017578125
3400 -0.01953125
3401 -0.1962890625
3402 -0.13671875
3403 -0.0654296875
3404 -0.0517578125
3405 -0.1552734375
3406 -0.0771484375
3407 -0.017578125
3408 -0.01953125
3409 -0.1611328125
3410 -0.0849609375
3411 -0.02734375
3412 -0.0244140625
3413 -0.1533203125
3414 -0.0390625
3415 0.0224609375
3416 0.021484375
3417 -0.05859375
3418 0.037109375
3419 0.0908203125
3420 0.07421875
3421 -0.0068359375
3422 0.080078125
3423 0.1240234375
3424 0.1005859375
3425 0.0185546875
3426 0.1005859375
3427 0.142578125
3428 0.11328125
3429 0.0244140625
3430 0.1044921875
3431 0.142578125
3432 0.1142578125
3433 0.0166015625
3434 0.0947265625
3435 0.1357421875
3436 0.107421875
3437 0.001953125
3438 0.0830078125
3439 0.125
3440 0.09765625
3441 0.0400390625
3442 0.1162109375
3443 0.1533203125
3444 0.12109375
3445 0.017578125
3446 0.03515625
3447 0.068359375
3448 0.0439453125
3449 -0.0654296875
3450 -0.0078125
3451 0.033203125
3452 0.0185546875
3453 -0.125
3454 -0.0576171875
3455 -0.009765625
3456 -0.015625
3457 -0.1435546875
3458 -0.037109375
3459 0.021484375
3460 0.017578125
3461 -0.0625
3462 0.029296875
3463 0.0791015625
3464 0.0615234375
3465 -0.0244140625
3466 0.0595703125
3467 0.1005859375
3468 0.08203125
3469 -0.0185546875
3470 0.0615234375
3471 0.1015625
3472 0.08203125
3473 -0.02734375
3474 0.056640625
3475 0.0986328125
3476 0.078125
3477 0.0166015625
3478 0.0947265625
3479 0.1279296875
3480 0.1015625
3481 -0.01953125
3482 -0.00390625
3483 0.033203125
3484 0.017578125
3485 -0.13671875
3486 -0.033203125
3487 0.0185546875
3488 0.015625
3489 -0.095703125
3490 -0.0693359375
3491 -0.0224609375
3492 -0.0244140625
3493 -0.1181640625
3494 -0.015625
3495 0.037109375
3496 0.0302734375
3497 -0.0595703125
3498 -0.0595703125
3499 -0.0068359375
3500 -0.0107421875
3501 -0.0966796875
3502 0.0
3503 0.0517578125
3504 0.041015625
3505 -0.046875
3506 -0.0244140625
3507 0.0185546875
3508 0.0068359375
3509 -0.0849609375
3510 -0.0283203125
3511 0.017578125
3512 0.0048828125
3513 -0.1337890625
3514 -0.0703125
3515 -0.021484375
3516 -0.0234375
3517 -0.1513671875
3518 -0.0849609375
3519 -0.03125
3520 -0.0283203125
3521 -0.1806640625
3522 -0.06640625
3523 -0.00390625
3524 -0.0009765625
3525 -0.0859375
3526 0.009765625
3527 0.0634765625
3528 0.0498046875
3529 -0.0380859375
3530 0.048828125
3531 0.0947265625
3532 0.0751953125
3533 -0.0087890625
3534 0.0703125
3535 0.111328125
3536 0.087890625
3537 0.0087890625
3538 0.0859375
3539 0.1240234375
3540 0.0986328125
3541 0.0107421875
3542 0.0869140625
3543 0.125
3544 0.09765625
3545 0.0
3546 0.076171875
3547 0.1171875
3548 0.0888671875
3549 -0.01953125
3550 0.0595703125
3551 0.1015625
3552 0.080078125
3553 0.005859375
3554 0.0830078125
3555 0.1201171875
3556 0.0908203125
3557 -0.037109375
3558 -0.0205078125
3559 0.0205078125
3560 0.005859375
3561 -0.0927734375
3562 0.00390625
3563 0.0517578125
3564 0.0390625
3565 -0.01171875
3566 0.072265625
3567 0.111328125
3568 0.0849609375
3569 0.037109375
3570 0.1103515625
3571 0.1474609375
3572 0.1123046875
3573 0.0556640625
3574 0.126953125
3575 0.1611328125
3576 0.123046875
3577 0.0234375
3578 0.0380859375
3579 0.068359375
3580 0.0400390625
3581 -0.078125
3582 -0.02734375
3583 0.0126953125
3584 -0.0009765625
3585 -0.123046875
3586 -0.060546875
3587 -0.013671875
3588 -0.0234375
3589 -0.1357421875
3590 -0.0751953125
3591 -0.0244140625
3592 -0.03125
3593 -0.14453125
3594 -0.078125
3595 -0.0263671875
3596 -0.0322265625
3597 -0.142578125
3598 -0.0810546875
3599 -0.029296875
3600 -0.033203125
3601 -0.169921875
3602 -0.1015625
3603 -0.0458984375
3604 -0.044921875
3605 -0.1484375
3606 -0.0419921875
3607 0.013671875
3608 0.0087890625
3609 -0.119140625
3610 -0.08984375
3611 -0.0341796875
3612 -0.037109375
3613 -0.13671875
3614 -0.0703125
3615 -0.0166015625
3616 -0.0244140625
3617 -0.1259765625
3618 -0.0556640625
3619 -0.0107421875
3620 -0.0205078125
3621 -0.130859375
3622 -0.0615234375
3623 -0.0126953125
3624 -0.0205078125
3625 -0.171875
3626 -0.05859375
3627 -0.0009765625
3628 -0.0009765625
3629 -0.0693359375
3630 0.02734375
3631 0.076171875
3632 0.0595703125
3633 -0.0703125
3634 0.0224609375
3635 0.0673828125
3636 0.0537109375
3637 -0.0888671875
3638 -0.0703125
3639 -0.017578125
3640 -0.0234375
3641 -0.1865234375
3642 -0.1123046875
3643 -0.048828125
3644 -0.046875
3645 -0.1494140625
3646 -0.07421875
3647 -0.0205078125
3648 -0.025390625
3649 -0.111328125
3650 -0.0078125
3651 0.044921875
3652 0.037109375
3653 -0.0537109375
3654 -0.052734375
3655 0.001953125
3656 -0.0048828125
3657 -0.115234375
3658 -0.01171875
3659 0.0400390625
3660 0.033203125
3661 -0.0625
3662 0.0263671875
3663 0.078125
3664 0.0615234375
3665 -0.04296875
3666 -0.0234375
3667 0.0224609375
3668 0.0087890625
3669 -0.111328125
3670 -0.0107421875
3671 0.0400390625
3672 0.033203125
3673 -0.109375
3674 -0.08203125
3675 -0.0302734375
3676 -0.029296875
3677 -0.2158203125
3678 -0.1337890625
3679 -0.0654296875
3680 -0.0556640625
3681 -0.1640625
3682 -0.087890625
3683 -0.0322265625
3684 -0.0322265625
3685 -0.16796875
3686 -0.0908203125
3687 -0.0322265625
3688 -0.0322265625
3689 -0.1962890625
3690 -0.0751953125
3691 -0.0087890625
3692 -0.00390625
3693 -0.056640625
3694 0.0400390625
3695 0.087890625
3696 0.0712890625
3697 -0.0078125
3698 0.078125
3699 0.123046875
3700 0.0986328125
3701 0.001953125
3702 0.0859375
3703 0.126953125
3704 0.1005859375
3705 0.0400390625
3706 0.1181640625
3707 0.1533203125
3708 0.12109375
3709 0.0322265625
3710 0.0458984375
3711 0.08203125
3712 0.0537109375
3713 -0.0439453125
3714 0.009765625
3715 0.05078125
3716 0.0302734375
3717 -0.07421875
3718 -0.0185546875
3719 0.0244140625
3720 0.0087890625
3721 -0.1591796875
3722 -0.0478515625
3723 0.0087890625
3724 0.0078125
3725 -0.13671875
3726 -0.1044921875
3727 -0.0439453125
3728 -0.0390625
3729 -0.2138671875
3730 -0.0888671875
3731 -0.017578125
3732 -0.0107421875
3733 -0.0634765625
3734 0.0322265625
3735 0.08203125
3736 0.0634765625
3737 -0.01171875
3738 0.07421875
3739 0.1171875
3740 0.0908203125
3741 0.0029296875
3742 0.0849609375
3743 0.1240234375
3744 0.099609375
3745 0.0478515625
3746 0.126953125
3747 0.162109375
3748 0.126953125
3749 0.0126953125
3750 0.033203125
3751 0.06640625
3752 0.041015625
3753 -0.13671875
3754 -0.0849609375
3755 -0.0283203125
3756 -0.03125
3757 -0.1328125
3758 -0.0673828125
3759 -0.01171875
3760 -0.0205078125
3761 -0.158203125
3762 -0.083984375
3763 -0.03125
3764 -0.0341796875
3765 -0.1728515625
3766 -0.0576171875
3767 0.0048828125
3768 0.0048828125
3769 -0.083984375
3770 0.013671875
3771 0.0654296875
3772 0.052734375
3773 -0.041015625
3774 0.0478515625
3775 0.0947265625
3776 0.0732421875
3777 -0.015625
3778 0.06640625
3779 0.109375
3780 0.0859375
3781 -0.0068359375
3782 0.0751953125
3783 0.1201171875
3784 0.091796875
3785 -0.0048828125
3786 0.0751953125
3787 0.1162109375
3788 0.08984375
3789 -0.0302734375
3790 0.0537109375
3791 0.09765625
3792 0.07421875
3793 -0.015625
3794 0.0673828125
3795 0.1103515625
3796 0.083984375
3797 0.03125
3798 0.111328125
3799 0.1474609375
3800 0.11328125
3801 0.0595703125
3802 0.134765625
3803 0.1689453125
3804 0.1279296875
3805 0.0400390625
3806 0.0595703125
3807 0.08984375
3808 0.0546875
3809 -0.0732421875
3810 -0.0234375
3811 0.0166015625
3812 0.0
3813 -0.1474609375
3814 -0.08203125
3815 -0.02734375
3816 -0.033203125
3817 -0.14453125
3818 -0.0361328125
3819 0.01953125
3820 0.0107421875
3821 -0.03125
3822 0.0576171875
3823 0.1044921875
3824 0.076171875
3825 0.0419921875
3826 0.1220703125
3827 0.1611328125
3828 0.12109375
3829 0.076171875
3830 0.1494140625
3831 0.185546875
3832 0.1396484375
3833 0.0791015625
3834 0.1494140625
3835 0.1806640625
3836 0.13671875
3837 0.083984375
3838 0.154296875
3839 0.185546875
3840 0.1396484375
3841 0.0595703125
3842 0.0810546875
3843 0.10546875
3844 0.064453125
3845 -0.0283203125
3846 0.052734375
3847 0.0908203125
3848 0.060546875
3849 -0.033203125
3850 -0.013671875
3851 0.0244140625
3852 0.001953125
3853 -0.1044921875
3854 -0.046875
3855 -0.0009765625
3856 -0.01953125
3857 -0.119140625
3858 -0.0556640625
3859 -0.009765625
3860 -0.02734375
3861 -0.1328125
3862 -0.068359375
3863 -0.0224609375
3864 -0.03515625
3865 -0.1357421875
3866 -0.068359375
3867 -0.021484375
3868 -0.033203125
3869 -0.1767578125
3870 -0.103515625
3871 -0.0498046875
3872 -0.0576171875
3873 -0.197265625
3874 -0.12109375
3875 -0.0615234375
3876 -0.06640625
3877 -0.1884765625
3878 -0.0791015625
3879 -0.013671875
3880 -0.0166015625
3881 -0.0810546875
3882 0.0146484375
3883 0.0634765625
3884 0.0439453125
3885 -0.02734375
3886 0.0576171875
3887 0.0986328125
3888 0.072265625
3889 0.0048828125
3890 0.0810546875
3891 0.12109375
3892 0.0888671875
3893 0.013671875
3894 0.08984375
3895 0.126953125
3896 0.091796875
3897 0.0341796875
3898 0.109375
3899 0.14453125
3900 0.107421875
3901 0.0283203125
3902 0.0439453125
3903 0.0771484375
3904 0.04296875
3905 -0.056640625
3906 -0.001953125
3907 0.033203125
3908 0.009765625
3909 -0.091796875
3910 -0.03125
3911 0.005859375
3912 -0.0126953125
3913 -0.09765625
3914 -0.001953125
3915 0.044921875
3916 0.0263671875
3917 -0.01171875
3918 0.0703125
3919 0.1123046875
3920 0.080078125
3921 -0.017578125
3922 -0.0009765625
3923 0.0341796875
3924 0.0087890625
3925 -0.1484375
3926 -0.0458984375
3927 0.00390625
3928 -0.00390625
3929 -0.13671875
3930 -0.109375
3931 -0.0537109375
3932 -0.0556640625
3933 -0.1611328125
3934 -0.05078125
3935 0.0048828125
3936 -0.00390625
3937 -0.0751953125
3938 0.0166015625
3939 0.0634765625
3940 0.04296875
3941 -0.05078125
3942 -0.03125
3943 0.01171875
3944 -0.005859375
3945 -0.146484375
3946 -0.080078125
3947 -0.03515625
3948 -0.0419921875
3949 -0.1953125
3950 -0.1259765625
3951 -0.0654296875
3952 -0.064453125
3953 -0.1982421875
3954 -0.1201171875
3955 -0.0615234375
3956 -0.0615234375
3957 -0.15625
3958 -0.083984375
3959 -0.029296875
3960 -0.0380859375
3961 -0.15625
3962 -0.0498046875
3963 0.0048828125
3964 0.0
3965 -0.1650390625
3966 -0.13671875
3967 -0.072265625
3968 -0.06640625
3969 -0.1826171875
3970 -0.1083984375
3971 -0.0478515625
3972 -0.0478515625
3973 -0.12890625
3974 -0.0576171875
3975 -0.0078125
3976 -0.017578125
3977 -0.1396484375
3978 -0.0703125
3979 -0.0224609375
3980 -0.0263671875
3981 -0.1728515625
3982 -0.0634765625
3983 0.0
3984 0.0
3985 -0.041015625
3986 0.05078125
3987 0.095703125
3988 0.07421875
3989 0.0234375
3990 0.1015625
3991 0.1376953125
3992 0.107421875
3993 0.0009765625
3994 0.0185546875
3995 0.0517578125
3996 0.0302734375
3997 -0.0927734375
3998 -0.0341796875
3999 -0.0185546875
4000 0.0283203125
4001 -0.0341796875
4002 0.001953125
4003 0.0107421875
4004 0.052734375
4005 0.0205078125
4006 0.046875
4007 0.0498046875
4008 0.08203125
4009 0.0087890625
4010 -0.0322265625
4011 -0.0283203125
4012 0.009765625
4013 -0.0537109375
4014 -0.052734375
4015 -0.044921875
4016 -0.001953125
4017 -0.1025390625
4018 -0.0869140625
4019 -0.078125
4020 -0.0283203125
4021 -0.119140625
4022 -0.0634765625
4023 -0.044921875
4024 0.009765625
4025 -0.0400390625
4026 -0.001953125
4027 0.0068359375
4028 0.048828125
4029 -0.0009765625
4030 0.02734375
4031 0.033203125
4032 0.0703125
4033 0.0263671875
4034 0.048828125
4035 0.0517578125
4036 0.083984375
4037 0.0390625
4038 0.0576171875
4039 0.0576171875
4040 0.091796875
4041 0.03125
4042 0.052734375
4043 0.0517578125
4044 0.083984375
4045 0.005859375
4046 0.03125
4047 0.033203125
4048 0.0693359375
4049 0.0185546875
4050 0.041015625
4051 0.044921875
4052 0.0771484375
4053 0.068359375
4054 0.0869140625
4055 0.08203125
4056 0.107421875
4057 0.1005859375
4058 0.111328125
4059 0.1044921875
4060 0.125
4061 0.0791015625
4062 0.0390625
4063 0.0283203125
4064 0.052734375
4065 -0.0361328125
4066 -0.0439453125
4067 -0.0439453125
4068 -0.00390625
4069 -0.1103515625
4070 -0.1005859375
4071 -0.0869140625
4072 -0.0361328125
4073 -0.1044921875
4074 -0.056640625
4075 -0.0400390625
4076 0.0078125
4077 0.0107421875
4078 0.037109375
4079 0.04296875
4080 0.0751953125
4081 0.0869140625
4082 0.1005859375
4083 0.0966796875
4084 0.119140625
4085 0.1201171875
4086 0.12890625
4087 0.12109375
4088 0.140625
4089 0.123046875
4090 0.1298828125
4091 0.1181640625
4092 0.13671875
4093 0.1279296875
4094 0.1337890625
4095 0.1220703125
4096 0.13671875
4097 0.099609375
4098 0.05859375
4099 0.04296875
4100 0.0625
4101 0.01171875
4102 0.0322265625
4103 0.03125
4104 0.060546875
4105 0.005859375
4106 -0.0322265625
4107 -0.03515625
4108 -0.0009765625
4109 -0.068359375
4110 -0.0654296875
4111 -0.0625
4112 -0.0205078125
4113 -0.0791015625
4114 -0.07421875
4115 -0.068359375
4116 -0.025390625
4117 -0.0966796875
4118 -0.087890625
4119 -0.0810546875
4120 -0.03515625
4121 -0.1240234375
4122 -0.1103515625
4123 -0.0966796875
4124 -0.048828125
4125 -0.10546875
4126 -0.0986328125
4127 -0.087890625
4128 -0.0390625
4129 -0.0859375
4130 -0.0751953125
4131 -0.068359375
4132 -0.0244140625
4133 -0.091796875
4134 -0.0791015625
4135 -0.0703125
4136 -0.025390625
4137 -0.1416015625
4138 -0.1455078125
4139 -0.125
4140 -0.0634765625
4141 -0.1259765625
4142 -0.111328125
4143 -0.0927734375
4144 -0.0419921875
4145 -0.109375
4146 -0.09375
4147 -0.08203125
4148 -0.0341796875
4149 -0.0791015625
4150 -0.03515625
4151 -0.01953125
4152 0.0244140625
4153 -0.0263671875
4154 -0.0810546875
4155 -0.0654296875
4156 -0.017578125
4157 -0.09375
4158 -0.04296875
4159 -0.0302734375
4160 0.017578125
4161 -0.04296875
4162 -0.0048828125
4163 0.0048828125
4164 0.0458984375
4165 -0.01953125
4166 -0.0546875
4167 -0.0458984375
4168 -0.00390625
4169 -0.0859375
4170 -0.0400390625
4171 -0.02734375
4172 0.021484375
4173 -0.0908203125
4174 -0.1171875
4175 -0.099609375
4176 -0.0439453125
4177 -0.1826171875
4178 -0.1494140625
4179 -0.123046875
4180 -0.0615234375
4181 -0.142578125
4182 -0.115234375
4183 -0.0966796875
4184 -0.041015625
4185 -0.115234375
4186 -0.0966796875
4187 -0.0810546875
4188 -0.02734375
4189 -0.1357421875
4190 -0.1171875
4191 -0.0947265625
4192 -0.0380859375
4193 -0.10546875
4194 -0.08984375
4195 -0.0712890625
4196 -0.021484375
4197 -0.1005859375
4198 -0.087890625
4199 -0.0732421875
4200 -0.01953125
4201 -0.1396484375
4202 -0.1181640625
4203 -0.0947265625
4204 -0.03515625
4205 -0.1044921875
4206 -0.0478515625
4207 -0.0302734375
4208 0.0224609375
4209 0.029296875
4210 0.060546875
4211 0.064453125
4212 0.0966796875
4213 0.111328125
4214 0.125
4215 0.123046875
4216 0.1474609375
4217 0.1484375
4218 0.1552734375
4219 0.1484375
4220 0.1669921875
4221 0.1513671875
4222 0.158203125
4223 0.1455078125
4224 0.1640625
4225 0.1552734375
4226 0.1611328125
4227 0.1484375
4228 0.1650390625
4229 0.1259765625
4230 0.0849609375
4231 0.0712890625
4232 0.0908203125
4233 0.0400390625
4234 0.05859375
4235 0.0546875
4236 0.087890625
4237 0.03125
4238 -0.0087890625
4239 -0.0126953125
4240 0.021484375
4241 -0.0419921875
4242 -0.0439453125
4243 -0.0390625
4244 0.001953125
4245 -0.056640625
4246 -0.05078125
4247 -0.044921875
4248 -0.0048828125
4249 -0.0771484375
4250 -0.0673828125
4251 -0.0615234375
4252 -0.013671875
4253 -0.1025390625
4254 -0.0888671875
4255 -0.076171875
4256 -0.02734375
4257 -0.0869140625
4258 -0.0771484375
4259 -0.06640625
4260 -0.01953125
4261 -0.0673828125
4262 -0.0556640625
4263 -0.0478515625
4264 -0.0068359375
4265 -0.0712890625
4266 -0.060546875
4267 -0.0498046875
4268 -0.0068359375
4269 -0.12109375
4270 -0.1259765625
4271 -0.1044921875
4272 -0.044921875
4273 -0.10546875
4274 -0.0908203125
4275 -0.0751953125
4276 -0.0234375
4277 -0.0908203125
4278 -0.0732421875
4279 -0.064453125
4280 -0.0166015625
4281 -0.0625
4282 -0.01953125
4283 -0.0048828125
4284 0.037109375
4285 -0.0107421875
4286 -0.06640625
4287 -0.0498046875
4288 -0.00390625
4289 -0.072265625
4290 -0.025390625
4291 -0.009765625
4292 0.0361328125
4293 -0.0166015625
4294 0.0185546875
4295 0.029296875
4296 0.0673828125
4297 0.0029296875
4298 -0.0322265625
4299 -0.0263671875
4300 0.013671875
4301 -0.0673828125
4302 -0.01953125
4303 -0.0087890625
4304 0.037109375
4305 -0.05859375
4306 -0.087890625
4307 -0.072265625
4308 -0.0244140625
4309 -0.1591796875
4310 -0.130859375
4311 -0.1025390625
4312 -0.046875
4313 -0.126953125
4314 -0.1025390625
4315 -0.0830078125
4316 -0.029296875
4317 -0.103515625
4318 -0.083984375
4319 -0.06640625
4320 -0.0166015625
4321 -0.1240234375
4322 -0.103515625
4323 -0.0830078125
4324 -0.0244140625
4325 -0.095703125
4326 -0.0791015625
4327 -0.0615234375
4328 -0.01171875
4329 -0.08984375
4330 -0.080078125
4331 -0.0625
4332 -0.0107421875
4333 -0.1201171875
4334 -0.099609375
4335 -0.0771484375
4336 -0.0234375
4337 -0.091796875
4338 -0.0361328125
4339 -0.0185546875
4340 0.033203125
4341 0.0380859375
4342 0.0703125
4343 0.0732421875
4344 0.107421875
4345 0.119140625
4346 0.1357421875
4347 0.1328125
4348 0.1552734375
4349 0.1552734375
4350 0.162109375
4351 0.1572265625
4352 0.173828125
4353 0.1572265625
4354 0.1640625
4355 0.154296875
4356 0.1689453125
4357 0.1640625
4358 0.1689453125
4359 0.158203125
4360 0.171875
4361 0.1337890625
4362 0.0927734375
4363 0.0771484375
4364 0.0966796875
4365 0.0458984375
4366 0.068359375
4367 0.064453125
4368 0.09375
4369 0.0380859375
4370 0.0
4371 -0.00390625
4372 0.0302734375
4373 -0.03515625
4374 -0.0361328125
4375 -0.03125
4376 0.0078125
4377 -0.05078125
4378 -0.046875
4379 -0.0390625
4380 0.0009765625
4381 -0.0703125
4382 -0.0625
4383 -0.0546875
4384 -0.009765625
4385 -0.0986328125
4386 -0.083984375
4387 -0.0703125
4388 -0.0234375
4389 -0.0810546875
4390 -0.0712890625
4391 -0.0615234375
4392 -0.013671875
4393 -0.060546875
4394 -0.0498046875
4395 -0.04296875
4396 -0.001953125
4397 -0.0654296875
4398 -0.0546875
4399 -0.0439453125
4400 -0.0029296875
4401 -0.115234375
4402 -0.12109375
4403 -0.099609375
4404 -0.041015625
4405 -0.099609375
4406 -0.0869140625
4407 -0.0693359375
4408 -0.017578125
4409 -0.0849609375
4410 -0.0693359375
4411 -0.0595703125
4412 -0.0107421875
4413 -0.0576171875
4414 -0.0126953125
4415 0.0009765625
4416 0.046875
4417 -0.005859375
4418 -0.0595703125
4419 -0.0439453125
4420 0.0009765625
4421 -0.06640625
4422 -0.0205078125
4423 -0.0048828125
4424 0.0400390625
4425 -0.005859375
4426 0.029296875
4427 0.0380859375
4428 0.07421875
4429 0.0146484375
4430 -0.0205078125
4431 -0.015625
4432 0.0224609375
4433 -0.056640625
4434 -0.0126953125
4435 -0.00390625
4436 0.0419921875
4437 -0.05078125
4438 -0.0771484375
4439 -0.0673828125
4440 -0.015625
4441 -0.1494140625
4442 -0.123046875
4443 -0.09765625
4444 -0.0419921875
4445 -0.1162109375
4446 -0.0927734375
4447 -0.076171875
4448 -0.0244140625
4449 -0.0947265625
4450 -0.078125
4451 -0.0634765625
4452 -0.0107421875
4453 -0.119140625
4454 -0.1015625
4455 -0.0810546875
4456 -0.0234375
4457 -0.091796875
4458 -0.0751953125
4459 -0.0595703125
4460 -0.0078125
4461 -0.0888671875
4462 -0.07421875
4463 -0.0595703125
4464 -0.0078125
4465 -0.119140625
4466 -0.099609375
4467 -0.076171875
4468 -0.0205078125
4469 -0.087890625
4470 -0.03515625
4471 -0.015625
4472 0.0341796875
4473 0.041015625
4474 0.0703125
4475 0.0751953125
4476 0.109375
4477 0.12109375
4478 0.1376953125
4479 0.1337890625
4480 0.1572265625
4481 0.1572265625
4482 0.1650390625
4483 0.1572265625
4484 0.1748046875
4485 0.16015625
4486 0.166015625
4487 0.15625
4488 0.171875
4489 0.1650390625
4490 0.1708984375
4491 0.1591796875
4492 0.173828125
4493 0.1376953125
4494 0.095703125
4495 0.080078125
4496 0.0986328125
4497 0.0498046875
4498 0.0693359375
4499 0.06640625
4500 0.095703125
4501 0.0390625
4502 0.0009765625
4503 -0.0009765625
4504 0.03125
4505 -0.0341796875
4506 -0.0341796875
4507 -0.0302734375
4508 0.0107421875
4509 -0.046875
4510 -0.04296875
4511 -0.037109375
4512 0.00390625
4513 -0.06640625
4514 -0.0595703125
4515 -0.05078125
4516 -0.005859375
4517 -0.0947265625
4518 -0.080078125
4519 -0.06640625
4520 -0.0185546875
4521 -0.080078125
4522 -0.0693359375
4523 -0.0595703125
4524 -0.01171875
4525 -0.060546875
4526 -0.0498046875
4527 -0.0419921875
4528 0.0009765625
4529 -0.064453125
4530 -0.0517578125
4531 -0.044921875
4532 -0.0009765625
4533 -0.1142578125
4534 -0.12109375
4535 -0.0986328125
4536 -0.0400390625
4537 -0.0986328125
4538 -0.0849609375
4539 -0.0654296875
4540 -0.0166015625
4541 -0.0830078125
4542 -0.068359375
4543 -0.05859375
4544 -0.009765625
4545 -0.0556640625
4546 -0.0126953125
4547 0.0029296875
4548 0.0478515625
4549 -0.0048828125
4550 -0.05859375
4551 -0.0439453125
4552 0.005859375
4553 -0.064453125
4554 -0.0185546875
4555 -0.0029296875
4556 0.0419921875
4557 -0.0029296875
4558 0.0302734375
4559 0.0390625
4560 0.076171875
4561 0.0166015625
4562 -0.0205078125
4563 -0.0146484375
4564 0.0244140625
4565 -0.0556640625
4566 -0.0107421875
4567 -0.0009765625
4568 0.0458984375
4569 -0.0517578125
4570 -0.0791015625
4571 -0.0673828125
4572 -0.015625
4573 -0.150390625
4574 -0.1220703125
4575 -0.09765625
4576 -0.0390625
4577 -0.1162109375
4578 -0.09375
4579 -0.0771484375
4580 -0.0224609375
4581 -0.0947265625
4582 -0.076171875
4583 -0.0615234375
4584 -0.0107421875
4585 -0.1123046875
4586 -0.09765625
4587 -0.076171875
4588 -0.0205078125
4589 -0.087890625
4590 -0.072265625
4591 -0.0576171875
4592 -0.00390625
4593 -0.0849609375
4594 -0.0703125
4595 -0.056640625
4596 -0.0048828125
4597 -0.1171875
4598 -0.0947265625
4599 -0.0751953125
4600 -0.0166015625
4601 -0.0869140625
4602 -0.0322265625
4603 -0.0146484375
4604 0.0390625
4605 0.044921875
4606 0.0732421875
4607 0.076171875
4608 0.111328125
4609 0.125
4610 0.1396484375
4611 0.134765625
4612 0.1591796875
4613 0.158203125
4614 0.1669921875
4615 0.158203125
4616 0.177734375
4617 0.162109375
4618 0.16796875
4619 0.1552734375
4620 0.1728515625
4621 0.1669921875
4622 0.1708984375
4623 0.1591796875
4624 0.1748046875
4625 0.13671875
4626 0.095703125
4627 0.080078125
4628 0.1005859375
4629 0.0517578125
4630 0.0693359375
4631 0.0673828125
4632 0.0966796875
4633 0.041015625
4634 0.001953125
4635 -0.0009765625
4636 0.0341796875
4637 -0.0341796875
4638 -0.0322265625
4639 -0.0302734375
4640 0.0107421875
4641 -0.046875
4642 -0.04296875
4643 -0.0361328125
4644 0.005859375
4645 -0.0654296875
4646 -0.0595703125
4647 -0.0498046875
4648 -0.0068359375
4649 -0.09375
4650 -0.0810546875
4651 -0.0654296875
4652 -0.017578125
4653 -0.078125
4654 -0.068359375
4655 -0.0576171875
4656 -0.009765625
4657 -0.0576171875
4658 -0.046875
4659 -0.041015625
4660 0.001953125
4661 -0.0615234375
4662 -0.0517578125
4663 -0.0439453125
4664 0.0009765625
4665 -0.1142578125
4666 -0.1171875
4667 -0.0986328125
4668 -0.0390625
4669 -0.09765625
4670 -0.0849609375
4671 -0.0673828125
4672 -0.015625
4673 -0.083984375
4674 -0.068359375
4675 -0.056640625
4676 -0.0087890625
4677 -0.052734375
4678 -0.0107421875
4679 0.001953125
4680 0.0478515625
4681 -0.00390625
4682 -0.05859375
4683 -0.04296875
4684 0.005859375
4685 -0.0634765625
4686 -0.017578125
4687 -0.001953125
4688 0.044921875
4689 -0.0029296875
4690 0.0302734375
4691 0.0400390625
4692 0.076171875
4693 0.017578125
4694 -0.01953125
4695 -0.013671875
4696 0.0244140625
4697 -0.0556640625
4698 -0.0107421875
4699 -0.0009765625
4700 0.044921875
4701 -0.0517578125
4702 -0.078125
4703 -0.0654296875
4704 -0.015625
4705 -0.150390625
4706 -0.1201171875
4707 -0.0966796875
4708 -0.0380859375
4709 -0.1162109375
4710 -0.0927734375
4711 -0.0771484375
4712 -0.0224609375
4713 -0.09765625
4714 -0.0771484375
4715 -0.0625
4716 -0.0107421875
4717 -0.1181640625
4718 -0.1005859375
4719 -0.078125
4720 -0.0244140625
4721 -0.0908203125
4722 -0.07421875
4723 -0.056640625
4724 -0.005859375
4725 -0.083984375
4726 -0.0732421875
4727 -0.0576171875
4728 -0.00390625
4729 -0.12109375
4730 -0.09765625
4731 -0.0771484375
4732 -0.0185546875
4733 -0.0888671875
4734 -0.033203125
4735 -0.0146484375
4736 0.0380859375
4737 0.04296875
4738 0.072265625
4739 0.0791015625
4740 0.111328125
4741 0.1240234375
4742 0.1396484375
4743 0.1376953125
4744 0.1591796875
4745 0.16015625
4746 0.1669921875
4747 0.1611328125
4748 0.1787109375
4749 0.162109375
4750 0.1689453125
4751 0.1572265625
4752 0.173828125
4753 0.1669921875
4754 0.1728515625
4755 0.16015625
4756 0.1767578125
4757 0.1376953125
4758 0.0986328125
4759 0.08203125
4760 0.0986328125
4761 0.0498046875
4762 0.0693359375
4763 0.0673828125
4764 0.095703125
4765 0.0400390625
4766 0.0009765625
4767 -0.0009765625
4768 0.0322265625
4769 -0.0322265625
4770 -0.033203125
4771 -0.029296875
4772 0.01171875
4773 -0.0458984375
4774 -0.0419921875
4775 -0.0361328125
4776 0.0048828125
4777 -0.064453125
4778 -0.0576171875
4779 -0.0498046875
4780 -0.0029296875
4781 -0.0927734375
4782 -0.0810546875
4783 -0.06640625
4784 -0.0185546875
4785 -0.076171875
4786 -0.0693359375
4787 -0.0556640625
4788 -0.009765625
4789 -0.056640625
4790 -0.046875
4791 -0.0380859375
4792 0.0029296875
4793 -0.060546875
4794 -0.0517578125
4795 -0.0419921875
4796 0.0009765625
4797 -0.11328125
4798 -0.1181640625
4799 -0.0947265625
4800 -0.0361328125
4801 -0.0966796875
4802 -0.08203125
4803 -0.06640625
4804 -0.0146484375
4805 -0.0810546875
4806 -0.06640625
4807 -0.056640625
4808 -0.0087890625
4809 -0.0546875
4810 -0.009765625
4811 0.0029296875
4812 0.048828125
4813 -0.00390625
4814 -0.0595703125
4815 -0.04296875
4816 0.00390625
4817 -0.0634765625
4818 -0.017578125
4819 -0.0029296875
4820 0.0439453125
4821 -0.00390625
4822 0.0302734375
4823 0.0361328125
4824 0.0771484375
4825 0.0146484375
4826 -0.021484375
4827 -0.0166015625
4828 0.025390625
4829 -0.0556640625
4830 -0.013671875
4831 -0.0009765625
4832 0.044921875
4833 -0.0498046875
4834 -0.0791015625
4835 -0.0634765625
4836 -0.0146484375
4837 -0.1494140625
4838 -0.1201171875
4839 -0.0947265625
4840 -0.037109375
4841 -0.1171875
4842 -0.09375
4843 -0.076171875
4844 -0.021484375
4845 -0.0947265625
4846 -0.076171875
4847 -0.060546875
4848 -0.0087890625
4849 -0.1142578125
4850 -0.095703125
4851 -0.076171875
4852 -0.0205078125
4853 -0.0869140625
4854 -0.0732421875
4855 -0.0556640625
4856 -0.005859375
4857 -0.083984375
4858 -0.072265625
4859 -0.056640625
4860 -0.0048828125
4861 -0.1162109375
4862 -0.095703125
4863 -0.0751953125
4864 -0.017578125
4865 -0.0869140625
4866 -0.0322265625
4867 -0.0146484375
4868 0.0400390625
4869 0.04296875
4870 0.07421875
4871 0.080078125
4872 0.1123046875
4873 0.123046875
4874 0.138671875
4875 0.13671875
4876 0.1591796875
4877 0.1611328125
4878 0.1689453125
4879 0.16015625
4880 0.1787109375
4881 0.1630859375
4882 0.1689453125
4883 0.1591796875
4884 0.173828125
4885 0.1689453125
4886 0.1728515625
4887 0.1611328125
4888 0.177734375
4889 0.138671875
4890 0.0986328125
4891 0.08203125
4892 0.1015625
4893 0.05078125
4894 0.0732421875
4895 0.0703125
4896 0.09765625
4897 0.0439453125
4898 0.00390625
4899 0.001953125
4900 0.0341796875
4901 -0.033203125
4902 -0.0322265625
4903 -0.02734375
4904 0.0107421875
4905 -0.044921875
4906 -0.04296875
4907 -0.03515625
4908 0.005859375
4909 -0.0654296875
4910 -0.05859375
4911 -0.05078125
4912 -0.005859375
4913 -0.09375
4914 -0.078125
4915 -0.0654296875
4916 -0.0185546875
4917 -0.078125
4918 -0.0673828125
4919 -0.0556640625
4920 -0.009765625
4921 -0.056640625
4922 -0.0458984375
4923 -0.0380859375
4924 0.0029296875
4925 -0.0615234375
4926 -0.0517578125
4927 -0.041015625
4928 0.0009765625
4929 -0.1103515625
4930 -0.1171875
4931 -0.09375
4932 -0.0390625
4933 -0.09765625
4934 -0.0830078125
4935 -0.0654296875
4936 -0.0146484375
4937 -0.08203125
4938 -0.06640625
4939 -0.056640625
4940 -0.0078125
4941 -0.0537109375
4942 -0.0087890625
4943 0.00390625
4944 0.0478515625
4945 -0.0009765625
4946 -0.0576171875
4947 -0.041015625
4948 0.005859375
4949 -0.0634765625
4950 -0.017578125
4951 0.0
4952 0.044921875
4953 -0.0029296875
4954 0.029296875
4955 0.0390625
4956 0.0771484375
4957 0.017578125
4958 -0.0185546875
4959 -0.0146484375
4960 0.025390625
4961 -0.0576171875
4962 -0.0107421875
4963 0.0009765625
4964 0.0458984375
4965 -0.0478515625
4966 -0.0771484375
4967 -0.0634765625
4968 -0.013671875
4969 -0.1474609375
4970 -0.119140625
4971 -0.0947265625
4972 -0.0380859375
4973 -0.1142578125
4974 -0.0908203125
4975 -0.0712890625
4976 -0.021484375
4977 -0.09375
4978 -0.0751953125
4979 -0.060546875
4980 -0.0107421875
4981 -0.1162109375
4982 -0.0966796875
4983 -0.0771484375
4984 -0.01953125
4985 -0.087890625
4986 -0.072265625
4987 -0.056640625
4988 -0.0048828125
4989 -0.0830078125
4990 -0.072265625
4991 -0.056640625
4992 -0.00390625
4993 -0.1181640625
4994 -0.0986328125
4995 -0.0732421875
4996 -0.017578125
4997 -0.0869140625
4998 -0.0322265625
4999 -0.013671875
