x y
0 0.02734375
1 -0.091796875
2 -0.0673828125
3 -0.015625
4 -0.021484375
5 -0.4208984375
6 -0.076171875
7 -0.0029296875
8 -0.03515625
9 -0.1552734375
10 -0.0634765625
11 0.0087890625
12 -0.0244140625
13 -0.13671875
14 -0.0078125
15 0.068359375
16 0.029296875
17 -0.0830078125
18 -0.060546875
19 0.0166015625
20 -0.0166015625
21 -0.1484375
22 -0.0166015625
23 0.0634765625
24 0.025390625
25 -0.1083984375
26 -0.0615234375
27 0.0126953125
28 -0.0205078125
29 -0.1396484375
30 -0.046875
31 0.0244140625
32 -0.0107421875
33 -0.1181640625
34 -0.0302734375
35 0.0400390625
36 0.0
37 -0.123046875
38 0.0029296875
39 0.0771484375
40 0.0361328125
41 -0.0556640625
42 0.060546875
43 0.1298828125
44 0.078125
45 0.0107421875
46 0.119140625
47 0.1787109375
48 0.1181640625
49 0.01953125
50 0.0712890625
51 0.1220703125
52 0.0595703125
53 -0.072265625
54 0.04296875
55 0.1083984375
56 0.0595703125
57 -0.080078125
58 -0.041015625
59 0.02734375
60 -0.0107421875
61 -0.1259765625
62 -0.0419921875
63 0.029296875
64 -0.0087890625
65 -0.1259765625
66 -0.0380859375
67 0.029296875
68 -0.0087890625
69 -0.154296875
70 -0.0234375
71 0.0537109375
72 0.0185546875
73 -0.041015625
74 0.07421875
75 0.1416015625
76 0.0859375
77 -0.0107421875
78 0.0400390625
79 0.0947265625
80 0.0380859375
81 -0.0927734375
82 0.0244140625
83 0.0927734375
84 0.048828125
85 -0.08984375
86 -0.0498046875
87 0.017578125
88 -0.0146484375
89 -0.1318359375
90 -0.0439453125
91 0.021484375
92 -0.01171875
93 -0.1259765625
94 -0.041015625
95 0.0234375
96 -0.0107421875
97 -0.1513671875
98 -0.0263671875
99 0.048828125
100 0.017578125
101 -0.037109375
102 0.0712890625
103 0.1357421875
104 0.083984375
105 -0.009765625
106 0.0361328125
107 0.0908203125
108 0.0400390625
109 -0.091796875
110 0.0234375
111 0.0869140625
112 0.048828125
113 -0.091796875
114 -0.0517578125
115 0.0146484375
116 -0.015625
117 -0.1318359375
118 -0.046875
119 0.01953125
120 -0.0126953125
121 -0.126953125
122 -0.0419921875
123 0.0224609375
124 -0.0107421875
125 -0.1552734375
126 -0.0283203125
127 0.046875
128 0.015625
129 -0.037109375
130 0.0712890625
131 0.1328125
132 0.0849609375
133 -0.009765625
134 0.0380859375
135 0.0888671875
136 0.0400390625
137 -0.0908203125
138 0.0234375
139 0.0888671875
140 0.0478515625
141 -0.0927734375
142 -0.0517578125
143 0.013671875
144 -0.017578125
145 -0.130859375
146 -0.0458984375
147 0.0205078125
148 -0.0126953125
149 -0.1279296875
150 -0.04296875
151 0.0224609375
152 -0.0126953125
153 -0.1533203125
154 -0.0263671875
155 0.048828125
156 0.0166015625
157 -0.0400390625
158 0.0712890625
159 0.1376953125
160 0.0849609375
161 -0.0107421875
162 0.0390625
163 0.091796875
164 0.0400390625
165 -0.091796875
166 0.0234375
167 0.08984375
168 0.0478515625
169 -0.091796875
170 -0.0517578125
171 0.013671875
172 -0.0166015625
173 -0.130859375
174 -0.0478515625
175 0.021484375
176 -0.0126953125
177 -0.130859375
178 -0.04296875
179 0.0205078125
180 -0.0107421875
181 -0.1552734375
182 -0.0263671875
183 0.0458984375
184 0.0185546875
185 -0.041015625
186 0.072265625
187 0.134765625
188 0.0849609375
189 -0.009765625
190 0.037109375
191 0.08984375
192 0.0390625
193 -0.0908203125
194 0.0224609375
195 0.087890625
196 0.0478515625
197 -0.091796875
198 -0.0537109375
199 0.013671875
200 -0.017578125
201 -0.134765625
202 -0.048828125
203 0.0185546875
204 -0.013671875
205 -0.130859375
206 -0.04296875
207 0.0224609375
208 -0.0126953125
209 -0.1572265625
210 -0.0283203125
211 0.0478515625
212 0.015625
213 -0.0400390625
214 0.0712890625
215 0.134765625
216 0.0830078125
217 -0.0107421875
218 0.037109375
219 0.0908203125
220 0.0380859375
221 -0.08984375
222 0.021484375
223 0.087890625
224 0.046875
225 -0.0927734375
226 -0.0537109375
227 0.0126953125
228 -0.0166015625
229 -0.134765625
230 -0.0478515625
231 0.0205078125
232 -0.013671875
233 -0.12890625
234 -0.0439453125
235 0.0205078125
236 -0.0126953125
237 -0.1591796875
238 -0.029296875
239 0.046875
240 0.0146484375
241 -0.04296875
242 0.0712890625
243 0.1357421875
244 0.08203125
245 -0.0107421875
246 0.03515625
247 0.0908203125
248 0.0380859375
249 -0.0966796875
250 0.021484375
251 0.0869140625
252 0.044921875
253 -0.0947265625
254 -0.052734375
255 0.0146484375
256 -0.017578125
257 -0.134765625
258 -0.0478515625
259 0.021484375
260 -0.0146484375
261 -0.1279296875
262 -0.04296875
263 0.0224609375
264 -0.01171875
265 -0.154296875
266 -0.02734375
267 0.05078125
268 0.0166015625
269 -0.0419921875
270 0.0712890625
271 0.1357421875
272 0.083984375
273 -0.0107421875
274 0.0380859375
275 0.091796875
276 0.0390625
277 -0.0927734375
278 0.025390625
279 0.0908203125
280 0.046875
281 -0.0908203125
282 -0.05078125
283 0.01953125
284 -0.017578125
285 -0.1318359375
286 -0.0458984375
287 0.0234375
288 -0.013671875
289 -0.12890625
290 -0.0419921875
291 0.0244140625
292 -0.01171875
293 -0.158203125
294 -0.0283203125
295 0.046875
296 0.0146484375
297 -0.044921875
298 0.0703125
299 0.1357421875
300 0.0830078125
301 -0.013671875
302 0.0361328125
303 0.091796875
304 0.037109375
305 -0.09375
306 0.0224609375
307 0.0888671875
308 0.044921875
309 -0.0927734375
310 -0.0517578125
311 0.0166015625
312 -0.017578125
313 -0.1328125
314 -0.046875
315 0.0234375
316 -0.013671875
317 -0.1298828125
318 -0.04296875
319 0.0234375
320 -0.0126953125
321 -0.15625
322 -0.0263671875
323 0.0478515625
324 0.0146484375
325 -0.04296875
326 0.072265625
327 0.1357421875
328 0.0830078125
329 -0.01171875
330 0.037109375
331 0.0927734375
332 0.03515625
333 -0.0927734375
334 0.021484375
335 0.087890625
336 0.0458984375
337 -0.08984375
338 -0.05078125
339 0.0146484375
340 -0.0166015625
341 -0.130859375
342 -0.0478515625
343 0.017578125
344 -0.01171875
345 -0.12890625
346 -0.0439453125
347 0.0205078125
348 -0.01171875
349 -0.158203125
350 -0.0302734375
351 0.0458984375
352 0.0146484375
353 -0.04296875
354 0.0693359375
355 0.1357421875
356 0.08203125
357 -0.013671875
358 0.0361328125
359 0.0927734375
360 0.037109375
361 -0.09765625
362 0.021484375
363 0.08984375
364 0.0439453125
365 -0.095703125
366 -0.0517578125
367 0.0185546875
368 -0.0185546875
369 -0.13671875
370 -0.0458984375
371 0.0224609375
372 -0.0146484375
373 -0.1298828125
374 -0.0439453125
375 0.025390625
376 -0.013671875
377 -0.1552734375
378 -0.02734375
379 0.0517578125
380 0.015625
381 -0.0419921875
382 0.0712890625
383 0.1357421875
384 0.0830078125
385 -0.0126953125
386 0.0390625
387 0.09375
388 0.0380859375
389 -0.09765625
390 0.0244140625
391 0.091796875
392 0.044921875
393 -0.09375
394 -0.0517578125
395 0.017578125
396 -0.0185546875
397 -0.1357421875
398 -0.048828125
399 0.0234375
400 -0.0146484375
401 -0.130859375
402 -0.0439453125
403 0.0263671875
404 -0.013671875
405 -0.158203125
406 -0.02734375
407 0.048828125
408 0.0146484375
409 -0.04296875
410 0.0712890625
411 0.13671875
412 0.08203125
413 -0.0126953125
414 0.0361328125
415 0.091796875
416 0.0390625
417 -0.095703125
418 0.021484375
419 0.0888671875
420 0.0458984375
421 -0.0947265625
422 -0.0537109375
423 0.015625
424 -0.017578125
425 -0.134765625
426 -0.048828125
427 0.0224609375
428 -0.0166015625
429 -0.130859375
430 -0.0439453125
431 0.0224609375
432 -0.0126953125
433 -0.158203125
434 -0.0283203125
435 0.0458984375
436 0.015625
437 -0.0419921875
438 0.0712890625
439 0.1328125
440 0.083984375
441 -0.0126953125
442 0.0361328125
443 0.0869140625
444 0.0380859375
445 -0.09375
446 0.021484375
447 0.0849609375
448 0.044921875
449 -0.09375
450 -0.0546875
451 0.0126953125
452 -0.017578125
453 -0.1337890625
454 -0.048828125
455 0.017578125
456 -0.013671875
457 -0.1298828125
458 -0.0439453125
459 0.0205078125
460 -0.01171875
461 -0.1572265625
462 -0.0283203125
463 0.04296875
464 0.0146484375
465 -0.0390625
466 0.0693359375
467 0.1337890625
468 0.08203125
469 -0.009765625
470 0.0361328125
471 0.0908203125
472 0.0380859375
473 -0.0947265625
474 0.021484375
475 0.0888671875
476 0.0458984375
477 -0.09375
478 -0.052734375
479 0.015625
480 -0.0185546875
481 -0.134765625
482 -0.0478515625
483 0.0224609375
484 -0.013671875
485 -0.1298828125
486 -0.044921875
487 0.0224609375
488 -0.01171875
489 -0.15625
490 -0.0283203125
491 0.0478515625
492 0.0146484375
493 -0.041015625
494 0.0712890625
495 0.1357421875
496 0.0830078125
497 -0.01171875
498 0.037109375
499 0.091796875
500 0.0390625
501 -0.09375
502 0.0234375
503 0.0927734375
504 0.046875
505 -0.091796875
506 -0.0478515625
507 0.0205078125
508 -0.0166015625
509 -0.1337890625
510 -0.044921875
511 0.0234375
512 -0.013671875
513 -0.1298828125
514 -0.04296875
515 0.025390625
516 -0.0107421875
517 -0.15625
518 -0.0283203125
519 0.0498046875
520 0.015625
521 -0.04296875
522 0.0712890625
523 0.1357421875
524 0.0849609375
525 -0.01171875
526 0.0380859375
527 0.08984375
528 0.0380859375
529 -0.0927734375
530 0.0224609375
531 0.08984375
532 0.0458984375
533 -0.091796875
534 -0.0517578125
535 0.0146484375
536 -0.0185546875
537 -0.1337890625
538 -0.048828125
539 0.021484375
540 -0.0146484375
541 -0.1298828125
542 -0.0439453125
543 0.0224609375
544 -0.013671875
545 -0.15625
546 -0.0283203125
547 0.046875
548 0.015625
549 -0.04296875
550 0.0712890625
551 0.134765625
552 0.0830078125
553 -0.013671875
554 0.0380859375
555 0.0947265625
556 0.0380859375
557 -0.0947265625
558 0.0224609375
559 0.0927734375
560 0.0439453125
561 -0.0927734375
562 -0.0517578125
563 0.0185546875
564 -0.017578125
565 -0.1328125
566 -0.0458984375
567 0.0205078125
568 -0.013671875
569 -0.1298828125
570 -0.04296875
571 0.0224609375
572 -0.0107421875
573 -0.1572265625
574 -0.02734375
575 0.044921875
576 0.017578125
577 -0.041015625
578 0.0703125
579 0.134765625
580 0.08203125
581 -0.0107421875
582 0.0361328125
583 0.0908203125
584 0.0380859375
585 -0.0947265625
586 0.021484375
587 0.087890625
588 0.0439453125
589 -0.095703125
590 -0.0546875
591 0.01171875
592 -0.0185546875
593 -0.134765625
594 -0.046875
595 0.0205078125
596 -0.0126953125
597 -0.1279296875
598 -0.0419921875
599 0.0205078125
600 -0.01171875
601 -0.1533203125
602 -0.0263671875
603 0.0458984375
604 0.0166015625
605 -0.0390625
606 0.072265625
607 0.1337890625
608 0.083984375
609 -0.009765625
610 0.037109375
611 0.087890625
612 0.0400390625
613 -0.091796875
614 0.0234375
615 0.0869140625
616 0.046875
617 -0.091796875
618 -0.05078125
619 0.013671875
620 -0.0166015625
621 -0.1318359375
622 -0.0478515625
623 0.0205078125
624 -0.013671875
625 -0.1279296875
626 -0.044921875
627 0.0224609375
628 -0.01171875
629 -0.1552734375
630 -0.02734375
631 0.0458984375
632 0.0146484375
633 -0.041015625
634 0.0703125
635 0.1337890625
636 0.0830078125
637 -0.013671875
638 0.0361328125
639 0.091796875
640 0.037109375
641 -0.0947265625
642 0.0224609375
643 0.0888671875
644 0.0458984375
645 -0.09375
646 -0.0517578125
647 0.0146484375
648 -0.017578125
649 -0.1357421875
650 -0.048828125
651 0.0234375
652 -0.013671875
653 -0.130859375
654 -0.04296875
655 0.0234375
656 -0.0126953125
657 -0.1591796875
658 -0.02734375
659 0.0498046875
660 0.0146484375
661 -0.0439453125
662 0.072265625
663 0.1357421875
664 0.083984375
665 -0.013671875
666 0.0380859375
667 0.09375
668 0.0390625
669 -0.0947265625
670 0.0224609375
671 0.0908203125
672 0.0458984375
673 -0.09375
674 -0.0517578125
675 0.01953125
676 -0.01953125
677 -0.13671875
678 -0.0478515625
679 0.025390625
680 -0.015625
681 -0.134765625
682 -0.0439453125
683 0.0244140625
684 -0.015625
685 -0.1630859375
686 -0.029296875
687 0.048828125
688 0.0126953125
689 -0.0478515625
690 0.072265625
691 0.1396484375
692 0.08203125
693 -0.0146484375
694 0.0380859375
695 0.0947265625
696 0.037109375
697 -0.0986328125
698 0.0234375
699 0.0927734375
700 0.0458984375
701 -0.09375
702 -0.05078125
703 0.0205078125
704 -0.0185546875
705 -0.1376953125
706 -0.0458984375
707 0.0263671875
708 -0.013671875
709 -0.1318359375
710 -0.041015625
711 0.0283203125
712 -0.0126953125
713 -0.16015625
714 -0.0263671875
715 0.0517578125
716 0.0146484375
717 -0.041015625
718 0.0712890625
719 0.13671875
720 0.0830078125
721 -0.01171875
722 0.0380859375
723 0.091796875
724 0.0390625
725 -0.09375
726 0.025390625
727 0.0888671875
728 0.046875
729 -0.0908203125
730 -0.05078125
731 0.0166015625
732 -0.0166015625
733 -0.1328125
734 -0.044921875
735 0.01953125
736 -0.01171875
737 -0.1279296875
738 -0.0439453125
739 0.0234375
740 -0.01171875
741 -0.1572265625
742 -0.029296875
743 0.046875
744 0.0146484375
745 -0.04296875
746 0.0712890625
747 0.1357421875
748 0.083984375
749 -0.01171875
750 0.0361328125
751 0.091796875
752 0.0400390625
753 -0.09375
754 0.021484375
755 0.0869140625
756 0.046875
757 -0.09375
758 -0.048828125
759 0.0166015625
760 -0.0166015625
761 -0.1318359375
762 -0.0458984375
763 0.01953125
764 -0.0126953125
765 -0.126953125
766 -0.0439453125
767 0.0205078125
768 -0.009765625
769 -0.1533203125
770 -0.0283203125
771 0.044921875
772 0.0166015625
773 -0.0400390625
774 0.0712890625
775 0.130859375
776 0.0830078125
777 -0.0107421875
778 0.0361328125
779 0.087890625
780 0.0390625
781 -0.091796875
782 0.0224609375
783 0.0859375
784 0.046875
785 -0.08984375
786 -0.052734375
787 0.0126953125
788 -0.0166015625
789 -0.130859375
790 -0.0478515625
791 0.0185546875
792 -0.0126953125
793 -0.126953125
794 -0.044921875
795 0.0205078125
796 -0.01171875
797 -0.15625
798 -0.029296875
799 0.0439453125
800 0.015625
801 -0.0380859375
802 0.0703125
803 0.1318359375
804 0.083984375
805 -0.0107421875
806 0.0361328125
807 0.0869140625
808 0.0380859375
809 -0.09375
810 0.0205078125
811 0.0869140625
812 0.0458984375
813 -0.091796875
814 -0.0537109375
815 0.0146484375
816 -0.01953125
817 -0.1318359375
818 -0.0478515625
819 0.01953125
820 -0.0146484375
821 -0.12890625
822 -0.0439453125
823 0.01953125
824 -0.009765625
825 -0.154296875
826 -0.0283203125
827 0.0458984375
828 0.0146484375
829 -0.0390625
830 0.0712890625
831 0.1328125
832 0.083984375
833 -0.0087890625
834 0.0361328125
835 0.08984375
836 0.0380859375
837 -0.08984375
838 0.021484375
839 0.0859375
840 0.0458984375
841 -0.091796875
842 -0.05078125
843 0.0146484375
844 -0.0166015625
845 -0.130859375
846 -0.0458984375
847 0.0185546875
848 -0.01171875
849 -0.1279296875
850 -0.0439453125
851 0.021484375
852 -0.0126953125
853 -0.154296875
854 -0.0283203125
855 0.044921875
856 0.015625
857 -0.0390625
858 0.0703125
859 0.1337890625
860 0.083984375
861 -0.0107421875
862 0.037109375
863 0.087890625
864 0.0380859375
865 -0.09375
866 0.021484375
867 0.0869140625
868 0.0458984375
869 -0.091796875
870 -0.0537109375
871 0.01171875
872 -0.0166015625
873 -0.134765625
874 -0.05078125
875 0.017578125
876 -0.015625
877 -0.1298828125
878 -0.0458984375
879 0.0224609375
880 -0.0126953125
881 -0.15625
882 -0.0302734375
883 0.046875
884 0.015625
885 -0.0419921875
886 0.0693359375
887 0.1328125
888 0.0830078125
889 -0.0107421875
890 0.0380859375
891 0.0888671875
892 0.0390625
893 -0.0947265625
894 0.021484375
895 0.0869140625
896 0.046875
897 -0.0927734375
898 -0.052734375
899 0.0146484375
900 -0.017578125
901 -0.1328125
902 -0.0478515625
903 0.021484375
904 -0.0146484375
905 -0.1298828125
906 -0.0439453125
907 0.0234375
908 -0.01171875
909 -0.1552734375
910 -0.0302734375
911 0.0419921875
912 0.015625
913 -0.0400390625
914 0.0693359375
915 0.1328125
916 0.083984375
917 -0.0107421875
918 0.0361328125
919 0.0888671875
920 0.037109375
921 -0.095703125
922 0.01953125
923 0.0849609375
924 0.04296875
925 -0.09375
926 -0.056640625
927 0.0126953125
928 -0.0185546875
929 -0.1318359375
930 -0.048828125
931 0.0185546875
932 -0.013671875
933 -0.1298828125
934 -0.044921875
935 0.01953125
936 -0.01171875
937 -0.1552734375
938 -0.02734375
939 0.0458984375
940 0.015625
941 -0.0419921875
942 0.0712890625
943 0.1337890625
944 0.0849609375
945 -0.0107421875
946 0.037109375
947 0.08984375
948 0.0380859375
949 -0.0908203125
950 0.0244140625
951 0.087890625
952 0.046875
953 -0.091796875
954 -0.0517578125
955 0.015625
956 -0.017578125
957 -0.1337890625
958 -0.0458984375
959 0.0234375
960 -0.013671875
961 -0.1298828125
962 -0.0419921875
963 0.0263671875
964 -0.01171875
965 -0.1591796875
966 -0.02734375
967 0.05078125
968 0.0146484375
969 -0.0439453125
970 0.0703125
971 0.138671875
972 0.0810546875
973 -0.01171875
974 0.0380859375
975 0.0927734375
976 0.037109375
977 -0.0966796875
978 0.021484375
979 0.091796875
980 0.0458984375
981 -0.0947265625
982 -0.0537109375
983 0.0185546875
984 -0.01953125
985 -0.13671875
986 -0.0478515625
987 0.0244140625
988 -0.013671875
989 -0.1298828125
990 -0.04296875
991 0.0244140625
992 -0.0126953125
993 -0.15625
994 -0.0302734375
995 0.0458984375
996 0.0146484375
997 -0.0419921875
998 0.0703125
999 0.1357421875
1000 0.0830078125
1001 -0.0126953125
1002 0.037109375
1003 0.091796875
1004 0.0390625
1005 -0.09375
1006 0.0224609375
1007 0.0888671875
1008 0.0458984375
1009 -0.09375
1010 -0.05078125
1011 0.0146484375
1012 -0.0185546875
1013 -0.1337890625
1014 -0.048828125
1015 0.0205078125
1016 -0.0146484375
1017 -0.130859375
1018 -0.044921875
1019 0.021484375
1020 -0.013671875
1021 -0.158203125
1022 -0.029296875
1023 0.044921875
1024 0.0126953125
1025 -0.041015625
1026 0.0703125
1027 0.1357421875
1028 0.08203125
1029 -0.013671875
1030 0.0380859375
1031 0.0927734375
1032 0.0380859375
1033 -0.099609375
1034 0.0234375
1035 0.0927734375
1036 0.0439453125
1037 -0.0966796875
1038 -0.0556640625
1039 0.017578125
1040 -0.01953125
1041 -0.138671875
1042 -0.0478515625
1043 0.025390625
1044 -0.0146484375
1045 -0.1328125
1046 -0.0439453125
1047 0.02734375
1048 -0.013671875
1049 -0.16015625
1050 -0.0263671875
1051 0.0517578125
1052 0.0166015625
1053 -0.0439453125
1054 0.072265625
1055 0.1396484375
1056 0.0830078125
1057 -0.0126953125
1058 0.0390625
1059 0.0947265625
1060 0.0380859375
1061 -0.0966796875
1062 0.0224609375
1063 0.0927734375
1064 0.0439453125
1065 -0.095703125
1066 -0.0537109375
1067 0.0185546875
1068 -0.01953125
1069 -0.13671875
1070 -0.0478515625
1071 0.0234375
1072 -0.0146484375
1073 -0.1328125
1074 -0.0419921875
1075 0.025390625
1076 -0.013671875
1077 -0.16015625
1078 -0.0283203125
1079 0.0498046875
1080 0.015625
1081 -0.044921875
1082 0.0712890625
1083 0.1396484375
1084 0.0830078125
1085 -0.013671875
1086 0.0380859375
1087 0.0966796875
1088 0.0380859375
1089 -0.0966796875
1090 0.0234375
1091 0.091796875
1092 0.044921875
1093 -0.0966796875
1094 -0.052734375
1095 0.017578125
1096 -0.0185546875
1097 -0.1376953125
1098 -0.046875
1099 0.025390625
1100 -0.013671875
1101 -0.1318359375
1102 -0.0419921875
1103 0.0244140625
1104 -0.01171875
1105 -0.1591796875
1106 -0.0283203125
1107 0.048828125
1108 0.0166015625
1109 -0.0419921875
1110 0.072265625
1111 0.138671875
1112 0.08203125
1113 -0.0126953125
1114 0.0361328125
1115 0.0908203125
1116 0.0380859375
1117 -0.0966796875
1118 0.021484375
1119 0.087890625
1120 0.0458984375
1121 -0.0966796875
1122 -0.052734375
1123 0.0166015625
1124 -0.017578125
1125 -0.13671875
1126 -0.0478515625
1127 0.0234375
1128 -0.0146484375
1129 -0.1328125
1130 -0.0439453125
1131 0.02734375
1132 -0.0146484375
1133 -0.1611328125
1134 -0.0302734375
1135 0.0498046875
1136 0.0126953125
1137 -0.04296875
1138 0.0712890625
1139 0.13671875
1140 0.08203125
1141 -0.0126953125
1142 0.0380859375
1143 0.091796875
1144 0.0390625
1145 -0.0966796875
1146 0.0224609375
1147 0.0908203125
1148 0.046875
1149 -0.09375
1150 -0.0537109375
1151 0.015625
1152 -0.01953125
1153 -0.1337890625
1154 -0.0478515625
1155 0.0244140625
1156 -0.013671875
1157 -0.130859375
1158 -0.04296875
1159 0.0263671875
1160 -0.01171875
1161 -0.1591796875
1162 -0.0283203125
1163 0.0498046875
1164 0.0146484375
1165 -0.04296875
1166 0.072265625
1167 0.1357421875
1168 0.0830078125
1169 -0.01171875
1170 0.037109375
1171 0.091796875
1172 0.0380859375
1173 -0.091796875
1174 0.0224609375
1175 0.08984375
1176 0.044921875
1177 -0.0908203125
1178 -0.0517578125
1179 0.017578125
1180 -0.015625
1181 -0.1328125
1182 -0.0458984375
1183 0.021484375
1184 -0.0146484375
1185 -0.12890625
1186 -0.0439453125
1187 0.0224609375
1188 -0.01171875
1189 -0.1591796875
1190 -0.0283203125
1191 0.0458984375
1192 0.0166015625
1193 -0.041015625
1194 0.0712890625
1195 0.13671875
1196 0.0830078125
1197 -0.009765625
1198 0.0361328125
1199 0.0927734375
1200 0.0380859375
1201 -0.0947265625
1202 0.0224609375
1203 0.08984375
1204 0.0458984375
1205 -0.0927734375
1206 -0.052734375
1207 0.0146484375
1208 -0.017578125
1209 -0.13671875
1210 -0.046875
1211 0.0205078125
1212 -0.0126953125
1213 -0.130859375
1214 -0.0439453125
1215 0.0234375
1216 -0.0107421875
1217 -0.1572265625
1218 -0.0283203125
1219 0.0478515625
1220 0.015625
1221 -0.0419921875
1222 0.072265625
1223 0.13671875
1224 0.0830078125
1225 -0.0107421875
1226 0.0380859375
1227 0.0947265625
1228 0.0390625
1229 -0.0947265625
1230 0.0224609375
1231 0.08984375
1232 0.0458984375
1233 -0.0927734375
1234 -0.0517578125
1235 0.015625
1236 -0.0166015625
1237 -0.1318359375
1238 -0.0458984375
1239 0.021484375
1240 -0.0126953125
1241 -0.1279296875
1242 -0.0439453125
1243 0.0234375
1244 -0.0107421875
1245 -0.1552734375
1246 -0.0302734375
1247 0.0458984375
1248 0.0166015625
1249 -0.0400390625
1250 0.0703125
1251 0.134765625
1252 0.0830078125
1253 -0.0126953125
1254 0.037109375
1255 0.091796875
1256 0.0390625
1257 -0.0986328125
1258 0.021484375
1259 0.087890625
1260 0.044921875
1261 -0.0966796875
1262 -0.0537109375
1263 0.0166015625
1264 -0.0185546875
1265 -0.134765625
1266 -0.0478515625
1267 0.0234375
1268 -0.0146484375
1269 -0.1298828125
1270 -0.04296875
1271 0.025390625
1272 -0.0126953125
1273 -0.15625
1274 -0.02734375
1275 0.0498046875
1276 0.0146484375
1277 -0.0419921875
1278 0.072265625
1279 0.1357421875
1280 0.0849609375
1281 -0.01171875
1282 0.0390625
1283 0.091796875
1284 0.0400390625
1285 -0.091796875
1286 0.0224609375
1287 0.087890625
1288 0.044921875
1289 -0.0908203125
1290 -0.0537109375
1291 0.013671875
1292 -0.0166015625
1293 -0.1318359375
1294 -0.0478515625
1295 0.017578125
1296 -0.0107421875
1297 -0.1279296875
1298 -0.0439453125
1299 0.0185546875
1300 -0.01171875
1301 -0.154296875
1302 -0.02734375
1303 0.04296875
1304 0.017578125
1305 -0.0380859375
1306 0.0712890625
1307 0.1318359375
1308 0.0849609375
1309 -0.009765625
1310 0.0361328125
1311 0.087890625
1312 0.0380859375
1313 -0.0927734375
1314 0.021484375
1315 0.0859375
1316 0.046875
1317 -0.09375
1318 -0.0537109375
1319 0.013671875
1320 -0.0185546875
1321 -0.1328125
1322 -0.0478515625
1323 0.0185546875
1324 -0.013671875
1325 -0.12890625
1326 -0.0439453125
1327 0.0205078125
1328 -0.0107421875
1329 -0.1552734375
1330 -0.02734375
1331 0.0458984375
1332 0.0166015625
1333 -0.0390625
1334 0.0712890625
1335 0.1337890625
1336 0.083984375
1337 -0.009765625
1338 0.037109375
1339 0.08984375
1340 0.0400390625
1341 -0.0888671875
1342 0.021484375
1343 0.083984375
1344 0.0478515625
1345 -0.091796875
1346 -0.0546875
1347 0.0107421875
1348 -0.015625
1349 -0.1318359375
1350 -0.0478515625
1351 0.0166015625
1352 -0.009765625
1353 -0.12890625
1354 -0.0458984375
1355 0.017578125
1356 -0.0126953125
1357 -0.1572265625
1358 -0.0302734375
1359 0.0419921875
1360 0.0146484375
1361 -0.0390625
1362 0.0693359375
1363 0.1328125
1364 0.083984375
1365 -0.0107421875
1366 0.0380859375
1367 0.087890625
1368 0.0400390625
1369 -0.09375
1370 0.021484375
1371 0.0859375
1372 0.046875
1373 -0.0927734375
1374 -0.0517578125
1375 0.0126953125
1376 -0.017578125
1377 -0.130859375
1378 -0.0478515625
1379 0.0205078125
1380 -0.013671875
1381 -0.126953125
1382 -0.0439453125
1383 0.021484375
1384 -0.0107421875
1385 -0.1533203125
1386 -0.0263671875
1387 0.0478515625
1388 0.0166015625
1389 -0.0380859375
1390 0.072265625
1391 0.1337890625
1392 0.0849609375
1393 -0.01171875
1394 0.0380859375
1395 0.0908203125
1396 0.041015625
1397 -0.0908203125
1398 0.0234375
1399 0.08984375
1400 0.0478515625
1401 -0.091796875
1402 -0.0517578125
1403 0.0166015625
1404 -0.015625
1405 -0.1328125
1406 -0.046875
1407 0.0224609375
1408 -0.0126953125
1409 -0.1279296875
1410 -0.04296875
1411 0.0234375
1412 -0.0107421875
1413 -0.1572265625
1414 -0.02734375
1415 0.0478515625
1416 0.0146484375
1417 -0.041015625
1418 0.072265625
1419 0.13671875
1420 0.0849609375
1421 -0.0107421875
1422 0.0380859375
1423 0.091796875
1424 0.037109375
1425 -0.0927734375
1426 0.021484375
1427 0.0908203125
1428 0.046875
1429 -0.091796875
1430 -0.052734375
1431 0.0166015625
1432 -0.017578125
1433 -0.1318359375
1434 -0.0458984375
1435 0.021484375
1436 -0.0126953125
1437 -0.1259765625
1438 -0.041015625
1439 0.025390625
1440 -0.0107421875
1441 -0.130859375
1442 -0.005859375
1443 0.0673828125
1444 0.029296875
1445 -0.0830078125
1446 -0.03125
1447 0.033203125
1448 -0.005859375
1449 -0.125
1450 -0.04296875
1451 0.0263671875
1452 -0.0087890625
1453 -0.1318359375
1454 -0.0458984375
1455 0.021484375
1456 -0.013671875
1457 -0.1806640625
1458 -0.0869140625
1459 -0.015625
1460 -0.0400390625
1461 -0.19921875
1462 -0.0625
1463 0.01953125
1464 -0.001953125
1465 -0.076171875
1466 0.0419921875
1467 0.1064453125
1468 0.064453125
1469 0.001953125
1470 0.107421875
1471 0.1650390625
1472 0.109375
1473 0.01171875
1474 0.056640625
1475 0.1064453125
1476 0.052734375
1477 -0.0654296875
1478 0.044921875
1479 0.1064453125
1480 0.0615234375
1481 -0.01953125
1482 0.0869140625
1483 0.1455078125
1484 0.0927734375
1485 -0.01171875
1486 0.03125
1487 0.0849609375
1488 0.0380859375
1489 -0.0732421875
1490 0.0390625
1491 0.1025390625
1492 0.05859375
1493 -0.0126953125
1494 0.0927734375
1495 0.1513671875
1496 0.0947265625
1497 -0.0078125
1498 0.03125
1499 0.087890625
1500 0.03515625
1501 -0.0625
1502 0.015625
1503 0.0693359375
1504 0.021484375
1505 -0.140625
1506 -0.01953125
1507 0.0517578125
1508 0.0185546875
1509 -0.1015625
1510 0.0146484375
1511 0.0810546875
1512 0.041015625
1513 -0.107421875
1514 -0.0625
1515 0.0087890625
1516 -0.02734375
1517 -0.142578125
1518 -0.0185546875
1519 0.0537109375
1520 0.0185546875
1521 -0.05078125
1522 0.05859375
1523 0.123046875
1524 0.0732421875
1525 -0.0546875
1526 -0.0166015625
1527 0.04296875
1528 0.0048828125
1529 -0.1044921875
1530 0.01171875
1531 0.080078125
1532 0.0390625
1533 -0.0634765625
1534 -0.015625
1535 0.0419921875
1536 0.001953125
1537 -0.091796875
1538 0.025390625
1539 0.0927734375
1540 0.0478515625
1541 -0.0048828125
1542 0.1005859375
1543 0.1611328125
1544 0.1005859375
1545 -0.0263671875
1546 0.0751953125
1547 0.1328125
1548 0.080078125
1549 -0.0888671875
1550 -0.0498046875
1551 0.0146484375
1552 -0.0224609375
1553 -0.134765625
1554 -0.0478515625
1555 0.017578125
1556 -0.0185546875
1557 -0.1904296875
1558 -0.1123046875
1559 -0.037109375
1560 -0.0595703125
1561 -0.1796875
1562 -0.0478515625
1563 0.029296875
1564 -0.0009765625
1565 -0.09765625
1566 -0.048828125
1567 0.01953125
1568 -0.015625
1569 -0.1201171875
1570 0.0009765625
1571 0.0712890625
1572 0.0322265625
1573 -0.0361328125
1574 0.07421875
1575 0.134765625
1576 0.080078125
1577 -0.0126953125
1578 0.0283203125
1579 0.083984375
1580 0.0341796875
1581 -0.064453125
1582 0.0146484375
1583 0.0693359375
1584 0.01953125
1585 -0.142578125
1586 -0.021484375
1587 0.0498046875
1588 0.015625
1589 -0.1025390625
1590 0.013671875
1591 0.0791015625
1592 0.037109375
1593 -0.1064453125
1594 -0.0615234375
1595 0.00390625
1596 -0.0263671875
1597 -0.1455078125
1598 -0.0205078125
1599 0.0498046875
1600 0.017578125
1601 -0.0673828125
1602 0.044921875
1603 0.1083984375
1604 0.0634765625
1605 -0.0615234375
1606 -0.0244140625
1607 0.0380859375
1608 0.0
1609 -0.1103515625
1610 0.0068359375
1611 0.076171875
1612 0.0361328125
1613 -0.0654296875
1614 -0.017578125
1615 0.04296875
1616 0.0
1617 -0.125
1618 -0.00390625
1619 0.064453125
1620 0.02734375
1621 -0.1005859375
1622 -0.052734375
1623 0.0107421875
1624 -0.0244140625
1625 -0.1337890625
1626 -0.046875
1627 0.021484375
1628 -0.0166015625
1629 -0.1904296875
1630 -0.1123046875
1631 -0.033203125
1632 -0.056640625
1633 -0.177734375
1634 -0.0439453125
1635 0.0341796875
1636 0.0029296875
1637 -0.0947265625
1638 -0.044921875
1639 0.025390625
1640 -0.0126953125
1641 -0.1181640625
1642 0.0048828125
1643 0.07421875
1644 0.0361328125
1645 -0.0341796875
1646 0.0791015625
1647 0.138671875
1648 0.0859375
1649 -0.01171875
1650 0.0322265625
1651 0.0908203125
1652 0.03515625
1653 -0.0595703125
1654 0.021484375
1655 0.080078125
1656 0.0244140625
1657 -0.0625
1658 0.05078125
1659 0.12109375
1660 0.0654296875
1661 0.0087890625
1662 0.1142578125
1663 0.1748046875
1664 0.1103515625
1665 0.0
1666 0.103515625
1667 0.162109375
1668 0.099609375
1669 -0.0263671875
1670 0.0810546875
1671 0.1396484375
1672 0.0791015625
1673 -0.0634765625
1674 -0.0224609375
1675 0.0419921875
1676 -0.0048828125
1677 -0.130859375
1678 -0.005859375
1679 0.0673828125
1680 0.0224609375
1681 -0.0546875
1682 0.05859375
1683 0.1259765625
1684 0.06640625
1685 -0.0595703125
1686 -0.0185546875
1687 0.0439453125
1688 -0.001953125
1689 -0.1171875
1690 0.005859375
1691 0.0771484375
1692 0.0283203125
1693 -0.0771484375
1694 -0.0234375
1695 0.0390625
1696 -0.0107421875
1697 -0.1064453125
1698 0.0166015625
1699 0.0888671875
1700 0.037109375
1701 -0.015625
1702 0.095703125
1703 0.16015625
1704 0.09375
1705 0.033203125
1706 0.1396484375
1707 0.2001953125
1708 0.123046875
1709 0.0576171875
1710 0.1572265625
1711 0.2138671875
1712 0.13671875
1713 0.009765625
1714 0.1123046875
1715 0.1689453125
1716 0.09765625
1717 -0.0703125
1718 -0.029296875
1719 0.0322265625
1720 -0.017578125
1721 -0.1357421875
1722 -0.046875
1723 0.0205078125
1724 -0.02734375
1725 -0.203125
1726 -0.125
1727 -0.0439453125
1728 -0.0751953125
1729 -0.1962890625
1730 -0.060546875
1731 0.021484375
1732 -0.0166015625
1733 -0.1171875
1734 -0.0634765625
1735 0.0087890625
1736 -0.0322265625
1737 -0.1513671875
1738 -0.0224609375
1739 0.052734375
1740 0.0087890625
1741 -0.0732421875
1742 0.0458984375
1743 0.1103515625
1744 0.0546875
1745 -0.0478515625
1746 -0.00390625
1747 0.0595703125
1748 0.005859375
1749 -0.0908203125
1750 -0.005859375
1751 0.0556640625
1752 0.001953125
1753 -0.0947265625
1754 0.0224609375
1755 0.09375
1756 0.0400390625
1757 -0.021484375
1758 0.0869140625
1759 0.1484375
1760 0.0859375
1761 0.01953125
1762 0.1240234375
1763 0.1826171875
1764 0.1123046875
1765 0.0419921875
1766 0.14453125
1767 0.2001953125
1768 0.1259765625
1769 0.0126953125
1770 0.1103515625
1771 0.166015625
1772 0.0966796875
1773 -0.0302734375
1774 0.0712890625
1775 0.1279296875
1776 0.0654296875
1777 -0.0791015625
1778 -0.041015625
1779 0.0224609375
1780 -0.025390625
1781 -0.1494140625
1782 -0.0263671875
1783 0.0439453125
1784 0.001953125
1785 -0.07421875
1786 0.0390625
1787 0.1025390625
1788 0.046875
1789 -0.0810546875
1790 -0.0390625
1791 0.0224609375
1792 -0.0224609375
1793 -0.134765625
1794 -0.0146484375
1795 0.056640625
1796 0.0107421875
1797 -0.0947265625
1798 -0.0458984375
1799 0.0166015625
1800 -0.0283203125
1801 -0.1240234375
1802 -0.0048828125
1803 0.06640625
1804 0.017578125
1805 -0.0302734375
1806 0.076171875
1807 0.1357421875
1808 0.0771484375
1809 0.013671875
1810 0.1123046875
1811 0.1689453125
1812 0.1025390625
1813 0.0380859375
1814 0.1328125
1815 0.1875
1816 0.1171875
1817 -0.0029296875
1818 0.08984375
1819 0.1455078125
1820 0.0810546875
1821 -0.0849609375
1822 -0.048828125
1823 0.01171875
1824 -0.0341796875
1825 -0.1484375
1826 -0.064453125
1827 -0.001953125
1828 -0.0419921875
1829 -0.2177734375
1830 -0.1396484375
1831 -0.0625
1832 -0.087890625
1833 -0.2119140625
1834 -0.076171875
1835 0.001953125
1836 -0.0322265625
1837 -0.12890625
1838 -0.0810546875
1839 -0.009765625
1840 -0.0458984375
1841 -0.1865234375
1842 -0.0615234375
1843 0.013671875
1844 -0.017578125
1845 -0.107421875
1846 0.0068359375
1847 0.072265625
1848 0.0283203125
1849 -0.0732421875
1850 -0.03125
1851 0.03125
1852 -0.0126953125
1853 -0.10546875
1854 -0.0224609375
1855 0.033203125
1856 -0.009765625
1857 -0.109375
1858 0.0048828125
1859 0.072265625
1860 0.02734375
1861 -0.033203125
1862 0.0712890625
1863 0.1318359375
1864 0.07421875
1865 0.0068359375
1866 0.1064453125
1867 0.162109375
1868 0.0966796875
1869 0.03515625
1870 0.1298828125
1871 0.181640625
1872 0.115234375
1873 0.0068359375
1874 0.1015625
1875 0.15234375
1876 0.08984375
1877 -0.03125
1878 0.0654296875
1879 0.1171875
1880 0.0634765625
1881 -0.0771484375
1882 -0.041015625
1883 0.017578125
1884 -0.02734375
1885 -0.1474609375
1886 -0.0302734375
1887 0.0361328125
1888 -0.001953125
1889 -0.0791015625
1890 0.0302734375
1891 0.0927734375
1892 0.0419921875
1893 -0.0869140625
1894 -0.05078125
1895 0.0087890625
1896 -0.0302734375
1897 -0.1416015625
1898 -0.0224609375
1899 0.0439453125
1900 0.00390625
1901 -0.1015625
1902 -0.0537109375
1903 0.0068359375
1904 -0.03515625
1905 -0.12890625
1906 -0.01171875
1907 0.0556640625
1908 0.0126953125
1909 -0.0361328125
1910 0.068359375
1911 0.1298828125
1912 0.0703125
1913 0.01171875
1914 0.109375
1915 0.1650390625
1916 0.0986328125
1917 0.037109375
1918 0.12890625
1919 0.181640625
1920 0.11328125
1921 -0.0078125
1922 0.0859375
1923 0.1376953125
1924 0.0751953125
1925 -0.08984375
1926 -0.052734375
1927 0.0029296875
1928 -0.0390625
1929 -0.15234375
1930 -0.0703125
1931 -0.0078125
1932 -0.0478515625
1933 -0.2216796875
1934 -0.1455078125
1935 -0.06640625
1936 -0.0947265625
1937 -0.212890625
1938 -0.0810546875
1939 -0.0029296875
1940 -0.03515625
1941 -0.1328125
1942 -0.0830078125
1943 -0.013671875
1944 -0.048828125
1945 -0.16015625
1946 -0.037109375
1947 0.0341796875
1948 -0.00390625
1949 -0.080078125
1950 0.03125
1951 0.095703125
1952 0.0419921875
1953 -0.052734375
1954 -0.013671875
1955 0.0458984375
1956 -0.00390625
1957 -0.0986328125
1958 -0.0185546875
1959 0.0400390625
1960 -0.01171875
1961 -0.1083984375
1962 0.0048828125
1963 0.0732421875
1964 0.0263671875
1965 -0.0400390625
1966 0.0634765625
1967 0.1240234375
1968 0.0673828125
1969 -0.0029296875
1970 0.09375
1971 0.1484375
1972 0.087890625
1973 0.0263671875
1974 0.1201171875
1975 0.171875
1976 0.107421875
1977 0.0029296875
1978 0.0927734375
1979 0.142578125
1980 0.0830078125
1981 -0.03515625
1982 0.056640625
1983 0.1083984375
1984 0.0556640625
1985 -0.087890625
1986 -0.0517578125
1987 0.0029296875
1988 -0.0341796875
1989 -0.15625
1990 -0.0380859375
1991 0.025390625
1992 -0.0078125
1993 -0.0947265625
1994 0.0126953125
1995 0.0751953125
1996 0.029296875
1997 -0.0947265625
1998 -0.060546875
1999 -0.0009765625
2000 -0.0361328125
2001 -0.1416015625
2002 -0.029296875
2003 0.03515625
2004 -0.0009765625
2005 -0.0986328125
2006 -0.0556640625
2007 -0.0009765625
2008 -0.03515625
2009 -0.173828125
2010 -0.0546875
2011 0.0126953125
2012 -0.017578125
2013 -0.1435546875
2014 -0.099609375
2015 -0.03515625
2016 -0.0615234375
2017 -0.1689453125
2018 -0.0859375
2019 -0.0205078125
2020 -0.0517578125
2021 -0.22265625
2022 -0.1484375
2023 -0.072265625
2024 -0.08984375
2025 -0.20703125
2026 -0.0791015625
2027 -0.0048828125
2028 -0.0283203125
2029 -0.1259765625
2030 -0.080078125
2031 -0.013671875
2032 -0.04296875
2033 -0.1943359375
2034 -0.068359375
2035 0.005859375
2036 -0.01953125
2037 -0.1171875
2038 -0.0009765625
2039 0.0615234375
2040 0.0244140625
2041 -0.07421875
2042 -0.0341796875
2043 0.02734375
2044 -0.013671875
2045 -0.103515625
2046 -0.0244140625
2047 0.0341796875
2048 -0.0087890625
2049 -0.1025390625
2050 0.0068359375
2051 0.07421875
2052 0.03125
2053 -0.0361328125
2054 0.06640625
2055 0.1240234375
2056 0.0732421875
2057 0.0078125
2058 0.1044921875
2059 0.158203125
2060 0.0986328125
2061 0.0361328125
2062 0.1298828125
2063 0.181640625
2064 0.1171875
2065 0.0078125
2066 0.1015625
2067 0.154296875
2068 0.0908203125
2069 -0.029296875
2070 0.06640625
2071 0.1201171875
2072 0.0634765625
2073 -0.0751953125
2074 -0.0400390625
2075 0.0185546875
2076 -0.025390625
2077 -0.1455078125
2078 -0.02734375
2079 0.0400390625
2080 0.0009765625
2081 -0.076171875
2082 0.033203125
2083 0.095703125
2084 0.0439453125
2085 -0.0830078125
2086 -0.044921875
2087 0.0146484375
2088 -0.0263671875
2089 -0.13671875
2090 -0.01953125
2091 0.048828125
2092 0.0068359375
2093 -0.09765625
2094 -0.05078125
2095 0.009765625
2096 -0.0322265625
2097 -0.1279296875
2098 -0.01171875
2099 0.0576171875
2100 0.0146484375
2101 -0.033203125
2102 0.072265625
2103 0.1298828125
2104 0.0732421875
2105 0.0078125
2106 0.1044921875
2107 0.16015625
2108 0.095703125
2109 0.0341796875
2110 0.1279296875
2111 0.1826171875
2112 0.111328125
2113 -0.0087890625
2114 0.0849609375
2115 0.1357421875
2116 0.0751953125
2117 -0.0908203125
2118 -0.0546875
2119 0.00390625
2120 -0.0390625
2121 -0.1533203125
2122 -0.0703125
2123 -0.0078125
2124 -0.0458984375
2125 -0.220703125
2126 -0.14453125
2127 -0.06640625
2128 -0.0927734375
2129 -0.2119140625
2130 -0.0791015625
2131 0.0
2132 -0.0322265625
2133 -0.130859375
2134 -0.08203125
2135 -0.01171875
2136 -0.048828125
2137 -0.162109375
2138 -0.0400390625
2139 0.03515625
2140 -0.0048828125
2141 -0.0830078125
2142 0.0302734375
2143 0.095703125
2144 0.0400390625
2145 -0.0576171875
2146 -0.01171875
2147 0.0478515625
2148 -0.005859375
2149 -0.103515625
2150 -0.0166015625
2151 0.04296875
2152 -0.0107421875
2153 -0.107421875
2154 0.0107421875
2155 0.080078125
2156 0.0263671875
2157 -0.0400390625
2158 0.0693359375
2159 0.1337890625
2160 0.068359375
2161 -0.0029296875
2162 0.1015625
2163 0.1630859375
2164 0.0908203125
2165 0.0263671875
2166 0.1259765625
2167 0.1845703125
2168 0.1083984375
2169 -0.005859375
2170 0.095703125
2171 0.1513671875
2172 0.0810546875
2173 -0.0439453125
2174 0.05859375
2175 0.1162109375
2176 0.0546875
2177 -0.0927734375
2178 -0.05078125
2179 0.013671875
2180 -0.0361328125
2181 -0.1640625
2182 -0.037109375
2183 0.03515625
2184 -0.0107421875
2185 -0.1025390625
2186 0.0126953125
2187 0.083984375
2188 0.0263671875
2189 -0.0947265625
2190 -0.0556640625
2191 0.01171875
2192 -0.0361328125
2193 -0.150390625
2194 -0.025390625
2195 0.046875
2196 -0.0009765625
2197 -0.1064453125
2198 -0.052734375
2199 0.013671875
2200 -0.037109375
2201 -0.1806640625
2202 -0.0517578125
2203 0.0244140625
2204 -0.017578125
2205 -0.146484375
2206 -0.09765625
2207 -0.0234375
2208 -0.064453125
2209 -0.1748046875
2210 -0.0830078125
2211 -0.009765625
2212 -0.0537109375
2213 -0.2275390625
2214 -0.146484375
2215 -0.0625
2216 -0.0927734375
2217 -0.216796875
2218 -0.0771484375
2219 0.0048828125
2220 -0.0302734375
2221 -0.1279296875
2222 -0.0791015625
2223 -0.0068359375
2224 -0.0439453125
2225 -0.201171875
2226 -0.0673828125
2227 0.013671875
2228 -0.021484375
2229 -0.125
2230 -0.001953125
2231 0.0693359375
2232 0.021484375
2233 -0.078125
2234 -0.0322265625
2235 0.0361328125
2236 -0.0146484375
2237 -0.109375
2238 -0.0224609375
2239 0.0400390625
2240 -0.0107421875
2241 -0.1103515625
2242 0.009765625
2243 0.0810546875
2244 0.029296875
2245 -0.0439453125
2246 0.0703125
2247 0.1337890625
2248 0.0693359375
2249 0.0009765625
2250 0.103515625
2251 0.16796875
2252 0.0966796875
2253 0.0322265625
2254 0.1298828125
2255 0.1904296875
2256 0.1142578125
2257 0.005859375
2258 0.103515625
2259 0.1591796875
2260 0.08984375
2261 -0.03125
2262 0.0712890625
2263 0.126953125
2264 0.0654296875
2265 -0.07421875
2266 -0.0322265625
2267 0.0263671875
2268 -0.021484375
2269 -0.146484375
2270 -0.0234375
2271 0.044921875
2272 0.001953125
2273 -0.076171875
2274 0.03515625
2275 0.0986328125
2276 0.0439453125
2277 -0.0859375
2278 -0.0458984375
2279 0.0166015625
2280 -0.029296875
2281 -0.1396484375
2282 -0.01953125
2283 0.05078125
2284 0.005859375
2285 -0.1005859375
2286 -0.0498046875
2287 0.01171875
2288 -0.0341796875
2289 -0.1298828125
2290 -0.009765625
2291 0.05859375
2292 0.0126953125
2293 -0.03515625
2294 0.0712890625
2295 0.1337890625
2296 0.0732421875
2297 0.005859375
2298 0.10546875
2299 0.1630859375
2300 0.0947265625
2301 0.033203125
2302 0.12890625
2303 0.1826171875
2304 0.1123046875
2305 -0.009765625
2306 0.0869140625
2307 0.140625
2308 0.0751953125
2309 -0.09375
2310 -0.0537109375
2311 0.005859375
2312 -0.0390625
2313 -0.15625
2314 -0.0693359375
2315 -0.00390625
2316 -0.0478515625
2317 -0.2197265625
2318 -0.1435546875
2319 -0.064453125
2320 -0.0927734375
2321 -0.2119140625
2322 -0.0791015625
2323 0.0
2324 -0.0322265625
2325 -0.1318359375
2326 -0.0810546875
2327 -0.009765625
2328 -0.048828125
2329 -0.1611328125
2330 -0.0390625
2331 0.033203125
2332 -0.0048828125
2333 -0.0830078125
2334 0.0302734375
2335 0.09375
2336 0.0400390625
2337 -0.0546875
2338 -0.013671875
2339 0.0458984375
2340 -0.0029296875
2341 -0.099609375
2342 -0.0166015625
2343 0.0400390625
2344 -0.01171875
2345 -0.1044921875
2346 0.0087890625
2347 0.076171875
2348 0.0263671875
2349 -0.03515625
2350 0.0693359375
2351 0.126953125
2352 0.0712890625
2353 0.001953125
2354 0.099609375
2355 0.15625
2356 0.0908203125
2357 0.029296875
2358 0.1240234375
2359 0.177734375
2360 0.109375
2361 0.0009765625
2362 0.09375
2363 0.146484375
2364 0.0830078125
2365 -0.0361328125
2366 0.05859375
2367 0.109375
2368 0.0576171875
2369 -0.0830078125
2370 -0.0478515625
2371 0.009765625
2372 -0.03125
2373 -0.15234375
2374 -0.03515625
2375 0.0283203125
2376 -0.0048828125
2377 -0.0810546875
2378 0.025390625
2379 0.083984375
2380 0.0380859375
2381 -0.08203125
2382 -0.0458984375
2383 0.0107421875
2384 -0.02734375
2385 -0.1494140625
2386 -0.0341796875
2387 0.0341796875
2388 -0.0048828125
2389 -0.1083984375
2390 -0.0634765625
2391 -0.001953125
2392 -0.0419921875
2393 -0.1513671875
2394 -0.03515625
2395 0.03515625
2396 -0.0029296875
2397 -0.0478515625
2398 0.056640625
2399 0.1162109375
2400 0.060546875
2401 0.0029296875
2402 0.099609375
2403 0.154296875
2404 0.091796875
2405 0.029296875
2406 0.1220703125
2407 0.1748046875
2408 0.107421875
2409 -0.0146484375
2410 0.0771484375
2411 0.1279296875
2412 0.068359375
2413 -0.095703125
2414 -0.0615234375
2415 0.0
2416 -0.044921875
2417 -0.1611328125
2418 -0.0771484375
2419 -0.013671875
2420 -0.0537109375
2421 -0.23828125
2422 -0.1591796875
2423 -0.0830078125
2424 -0.1015625
2425 -0.2490234375
2426 -0.1103515625
2427 -0.03125
2428 -0.0517578125
2429 -0.1298828125
2430 -0.015625
2431 0.052734375
2432 0.013671875
2433 -0.12109375
2434 -0.0849609375
2435 -0.01953125
2436 -0.05078125
2437 -0.1708984375
2438 -0.087890625
2439 -0.0224609375
2440 -0.052734375
2441 -0.1591796875
2442 -0.078125
2443 -0.01171875
2444 -0.044921875
2445 -0.166015625
2446 -0.0439453125
2447 0.0263671875
2448 -0.0068359375
2449 -0.0986328125
2450 0.0166015625
2451 0.080078125
2452 0.033203125
2453 -0.0283203125
2454 0.0732421875
2455 0.130859375
2456 0.0732421875
2457 -0.0205078125
2458 0.0234375
2459 0.07421875
2460 0.017578125
2461 -0.1123046875
2462 -0.0009765625
2463 0.0615234375
2464 0.0185546875
2465 -0.12109375
2466 -0.0810546875
2467 -0.017578125
2468 -0.0478515625
2469 -0.1650390625
2470 -0.080078125
2471 -0.015625
2472 -0.044921875
2473 -0.162109375
2474 -0.0771484375
2475 -0.0126953125
2476 -0.0458984375
2477 -0.1884765625
2478 -0.0634765625
2479 0.0126953125
2480 -0.0185546875
2481 -0.07421875
2482 0.0380859375
2483 0.1015625
2484 0.05078125
2485 -0.04296875
2486 0.0048828125
2487 0.0595703125
2488 0.0068359375
2489 -0.1259765625
2490 -0.009765625
2491 0.0576171875
2492 0.015625
2493 -0.123046875
2494 -0.08203125
2495 -0.0146484375
2496 -0.0478515625
2497 -0.162109375
2498 -0.0771484375
2499 -0.0087890625
2500 -0.04296875
2501 -0.158203125
2502 -0.07421875
2503 -0.005859375
2504 -0.0400390625
2505 -0.1845703125
2506 -0.056640625
2507 0.0185546875
2508 -0.0126953125
2509 -0.0673828125
2510 0.041015625
2511 0.10546875
2512 0.0556640625
2513 -0.0390625
2514 0.0107421875
2515 0.0634765625
2516 0.013671875
2517 -0.1181640625
2518 -0.001953125
2519 0.0615234375
2520 0.021484375
2521 -0.1171875
2522 -0.0791015625
2523 -0.009765625
2524 -0.04296875
2525 -0.1572265625
2526 -0.0732421875
2527 -0.005859375
2528 -0.037109375
2529 -0.150390625
2530 -0.0673828125
2531 -0.001953125
2532 -0.03515625
2533 -0.1806640625
2534 -0.0517578125
2535 0.0234375
2536 -0.0078125
2537 -0.0625
2538 0.0478515625
2539 0.1103515625
2540 0.0625
2541 -0.0341796875
2542 0.0146484375
2543 0.0703125
2544 0.015625
2545 -0.115234375
2546 0.0009765625
2547 0.06640625
2548 0.0224609375
2549 -0.115234375
2550 -0.076171875
2551 -0.005859375
2552 -0.0390625
2553 -0.154296875
2554 -0.0693359375
2555 -0.0009765625
2556 -0.033203125
2557 -0.1494140625
2558 -0.064453125
2559 0.0
2560 -0.03125
2561 -0.173828125
2562 -0.046875
2563 0.02734375
2564 -0.0029296875
2565 -0.0576171875
2566 0.0517578125
2567 0.115234375
2568 0.064453125
2569 -0.0283203125
2570 0.0185546875
2571 0.0732421875
2572 0.0205078125
2573 -0.107421875
2574 0.0048828125
2575 0.0673828125
2576 0.0302734375
2577 -0.109375
2578 -0.0712890625
2579 -0.0048828125
2580 -0.0322265625
2581 -0.1494140625
2582 -0.064453125
2583 0.0009765625
2584 -0.0283203125
2585 -0.14453125
2586 -0.060546875
2587 0.0048828125
2588 -0.02734375
2589 -0.1708984375
2590 -0.044921875
2591 0.0283203125
2592 0.0009765625
2593 -0.0556640625
2594 0.0546875
2595 0.1171875
2596 0.0673828125
2597 -0.025390625
2598 0.0205078125
2599 0.0751953125
2600 0.0224609375
2601 -0.109375
2602 0.0068359375
2603 0.0703125
2604 0.03125
2605 -0.109375
2606 -0.068359375
2607 -0.001953125
2608 -0.033203125
2609 -0.1474609375
2610 -0.0615234375
2611 0.005859375
2612 -0.02734375
2613 -0.14453125
2614 -0.05859375
2615 0.009765625
2616 -0.025390625
2617 -0.169921875
2618 -0.0439453125
2619 0.0341796875
2620 0.0009765625
2621 -0.0537109375
2622 0.0576171875
2623 0.12109375
2624 0.0703125
2625 -0.025390625
2626 0.0244140625
2627 0.078125
2628 0.0263671875
2629 -0.1064453125
2630 0.0107421875
2631 0.0751953125
2632 0.0341796875
2633 -0.1044921875
2634 -0.064453125
2635 0.0029296875
2636 -0.0302734375
2637 -0.14453125
2638 -0.0595703125
2639 0.0068359375
2640 -0.025390625
2641 -0.1396484375
2642 -0.056640625
2643 0.009765625
2644 -0.0244140625
2645 -0.1669921875
2646 -0.041015625
2647 0.0322265625
2648 0.00390625
2649 -0.05078125
2650 0.05859375
2651 0.1201171875
2652 0.0712890625
2653 -0.0234375
2654 0.025390625
2655 0.0771484375
2656 0.0283203125
2657 -0.10546875
2658 0.01171875
2659 0.076171875
2660 0.0361328125
2661 -0.1044921875
2662 -0.0654296875
2663 0.0029296875
2664 -0.0283203125
2665 -0.142578125
2666 -0.0576171875
2667 0.009765625
2668 -0.0234375
2669 -0.138671875
2670 -0.052734375
2671 0.013671875
2672 -0.0205078125
2673 -0.1669921875
2674 -0.0361328125
2675 0.0380859375
2676 0.0078125
2677 -0.05078125
2678 0.0615234375
2679 0.125
2680 0.0751953125
2681 -0.01953125
2682 0.0283203125
2683 0.0830078125
2684 0.0283203125
2685 -0.099609375
2686 0.0146484375
2687 0.0810546875
2688 0.0380859375
2689 -0.099609375
2690 -0.0595703125
2691 0.0107421875
2692 -0.025390625
2693 -0.140625
2694 -0.0546875
2695 0.01171875
2696 -0.0205078125
2697 -0.13671875
2698 -0.0517578125
2699 0.01171875
2700 -0.01953125
2701 -0.1650390625
2702 -0.037109375
2703 0.03515625
2704 0.0078125
2705 -0.048828125
2706 0.0625
2707 0.1259765625
2708 0.0751953125
2709 -0.01953125
2710 0.029296875
2711 0.08203125
2712 0.03125
2713 -0.0986328125
2714 0.0166015625
2715 0.0810546875
2716 0.0390625
2717 -0.099609375
2718 -0.0595703125
2719 0.0078125
2720 -0.0244140625
2721 -0.1396484375
2722 -0.052734375
2723 0.013671875
2724 -0.0185546875
2725 -0.13671875
2726 -0.05078125
2727 0.0146484375
2728 -0.01953125
2729 -0.1640625
2730 -0.03515625
2731 0.041015625
2732 0.0078125
2733 -0.048828125
2734 0.0634765625
2735 0.12890625
2736 0.0771484375
2737 -0.01953125
2738 0.0322265625
2739 0.0869140625
2740 0.03125
2741 -0.1005859375
2742 0.017578125
2743 0.083984375
2744 0.0390625
2745 -0.1015625
2746 -0.0576171875
2747 0.009765625
2748 -0.0244140625
2749 -0.138671875
2750 -0.0537109375
2751 0.0146484375
2752 -0.0205078125
2753 -0.1357421875
2754 -0.0517578125
2755 0.017578125
2756 -0.0185546875
2757 -0.166015625
2758 -0.03515625
2759 0.044921875
2760 0.0078125
2761 -0.05078125
2762 0.0654296875
2763 0.134765625
2764 0.0771484375
2765 -0.0205078125
2766 0.033203125
2767 0.0908203125
2768 0.03125
2769 -0.1044921875
2770 0.017578125
2771 0.0888671875
2772 0.0380859375
2773 -0.1025390625
2774 -0.05859375
2775 0.0146484375
2776 -0.025390625
2777 -0.1435546875
2778 -0.052734375
2779 0.0224609375
2780 -0.01953125
2781 -0.13671875
2782 -0.048828125
2783 0.0224609375
2784 -0.0185546875
2785 -0.166015625
2786 -0.033203125
2787 0.0478515625
2788 0.009765625
2789 -0.0517578125
2790 0.06640625
2791 0.134765625
2792 0.0771484375
2793 -0.0205078125
2794 0.033203125
2795 0.0888671875
2796 0.0322265625
2797 -0.1025390625
2798 0.017578125
2799 0.0869140625
2800 0.0400390625
2801 -0.0986328125
2802 -0.056640625
2803 0.0146484375
2804 -0.0234375
2805 -0.1396484375
2806 -0.0517578125
2807 0.01953125
2808 -0.017578125
2809 -0.1357421875
2810 -0.046875
2811 0.021484375
2812 -0.017578125
2813 -0.166015625
2814 -0.0322265625
2815 0.044921875
2816 0.0107421875
2817 -0.0478515625
2818 0.0654296875
2819 0.134765625
2820 0.078125
2821 -0.017578125
2822 0.033203125
2823 0.08984375
2824 0.033203125
2825 -0.1025390625
2826 0.0185546875
2827 0.0888671875
2828 0.0400390625
2829 -0.09765625
2830 -0.056640625
2831 0.015625
2832 -0.0224609375
2833 -0.140625
2834 -0.0517578125
2835 0.0205078125
2836 -0.0185546875
2837 -0.134765625
2838 -0.046875
2839 0.01953125
2840 -0.015625
2841 -0.1640625
2842 -0.0302734375
2843 0.044921875
2844 0.01171875
2845 -0.044921875
2846 0.06640625
2847 0.1318359375
2848 0.0791015625
2849 -0.015625
2850 0.0341796875
2851 0.08984375
2852 0.0361328125
2853 -0.0986328125
2854 0.01953125
2855 0.0859375
2856 0.04296875
2857 -0.0986328125
2858 -0.0556640625
2859 0.0126953125
2860 -0.0205078125
2861 -0.1396484375
2862 -0.0498046875
2863 0.0185546875
2864 -0.0166015625
2865 -0.1337890625
2866 -0.0478515625
2867 0.021484375
2868 -0.015625
2869 -0.16015625
2870 -0.0322265625
2871 0.0439453125
2872 0.01171875
2873 -0.0458984375
2874 0.0673828125
2875 0.1357421875
2876 0.0810546875
2877 -0.0146484375
2878 0.03515625
2879 0.091796875
2880 0.03515625
2881 -0.0986328125
2882 0.0205078125
2883 0.0869140625
2884 0.0419921875
2885 -0.0966796875
2886 -0.0537109375
2887 0.0126953125
2888 -0.01953125
2889 -0.140625
2890 -0.0498046875
2891 0.01953125
2892 -0.017578125
2893 -0.1337890625
2894 -0.0458984375
2895 0.021484375
2896 -0.015625
2897 -0.15625
2898 -0.029296875
2899 0.0478515625
2900 0.0146484375
2901 -0.0419921875
2902 0.0693359375
2903 0.1328125
2904 0.0810546875
2905 -0.0126953125
2906 0.037109375
2907 0.08984375
2908 0.0380859375
2909 -0.091796875
2910 0.0244140625
2911 0.0869140625
2912 0.044921875
2913 -0.091796875
2914 -0.052734375
2915 0.0146484375
2916 -0.0185546875
2917 -0.1337890625
2918 -0.048828125
2919 0.0205078125
2920 -0.0166015625
2921 -0.130859375
2922 -0.0458984375
2923 0.0234375
2924 -0.015625
2925 -0.158203125
2926 -0.0283203125
2927 0.046875
2928 0.0126953125
2929 -0.04296875
2930 0.068359375
2931 0.1337890625
2932 0.0830078125
2933 -0.013671875
2934 0.03515625
2935 0.087890625
2936 0.03515625
2937 -0.09375
2938 0.0205078125
2939 0.0869140625
2940 0.0439453125
2941 -0.091796875
2942 -0.0546875
2943 0.013671875
2944 -0.0185546875
2945 -0.1328125
2946 -0.048828125
2947 0.017578125
2948 -0.0146484375
2949 -0.130859375
2950 -0.0439453125
2951 0.01953125
2952 -0.0126953125
2953 -0.15625
2954 -0.0283203125
2955 0.0458984375
2956 0.0166015625
2957 -0.041015625
2958 0.0693359375
2959 0.1328125
2960 0.083984375
2961 -0.0107421875
2962 0.0361328125
2963 0.08984375
2964 0.0361328125
2965 -0.091796875
2966 0.0224609375
2967 0.0888671875
2968 0.044921875
2969 -0.0927734375
2970 -0.052734375
2971 0.0146484375
2972 -0.0166015625
2973 -0.1337890625
2974 -0.046875
2975 0.017578125
2976 -0.0126953125
2977 -0.130859375
2978 -0.0439453125
2979 0.01953125
2980 -0.0146484375
2981 -0.1591796875
2982 -0.03125
2983 0.0458984375
2984 0.0126953125
2985 -0.04296875
2986 0.068359375
2987 0.134765625
2988 0.080078125
2989 -0.0146484375
2990 0.03515625
2991 0.0908203125
2992 0.03515625
2993 -0.0986328125
2994 0.0205078125
2995 0.087890625
2996 0.0439453125
2997 -0.09765625
2998 -0.0537109375
2999 0.015625
3000 -0.01953125
3001 -0.1357421875
3002 -0.048828125
3003 0.021484375
3004 -0.015625
3005 -0.130859375
3006 -0.0478515625
3007 0.0205078125
3008 -0.013671875
3009 -0.154296875
3010 -0.0283203125
3011 0.0458984375
3012 0.015625
3013 -0.041015625
3014 0.0693359375
3015 0.1328125
3016 0.0830078125
3017 -0.01171875
3018 0.037109375
3019 0.08984375
3020 0.0380859375
3021 -0.091796875
3022 0.0224609375
3023 0.0849609375
3024 0.0458984375
3025 -0.091796875
3026 -0.0537109375
3027 0.0126953125
3028 -0.0185546875
3029 -0.1328125
3030 -0.0498046875
3031 0.017578125
3032 -0.0126953125
3033 -0.1279296875
3034 -0.0478515625
3035 0.017578125
3036 -0.013671875
3037 -0.1552734375
3038 -0.0302734375
3039 0.0419921875
3040 0.015625
3041 -0.0390625
3042 0.0693359375
3043 0.1298828125
3044 0.0830078125
3045 -0.0107421875
3046 0.03515625
3047 0.0849609375
3048 0.0380859375
3049 -0.09375
3050 0.01953125
3051 0.0859375
3052 0.044921875
3053 -0.0947265625
3054 -0.0546875
3055 0.0166015625
3056 -0.017578125
3057 -0.1357421875
3058 -0.048828125
3059 0.0234375
3060 -0.015625
3061 -0.1318359375
3062 -0.0439453125
3063 0.0244140625
3064 -0.015625
3065 -0.16015625
3066 -0.0283203125
3067 0.048828125
3068 0.0146484375
3069 -0.04296875
3070 0.072265625
3071 0.134765625
3072 0.0810546875
3073 -0.0126953125
3074 0.037109375
3075 0.0927734375
3076 0.037109375
3077 -0.095703125
3078 0.0224609375
3079 0.0908203125
3080 0.044921875
3081 -0.09375
3082 -0.0546875
3083 0.0166015625
3084 -0.0205078125
3085 -0.138671875
3086 -0.0478515625
3087 0.0244140625
3088 -0.0146484375
3089 -0.1337890625
3090 -0.0439453125
3091 0.025390625
3092 -0.0146484375
3093 -0.162109375
3094 -0.029296875
3095 0.05078125
3096 0.0146484375
3097 -0.046875
3098 0.0693359375
3099 0.138671875
3100 0.0810546875
3101 -0.0126953125
3102 0.037109375
3103 0.091796875
3104 0.037109375
3105 -0.095703125
3106 0.021484375
3107 0.087890625
3108 0.0458984375
3109 -0.0947265625
3110 -0.052734375
3111 0.013671875
3112 -0.0185546875
3113 -0.134765625
3114 -0.0478515625
3115 0.0224609375
3116 -0.013671875
3117 -0.1298828125
3118 -0.04296875
3119 0.0224609375
3120 -0.013671875
3121 -0.154296875
3122 -0.02734375
3123 0.0478515625
3124 0.015625
3125 -0.0419921875
3126 0.0712890625
3127 0.1337890625
3128 0.0830078125
3129 -0.01171875
3130 0.037109375
3131 0.0888671875
3132 0.0380859375
3133 -0.09375
3134 0.0224609375
3135 0.087890625
3136 0.0478515625
3137 -0.0908203125
3138 -0.0498046875
3139 0.017578125
3140 -0.0146484375
3141 -0.1337890625
3142 -0.046875
3143 0.0234375
3144 -0.0146484375
3145 -0.1298828125
3146 -0.0439453125
3147 0.02734375
3148 -0.0126953125
3149 -0.16015625
3150 -0.0283203125
3151 0.05078125
3152 0.013671875
3153 -0.044921875
3154 0.0712890625
3155 0.138671875
3156 0.0810546875
3157 -0.0146484375
3158 0.0380859375
3159 0.09375
3160 0.037109375
3161 -0.0986328125
3162 0.0234375
3163 0.091796875
3164 0.044921875
3165 -0.091796875
3166 -0.05078125
3167 0.01953125
3168 -0.0185546875
3169 -0.1357421875
3170 -0.0478515625
3171 0.025390625
3172 -0.0146484375
3173 -0.130859375
3174 -0.04296875
3175 0.025390625
3176 -0.0126953125
3177 -0.1630859375
3178 -0.0283203125
3179 0.0498046875
3180 0.0126953125
3181 -0.044921875
3182 0.0703125
3183 0.1357421875
3184 0.08203125
3185 -0.0146484375
3186 0.037109375
3187 0.0927734375
3188 0.0361328125
3189 -0.0966796875
3190 0.021484375
3191 0.0908203125
3192 0.0439453125
3193 -0.0927734375
3194 -0.05078125
3195 0.0205078125
3196 -0.0185546875
3197 -0.1357421875
3198 -0.0458984375
3199 0.0234375
3200 -0.0126953125
3201 -0.1328125
3202 -0.0419921875
3203 0.0244140625
3204 -0.0126953125
3205 -0.1611328125
3206 -0.0283203125
3207 0.0498046875
3208 0.0146484375
3209 -0.044921875
3210 0.0712890625
3211 0.138671875
3212 0.0830078125
3213 -0.013671875
3214 0.0380859375
3215 0.09375
3216 0.037109375
3217 -0.0966796875
3218 0.021484375
3219 0.08984375
3220 0.044921875
3221 -0.095703125
3222 -0.0537109375
3223 0.0166015625
3224 -0.017578125
3225 -0.1357421875
3226 -0.0478515625
3227 0.0224609375
3228 -0.0146484375
3229 -0.1328125
3230 -0.0439453125
3231 0.0244140625
3232 -0.0126953125
3233 -0.158203125
3234 -0.0283203125
3235 0.0478515625
3236 0.0146484375
3237 -0.04296875
3238 0.0712890625
3239 0.138671875
3240 0.0830078125
3241 -0.0126953125
3242 0.0380859375
3243 0.0947265625
3244 0.0380859375
3245 -0.095703125
3246 0.0224609375
3247 0.0888671875
3248 0.0458984375
3249 -0.0927734375
3250 -0.05078125
3251 0.0166015625
3252 -0.0166015625
3253 -0.1337890625
3254 -0.0458984375
3255 0.021484375
3256 -0.01171875
3257 -0.12890625
3258 -0.0439453125
3259 0.025390625
3260 -0.01171875
3261 -0.158203125
3262 -0.029296875
3263 0.05078125
3264 0.015625
3265 -0.0400390625
3266 0.0712890625
3267 0.1357421875
3268 0.0830078125
3269 -0.013671875
3270 0.037109375
3271 0.091796875
3272 0.037109375
3273 -0.0966796875
3274 0.0224609375
3275 0.087890625
3276 0.044921875
3277 -0.0947265625
3278 -0.052734375
3279 0.0146484375
3280 -0.017578125
3281 -0.1337890625
3282 -0.0478515625
3283 0.0205078125
3284 -0.013671875
3285 -0.1259765625
3286 -0.0400390625
3287 0.0244140625
3288 -0.009765625
3289 -0.1318359375
3290 -0.0078125
3291 0.0634765625
3292 0.029296875
3293 -0.083984375
3294 -0.03515625
3295 0.02734375
3296 -0.0068359375
3297 -0.1669921875
3298 -0.0927734375
3299 -0.015625
3300 -0.0400390625
3301 -0.13671875
3302 -0.046875
3303 0.0234375
3304 -0.01171875
3305 -0.1787109375
3306 -0.1142578125
3307 -0.0283203125
3308 -0.0498046875
3309 -0.20703125
3310 -0.126953125
3311 -0.0390625
3312 -0.0576171875
3313 -0.1630859375
3314 -0.0654296875
3315 0.0087890625
3316 -0.021484375
3317 -0.119140625
3318 -0.029296875
3319 0.0390625
3320 0.0009765625
3321 -0.1103515625
3322 0.013671875
3323 0.0849609375
3324 0.0439453125
3325 -0.0771484375
3326 -0.033203125
3327 0.0341796875
3328 -0.0009765625
3329 -0.1171875
3330 -0.03125
3331 0.0400390625
3332 0.001953125
3333 -0.119140625
3334 -0.0302734375
3335 0.0380859375
3336 0.0
3337 -0.107421875
3338 -0.0224609375
3339 0.0458984375
3340 0.0068359375
3341 -0.09375
3342 -0.015625
3343 0.0498046875
3344 0.0146484375
3345 -0.1142578125
3346 -0.0283203125
3347 0.0341796875
3348 0.0009765625
3349 -0.1875
3350 -0.111328125
3351 -0.03125
3352 -0.048828125
3353 -0.2060546875
3354 -0.1328125
3355 -0.0556640625
3356 -0.0478515625
3357 -0.1396484375
3358 -0.0673828125
3359 -0.01171875
3360 -0.0126953125
3361 -0.1435546875
3362 -0.0712890625
3363 -0.0146484375
3364 -0.0166015625
3365 -0.15625
3366 -0.0419921875
3367 0.01953125
3368 0.0224609375
3369 -0.048828125
3370 0.0439453125
3371 0.09765625
3372 0.080078125
3373 0.0302734375
3374 0.11328125
3375 0.15625
3376 0.1240234375
3377 0.0478515625
3378 0.064453125
3379 0.1025390625
3380 0.072265625
3381 -0.0224609375
3382 0.0283203125
3383 0.0693359375
3384 0.0458984375
3385 -0.0576171875
3386 0.0068359375
3387 0.044921875
3388 0.02734375
3389 -0.076171875
3390 -0.0126953125
3391 0.0302734375
3392 0.015625
3393 -0.0986328125
3394 0.001953125
3395 0.0556640625
3396 0.0439453125
3397 -0.1025390625
3398 -0.076171875
3399 -0.0166015625
3400 -0.01953125
3401 -0.197265625
3402 -0.1376953125
3403 -0.0654296875
3404 -0.0537109375
3405 -0.1572265625
3406 -0.078125
3407 -0.0205078125
3408 -0.0205078125
3409 -0.1630859375
3410 -0.0859375
3411 -0.02734375
3412 -0.0234375
3413 -0.1552734375
3414 -0.0400390625
3415 0.0224609375
3416 0.0224609375
3417 -0.0576171875
3418 0.0361328125
3419 0.0888671875
3420 0.0732421875
3421 -0.005859375
3422 0.080078125
3423 0.125
3424 0.103515625
3425 0.0205078125
3426 0.1015625
3427 0.1416015625
3428 0.115234375
3429 0.025390625
3430 0.1044921875
3431 0.1435546875
3432 0.1162109375
3433 0.0166015625
3434 0.0966796875
3435 0.1376953125
3436 0.1083984375
3437 0.001953125
3438 0.083984375
3439 0.1259765625
3440 0.099609375
3441 0.0390625
3442 0.1181640625
3443 0.158203125
3444 0.1220703125
3445 0.017578125
3446 0.033203125
3447 0.0693359375
3448 0.0439453125
3449 -0.0654296875
3450 -0.009765625
3451 0.033203125
3452 0.017578125
3453 -0.125
3454 -0.0595703125
3455 -0.0078125
3456 -0.0146484375
3457 -0.146484375
3458 -0.03515625
3459 0.0244140625
3460 0.0185546875
3461 -0.0634765625
3462 0.029296875
3463 0.080078125
3464 0.0625
3465 -0.025390625
3466 0.05859375
3467 0.1044921875
3468 0.0810546875
3469 -0.0205078125
3470 0.0615234375
3471 0.1044921875
3472 0.0849609375
3473 -0.0263671875
3474 0.056640625
3475 0.099609375
3476 0.078125
3477 0.0166015625
3478 0.095703125
3479 0.130859375
3480 0.103515625
3481 -0.021484375
3482 -0.0029296875
3483 0.03515625
3484 0.0185546875
3485 -0.1396484375
3486 -0.0361328125
3487 0.01953125
3488 0.0146484375
3489 -0.0947265625
3490 -0.072265625
3491 -0.01953125
3492 -0.0224609375
3493 -0.12109375
3494 -0.017578125
3495 0.0380859375
3496 0.0302734375
3497 -0.0625
3498 -0.0595703125
3499 -0.0048828125
3500 -0.01171875
3501 -0.1005859375
3502 0.0009765625
3503 0.0517578125
3504 0.041015625
3505 -0.048828125
3506 -0.0244140625
3507 0.0205078125
3508 0.0068359375
3509 -0.0869140625
3510 -0.029296875
3511 0.017578125
3512 0.0048828125
3513 -0.1357421875
3514 -0.0712890625
3515 -0.0185546875
3516 -0.0234375
3517 -0.1552734375
3518 -0.0849609375
3519 -0.029296875
3520 -0.0283203125
3521 -0.181640625
3522 -0.0673828125
3523 -0.0029296875
3524 0.0009765625
3525 -0.0859375
3526 0.0107421875
3527 0.0625
3528 0.0517578125
3529 -0.0390625
3530 0.048828125
3531 0.095703125
3532 0.0751953125
3533 -0.0107421875
3534 0.0703125
3535 0.11328125
3536 0.0908203125
3537 0.0068359375
3538 0.0859375
3539 0.126953125
3540 0.099609375
3541 0.0087890625
3542 0.087890625
3543 0.1279296875
3544 0.099609375
3545 -0.0009765625
3546 0.078125
3547 0.119140625
3548 0.0908203125
3549 -0.0205078125
3550 0.060546875
3551 0.1044921875
3552 0.0771484375
3553 0.0048828125
3554 0.0830078125
3555 0.12109375
3556 0.091796875
3557 -0.037109375
3558 -0.021484375
3559 0.021484375
3560 0.005859375
3561 -0.09375
3562 0.0029296875
3563 0.05078125
3564 0.0380859375
3565 -0.0126953125
3566 0.072265625
3567 0.1123046875
3568 0.0869140625
3569 0.03515625
3570 0.1123046875
3571 0.1474609375
3572 0.1142578125
3573 0.056640625
3574 0.12890625
3575 0.1611328125
3576 0.1240234375
3577 0.0234375
3578 0.0380859375
3579 0.0712890625
3580 0.0400390625
3581 -0.080078125
3582 -0.0283203125
3583 0.015625
3584 -0.00390625
3585 -0.1240234375
3586 -0.060546875
3587 -0.0126953125
3588 -0.0244140625
3589 -0.1376953125
3590 -0.076171875
3591 -0.0244140625
3592 -0.03125
3593 -0.1455078125
3594 -0.0771484375
3595 -0.0244140625
3596 -0.03125
3597 -0.1455078125
3598 -0.083984375
3599 -0.03125
3600 -0.0341796875
3601 -0.173828125
3602 -0.103515625
3603 -0.0439453125
3604 -0.046875
3605 -0.150390625
3606 -0.041015625
3607 0.0166015625
3608 0.0087890625
3609 -0.1201171875
3610 -0.0927734375
3611 -0.03515625
3612 -0.0380859375
3613 -0.1357421875
3614 -0.0703125
3615 -0.017578125
3616 -0.0224609375
3617 -0.126953125
3618 -0.056640625
3619 -0.0107421875
3620 -0.0185546875
3621 -0.1318359375
3622 -0.0625
3623 -0.0126953125
3624 -0.0205078125
3625 -0.173828125
3626 -0.060546875
3627 0.0009765625
3628 0.0
3629 -0.0673828125
3630 0.02734375
3631 0.0771484375
3632 0.05859375
3633 -0.0693359375
3634 0.0224609375
3635 0.0703125
3636 0.0537109375
3637 -0.0908203125
3638 -0.0703125
3639 -0.0166015625
3640 -0.021484375
3641 -0.1884765625
3642 -0.1142578125
3643 -0.0478515625
3644 -0.0458984375
3645 -0.1513671875
3646 -0.076171875
3647 -0.021484375
3648 -0.0263671875
3649 -0.111328125
3650 -0.0078125
3651 0.0478515625
3652 0.037109375
3653 -0.0546875
3654 -0.052734375
3655 0.001953125
3656 -0.0048828125
3657 -0.1171875
3658 -0.0126953125
3659 0.0400390625
3660 0.033203125
3661 -0.0615234375
3662 0.029296875
3663 0.0791015625
3664 0.064453125
3665 -0.0380859375
3666 -0.0166015625
3667 0.02734375
3668 0.013671875
3669 -0.1064453125
3670 -0.005859375
3671 0.0458984375
3672 0.0361328125
3673 -0.103515625
3674 -0.0771484375
3675 -0.021484375
3676 -0.0263671875
3677 -0.2099609375
3678 -0.130859375
3679 -0.0634765625
3680 -0.052734375
3681 -0.1630859375
3682 -0.0869140625
3683 -0.03125
3684 -0.02734375
3685 -0.1650390625
3686 -0.0869140625
3687 -0.0302734375
3688 -0.0283203125
3689 -0.19140625
3690 -0.0703125
3691 -0.00390625
3692 0.0
3693 -0.0537109375
3694 0.04296875
3695 0.091796875
3696 0.072265625
3697 -0.00390625
3698 0.080078125
3699 0.1259765625
3700 0.099609375
3701 0.00390625
3702 0.0859375
3703 0.1279296875
3704 0.1025390625
3705 0.0390625
3706 0.119140625
3707 0.15625
3708 0.1220703125
3709 0.0322265625
3710 0.046875
3711 0.08203125
3712 0.0537109375
3713 -0.044921875
3714 0.009765625
3715 0.05078125
3716 0.029296875
3717 -0.076171875
3718 -0.017578125
3719 0.025390625
3720 0.009765625
3721 -0.1591796875
3722 -0.05078125
3723 0.0087890625
3724 0.0068359375
3725 -0.138671875
3726 -0.1064453125
3727 -0.0458984375
3728 -0.0400390625
3729 -0.2158203125
3730 -0.08984375
3731 -0.0185546875
3732 -0.0087890625
3733 -0.0634765625
3734 0.033203125
3735 0.08203125
3736 0.064453125
3737 -0.0087890625
3738 0.0751953125
3739 0.1201171875
3740 0.09375
3741 0.005859375
3742 0.0869140625
3743 0.1279296875
3744 0.1005859375
3745 0.05078125
3746 0.12890625
3747 0.1640625
3748 0.1279296875
3749 0.0185546875
3750 0.0341796875
3751 0.0693359375
3752 0.0439453125
3753 -0.1376953125
3754 -0.0830078125
3755 -0.0283203125
3756 -0.0302734375
3757 -0.1337890625
3758 -0.068359375
3759 -0.013671875
3760 -0.021484375
3761 -0.1611328125
3762 -0.0869140625
3763 -0.03125
3764 -0.0341796875
3765 -0.166015625
3766 -0.0537109375
3767 0.0087890625
3768 0.0078125
3769 -0.080078125
3770 0.0166015625
3771 0.0693359375
3772 0.0546875
3773 -0.0380859375
3774 0.0498046875
3775 0.095703125
3776 0.076171875
3777 -0.013671875
3778 0.068359375
3779 0.1103515625
3780 0.08984375
3781 -0.0029296875
3782 0.0771484375
3783 0.1201171875
3784 0.09375
3785 -0.00390625
3786 0.0751953125
3787 0.1162109375
3788 0.08984375
3789 -0.029296875
3790 0.0537109375
3791 0.0986328125
3792 0.07421875
3793 -0.0166015625
3794 0.0673828125
3795 0.1103515625
3796 0.0830078125
3797 0.0302734375
3798 0.1103515625
3799 0.1484375
3800 0.111328125
3801 0.0595703125
3802 0.134765625
3803 0.1708984375
3804 0.1279296875
3805 0.0419921875
3806 0.060546875
3807 0.0927734375
3808 0.0546875
3809 -0.0712890625
3810 -0.0234375
3811 0.0185546875
3812 0.0
3813 -0.1474609375
3814 -0.0830078125
3815 -0.0263671875
3816 -0.03515625
3817 -0.146484375
3818 -0.037109375
3819 0.017578125
3820 0.0087890625
3821 -0.033203125
3822 0.0576171875
3823 0.1044921875
3824 0.0771484375
3825 0.041015625
3826 0.12109375
3827 0.162109375
3828 0.12109375
3829 0.076171875
3830 0.1494140625
3831 0.185546875
3832 0.1396484375
3833 0.0791015625
3834 0.150390625
3835 0.1826171875
3836 0.1357421875
3837 0.083984375
3838 0.1552734375
3839 0.1884765625
3840 0.138671875
3841 0.0576171875
3842 0.080078125
3843 0.1064453125
3844 0.0654296875
3845 -0.0322265625
3846 0.0517578125
3847 0.0927734375
3848 0.0595703125
3849 -0.0361328125
3850 -0.0146484375
3851 0.0234375
3852 -0.0029296875
3853 -0.107421875
3854 -0.048828125
3855 -0.001953125
3856 -0.021484375
3857 -0.12109375
3858 -0.05859375
3859 -0.0087890625
3860 -0.0283203125
3861 -0.134765625
3862 -0.0712890625
3863 -0.0244140625
3864 -0.037109375
3865 -0.1396484375
3866 -0.0693359375
3867 -0.021484375
3868 -0.0361328125
3869 -0.1806640625
3870 -0.10546875
3871 -0.052734375
3872 -0.0576171875
3873 -0.19921875
3874 -0.12109375
3875 -0.0615234375
3876 -0.0654296875
3877 -0.1904296875
3878 -0.0771484375
3879 -0.009765625
3880 -0.0166015625
3881 -0.0810546875
3882 0.013671875
3883 0.06640625
3884 0.04296875
3885 -0.0283203125
3886 0.0576171875
3887 0.1005859375
3888 0.072265625
3889 0.001953125
3890 0.0830078125
3891 0.123046875
3892 0.0888671875
3893 0.0107421875
3894 0.08984375
3895 0.126953125
3896 0.0927734375
3897 0.0322265625
3898 0.1083984375
3899 0.1455078125
3900 0.1044921875
3901 0.02734375
3902 0.04296875
3903 0.0771484375
3904 0.04296875
3905 -0.056640625
3906 -0.0048828125
3907 0.0341796875
3908 0.0078125
3909 -0.095703125
3910 -0.0341796875
3911 0.0048828125
3912 -0.0146484375
3913 -0.099609375
3914 -0.0029296875
3915 0.044921875
3916 0.0263671875
3917 -0.013671875
3918 0.0703125
3919 0.1123046875
3920 0.0791015625
3921 -0.0205078125
3922 -0.001953125
3923 0.033203125
3924 0.0068359375
3925 -0.1513671875
3926 -0.0478515625
3927 0.0048828125
3928 -0.0048828125
3929 -0.13671875
3930 -0.111328125
3931 -0.0517578125
3932 -0.05859375
3933 -0.162109375
3934 -0.0537109375
3935 0.00390625
3936 -0.00390625
3937 -0.0771484375
3938 0.017578125
3939 0.064453125
3940 0.0439453125
3941 -0.052734375
3942 -0.03125
3943 0.013671875
3944 -0.0087890625
3945 -0.1513671875
3946 -0.0830078125
3947 -0.033203125
3948 -0.044921875
3949 -0.1982421875
3950 -0.1279296875
3951 -0.064453125
3952 -0.06640625
3953 -0.19921875
3954 -0.1220703125
3955 -0.0615234375
3956 -0.0625
3957 -0.1591796875
3958 -0.083984375
3959 -0.029296875
3960 -0.037109375
3961 -0.158203125
3962 -0.048828125
3963 0.0068359375
3964 0.0
3965 -0.1669921875
3966 -0.138671875
3967 -0.0732421875
3968 -0.068359375
3969 -0.18359375
3970 -0.11328125
3971 -0.0478515625
3972 -0.048828125
3973 -0.1298828125
3974 -0.0615234375
3975 -0.0068359375
3976 -0.0185546875
3977 -0.1416015625
3978 -0.0703125
3979 -0.021484375
3980 -0.0283203125
3981 -0.17578125
3982 -0.0615234375
3983 0.0
3984 0.0
3985 -0.0419921875
3986 0.0498046875
3987 0.0966796875
3988 0.0732421875
3989 0.021484375
3990 0.1005859375
3991 0.1396484375
3992 0.107421875
3993 0.001953125
3994 0.0166015625
3995 0.0517578125
3996 0.029296875
3997 -0.091796875
3998 -0.0322265625
3999 -0.017578125
4000 0.0283203125
4001 -0.033203125
4002 0.00390625
4003 0.0126953125
4004 0.052734375
4005 0.0234375
4006 0.05078125
4007 0.052734375
4008 0.0859375
4009 0.0107421875
4010 -0.0302734375
4011 -0.0263671875
4012 0.0126953125
4013 -0.0556640625
4014 -0.052734375
4015 -0.0458984375
4016 -0.0029296875
4017 -0.1025390625
4018 -0.0888671875
4019 -0.0771484375
4020 -0.0283203125
4021 -0.1123046875
4022 -0.05859375
4023 -0.0419921875
4024 0.009765625
4025 -0.0361328125
4026 0.0009765625
4027 0.0107421875
4028 0.0537109375
4029 0.001953125
4030 0.03125
4031 0.0361328125
4032 0.0732421875
4033 0.02734375
4034 0.0498046875
4035 0.052734375
4036 0.0859375
4037 0.0390625
4038 0.05859375
4039 0.060546875
4040 0.08984375
4041 0.0341796875
4042 0.052734375
4043 0.0537109375
4044 0.0869140625
4045 0.0087890625
4046 0.0322265625
4047 0.0341796875
4048 0.0703125
4049 0.017578125
4050 0.0419921875
4051 0.0439453125
4052 0.0771484375
4053 0.0693359375
4054 0.0869140625
4055 0.08203125
4056 0.107421875
4057 0.1005859375
4058 0.111328125
4059 0.10546875
4060 0.125
4061 0.080078125
4062 0.0400390625
4063 0.029296875
4064 0.052734375
4065 -0.0341796875
4066 -0.04296875
4067 -0.04296875
4068 -0.001953125
4069 -0.11328125
4070 -0.1015625
4071 -0.087890625
4072 -0.0380859375
4073 -0.1064453125
4074 -0.056640625
4075 -0.0419921875
4076 0.0078125
4077 0.0107421875
4078 0.0380859375
4079 0.04296875
4080 0.0751953125
4081 0.0849609375
4082 0.1005859375
4083 0.0986328125
4084 0.12109375
4085 0.12109375
4086 0.12890625
4087 0.12109375
4088 0.1396484375
4089 0.1220703125
4090 0.1298828125
4091 0.1181640625
4092 0.1337890625
4093 0.1279296875
4094 0.1328125
4095 0.1220703125
4096 0.1376953125
4097 0.0986328125
4098 0.0595703125
4099 0.0419921875
4100 0.064453125
4101 0.0126953125
4102 0.0322265625
4103 0.03125
4104 0.0615234375
4105 0.0048828125
4106 -0.033203125
4107 -0.0361328125
4108 -0.0029296875
4109 -0.068359375
4110 -0.068359375
4111 -0.0634765625
4112 -0.0234375
4113 -0.08203125
4114 -0.0771484375
4115 -0.0703125
4116 -0.0263671875
4117 -0.099609375
4118 -0.0908203125
4119 -0.0849609375
4120 -0.0361328125
4121 -0.1259765625
4122 -0.1103515625
4123 -0.0986328125
4124 -0.048828125
4125 -0.1083984375
4126 -0.099609375
4127 -0.0888671875
4128 -0.0400390625
4129 -0.0869140625
4130 -0.0791015625
4131 -0.068359375
4132 -0.0263671875
4133 -0.0927734375
4134 -0.0830078125
4135 -0.072265625
4136 -0.0283203125
4137 -0.1474609375
4138 -0.1494140625
4139 -0.126953125
4140 -0.0654296875
4141 -0.126953125
4142 -0.1123046875
4143 -0.0947265625
4144 -0.041015625
4145 -0.1103515625
4146 -0.0927734375
4147 -0.0830078125
4148 -0.0341796875
4149 -0.080078125
4150 -0.0361328125
4151 -0.021484375
4152 0.0234375
4153 -0.0283203125
4154 -0.083984375
4155 -0.0654296875
4156 -0.0205078125
4157 -0.0947265625
4158 -0.046875
4159 -0.0322265625
4160 0.017578125
4161 -0.044921875
4162 -0.0068359375
4163 0.0048828125
4164 0.046875
4165 -0.0166015625
4166 -0.0498046875
4167 -0.044921875
4168 -0.001953125
4169 -0.0791015625
4170 -0.03515625
4171 -0.0234375
4172 0.0224609375
4173 -0.0859375
4174 -0.11328125
4175 -0.09375
4176 -0.0419921875
4177 -0.1767578125
4178 -0.1484375
4179 -0.1201171875
4180 -0.0595703125
4181 -0.138671875
4182 -0.11328125
4183 -0.0966796875
4184 -0.041015625
4185 -0.115234375
4186 -0.0966796875
4187 -0.0810546875
4188 -0.02734375
4189 -0.1357421875
4190 -0.1162109375
4191 -0.0947265625
4192 -0.037109375
4193 -0.1083984375
4194 -0.0908203125
4195 -0.0712890625
4196 -0.0224609375
4197 -0.1015625
4198 -0.08984375
4199 -0.0712890625
4200 -0.0205078125
4201 -0.134765625
4202 -0.1142578125
4203 -0.0888671875
4204 -0.0322265625
4205 -0.103515625
4206 -0.046875
4207 -0.0283203125
4208 0.0244140625
4209 0.029296875
4210 0.0595703125
4211 0.064453125
4212 0.09765625
4213 0.109375
4214 0.1259765625
4215 0.1240234375
4216 0.146484375
4217 0.146484375
4218 0.1552734375
4219 0.1494140625
4220 0.166015625
4221 0.1513671875
4222 0.15625
4223 0.1474609375
4224 0.162109375
4225 0.15625
4226 0.1611328125
4227 0.1484375
4228 0.1650390625
4229 0.1259765625
4230 0.0849609375
4231 0.068359375
4232 0.08984375
4233 0.0361328125
4234 0.05859375
4235 0.0546875
4236 0.0869140625
4237 0.0283203125
4238 -0.009765625
4239 -0.0126953125
4240 0.0224609375
4241 -0.0458984375
4242 -0.0439453125
4243 -0.0400390625
4244 -0.001953125
4245 -0.056640625
4246 -0.0537109375
4247 -0.044921875
4248 -0.005859375
4249 -0.0771484375
4250 -0.0693359375
4251 -0.0615234375
4252 -0.015625
4253 -0.1064453125
4254 -0.0927734375
4255 -0.0791015625
4256 -0.029296875
4257 -0.08984375
4258 -0.0791015625
4259 -0.06640625
4260 -0.0205078125
4261 -0.0693359375
4262 -0.05859375
4263 -0.0498046875
4264 -0.0068359375
4265 -0.072265625
4266 -0.0634765625
4267 -0.0517578125
4268 -0.009765625
4269 -0.123046875
4270 -0.1298828125
4271 -0.10546875
4272 -0.0458984375
4273 -0.10546875
4274 -0.091796875
4275 -0.076171875
4276 -0.0234375
4277 -0.091796875
4278 -0.0771484375
4279 -0.064453125
4280 -0.0166015625
4281 -0.06640625
4282 -0.0205078125
4283 -0.0068359375
4284 0.0380859375
4285 -0.013671875
4286 -0.0693359375
4287 -0.052734375
4288 -0.00390625
4289 -0.0732421875
4290 -0.0263671875
4291 -0.009765625
4292 0.0361328125
4293 -0.0126953125
4294 0.0224609375
4295 0.03125
4296 0.0703125
4297 0.009765625
4298 -0.0263671875
4299 -0.021484375
4300 0.017578125
4301 -0.0634765625
4302 -0.0166015625
4303 -0.0068359375
4304 0.0380859375
4305 -0.0576171875
4306 -0.0849609375
4307 -0.072265625
4308 -0.021484375
4309 -0.1572265625
4310 -0.12890625
4311 -0.1025390625
4312 -0.044921875
4313 -0.12109375
4314 -0.099609375
4315 -0.080078125
4316 -0.02734375
4317 -0.099609375
4318 -0.08203125
4319 -0.06640625
4320 -0.0146484375
4321 -0.123046875
4322 -0.1044921875
4323 -0.0830078125
4324 -0.0263671875
4325 -0.09765625
4326 -0.080078125
4327 -0.064453125
4328 -0.01171875
4329 -0.0947265625
4330 -0.080078125
4331 -0.0654296875
4332 -0.0126953125
4333 -0.1298828125
4334 -0.107421875
4335 -0.083984375
4336 -0.0263671875
4337 -0.095703125
4338 -0.0400390625
4339 -0.0185546875
4340 0.0302734375
4341 0.037109375
4342 0.0673828125
4343 0.0732421875
4344 0.1064453125
4345 0.1181640625
4346 0.134765625
4347 0.1328125
4348 0.1552734375
4349 0.1533203125
4350 0.1630859375
4351 0.1572265625
4352 0.173828125
4353 0.158203125
4354 0.1650390625
4355 0.1533203125
4356 0.1708984375
4357 0.162109375
4358 0.1689453125
4359 0.158203125
4360 0.1708984375
4361 0.1337890625
4362 0.0927734375
4363 0.078125
4364 0.095703125
4365 0.044921875
4366 0.0673828125
4367 0.0634765625
4368 0.09375
4369 0.0361328125
4370 -0.001953125
4371 -0.0048828125
4372 0.0302734375
4373 -0.0380859375
4374 -0.037109375
4375 -0.0341796875
4376 0.0078125
4377 -0.0517578125
4378 -0.048828125
4379 -0.041015625
4380 0.0
4381 -0.0703125
4382 -0.0654296875
4383 -0.0546875
4384 -0.0107421875
4385 -0.099609375
4386 -0.0869140625
4387 -0.0703125
4388 -0.0234375
4389 -0.0830078125
4390 -0.07421875
4391 -0.0634765625
4392 -0.015625
4393 -0.0625
4394 -0.05078125
4395 -0.04296875
4396 -0.0009765625
4397 -0.068359375
4398 -0.0546875
4399 -0.0458984375
4400 -0.00390625
4401 -0.115234375
4402 -0.1240234375
4403 -0.0986328125
4404 -0.041015625
4405 -0.1005859375
4406 -0.0869140625
4407 -0.0693359375
4408 -0.017578125
4409 -0.0849609375
4410 -0.0703125
4411 -0.0595703125
4412 -0.01171875
4413 -0.05859375
4414 -0.013671875
4415 0.0009765625
4416 0.0458984375
4417 -0.0068359375
4418 -0.0615234375
4419 -0.0458984375
4420 0.0009765625
4421 -0.068359375
4422 -0.021484375
4423 -0.0048828125
4424 0.041015625
4425 -0.01171875
4426 0.0234375
4427 0.0341796875
4428 0.0712890625
4429 0.01171875
4430 -0.025390625
4431 -0.0205078125
4432 0.01953125
4433 -0.060546875
4434 -0.0146484375
4435 -0.00390625
4436 0.0419921875
4437 -0.0556640625
4438 -0.0830078125
4439 -0.0703125
4440 -0.0185546875
4441 -0.15234375
4442 -0.1240234375
4443 -0.099609375
4444 -0.041015625
4445 -0.1201171875
4446 -0.0966796875
4447 -0.078125
4448 -0.0263671875
4449 -0.0966796875
4450 -0.0791015625
4451 -0.0625
4452 -0.01171875
4453 -0.119140625
4454 -0.1005859375
4455 -0.0810546875
4456 -0.0234375
4457 -0.0927734375
4458 -0.0771484375
4459 -0.0595703125
4460 -0.0078125
4461 -0.0888671875
4462 -0.07421875
4463 -0.0595703125
4464 -0.0068359375
4465 -0.123046875
4466 -0.1015625
4467 -0.078125
4468 -0.0205078125
4469 -0.091796875
4470 -0.0341796875
4471 -0.017578125
4472 0.0361328125
4473 0.041015625
4474 0.0693359375
4475 0.076171875
4476 0.1103515625
4477 0.1220703125
4478 0.1376953125
4479 0.134765625
4480 0.158203125
4481 0.158203125
4482 0.1650390625
4483 0.1591796875
4484 0.177734375
4485 0.1611328125
4486 0.16796875
4487 0.15625
4488 0.1728515625
4489 0.166015625
4490 0.1728515625
4491 0.1591796875
4492 0.1767578125
4493 0.13671875
4494 0.0947265625
4495 0.0810546875
4496 0.0986328125
4497 0.0498046875
4498 0.0693359375
4499 0.0654296875
4500 0.0966796875
4501 0.0400390625
4502 0.0
4503 -0.0009765625
4504 0.033203125
4505 -0.03515625
4506 -0.033203125
4507 -0.03125
4508 0.0107421875
4509 -0.046875
4510 -0.0419921875
4511 -0.037109375
4512 0.0048828125
4513 -0.0673828125
4514 -0.0615234375
4515 -0.0517578125
4516 -0.005859375
4517 -0.0966796875
4518 -0.0849609375
4519 -0.0673828125
4520 -0.021484375
4521 -0.080078125
4522 -0.072265625
4523 -0.0595703125
4524 -0.0126953125
4525 -0.0615234375
4526 -0.0498046875
4527 -0.0439453125
4528 0.0009765625
4529 -0.0654296875
4530 -0.0537109375
4531 -0.044921875
4532 0.0009765625
4533 -0.115234375
4534 -0.1201171875
4535 -0.0986328125
4536 -0.0400390625
4537 -0.09765625
4538 -0.0859375
4539 -0.06640625
4540 -0.017578125
4541 -0.0830078125
4542 -0.0693359375
4543 -0.0556640625
4544 -0.0087890625
4545 -0.0556640625
4546 -0.01171875
4547 0.0029296875
4548 0.0478515625
4549 -0.0048828125
4550 -0.0595703125
4551 -0.0439453125
4552 0.00390625
4553 -0.0654296875
4554 -0.0185546875
4555 -0.00390625
4556 0.04296875
4557 -0.0068359375
4558 0.0283203125
4559 0.0361328125
4560 0.076171875
4561 0.013671875
4562 -0.0224609375
4563 -0.0185546875
4564 0.0224609375
4565 -0.05859375
4566 -0.0126953125
4567 -0.0029296875
4568 0.044921875
4569 -0.0576171875
4570 -0.083984375
4571 -0.0693359375
4572 -0.017578125
4573 -0.1552734375
4574 -0.1240234375
4575 -0.1015625
4576 -0.0400390625
4577 -0.1181640625
4578 -0.09375
4579 -0.0771484375
4580 -0.021484375
4581 -0.095703125
4582 -0.0771484375
4583 -0.0615234375
4584 -0.0087890625
4585 -0.1142578125
4586 -0.09765625
4587 -0.076171875
4588 -0.01953125
4589 -0.08984375
4590 -0.07421875
4591 -0.0576171875
4592 -0.005859375
4593 -0.0859375
4594 -0.0751953125
4595 -0.0576171875
4596 -0.0048828125
4597 -0.1240234375
4598 -0.1025390625
4599 -0.0791015625
4600 -0.0205078125
4601 -0.08984375
4602 -0.0341796875
4603 -0.015625
4604 0.0380859375
4605 0.0419921875
4606 0.0732421875
4607 0.078125
4608 0.1123046875
4609 0.1240234375
4610 0.1396484375
4611 0.1376953125
4612 0.1591796875
4613 0.16015625
4614 0.1689453125
4615 0.1611328125
4616 0.1787109375
4617 0.1611328125
4618 0.1689453125
4619 0.15625
4620 0.1748046875
4621 0.166015625
4622 0.1728515625
4623 0.1611328125
4624 0.1767578125
4625 0.1376953125
4626 0.09765625
4627 0.08203125
4628 0.1005859375
4629 0.048828125
4630 0.0703125
4631 0.068359375
4632 0.09765625
4633 0.0419921875
4634 0.0009765625
4635 0.0009765625
4636 0.0341796875
4637 -0.0322265625
4638 -0.0341796875
4639 -0.029296875
4640 0.01171875
4641 -0.044921875
4642 -0.0419921875
4643 -0.0361328125
4644 0.0078125
4645 -0.06640625
4646 -0.0595703125
4647 -0.05078125
4648 -0.005859375
4649 -0.09375
4650 -0.08203125
4651 -0.0673828125
4652 -0.017578125
4653 -0.0791015625
4654 -0.0703125
4655 -0.0576171875
4656 -0.0107421875
4657 -0.05859375
4658 -0.048828125
4659 -0.0380859375
4660 0.0029296875
4661 -0.0625
4662 -0.052734375
4663 -0.0439453125
4664 0.0009765625
4665 -0.1181640625
4666 -0.1201171875
4667 -0.09765625
4668 -0.0390625
4669 -0.099609375
4670 -0.0830078125
4671 -0.0673828125
4672 -0.013671875
4673 -0.083984375
4674 -0.06640625
4675 -0.0556640625
4676 -0.0068359375
4677 -0.052734375
4678 -0.0087890625
4679 0.0029296875
4680 0.048828125
4681 -0.0048828125
4682 -0.05859375
4683 -0.0419921875
4684 0.005859375
4685 -0.0634765625
4686 -0.017578125
4687 -0.0029296875
4688 0.044921875
4689 -0.005859375
4690 0.02734375
4691 0.037109375
4692 0.076171875
4693 0.01171875
4694 -0.0224609375
4695 -0.0205078125
4696 0.0224609375
4697 -0.0576171875
4698 -0.0126953125
4699 -0.001953125
4700 0.0458984375
4701 -0.0517578125
4702 -0.0810546875
4703 -0.0654296875
4704 -0.0166015625
4705 -0.150390625
4706 -0.1220703125
4707 -0.095703125
4708 -0.037109375
4709 -0.1181640625
4710 -0.0947265625
4711 -0.0771484375
4712 -0.0224609375
4713 -0.0966796875
4714 -0.078125
4715 -0.0625
4716 -0.0087890625
4717 -0.119140625
4718 -0.0966796875
4719 -0.078125
4720 -0.0224609375
4721 -0.08984375
4722 -0.07421875
4723 -0.0556640625
4724 -0.0048828125
4725 -0.0830078125
4726 -0.072265625
4727 -0.0556640625
4728 -0.0048828125
4729 -0.119140625
4730 -0.0986328125
4731 -0.076171875
4732 -0.0185546875
4733 -0.087890625
4734 -0.033203125
4735 -0.0146484375
4736 0.0400390625
4737 0.0439453125
4738 0.0732421875
4739 0.080078125
4740 0.11328125
4741 0.1240234375
4742 0.1416015625
4743 0.138671875
4744 0.1611328125
4745 0.16015625
4746 0.1689453125
4747 0.162109375
4748 0.1796875
4749 0.1640625
4750 0.169921875
4751 0.1591796875
4752 0.1748046875
4753 0.1669921875
4754 0.1748046875
4755 0.1630859375
4756 0.1796875
4757 0.138671875
4758 0.09765625
4759 0.0810546875
4760 0.1025390625
4761 0.0478515625
4762 0.0693359375
4763 0.068359375
4764 0.095703125
4765 0.041015625
4766 0.0
4767 -0.0009765625
4768 0.033203125
4769 -0.033203125
4770 -0.033203125
4771 -0.0263671875
4772 0.01171875
4773 -0.0458984375
4774 -0.0439453125
4775 -0.0341796875
4776 0.005859375
4777 -0.06640625
4778 -0.0576171875
4779 -0.05078125
4780 -0.0048828125
4781 -0.0947265625
4782 -0.080078125
4783 -0.0654296875
4784 -0.0166015625
4785 -0.0771484375
4786 -0.0693359375
4787 -0.0576171875
4788 -0.0087890625
4789 -0.0576171875
4790 -0.0478515625
4791 -0.0390625
4792 0.00390625
4793 -0.0615234375
4794 -0.052734375
4795 -0.041015625
4796 0.001953125
4797 -0.1123046875
4798 -0.1201171875
4799 -0.095703125
4800 -0.037109375
4801 -0.0966796875
4802 -0.08203125
4803 -0.0654296875
4804 -0.0126953125
4805 -0.0830078125
4806 -0.06640625
4807 -0.056640625
4808 -0.0087890625
4809 -0.0556640625
4810 -0.009765625
4811 0.0029296875
4812 0.0478515625
4813 -0.00390625
4814 -0.060546875
4815 -0.0419921875
4816 0.0029296875
4817 -0.064453125
4818 -0.0185546875
4819 -0.001953125
4820 0.0439453125
4821 -0.005859375
4822 0.029296875
4823 0.0390625
4824 0.0771484375
4825 0.0166015625
4826 -0.01953125
4827 -0.015625
4828 0.025390625
4829 -0.05859375
4830 -0.0107421875
4831 0.0009765625
4832 0.0458984375
4833 -0.05078125
4834 -0.0791015625
4835 -0.064453125
4836 -0.0146484375
4837 -0.1513671875
4838 -0.123046875
4839 -0.0947265625
4840 -0.037109375
4841 -0.115234375
4842 -0.0927734375
4843 -0.07421875
4844 -0.0234375
4845 -0.09375
4846 -0.0771484375
4847 -0.060546875
4848 -0.0078125
4849 -0.115234375
4850 -0.09765625
4851 -0.0751953125
4852 -0.01953125
4853 -0.0888671875
4854 -0.072265625
4855 -0.0546875
4856 -0.00390625
4857 -0.087890625
4858 -0.0751953125
4859 -0.056640625
4860 -0.005859375
4861 -0.125
4862 -0.1025390625
4863 -0.076171875
4864 -0.0205078125
4865 -0.08984375
4866 -0.033203125
4867 -0.01171875
4868 0.0390625
4869 0.0439453125
4870 0.07421875
4871 0.0810546875
4872 0.11328125
4873 0.1240234375
4874 0.142578125
4875 0.1396484375
4876 0.1611328125
4877 0.1611328125
4878 0.169921875
4879 0.1630859375
4880 0.1806640625
4881 0.1650390625
4882 0.1708984375
4883 0.1611328125
4884 0.177734375
4885 0.169921875
4886 0.173828125
4887 0.1640625
4888 0.1787109375
4889 0.140625
4890 0.099609375
4891 0.0849609375
4892 0.1005859375
4893 0.048828125
4894 0.072265625
4895 0.068359375
4896 0.099609375
4897 0.04296875
4898 0.0048828125
4899 0.0
4900 0.0341796875
4901 -0.0341796875
4902 -0.033203125
4903 -0.029296875
4904 0.0126953125
4905 -0.048828125
4906 -0.04296875
4907 -0.0361328125
4908 0.0048828125
4909 -0.0654296875
4910 -0.060546875
4911 -0.0498046875
4912 -0.005859375
4913 -0.0927734375
4914 -0.080078125
4915 -0.0654296875
4916 -0.0166015625
4917 -0.078125
4918 -0.068359375
4919 -0.0576171875
4920 -0.0087890625
4921 -0.056640625
4922 -0.046875
4923 -0.0390625
4924 0.0048828125
4925 -0.0625
4926 -0.052734375
4927 -0.0419921875
4928 0.0009765625
4929 -0.1123046875
4930 -0.119140625
4931 -0.0947265625
4932 -0.037109375
4933 -0.0966796875
4934 -0.08203125
4935 -0.064453125
4936 -0.015625
4937 -0.0810546875
4938 -0.064453125
4939 -0.0556640625
4940 -0.0068359375
4941 -0.0546875
4942 -0.009765625
4943 0.00390625
4944 0.0498046875
4945 -0.0029296875
4946 -0.05859375
4947 -0.041015625
4948 0.0048828125
4949 -0.064453125
4950 -0.017578125
4951 -0.001953125
4952 0.044921875
4953 -0.0078125
4954 0.0263671875
4955 0.037109375
4956 0.0732421875
4957 0.013671875
4958 -0.0234375
4959 -0.017578125
4960 0.0234375
4961 -0.0576171875
4962 -0.01171875
4963 -0.0009765625
4964 0.044921875
4965 -0.0546875
4966 -0.0810546875
4967 -0.06640625
4968 -0.0146484375
4969 -0.15234375
4970 -0.123046875
4971 -0.0966796875
4972 -0.0361328125
4973 -0.1181640625
4974 -0.0947265625
4975 -0.0771484375
4976 -0.0224609375
4977 -0.09375
4978 -0.078125
4979 -0.05859375
4980 -0.0087890625
4981 -0.115234375
4982 -0.0966796875
4983 -0.07421875
4984 -0.01953125
4985 -0.08984375
4986 -0.0712890625
4987 -0.0556640625
4988 -0.00390625
4989 -0.083984375
4990 -0.0712890625
4991 -0.0556640625
4992 -0.0029296875
4993 -0.12109375
4994 -0.0986328125
4995 -0.0751953125
4996 -0.0185546875
4997 -0.087890625
4998 -0.0341796875
4999 -0.0126953125
