x y
0 0.0244140625
1 -0.0908203125
2 -0.0673828125
3 -0.013671875
4 -0.0224609375
5 -0.41796875
6 -0.076171875
7 -0.005859375
8 -0.0341796875
9 -0.15234375
10 -0.0625
11 0.0068359375
12 -0.0234375
13 -0.1337890625
14 -0.0078125
15 0.0654296875
16 0.029296875
17 -0.0810546875
18 -0.0615234375
19 0.0166015625
20 -0.0166015625
21 -0.1435546875
22 -0.0166015625
23 0.0576171875
24 0.0244140625
25 -0.1064453125
26 -0.0625
27 0.0087890625
28 -0.0205078125
29 -0.1376953125
30 -0.0478515625
31 0.021484375
32 -0.0107421875
33 -0.1171875
34 -0.03125
35 0.0361328125
36 -0.0009765625
37 -0.1201171875
38 0.0029296875
39 0.0732421875
40 0.0341796875
41 -0.0537109375
42 0.060546875
43 0.1259765625
44 0.076171875
45 0.0126953125
46 0.1171875
47 0.17578125
48 0.1162109375
49 0.021484375
50 0.0693359375
51 0.1201171875
52 0.0595703125
53 -0.0712890625
54 0.0419921875
55 0.1064453125
56 0.0576171875
57 -0.0810546875
58 -0.0390625
59 0.02734375
60 -0.0087890625
61 -0.126953125
62 -0.0380859375
63 0.029296875
64 -0.009765625
65 -0.1240234375
66 -0.0380859375
67 0.0322265625
68 -0.009765625
69 -0.15234375
70 -0.0234375
71 0.0546875
72 0.0166015625
73 -0.041015625
74 0.0751953125
75 0.1416015625
76 0.083984375
77 -0.0126953125
78 0.041015625
79 0.0986328125
80 0.0390625
81 -0.0947265625
82 0.0244140625
83 0.095703125
84 0.0458984375
85 -0.0927734375
86 -0.048828125
87 0.021484375
88 -0.017578125
89 -0.1337890625
90 -0.044921875
91 0.0283203125
92 -0.013671875
93 -0.12890625
94 -0.041015625
95 0.029296875
96 -0.0107421875
97 -0.15625
98 -0.025390625
99 0.0517578125
100 0.0166015625
101 -0.0439453125
102 0.07421875
103 0.1376953125
104 0.0830078125
105 -0.01171875
106 0.0400390625
107 0.0966796875
108 0.0390625
109 -0.0927734375
110 0.0263671875
111 0.09375
112 0.0458984375
113 -0.0908203125
114 -0.0498046875
115 0.021484375
116 -0.017578125
117 -0.1328125
118 -0.044921875
119 0.025390625
120 -0.013671875
121 -0.1279296875
122 -0.0400390625
123 0.0263671875
124 -0.01171875
125 -0.158203125
126 -0.0263671875
127 0.048828125
128 0.0146484375
129 -0.0439453125
130 0.0712890625
131 0.13671875
132 0.0810546875
133 -0.0107421875
134 0.037109375
135 0.091796875
136 0.037109375
137 -0.0947265625
138 0.0224609375
139 0.091796875
140 0.0439453125
141 -0.09375
142 -0.052734375
143 0.0185546875
144 -0.01953125
145 -0.134765625
146 -0.044921875
147 0.0244140625
148 -0.0146484375
149 -0.12890625
150 -0.0400390625
151 0.0263671875
152 -0.01171875
153 -0.154296875
154 -0.0244140625
155 0.0498046875
156 0.0146484375
157 -0.0400390625
158 0.072265625
159 0.13671875
160 0.0830078125
161 -0.0107421875
162 0.0380859375
163 0.0947265625
164 0.0380859375
165 -0.08984375
166 0.0244140625
167 0.08984375
168 0.046875
169 -0.0908203125
170 -0.0498046875
171 0.0166015625
172 -0.0166015625
173 -0.1337890625
174 -0.0458984375
175 0.0244140625
176 -0.0146484375
177 -0.1298828125
178 -0.04296875
179 0.02734375
180 -0.013671875
181 -0.15625
182 -0.02734375
183 0.0498046875
184 0.0146484375
185 -0.041015625
186 0.0712890625
187 0.13671875
188 0.0830078125
189 -0.0126953125
190 0.037109375
191 0.0927734375
192 0.037109375
193 -0.0927734375
194 0.0234375
195 0.08984375
196 0.0458984375
197 -0.0927734375
198 -0.05078125
199 0.015625
200 -0.017578125
201 -0.1337890625
202 -0.046875
203 0.0224609375
204 -0.0146484375
205 -0.1279296875
206 -0.04296875
207 0.025390625
208 -0.0126953125
209 -0.154296875
210 -0.02734375
211 0.048828125
212 0.0146484375
213 -0.0400390625
214 0.0703125
215 0.134765625
216 0.0830078125
217 -0.01171875
218 0.0380859375
219 0.08984375
220 0.0380859375
221 -0.0947265625
222 0.0244140625
223 0.0888671875
224 0.0458984375
225 -0.0927734375
226 -0.0537109375
227 0.0166015625
228 -0.0205078125
229 -0.1337890625
230 -0.0478515625
231 0.0224609375
232 -0.015625
233 -0.1298828125
234 -0.0439453125
235 0.0244140625
236 -0.013671875
237 -0.158203125
238 -0.02734375
239 0.046875
240 0.0126953125
241 -0.04296875
242 0.0703125
243 0.1357421875
244 0.08203125
245 -0.01171875
246 0.0380859375
247 0.08984375
248 0.037109375
249 -0.0947265625
250 0.021484375
251 0.0888671875
252 0.0439453125
253 -0.091796875
254 -0.0517578125
255 0.015625
256 -0.0185546875
257 -0.130859375
258 -0.046875
259 0.0205078125
260 -0.013671875
261 -0.1259765625
262 -0.0419921875
263 0.021484375
264 -0.0107421875
265 -0.15234375
266 -0.02734375
267 0.044921875
268 0.017578125
269 -0.0400390625
270 0.0693359375
271 0.1328125
272 0.08203125
273 -0.01171875
274 0.0361328125
275 0.08984375
276 0.0361328125
277 -0.0927734375
278 0.0224609375
279 0.0908203125
280 0.0458984375
281 -0.091796875
282 -0.0478515625
283 0.0166015625
284 -0.015625
285 -0.1318359375
286 -0.044921875
287 0.021484375
288 -0.0126953125
289 -0.1259765625
290 -0.0400390625
291 0.025390625
292 -0.0126953125
293 -0.154296875
294 -0.02734375
295 0.0478515625
296 0.0146484375
297 -0.0400390625
298 0.0703125
299 0.1357421875
300 0.0830078125
301 -0.01171875
302 0.0380859375
303 0.0908203125
304 0.0380859375
305 -0.09375
306 0.0234375
307 0.0888671875
308 0.0458984375
309 -0.091796875
310 -0.048828125
311 0.015625
312 -0.0146484375
313 -0.1298828125
314 -0.0458984375
315 0.021484375
316 -0.013671875
317 -0.1259765625
318 -0.04296875
319 0.021484375
320 -0.0126953125
321 -0.1552734375
322 -0.0283203125
323 0.0478515625
324 0.0146484375
325 -0.0419921875
326 0.0693359375
327 0.1328125
328 0.08203125
329 -0.01171875
330 0.0380859375
331 0.08984375
332 0.0380859375
333 -0.0927734375
334 0.0234375
335 0.087890625
336 0.0458984375
337 -0.0927734375
338 -0.05078125
339 0.0185546875
340 -0.017578125
341 -0.130859375
342 -0.046875
343 0.0234375
344 -0.013671875
345 -0.126953125
346 -0.0419921875
347 0.0244140625
348 -0.0126953125
349 -0.15625
350 -0.029296875
351 0.0458984375
352 0.013671875
353 -0.04296875
354 0.0712890625
355 0.134765625
356 0.08203125
357 -0.0107421875
358 0.037109375
359 0.0888671875
360 0.0390625
361 -0.091796875
362 0.0205078125
363 0.0830078125
364 0.044921875
365 -0.091796875
366 -0.0537109375
367 0.0107421875
368 -0.0185546875
369 -0.130859375
370 -0.0478515625
371 0.017578125
372 -0.013671875
373 -0.1259765625
374 -0.04296875
375 0.017578125
376 -0.0107421875
377 -0.1513671875
378 -0.0263671875
379 0.0439453125
380 0.0166015625
381 -0.0380859375
382 0.072265625
383 0.130859375
384 0.0830078125
385 -0.0087890625
386 0.0361328125
387 0.0869140625
388 0.0390625
389 -0.08984375
390 0.0224609375
391 0.0849609375
392 0.0458984375
393 -0.0888671875
394 -0.05078125
395 0.013671875
396 -0.0166015625
397 -0.1298828125
398 -0.046875
399 0.017578125
400 -0.0146484375
401 -0.126953125
402 -0.04296875
403 0.0205078125
404 -0.01171875
405 -0.15234375
406 -0.02734375
407 0.044921875
408 0.0146484375
409 -0.0390625
410 0.0703125
411 0.1318359375
412 0.0830078125
413 -0.009765625
414 0.037109375
415 0.0888671875
416 0.0380859375
417 -0.091796875
418 0.01953125
419 0.0830078125
420 0.044921875
421 -0.0908203125
422 -0.0537109375
423 0.0107421875
424 -0.0166015625
425 -0.1298828125
426 -0.046875
427 0.015625
428 -0.0126953125
429 -0.1259765625
430 -0.0439453125
431 0.017578125
432 -0.01171875
433 -0.1494140625
434 -0.029296875
435 0.0439453125
436 0.0166015625
437 -0.03515625
438 0.0703125
439 0.12890625
440 0.0830078125
441 -0.0087890625
442 0.037109375
443 0.0859375
444 0.0380859375
445 -0.08984375
446 0.0224609375
447 0.083984375
448 0.0458984375
449 -0.0908203125
450 -0.0517578125
451 0.0126953125
452 -0.017578125
453 -0.1298828125
454 -0.048828125
455 0.0185546875
456 -0.013671875
457 -0.1259765625
458 -0.044921875
459 0.021484375
460 -0.0126953125
461 -0.154296875
462 -0.03125
463 0.04296875
464 0.015625
465 -0.0400390625
466 0.068359375
467 0.130859375
468 0.08203125
469 -0.01171875
470 0.03515625
471 0.087890625
472 0.0380859375
473 -0.091796875
474 0.01953125
475 0.083984375
476 0.04296875
477 -0.0908203125
478 -0.0537109375
479 0.013671875
480 -0.0185546875
481 -0.1298828125
482 -0.0478515625
483 0.0185546875
484 -0.013671875
485 -0.125
486 -0.0439453125
487 0.01953125
488 -0.0107421875
489 -0.150390625
490 -0.025390625
491 0.044921875
492 0.017578125
493 -0.037109375
494 0.0712890625
495 0.130859375
496 0.0830078125
497 -0.0087890625
498 0.037109375
499 0.087890625
500 0.0390625
501 -0.0869140625
502 0.0234375
503 0.0869140625
504 0.046875
505 -0.087890625
506 -0.05078125
507 0.017578125
508 -0.0146484375
509 -0.130859375
510 -0.0439453125
511 0.01953125
512 -0.013671875
513 -0.12890625
514 -0.04296875
515 0.0224609375
516 -0.0126953125
517 -0.1533203125
518 -0.0263671875
519 0.044921875
520 0.0146484375
521 -0.0390625
522 0.0703125
523 0.1328125
524 0.0830078125
525 -0.01171875
526 0.0361328125
527 0.0888671875
528 0.037109375
529 -0.08984375
530 0.021484375
531 0.0869140625
532 0.0458984375
533 -0.091796875
534 -0.05078125
535 0.0166015625
536 -0.017578125
537 -0.1328125
538 -0.044921875
539 0.021484375
540 -0.0126953125
541 -0.126953125
542 -0.04296875
543 0.0224609375
544 -0.0126953125
545 -0.154296875
546 -0.02734375
547 0.0478515625
548 0.0166015625
549 -0.041015625
550 0.0693359375
551 0.1337890625
552 0.0830078125
553 -0.0107421875
554 0.037109375
555 0.0888671875
556 0.037109375
557 -0.0927734375
558 0.0244140625
559 0.0859375
560 0.044921875
561 -0.091796875
562 -0.05078125
563 0.013671875
564 -0.0166015625
565 -0.1318359375
566 -0.048828125
567 0.0185546875
568 -0.013671875
569 -0.12890625
570 -0.044921875
571 0.0224609375
572 -0.0126953125
573 -0.1552734375
574 -0.029296875
575 0.0458984375
576 0.0146484375
577 -0.041015625
578 0.0693359375
579 0.1337890625
580 0.0830078125
581 -0.0126953125
582 0.037109375
583 0.0908203125
584 0.037109375
585 -0.0927734375
586 0.0234375
587 0.087890625
588 0.0439453125
589 -0.0927734375
590 -0.052734375
591 0.0166015625
592 -0.0185546875
593 -0.1337890625
594 -0.048828125
595 0.021484375
596 -0.0146484375
597 -0.1279296875
598 -0.04296875
599 0.0224609375
600 -0.01171875
601 -0.154296875
602 -0.02734375
603 0.0478515625
604 0.015625
605 -0.041015625
606 0.0712890625
607 0.134765625
608 0.08203125
609 -0.0146484375
610 0.0390625
611 0.0947265625
612 0.0361328125
613 -0.0966796875
614 0.0244140625
615 0.091796875
616 0.0439453125
617 -0.0927734375
618 -0.0517578125
619 0.021484375
620 -0.01953125
621 -0.134765625
622 -0.0458984375
623 0.025390625
624 -0.013671875
625 -0.1318359375
626 -0.041015625
627 0.0263671875
628 -0.0126953125
629 -0.16015625
630 -0.0263671875
631 0.0517578125
632 0.0146484375
633 -0.0458984375
634 0.0703125
635 0.1396484375
636 0.080078125
637 -0.013671875
638 0.0380859375
639 0.095703125
640 0.03515625
641 -0.095703125
642 0.0224609375
643 0.0927734375
644 0.04296875
645 -0.0947265625
646 -0.0537109375
647 0.0166015625
648 -0.01953125
649 -0.13671875
650 -0.044921875
651 0.025390625
652 -0.0146484375
653 -0.1328125
654 -0.0439453125
655 0.0263671875
656 -0.0146484375
657 -0.16015625
658 -0.02734375
659 0.0498046875
660 0.0107421875
661 -0.0439453125
662 0.0703125
663 0.1357421875
664 0.080078125
665 -0.0126953125
666 0.0361328125
667 0.09375
668 0.0361328125
669 -0.095703125
670 0.0224609375
671 0.0908203125
672 0.044921875
673 -0.09375
674 -0.052734375
675 0.01953125
676 -0.0166015625
677 -0.134765625
678 -0.0458984375
679 0.025390625
680 -0.0146484375
681 -0.130859375
682 -0.0419921875
683 0.02734375
684 -0.0146484375
685 -0.16015625
686 -0.0283203125
687 0.0517578125
688 0.0126953125
689 -0.0458984375
690 0.0712890625
691 0.140625
692 0.080078125
693 -0.0146484375
694 0.0390625
695 0.0947265625
696 0.0361328125
697 -0.09765625
698 0.0224609375
699 0.0908203125
700 0.044921875
701 -0.0947265625
702 -0.05078125
703 0.0166015625
704 -0.0185546875
705 -0.1337890625
706 -0.0458984375
707 0.0244140625
708 -0.0146484375
709 -0.1279296875
710 -0.0419921875
711 0.025390625
712 -0.0126953125
713 -0.154296875
714 -0.0263671875
715 0.0498046875
716 0.0146484375
717 -0.04296875
718 0.0712890625
719 0.1357421875
720 0.083984375
721 -0.0126953125
722 0.0380859375
723 0.0927734375
724 0.0380859375
725 -0.0947265625
726 0.0234375
727 0.0908203125
728 0.044921875
729 -0.0908203125
730 -0.0498046875
731 0.0205078125
732 -0.0166015625
733 -0.1318359375
734 -0.0458984375
735 0.0234375
736 -0.0146484375
737 -0.1279296875
738 -0.041015625
739 0.025390625
740 -0.01171875
741 -0.15625
742 -0.0263671875
743 0.046875
744 0.0146484375
745 -0.041015625
746 0.0703125
747 0.134765625
748 0.08203125
749 -0.01171875
750 0.037109375
751 0.091796875
752 0.0361328125
753 -0.095703125
754 0.021484375
755 0.08984375
756 0.04296875
757 -0.0908203125
758 -0.0498046875
759 0.0166015625
760 -0.0166015625
761 -0.1318359375
762 -0.044921875
763 0.021484375
764 -0.0126953125
765 -0.1279296875
766 -0.041015625
767 0.0224609375
768 -0.01171875
769 -0.15625
770 -0.02734375
771 0.0478515625
772 0.015625
773 -0.0400390625
774 0.0712890625
775 0.1337890625
776 0.08203125
777 -0.0107421875
778 0.037109375
779 0.091796875
780 0.0361328125
781 -0.091796875
782 0.0234375
783 0.087890625
784 0.0458984375
785 -0.08984375
786 -0.05078125
787 0.015625
788 -0.0166015625
789 -0.1318359375
790 -0.0458984375
791 0.0185546875
792 -0.013671875
793 -0.1259765625
794 -0.0419921875
795 0.0205078125
796 -0.0126953125
797 -0.1552734375
798 -0.029296875
799 0.0439453125
800 0.0146484375
801 -0.0419921875
802 0.068359375
803 0.130859375
804 0.0810546875
805 -0.01171875
806 0.0361328125
807 0.087890625
808 0.0380859375
809 -0.0947265625
810 0.0224609375
811 0.083984375
812 0.044921875
813 -0.091796875
814 -0.0517578125
815 0.0146484375
816 -0.0166015625
817 -0.130859375
818 -0.046875
819 0.021484375
820 -0.0146484375
821 -0.12890625
822 -0.0419921875
823 0.0244140625
824 -0.013671875
825 -0.1533203125
826 -0.0263671875
827 0.0498046875
828 0.0146484375
829 -0.0400390625
830 0.072265625
831 0.1357421875
832 0.08203125
833 -0.01171875
834 0.0390625
835 0.091796875
836 0.0380859375
837 -0.0927734375
838 0.0244140625
839 0.087890625
840 0.0458984375
841 -0.08984375
842 -0.05078125
843 0.0166015625
844 -0.0185546875
845 -0.1318359375
846 -0.0458984375
847 0.0205078125
848 -0.0146484375
849 -0.126953125
850 -0.0439453125
851 0.021484375
852 -0.01171875
853 -0.1552734375
854 -0.0302734375
855 0.044921875
856 0.0146484375
857 -0.0400390625
858 0.0703125
859 0.1318359375
860 0.0830078125
861 -0.009765625
862 0.0380859375
863 0.0888671875
864 0.0380859375
865 -0.0927734375
866 0.01953125
867 0.0849609375
868 0.044921875
869 -0.0908203125
870 -0.052734375
871 0.0146484375
872 -0.0185546875
873 -0.1328125
874 -0.0478515625
875 0.0205078125
876 -0.013671875
877 -0.12890625
878 -0.0419921875
879 0.021484375
880 -0.01171875
881 -0.15625
882 -0.02734375
883 0.0458984375
884 0.0166015625
885 -0.0400390625
886 0.0703125
887 0.1318359375
888 0.08203125
889 -0.0107421875
890 0.0361328125
891 0.087890625
892 0.0380859375
893 -0.08984375
894 0.021484375
895 0.0849609375
896 0.0458984375
897 -0.091796875
898 -0.052734375
899 0.013671875
900 -0.017578125
901 -0.1318359375
902 -0.046875
903 0.017578125
904 -0.0126953125
905 -0.126953125
906 -0.04296875
907 0.01953125
908 -0.01171875
909 -0.1552734375
910 -0.029296875
911 0.0439453125
912 0.0146484375
913 -0.0390625
914 0.0693359375
915 0.1298828125
916 0.0830078125
917 -0.009765625
918 0.0361328125
919 0.0849609375
920 0.037109375
921 -0.091796875
922 0.021484375
923 0.0830078125
924 0.044921875
925 -0.0908203125
926 -0.0537109375
927 0.0107421875
928 -0.017578125
929 -0.130859375
930 -0.0458984375
931 0.017578125
932 -0.013671875
933 -0.1259765625
934 -0.04296875
935 0.0205078125
936 -0.0126953125
937 -0.1494140625
938 -0.02734375
939 0.044921875
940 0.0166015625
941 -0.0361328125
942 0.0703125
943 0.1298828125
944 0.0830078125
945 -0.009765625
946 0.037109375
947 0.0859375
948 0.0380859375
949 -0.0908203125
950 0.0224609375
951 0.087890625
952 0.046875
953 -0.0908203125
954 -0.052734375
955 0.015625
956 -0.017578125
957 -0.1279296875
958 -0.0478515625
959 0.017578125
960 -0.013671875
961 -0.1240234375
962 -0.0439453125
963 0.01953125
964 -0.01171875
965 -0.1533203125
966 -0.0302734375
967 0.04296875
968 0.0146484375
969 -0.037109375
970 0.068359375
971 0.130859375
972 0.083984375
973 -0.009765625
974 0.0380859375
975 0.0859375
976 0.0380859375
977 -0.0888671875
978 0.0224609375
979 0.0849609375
980 0.0458984375
981 -0.0927734375
982 -0.052734375
983 0.0126953125
984 -0.017578125
985 -0.12890625
986 -0.046875
987 0.01953125
988 -0.0146484375
989 -0.1259765625
990 -0.0439453125
991 0.0205078125
992 -0.0126953125
993 -0.154296875
994 -0.0283203125
995 0.0439453125
996 0.015625
997 -0.0390625
998 0.0693359375
999 0.130859375
1000 0.083984375
1001 -0.0107421875
1002 0.037109375
1003 0.0888671875
1004 0.037109375
1005 -0.08984375
1006 0.0224609375
1007 0.0869140625
1008 0.0458984375
1009 -0.0908203125
1010 -0.0517578125
1011 0.0146484375
1012 -0.0166015625
1013 -0.130859375
1014 -0.0478515625
1015 0.0205078125
1016 -0.0126953125
1017 -0.1279296875
1018 -0.0419921875
1019 0.021484375
1020 -0.0107421875
1021 -0.1572265625
1022 -0.029296875
1023 0.0458984375
1024 0.0146484375
1025 -0.0419921875
1026 0.0703125
1027 0.1357421875
1028 0.0810546875
1029 -0.01171875
1030 0.0361328125
1031 0.0927734375
1032 0.037109375
1033 -0.09375
1034 0.0234375
1035 0.0888671875
1036 0.044921875
1037 -0.09765625
1038 -0.052734375
1039 0.0146484375
1040 -0.0185546875
1041 -0.13671875
1042 -0.0478515625
1043 0.0234375
1044 -0.0146484375
1045 -0.1328125
1046 -0.04296875
1047 0.0263671875
1048 -0.015625
1049 -0.158203125
1050 -0.0263671875
1051 0.05078125
1052 0.0146484375
1053 -0.04296875
1054 0.0712890625
1055 0.1376953125
1056 0.08203125
1057 -0.0126953125
1058 0.0380859375
1059 0.09375
1060 0.0380859375
1061 -0.0947265625
1062 0.0234375
1063 0.091796875
1064 0.044921875
1065 -0.09375
1066 -0.05078125
1067 0.017578125
1068 -0.0185546875
1069 -0.134765625
1070 -0.0478515625
1071 0.0224609375
1072 -0.015625
1073 -0.12890625
1074 -0.0439453125
1075 0.0224609375
1076 -0.01171875
1077 -0.1533203125
1078 -0.02734375
1079 0.0439453125
1080 0.0146484375
1081 -0.0419921875
1082 0.0712890625
1083 0.1337890625
1084 0.0810546875
1085 -0.0126953125
1086 0.0380859375
1087 0.08984375
1088 0.0400390625
1089 -0.0947265625
1090 0.0224609375
1091 0.0869140625
1092 0.044921875
1093 -0.0947265625
1094 -0.0546875
1095 0.0146484375
1096 -0.01953125
1097 -0.1357421875
1098 -0.0478515625
1099 0.0234375
1100 -0.015625
1101 -0.130859375
1102 -0.04296875
1103 0.0234375
1104 -0.013671875
1105 -0.1572265625
1106 -0.0283203125
1107 0.048828125
1108 0.013671875
1109 -0.0458984375
1110 0.072265625
1111 0.1376953125
1112 0.08203125
1113 -0.013671875
1114 0.0380859375
1115 0.095703125
1116 0.0380859375
1117 -0.095703125
1118 0.0224609375
1119 0.0927734375
1120 0.0439453125
1121 -0.0947265625
1122 -0.052734375
1123 0.0185546875
1124 -0.0205078125
1125 -0.134765625
1126 -0.046875
1127 0.025390625
1128 -0.0146484375
1129 -0.1328125
1130 -0.0419921875
1131 0.0263671875
1132 -0.0126953125
1133 -0.162109375
1134 -0.0283203125
1135 0.0517578125
1136 0.013671875
1137 -0.0478515625
1138 0.0693359375
1139 0.1396484375
1140 0.080078125
1141 -0.0146484375
1142 0.0361328125
1143 0.09375
1144 0.0361328125
1145 -0.1005859375
1146 0.021484375
1147 0.0927734375
1148 0.0419921875
1149 -0.0966796875
1150 -0.0517578125
1151 0.0185546875
1152 -0.0185546875
1153 -0.1357421875
1154 -0.0458984375
1155 0.025390625
1156 -0.013671875
1157 -0.1298828125
1158 -0.041015625
1159 0.0283203125
1160 -0.013671875
1161 -0.1572265625
1162 -0.02734375
1163 0.0517578125
1164 0.0146484375
1165 -0.044921875
1166 0.072265625
1167 0.1376953125
1168 0.0830078125
1169 -0.0126953125
1170 0.0380859375
1171 0.0947265625
1172 0.0361328125
1173 -0.0966796875
1174 0.0244140625
1175 0.0927734375
1176 0.0458984375
1177 -0.0927734375
1178 -0.0498046875
1179 0.01953125
1180 -0.0166015625
1181 -0.134765625
1182 -0.044921875
1183 0.025390625
1184 -0.015625
1185 -0.1318359375
1186 -0.0439453125
1187 0.0263671875
1188 -0.013671875
1189 -0.158203125
1190 -0.0283203125
1191 0.048828125
1192 0.0126953125
1193 -0.04296875
1194 0.072265625
1195 0.13671875
1196 0.08203125
1197 -0.0126953125
1198 0.0380859375
1199 0.0947265625
1200 0.037109375
1201 -0.0966796875
1202 0.0234375
1203 0.0908203125
1204 0.0439453125
1205 -0.0947265625
1206 -0.0517578125
1207 0.0185546875
1208 -0.0185546875
1209 -0.1318359375
1210 -0.046875
1211 0.0244140625
1212 -0.0146484375
1213 -0.1298828125
1214 -0.0419921875
1215 0.025390625
1216 -0.013671875
1217 -0.1572265625
1218 -0.025390625
1219 0.0478515625
1220 0.013671875
1221 -0.0439453125
1222 0.072265625
1223 0.134765625
1224 0.0830078125
1225 -0.0126953125
1226 0.0380859375
1227 0.0947265625
1228 0.0380859375
1229 -0.095703125
1230 0.0224609375
1231 0.0908203125
1232 0.044921875
1233 -0.0927734375
1234 -0.0517578125
1235 0.0185546875
1236 -0.01953125
1237 -0.1328125
1238 -0.0478515625
1239 0.0234375
1240 -0.0146484375
1241 -0.130859375
1242 -0.04296875
1243 0.0244140625
1244 -0.01171875
1245 -0.1591796875
1246 -0.0283203125
1247 0.0478515625
1248 0.013671875
1249 -0.04296875
1250 0.072265625
1251 0.134765625
1252 0.0830078125
1253 -0.0107421875
1254 0.0380859375
1255 0.0908203125
1256 0.037109375
1257 -0.0947265625
1258 0.021484375
1259 0.08984375
1260 0.0458984375
1261 -0.09375
1262 -0.052734375
1263 0.0166015625
1264 -0.0185546875
1265 -0.1357421875
1266 -0.0458984375
1267 0.0244140625
1268 -0.013671875
1269 -0.12890625
1270 -0.04296875
1271 0.025390625
1272 -0.0126953125
1273 -0.15625
1274 -0.0263671875
1275 0.0517578125
1276 0.0166015625
1277 -0.041015625
1278 0.0732421875
1279 0.13671875
1280 0.0830078125
1281 -0.01171875
1282 0.0380859375
1283 0.09375
1284 0.0361328125
1285 -0.0947265625
1286 0.0234375
1287 0.0888671875
1288 0.044921875
1289 -0.0927734375
1290 -0.05078125
1291 0.017578125
1292 -0.017578125
1293 -0.1337890625
1294 -0.0458984375
1295 0.021484375
1296 -0.013671875
1297 -0.12890625
1298 -0.04296875
1299 0.0234375
1300 -0.0126953125
1301 -0.1552734375
1302 -0.0283203125
1303 0.0478515625
1304 0.0146484375
1305 -0.0400390625
1306 0.0703125
1307 0.1337890625
1308 0.0830078125
1309 -0.0107421875
1310 0.0380859375
1311 0.08984375
1312 0.0380859375
1313 -0.09375
1314 0.0224609375
1315 0.087890625
1316 0.0458984375
1317 -0.09375
1318 -0.0498046875
1319 0.013671875
1320 -0.0185546875
1321 -0.1337890625
1322 -0.048828125
1323 0.0224609375
1324 -0.013671875
1325 -0.1279296875
1326 -0.04296875
1327 0.021484375
1328 -0.0126953125
1329 -0.1552734375
1330 -0.029296875
1331 0.046875
1332 0.0146484375
1333 -0.0400390625
1334 0.0712890625
1335 0.1318359375
1336 0.0810546875
1337 -0.0107421875
1338 0.037109375
1339 0.0888671875
1340 0.037109375
1341 -0.091796875
1342 0.0234375
1343 0.0849609375
1344 0.044921875
1345 -0.0927734375
1346 -0.0537109375
1347 0.0126953125
1348 -0.017578125
1349 -0.1298828125
1350 -0.0478515625
1351 0.0185546875
1352 -0.013671875
1353 -0.125
1354 -0.04296875
1355 0.021484375
1356 -0.0126953125
1357 -0.1552734375
1358 -0.0283203125
1359 0.04296875
1360 0.015625
1361 -0.041015625
1362 0.0712890625
1363 0.134765625
1364 0.083984375
1365 -0.0107421875
1366 0.037109375
1367 0.091796875
1368 0.0380859375
1369 -0.0947265625
1370 0.0224609375
1371 0.087890625
1372 0.044921875
1373 -0.0927734375
1374 -0.0517578125
1375 0.0166015625
1376 -0.01953125
1377 -0.1337890625
1378 -0.046875
1379 0.0205078125
1380 -0.013671875
1381 -0.1279296875
1382 -0.0419921875
1383 0.0205078125
1384 -0.01171875
1385 -0.150390625
1386 -0.0244140625
1387 0.044921875
1388 0.017578125
1389 -0.03515625
1390 0.0703125
1391 0.1298828125
1392 0.083984375
1393 -0.0087890625
1394 0.0380859375
1395 0.087890625
1396 0.041015625
1397 -0.0869140625
1398 0.0234375
1399 0.0859375
1400 0.046875
1401 -0.08984375
1402 -0.048828125
1403 0.015625
1404 -0.0166015625
1405 -0.1298828125
1406 -0.0439453125
1407 0.01953125
1408 -0.01171875
1409 -0.125
1410 -0.0419921875
1411 0.021484375
1412 -0.0107421875
1413 -0.1533203125
1414 -0.0283203125
1415 0.0458984375
1416 0.017578125
1417 -0.0400390625
1418 0.0712890625
1419 0.1357421875
1420 0.0830078125
1421 -0.009765625
1422 0.037109375
1423 0.08984375
1424 0.037109375
1425 -0.091796875
1426 0.0224609375
1427 0.0859375
1428 0.046875
1429 -0.0927734375
1430 -0.05078125
1431 0.013671875
1432 -0.017578125
1433 -0.1318359375
1434 -0.0458984375
1435 0.021484375
1436 -0.0126953125
1437 -0.1240234375
1438 -0.0400390625
1439 0.0263671875
1440 -0.009765625
1441 -0.1298828125
1442 -0.005859375
1443 0.0673828125
1444 0.0283203125
1445 -0.08203125
1446 -0.03125
1447 0.0341796875
1448 -0.0048828125
1449 -0.12109375
1450 -0.0400390625
1451 0.02734375
1452 -0.0068359375
1453 -0.130859375
1454 -0.0419921875
1455 0.021484375
1456 -0.013671875
1457 -0.177734375
1458 -0.0859375
1459 -0.0107421875
1460 -0.041015625
1461 -0.1962890625
1462 -0.064453125
1463 0.0205078125
1464 -0.0029296875
1465 -0.078125
1466 0.041015625
1467 0.109375
1468 0.064453125
1469 0.0
1470 0.1083984375
1471 0.1640625
1472 0.109375
1473 0.0087890625
1474 0.0556640625
1475 0.1044921875
1476 0.05078125
1477 -0.064453125
1478 0.044921875
1479 0.1044921875
1480 0.060546875
1481 -0.01953125
1482 0.0859375
1483 0.1455078125
1484 0.0908203125
1485 -0.009765625
1486 0.029296875
1487 0.0849609375
1488 0.03515625
1489 -0.0712890625
1490 0.0380859375
1491 0.1005859375
1492 0.0576171875
1493 -0.013671875
1494 0.09375
1495 0.1494140625
1496 0.09375
1497 -0.0078125
1498 0.03125
1499 0.0859375
1500 0.0361328125
1501 -0.0625
1502 0.017578125
1503 0.0703125
1504 0.021484375
1505 -0.138671875
1506 -0.0185546875
1507 0.0517578125
1508 0.0166015625
1509 -0.099609375
1510 0.015625
1511 0.08203125
1512 0.0380859375
1513 -0.1044921875
1514 -0.0615234375
1515 0.0078125
1516 -0.0263671875
1517 -0.142578125
1518 -0.0185546875
1519 0.0537109375
1520 0.01953125
1521 -0.0517578125
1522 0.060546875
1523 0.12109375
1524 0.0712890625
1525 -0.0546875
1526 -0.0166015625
1527 0.0400390625
1528 0.00390625
1529 -0.1025390625
1530 0.01171875
1531 0.0771484375
1532 0.037109375
1533 -0.0625
1534 -0.015625
1535 0.0419921875
1536 0.0009765625
1537 -0.0888671875
1538 0.0244140625
1539 0.0908203125
1540 0.0478515625
1541 -0.0029296875
1542 0.1005859375
1543 0.1572265625
1544 0.1005859375
1545 -0.0244140625
1546 0.076171875
1547 0.1328125
1548 0.080078125
1549 -0.0859375
1550 -0.048828125
1551 0.0146484375
1552 -0.021484375
1553 -0.130859375
1554 -0.0478515625
1555 0.017578125
1556 -0.01953125
1557 -0.189453125
1558 -0.11328125
1559 -0.0361328125
1560 -0.060546875
1561 -0.1796875
1562 -0.0478515625
1563 0.0283203125
1564 -0.001953125
1565 -0.09765625
1566 -0.0478515625
1567 0.0185546875
1568 -0.0166015625
1569 -0.12109375
1570 0.0029296875
1571 0.0712890625
1572 0.0283203125
1573 -0.0341796875
1574 0.0712890625
1575 0.1318359375
1576 0.0791015625
1577 -0.01171875
1578 0.0283203125
1579 0.0830078125
1580 0.0322265625
1581 -0.0625
1582 0.0146484375
1583 0.0673828125
1584 0.01953125
1585 -0.140625
1586 -0.01953125
1587 0.048828125
1588 0.017578125
1589 -0.1025390625
1590 0.0126953125
1591 0.078125
1592 0.0390625
1593 -0.1044921875
1594 -0.0615234375
1595 0.0078125
1596 -0.0263671875
1597 -0.1455078125
1598 -0.01953125
1599 0.0546875
1600 0.017578125
1601 -0.0673828125
1602 0.044921875
1603 0.1123046875
1604 0.0595703125
1605 -0.060546875
1606 -0.0224609375
1607 0.041015625
1608 0.0
1609 -0.1103515625
1610 0.0078125
1611 0.076171875
1612 0.0361328125
1613 -0.0654296875
1614 -0.0166015625
1615 0.04296875
1616 0.0
1617 -0.1259765625
1618 -0.00390625
1619 0.06640625
1620 0.0263671875
1621 -0.1005859375
1622 -0.0546875
1623 0.01171875
1624 -0.025390625
1625 -0.1337890625
1626 -0.046875
1627 0.021484375
1628 -0.0185546875
1629 -0.1904296875
1630 -0.109375
1631 -0.03125
1632 -0.0576171875
1633 -0.1767578125
1634 -0.0419921875
1635 0.0341796875
1636 0.0029296875
1637 -0.09375
1638 -0.0439453125
1639 0.025390625
1640 -0.01171875
1641 -0.1162109375
1642 0.0068359375
1643 0.0771484375
1644 0.03515625
1645 -0.0302734375
1646 0.078125
1647 0.1396484375
1648 0.0849609375
1649 -0.0107421875
1650 0.0322265625
1651 0.087890625
1652 0.03515625
1653 -0.05859375
1654 0.021484375
1655 0.0771484375
1656 0.025390625
1657 -0.0595703125
1658 0.0517578125
1659 0.1142578125
1660 0.064453125
1661 0.0087890625
1662 0.11328125
1663 0.169921875
1664 0.109375
1665 0.0029296875
1666 0.1005859375
1667 0.1572265625
1668 0.0966796875
1669 -0.0224609375
1670 0.078125
1671 0.1357421875
1672 0.0791015625
1673 -0.0615234375
1674 -0.0234375
1675 0.037109375
1676 -0.0048828125
1677 -0.126953125
1678 -0.0048828125
1679 0.0615234375
1680 0.0224609375
1681 -0.0517578125
1682 0.05859375
1683 0.1220703125
1684 0.068359375
1685 -0.05859375
1686 -0.0185546875
1687 0.0439453125
1688 -0.0029296875
1689 -0.1142578125
1690 0.005859375
1691 0.0771484375
1692 0.0283203125
1693 -0.0732421875
1694 -0.0244140625
1695 0.0400390625
1696 -0.009765625
1697 -0.103515625
1698 0.017578125
1699 0.0888671875
1700 0.037109375
1701 -0.013671875
1702 0.0947265625
1703 0.1572265625
1704 0.09375
1705 0.0341796875
1706 0.13671875
1707 0.193359375
1708 0.123046875
1709 0.0556640625
1710 0.154296875
1711 0.2109375
1712 0.1328125
1713 0.013671875
1714 0.1103515625
1715 0.1669921875
1716 0.0947265625
1717 -0.068359375
1718 -0.0322265625
1719 0.029296875
1720 -0.01953125
1721 -0.1337890625
1722 -0.046875
1723 0.017578125
1724 -0.02734375
1725 -0.2001953125
1726 -0.1220703125
1727 -0.04296875
1728 -0.07421875
1729 -0.1953125
1730 -0.0595703125
1731 0.01953125
1732 -0.015625
1733 -0.11328125
1734 -0.0634765625
1735 0.0068359375
1736 -0.033203125
1737 -0.146484375
1738 -0.021484375
1739 0.052734375
1740 0.0087890625
1741 -0.0712890625
1742 0.0439453125
1743 0.1103515625
1744 0.0546875
1745 -0.0478515625
1746 -0.001953125
1747 0.060546875
1748 0.0048828125
1749 -0.08984375
1750 -0.00390625
1751 0.0537109375
1752 -0.0009765625
1753 -0.091796875
1754 0.025390625
1755 0.0927734375
1756 0.0380859375
1757 -0.0234375
1758 0.0859375
1759 0.1484375
1760 0.0849609375
1761 0.01953125
1762 0.1201171875
1763 0.1806640625
1764 0.1083984375
1765 0.0439453125
1766 0.1416015625
1767 0.1962890625
1768 0.123046875
1769 0.01171875
1770 0.1083984375
1771 0.1630859375
1772 0.095703125
1773 -0.03125
1774 0.0693359375
1775 0.126953125
1776 0.06640625
1777 -0.0810546875
1778 -0.0400390625
1779 0.0234375
1780 -0.0244140625
1781 -0.1494140625
1782 -0.0263671875
1783 0.044921875
1784 0.001953125
1785 -0.0712890625
1786 0.0380859375
1787 0.103515625
1788 0.0458984375
1789 -0.078125
1790 -0.0380859375
1791 0.021484375
1792 -0.0224609375
1793 -0.1337890625
1794 -0.0146484375
1795 0.0546875
1796 0.0107421875
1797 -0.09375
1798 -0.04296875
1799 0.017578125
1800 -0.02734375
1801 -0.123046875
1802 -0.0029296875
1803 0.0654296875
1804 0.0185546875
1805 -0.03125
1806 0.0751953125
1807 0.13671875
1808 0.0751953125
1809 0.0107421875
1810 0.109375
1811 0.1689453125
1812 0.0986328125
1813 0.0361328125
1814 0.1328125
1815 0.1865234375
1816 0.115234375
1817 -0.0048828125
1818 0.0908203125
1819 0.140625
1820 0.078125
1821 -0.0859375
1822 -0.048828125
1823 0.009765625
1824 -0.03515625
1825 -0.1474609375
1826 -0.064453125
1827 0.0
1828 -0.0419921875
1829 -0.2138671875
1830 -0.1396484375
1831 -0.0615234375
1832 -0.087890625
1833 -0.2080078125
1834 -0.0771484375
1835 0.0029296875
1836 -0.0302734375
1837 -0.1279296875
1838 -0.0771484375
1839 -0.009765625
1840 -0.0458984375
1841 -0.1884765625
1842 -0.0595703125
1843 0.013671875
1844 -0.0185546875
1845 -0.1083984375
1846 0.0068359375
1847 0.0703125
1848 0.025390625
1849 -0.0732421875
1850 -0.0302734375
1851 0.0302734375
1852 -0.015625
1853 -0.107421875
1854 -0.0224609375
1855 0.0341796875
1856 -0.013671875
1857 -0.107421875
1858 0.0048828125
1859 0.0703125
1860 0.0263671875
1861 -0.0322265625
1862 0.0703125
1863 0.1298828125
1864 0.0732421875
1865 0.0068359375
1866 0.103515625
1867 0.1591796875
1868 0.09765625
1869 0.03515625
1870 0.12890625
1871 0.181640625
1872 0.11328125
1873 0.0068359375
1874 0.099609375
1875 0.1533203125
1876 0.087890625
1877 -0.0322265625
1878 0.064453125
1879 0.123046875
1880 0.0615234375
1881 -0.0771484375
1882 -0.0380859375
1883 0.01953125
1884 -0.025390625
1885 -0.1494140625
1886 -0.0283203125
1887 0.0380859375
1888 -0.0009765625
1889 -0.078125
1890 0.03125
1891 0.0947265625
1892 0.0400390625
1893 -0.0869140625
1894 -0.0498046875
1895 0.013671875
1896 -0.0302734375
1897 -0.1396484375
1898 -0.021484375
1899 0.0458984375
1900 0.00390625
1901 -0.099609375
1902 -0.0537109375
1903 0.0068359375
1904 -0.03515625
1905 -0.12890625
1906 -0.01171875
1907 0.0556640625
1908 0.0126953125
1909 -0.0380859375
1910 0.0673828125
1911 0.1279296875
1912 0.0693359375
1913 0.009765625
1914 0.1064453125
1915 0.1630859375
1916 0.09765625
1917 0.0361328125
1918 0.1279296875
1919 0.1826171875
1920 0.1103515625
1921 -0.0078125
1922 0.083984375
1923 0.1376953125
1924 0.0751953125
1925 -0.0908203125
1926 -0.052734375
1927 0.005859375
1928 -0.0390625
1929 -0.15234375
1930 -0.068359375
1931 -0.0068359375
1932 -0.046875
1933 -0.2197265625
1934 -0.142578125
1935 -0.0654296875
1936 -0.0908203125
1937 -0.2099609375
1938 -0.0791015625
1939 -0.0009765625
1940 -0.03515625
1941 -0.1318359375
1942 -0.0830078125
1943 -0.01171875
1944 -0.0498046875
1945 -0.158203125
1946 -0.0361328125
1947 0.0341796875
1948 -0.005859375
1949 -0.080078125
1950 0.0322265625
1951 0.0947265625
1952 0.0400390625
1953 -0.0556640625
1954 -0.0126953125
1955 0.0439453125
1956 -0.0048828125
1957 -0.0986328125
1958 -0.0185546875
1959 0.0380859375
1960 -0.01171875
1961 -0.1064453125
1962 0.0048828125
1963 0.072265625
1964 0.0244140625
1965 -0.0390625
1966 0.064453125
1967 0.1240234375
1968 0.0673828125
1969 -0.0048828125
1970 0.0947265625
1971 0.150390625
1972 0.0859375
1973 0.0244140625
1974 0.1201171875
1975 0.173828125
1976 0.10546875
1977 0.0
1978 0.0947265625
1979 0.146484375
1980 0.0830078125
1981 -0.0390625
1982 0.05859375
1983 0.111328125
1984 0.0537109375
1985 -0.087890625
1986 -0.0498046875
1987 0.0087890625
1988 -0.03515625
1989 -0.15625
1990 -0.037109375
1991 0.0302734375
1992 -0.009765625
1993 -0.0947265625
1994 0.013671875
1995 0.076171875
1996 0.0263671875
1997 -0.0966796875
1998 -0.0576171875
1999 0.0029296875
2000 -0.037109375
2001 -0.1484375
2002 -0.029296875
2003 0.0380859375
2004 -0.001953125
2005 -0.103515625
2006 -0.0546875
2007 0.0087890625
2008 -0.0380859375
2009 -0.1787109375
2010 -0.0537109375
2011 0.0185546875
2012 -0.0185546875
2013 -0.14453125
2014 -0.09765625
2015 -0.0283203125
2016 -0.0634765625
2017 -0.173828125
2018 -0.083984375
2019 -0.0146484375
2020 -0.052734375
2021 -0.2255859375
2022 -0.1435546875
2023 -0.06640625
2024 -0.08984375
2025 -0.208984375
2026 -0.0751953125
2027 0.0
2028 -0.0302734375
2029 -0.1259765625
2030 -0.076171875
2031 -0.0087890625
2032 -0.0419921875
2033 -0.1923828125
2034 -0.0673828125
2035 0.0087890625
2036 -0.0205078125
2037 -0.115234375
2038 -0.00390625
2039 0.060546875
2040 0.0224609375
2041 -0.0732421875
2042 -0.033203125
2043 0.0263671875
2044 -0.0146484375
2045 -0.10546875
2046 -0.0244140625
2047 0.03125
2048 -0.0087890625
2049 -0.103515625
2050 0.0068359375
2051 0.0732421875
2052 0.029296875
2053 -0.037109375
2054 0.064453125
2055 0.125
2056 0.0712890625
2057 0.005859375
2058 0.1025390625
2059 0.158203125
2060 0.0947265625
2061 0.03515625
2062 0.12890625
2063 0.181640625
2064 0.1142578125
2065 0.0078125
2066 0.1005859375
2067 0.1494140625
2068 0.0888671875
2069 -0.03125
2070 0.06640625
2071 0.1181640625
2072 0.0625
2073 -0.07421875
2074 -0.0390625
2075 0.0185546875
2076 -0.0234375
2077 -0.142578125
2078 -0.02734375
2079 0.0380859375
2080 0.001953125
2081 -0.0712890625
2082 0.033203125
2083 0.0927734375
2084 0.04296875
2085 -0.0810546875
2086 -0.0439453125
2087 0.013671875
2088 -0.0244140625
2089 -0.1318359375
2090 -0.0185546875
2091 0.0458984375
2092 0.0078125
2093 -0.0966796875
2094 -0.0498046875
2095 0.0078125
2096 -0.0322265625
2097 -0.125
2098 -0.01171875
2099 0.0546875
2100 0.0146484375
2101 -0.029296875
2102 0.0693359375
2103 0.126953125
2104 0.072265625
2105 0.0087890625
2106 0.1015625
2107 0.15625
2108 0.0947265625
2109 0.0341796875
2110 0.126953125
2111 0.1787109375
2112 0.1123046875
2113 -0.0068359375
2114 0.0849609375
2115 0.1337890625
2116 0.0751953125
2117 -0.087890625
2118 -0.0537109375
2119 0.0
2120 -0.0380859375
2121 -0.1474609375
2122 -0.0703125
2123 -0.0087890625
2124 -0.044921875
2125 -0.2138671875
2126 -0.142578125
2127 -0.0673828125
2128 -0.0888671875
2129 -0.203125
2130 -0.078125
2131 -0.00390625
2132 -0.03125
2133 -0.1279296875
2134 -0.08203125
2135 -0.013671875
2136 -0.046875
2137 -0.1572265625
2138 -0.0380859375
2139 0.029296875
2140 -0.0048828125
2141 -0.0771484375
2142 0.029296875
2143 0.0888671875
2144 0.0400390625
2145 -0.0517578125
2146 -0.015625
2147 0.041015625
2148 -0.00390625
2149 -0.095703125
2150 -0.0185546875
2151 0.0361328125
2152 -0.009765625
2153 -0.1015625
2154 0.0087890625
2155 0.0732421875
2156 0.02734375
2157 -0.0341796875
2158 0.068359375
2159 0.125
2160 0.0703125
2161 0.00390625
2162 0.099609375
2163 0.1552734375
2164 0.091796875
2165 0.029296875
2166 0.1220703125
2167 0.1767578125
2168 0.107421875
2169 0.0
2170 0.0927734375
2171 0.1455078125
2172 0.0810546875
2173 -0.0380859375
2174 0.0556640625
2175 0.111328125
2176 0.0517578125
2177 -0.087890625
2178 -0.05078125
2179 0.0087890625
2180 -0.0341796875
2181 -0.158203125
2182 -0.037109375
2183 0.029296875
2184 -0.0087890625
2185 -0.095703125
2186 0.0126953125
2187 0.0751953125
2188 0.0263671875
2189 -0.09375
2190 -0.0576171875
2191 0.005859375
2192 -0.0341796875
2193 -0.1435546875
2194 -0.02734375
2195 0.0419921875
2196 -0.0009765625
2197 -0.1015625
2198 -0.0546875
2199 0.0068359375
2200 -0.0361328125
2201 -0.1787109375
2202 -0.0517578125
2203 0.01953125
2204 -0.0166015625
2205 -0.14453125
2206 -0.095703125
2207 -0.0283203125
2208 -0.0634765625
2209 -0.1708984375
2210 -0.083984375
2211 -0.015625
2212 -0.052734375
2213 -0.2216796875
2214 -0.14453125
2215 -0.0654296875
2216 -0.08984375
2217 -0.20703125
2218 -0.076171875
2219 -0.0009765625
2220 -0.02734375
2221 -0.1259765625
2222 -0.0771484375
2223 -0.0087890625
2224 -0.0419921875
2225 -0.197265625
2226 -0.06640625
2227 0.009765625
2228 -0.0205078125
2229 -0.1171875
2230 -0.001953125
2231 0.0634765625
2232 0.0224609375
2233 -0.0751953125
2234 -0.033203125
2235 0.0302734375
2236 -0.0146484375
2237 -0.1064453125
2238 -0.0224609375
2239 0.0341796875
2240 -0.0107421875
2241 -0.1044921875
2242 0.009765625
2243 0.07421875
2244 0.0302734375
2245 -0.037109375
2246 0.06640625
2247 0.125
2248 0.0712890625
2249 0.0048828125
2250 0.103515625
2251 0.158203125
2252 0.095703125
2253 0.0341796875
2254 0.1298828125
2255 0.181640625
2256 0.1142578125
2257 0.0068359375
2258 0.1015625
2259 0.154296875
2260 0.0888671875
2261 -0.0283203125
2262 0.0693359375
2263 0.125
2264 0.064453125
2265 -0.0703125
2266 -0.033203125
2267 0.0263671875
2268 -0.0224609375
2269 -0.142578125
2270 -0.0234375
2271 0.0419921875
2272 0.001953125
2273 -0.076171875
2274 0.0341796875
2275 0.0966796875
2276 0.044921875
2277 -0.083984375
2278 -0.046875
2279 0.0146484375
2280 -0.0283203125
2281 -0.1376953125
2282 -0.0185546875
2283 0.0478515625
2284 0.0048828125
2285 -0.0986328125
2286 -0.05078125
2287 0.009765625
2288 -0.033203125
2289 -0.1279296875
2290 -0.01171875
2291 0.0556640625
2292 0.0146484375
2293 -0.0341796875
2294 0.0712890625
2295 0.1279296875
2296 0.072265625
2297 0.005859375
2298 0.103515625
2299 0.1572265625
2300 0.09375
2301 0.033203125
2302 0.1259765625
2303 0.1796875
2304 0.1103515625
2305 -0.0078125
2306 0.083984375
2307 0.13671875
2308 0.07421875
2309 -0.08984375
2310 -0.0546875
2311 0.00390625
2312 -0.0390625
2313 -0.150390625
2314 -0.0673828125
2315 -0.0068359375
2316 -0.0458984375
2317 -0.2177734375
2318 -0.1416015625
2319 -0.0654296875
2320 -0.08984375
2321 -0.2109375
2322 -0.0791015625
2323 -0.0009765625
2324 -0.033203125
2325 -0.1298828125
2326 -0.08203125
2327 -0.0107421875
2328 -0.048828125
2329 -0.16015625
2330 -0.0380859375
2331 0.033203125
2332 -0.005859375
2333 -0.0810546875
2334 0.0302734375
2335 0.0908203125
2336 0.0400390625
2337 -0.0556640625
2338 -0.0146484375
2339 0.0419921875
2340 -0.005859375
2341 -0.0986328125
2342 -0.01953125
2343 0.03515625
2344 -0.01171875
2345 -0.1025390625
2346 0.009765625
2347 0.0732421875
2348 0.0263671875
2349 -0.03515625
2350 0.068359375
2351 0.125
2352 0.0703125
2353 0.001953125
2354 0.099609375
2355 0.154296875
2356 0.0908203125
2357 0.0302734375
2358 0.123046875
2359 0.17578125
2360 0.107421875
2361 0.001953125
2362 0.09375
2363 0.14453125
2364 0.08203125
2365 -0.037109375
2366 0.0595703125
2367 0.111328125
2368 0.0546875
2369 -0.083984375
2370 -0.044921875
2371 0.01171875
2372 -0.0322265625
2373 -0.150390625
2374 -0.03515625
2375 0.03125
2376 -0.0078125
2377 -0.0810546875
2378 0.0263671875
2379 0.0859375
2380 0.03515625
2381 -0.083984375
2382 -0.0458984375
2383 0.0087890625
2384 -0.029296875
2385 -0.1513671875
2386 -0.033203125
2387 0.0322265625
2388 -0.0048828125
2389 -0.109375
2390 -0.0615234375
2391 -0.001953125
2392 -0.04296875
2393 -0.154296875
2394 -0.03515625
2395 0.0361328125
2396 -0.00390625
2397 -0.046875
2398 0.0546875
2399 0.115234375
2400 0.0595703125
2401 0.0029296875
2402 0.099609375
2403 0.154296875
2404 0.08984375
2405 0.029296875
2406 0.123046875
2407 0.17578125
2408 0.1064453125
2409 -0.0146484375
2410 0.078125
2411 0.130859375
2412 0.0693359375
2413 -0.09375
2414 -0.0576171875
2415 -0.0029296875
2416 -0.0400390625
2417 -0.158203125
2418 -0.0751953125
2419 -0.0126953125
2420 -0.052734375
2421 -0.236328125
2422 -0.1572265625
2423 -0.078125
2424 -0.103515625
2425 -0.25
2426 -0.1123046875
2427 -0.0234375
2428 -0.052734375
2429 -0.13671875
2430 -0.013671875
2431 0.0576171875
2432 0.009765625
2433 -0.125
2434 -0.0810546875
2435 -0.0126953125
2436 -0.0517578125
2437 -0.1748046875
2438 -0.0849609375
2439 -0.015625
2440 -0.0556640625
2441 -0.162109375
2442 -0.076171875
2443 -0.005859375
2444 -0.046875
2445 -0.1669921875
2446 -0.0439453125
2447 0.0302734375
2448 -0.0107421875
2449 -0.0986328125
2450 0.0166015625
2451 0.083984375
2452 0.0322265625
2453 -0.033203125
2454 0.07421875
2455 0.1328125
2456 0.072265625
2457 -0.0244140625
2458 0.0263671875
2459 0.0791015625
2460 0.0185546875
2461 -0.115234375
2462 0.001953125
2463 0.06640625
2464 0.0166015625
2465 -0.1220703125
2466 -0.0791015625
2467 -0.009765625
2468 -0.0498046875
2469 -0.1650390625
2470 -0.078125
2471 -0.0068359375
2472 -0.046875
2473 -0.1640625
2474 -0.07421875
2475 -0.005859375
2476 -0.0458984375
2477 -0.1943359375
2478 -0.0615234375
2479 0.017578125
2480 -0.0185546875
2481 -0.078125
2482 0.0390625
2483 0.1044921875
2484 0.0478515625
2485 -0.044921875
2486 0.0048828125
2487 0.0595703125
2488 0.0048828125
2489 -0.1259765625
2490 -0.0087890625
2491 0.05859375
2492 0.013671875
2493 -0.123046875
2494 -0.0810546875
2495 -0.0107421875
2496 -0.046875
2497 -0.1630859375
2498 -0.076171875
2499 -0.0068359375
2500 -0.0439453125
2501 -0.1591796875
2502 -0.0703125
2503 -0.00390625
2504 -0.041015625
2505 -0.1845703125
2506 -0.0546875
2507 0.0224609375
2508 -0.01171875
2509 -0.0703125
2510 0.0439453125
2511 0.109375
2512 0.0546875
2513 -0.0380859375
2514 0.01171875
2515 0.0693359375
2516 0.0107421875
2517 -0.1201171875
2518 -0.001953125
2519 0.068359375
2520 0.0205078125
2521 -0.1201171875
2522 -0.076171875
2523 -0.0068359375
2524 -0.0419921875
2525 -0.1591796875
2526 -0.068359375
2527 -0.0009765625
2528 -0.0380859375
2529 -0.1552734375
2530 -0.06640625
2531 0.0009765625
2532 -0.037109375
2533 -0.1796875
2534 -0.0517578125
2535 0.025390625
2536 -0.0087890625
2537 -0.064453125
2538 0.0478515625
2539 0.111328125
2540 0.0595703125
2541 -0.0322265625
2542 0.015625
2543 0.068359375
2544 0.017578125
2545 -0.115234375
2546 0.0009765625
2547 0.064453125
2548 0.025390625
2549 -0.11328125
2550 -0.0732421875
2551 -0.0087890625
2552 -0.037109375
2553 -0.15234375
2554 -0.068359375
2555 0.0
2556 -0.033203125
2557 -0.1474609375
2558 -0.0625
2559 0.0009765625
2560 -0.0322265625
2561 -0.173828125
2562 -0.0458984375
2563 0.029296875
2564 -0.0029296875
2565 -0.05859375
2566 0.0517578125
2567 0.1142578125
2568 0.0654296875
2569 -0.029296875
2570 0.0205078125
2571 0.072265625
2572 0.0205078125
2573 -0.109375
2574 0.0048828125
2575 0.0703125
2576 0.02734375
2577 -0.1083984375
2578 -0.068359375
2579 -0.001953125
2580 -0.0361328125
2581 -0.1494140625
2582 -0.064453125
2583 0.005859375
2584 -0.03125
2585 -0.1455078125
2586 -0.060546875
2587 0.005859375
2588 -0.0283203125
2589 -0.1708984375
2590 -0.0439453125
2591 0.0283203125
2592 0.0
2593 -0.0537109375
2594 0.0556640625
2595 0.1142578125
2596 0.06640625
2597 -0.0244140625
2598 0.0224609375
2599 0.0703125
2600 0.0244140625
2601 -0.1044921875
2602 0.0087890625
2603 0.0703125
2604 0.0322265625
2605 -0.103515625
2606 -0.06640625
2607 -0.0029296875
2608 -0.03125
2609 -0.1435546875
2610 -0.0615234375
2611 0.005859375
2612 -0.02734375
2613 -0.1416015625
2614 -0.056640625
2615 0.0087890625
2616 -0.025390625
2617 -0.169921875
2618 -0.041015625
2619 0.03515625
2620 0.001953125
2621 -0.0556640625
2622 0.0576171875
2623 0.12109375
2624 0.0673828125
2625 -0.025390625
2626 0.0224609375
2627 0.080078125
2628 0.0234375
2629 -0.1044921875
2630 0.009765625
2631 0.078125
2632 0.0322265625
2633 -0.1044921875
2634 -0.064453125
2635 0.0048828125
2636 -0.029296875
2637 -0.1474609375
2638 -0.05859375
2639 0.0107421875
2640 -0.0244140625
2641 -0.1435546875
2642 -0.0537109375
2643 0.013671875
2644 -0.0244140625
2645 -0.1708984375
2646 -0.0400390625
2647 0.0380859375
2648 0.001953125
2649 -0.056640625
2650 0.05859375
2651 0.126953125
2652 0.0703125
2653 -0.0234375
2654 0.0263671875
2655 0.083984375
2656 0.0283203125
2657 -0.107421875
2658 0.01171875
2659 0.080078125
2660 0.0341796875
2661 -0.1044921875
2662 -0.0615234375
2663 0.0078125
2664 -0.0283203125
2665 -0.1455078125
2666 -0.0546875
2667 0.0146484375
2668 -0.0244140625
2669 -0.140625
2670 -0.0517578125
2671 0.017578125
2672 -0.021484375
2673 -0.16796875
2674 -0.0361328125
2675 0.0419921875
2676 0.0029296875
2677 -0.05078125
2678 0.0615234375
2679 0.125
2680 0.0732421875
2681 -0.021484375
2682 0.029296875
2683 0.0830078125
2684 0.029296875
2685 -0.1015625
2686 0.015625
2687 0.0810546875
2688 0.037109375
2689 -0.099609375
2690 -0.0576171875
2691 0.0087890625
2692 -0.025390625
2693 -0.140625
2694 -0.0537109375
2695 0.015625
2696 -0.0224609375
2697 -0.134765625
2698 -0.05078125
2699 0.015625
2700 -0.0185546875
2701 -0.1611328125
2702 -0.0361328125
2703 0.0361328125
2704 0.0068359375
2705 -0.0478515625
2706 0.0625
2707 0.1259765625
2708 0.0732421875
2709 -0.01953125
2710 0.0302734375
2711 0.0810546875
2712 0.03125
2713 -0.0986328125
2714 0.0146484375
2715 0.078125
2716 0.0390625
2717 -0.0966796875
2718 -0.0595703125
2719 0.0068359375
2720 -0.0244140625
2721 -0.1396484375
2722 -0.0556640625
2723 0.0107421875
2724 -0.021484375
2725 -0.1328125
2726 -0.05078125
2727 0.013671875
2728 -0.01953125
2729 -0.1611328125
2730 -0.0341796875
2731 0.0380859375
2732 0.0078125
2733 -0.0478515625
2734 0.064453125
2735 0.1259765625
2736 0.076171875
2737 -0.017578125
2738 0.0302734375
2739 0.083984375
2740 0.03125
2741 -0.09765625
2742 0.0166015625
2743 0.08203125
2744 0.0390625
2745 -0.0947265625
2746 -0.05859375
2747 0.009765625
2748 -0.0234375
2749 -0.1376953125
2750 -0.0517578125
2751 0.0126953125
2752 -0.01953125
2753 -0.1328125
2754 -0.046875
2755 0.013671875
2756 -0.017578125
2757 -0.16015625
2758 -0.0341796875
2759 0.0380859375
2760 0.0087890625
2761 -0.04296875
2762 0.0634765625
2763 0.1259765625
2764 0.0751953125
2765 -0.0166015625
2766 0.0302734375
2767 0.08203125
2768 0.03125
2769 -0.0986328125
2770 0.013671875
2771 0.0810546875
2772 0.0390625
2773 -0.099609375
2774 -0.0595703125
2775 0.0068359375
2776 -0.0244140625
2777 -0.138671875
2778 -0.052734375
2779 0.0146484375
2780 -0.01953125
2781 -0.1328125
2782 -0.0478515625
2783 0.0166015625
2784 -0.0185546875
2785 -0.16015625
2786 -0.03125
2787 0.0419921875
2788 0.009765625
2789 -0.044921875
2790 0.0654296875
2791 0.1279296875
2792 0.0771484375
2793 -0.0146484375
2794 0.0322265625
2795 0.0849609375
2796 0.0341796875
2797 -0.0966796875
2798 0.0185546875
2799 0.0830078125
2800 0.041015625
2801 -0.0966796875
2802 -0.0546875
2803 0.0146484375
2804 -0.021484375
2805 -0.1396484375
2806 -0.0498046875
2807 0.0205078125
2808 -0.0185546875
2809 -0.134765625
2810 -0.0478515625
2811 0.0234375
2812 -0.017578125
2813 -0.1630859375
2814 -0.033203125
2815 0.044921875
2816 0.0078125
2817 -0.05078125
2818 0.0654296875
2819 0.1318359375
2820 0.076171875
2821 -0.017578125
2822 0.033203125
2823 0.087890625
2824 0.033203125
2825 -0.1005859375
2826 0.01953125
2827 0.0859375
2828 0.0419921875
2829 -0.099609375
2830 -0.0576171875
2831 0.0126953125
2832 -0.0234375
2833 -0.1376953125
2834 -0.0517578125
2835 0.021484375
2836 -0.01953125
2837 -0.1337890625
2838 -0.046875
2839 0.021484375
2840 -0.0166015625
2841 -0.16015625
2842 -0.03125
2843 0.044921875
2844 0.01171875
2845 -0.0458984375
2846 0.068359375
2847 0.1328125
2848 0.0791015625
2849 -0.0146484375
2850 0.0361328125
2851 0.08984375
2852 0.03515625
2853 -0.095703125
2854 0.0185546875
2855 0.083984375
2856 0.041015625
2857 -0.09765625
2858 -0.0556640625
2859 0.013671875
2860 -0.021484375
2861 -0.138671875
2862 -0.05078125
2863 0.0185546875
2864 -0.017578125
2865 -0.134765625
2866 -0.0458984375
2867 0.0205078125
2868 -0.0166015625
2869 -0.1640625
2870 -0.0302734375
2871 0.0458984375
2872 0.0107421875
2873 -0.0478515625
2874 0.068359375
2875 0.134765625
2876 0.0771484375
2877 -0.0166015625
2878 0.03515625
2879 0.0908203125
2880 0.03515625
2881 -0.0986328125
2882 0.01953125
2883 0.0888671875
2884 0.0419921875
2885 -0.095703125
2886 -0.052734375
2887 0.0166015625
2888 -0.0224609375
2889 -0.1376953125
2890 -0.0478515625
2891 0.021484375
2892 -0.015625
2893 -0.1328125
2894 -0.04296875
2895 0.021484375
2896 -0.0146484375
2897 -0.158203125
2898 -0.02734375
2899 0.048828125
2900 0.013671875
2901 -0.0439453125
2902 0.0693359375
2903 0.1337890625
2904 0.0791015625
2905 -0.0126953125
2906 0.03515625
2907 0.0908203125
2908 0.03515625
2909 -0.0947265625
2910 0.0224609375
2911 0.0888671875
2912 0.044921875
2913 -0.09375
2914 -0.052734375
2915 0.0166015625
2916 -0.0185546875
2917 -0.1357421875
2918 -0.0478515625
2919 0.0224609375
2920 -0.015625
2921 -0.1318359375
2922 -0.044921875
2923 0.0234375
2924 -0.0146484375
2925 -0.1572265625
2926 -0.0283203125
2927 0.0478515625
2928 0.0126953125
2929 -0.0439453125
2930 0.0712890625
2931 0.134765625
2932 0.0810546875
2933 -0.0146484375
2934 0.0361328125
2935 0.087890625
2936 0.0361328125
2937 -0.095703125
2938 0.0224609375
2939 0.0869140625
2940 0.0439453125
2941 -0.091796875
2942 -0.0517578125
2943 0.0146484375
2944 -0.01953125
2945 -0.1337890625
2946 -0.046875
2947 0.021484375
2948 -0.0146484375
2949 -0.1298828125
2950 -0.044921875
2951 0.0224609375
2952 -0.013671875
2953 -0.1552734375
2954 -0.0283203125
2955 0.0458984375
2956 0.0126953125
2957 -0.0439453125
2958 0.0712890625
2959 0.1328125
2960 0.0810546875
2961 -0.0146484375
2962 0.03515625
2963 0.08984375
2964 0.03515625
2965 -0.095703125
2966 0.021484375
2967 0.0869140625
2968 0.0439453125
2969 -0.0927734375
2970 -0.052734375
2971 0.013671875
2972 -0.01953125
2973 -0.1337890625
2974 -0.046875
2975 0.021484375
2976 -0.0146484375
2977 -0.130859375
2978 -0.0439453125
2979 0.0224609375
2980 -0.013671875
2981 -0.1552734375
2982 -0.029296875
2983 0.044921875
2984 0.0146484375
2985 -0.041015625
2986 0.0703125
2987 0.1318359375
2988 0.08203125
2989 -0.0126953125
2990 0.0341796875
2991 0.0859375
2992 0.0361328125
2993 -0.0927734375
2994 0.021484375
2995 0.0830078125
2996 0.044921875
2997 -0.0927734375
2998 -0.0546875
2999 0.01171875
3000 -0.01953125
3001 -0.1337890625
3002 -0.048828125
3003 0.017578125
3004 -0.0146484375
3005 -0.12890625
3006 -0.0439453125
3007 0.0185546875
3008 -0.0126953125
3009 -0.1552734375
3010 -0.029296875
3011 0.0419921875
3012 0.0126953125
3013 -0.0419921875
3014 0.0693359375
3015 0.12890625
3016 0.0830078125
3017 -0.0107421875
3018 0.0361328125
3019 0.087890625
3020 0.037109375
3021 -0.091796875
3022 0.021484375
3023 0.0869140625
3024 0.0458984375
3025 -0.0927734375
3026 -0.05078125
3027 0.0126953125
3028 -0.017578125
3029 -0.1328125
3030 -0.0458984375
3031 0.01953125
3032 -0.015625
3033 -0.12890625
3034 -0.04296875
3035 0.021484375
3036 -0.013671875
3037 -0.1552734375
3038 -0.029296875
3039 0.046875
3040 0.0126953125
3041 -0.041015625
3042 0.068359375
3043 0.1337890625
3044 0.080078125
3045 -0.01171875
3046 0.0380859375
3047 0.087890625
3048 0.037109375
3049 -0.09375
3050 0.021484375
3051 0.0849609375
3052 0.0458984375
3053 -0.0927734375
3054 -0.0517578125
3055 0.013671875
3056 -0.017578125
3057 -0.134765625
3058 -0.0478515625
3059 0.0205078125
3060 -0.015625
3061 -0.130859375
3062 -0.044921875
3063 0.0205078125
3064 -0.015625
3065 -0.158203125
3066 -0.029296875
3067 0.0478515625
3068 0.0146484375
3069 -0.04296875
3070 0.0693359375
3071 0.1328125
3072 0.0810546875
3073 -0.013671875
3074 0.037109375
3075 0.091796875
3076 0.037109375
3077 -0.0947265625
3078 0.0224609375
3079 0.08984375
3080 0.0439453125
3081 -0.09375
3082 -0.0517578125
3083 0.0185546875
3084 -0.0205078125
3085 -0.1357421875
3086 -0.046875
3087 0.025390625
3088 -0.0146484375
3089 -0.130859375
3090 -0.0439453125
3091 0.0263671875
3092 -0.0146484375
3093 -0.16015625
3094 -0.0283203125
3095 0.0478515625
3096 0.0126953125
3097 -0.0478515625
3098 0.0712890625
3099 0.13671875
3100 0.08203125
3101 -0.015625
3102 0.0380859375
3103 0.09375
3104 0.0361328125
3105 -0.1005859375
3106 0.01953125
3107 0.08984375
3108 0.041015625
3109 -0.0947265625
3110 -0.052734375
3111 0.017578125
3112 -0.01953125
3113 -0.1376953125
3114 -0.046875
3115 0.02734375
3116 -0.015625
3117 -0.1318359375
3118 -0.0419921875
3119 0.0283203125
3120 -0.013671875
3121 -0.1591796875
3122 -0.0263671875
3123 0.052734375
3124 0.0146484375
3125 -0.0439453125
3126 0.0712890625
3127 0.13671875
3128 0.0810546875
3129 -0.0126953125
3130 0.037109375
3131 0.0927734375
3132 0.037109375
3133 -0.09375
3134 0.0224609375
3135 0.08984375
3136 0.0458984375
3137 -0.08984375
3138 -0.0498046875
3139 0.0185546875
3140 -0.0166015625
3141 -0.1337890625
3142 -0.0458984375
3143 0.0234375
3144 -0.0126953125
3145 -0.12890625
3146 -0.041015625
3147 0.0234375
3148 -0.01171875
3149 -0.158203125
3150 -0.0283203125
3151 0.046875
3152 0.0146484375
3153 -0.0419921875
3154 0.0693359375
3155 0.1337890625
3156 0.0810546875
3157 -0.013671875
3158 0.0361328125
3159 0.091796875
3160 0.0361328125
3161 -0.09375
3162 0.0224609375
3163 0.0869140625
3164 0.0458984375
3165 -0.0908203125
3166 -0.05078125
3167 0.015625
3168 -0.015625
3169 -0.130859375
3170 -0.044921875
3171 0.0205078125
3172 -0.013671875
3173 -0.1279296875
3174 -0.04296875
3175 0.0205078125
3176 -0.0126953125
3177 -0.15234375
3178 -0.0283203125
3179 0.046875
3180 0.0146484375
3181 -0.0400390625
3182 0.0703125
3183 0.1357421875
3184 0.0830078125
3185 -0.0107421875
3186 0.0380859375
3187 0.0908203125
3188 0.0380859375
3189 -0.0927734375
3190 0.0234375
3191 0.0869140625
3192 0.0458984375
3193 -0.087890625
3194 -0.05078125
3195 0.0146484375
3196 -0.0166015625
3197 -0.1298828125
3198 -0.048828125
3199 0.01953125
3200 -0.013671875
3201 -0.1279296875
3202 -0.0439453125
3203 0.0224609375
3204 -0.0126953125
3205 -0.15625
3206 -0.0302734375
3207 0.04296875
3208 0.0146484375
3209 -0.0400390625
3210 0.0703125
3211 0.130859375
3212 0.0830078125
3213 -0.01171875
3214 0.037109375
3215 0.087890625
3216 0.0380859375
3217 -0.0927734375
3218 0.0205078125
3219 0.0849609375
3220 0.0439453125
3221 -0.091796875
3222 -0.0517578125
3223 0.013671875
3224 -0.0185546875
3225 -0.1328125
3226 -0.046875
3227 0.0205078125
3228 -0.0126953125
3229 -0.1279296875
3230 -0.0439453125
3231 0.0205078125
3232 -0.0126953125
3233 -0.154296875
3234 -0.0263671875
3235 0.0458984375
3236 0.015625
3237 -0.0400390625
3238 0.0712890625
3239 0.1357421875
3240 0.08203125
3241 -0.0126953125
3242 0.037109375
3243 0.091796875
3244 0.0390625
3245 -0.091796875
3246 0.0224609375
3247 0.087890625
3248 0.0439453125
3249 -0.0908203125
3250 -0.0517578125
3251 0.015625
3252 -0.0166015625
3253 -0.1328125
3254 -0.0458984375
3255 0.021484375
3256 -0.0146484375
3257 -0.1298828125
3258 -0.04296875
3259 0.0244140625
3260 -0.0126953125
3261 -0.15625
3262 -0.0283203125
3263 0.046875
3264 0.0146484375
3265 -0.0419921875
3266 0.0703125
3267 0.1357421875
3268 0.0810546875
3269 -0.01171875
3270 0.037109375
3271 0.091796875
3272 0.037109375
3273 -0.09375
3274 0.0224609375
3275 0.087890625
3276 0.044921875
3277 -0.0927734375
3278 -0.05078125
3279 0.0146484375
3280 -0.017578125
3281 -0.1328125
3282 -0.0478515625
3283 0.021484375
3284 -0.0126953125
3285 -0.125
3286 -0.041015625
3287 0.0234375
3288 -0.01171875
3289 -0.130859375
3290 -0.009765625
3291 0.0625
3292 0.0283203125
3293 -0.0830078125
3294 -0.0361328125
3295 0.029296875
3296 -0.0087890625
3297 -0.16796875
3298 -0.0927734375
3299 -0.015625
3300 -0.0400390625
3301 -0.134765625
3302 -0.046875
3303 0.021484375
3304 -0.009765625
3305 -0.1796875
3306 -0.1123046875
3307 -0.0283203125
3308 -0.05078125
3309 -0.205078125
3310 -0.125
3311 -0.0361328125
3312 -0.05859375
3313 -0.1611328125
3314 -0.0654296875
3315 0.01171875
3316 -0.0234375
3317 -0.1181640625
3318 -0.0283203125
3319 0.0400390625
3320 0.0
3321 -0.1103515625
3322 0.013671875
3323 0.0859375
3324 0.0439453125
3325 -0.0771484375
3326 -0.0322265625
3327 0.0361328125
3328 -0.001953125
3329 -0.1171875
3330 -0.03125
3331 0.0390625
3332 0.0009765625
3333 -0.1171875
3334 -0.0302734375
3335 0.037109375
3336 0.0009765625
3337 -0.107421875
3338 -0.0234375
3339 0.046875
3340 0.0068359375
3341 -0.0947265625
3342 -0.015625
3343 0.052734375
3344 0.0126953125
3345 -0.1162109375
3346 -0.0283203125
3347 0.0361328125
3348 0.0
3349 -0.1865234375
3350 -0.109375
3351 -0.033203125
3352 -0.048828125
3353 -0.2041015625
3354 -0.1279296875
3355 -0.0576171875
3356 -0.0478515625
3357 -0.138671875
3358 -0.0673828125
3359 -0.01171875
3360 -0.013671875
3361 -0.1416015625
3362 -0.0703125
3363 -0.015625
3364 -0.0146484375
3365 -0.1533203125
3366 -0.0419921875
3367 0.0185546875
3368 0.021484375
3369 -0.0478515625
3370 0.0458984375
3371 0.095703125
3372 0.0810546875
3373 0.03125
3374 0.1142578125
3375 0.1533203125
3376 0.1259765625
3377 0.046875
3378 0.064453125
3379 0.1005859375
3380 0.072265625
3381 -0.0205078125
3382 0.02734375
3383 0.0673828125
3384 0.044921875
3385 -0.056640625
3386 0.0048828125
3387 0.0478515625
3388 0.025390625
3389 -0.076171875
3390 -0.013671875
3391 0.029296875
3392 0.013671875
3393 -0.099609375
3394 0.0029296875
3395 0.0546875
3396 0.04296875
3397 -0.1025390625
3398 -0.07421875
3399 -0.0185546875
3400 -0.0185546875
3401 -0.197265625
3402 -0.1376953125
3403 -0.06640625
3404 -0.0546875
3405 -0.1552734375
3406 -0.0771484375
3407 -0.0205078125
3408 -0.0205078125
3409 -0.1611328125
3410 -0.0859375
3411 -0.025390625
3412 -0.0244140625
3413 -0.154296875
3414 -0.0400390625
3415 0.0224609375
3416 0.021484375
3417 -0.0595703125
3418 0.037109375
3419 0.0888671875
3420 0.072265625
3421 -0.0068359375
3422 0.0791015625
3423 0.1240234375
3424 0.1015625
3425 0.01953125
3426 0.1015625
3427 0.1435546875
3428 0.11328125
3429 0.0263671875
3430 0.1025390625
3431 0.14453125
3432 0.1142578125
3433 0.0166015625
3434 0.095703125
3435 0.1376953125
3436 0.1064453125
3437 0.0009765625
3438 0.083984375
3439 0.125
3440 0.0966796875
3441 0.037109375
3442 0.1171875
3443 0.1533203125
3444 0.12109375
3445 0.0166015625
3446 0.03515625
3447 0.0673828125
3448 0.04296875
3449 -0.0634765625
3450 -0.0107421875
3451 0.033203125
3452 0.0166015625
3453 -0.1220703125
3454 -0.060546875
3455 -0.009765625
3456 -0.015625
3457 -0.1416015625
3458 -0.0361328125
3459 0.021484375
3460 0.0185546875
3461 -0.0634765625
3462 0.029296875
3463 0.078125
3464 0.0615234375
3465 -0.0263671875
3466 0.05859375
3467 0.1044921875
3468 0.0830078125
3469 -0.0205078125
3470 0.0625
3471 0.10546875
3472 0.0810546875
3473 -0.029296875
3474 0.0556640625
3475 0.1015625
3476 0.076171875
3477 0.0146484375
3478 0.09375
3479 0.1337890625
3480 0.1005859375
3481 -0.021484375
3482 -0.0029296875
3483 0.037109375
3484 0.017578125
3485 -0.142578125
3486 -0.0341796875
3487 0.0234375
3488 0.0166015625
3489 -0.09765625
3490 -0.0712890625
3491 -0.0185546875
3492 -0.025390625
3493 -0.1201171875
3494 -0.0166015625
3495 0.0380859375
3496 0.02734375
3497 -0.0615234375
3498 -0.0576171875
3499 -0.001953125
3500 -0.01171875
3501 -0.099609375
3502 0.0009765625
3503 0.052734375
3504 0.0390625
3505 -0.0478515625
3506 -0.0234375
3507 0.021484375
3508 0.0068359375
3509 -0.087890625
3510 -0.0283203125
3511 0.0205078125
3512 0.005859375
3513 -0.134765625
3514 -0.068359375
3515 -0.017578125
3516 -0.0224609375
3517 -0.1533203125
3518 -0.083984375
3519 -0.0283203125
3520 -0.0283203125
3521 -0.1796875
3522 -0.0673828125
3523 -0.00390625
3524 -0.0009765625
3525 -0.0859375
3526 0.0107421875
3527 0.0625
3528 0.05078125
3529 -0.0380859375
3530 0.0478515625
3531 0.0947265625
3532 0.0751953125
3533 -0.013671875
3534 0.0703125
3535 0.1123046875
3536 0.0888671875
3537 0.005859375
3538 0.0859375
3539 0.125
3540 0.09765625
3541 0.009765625
3542 0.0849609375
3543 0.125
3544 0.095703125
3545 0.0
3546 0.0751953125
3547 0.1162109375
3548 0.0888671875
3549 -0.017578125
3550 0.060546875
3551 0.1025390625
3552 0.078125
3553 0.0029296875
3554 0.083984375
3555 0.1201171875
3556 0.091796875
3557 -0.0361328125
3558 -0.0205078125
3559 0.021484375
3560 0.0087890625
3561 -0.0908203125
3562 0.00390625
3563 0.0517578125
3564 0.0380859375
3565 -0.0107421875
3566 0.072265625
3567 0.1123046875
3568 0.0869140625
3569 0.0380859375
3570 0.111328125
3571 0.1474609375
3572 0.1123046875
3573 0.056640625
3574 0.1279296875
3575 0.1591796875
3576 0.123046875
3577 0.0224609375
3578 0.0390625
3579 0.068359375
3580 0.041015625
3581 -0.0771484375
3582 -0.0263671875
3583 0.01171875
3584 -0.00390625
3585 -0.1240234375
3586 -0.0615234375
3587 -0.0146484375
3588 -0.025390625
3589 -0.13671875
3590 -0.0771484375
3591 -0.025390625
3592 -0.0322265625
3593 -0.1435546875
3594 -0.0771484375
3595 -0.02734375
3596 -0.033203125
3597 -0.14453125
3598 -0.0810546875
3599 -0.03125
3600 -0.0341796875
3601 -0.1728515625
3602 -0.1005859375
3603 -0.044921875
3604 -0.0439453125
3605 -0.1474609375
3606 -0.041015625
3607 0.0146484375
3608 0.0087890625
3609 -0.1181640625
3610 -0.091796875
3611 -0.033203125
3612 -0.037109375
3613 -0.1328125
3614 -0.0703125
3615 -0.0146484375
3616 -0.0224609375
3617 -0.125
3618 -0.056640625
3619 -0.0087890625
3620 -0.0185546875
3621 -0.12890625
3622 -0.0625
3623 -0.0126953125
3624 -0.0185546875
3625 -0.1728515625
3626 -0.0595703125
3627 -0.0009765625
3628 -0.0009765625
3629 -0.0703125
3630 0.0283203125
3631 0.0771484375
3632 0.056640625
3633 -0.0712890625
3634 0.021484375
3635 0.068359375
3636 0.0498046875
3637 -0.0888671875
3638 -0.0712890625
3639 -0.015625
3640 -0.0234375
3641 -0.1875
3642 -0.1123046875
3643 -0.0478515625
3644 -0.0458984375
3645 -0.1513671875
3646 -0.07421875
3647 -0.021484375
3648 -0.0263671875
3649 -0.1123046875
3650 -0.0078125
3651 0.0458984375
3652 0.037109375
3653 -0.0537109375
3654 -0.0537109375
3655 0.0029296875
3656 -0.0068359375
3657 -0.1142578125
3658 -0.013671875
3659 0.0419921875
3660 0.0322265625
3661 -0.0537109375
3662 0.0361328125
3663 0.087890625
3664 0.06640625
3665 -0.0263671875
3666 -0.0029296875
3667 0.037109375
3668 0.01953125
3669 -0.095703125
3670 0.0048828125
3671 0.0517578125
3672 0.041015625
3673 -0.08984375
3674 -0.0634765625
3675 -0.0126953125
3676 -0.0205078125
3677 -0.197265625
3678 -0.1201171875
3679 -0.0537109375
3680 -0.048828125
3681 -0.1572265625
3682 -0.0859375
3683 -0.0283203125
3684 -0.029296875
3685 -0.15234375
3686 -0.078125
3687 -0.021484375
3688 -0.025390625
3689 -0.1796875
3690 -0.060546875
3691 0.001953125
3692 0.001953125
3693 -0.048828125
3694 0.046875
3695 0.0927734375
3696 0.07421875
3697 -0.00390625
3698 0.0810546875
3699 0.1259765625
3700 0.0986328125
3701 0.00390625
3702 0.0869140625
3703 0.126953125
3704 0.1005859375
3705 0.0400390625
3706 0.119140625
3707 0.1552734375
3708 0.1201171875
3709 0.03125
3710 0.044921875
3711 0.0810546875
3712 0.0537109375
3713 -0.044921875
3714 0.01171875
3715 0.0517578125
3716 0.029296875
3717 -0.076171875
3718 -0.017578125
3719 0.0224609375
3720 0.0087890625
3721 -0.16015625
3722 -0.0478515625
3723 0.0078125
3724 0.0048828125
3725 -0.13671875
3726 -0.1064453125
3727 -0.04296875
3728 -0.0439453125
3729 -0.212890625
3730 -0.0888671875
3731 -0.0166015625
3732 -0.013671875
3733 -0.06640625
3734 0.033203125
3735 0.0810546875
3736 0.0625
3737 -0.0087890625
3738 0.0771484375
3739 0.1171875
3740 0.0947265625
3741 0.0068359375
3742 0.0888671875
3743 0.1279296875
3744 0.1005859375
3745 0.0517578125
3746 0.126953125
3747 0.1630859375
3748 0.1279296875
3749 0.0234375
3750 0.0380859375
3751 0.0732421875
3752 0.046875
3753 -0.1298828125
3754 -0.080078125
3755 -0.025390625
3756 -0.02734375
3757 -0.130859375
3758 -0.06640625
3759 -0.0146484375
3760 -0.0185546875
3761 -0.158203125
3762 -0.0849609375
3763 -0.033203125
3764 -0.033203125
3765 -0.1650390625
3766 -0.0517578125
3767 0.0087890625
3768 0.0068359375
3769 -0.07421875
3770 0.0185546875
3771 0.0712890625
3772 0.0537109375
3773 -0.033203125
3774 0.05078125
3775 0.0966796875
3776 0.0751953125
3777 -0.0107421875
3778 0.06640625
3779 0.109375
3780 0.0869140625
3781 -0.0029296875
3782 0.0751953125
3783 0.1162109375
3784 0.0927734375
3785 -0.0048828125
3786 0.072265625
3787 0.11328125
3788 0.087890625
3789 -0.0263671875
3790 0.0537109375
3791 0.0947265625
3792 0.072265625
3793 -0.0146484375
3794 0.064453125
3795 0.1083984375
3796 0.0810546875
3797 0.03125
3798 0.1064453125
3799 0.14453125
3800 0.109375
3801 0.0595703125
3802 0.1328125
3803 0.1650390625
3804 0.126953125
3805 0.04296875
3806 0.0625
3807 0.0908203125
3808 0.056640625
3809 -0.0654296875
3810 -0.0185546875
3811 0.0185546875
3812 0.001953125
3813 -0.142578125
3814 -0.0810546875
3815 -0.0283203125
3816 -0.0361328125
3817 -0.140625
3818 -0.037109375
3819 0.0185546875
3820 0.0087890625
3821 -0.0283203125
3822 0.0556640625
3823 0.1005859375
3824 0.0751953125
3825 0.041015625
3826 0.1181640625
3827 0.1552734375
3828 0.119140625
3829 0.076171875
3830 0.1455078125
3831 0.1787109375
3832 0.138671875
3833 0.0791015625
3834 0.1474609375
3835 0.17578125
3836 0.1337890625
3837 0.083984375
3838 0.1513671875
3839 0.181640625
3840 0.13671875
3841 0.056640625
3842 0.0771484375
3843 0.1025390625
3844 0.0615234375
3845 -0.0283203125
3846 0.048828125
3847 0.0869140625
3848 0.05859375
3849 -0.0361328125
3850 -0.0166015625
3851 0.0185546875
3852 -0.001953125
3853 -0.1064453125
3854 -0.048828125
3855 -0.005859375
3856 -0.021484375
3857 -0.1181640625
3858 -0.0595703125
3859 -0.013671875
3860 -0.0283203125
3861 -0.1337890625
3862 -0.0732421875
3863 -0.025390625
3864 -0.037109375
3865 -0.1376953125
3866 -0.0712890625
3867 -0.0224609375
3868 -0.037109375
3869 -0.1767578125
3870 -0.1064453125
3871 -0.0556640625
3872 -0.0595703125
3873 -0.1982421875
3874 -0.123046875
3875 -0.0673828125
3876 -0.06640625
3877 -0.18359375
3878 -0.076171875
3879 -0.0126953125
3880 -0.013671875
3881 -0.078125
3882 0.013671875
3883 0.0615234375
3884 0.04296875
3885 -0.02734375
3886 0.0546875
3887 0.09765625
3888 0.0703125
3889 0.0029296875
3890 0.0791015625
3891 0.123046875
3892 0.087890625
3893 0.0107421875
3894 0.0859375
3895 0.125
3896 0.08984375
3897 0.03125
3898 0.107421875
3899 0.142578125
3900 0.1044921875
3901 0.0263671875
3902 0.044921875
3903 0.0751953125
3904 0.0419921875
3905 -0.0576171875
3906 -0.0048828125
3907 0.033203125
3908 0.005859375
3909 -0.0947265625
3910 -0.03515625
3911 0.00390625
3912 -0.0146484375
3913 -0.0986328125
3914 -0.0048828125
3915 0.0439453125
3916 0.025390625
3917 -0.015625
3918 0.0693359375
3919 0.109375
3920 0.0791015625
3921 -0.0224609375
3922 -0.0029296875
3923 0.03125
3924 0.0068359375
3925 -0.15234375
3926 -0.048828125
3927 0.0029296875
3928 -0.005859375
3929 -0.13671875
3930 -0.11328125
3931 -0.052734375
3932 -0.0595703125
3933 -0.1630859375
3934 -0.0556640625
3935 0.00390625
3936 -0.005859375
3937 -0.0791015625
3938 0.015625
3939 0.0634765625
3940 0.0400390625
3941 -0.052734375
3942 -0.0322265625
3943 0.0126953125
3944 -0.0087890625
3945 -0.1484375
3946 -0.0791015625
3947 -0.0341796875
3948 -0.0439453125
3949 -0.197265625
3950 -0.1259765625
3951 -0.064453125
3952 -0.0654296875
3953 -0.19921875
3954 -0.1220703125
3955 -0.0615234375
3956 -0.0634765625
3957 -0.158203125
3958 -0.0830078125
3959 -0.029296875
3960 -0.0390625
3961 -0.158203125
3962 -0.05078125
3963 0.0029296875
3964 -0.0009765625
3965 -0.1689453125
3966 -0.1357421875
3967 -0.0751953125
3968 -0.068359375
3969 -0.185546875
3970 -0.1103515625
3971 -0.0498046875
3972 -0.05078125
3973 -0.1298828125
3974 -0.0615234375
3975 -0.0087890625
3976 -0.0185546875
3977 -0.142578125
3978 -0.0732421875
3979 -0.0224609375
3980 -0.0302734375
3981 -0.1767578125
3982 -0.0634765625
3983 0.0
3984 -0.001953125
3985 -0.04296875
3986 0.0498046875
3987 0.0966796875
3988 0.0732421875
3989 0.0185546875
3990 0.099609375
3991 0.1376953125
3992 0.1064453125
3993 0.0009765625
3994 0.01953125
3995 0.0517578125
3996 0.029296875
3997 -0.087890625
3998 -0.029296875
3999 -0.0146484375
4000 0.0283203125
4001 -0.0283203125
4002 0.0048828125
4003 0.0146484375
4004 0.0537109375
4005 0.0302734375
4006 0.0537109375
4007 0.0537109375
4008 0.0869140625
4009 0.0146484375
4010 -0.02734375
4011 -0.0244140625
4012 0.013671875
4013 -0.0556640625
4014 -0.0517578125
4015 -0.0458984375
4016 -0.0009765625
4017 -0.103515625
4018 -0.08984375
4019 -0.078125
4020 -0.029296875
4021 -0.111328125
4022 -0.0595703125
4023 -0.0419921875
4024 0.0087890625
4025 -0.0322265625
4026 0.0029296875
4027 0.0146484375
4028 0.0537109375
4029 0.005859375
4030 0.033203125
4031 0.037109375
4032 0.0732421875
4033 0.0283203125
4034 0.05078125
4035 0.0517578125
4036 0.0849609375
4037 0.0400390625
4038 0.0595703125
4039 0.060546875
4040 0.0908203125
4041 0.03515625
4042 0.0546875
4043 0.0556640625
4044 0.0859375
4045 0.0126953125
4046 0.03515625
4047 0.0361328125
4048 0.0693359375
4049 0.021484375
4050 0.04296875
4051 0.0458984375
4052 0.0771484375
4053 0.06640625
4054 0.0849609375
4055 0.08203125
4056 0.1064453125
4057 0.0986328125
4058 0.1103515625
4059 0.1025390625
4060 0.123046875
4061 0.0810546875
4062 0.041015625
4063 0.029296875
4064 0.0537109375
4065 -0.0322265625
4066 -0.041015625
4067 -0.0400390625
4068 -0.0009765625
4069 -0.109375
4070 -0.1015625
4071 -0.0869140625
4072 -0.037109375
4073 -0.103515625
4074 -0.056640625
4075 -0.0419921875
4076 0.0068359375
4077 0.009765625
4078 0.037109375
4079 0.0390625
4080 0.0732421875
4081 0.0859375
4082 0.1005859375
4083 0.095703125
4084 0.1181640625
4085 0.119140625
4086 0.126953125
4087 0.1181640625
4088 0.1376953125
4089 0.12109375
4090 0.126953125
4091 0.115234375
4092 0.1328125
4093 0.126953125
4094 0.1318359375
4095 0.119140625
4096 0.13671875
4097 0.09765625
4098 0.0576171875
4099 0.041015625
4100 0.0625
4101 0.01171875
4102 0.0322265625
4103 0.02734375
4104 0.0615234375
4105 0.00390625
4106 -0.03515625
4107 -0.037109375
4108 -0.0009765625
4109 -0.0712890625
4110 -0.068359375
4111 -0.0654296875
4112 -0.0244140625
4113 -0.0810546875
4114 -0.078125
4115 -0.0703125
4116 -0.0302734375
4117 -0.1005859375
4118 -0.0927734375
4119 -0.083984375
4120 -0.0390625
4121 -0.126953125
4122 -0.1123046875
4123 -0.099609375
4124 -0.0498046875
4125 -0.109375
4126 -0.0986328125
4127 -0.08984375
4128 -0.0400390625
4129 -0.0869140625
4130 -0.076171875
4131 -0.0693359375
4132 -0.02734375
4133 -0.091796875
4134 -0.08203125
4135 -0.072265625
4136 -0.0302734375
4137 -0.1416015625
4138 -0.1494140625
4139 -0.1240234375
4140 -0.064453125
4141 -0.1240234375
4142 -0.1103515625
4143 -0.0947265625
4144 -0.041015625
4145 -0.1103515625
4146 -0.0927734375
4147 -0.083984375
4148 -0.033203125
4149 -0.0810546875
4150 -0.0361328125
4151 -0.021484375
4152 0.0234375
4153 -0.029296875
4154 -0.0830078125
4155 -0.06640625
4156 -0.0205078125
4157 -0.0947265625
4158 -0.048828125
4159 -0.0322265625
4160 0.015625
4161 -0.04296875
4162 -0.0068359375
4163 0.005859375
4164 0.044921875
4165 -0.009765625
4166 -0.0439453125
4167 -0.041015625
4168 0.0
4169 -0.076171875
4170 -0.029296875
4171 -0.0205078125
4172 0.0244140625
4173 -0.0771484375
4174 -0.1025390625
4175 -0.0908203125
4176 -0.0380859375
4177 -0.1669921875
4178 -0.1396484375
4179 -0.1162109375
4180 -0.0576171875
4181 -0.1298828125
4182 -0.107421875
4183 -0.091796875
4184 -0.0390625
4185 -0.107421875
4186 -0.0927734375
4187 -0.0771484375
4188 -0.0263671875
4189 -0.130859375
4190 -0.1162109375
4191 -0.09375
4192 -0.037109375
4193 -0.1064453125
4194 -0.08984375
4195 -0.0732421875
4196 -0.0224609375
4197 -0.1015625
4198 -0.0888671875
4199 -0.07421875
4200 -0.0205078125
4201 -0.1318359375
4202 -0.1123046875
4203 -0.0888671875
4204 -0.033203125
4205 -0.1025390625
4206 -0.048828125
4207 -0.0283203125
4208 0.0224609375
4209 0.02734375
4210 0.056640625
4211 0.0634765625
4212 0.095703125
4213 0.1083984375
4214 0.123046875
4215 0.119140625
4216 0.1435546875
4217 0.14453125
4218 0.1533203125
4219 0.1435546875
4220 0.1630859375
4221 0.146484375
4222 0.1552734375
4223 0.142578125
4224 0.1591796875
4225 0.1533203125
4226 0.1572265625
4227 0.146484375
4228 0.1611328125
4229 0.1240234375
4230 0.08203125
4231 0.06640625
4232 0.087890625
4233 0.0380859375
4234 0.0576171875
4235 0.0537109375
4236 0.0830078125
4237 0.02734375
4238 -0.01171875
4239 -0.0146484375
4240 0.0205078125
4241 -0.044921875
4242 -0.044921875
4243 -0.0400390625
4244 0.001953125
4245 -0.0576171875
4246 -0.0556640625
4247 -0.046875
4248 -0.0068359375
4249 -0.0771484375
4250 -0.072265625
4251 -0.0615234375
4252 -0.017578125
4253 -0.10546875
4254 -0.091796875
4255 -0.078125
4256 -0.03125
4257 -0.08984375
4258 -0.0810546875
4259 -0.0693359375
4260 -0.021484375
4261 -0.0703125
4262 -0.0576171875
4263 -0.052734375
4264 -0.0078125
4265 -0.07421875
4266 -0.0615234375
4267 -0.0517578125
4268 -0.0078125
4269 -0.12109375
4270 -0.1279296875
4271 -0.10546875
4272 -0.048828125
4273 -0.1044921875
4274 -0.0908203125
4275 -0.0751953125
4276 -0.0244140625
4277 -0.091796875
4278 -0.078125
4279 -0.0654296875
4280 -0.0185546875
4281 -0.064453125
4282 -0.0205078125
4283 -0.005859375
4284 0.0390625
4285 -0.0126953125
4286 -0.0673828125
4287 -0.052734375
4288 -0.0048828125
4289 -0.07421875
4290 -0.0263671875
4291 -0.009765625
4292 0.0341796875
4293 -0.0126953125
4294 0.01953125
4295 0.0302734375
4296 0.06640625
4297 0.0126953125
4298 -0.0244140625
4299 -0.017578125
4300 0.01953125
4301 -0.0595703125
4302 -0.0166015625
4303 -0.005859375
4304 0.0380859375
4305 -0.0537109375
4306 -0.0830078125
4307 -0.0693359375
4308 -0.0205078125
4309 -0.1513671875
4310 -0.1240234375
4311 -0.099609375
4312 -0.0439453125
4313 -0.1181640625
4314 -0.0947265625
4315 -0.0791015625
4316 -0.029296875
4317 -0.0947265625
4318 -0.0791015625
4319 -0.064453125
4320 -0.0146484375
4321 -0.1201171875
4322 -0.103515625
4323 -0.0830078125
4324 -0.0263671875
4325 -0.0947265625
4326 -0.080078125
4327 -0.064453125
4328 -0.013671875
4329 -0.091796875
4330 -0.0791015625
4331 -0.064453125
4332 -0.01171875
4333 -0.125
4334 -0.1044921875
4335 -0.08203125
4336 -0.0244140625
4337 -0.0947265625
4338 -0.041015625
4339 -0.021484375
4340 0.0302734375
4341 0.037109375
4342 0.0654296875
4343 0.0712890625
4344 0.103515625
4345 0.1162109375
4346 0.1318359375
4347 0.12890625
4348 0.15234375
4349 0.1513671875
4350 0.1591796875
4351 0.15234375
4352 0.1708984375
4353 0.1552734375
4354 0.1611328125
4355 0.1494140625
4356 0.166015625
4357 0.1591796875
4358 0.1650390625
4359 0.1533203125
4360 0.169921875
4361 0.1298828125
4362 0.08984375
4363 0.07421875
4364 0.0927734375
4365 0.0439453125
4366 0.0634765625
4367 0.0615234375
4368 0.091796875
4369 0.0361328125
4370 -0.0029296875
4371 -0.005859375
4372 0.029296875
4373 -0.0400390625
4374 -0.0380859375
4375 -0.03515625
4376 0.005859375
4377 -0.0517578125
4378 -0.0478515625
4379 -0.041015625
4380 -0.0009765625
4381 -0.0712890625
4382 -0.0634765625
4383 -0.0556640625
4384 -0.009765625
4385 -0.0986328125
4386 -0.0859375
4387 -0.0703125
4388 -0.0234375
4389 -0.0830078125
4390 -0.07421875
4391 -0.0625
4392 -0.0166015625
4393 -0.0615234375
4394 -0.0517578125
4395 -0.044921875
4396 -0.001953125
4397 -0.0673828125
4398 -0.0556640625
4399 -0.048828125
4400 -0.0048828125
4401 -0.1181640625
4402 -0.123046875
4403 -0.1005859375
4404 -0.04296875
4405 -0.1025390625
4406 -0.0869140625
4407 -0.0703125
4408 -0.021484375
4409 -0.087890625
4410 -0.0712890625
4411 -0.060546875
4412 -0.013671875
4413 -0.05859375
4414 -0.015625
4415 -0.001953125
4416 0.0439453125
4417 -0.0048828125
4418 -0.0615234375
4419 -0.0458984375
4420 0.0
4421 -0.068359375
4422 -0.0205078125
4423 -0.0068359375
4424 0.0400390625
4425 -0.009765625
4426 0.0244140625
4427 0.0341796875
4428 0.0712890625
4429 0.015625
4430 -0.0205078125
4431 -0.017578125
4432 0.021484375
4433 -0.0556640625
4434 -0.0126953125
4435 -0.0009765625
4436 0.04296875
4437 -0.046875
4438 -0.076171875
4439 -0.0634765625
4440 -0.015625
4441 -0.1455078125
4442 -0.1201171875
4443 -0.095703125
4444 -0.0390625
4445 -0.115234375
4446 -0.0908203125
4447 -0.076171875
4448 -0.0244140625
4449 -0.09375
4450 -0.0771484375
4451 -0.0615234375
4452 -0.01171875
4453 -0.119140625
4454 -0.1015625
4455 -0.0810546875
4456 -0.0263671875
4457 -0.0908203125
4458 -0.0771484375
4459 -0.0595703125
4460 -0.0087890625
4461 -0.0869140625
4462 -0.0771484375
4463 -0.0595703125
4464 -0.0078125
4465 -0.1181640625
4466 -0.0986328125
4467 -0.0771484375
4468 -0.01953125
4469 -0.0908203125
4470 -0.03515625
4471 -0.0166015625
4472 0.0341796875
4473 0.0400390625
4474 0.0693359375
4475 0.0751953125
4476 0.1083984375
4477 0.119140625
4478 0.134765625
4479 0.134765625
4480 0.1552734375
4481 0.1552734375
4482 0.1630859375
4483 0.1591796875
4484 0.1728515625
4485 0.1591796875
4486 0.1650390625
4487 0.154296875
4488 0.171875
4489 0.1640625
4490 0.1689453125
4491 0.158203125
4492 0.173828125
4493 0.134765625
4494 0.09375
4495 0.0791015625
4496 0.095703125
4497 0.0458984375
4498 0.0673828125
4499 0.064453125
4500 0.09375
4501 0.0390625
4502 -0.0029296875
4503 -0.0029296875
4504 0.029296875
4505 -0.03515625
4506 -0.0361328125
4507 -0.03125
4508 0.0087890625
4509 -0.048828125
4510 -0.0439453125
4511 -0.0390625
4512 0.0029296875
4513 -0.0693359375
4514 -0.060546875
4515 -0.0517578125
4516 -0.0068359375
4517 -0.0966796875
4518 -0.0830078125
4519 -0.068359375
4520 -0.01953125
4521 -0.0810546875
4522 -0.0693359375
4523 -0.0595703125
4524 -0.013671875
4525 -0.0615234375
4526 -0.05078125
4527 -0.041015625
4528 -0.0009765625
4529 -0.064453125
4530 -0.0537109375
4531 -0.04296875
4532 -0.001953125
4533 -0.1142578125
4534 -0.1201171875
4535 -0.0986328125
4536 -0.0400390625
4537 -0.09765625
4538 -0.083984375
4539 -0.068359375
4540 -0.015625
4541 -0.083984375
4542 -0.068359375
4543 -0.05859375
4544 -0.009765625
4545 -0.0556640625
4546 -0.0146484375
4547 0.001953125
4548 0.046875
4549 -0.0048828125
4550 -0.0615234375
4551 -0.0439453125
4552 0.001953125
4553 -0.0625
4554 -0.01953125
4555 -0.0048828125
4556 0.0419921875
4557 -0.005859375
4558 0.0283203125
4559 0.03515625
4560 0.0751953125
4561 0.0185546875
4562 -0.0166015625
4563 -0.0126953125
4564 0.02734375
4565 -0.052734375
4566 -0.0087890625
4567 0.0009765625
4568 0.044921875
4569 -0.0458984375
4570 -0.0751953125
4571 -0.060546875
4572 -0.0126953125
4573 -0.142578125
4574 -0.1171875
4575 -0.0947265625
4576 -0.0380859375
4577 -0.1103515625
4578 -0.0859375
4579 -0.072265625
4580 -0.0205078125
4581 -0.08984375
4582 -0.072265625
4583 -0.05859375
4584 -0.0087890625
4585 -0.1123046875
4586 -0.0947265625
4587 -0.076171875
4588 -0.01953125
4589 -0.0888671875
4590 -0.0732421875
4591 -0.0576171875
4592 -0.0087890625
4593 -0.0859375
4594 -0.076171875
4595 -0.05859375
4596 -0.0068359375
4597 -0.119140625
4598 -0.1005859375
4599 -0.0771484375
4600 -0.01953125
4601 -0.087890625
4602 -0.0341796875
4603 -0.0166015625
4604 0.0380859375
4605 0.041015625
4606 0.0712890625
4607 0.0751953125
4608 0.1103515625
4609 0.12109375
4610 0.13671875
4611 0.1337890625
4612 0.158203125
4613 0.15625
4614 0.1650390625
4615 0.1572265625
4616 0.17578125
4617 0.16015625
4618 0.166015625
4619 0.1552734375
4620 0.171875
4621 0.1640625
4622 0.1689453125
4623 0.1591796875
4624 0.1728515625
4625 0.1357421875
4626 0.0966796875
4627 0.080078125
4628 0.0986328125
4629 0.048828125
4630 0.0703125
4631 0.06640625
4632 0.095703125
4633 0.041015625
4634 0.0029296875
4635 -0.0029296875
4636 0.033203125
4637 -0.0341796875
4638 -0.0341796875
4639 -0.0302734375
4640 0.0087890625
4641 -0.0478515625
4642 -0.0458984375
4643 -0.0380859375
4644 0.001953125
4645 -0.06640625
4646 -0.0595703125
4647 -0.0517578125
4648 -0.0068359375
4649 -0.095703125
4650 -0.0810546875
4651 -0.0673828125
4652 -0.0185546875
4653 -0.0791015625
4654 -0.0693359375
4655 -0.0595703125
4656 -0.0107421875
4657 -0.0576171875
4658 -0.048828125
4659 -0.0400390625
4660 0.001953125
4661 -0.0634765625
4662 -0.052734375
4663 -0.0439453125
4664 0.0
4665 -0.11328125
4666 -0.119140625
4667 -0.0947265625
4668 -0.0380859375
4669 -0.0966796875
4670 -0.0810546875
4671 -0.06640625
4672 -0.015625
4673 -0.083984375
4674 -0.06640625
4675 -0.0576171875
4676 -0.0087890625
4677 -0.0546875
4678 -0.0107421875
4679 0.001953125
4680 0.048828125
4681 -0.0048828125
4682 -0.05859375
4683 -0.041015625
4684 0.0029296875
4685 -0.0634765625
4686 -0.017578125
4687 -0.00390625
4688 0.0419921875
4689 -0.0068359375
4690 0.0263671875
4691 0.0361328125
4692 0.07421875
4693 0.0185546875
4694 -0.0185546875
4695 -0.015625
4696 0.0263671875
4697 -0.052734375
4698 -0.009765625
4699 0.001953125
4700 0.046875
4701 -0.0478515625
4702 -0.07421875
4703 -0.060546875
4704 -0.0126953125
4705 -0.1435546875
4706 -0.1171875
4707 -0.0908203125
4708 -0.037109375
4709 -0.111328125
4710 -0.0888671875
4711 -0.0712890625
4712 -0.0205078125
4713 -0.091796875
4714 -0.0732421875
4715 -0.05859375
4716 -0.0068359375
4717 -0.115234375
4718 -0.0966796875
4719 -0.0771484375
4720 -0.021484375
4721 -0.08984375
4722 -0.072265625
4723 -0.056640625
4724 -0.0068359375
4725 -0.0849609375
4726 -0.0732421875
4727 -0.0576171875
4728 -0.005859375
4729 -0.1181640625
4730 -0.0986328125
4731 -0.0751953125
4732 -0.017578125
4733 -0.0869140625
4734 -0.0341796875
4735 -0.0146484375
4736 0.0361328125
4737 0.04296875
4738 0.0712890625
4739 0.0751953125
4740 0.1103515625
4741 0.1220703125
4742 0.138671875
4743 0.1337890625
4744 0.1572265625
4745 0.1591796875
4746 0.1650390625
4747 0.158203125
4748 0.177734375
4749 0.1611328125
4750 0.166015625
4751 0.1552734375
4752 0.171875
4753 0.16796875
4754 0.1708984375
4755 0.1591796875
4756 0.1748046875
4757 0.1357421875
4758 0.09375
4759 0.0810546875
4760 0.099609375
4761 0.046875
4762 0.0693359375
4763 0.0634765625
4764 0.0966796875
4765 0.0380859375
4766 0.001953125
4767 -0.0029296875
4768 0.0341796875
4769 -0.0341796875
4770 -0.03125
4771 -0.03125
4772 0.0087890625
4773 -0.0458984375
4774 -0.0419921875
4775 -0.03515625
4776 0.00390625
4777 -0.064453125
4778 -0.05859375
4779 -0.0498046875
4780 -0.0048828125
4781 -0.0927734375
4782 -0.0810546875
4783 -0.0673828125
4784 -0.0185546875
4785 -0.0771484375
4786 -0.0703125
4787 -0.0595703125
4788 -0.0107421875
4789 -0.0595703125
4790 -0.0478515625
4791 -0.0419921875
4792 0.001953125
4793 -0.064453125
4794 -0.0517578125
4795 -0.0439453125
4796 0.0
4797 -0.1142578125
4798 -0.1181640625
4799 -0.0947265625
4800 -0.0380859375
4801 -0.0947265625
4802 -0.0830078125
4803 -0.064453125
4804 -0.0146484375
4805 -0.08203125
4806 -0.0673828125
4807 -0.056640625
4808 -0.0078125
4809 -0.0537109375
4810 -0.009765625
4811 0.0029296875
4812 0.048828125
4813 -0.0048828125
4814 -0.0576171875
4815 -0.0439453125
4816 0.0048828125
4817 -0.0625
4818 -0.017578125
4819 -0.0029296875
4820 0.0419921875
4821 -0.00390625
4822 0.0283203125
4823 0.0361328125
4824 0.076171875
4825 0.0205078125
4826 -0.0166015625
4827 -0.0126953125
4828 0.0263671875
4829 -0.0537109375
4830 -0.0087890625
4831 0.0
4832 0.0458984375
4833 -0.0458984375
4834 -0.0751953125
4835 -0.0625
4836 -0.0126953125
4837 -0.1455078125
4838 -0.1171875
4839 -0.09375
4840 -0.037109375
4841 -0.1103515625
4842 -0.08984375
4843 -0.072265625
4844 -0.01953125
4845 -0.087890625
4846 -0.0732421875
4847 -0.0576171875
4848 -0.0078125
4849 -0.1123046875
4850 -0.095703125
4851 -0.0751953125
4852 -0.0205078125
4853 -0.0888671875
4854 -0.072265625
4855 -0.0556640625
4856 -0.0048828125
4857 -0.0849609375
4858 -0.0712890625
4859 -0.056640625
4860 -0.0048828125
4861 -0.12109375
4862 -0.0986328125
4863 -0.0771484375
4864 -0.01953125
4865 -0.0888671875
4866 -0.0341796875
4867 -0.0146484375
4868 0.037109375
4869 0.04296875
4870 0.072265625
4871 0.078125
4872 0.111328125
4873 0.1240234375
4874 0.138671875
4875 0.1357421875
4876 0.158203125
4877 0.158203125
4878 0.16796875
4879 0.16015625
4880 0.177734375
4881 0.1611328125
4882 0.16796875
4883 0.15625
4884 0.173828125
4885 0.1669921875
4886 0.169921875
4887 0.158203125
4888 0.17578125
4889 0.13671875
4890 0.095703125
4891 0.0810546875
4892 0.099609375
4893 0.0498046875
4894 0.068359375
4895 0.0693359375
4896 0.0966796875
4897 0.041015625
4898 0.0029296875
4899 -0.0009765625
4900 0.033203125
4901 -0.0341796875
4902 -0.033203125
4903 -0.029296875
4904 0.0107421875
4905 -0.046875
4906 -0.0419921875
4907 -0.0361328125
4908 0.005859375
4909 -0.06640625
4910 -0.05859375
4911 -0.0517578125
4912 -0.005859375
4913 -0.0927734375
4914 -0.080078125
4915 -0.06640625
4916 -0.0185546875
4917 -0.0771484375
4918 -0.0673828125
4919 -0.056640625
4920 -0.0107421875
4921 -0.0576171875
4922 -0.0478515625
4923 -0.0390625
4924 0.0029296875
4925 -0.0634765625
4926 -0.0498046875
4927 -0.04296875
4928 0.0009765625
4929 -0.11328125
4930 -0.1181640625
4931 -0.0966796875
4932 -0.0400390625
4933 -0.095703125
4934 -0.0830078125
4935 -0.0654296875
4936 -0.0146484375
4937 -0.0810546875
4938 -0.0673828125
4939 -0.0556640625
4940 -0.009765625
4941 -0.0546875
4942 -0.009765625
4943 0.00390625
4944 0.048828125
4945 -0.0029296875
4946 -0.0576171875
4947 -0.0419921875
4948 0.0048828125
4949 -0.0634765625
4950 -0.017578125
4951 -0.0029296875
4952 0.044921875
4953 -0.0068359375
4954 0.0263671875
4955 0.0361328125
4956 0.07421875
4957 0.017578125
4958 -0.01953125
4959 -0.0146484375
4960 0.0244140625
4961 -0.05078125
4962 -0.0078125
4963 0.001953125
4964 0.046875
4965 -0.044921875
4966 -0.07421875
4967 -0.0615234375
4968 -0.01171875
4969 -0.1435546875
4970 -0.1162109375
4971 -0.091796875
4972 -0.0341796875
4973 -0.111328125
4974 -0.0869140625
4975 -0.072265625
4976 -0.0185546875
4977 -0.091796875
4978 -0.0732421875
4979 -0.05859375
4980 -0.0087890625
4981 -0.1162109375
4982 -0.09765625
4983 -0.0751953125
4984 -0.0224609375
4985 -0.08984375
4986 -0.072265625
4987 -0.0546875
4988 -0.005859375
4989 -0.083984375
4990 -0.072265625
4991 -0.0576171875
4992 -0.0048828125
4993 -0.115234375
4994 -0.0927734375
4995 -0.0732421875
4996 -0.015625
4997 -0.0869140625
4998 -0.03125
4999 -0.0146484375
