x y
0 0.02734375
1 -0.0908203125
2 -0.0703125
3 -0.015625
4 -0.0244140625
5 -0.4150390625
6 -0.078125
7 -0.0048828125
8 -0.0341796875
9 -0.1533203125
10 -0.064453125
11 0.0048828125
12 -0.021484375
13 -0.1318359375
14 -0.0087890625
15 0.064453125
16 0.0302734375
17 -0.0791015625
18 -0.0615234375
19 0.0126953125
20 -0.0166015625
21 -0.14453125
22 -0.01953125
23 0.060546875
24 0.0263671875
25 -0.1064453125
26 -0.0634765625
27 0.009765625
28 -0.0205078125
29 -0.1357421875
30 -0.048828125
31 0.021484375
32 -0.0107421875
33 -0.1162109375
34 -0.0302734375
35 0.037109375
36 0.0009765625
37 -0.12109375
38 0.0029296875
39 0.0732421875
40 0.037109375
41 -0.0537109375
42 0.060546875
43 0.125
44 0.076171875
45 0.0126953125
46 0.119140625
47 0.1787109375
48 0.1171875
49 0.0205078125
50 0.0673828125
51 0.119140625
52 0.0595703125
53 -0.0712890625
54 0.0400390625
55 0.103515625
56 0.056640625
57 -0.08203125
58 -0.0400390625
59 0.025390625
60 -0.0087890625
61 -0.126953125
62 -0.0400390625
63 0.0283203125
64 -0.0078125
65 -0.1240234375
66 -0.0390625
67 0.02734375
68 -0.0087890625
69 -0.15234375
70 -0.0263671875
71 0.052734375
72 0.0185546875
73 -0.037109375
74 0.0732421875
75 0.138671875
76 0.0849609375
77 -0.009765625
78 0.0400390625
79 0.0927734375
80 0.0400390625
81 -0.091796875
82 0.025390625
83 0.091796875
84 0.0478515625
85 -0.08984375
86 -0.048828125
87 0.0185546875
88 -0.0166015625
89 -0.1318359375
90 -0.044921875
91 0.025390625
92 -0.0126953125
93 -0.126953125
94 -0.0419921875
95 0.0263671875
96 -0.0107421875
97 -0.1552734375
98 -0.0263671875
99 0.048828125
100 0.0166015625
101 -0.0400390625
102 0.072265625
103 0.134765625
104 0.0830078125
105 -0.01171875
106 0.0380859375
107 0.0927734375
108 0.0390625
109 -0.091796875
110 0.0244140625
111 0.0908203125
112 0.0458984375
113 -0.0908203125
114 -0.0517578125
115 0.0166015625
116 -0.0166015625
117 -0.1318359375
118 -0.046875
119 0.0224609375
120 -0.0126953125
121 -0.1259765625
122 -0.04296875
123 0.0234375
124 -0.01171875
125 -0.1572265625
126 -0.029296875
127 0.0478515625
128 0.015625
129 -0.0419921875
130 0.072265625
131 0.134765625
132 0.0849609375
133 -0.01171875
134 0.0380859375
135 0.091796875
136 0.0390625
137 -0.09375
138 0.0224609375
139 0.0888671875
140 0.044921875
141 -0.09375
142 -0.0537109375
143 0.0146484375
144 -0.017578125
145 -0.1337890625
146 -0.0478515625
147 0.0185546875
148 -0.013671875
149 -0.130859375
150 -0.0439453125
151 0.0205078125
152 -0.0126953125
153 -0.154296875
154 -0.025390625
155 0.046875
156 0.0166015625
157 -0.0380859375
158 0.0712890625
159 0.13671875
160 0.0830078125
161 -0.009765625
162 0.037109375
163 0.0927734375
164 0.037109375
165 -0.091796875
166 0.0244140625
167 0.0927734375
168 0.046875
169 -0.09375
170 -0.0517578125
171 0.01953125
172 -0.017578125
173 -0.1357421875
174 -0.046875
175 0.0263671875
176 -0.0126953125
177 -0.1318359375
178 -0.04296875
179 0.0283203125
180 -0.0126953125
181 -0.1591796875
182 -0.0283203125
183 0.0537109375
184 0.0166015625
185 -0.0439453125
186 0.072265625
187 0.138671875
188 0.0830078125
189 -0.01171875
190 0.0390625
191 0.095703125
192 0.0380859375
193 -0.095703125
194 0.0224609375
195 0.08984375
196 0.0458984375
197 -0.095703125
198 -0.052734375
199 0.0166015625
200 -0.01953125
201 -0.1357421875
202 -0.0458984375
203 0.0205078125
204 -0.013671875
205 -0.130859375
206 -0.0439453125
207 0.0244140625
208 -0.0126953125
209 -0.1572265625
210 -0.02734375
211 0.048828125
212 0.0166015625
213 -0.041015625
214 0.0712890625
215 0.13671875
216 0.083984375
217 -0.0126953125
218 0.0380859375
219 0.0927734375
220 0.0380859375
221 -0.0947265625
222 0.0234375
223 0.08984375
224 0.0458984375
225 -0.09375
226 -0.052734375
227 0.0166015625
228 -0.0185546875
229 -0.134765625
230 -0.0478515625
231 0.0263671875
232 -0.013671875
233 -0.130859375
234 -0.0439453125
235 0.025390625
236 -0.013671875
237 -0.1572265625
238 -0.029296875
239 0.0478515625
240 0.013671875
241 -0.0439453125
242 0.0712890625
243 0.134765625
244 0.0830078125
245 -0.013671875
246 0.037109375
247 0.091796875
248 0.037109375
249 -0.095703125
250 0.021484375
251 0.087890625
252 0.044921875
253 -0.0947265625
254 -0.0537109375
255 0.017578125
256 -0.0185546875
257 -0.1337890625
258 -0.0478515625
259 0.0224609375
260 -0.0146484375
261 -0.1298828125
262 -0.0419921875
263 0.025390625
264 -0.0107421875
265 -0.1552734375
266 -0.0263671875
267 0.046875
268 0.0166015625
269 -0.0390625
270 0.0732421875
271 0.134765625
272 0.0849609375
273 -0.01171875
274 0.037109375
275 0.091796875
276 0.0380859375
277 -0.091796875
278 0.0244140625
279 0.0908203125
280 0.0478515625
281 -0.08984375
282 -0.05078125
283 0.0166015625
284 -0.015625
285 -0.1318359375
286 -0.046875
287 0.021484375
288 -0.0126953125
289 -0.1279296875
290 -0.04296875
291 0.0244140625
292 -0.0107421875
293 -0.1572265625
294 -0.029296875
295 0.046875
296 0.0146484375
297 -0.0400390625
298 0.0703125
299 0.1357421875
300 0.0830078125
301 -0.0107421875
302 0.037109375
303 0.0908203125
304 0.0380859375
305 -0.091796875
306 0.021484375
307 0.0869140625
308 0.0458984375
309 -0.08984375
310 -0.0517578125
311 0.0146484375
312 -0.015625
313 -0.130859375
314 -0.046875
315 0.0185546875
316 -0.0107421875
317 -0.125
318 -0.0439453125
319 0.0224609375
320 -0.0107421875
321 -0.1552734375
322 -0.0283203125
323 0.0458984375
324 0.015625
325 -0.037109375
326 0.0693359375
327 0.1357421875
328 0.083984375
329 -0.01171875
330 0.037109375
331 0.08984375
332 0.0390625
333 -0.091796875
334 0.0234375
335 0.087890625
336 0.046875
337 -0.091796875
338 -0.0498046875
339 0.013671875
340 -0.0166015625
341 -0.1328125
342 -0.0478515625
343 0.0185546875
344 -0.0146484375
345 -0.1279296875
346 -0.0458984375
347 0.0205078125
348 -0.0126953125
349 -0.1513671875
350 -0.029296875
351 0.0419921875
352 0.0166015625
353 -0.0390625
354 0.0712890625
355 0.1298828125
356 0.083984375
357 -0.009765625
358 0.037109375
359 0.0869140625
360 0.0390625
361 -0.091796875
362 0.0205078125
363 0.08203125
364 0.0478515625
365 -0.0927734375
366 -0.0546875
367 0.009765625
368 -0.017578125
369 -0.1298828125
370 -0.048828125
371 0.0166015625
372 -0.0126953125
373 -0.125
374 -0.044921875
375 0.017578125
376 -0.0087890625
377 -0.150390625
378 -0.0263671875
379 0.0439453125
380 0.017578125
381 -0.0361328125
382 0.0712890625
383 0.1298828125
384 0.0849609375
385 -0.0087890625
386 0.037109375
387 0.0859375
388 0.0380859375
389 -0.087890625
390 0.021484375
391 0.083984375
392 0.0458984375
393 -0.091796875
394 -0.0537109375
395 0.0126953125
396 -0.015625
397 -0.130859375
398 -0.0478515625
399 0.017578125
400 -0.0107421875
401 -0.1259765625
402 -0.0439453125
403 0.01953125
404 -0.01171875
405 -0.1533203125
406 -0.0283203125
407 0.044921875
408 0.017578125
409 -0.037109375
410 0.0703125
411 0.130859375
412 0.0830078125
413 -0.009765625
414 0.037109375
415 0.087890625
416 0.0390625
417 -0.0908203125
418 0.0205078125
419 0.0849609375
420 0.044921875
421 -0.091796875
422 -0.0537109375
423 0.01171875
424 -0.015625
425 -0.1318359375
426 -0.0458984375
427 0.017578125
428 -0.013671875
429 -0.126953125
430 -0.0439453125
431 0.0185546875
432 -0.0107421875
433 -0.154296875
434 -0.0283203125
435 0.0439453125
436 0.013671875
437 -0.0390625
438 0.0693359375
439 0.1318359375
440 0.083984375
441 -0.0107421875
442 0.03515625
443 0.087890625
444 0.0380859375
445 -0.091796875
446 0.021484375
447 0.0869140625
448 0.046875
449 -0.0927734375
450 -0.052734375
451 0.01171875
452 -0.0166015625
453 -0.1318359375
454 -0.048828125
455 0.0185546875
456 -0.0126953125
457 -0.126953125
458 -0.044921875
459 0.01953125
460 -0.0126953125
461 -0.15625
462 -0.029296875
463 0.0458984375
464 0.0166015625
465 -0.0390625
466 0.0712890625
467 0.1318359375
468 0.083984375
469 -0.009765625
470 0.037109375
471 0.087890625
472 0.0380859375
473 -0.0927734375
474 0.0224609375
475 0.0849609375
476 0.0458984375
477 -0.0927734375
478 -0.0537109375
479 0.01171875
480 -0.017578125
481 -0.1298828125
482 -0.0478515625
483 0.01953125
484 -0.0146484375
485 -0.126953125
486 -0.044921875
487 0.0205078125
488 -0.01171875
489 -0.1533203125
490 -0.0263671875
491 0.046875
492 0.0166015625
493 -0.0400390625
494 0.0712890625
495 0.1337890625
496 0.083984375
497 -0.0107421875
498 0.0390625
499 0.0908203125
500 0.0390625
501 -0.0908203125
502 0.0244140625
503 0.08984375
504 0.044921875
505 -0.0888671875
506 -0.0517578125
507 0.015625
508 -0.015625
509 -0.1298828125
510 -0.0458984375
511 0.01953125
512 -0.01171875
513 -0.1279296875
514 -0.0439453125
515 0.021484375
516 -0.0107421875
517 -0.154296875
518 -0.02734375
519 0.046875
520 0.0166015625
521 -0.041015625
522 0.072265625
523 0.1337890625
524 0.083984375
525 -0.01171875
526 0.0380859375
527 0.091796875
528 0.037109375
529 -0.0927734375
530 0.021484375
531 0.0888671875
532 0.044921875
533 -0.0927734375
534 -0.0517578125
535 0.0166015625
536 -0.01953125
537 -0.1337890625
538 -0.044921875
539 0.0224609375
540 -0.013671875
541 -0.12890625
542 -0.0419921875
543 0.0244140625
544 -0.0107421875
545 -0.16015625
546 -0.02734375
547 0.0498046875
548 0.013671875
549 -0.04296875
550 0.0712890625
551 0.138671875
552 0.08203125
553 -0.0126953125
554 0.037109375
555 0.0947265625
556 0.037109375
557 -0.095703125
558 0.0244140625
559 0.091796875
560 0.044921875
561 -0.09375
562 -0.05078125
563 0.0185546875
564 -0.017578125
565 -0.134765625
566 -0.044921875
567 0.0244140625
568 -0.013671875
569 -0.1318359375
570 -0.04296875
571 0.025390625
572 -0.0126953125
573 -0.1591796875
574 -0.0283203125
575 0.048828125
576 0.0146484375
577 -0.0439453125
578 0.0693359375
579 0.1376953125
580 0.08203125
581 -0.0146484375
582 0.0361328125
583 0.09375
584 0.037109375
585 -0.09765625
586 0.021484375
587 0.087890625
588 0.044921875
589 -0.0947265625
590 -0.052734375
591 0.0166015625
592 -0.01953125
593 -0.134765625
594 -0.0478515625
595 0.0234375
596 -0.0146484375
597 -0.130859375
598 -0.04296875
599 0.0244140625
600 -0.0146484375
601 -0.1552734375
602 -0.0263671875
603 0.048828125
604 0.0166015625
605 -0.041015625
606 0.072265625
607 0.1357421875
608 0.0830078125
609 -0.01171875
610 0.0380859375
611 0.0927734375
612 0.037109375
613 -0.09375
614 0.0234375
615 0.091796875
616 0.0458984375
617 -0.091796875
618 -0.0517578125
619 0.015625
620 -0.017578125
621 -0.1318359375
622 -0.0478515625
623 0.0224609375
624 -0.0126953125
625 -0.12890625
626 -0.044921875
627 0.0224609375
628 -0.013671875
629 -0.1591796875
630 -0.0283203125
631 0.0478515625
632 0.015625
633 -0.0439453125
634 0.0703125
635 0.13671875
636 0.0830078125
637 -0.0126953125
638 0.0361328125
639 0.0927734375
640 0.0380859375
641 -0.095703125
642 0.021484375
643 0.08984375
644 0.0439453125
645 -0.09375
646 -0.0517578125
647 0.01953125
648 -0.0185546875
649 -0.1357421875
650 -0.048828125
651 0.021484375
652 -0.013671875
653 -0.1298828125
654 -0.044921875
655 0.0224609375
656 -0.01171875
657 -0.1572265625
658 -0.025390625
659 0.0478515625
660 0.0146484375
661 -0.041015625
662 0.0712890625
663 0.13671875
664 0.0830078125
665 -0.0107421875
666 0.037109375
667 0.091796875
668 0.0380859375
669 -0.091796875
670 0.021484375
671 0.0888671875
672 0.046875
673 -0.09375
674 -0.0537109375
675 0.015625
676 -0.017578125
677 -0.1357421875
678 -0.0478515625
679 0.0205078125
680 -0.013671875
681 -0.1298828125
682 -0.044921875
683 0.021484375
684 -0.0126953125
685 -0.1572265625
686 -0.0302734375
687 0.046875
688 0.013671875
689 -0.041015625
690 0.0703125
691 0.134765625
692 0.0830078125
693 -0.01171875
694 0.0361328125
695 0.0908203125
696 0.0380859375
697 -0.0947265625
698 0.0224609375
699 0.0869140625
700 0.0458984375
701 -0.09375
702 -0.0517578125
703 0.0146484375
704 -0.0166015625
705 -0.1328125
706 -0.046875
707 0.01953125
708 -0.0126953125
709 -0.1279296875
710 -0.04296875
711 0.0244140625
712 -0.01171875
713 -0.1552734375
714 -0.02734375
715 0.0478515625
716 0.015625
717 -0.041015625
718 0.0712890625
719 0.1357421875
720 0.0849609375
721 -0.0126953125
722 0.0361328125
723 0.0908203125
724 0.0380859375
725 -0.0947265625
726 0.0234375
727 0.08984375
728 0.044921875
729 -0.091796875
730 -0.05078125
731 0.0185546875
732 -0.017578125
733 -0.1328125
734 -0.0458984375
735 0.0244140625
736 -0.013671875
737 -0.1279296875
738 -0.0439453125
739 0.025390625
740 -0.01171875
741 -0.15625
742 -0.0263671875
743 0.0478515625
744 0.0146484375
745 -0.04296875
746 0.0712890625
747 0.1337890625
748 0.083984375
749 -0.0126953125
750 0.0380859375
751 0.0927734375
752 0.0380859375
753 -0.0947265625
754 0.0224609375
755 0.087890625
756 0.044921875
757 -0.0908203125
758 -0.0517578125
759 0.0185546875
760 -0.0185546875
761 -0.1318359375
762 -0.0478515625
763 0.021484375
764 -0.013671875
765 -0.12890625
766 -0.04296875
767 0.0234375
768 -0.0107421875
769 -0.158203125
770 -0.0283203125
771 0.048828125
772 0.0166015625
773 -0.0439453125
774 0.0703125
775 0.1357421875
776 0.0830078125
777 -0.013671875
778 0.037109375
779 0.0927734375
780 0.0361328125
781 -0.0947265625
782 0.0224609375
783 0.091796875
784 0.0458984375
785 -0.0927734375
786 -0.048828125
787 0.017578125
788 -0.015625
789 -0.134765625
790 -0.0458984375
791 0.0234375
792 -0.0126953125
793 -0.1298828125
794 -0.0419921875
795 0.025390625
796 -0.0107421875
797 -0.158203125
798 -0.0283203125
799 0.048828125
800 0.0146484375
801 -0.0419921875
802 0.0703125
803 0.1357421875
804 0.0830078125
805 -0.01171875
806 0.037109375
807 0.0927734375
808 0.037109375
809 -0.095703125
810 0.021484375
811 0.087890625
812 0.0458984375
813 -0.0947265625
814 -0.0517578125
815 0.0166015625
816 -0.017578125
817 -0.1357421875
818 -0.0478515625
819 0.0224609375
820 -0.0126953125
821 -0.1318359375
822 -0.044921875
823 0.025390625
824 -0.013671875
825 -0.158203125
826 -0.0283203125
827 0.048828125
828 0.015625
829 -0.0400390625
830 0.0703125
831 0.138671875
832 0.0830078125
833 -0.0126953125
834 0.037109375
835 0.091796875
836 0.037109375
837 -0.095703125
838 0.0224609375
839 0.08984375
840 0.044921875
841 -0.0927734375
842 -0.0517578125
843 0.01953125
844 -0.0185546875
845 -0.1328125
846 -0.0478515625
847 0.0244140625
848 -0.013671875
849 -0.1279296875
850 -0.04296875
851 0.0263671875
852 -0.013671875
853 -0.1552734375
854 -0.02734375
855 0.0478515625
856 0.0166015625
857 -0.0419921875
858 0.0712890625
859 0.134765625
860 0.083984375
861 -0.0107421875
862 0.0380859375
863 0.0927734375
864 0.0400390625
865 -0.0947265625
866 0.0224609375
867 0.08984375
868 0.044921875
869 -0.09375
870 -0.0537109375
871 0.0166015625
872 -0.0185546875
873 -0.134765625
874 -0.0478515625
875 0.01953125
876 -0.013671875
877 -0.1298828125
878 -0.0439453125
879 0.0205078125
880 -0.0107421875
881 -0.15625
882 -0.0283203125
883 0.044921875
884 0.015625
885 -0.041015625
886 0.0712890625
887 0.1337890625
888 0.083984375
889 -0.009765625
890 0.037109375
891 0.087890625
892 0.0380859375
893 -0.0908203125
894 0.021484375
895 0.0859375
896 0.0458984375
897 -0.0908203125
898 -0.0537109375
899 0.0126953125
900 -0.017578125
901 -0.1328125
902 -0.0478515625
903 0.0205078125
904 -0.01171875
905 -0.126953125
906 -0.044921875
907 0.01953125
908 -0.0107421875
909 -0.154296875
910 -0.0283203125
911 0.04296875
912 0.015625
913 -0.0380859375
914 0.068359375
915 0.1298828125
916 0.083984375
917 -0.01171875
918 0.03515625
919 0.0859375
920 0.0380859375
921 -0.0927734375
922 0.01953125
923 0.083984375
924 0.044921875
925 -0.0947265625
926 -0.0546875
927 0.0107421875
928 -0.017578125
929 -0.1328125
930 -0.046875
931 0.0166015625
932 -0.0126953125
933 -0.126953125
934 -0.04296875
935 0.01953125
936 -0.0107421875
937 -0.15234375
938 -0.0283203125
939 0.044921875
940 0.0166015625
941 -0.037109375
942 0.0693359375
943 0.1318359375
944 0.0830078125
945 -0.009765625
946 0.0380859375
947 0.0888671875
948 0.0390625
949 -0.0888671875
950 0.0224609375
951 0.087890625
952 0.048828125
953 -0.0908203125
954 -0.052734375
955 0.0146484375
956 -0.0166015625
957 -0.1318359375
958 -0.046875
959 0.01953125
960 -0.013671875
961 -0.1279296875
962 -0.044921875
963 0.0205078125
964 -0.01171875
965 -0.1552734375
966 -0.029296875
967 0.0439453125
968 0.015625
969 -0.0400390625
970 0.0703125
971 0.130859375
972 0.083984375
973 -0.0107421875
974 0.037109375
975 0.08984375
976 0.0380859375
977 -0.091796875
978 0.0224609375
979 0.0869140625
980 0.0458984375
981 -0.091796875
982 -0.052734375
983 0.0146484375
984 -0.0166015625
985 -0.1318359375
986 -0.046875
987 0.021484375
988 -0.013671875
989 -0.1259765625
990 -0.0439453125
991 0.0205078125
992 -0.01171875
993 -0.1552734375
994 -0.0283203125
995 0.0458984375
996 0.015625
997 -0.0380859375
998 0.0703125
999 0.1328125
1000 0.083984375
1001 -0.01171875
1002 0.0361328125
1003 0.0888671875
1004 0.0380859375
1005 -0.091796875
1006 0.021484375
1007 0.0888671875
1008 0.0458984375
1009 -0.0927734375
1010 -0.0537109375
1011 0.0146484375
1012 -0.017578125
1013 -0.1318359375
1014 -0.048828125
1015 0.0185546875
1016 -0.013671875
1017 -0.130859375
1018 -0.044921875
1019 0.0185546875
1020 -0.0107421875
1021 -0.1572265625
1022 -0.02734375
1023 0.04296875
1024 0.0146484375
1025 -0.041015625
1026 0.0712890625
1027 0.1328125
1028 0.08203125
1029 -0.0087890625
1030 0.0361328125
1031 0.0908203125
1032 0.037109375
1033 -0.09375
1034 0.0205078125
1035 0.0869140625
1036 0.044921875
1037 -0.09375
1038 -0.0556640625
1039 0.0146484375
1040 -0.0185546875
1041 -0.1337890625
1042 -0.0478515625
1043 0.0205078125
1044 -0.0126953125
1045 -0.1298828125
1046 -0.0439453125
1047 0.0234375
1048 -0.01171875
1049 -0.154296875
1050 -0.0283203125
1051 0.0498046875
1052 0.015625
1053 -0.041015625
1054 0.0712890625
1055 0.13671875
1056 0.083984375
1057 -0.0126953125
1058 0.037109375
1059 0.091796875
1060 0.0380859375
1061 -0.0927734375
1062 0.0224609375
1063 0.08984375
1064 0.044921875
1065 -0.0947265625
1066 -0.0517578125
1067 0.013671875
1068 -0.0185546875
1069 -0.134765625
1070 -0.0478515625
1071 0.021484375
1072 -0.0146484375
1073 -0.1298828125
1074 -0.0439453125
1075 0.0224609375
1076 -0.013671875
1077 -0.158203125
1078 -0.029296875
1079 0.048828125
1080 0.015625
1081 -0.0400390625
1082 0.0712890625
1083 0.13671875
1084 0.0830078125
1085 -0.0146484375
1086 0.0380859375
1087 0.0927734375
1088 0.0390625
1089 -0.09765625
1090 0.021484375
1091 0.0888671875
1092 0.044921875
1093 -0.0947265625
1094 -0.0546875
1095 0.015625
1096 -0.0185546875
1097 -0.134765625
1098 -0.048828125
1099 0.0224609375
1100 -0.015625
1101 -0.1318359375
1102 -0.0439453125
1103 0.0234375
1104 -0.0146484375
1105 -0.1591796875
1106 -0.029296875
1107 0.0458984375
1108 0.0146484375
1109 -0.04296875
1110 0.0712890625
1111 0.134765625
1112 0.0830078125
1113 -0.0126953125
1114 0.037109375
1115 0.0908203125
1116 0.037109375
1117 -0.095703125
1118 0.0224609375
1119 0.08984375
1120 0.0458984375
1121 -0.095703125
1122 -0.0537109375
1123 0.015625
1124 -0.0185546875
1125 -0.1337890625
1126 -0.0478515625
1127 0.0224609375
1128 -0.0146484375
1129 -0.1298828125
1130 -0.044921875
1131 0.0234375
1132 -0.0126953125
1133 -0.16015625
1134 -0.029296875
1135 0.0458984375
1136 0.013671875
1137 -0.0419921875
1138 0.0712890625
1139 0.1357421875
1140 0.0830078125
1141 -0.01171875
1142 0.037109375
1143 0.08984375
1144 0.0380859375
1145 -0.09375
1146 0.0205078125
1147 0.0859375
1148 0.0458984375
1149 -0.09375
1150 -0.0546875
1151 0.013671875
1152 -0.017578125
1153 -0.134765625
1154 -0.0478515625
1155 0.0205078125
1156 -0.0126953125
1157 -0.1318359375
1158 -0.04296875
1159 0.021484375
1160 -0.01171875
1161 -0.1572265625
1162 -0.02734375
1163 0.0458984375
1164 0.0146484375
1165 -0.0390625
1166 0.0712890625
1167 0.1357421875
1168 0.083984375
1169 -0.0107421875
1170 0.037109375
1171 0.091796875
1172 0.0380859375
1173 -0.0947265625
1174 0.0234375
1175 0.09375
1176 0.0458984375
1177 -0.0927734375
1178 -0.0498046875
1179 0.0205078125
1180 -0.0166015625
1181 -0.1337890625
1182 -0.044921875
1183 0.0244140625
1184 -0.0126953125
1185 -0.1298828125
1186 -0.04296875
1187 0.0244140625
1188 -0.01171875
1189 -0.158203125
1190 -0.0283203125
1191 0.05078125
1192 0.013671875
1193 -0.04296875
1194 0.0712890625
1195 0.1376953125
1196 0.083984375
1197 -0.0126953125
1198 0.0361328125
1199 0.09375
1200 0.0380859375
1201 -0.095703125
1202 0.0234375
1203 0.0908203125
1204 0.046875
1205 -0.0947265625
1206 -0.052734375
1207 0.017578125
1208 -0.0185546875
1209 -0.1357421875
1210 -0.0478515625
1211 0.0234375
1212 -0.015625
1213 -0.130859375
1214 -0.04296875
1215 0.0263671875
1216 -0.013671875
1217 -0.16015625
1218 -0.0302734375
1219 0.052734375
1220 0.013671875
1221 -0.044921875
1222 0.072265625
1223 0.1396484375
1224 0.08203125
1225 -0.013671875
1226 0.037109375
1227 0.095703125
1228 0.0380859375
1229 -0.0966796875
1230 0.0234375
1231 0.0927734375
1232 0.0458984375
1233 -0.09375
1234 -0.0517578125
1235 0.0185546875
1236 -0.0185546875
1237 -0.1357421875
1238 -0.0458984375
1239 0.0244140625
1240 -0.013671875
1241 -0.130859375
1242 -0.0439453125
1243 0.025390625
1244 -0.013671875
1245 -0.16015625
1246 -0.029296875
1247 0.0478515625
1248 0.0146484375
1249 -0.0439453125
1250 0.0712890625
1251 0.13671875
1252 0.08203125
1253 -0.013671875
1254 0.0380859375
1255 0.09375
1256 0.037109375
1257 -0.0966796875
1258 0.0205078125
1259 0.0888671875
1260 0.0439453125
1261 -0.0947265625
1262 -0.056640625
1263 0.0166015625
1264 -0.0185546875
1265 -0.13671875
1266 -0.0478515625
1267 0.021484375
1268 -0.013671875
1269 -0.1318359375
1270 -0.0419921875
1271 0.025390625
1272 -0.0126953125
1273 -0.1572265625
1274 -0.025390625
1275 0.048828125
1276 0.0166015625
1277 -0.041015625
1278 0.0712890625
1279 0.138671875
1280 0.0849609375
1281 -0.01171875
1282 0.037109375
1283 0.09375
1284 0.037109375
1285 -0.09375
1286 0.0244140625
1287 0.0927734375
1288 0.0458984375
1289 -0.09375
1290 -0.052734375
1291 0.015625
1292 -0.017578125
1293 -0.1337890625
1294 -0.0458984375
1295 0.021484375
1296 -0.013671875
1297 -0.1298828125
1298 -0.0419921875
1299 0.0224609375
1300 -0.0126953125
1301 -0.1591796875
1302 -0.0302734375
1303 0.0478515625
1304 0.0126953125
1305 -0.041015625
1306 0.0703125
1307 0.1357421875
1308 0.083984375
1309 -0.0107421875
1310 0.0361328125
1311 0.091796875
1312 0.0390625
1313 -0.09375
1314 0.021484375
1315 0.0859375
1316 0.046875
1317 -0.0947265625
1318 -0.0537109375
1319 0.0146484375
1320 -0.017578125
1321 -0.1337890625
1322 -0.048828125
1323 0.01953125
1324 -0.0126953125
1325 -0.12890625
1326 -0.044921875
1327 0.0234375
1328 -0.0126953125
1329 -0.1552734375
1330 -0.0302734375
1331 0.046875
1332 0.015625
1333 -0.0390625
1334 0.0693359375
1335 0.1357421875
1336 0.0830078125
1337 -0.0107421875
1338 0.037109375
1339 0.08984375
1340 0.0400390625
1341 -0.09375
1342 0.0224609375
1343 0.0869140625
1344 0.046875
1345 -0.0927734375
1346 -0.052734375
1347 0.013671875
1348 -0.0185546875
1349 -0.134765625
1350 -0.048828125
1351 0.0205078125
1352 -0.013671875
1353 -0.130859375
1354 -0.044921875
1355 0.0224609375
1356 -0.013671875
1357 -0.1572265625
1358 -0.029296875
1359 0.0458984375
1360 0.0146484375
1361 -0.0419921875
1362 0.0712890625
1363 0.134765625
1364 0.083984375
1365 -0.0126953125
1366 0.0380859375
1367 0.0927734375
1368 0.0390625
1369 -0.095703125
1370 0.021484375
1371 0.087890625
1372 0.0458984375
1373 -0.09375
1374 -0.0537109375
1375 0.0166015625
1376 -0.017578125
1377 -0.1337890625
1378 -0.0458984375
1379 0.0234375
1380 -0.013671875
1381 -0.12890625
1382 -0.0439453125
1383 0.0244140625
1384 -0.01171875
1385 -0.1552734375
1386 -0.0263671875
1387 0.046875
1388 0.0166015625
1389 -0.0400390625
1390 0.07421875
1391 0.1357421875
1392 0.083984375
1393 -0.0107421875
1394 0.037109375
1395 0.0927734375
1396 0.0390625
1397 -0.091796875
1398 0.0234375
1399 0.08984375
1400 0.046875
1401 -0.0908203125
1402 -0.0517578125
1403 0.015625
1404 -0.015625
1405 -0.130859375
1406 -0.046875
1407 0.0205078125
1408 -0.0107421875
1409 -0.1279296875
1410 -0.04296875
1411 0.0234375
1412 -0.009765625
1413 -0.1552734375
1414 -0.0263671875
1415 0.0478515625
1416 0.0166015625
1417 -0.041015625
1418 0.0712890625
1419 0.1376953125
1420 0.0830078125
1421 -0.0107421875
1422 0.0380859375
1423 0.09375
1424 0.0390625
1425 -0.0927734375
1426 0.021484375
1427 0.0908203125
1428 0.0458984375
1429 -0.0927734375
1430 -0.05078125
1431 0.017578125
1432 -0.015625
1433 -0.1318359375
1434 -0.0439453125
1435 0.0224609375
1436 -0.013671875
1437 -0.1259765625
1438 -0.0400390625
1439 0.025390625
1440 -0.009765625
1441 -0.12890625
1442 -0.0078125
1443 0.0654296875
1444 0.0283203125
1445 -0.080078125
1446 -0.033203125
1447 0.0341796875
1448 -0.0048828125
1449 -0.1220703125
1450 -0.04296875
1451 0.0244140625
1452 -0.0087890625
1453 -0.130859375
1454 -0.0439453125
1455 0.0205078125
1456 -0.0126953125
1457 -0.1787109375
1458 -0.0859375
1459 -0.015625
1460 -0.0390625
1461 -0.197265625
1462 -0.064453125
1463 0.021484375
1464 -0.0029296875
1465 -0.0771484375
1466 0.04296875
1467 0.1083984375
1468 0.064453125
1469 0.00390625
1470 0.107421875
1471 0.1669921875
1472 0.1103515625
1473 0.0107421875
1474 0.056640625
1475 0.1064453125
1476 0.0517578125
1477 -0.0673828125
1478 0.044921875
1479 0.109375
1480 0.060546875
1481 -0.021484375
1482 0.0869140625
1483 0.1474609375
1484 0.0908203125
1485 -0.0126953125
1486 0.0302734375
1487 0.0888671875
1488 0.03515625
1489 -0.07421875
1490 0.041015625
1491 0.103515625
1492 0.056640625
1493 -0.013671875
1494 0.0927734375
1495 0.1513671875
1496 0.0947265625
1497 -0.0087890625
1498 0.03125
1499 0.0869140625
1500 0.0361328125
1501 -0.064453125
1502 0.015625
1503 0.072265625
1504 0.021484375
1505 -0.142578125
1506 -0.01953125
1507 0.052734375
1508 0.0166015625
1509 -0.1025390625
1510 0.015625
1511 0.0830078125
1512 0.0390625
1513 -0.10546875
1514 -0.0615234375
1515 0.0087890625
1516 -0.0263671875
1517 -0.1455078125
1518 -0.0166015625
1519 0.0537109375
1520 0.0185546875
1521 -0.0537109375
1522 0.060546875
1523 0.123046875
1524 0.0732421875
1525 -0.0546875
1526 -0.0146484375
1527 0.0458984375
1528 0.00390625
1529 -0.10546875
1530 0.01171875
1531 0.080078125
1532 0.0380859375
1533 -0.0634765625
1534 -0.015625
1535 0.04296875
1536 0.001953125
1537 -0.08984375
1538 0.0244140625
1539 0.0908203125
1540 0.046875
1541 -0.0048828125
1542 0.0986328125
1543 0.158203125
1544 0.1015625
1545 -0.029296875
1546 0.0751953125
1547 0.134765625
1548 0.0791015625
1549 -0.08984375
1550 -0.0498046875
1551 0.0166015625
1552 -0.021484375
1553 -0.1337890625
1554 -0.048828125
1555 0.0185546875
1556 -0.0205078125
1557 -0.1904296875
1558 -0.1142578125
1559 -0.0361328125
1560 -0.060546875
1561 -0.1787109375
1562 -0.0478515625
1563 0.0263671875
1564 -0.0009765625
1565 -0.095703125
1566 -0.048828125
1567 0.0146484375
1568 -0.0146484375
1569 -0.1181640625
1570 0.001953125
1571 0.0673828125
1572 0.0322265625
1573 -0.03125
1574 0.0751953125
1575 0.1328125
1576 0.0810546875
1577 -0.009765625
1578 0.0283203125
1579 0.0810546875
1580 0.033203125
1581 -0.0625
1582 0.01171875
1583 0.0673828125
1584 0.0205078125
1585 -0.138671875
1586 -0.0224609375
1587 0.046875
1588 0.015625
1589 -0.1025390625
1590 0.01171875
1591 0.076171875
1592 0.0380859375
1593 -0.1044921875
1594 -0.0634765625
1595 0.005859375
1596 -0.02734375
1597 -0.1435546875
1598 -0.021484375
1599 0.05078125
1600 0.0166015625
1601 -0.06640625
1602 0.04296875
1603 0.107421875
1604 0.060546875
1605 -0.0595703125
1606 -0.0224609375
1607 0.0380859375
1608 0.0009765625
1609 -0.1103515625
1610 0.0087890625
1611 0.07421875
1612 0.03515625
1613 -0.0634765625
1614 -0.017578125
1615 0.0419921875
1616 0.0009765625
1617 -0.123046875
1618 -0.00390625
1619 0.0625
1620 0.0263671875
1621 -0.099609375
1622 -0.0556640625
1623 0.0087890625
1624 -0.0234375
1625 -0.130859375
1626 -0.046875
1627 0.017578125
1628 -0.0166015625
1629 -0.1875
1630 -0.111328125
1631 -0.03515625
1632 -0.0576171875
1633 -0.17578125
1634 -0.044921875
1635 0.0322265625
1636 0.00390625
1637 -0.0947265625
1638 -0.046875
1639 0.0224609375
1640 -0.0107421875
1641 -0.115234375
1642 0.005859375
1643 0.0751953125
1644 0.03515625
1645 -0.03125
1646 0.078125
1647 0.138671875
1648 0.0859375
1649 -0.0087890625
1650 0.0302734375
1651 0.087890625
1652 0.0361328125
1653 -0.0576171875
1654 0.021484375
1655 0.07421875
1656 0.025390625
1657 -0.0595703125
1658 0.0517578125
1659 0.1142578125
1660 0.0654296875
1661 0.009765625
1662 0.1142578125
1663 0.169921875
1664 0.1103515625
1665 0.0029296875
1666 0.1015625
1667 0.1572265625
1668 0.09765625
1669 -0.01953125
1670 0.0771484375
1671 0.134765625
1672 0.0791015625
1673 -0.0615234375
1674 -0.0244140625
1675 0.0380859375
1676 -0.0048828125
1677 -0.1279296875
1678 -0.0048828125
1679 0.0634765625
1680 0.0224609375
1681 -0.0517578125
1682 0.05859375
1683 0.1201171875
1684 0.068359375
1685 -0.05859375
1686 -0.0224609375
1687 0.0400390625
1688 -0.0009765625
1689 -0.11328125
1690 0.00390625
1691 0.072265625
1692 0.0302734375
1693 -0.0732421875
1694 -0.0244140625
1695 0.03515625
1696 -0.009765625
1697 -0.1005859375
1698 0.015625
1699 0.083984375
1700 0.0380859375
1701 -0.01171875
1702 0.0947265625
1703 0.15625
1704 0.0947265625
1705 0.03515625
1706 0.13671875
1707 0.1943359375
1708 0.1240234375
1709 0.05859375
1710 0.1552734375
1711 0.2109375
1712 0.1357421875
1713 0.013671875
1714 0.111328125
1715 0.166015625
1716 0.09765625
1717 -0.068359375
1718 -0.0302734375
1719 0.0302734375
1720 -0.0185546875
1721 -0.1328125
1722 -0.0498046875
1723 0.0166015625
1724 -0.0283203125
1725 -0.2041015625
1726 -0.123046875
1727 -0.0458984375
1728 -0.0732421875
1729 -0.197265625
1730 -0.060546875
1731 0.017578125
1732 -0.0166015625
1733 -0.115234375
1734 -0.064453125
1735 0.005859375
1736 -0.033203125
1737 -0.1494140625
1738 -0.0234375
1739 0.05078125
1740 0.009765625
1741 -0.0712890625
1742 0.044921875
1743 0.111328125
1744 0.0556640625
1745 -0.0478515625
1746 -0.0029296875
1747 0.0595703125
1748 0.005859375
1749 -0.091796875
1750 -0.00390625
1751 0.0556640625
1752 0.001953125
1753 -0.0947265625
1754 0.0244140625
1755 0.0927734375
1756 0.0400390625
1757 -0.0224609375
1758 0.0859375
1759 0.150390625
1760 0.0849609375
1761 0.0205078125
1762 0.1240234375
1763 0.181640625
1764 0.111328125
1765 0.044921875
1766 0.1435546875
1767 0.2001953125
1768 0.125
1769 0.01171875
1770 0.1103515625
1771 0.1640625
1772 0.0966796875
1773 -0.0302734375
1774 0.0712890625
1775 0.1259765625
1776 0.06640625
1777 -0.080078125
1778 -0.0400390625
1779 0.0224609375
1780 -0.0244140625
1781 -0.150390625
1782 -0.02734375
1783 0.044921875
1784 0.001953125
1785 -0.0751953125
1786 0.0380859375
1787 0.1044921875
1788 0.046875
1789 -0.0791015625
1790 -0.0400390625
1791 0.0234375
1792 -0.021484375
1793 -0.13671875
1794 -0.0146484375
1795 0.0556640625
1796 0.009765625
1797 -0.0947265625
1798 -0.0439453125
1799 0.0185546875
1800 -0.0283203125
1801 -0.1240234375
1802 -0.0048828125
1803 0.0673828125
1804 0.0185546875
1805 -0.0322265625
1806 0.07421875
1807 0.1376953125
1808 0.076171875
1809 0.01171875
1810 0.111328125
1811 0.169921875
1812 0.1005859375
1813 0.0361328125
1814 0.1337890625
1815 0.189453125
1816 0.1162109375
1817 -0.005859375
1818 0.0908203125
1819 0.14453125
1820 0.0810546875
1821 -0.087890625
1822 -0.0478515625
1823 0.0107421875
1824 -0.0341796875
1825 -0.1494140625
1826 -0.064453125
1827 0.0
1828 -0.04296875
1829 -0.2177734375
1830 -0.140625
1831 -0.060546875
1832 -0.08984375
1833 -0.2119140625
1834 -0.0771484375
1835 0.001953125
1836 -0.0302734375
1837 -0.1279296875
1838 -0.0791015625
1839 -0.0087890625
1840 -0.044921875
1841 -0.1904296875
1842 -0.0615234375
1843 0.013671875
1844 -0.017578125
1845 -0.111328125
1846 0.005859375
1847 0.0732421875
1848 0.02734375
1849 -0.0732421875
1850 -0.03125
1851 0.0283203125
1852 -0.013671875
1853 -0.1064453125
1854 -0.0234375
1855 0.033203125
1856 -0.0107421875
1857 -0.1103515625
1858 0.0048828125
1859 0.0703125
1860 0.0263671875
1861 -0.0322265625
1862 0.0712890625
1863 0.1318359375
1864 0.0751953125
1865 0.0078125
1866 0.10546875
1867 0.1591796875
1868 0.099609375
1869 0.0361328125
1870 0.1298828125
1871 0.1806640625
1872 0.1142578125
1873 0.0087890625
1874 0.1005859375
1875 0.1513671875
1876 0.08984375
1877 -0.029296875
1878 0.0654296875
1879 0.1171875
1880 0.0615234375
1881 -0.0771484375
1882 -0.0400390625
1883 0.015625
1884 -0.0263671875
1885 -0.146484375
1886 -0.029296875
1887 0.03515625
1888 0.0
1889 -0.076171875
1890 0.0302734375
1891 0.0908203125
1892 0.041015625
1893 -0.0869140625
1894 -0.0517578125
1895 0.009765625
1896 -0.0283203125
1897 -0.138671875
1898 -0.0244140625
1899 0.0458984375
1900 0.001953125
1901 -0.1015625
1902 -0.0537109375
1903 0.0087890625
1904 -0.03515625
1905 -0.1298828125
1906 -0.0107421875
1907 0.0556640625
1908 0.0126953125
1909 -0.037109375
1910 0.0703125
1911 0.1298828125
1912 0.0712890625
1913 0.01171875
1914 0.1083984375
1915 0.162109375
1916 0.0986328125
1917 0.0361328125
1918 0.130859375
1919 0.18359375
1920 0.1123046875
1921 -0.0068359375
1922 0.083984375
1923 0.134765625
1924 0.0751953125
1925 -0.0888671875
1926 -0.0546875
1927 0.0009765625
1928 -0.0390625
1929 -0.15234375
1930 -0.0703125
1931 -0.0087890625
1932 -0.046875
1933 -0.220703125
1934 -0.14453125
1935 -0.0693359375
1936 -0.091796875
1937 -0.2119140625
1938 -0.080078125
1939 -0.0048828125
1940 -0.0341796875
1941 -0.1298828125
1942 -0.083984375
1943 -0.015625
1944 -0.0498046875
1945 -0.158203125
1946 -0.0390625
1947 0.0302734375
1948 -0.0048828125
1949 -0.0771484375
1950 0.033203125
1951 0.0908203125
1952 0.0419921875
1953 -0.0517578125
1954 -0.0126953125
1955 0.0419921875
1956 -0.0029296875
1957 -0.09765625
1958 -0.017578125
1959 0.0361328125
1960 -0.0107421875
1961 -0.1064453125
1962 0.0048828125
1963 0.072265625
1964 0.0234375
1965 -0.0390625
1966 0.064453125
1967 0.1240234375
1968 0.06640625
1969 -0.00390625
1970 0.0927734375
1971 0.150390625
1972 0.087890625
1973 0.02734375
1974 0.1201171875
1975 0.173828125
1976 0.1064453125
1977 -0.0009765625
1978 0.09375
1979 0.146484375
1980 0.08203125
1981 -0.0380859375
1982 0.05859375
1983 0.11328125
1984 0.0556640625
1985 -0.0888671875
1986 -0.0517578125
1987 0.0078125
1988 -0.0361328125
1989 -0.158203125
1990 -0.0400390625
1991 0.0322265625
1992 -0.0107421875
1993 -0.0986328125
1994 0.0126953125
1995 0.078125
1996 0.029296875
1997 -0.09765625
1998 -0.05859375
1999 0.00390625
2000 -0.0361328125
2001 -0.1484375
2002 -0.0283203125
2003 0.0380859375
2004 -0.001953125
2005 -0.1025390625
2006 -0.0537109375
2007 0.0078125
2008 -0.037109375
2009 -0.1787109375
2010 -0.0556640625
2011 0.017578125
2012 -0.0166015625
2013 -0.14453125
2014 -0.0986328125
2015 -0.029296875
2016 -0.0625
2017 -0.1728515625
2018 -0.0849609375
2019 -0.015625
2020 -0.052734375
2021 -0.2265625
2022 -0.146484375
2023 -0.0673828125
2024 -0.0908203125
2025 -0.2109375
2026 -0.0771484375
2027 0.0
2028 -0.029296875
2029 -0.126953125
2030 -0.078125
2031 -0.0068359375
2032 -0.044921875
2033 -0.1962890625
2034 -0.0673828125
2035 0.0107421875
2036 -0.0185546875
2037 -0.12109375
2038 -0.0029296875
2039 0.0673828125
2040 0.0234375
2041 -0.0751953125
2042 -0.0322265625
2043 0.029296875
2044 -0.013671875
2045 -0.1083984375
2046 -0.0224609375
2047 0.037109375
2048 -0.009765625
2049 -0.1083984375
2050 0.0078125
2051 0.0771484375
2052 0.0302734375
2053 -0.0390625
2054 0.0673828125
2055 0.1298828125
2056 0.072265625
2057 0.00390625
2058 0.103515625
2059 0.16015625
2060 0.0966796875
2061 0.0341796875
2062 0.12890625
2063 0.1826171875
2064 0.1162109375
2065 0.0068359375
2066 0.1005859375
2067 0.15234375
2068 0.0908203125
2069 -0.0322265625
2070 0.0654296875
2071 0.119140625
2072 0.0634765625
2073 -0.0771484375
2074 -0.0380859375
2075 0.0185546875
2076 -0.0234375
2077 -0.146484375
2078 -0.0283203125
2079 0.0400390625
2080 0.0009765625
2081 -0.07421875
2082 0.0341796875
2083 0.0947265625
2084 0.044921875
2085 -0.0810546875
2086 -0.044921875
2087 0.015625
2088 -0.0244140625
2089 -0.1376953125
2090 -0.0205078125
2091 0.048828125
2092 0.0068359375
2093 -0.0986328125
2094 -0.0478515625
2095 0.009765625
2096 -0.03125
2097 -0.1279296875
2098 -0.0107421875
2099 0.05859375
2100 0.013671875
2101 -0.0341796875
2102 0.072265625
2103 0.1328125
2104 0.072265625
2105 0.0068359375
2106 0.1044921875
2107 0.162109375
2108 0.0947265625
2109 0.033203125
2110 0.12890625
2111 0.181640625
2112 0.1123046875
2113 -0.009765625
2114 0.0869140625
2115 0.13671875
2116 0.0751953125
2117 -0.0927734375
2118 -0.0537109375
2119 0.00390625
2120 -0.0400390625
2121 -0.1533203125
2122 -0.0693359375
2123 -0.005859375
2124 -0.0458984375
2125 -0.21875
2126 -0.1435546875
2127 -0.0654296875
2128 -0.091796875
2129 -0.208984375
2130 -0.078125
2131 -0.001953125
2132 -0.03125
2133 -0.1298828125
2134 -0.08203125
2135 -0.013671875
2136 -0.046875
2137 -0.16015625
2138 -0.0380859375
2139 0.029296875
2140 -0.0029296875
2141 -0.0810546875
2142 0.029296875
2143 0.091796875
2144 0.041015625
2145 -0.052734375
2146 -0.013671875
2147 0.0439453125
2148 -0.0048828125
2149 -0.09765625
2150 -0.0166015625
2151 0.0400390625
2152 -0.0107421875
2153 -0.1025390625
2154 0.0087890625
2155 0.076171875
2156 0.0283203125
2157 -0.03515625
2158 0.0673828125
2159 0.1298828125
2160 0.0703125
2161 0.001953125
2162 0.099609375
2163 0.1572265625
2164 0.0908203125
2165 0.0283203125
2166 0.123046875
2167 0.1787109375
2168 0.107421875
2169 0.0009765625
2170 0.0947265625
2171 0.146484375
2172 0.0830078125
2173 -0.0380859375
2174 0.056640625
2175 0.1123046875
2176 0.0546875
2177 -0.087890625
2178 -0.052734375
2179 0.0068359375
2180 -0.0341796875
2181 -0.1572265625
2182 -0.0380859375
2183 0.029296875
2184 -0.0078125
2185 -0.0986328125
2186 0.013671875
2187 0.0771484375
2188 0.029296875
2189 -0.09375
2190 -0.056640625
2191 0.0078125
2192 -0.0341796875
2193 -0.14453125
2194 -0.0263671875
2195 0.0380859375
2196 -0.0009765625
2197 -0.1005859375
2198 -0.0546875
2199 0.0087890625
2200 -0.03515625
2201 -0.17578125
2202 -0.0517578125
2203 0.017578125
2204 -0.0166015625
2205 -0.14453125
2206 -0.099609375
2207 -0.0322265625
2208 -0.0615234375
2209 -0.171875
2210 -0.083984375
2211 -0.01953125
2212 -0.0517578125
2213 -0.224609375
2214 -0.146484375
2215 -0.0693359375
2216 -0.0908203125
2217 -0.2099609375
2218 -0.0771484375
2219 0.0009765625
2220 -0.029296875
2221 -0.126953125
2222 -0.078125
2223 -0.0087890625
2224 -0.0439453125
2225 -0.1962890625
2226 -0.0673828125
2227 0.0078125
2228 -0.01953125
2229 -0.1220703125
2230 -0.0009765625
2231 0.06640625
2232 0.0224609375
2233 -0.0751953125
2234 -0.03125
2235 0.029296875
2236 -0.015625
2237 -0.1064453125
2238 -0.0234375
2239 0.037109375
2240 -0.01171875
2241 -0.1083984375
2242 0.0087890625
2243 0.0771484375
2244 0.029296875
2245 -0.041015625
2246 0.068359375
2247 0.1328125
2248 0.0712890625
2249 0.0
2250 0.10546875
2251 0.1650390625
2252 0.095703125
2253 0.0302734375
2254 0.1318359375
2255 0.189453125
2256 0.1142578125
2257 0.00390625
2258 0.103515625
2259 0.1611328125
2260 0.08984375
2261 -0.033203125
2262 0.0693359375
2263 0.1279296875
2264 0.064453125
2265 -0.0732421875
2266 -0.033203125
2267 0.025390625
2268 -0.0234375
2269 -0.146484375
2270 -0.0234375
2271 0.0458984375
2272 0.001953125
2273 -0.078125
2274 0.037109375
2275 0.1015625
2276 0.0439453125
2277 -0.0859375
2278 -0.046875
2279 0.017578125
2280 -0.0263671875
2281 -0.1396484375
2282 -0.01953125
2283 0.05078125
2284 0.0048828125
2285 -0.099609375
2286 -0.05078125
2287 0.0126953125
2288 -0.033203125
2289 -0.130859375
2290 -0.009765625
2291 0.0615234375
2292 0.0146484375
2293 -0.03515625
2294 0.0712890625
2295 0.134765625
2296 0.0712890625
2297 0.0048828125
2298 0.1064453125
2299 0.1630859375
2300 0.0947265625
2301 0.0302734375
2302 0.1298828125
2303 0.1845703125
2304 0.1103515625
2305 -0.013671875
2306 0.083984375
2307 0.1416015625
2308 0.07421875
2309 -0.095703125
2310 -0.0556640625
2311 0.0068359375
2312 -0.0419921875
2313 -0.15625
2314 -0.0693359375
2315 -0.001953125
2316 -0.0478515625
2317 -0.220703125
2318 -0.1416015625
2319 -0.0634765625
2320 -0.091796875
2321 -0.2138671875
2322 -0.078125
2323 0.0
2324 -0.0322265625
2325 -0.1328125
2326 -0.080078125
2327 -0.0078125
2328 -0.048828125
2329 -0.1640625
2330 -0.0390625
2331 0.0361328125
2332 -0.0048828125
2333 -0.0830078125
2334 0.0302734375
2335 0.0947265625
2336 0.041015625
2337 -0.0546875
2338 -0.0126953125
2339 0.046875
2340 -0.00390625
2341 -0.1015625
2342 -0.0166015625
2343 0.041015625
2344 -0.009765625
2345 -0.1064453125
2346 0.009765625
2347 0.076171875
2348 0.02734375
2349 -0.0390625
2350 0.068359375
2351 0.130859375
2352 0.0693359375
2353 0.0
2354 0.1005859375
2355 0.158203125
2356 0.091796875
2357 0.025390625
2358 0.1240234375
2359 0.1796875
2360 0.1064453125
2361 -0.001953125
2362 0.0947265625
2363 0.146484375
2364 0.0810546875
2365 -0.0390625
2366 0.0595703125
2367 0.1142578125
2368 0.0546875
2369 -0.0869140625
2370 -0.0458984375
2371 0.0146484375
2372 -0.03125
2373 -0.1572265625
2374 -0.0341796875
2375 0.037109375
2376 -0.0078125
2377 -0.0849609375
2378 0.025390625
2379 0.08984375
2380 0.03515625
2381 -0.0849609375
2382 -0.0458984375
2383 0.0146484375
2384 -0.0302734375
2385 -0.1533203125
2386 -0.033203125
2387 0.0361328125
2388 -0.0068359375
2389 -0.111328125
2390 -0.060546875
2391 0.0009765625
2392 -0.041015625
2393 -0.15625
2394 -0.0341796875
2395 0.0361328125
2396 -0.0029296875
2397 -0.05078125
2398 0.056640625
2399 0.1181640625
2400 0.060546875
2401 0.0
2402 0.099609375
2403 0.1552734375
2404 0.0908203125
2405 0.0283203125
2406 0.123046875
2407 0.17578125
2408 0.1064453125
2409 -0.017578125
2410 0.078125
2411 0.130859375
2412 0.0673828125
2413 -0.0966796875
2414 -0.0595703125
2415 -0.0009765625
2416 -0.041015625
2417 -0.16015625
2418 -0.0771484375
2419 -0.013671875
2420 -0.052734375
2421 -0.2353515625
2422 -0.1591796875
2423 -0.080078125
2424 -0.1044921875
2425 -0.2509765625
2426 -0.1123046875
2427 -0.02734375
2428 -0.0537109375
2429 -0.1337890625
2430 -0.013671875
2431 0.056640625
2432 0.0126953125
2433 -0.125
2434 -0.08203125
2435 -0.0166015625
2436 -0.0517578125
2437 -0.1728515625
2438 -0.0859375
2439 -0.0166015625
2440 -0.052734375
2441 -0.1630859375
2442 -0.0771484375
2443 -0.009765625
2444 -0.0478515625
2445 -0.166015625
2446 -0.04296875
2447 0.029296875
2448 -0.009765625
2449 -0.09765625
2450 0.015625
2451 0.0810546875
2452 0.033203125
2453 -0.0302734375
2454 0.07421875
2455 0.1337890625
2456 0.07421875
2457 -0.0234375
2458 0.0244140625
2459 0.0751953125
2460 0.0185546875
2461 -0.1123046875
2462 0.0009765625
2463 0.0625
2464 0.01953125
2465 -0.12109375
2466 -0.08203125
2467 -0.015625
2468 -0.048828125
2469 -0.1640625
2470 -0.080078125
2471 -0.0107421875
2472 -0.046875
2473 -0.1630859375
2474 -0.0771484375
2475 -0.0087890625
2476 -0.0458984375
2477 -0.189453125
2478 -0.060546875
2479 0.0146484375
2480 -0.0185546875
2481 -0.0751953125
2482 0.0380859375
2483 0.103515625
2484 0.0498046875
2485 -0.0439453125
2486 0.0068359375
2487 0.0595703125
2488 0.005859375
2489 -0.1240234375
2490 -0.0087890625
2491 0.05859375
2492 0.0146484375
2493 -0.1240234375
2494 -0.0830078125
2495 -0.013671875
2496 -0.048828125
2497 -0.1630859375
2498 -0.078125
2499 -0.0078125
2500 -0.0439453125
2501 -0.16015625
2502 -0.07421875
2503 -0.005859375
2504 -0.0400390625
2505 -0.1845703125
2506 -0.0556640625
2507 0.0185546875
2508 -0.01171875
2509 -0.068359375
2510 0.044921875
2511 0.107421875
2512 0.056640625
2513 -0.037109375
2514 0.0107421875
2515 0.064453125
2516 0.01171875
2517 -0.1162109375
2518 -0.0029296875
2519 0.064453125
2520 0.021484375
2521 -0.1162109375
2522 -0.0771484375
2523 -0.0087890625
2524 -0.0419921875
2525 -0.1572265625
2526 -0.0712890625
2527 -0.0029296875
2528 -0.037109375
2529 -0.15234375
2530 -0.0673828125
2531 -0.0009765625
2532 -0.0361328125
2533 -0.1796875
2534 -0.05078125
2535 0.025390625
2536 -0.005859375
2537 -0.0634765625
2538 0.0478515625
2539 0.11328125
2540 0.060546875
2541 -0.033203125
2542 0.013671875
2543 0.0712890625
2544 0.0166015625
2545 -0.1162109375
2546 0.0009765625
2547 0.0693359375
2548 0.0244140625
2549 -0.1171875
2550 -0.0751953125
2551 -0.0048828125
2552 -0.0390625
2553 -0.15625
2554 -0.068359375
2555 0.001953125
2556 -0.03515625
2557 -0.1494140625
2558 -0.064453125
2559 0.0048828125
2560 -0.033203125
2561 -0.17578125
2562 -0.0458984375
2563 0.03125
2564 -0.00390625
2565 -0.060546875
2566 0.052734375
2567 0.119140625
2568 0.064453125
2569 -0.0302734375
2570 0.01953125
2571 0.0732421875
2572 0.021484375
2573 -0.1103515625
2574 0.0068359375
2575 0.0712890625
2576 0.029296875
2577 -0.1103515625
2578 -0.0693359375
2579 -0.0029296875
2580 -0.0341796875
2581 -0.1494140625
2582 -0.064453125
2583 0.005859375
2584 -0.0302734375
2585 -0.1455078125
2586 -0.060546875
2587 0.0078125
2588 -0.029296875
2589 -0.171875
2590 -0.044921875
2591 0.0322265625
2592 0.0009765625
2593 -0.0576171875
2594 0.0546875
2595 0.1201171875
2596 0.068359375
2597 -0.0283203125
2598 0.0224609375
2599 0.0771484375
2600 0.0224609375
2601 -0.109375
2602 0.0078125
2603 0.0712890625
2604 0.0302734375
2605 -0.107421875
2606 -0.0693359375
2607 -0.0029296875
2608 -0.0322265625
2609 -0.146484375
2610 -0.0625
2611 0.0029296875
2612 -0.0263671875
2613 -0.140625
2614 -0.0595703125
2615 0.005859375
2616 -0.025390625
2617 -0.1669921875
2618 -0.0419921875
2619 0.029296875
2620 0.00390625
2621 -0.0517578125
2622 0.056640625
2623 0.1181640625
2624 0.0712890625
2625 -0.0234375
2626 0.0224609375
2627 0.076171875
2628 0.0263671875
2629 -0.1044921875
2630 0.009765625
2631 0.0751953125
2632 0.03515625
2633 -0.103515625
2634 -0.06640625
2635 -0.0009765625
2636 -0.0302734375
2637 -0.1435546875
2638 -0.0595703125
2639 0.0048828125
2640 -0.025390625
2641 -0.140625
2642 -0.0546875
2643 0.0068359375
2644 -0.0224609375
2645 -0.1669921875
2646 -0.04296875
2647 0.029296875
2648 0.00390625
2649 -0.0478515625
2650 0.056640625
2651 0.1162109375
2652 0.0732421875
2653 -0.0185546875
2654 0.0244140625
2655 0.07421875
2656 0.029296875
2657 -0.099609375
2658 0.0107421875
2659 0.0703125
2660 0.037109375
2661 -0.1015625
2662 -0.0625
2663 0.0009765625
2664 -0.0263671875
2665 -0.140625
2666 -0.0576171875
2667 0.005859375
2668 -0.021484375
2669 -0.1337890625
2670 -0.0537109375
2671 0.009765625
2672 -0.021484375
2673 -0.162109375
2674 -0.0380859375
2675 0.033203125
2676 0.005859375
2677 -0.044921875
2678 0.0615234375
2679 0.123046875
2680 0.076171875
2681 -0.0185546875
2682 0.0283203125
2683 0.0791015625
2684 0.03125
2685 -0.0966796875
2686 0.0146484375
2687 0.076171875
2688 0.0400390625
2689 -0.0986328125
2690 -0.0595703125
2691 0.0048828125
2692 -0.0224609375
2693 -0.1376953125
2694 -0.0576171875
2695 0.0078125
2696 -0.01953125
2697 -0.1357421875
2698 -0.052734375
2699 0.0126953125
2700 -0.0205078125
2701 -0.1630859375
2702 -0.037109375
2703 0.0361328125
2704 0.0078125
2705 -0.046875
2706 0.0615234375
2707 0.123046875
2708 0.0751953125
2709 -0.017578125
2710 0.0302734375
2711 0.0810546875
2712 0.03125
2713 -0.0986328125
2714 0.013671875
2715 0.0771484375
2716 0.0400390625
2717 -0.0986328125
2718 -0.0615234375
2719 0.005859375
2720 -0.0244140625
2721 -0.1376953125
2722 -0.0556640625
2723 0.01171875
2724 -0.0205078125
2725 -0.1328125
2726 -0.0517578125
2727 0.015625
2728 -0.0185546875
2729 -0.1640625
2730 -0.03515625
2731 0.0380859375
2732 0.0087890625
2733 -0.048828125
2734 0.0634765625
2735 0.1279296875
2736 0.0771484375
2737 -0.0166015625
2738 0.0283203125
2739 0.0849609375
2740 0.0322265625
2741 -0.099609375
2742 0.013671875
2743 0.08203125
2744 0.0390625
2745 -0.0966796875
2746 -0.0576171875
2747 0.0078125
2748 -0.025390625
2749 -0.1396484375
2750 -0.0546875
2751 0.0146484375
2752 -0.01953125
2753 -0.1357421875
2754 -0.0498046875
2755 0.015625
2756 -0.017578125
2757 -0.1640625
2758 -0.03515625
2759 0.0400390625
2760 0.009765625
2761 -0.046875
2762 0.064453125
2763 0.1279296875
2764 0.076171875
2765 -0.01953125
2766 0.029296875
2767 0.0859375
2768 0.0322265625
2769 -0.1005859375
2770 0.015625
2771 0.08203125
2772 0.041015625
2773 -0.099609375
2774 -0.0595703125
2775 0.0078125
2776 -0.0234375
2777 -0.1396484375
2778 -0.0537109375
2779 0.013671875
2780 -0.0185546875
2781 -0.134765625
2782 -0.0478515625
2783 0.017578125
2784 -0.0166015625
2785 -0.1630859375
2786 -0.0341796875
2787 0.0439453125
2788 0.009765625
2789 -0.0458984375
2790 0.064453125
2791 0.12890625
2792 0.0771484375
2793 -0.017578125
2794 0.0322265625
2795 0.087890625
2796 0.033203125
2797 -0.1005859375
2798 0.017578125
2799 0.0849609375
2800 0.0400390625
2801 -0.0986328125
2802 -0.0546875
2803 0.01171875
2804 -0.021484375
2805 -0.140625
2806 -0.05078125
2807 0.0185546875
2808 -0.0185546875
2809 -0.134765625
2810 -0.0478515625
2811 0.021484375
2812 -0.0185546875
2813 -0.1640625
2814 -0.033203125
2815 0.0439453125
2816 0.009765625
2817 -0.0478515625
2818 0.0654296875
2819 0.130859375
2820 0.080078125
2821 -0.017578125
2822 0.0341796875
2823 0.0888671875
2824 0.0341796875
2825 -0.1015625
2826 0.0185546875
2827 0.0859375
2828 0.041015625
2829 -0.099609375
2830 -0.0576171875
2831 0.015625
2832 -0.0234375
2833 -0.140625
2834 -0.0517578125
2835 0.0205078125
2836 -0.0185546875
2837 -0.1357421875
2838 -0.0498046875
2839 0.0234375
2840 -0.017578125
2841 -0.166015625
2842 -0.03125
2843 0.0478515625
2844 0.009765625
2845 -0.048828125
2846 0.068359375
2847 0.13671875
2848 0.078125
2849 -0.0185546875
2850 0.0361328125
2851 0.09375
2852 0.033203125
2853 -0.1005859375
2854 0.0205078125
2855 0.08984375
2856 0.041015625
2857 -0.0966796875
2858 -0.0556640625
2859 0.013671875
2860 -0.021484375
2861 -0.138671875
2862 -0.048828125
2863 0.0224609375
2864 -0.0185546875
2865 -0.13671875
2866 -0.046875
2867 0.0224609375
2868 -0.017578125
2869 -0.1650390625
2870 -0.03125
2871 0.048828125
2872 0.01171875
2873 -0.046875
2874 0.068359375
2875 0.1357421875
2876 0.080078125
2877 -0.017578125
2878 0.0341796875
2879 0.0927734375
2880 0.0341796875
2881 -0.1025390625
2882 0.0185546875
2883 0.08984375
2884 0.041015625
2885 -0.0986328125
2886 -0.0556640625
2887 0.0166015625
2888 -0.0224609375
2889 -0.140625
2890 -0.0498046875
2891 0.0205078125
2892 -0.017578125
2893 -0.134765625
2894 -0.044921875
2895 0.0234375
2896 -0.015625
2897 -0.16015625
2898 -0.0283203125
2899 0.048828125
2900 0.0126953125
2901 -0.0458984375
2902 0.0703125
2903 0.1357421875
2904 0.0810546875
2905 -0.0146484375
2906 0.0361328125
2907 0.0927734375
2908 0.0361328125
2909 -0.095703125
2910 0.0224609375
2911 0.091796875
2912 0.0458984375
2913 -0.0947265625
2914 -0.0517578125
2915 0.0185546875
2916 -0.0185546875
2917 -0.13671875
2918 -0.046875
2919 0.025390625
2920 -0.015625
2921 -0.1337890625
2922 -0.046875
2923 0.025390625
2924 -0.015625
2925 -0.16015625
2926 -0.0283203125
2927 0.0498046875
2928 0.0126953125
2929 -0.0458984375
2930 0.0693359375
2931 0.138671875
2932 0.080078125
2933 -0.0166015625
2934 0.0361328125
2935 0.0908203125
2936 0.03515625
2937 -0.099609375
2938 0.0205078125
2939 0.0908203125
2940 0.04296875
2941 -0.0947265625
2942 -0.052734375
2943 0.017578125
2944 -0.0185546875
2945 -0.1357421875
2946 -0.048828125
2947 0.021484375
2948 -0.015625
2949 -0.1318359375
2950 -0.0458984375
2951 0.025390625
2952 -0.0146484375
2953 -0.158203125
2954 -0.0283203125
2955 0.048828125
2956 0.0126953125
2957 -0.04296875
2958 0.0693359375
2959 0.134765625
2960 0.08203125
2961 -0.013671875
2962 0.037109375
2963 0.0888671875
2964 0.037109375
2965 -0.095703125
2966 0.0224609375
2967 0.0888671875
2968 0.044921875
2969 -0.0927734375
2970 -0.0537109375
2971 0.015625
2972 -0.01953125
2973 -0.134765625
2974 -0.0478515625
2975 0.0224609375
2976 -0.0146484375
2977 -0.130859375
2978 -0.0458984375
2979 0.021484375
2980 -0.013671875
2981 -0.1611328125
2982 -0.029296875
2983 0.0458984375
2984 0.0126953125
2985 -0.0439453125
2986 0.0703125
2987 0.134765625
2988 0.0810546875
2989 -0.013671875
2990 0.0361328125
2991 0.0927734375
2992 0.0361328125
2993 -0.0966796875
2994 0.021484375
2995 0.087890625
2996 0.04296875
2997 -0.09375
2998 -0.0556640625
2999 0.013671875
3000 -0.01953125
3001 -0.134765625
3002 -0.048828125
3003 0.0185546875
3004 -0.0146484375
3005 -0.130859375
3006 -0.044921875
3007 0.0205078125
3008 -0.0126953125
3009 -0.15625
3010 -0.029296875
3011 0.0458984375
3012 0.015625
3013 -0.0419921875
3014 0.0712890625
3015 0.1357421875
3016 0.0810546875
3017 -0.01171875
3018 0.0361328125
3019 0.08984375
3020 0.037109375
3021 -0.0927734375
3022 0.0224609375
3023 0.087890625
3024 0.0458984375
3025 -0.0947265625
3026 -0.052734375
3027 0.0146484375
3028 -0.0185546875
3029 -0.134765625
3030 -0.048828125
3031 0.0205078125
3032 -0.015625
3033 -0.130859375
3034 -0.044921875
3035 0.021484375
3036 -0.013671875
3037 -0.15625
3038 -0.0283203125
3039 0.0478515625
3040 0.013671875
3041 -0.0419921875
3042 0.0703125
3043 0.1357421875
3044 0.0830078125
3045 -0.01171875
3046 0.037109375
3047 0.0927734375
3048 0.037109375
3049 -0.0947265625
3050 0.0234375
3051 0.087890625
3052 0.0458984375
3053 -0.095703125
3054 -0.0537109375
3055 0.0146484375
3056 -0.0166015625
3057 -0.134765625
3058 -0.048828125
3059 0.021484375
3060 -0.0146484375
3061 -0.130859375
3062 -0.0458984375
3063 0.0244140625
3064 -0.013671875
3065 -0.15625
3066 -0.029296875
3067 0.046875
3068 0.015625
3069 -0.0419921875
3070 0.0703125
3071 0.1337890625
3072 0.083984375
3073 -0.0126953125
3074 0.0361328125
3075 0.0888671875
3076 0.0380859375
3077 -0.09375
3078 0.0205078125
3079 0.0859375
3080 0.0439453125
3081 -0.0947265625
3082 -0.0546875
3083 0.0126953125
3084 -0.0185546875
3085 -0.1328125
3086 -0.048828125
3087 0.0185546875
3088 -0.0146484375
3089 -0.12890625
3090 -0.046875
3091 0.0205078125
3092 -0.0126953125
3093 -0.158203125
3094 -0.0302734375
3095 0.0439453125
3096 0.0146484375
3097 -0.0419921875
3098 0.0703125
3099 0.134765625
3100 0.08203125
3101 -0.01171875
3102 0.0361328125
3103 0.0888671875
3104 0.037109375
3105 -0.0947265625
3106 0.0205078125
3107 0.0859375
3108 0.0439453125
3109 -0.0927734375
3110 -0.0537109375
3111 0.0146484375
3112 -0.01953125
3113 -0.1318359375
3114 -0.046875
3115 0.0185546875
3116 -0.013671875
3117 -0.1279296875
3118 -0.04296875
3119 0.021484375
3120 -0.01171875
3121 -0.1552734375
3122 -0.0283203125
3123 0.0439453125
3124 0.017578125
3125 -0.0400390625
3126 0.0703125
3127 0.130859375
3128 0.08203125
3129 -0.0107421875
3130 0.03515625
3131 0.087890625
3132 0.037109375
3133 -0.08984375
3134 0.021484375
3135 0.0869140625
3136 0.046875
3137 -0.08984375
3138 -0.0517578125
3139 0.0126953125
3140 -0.0146484375
3141 -0.130859375
3142 -0.046875
3143 0.017578125
3144 -0.01171875
3145 -0.12890625
3146 -0.04296875
3147 0.021484375
3148 -0.01171875
3149 -0.15625
3150 -0.029296875
3151 0.046875
3152 0.0146484375
3153 -0.0400390625
3154 0.0712890625
3155 0.134765625
3156 0.0849609375
3157 -0.0107421875
3158 0.0361328125
3159 0.0927734375
3160 0.037109375
3161 -0.09375
3162 0.0224609375
3163 0.0888671875
3164 0.044921875
3165 -0.091796875
3166 -0.05078125
3167 0.017578125
3168 -0.0166015625
3169 -0.1318359375
3170 -0.046875
3171 0.0224609375
3172 -0.0146484375
3173 -0.12890625
3174 -0.044921875
3175 0.0224609375
3176 -0.0126953125
3177 -0.1572265625
3178 -0.029296875
3179 0.0458984375
3180 0.015625
3181 -0.041015625
3182 0.0712890625
3183 0.1357421875
3184 0.083984375
3185 -0.0126953125
3186 0.037109375
3187 0.091796875
3188 0.0380859375
3189 -0.09375
3190 0.0234375
3191 0.08984375
3192 0.046875
3193 -0.0908203125
3194 -0.0498046875
3195 0.0166015625
3196 -0.0185546875
3197 -0.1328125
3198 -0.048828125
3199 0.0224609375
3200 -0.0146484375
3201 -0.1298828125
3202 -0.044921875
3203 0.0244140625
3204 -0.0126953125
3205 -0.1572265625
3206 -0.0302734375
3207 0.0478515625
3208 0.0166015625
3209 -0.041015625
3210 0.0703125
3211 0.1337890625
3212 0.0830078125
3213 -0.01171875
3214 0.0380859375
3215 0.091796875
3216 0.0390625
3217 -0.095703125
3218 0.021484375
3219 0.087890625
3220 0.044921875
3221 -0.09375
3222 -0.0556640625
3223 0.015625
3224 -0.01953125
3225 -0.1337890625
3226 -0.048828125
3227 0.0224609375
3228 -0.0146484375
3229 -0.12890625
3230 -0.0439453125
3231 0.0224609375
3232 -0.0126953125
3233 -0.1572265625
3234 -0.02734375
3235 0.0458984375
3236 0.0166015625
3237 -0.041015625
3238 0.0712890625
3239 0.13671875
3240 0.0830078125
3241 -0.0107421875
3242 0.037109375
3243 0.0888671875
3244 0.0380859375
3245 -0.091796875
3246 0.021484375
3247 0.0869140625
3248 0.044921875
3249 -0.0908203125
3250 -0.052734375
3251 0.013671875
3252 -0.0166015625
3253 -0.1298828125
3254 -0.0478515625
3255 0.01953125
3256 -0.01171875
3257 -0.126953125
3258 -0.04296875
3259 0.0205078125
3260 -0.009765625
3261 -0.15625
3262 -0.0302734375
3263 0.0439453125
3264 0.015625
3265 -0.0400390625
3266 0.0693359375
3267 0.1328125
3268 0.0830078125
3269 -0.0107421875
3270 0.0361328125
3271 0.087890625
3272 0.0380859375
3273 -0.0947265625
3274 0.01953125
3275 0.0859375
3276 0.0458984375
3277 -0.0927734375
3278 -0.052734375
3279 0.015625
3280 -0.0166015625
3281 -0.1337890625
3282 -0.046875
3283 0.01953125
3284 -0.0126953125
3285 -0.1259765625
3286 -0.0419921875
3287 0.0244140625
3288 -0.0107421875
3289 -0.1328125
3290 -0.0087890625
3291 0.064453125
3292 0.0283203125
3293 -0.0849609375
3294 -0.037109375
3295 0.03125
3296 -0.0078125
3297 -0.16796875
3298 -0.091796875
3299 -0.0146484375
3300 -0.041015625
3301 -0.134765625
3302 -0.0478515625
3303 0.0234375
3304 -0.009765625
3305 -0.1796875
3306 -0.11328125
3307 -0.03125
3308 -0.048828125
3309 -0.2060546875
3310 -0.126953125
3311 -0.0400390625
3312 -0.0576171875
3313 -0.1611328125
3314 -0.0673828125
3315 0.0068359375
3316 -0.0244140625
3317 -0.1181640625
3318 -0.03125
3319 0.037109375
3320 0.0
3321 -0.109375
3322 0.0126953125
3323 0.0830078125
3324 0.0458984375
3325 -0.0771484375
3326 -0.033203125
3327 0.033203125
3328 -0.001953125
3329 -0.1171875
3330 -0.033203125
3331 0.0361328125
3332 0.0029296875
3333 -0.1181640625
3334 -0.0322265625
3335 0.0380859375
3336 -0.001953125
3337 -0.1064453125
3338 -0.0224609375
3339 0.046875
3340 0.005859375
3341 -0.0927734375
3342 -0.017578125
3343 0.0517578125
3344 0.013671875
3345 -0.115234375
3346 -0.0283203125
3347 0.0361328125
3348 0.0
3349 -0.1875
3350 -0.1103515625
3351 -0.029296875
3352 -0.0478515625
3353 -0.2060546875
3354 -0.1279296875
3355 -0.0546875
3356 -0.0498046875
3357 -0.140625
3358 -0.0673828125
3359 -0.009765625
3360 -0.013671875
3361 -0.1416015625
3362 -0.072265625
3363 -0.015625
3364 -0.0166015625
3365 -0.15625
3366 -0.0439453125
3367 0.01953125
3368 0.0205078125
3369 -0.0498046875
3370 0.0458984375
3371 0.0966796875
3372 0.0791015625
3373 0.03125
3374 0.115234375
3375 0.1552734375
3376 0.1259765625
3377 0.0478515625
3378 0.0654296875
3379 0.1015625
3380 0.072265625
3381 -0.0224609375
3382 0.0283203125
3383 0.068359375
3384 0.046875
3385 -0.056640625
3386 0.0048828125
3387 0.046875
3388 0.02734375
3389 -0.076171875
3390 -0.013671875
3391 0.02734375
3392 0.015625
3393 -0.0986328125
3394 0.001953125
3395 0.0537109375
3396 0.0458984375
3397 -0.103515625
3398 -0.0751953125
3399 -0.017578125
3400 -0.0185546875
3401 -0.1982421875
3402 -0.138671875
3403 -0.06640625
3404 -0.0556640625
3405 -0.1552734375
3406 -0.0791015625
3407 -0.01953125
3408 -0.0205078125
3409 -0.1611328125
3410 -0.0869140625
3411 -0.0283203125
3412 -0.0224609375
3413 -0.15625
3414 -0.0400390625
3415 0.021484375
3416 0.0224609375
3417 -0.0595703125
3418 0.0361328125
3419 0.0888671875
3420 0.076171875
3421 -0.005859375
3422 0.080078125
3423 0.126953125
3424 0.1015625
3425 0.01953125
3426 0.1015625
3427 0.1455078125
3428 0.1142578125
3429 0.0263671875
3430 0.10546875
3431 0.1484375
3432 0.1142578125
3433 0.0166015625
3434 0.095703125
3435 0.1376953125
3436 0.1083984375
3437 0.0009765625
3438 0.0849609375
3439 0.126953125
3440 0.099609375
3441 0.037109375
3442 0.1181640625
3443 0.1572265625
3444 0.1220703125
3445 0.017578125
3446 0.0361328125
3447 0.0693359375
3448 0.04296875
3449 -0.064453125
3450 -0.0107421875
3451 0.033203125
3452 0.017578125
3453 -0.125
3454 -0.0595703125
3455 -0.0078125
3456 -0.015625
3457 -0.146484375
3458 -0.0361328125
3459 0.0244140625
3460 0.0166015625
3461 -0.06640625
3462 0.029296875
3463 0.0810546875
3464 0.0615234375
3465 -0.0283203125
3466 0.0595703125
3467 0.10546875
3468 0.08203125
3469 -0.0224609375
3470 0.0625
3471 0.1083984375
3472 0.08203125
3473 -0.029296875
3474 0.056640625
3475 0.1025390625
3476 0.076171875
3477 0.0146484375
3478 0.095703125
3479 0.13671875
3480 0.1025390625
3481 -0.0205078125
3482 -0.001953125
3483 0.037109375
3484 0.0185546875
3485 -0.142578125
3486 -0.033203125
3487 0.021484375
3488 0.0166015625
3489 -0.0966796875
3490 -0.0703125
3491 -0.017578125
3492 -0.025390625
3493 -0.123046875
3494 -0.0146484375
3495 0.0400390625
3496 0.0283203125
3497 -0.060546875
3498 -0.0595703125
3499 -0.0029296875
3500 -0.0126953125
3501 -0.0986328125
3502 0.0009765625
3503 0.052734375
3504 0.0400390625
3505 -0.0498046875
3506 -0.0244140625
3507 0.0205078125
3508 0.005859375
3509 -0.0888671875
3510 -0.029296875
3511 0.017578125
3512 0.00390625
3513 -0.138671875
3514 -0.0703125
3515 -0.0185546875
3516 -0.0234375
3517 -0.1552734375
3518 -0.0869140625
3519 -0.02734375
3520 -0.0283203125
3521 -0.1826171875
3522 -0.068359375
3523 -0.001953125
3524 0.0
3525 -0.0869140625
3526 0.01171875
3527 0.064453125
3528 0.0517578125
3529 -0.0400390625
3530 0.0498046875
3531 0.0966796875
3532 0.076171875
3533 -0.013671875
3534 0.0712890625
3535 0.1142578125
3536 0.08984375
3537 0.0078125
3538 0.0869140625
3539 0.1279296875
3540 0.099609375
3541 0.009765625
3542 0.0869140625
3543 0.1279296875
3544 0.0986328125
3545 0.0
3546 0.078125
3547 0.1181640625
3548 0.0908203125
3549 -0.01953125
3550 0.060546875
3551 0.1044921875
3552 0.0791015625
3553 0.005859375
3554 0.0849609375
3555 0.119140625
3556 0.09375
3557 -0.037109375
3558 -0.021484375
3559 0.021484375
3560 0.0068359375
3561 -0.09375
3562 0.001953125
3563 0.052734375
3564 0.0380859375
3565 -0.01171875
3566 0.0732421875
3567 0.115234375
3568 0.0869140625
3569 0.037109375
3570 0.11328125
3571 0.1494140625
3572 0.115234375
3573 0.056640625
3574 0.12890625
3575 0.1630859375
3576 0.125
3577 0.0234375
3578 0.0390625
3579 0.068359375
3580 0.041015625
3581 -0.078125
3582 -0.0263671875
3583 0.013671875
3584 -0.001953125
3585 -0.123046875
3586 -0.060546875
3587 -0.0126953125
3588 -0.0244140625
3589 -0.1357421875
3590 -0.0771484375
3591 -0.0244140625
3592 -0.03125
3593 -0.142578125
3594 -0.078125
3595 -0.0263671875
3596 -0.0322265625
3597 -0.14453125
3598 -0.08203125
3599 -0.03125
3600 -0.033203125
3601 -0.1728515625
3602 -0.1015625
3603 -0.0439453125
3604 -0.0439453125
3605 -0.1494140625
3606 -0.04296875
3607 0.015625
3608 0.0087890625
3609 -0.1201171875
3610 -0.0947265625
3611 -0.0322265625
3612 -0.0400390625
3613 -0.134765625
3614 -0.0703125
3615 -0.015625
3616 -0.0224609375
3617 -0.1259765625
3618 -0.056640625
3619 -0.01171875
3620 -0.0185546875
3621 -0.1318359375
3622 -0.0615234375
3623 -0.0146484375
3624 -0.017578125
3625 -0.1728515625
3626 -0.05859375
3627 -0.0048828125
3628 0.0009765625
3629 -0.0654296875
3630 0.0283203125
3631 0.076171875
3632 0.060546875
3633 -0.0673828125
3634 0.021484375
3635 0.06640625
3636 0.052734375
3637 -0.087890625
3638 -0.0712890625
3639 -0.01953125
3640 -0.0224609375
3641 -0.1865234375
3642 -0.11328125
3643 -0.0517578125
3644 -0.0439453125
3645 -0.1494140625
3646 -0.0751953125
3647 -0.0244140625
3648 -0.0244140625
3649 -0.1103515625
3650 -0.009765625
3651 0.0458984375
3652 0.037109375
3653 -0.0546875
3654 -0.0556640625
3655 0.0
3656 -0.0048828125
3657 -0.1142578125
3658 -0.013671875
3659 0.041015625
3660 0.033203125
3661 -0.0537109375
3662 0.0361328125
3663 0.0859375
3664 0.0693359375
3665 -0.0283203125
3666 -0.0078125
3667 0.0322265625
3668 0.0185546875
3669 -0.0986328125
3670 0.0009765625
3671 0.0478515625
3672 0.0400390625
3673 -0.09375
3674 -0.068359375
3675 -0.017578125
3676 -0.021484375
3677 -0.2021484375
3678 -0.1259765625
3679 -0.05859375
3680 -0.0498046875
3681 -0.15625
3682 -0.0849609375
3683 -0.0302734375
3684 -0.0283203125
3685 -0.1552734375
3686 -0.0810546875
3687 -0.0283203125
3688 -0.0263671875
3689 -0.18359375
3690 -0.064453125
3691 -0.0009765625
3692 0.0029296875
3693 -0.0498046875
3694 0.044921875
3695 0.0908203125
3696 0.0751953125
3697 -0.001953125
3698 0.080078125
3699 0.123046875
3700 0.1005859375
3701 0.0048828125
3702 0.0859375
3703 0.126953125
3704 0.1015625
3705 0.0400390625
3706 0.1171875
3707 0.1552734375
3708 0.123046875
3709 0.033203125
3710 0.044921875
3711 0.0791015625
3712 0.0546875
3713 -0.0439453125
3714 0.009765625
3715 0.0478515625
3716 0.029296875
3717 -0.076171875
3718 -0.017578125
3719 0.0234375
3720 0.0107421875
3721 -0.16015625
3722 -0.048828125
3723 0.0068359375
3724 0.005859375
3725 -0.13671875
3726 -0.1083984375
3727 -0.044921875
3728 -0.041015625
3729 -0.2138671875
3730 -0.08984375
3731 -0.0185546875
3732 -0.0107421875
3733 -0.064453125
3734 0.0322265625
3735 0.080078125
3736 0.0634765625
3737 -0.0087890625
3738 0.0771484375
3739 0.1181640625
3740 0.0947265625
3741 0.0068359375
3742 0.0869140625
3743 0.12890625
3744 0.099609375
3745 0.052734375
3746 0.1259765625
3747 0.1640625
3748 0.1279296875
3749 0.01953125
3750 0.0341796875
3751 0.0693359375
3752 0.04296875
3753 -0.1376953125
3754 -0.0830078125
3755 -0.02734375
3756 -0.0302734375
3757 -0.1328125
3758 -0.068359375
3759 -0.013671875
3760 -0.01953125
3761 -0.16015625
3762 -0.0869140625
3763 -0.0322265625
3764 -0.033203125
3765 -0.162109375
3766 -0.0498046875
3767 0.01171875
3768 0.0068359375
3769 -0.078125
3770 0.0146484375
3771 0.068359375
3772 0.0537109375
3773 -0.037109375
3774 0.048828125
3775 0.0966796875
3776 0.07421875
3777 -0.0146484375
3778 0.06640625
3779 0.1103515625
3780 0.0859375
3781 -0.005859375
3782 0.076171875
3783 0.1171875
3784 0.0908203125
3785 -0.0068359375
3786 0.07421875
3787 0.115234375
3788 0.0888671875
3789 -0.029296875
3790 0.0546875
3791 0.095703125
3792 0.0732421875
3793 -0.0146484375
3794 0.06640625
3795 0.109375
3796 0.0830078125
3797 0.0302734375
3798 0.107421875
3799 0.146484375
3800 0.1103515625
3801 0.060546875
3802 0.1328125
3803 0.1669921875
3804 0.12890625
3805 0.041015625
3806 0.0625
3807 0.0908203125
3808 0.056640625
3809 -0.0693359375
3810 -0.021484375
3811 0.0185546875
3812 0.0
3813 -0.1455078125
3814 -0.08203125
3815 -0.0283203125
3816 -0.0341796875
3817 -0.142578125
3818 -0.0380859375
3819 0.0166015625
3820 0.009765625
3821 -0.029296875
3822 0.0576171875
3823 0.1025390625
3824 0.076171875
3825 0.04296875
3826 0.1201171875
3827 0.158203125
3828 0.12109375
3829 0.0771484375
3830 0.1474609375
3831 0.1826171875
3832 0.140625
3833 0.0810546875
3834 0.1484375
3835 0.1796875
3836 0.134765625
3837 0.0849609375
3838 0.1533203125
3839 0.1845703125
3840 0.138671875
3841 0.0595703125
3842 0.0791015625
3843 0.1025390625
3844 0.0634765625
3845 -0.0302734375
3846 0.048828125
3847 0.087890625
3848 0.0595703125
3849 -0.037109375
3850 -0.0166015625
3851 0.0205078125
3852 -0.0009765625
3853 -0.1064453125
3854 -0.048828125
3855 -0.00390625
3856 -0.021484375
3857 -0.119140625
3858 -0.0595703125
3859 -0.0126953125
3860 -0.029296875
3861 -0.134765625
3862 -0.0712890625
3863 -0.0234375
3864 -0.0380859375
3865 -0.13671875
3866 -0.0703125
3867 -0.0224609375
3868 -0.0361328125
3869 -0.177734375
3870 -0.1064453125
3871 -0.0546875
3872 -0.0595703125
3873 -0.2021484375
3874 -0.123046875
3875 -0.064453125
3876 -0.0673828125
3877 -0.1904296875
3878 -0.078125
3879 -0.013671875
3880 -0.0166015625
3881 -0.08203125
3882 0.0126953125
3883 0.064453125
3884 0.04296875
3885 -0.0283203125
3886 0.0546875
3887 0.1015625
3888 0.0703125
3889 0.001953125
3890 0.0791015625
3891 0.1220703125
3892 0.0859375
3893 0.009765625
3894 0.087890625
3895 0.1240234375
3896 0.0927734375
3897 0.0322265625
3898 0.1083984375
3899 0.142578125
3900 0.10546875
3901 0.0283203125
3902 0.044921875
3903 0.076171875
3904 0.0419921875
3905 -0.0576171875
3906 -0.005859375
3907 0.0341796875
3908 0.0068359375
3909 -0.0947265625
3910 -0.03515625
3911 0.005859375
3912 -0.0146484375
3913 -0.099609375
3914 -0.00390625
3915 0.044921875
3916 0.025390625
3917 -0.015625
3918 0.0693359375
3919 0.1123046875
3920 0.080078125
3921 -0.021484375
3922 -0.001953125
3923 0.033203125
3924 0.005859375
3925 -0.1513671875
3926 -0.0478515625
3927 0.005859375
3928 -0.0048828125
3929 -0.1376953125
3930 -0.1123046875
3931 -0.052734375
3932 -0.05859375
3933 -0.1650390625
3934 -0.0546875
3935 0.0048828125
3936 -0.005859375
3937 -0.0791015625
3938 0.0146484375
3939 0.0654296875
3940 0.0419921875
3941 -0.0537109375
3942 -0.0322265625
3943 0.01171875
3944 -0.0078125
3945 -0.150390625
3946 -0.08203125
3947 -0.0341796875
3948 -0.0439453125
3949 -0.19921875
3950 -0.1240234375
3951 -0.064453125
3952 -0.06640625
3953 -0.201171875
3954 -0.1220703125
3955 -0.0625
3956 -0.0634765625
3957 -0.158203125
3958 -0.0830078125
3959 -0.029296875
3960 -0.0390625
3961 -0.158203125
3962 -0.0517578125
3963 0.005859375
3964 -0.0009765625
3965 -0.16796875
3966 -0.1396484375
3967 -0.0732421875
3968 -0.068359375
3969 -0.1875
3970 -0.111328125
3971 -0.048828125
3972 -0.048828125
3973 -0.1318359375
3974 -0.060546875
3975 -0.0048828125
3976 -0.01953125
3977 -0.142578125
3978 -0.0732421875
3979 -0.01953125
3980 -0.0302734375
3981 -0.177734375
3982 -0.064453125
3983 0.001953125
3984 -0.001953125
3985 -0.0439453125
3986 0.0498046875
3987 0.0966796875
3988 0.0732421875
3989 0.017578125
3990 0.1025390625
3991 0.1396484375
3992 0.1064453125
3993 0.0009765625
3994 0.0185546875
3995 0.052734375
3996 0.02734375
3997 -0.09765625
3998 -0.033203125
3999 -0.0166015625
4000 0.0263671875
4001 -0.0302734375
4002 0.0029296875
4003 0.0146484375
4004 0.0537109375
4005 0.025390625
4006 0.0517578125
4007 0.0546875
4008 0.0859375
4009 0.0107421875
4010 -0.0302734375
4011 -0.0263671875
4012 0.01171875
4013 -0.0556640625
4014 -0.052734375
4015 -0.046875
4016 -0.001953125
4017 -0.103515625
4018 -0.0888671875
4019 -0.078125
4020 -0.029296875
4021 -0.111328125
4022 -0.05859375
4023 -0.0361328125
4024 0.0126953125
4025 -0.0361328125
4026 0.0
4027 0.0126953125
4028 0.052734375
4029 0.0009765625
4030 0.0302734375
4031 0.03515625
4032 0.072265625
4033 0.0244140625
4034 0.048828125
4035 0.0517578125
4036 0.0859375
4037 0.0361328125
4038 0.0576171875
4039 0.0576171875
4040 0.0888671875
4041 0.033203125
4042 0.0537109375
4043 0.0546875
4044 0.0849609375
4045 0.0087890625
4046 0.0322265625
4047 0.0380859375
4048 0.0712890625
4049 0.0205078125
4050 0.0439453125
4051 0.0458984375
4052 0.078125
4053 0.0703125
4054 0.0859375
4055 0.08203125
4056 0.107421875
4057 0.1005859375
4058 0.1123046875
4059 0.1044921875
4060 0.1259765625
4061 0.0810546875
4062 0.0419921875
4063 0.029296875
4064 0.0546875
4065 -0.0322265625
4066 -0.0419921875
4067 -0.0400390625
4068 -0.0029296875
4069 -0.109375
4070 -0.1015625
4071 -0.0859375
4072 -0.0380859375
4073 -0.1064453125
4074 -0.056640625
4075 -0.041015625
4076 0.0068359375
4077 0.009765625
4078 0.037109375
4079 0.0419921875
4080 0.07421875
4081 0.0859375
4082 0.099609375
4083 0.09765625
4084 0.1201171875
4085 0.1201171875
4086 0.1279296875
4087 0.1201171875
4088 0.138671875
4089 0.1220703125
4090 0.1279296875
4091 0.1162109375
4092 0.134765625
4093 0.1279296875
4094 0.1328125
4095 0.1220703125
4096 0.138671875
4097 0.0986328125
4098 0.0576171875
4099 0.0419921875
4100 0.0634765625
4101 0.0107421875
4102 0.033203125
4103 0.0302734375
4104 0.060546875
4105 0.0029296875
4106 -0.0341796875
4107 -0.0361328125
4108 -0.0009765625
4109 -0.0693359375
4110 -0.0673828125
4111 -0.064453125
4112 -0.025390625
4113 -0.0810546875
4114 -0.0771484375
4115 -0.0693359375
4116 -0.02734375
4117 -0.099609375
4118 -0.0927734375
4119 -0.0830078125
4120 -0.0380859375
4121 -0.126953125
4122 -0.1123046875
4123 -0.099609375
4124 -0.048828125
4125 -0.1103515625
4126 -0.099609375
4127 -0.087890625
4128 -0.041015625
4129 -0.0888671875
4130 -0.0771484375
4131 -0.0693359375
4132 -0.0263671875
4133 -0.0927734375
4134 -0.083984375
4135 -0.072265625
4136 -0.029296875
4137 -0.1435546875
4138 -0.1494140625
4139 -0.125
4140 -0.06640625
4141 -0.1240234375
4142 -0.1123046875
4143 -0.0927734375
4144 -0.0419921875
4145 -0.109375
4146 -0.09375
4147 -0.083984375
4148 -0.0341796875
4149 -0.0810546875
4150 -0.0361328125
4151 -0.021484375
4152 0.0234375
4153 -0.029296875
4154 -0.08203125
4155 -0.0673828125
4156 -0.017578125
4157 -0.0947265625
4158 -0.0478515625
4159 -0.03125
4160 0.015625
4161 -0.0390625
4162 -0.00390625
4163 0.0078125
4164 0.046875
4165 -0.009765625
4166 -0.044921875
4167 -0.0400390625
4168 0.001953125
4169 -0.0791015625
4170 -0.03125
4171 -0.0224609375
4172 0.0244140625
4173 -0.080078125
4174 -0.10546875
4175 -0.0908203125
4176 -0.0361328125
4177 -0.1728515625
4178 -0.1416015625
4179 -0.1171875
4180 -0.05859375
4181 -0.130859375
4182 -0.1103515625
4183 -0.0927734375
4184 -0.0390625
4185 -0.1123046875
4186 -0.0947265625
4187 -0.078125
4188 -0.0263671875
4189 -0.134765625
4190 -0.1162109375
4191 -0.0947265625
4192 -0.0390625
4193 -0.1083984375
4194 -0.0908203125
4195 -0.0732421875
4196 -0.021484375
4197 -0.1015625
4198 -0.08984375
4199 -0.0732421875
4200 -0.01953125
4201 -0.134765625
4202 -0.1142578125
4203 -0.0908203125
4204 -0.0341796875
4205 -0.1025390625
4206 -0.0478515625
4207 -0.0283203125
4208 0.0224609375
4209 0.0302734375
4210 0.0576171875
4211 0.064453125
4212 0.0986328125
4213 0.109375
4214 0.125
4215 0.1220703125
4216 0.1474609375
4217 0.1455078125
4218 0.154296875
4219 0.146484375
4220 0.1650390625
4221 0.150390625
4222 0.15625
4223 0.1435546875
4224 0.162109375
4225 0.154296875
4226 0.16015625
4227 0.1474609375
4228 0.1640625
4229 0.123046875
4230 0.0830078125
4231 0.068359375
4232 0.087890625
4233 0.037109375
4234 0.056640625
4235 0.0546875
4236 0.0830078125
4237 0.02734375
4238 -0.01171875
4239 -0.0146484375
4240 0.021484375
4241 -0.0478515625
4242 -0.044921875
4243 -0.0400390625
4244 0.0009765625
4245 -0.0576171875
4246 -0.052734375
4247 -0.046875
4248 -0.0068359375
4249 -0.0791015625
4250 -0.0712890625
4251 -0.0615234375
4252 -0.017578125
4253 -0.10546875
4254 -0.091796875
4255 -0.078125
4256 -0.0302734375
4257 -0.0888671875
4258 -0.0791015625
4259 -0.0693359375
4260 -0.0205078125
4261 -0.068359375
4262 -0.0576171875
4263 -0.0498046875
4264 -0.0078125
4265 -0.07421875
4266 -0.0625
4267 -0.052734375
4268 -0.0087890625
4269 -0.1240234375
4270 -0.12890625
4271 -0.10546875
4272 -0.048828125
4273 -0.10546875
4274 -0.09375
4275 -0.0751953125
4276 -0.0234375
4277 -0.0927734375
4278 -0.080078125
4279 -0.0673828125
4280 -0.0185546875
4281 -0.064453125
4282 -0.021484375
4283 -0.0068359375
4284 0.0390625
4285 -0.015625
4286 -0.068359375
4287 -0.05078125
4288 -0.0048828125
4289 -0.0732421875
4290 -0.0244140625
4291 -0.0107421875
4292 0.03515625
4293 -0.01171875
4294 0.021484375
4295 0.0302734375
4296 0.068359375
4297 0.009765625
4298 -0.02734375
4299 -0.021484375
4300 0.0166015625
4301 -0.060546875
4302 -0.015625
4303 -0.0048828125
4304 0.0390625
4305 -0.052734375
4306 -0.08203125
4307 -0.068359375
4308 -0.01953125
4309 -0.15234375
4310 -0.123046875
4311 -0.1015625
4312 -0.04296875
4313 -0.1181640625
4314 -0.09375
4315 -0.0771484375
4316 -0.02734375
4317 -0.09765625
4318 -0.08203125
4319 -0.0654296875
4320 -0.015625
4321 -0.1220703125
4322 -0.10546875
4323 -0.0830078125
4324 -0.02734375
4325 -0.0966796875
4326 -0.0810546875
4327 -0.064453125
4328 -0.013671875
4329 -0.0947265625
4330 -0.080078125
4331 -0.064453125
4332 -0.01171875
4333 -0.125
4334 -0.1025390625
4335 -0.0791015625
4336 -0.0224609375
4337 -0.09375
4338 -0.0380859375
4339 -0.0185546875
4340 0.0322265625
4341 0.0390625
4342 0.068359375
4343 0.0732421875
4344 0.10546875
4345 0.1181640625
4346 0.1337890625
4347 0.1318359375
4348 0.1533203125
4349 0.154296875
4350 0.162109375
4351 0.154296875
4352 0.1728515625
4353 0.15625
4354 0.1630859375
4355 0.15234375
4356 0.169921875
4357 0.1611328125
4358 0.1669921875
4359 0.15625
4360 0.1728515625
4361 0.1328125
4362 0.091796875
4363 0.076171875
4364 0.0947265625
4365 0.0439453125
4366 0.064453125
4367 0.0634765625
4368 0.0927734375
4369 0.037109375
4370 -0.00390625
4371 -0.005859375
4372 0.0283203125
4373 -0.041015625
4374 -0.0400390625
4375 -0.0361328125
4376 0.0048828125
4377 -0.0517578125
4378 -0.048828125
4379 -0.0419921875
4380 -0.0009765625
4381 -0.0732421875
4382 -0.064453125
4383 -0.0546875
4384 -0.0107421875
4385 -0.1005859375
4386 -0.087890625
4387 -0.0703125
4388 -0.025390625
4389 -0.08203125
4390 -0.07421875
4391 -0.0625
4392 -0.0166015625
4393 -0.0634765625
4394 -0.0537109375
4395 -0.0439453125
4396 -0.001953125
4397 -0.068359375
4398 -0.056640625
4399 -0.046875
4400 -0.0029296875
4401 -0.1181640625
4402 -0.123046875
4403 -0.1005859375
4404 -0.0419921875
4405 -0.1005859375
4406 -0.0869140625
4407 -0.0703125
4408 -0.01953125
4409 -0.0859375
4410 -0.0712890625
4411 -0.060546875
4412 -0.0126953125
4413 -0.05859375
4414 -0.0146484375
4415 0.0
4416 0.0439453125
4417 -0.0068359375
4418 -0.0634765625
4419 -0.046875
4420 0.0
4421 -0.0712890625
4422 -0.0224609375
4423 -0.0068359375
4424 0.0380859375
4425 -0.009765625
4426 0.0244140625
4427 0.0341796875
4428 0.07421875
4429 0.0166015625
4430 -0.0205078125
4431 -0.015625
4432 0.0224609375
4433 -0.0556640625
4434 -0.0126953125
4435 -0.0009765625
4436 0.0439453125
4437 -0.0458984375
4438 -0.078125
4439 -0.0615234375
4440 -0.0146484375
4441 -0.1484375
4442 -0.1201171875
4443 -0.095703125
4444 -0.0390625
4445 -0.11328125
4446 -0.0908203125
4447 -0.0732421875
4448 -0.0224609375
4449 -0.0966796875
4450 -0.078125
4451 -0.0634765625
4452 -0.0107421875
4453 -0.12109375
4454 -0.1025390625
4455 -0.08203125
4456 -0.025390625
4457 -0.09375
4458 -0.0771484375
4459 -0.0595703125
4460 -0.009765625
4461 -0.0888671875
4462 -0.0771484375
4463 -0.060546875
4464 -0.0078125
4465 -0.123046875
4466 -0.1025390625
4467 -0.078125
4468 -0.021484375
4469 -0.0947265625
4470 -0.0361328125
4471 -0.0166015625
4472 0.0341796875
4473 0.0380859375
4474 0.0693359375
4475 0.0751953125
4476 0.109375
4477 0.119140625
4478 0.13671875
4479 0.134765625
4480 0.15625
4481 0.1572265625
4482 0.166015625
4483 0.1591796875
4484 0.173828125
4485 0.1591796875
4486 0.1669921875
4487 0.15625
4488 0.1728515625
4489 0.1650390625
4490 0.169921875
4491 0.158203125
4492 0.173828125
4493 0.1337890625
4494 0.095703125
4495 0.0791015625
4496 0.0986328125
4497 0.046875
4498 0.068359375
4499 0.0654296875
4500 0.09375
4501 0.0400390625
4502 -0.0009765625
4503 -0.001953125
4504 0.0302734375
4505 -0.0361328125
4506 -0.0361328125
4507 -0.03125
4508 0.0078125
4509 -0.046875
4510 -0.044921875
4511 -0.0380859375
4512 0.001953125
4513 -0.0693359375
4514 -0.0625
4515 -0.052734375
4516 -0.0087890625
4517 -0.09765625
4518 -0.083984375
4519 -0.0693359375
4520 -0.021484375
4521 -0.0830078125
4522 -0.0732421875
4523 -0.060546875
4524 -0.0146484375
4525 -0.0595703125
4526 -0.0517578125
4527 -0.041015625
4528 0.0
4529 -0.0654296875
4530 -0.0546875
4531 -0.04296875
4532 -0.0009765625
4533 -0.1142578125
4534 -0.1220703125
4535 -0.09765625
4536 -0.0400390625
4537 -0.1005859375
4538 -0.0849609375
4539 -0.0673828125
4540 -0.017578125
4541 -0.0859375
4542 -0.068359375
4543 -0.05859375
4544 -0.0107421875
4545 -0.056640625
4546 -0.013671875
4547 0.001953125
4548 0.044921875
4549 -0.00390625
4550 -0.0615234375
4551 -0.04296875
4552 0.001953125
4553 -0.064453125
4554 -0.0205078125
4555 -0.00390625
4556 0.0419921875
4557 -0.005859375
4558 0.02734375
4559 0.037109375
4560 0.0771484375
4561 0.015625
4562 -0.01953125
4563 -0.015625
4564 0.025390625
4565 -0.0576171875
4566 -0.01171875
4567 -0.0009765625
4568 0.0439453125
4569 -0.0498046875
4570 -0.0771484375
4571 -0.0634765625
4572 -0.0146484375
4573 -0.1474609375
4574 -0.1201171875
4575 -0.0947265625
4576 -0.0380859375
4577 -0.11328125
4578 -0.08984375
4579 -0.072265625
4580 -0.0205078125
4581 -0.09375
4582 -0.076171875
4583 -0.060546875
4584 -0.0087890625
4585 -0.115234375
4586 -0.095703125
4587 -0.076171875
4588 -0.021484375
4589 -0.08984375
4590 -0.07421875
4591 -0.0556640625
4592 -0.0068359375
4593 -0.0849609375
4594 -0.0732421875
4595 -0.056640625
4596 -0.005859375
4597 -0.1181640625
4598 -0.0986328125
4599 -0.0751953125
4600 -0.0185546875
4601 -0.0888671875
4602 -0.033203125
4603 -0.015625
4604 0.0380859375
4605 0.0419921875
4606 0.07421875
4607 0.0791015625
4608 0.111328125
4609 0.123046875
4610 0.138671875
4611 0.13671875
4612 0.1591796875
4613 0.1591796875
4614 0.166015625
4615 0.1591796875
4616 0.1767578125
4617 0.162109375
4618 0.166015625
4619 0.1572265625
4620 0.173828125
4621 0.1669921875
4622 0.1728515625
4623 0.1591796875
4624 0.1767578125
4625 0.13671875
4626 0.095703125
4627 0.080078125
4628 0.099609375
4629 0.0478515625
4630 0.0703125
4631 0.0654296875
4632 0.09765625
4633 0.0400390625
4634 0.0029296875
4635 -0.0029296875
4636 0.0322265625
4637 -0.033203125
4638 -0.033203125
4639 -0.0302734375
4640 0.009765625
4641 -0.046875
4642 -0.04296875
4643 -0.037109375
4644 0.00390625
4645 -0.0673828125
4646 -0.05859375
4647 -0.0517578125
4648 -0.005859375
4649 -0.095703125
4650 -0.0810546875
4651 -0.068359375
4652 -0.017578125
4653 -0.080078125
4654 -0.0703125
4655 -0.0595703125
4656 -0.009765625
4657 -0.0595703125
4658 -0.0498046875
4659 -0.0400390625
4660 0.001953125
4661 -0.064453125
4662 -0.0546875
4663 -0.0458984375
4664 -0.001953125
4665 -0.1181640625
4666 -0.123046875
4667 -0.09765625
4668 -0.041015625
4669 -0.099609375
4670 -0.083984375
4671 -0.0673828125
4672 -0.015625
4673 -0.0830078125
4674 -0.0673828125
4675 -0.05859375
4676 -0.009765625
4677 -0.0556640625
4678 -0.0107421875
4679 0.001953125
4680 0.0478515625
4681 -0.0048828125
4682 -0.0595703125
4683 -0.0439453125
4684 0.00390625
4685 -0.0634765625
4686 -0.017578125
4687 -0.00390625
4688 0.044921875
4689 -0.0029296875
4690 0.029296875
4691 0.0380859375
4692 0.0771484375
4693 0.0185546875
4694 -0.0185546875
4695 -0.015625
4696 0.0263671875
4697 -0.0546875
4698 -0.0107421875
4699 0.0
4700 0.046875
4701 -0.046875
4702 -0.076171875
4703 -0.0615234375
4704 -0.0126953125
4705 -0.1474609375
4706 -0.1201171875
4707 -0.0947265625
4708 -0.0380859375
4709 -0.1123046875
4710 -0.08984375
4711 -0.072265625
4712 -0.021484375
4713 -0.095703125
4714 -0.0771484375
4715 -0.0615234375
4716 -0.0087890625
4717 -0.1181640625
4718 -0.0986328125
4719 -0.078125
4720 -0.0205078125
4721 -0.0908203125
4722 -0.07421875
4723 -0.0576171875
4724 -0.005859375
4725 -0.0859375
4726 -0.0712890625
4727 -0.05859375
4728 -0.0048828125
4729 -0.1201171875
4730 -0.099609375
4731 -0.076171875
4732 -0.0205078125
4733 -0.087890625
4734 -0.033203125
4735 -0.0146484375
4736 0.037109375
4737 0.0439453125
4738 0.072265625
4739 0.0771484375
4740 0.11328125
4741 0.1240234375
4742 0.138671875
4743 0.13671875
4744 0.16015625
4745 0.1611328125
4746 0.169921875
4747 0.1611328125
4748 0.1796875
4749 0.1630859375
4750 0.1689453125
4751 0.1572265625
4752 0.1748046875
4753 0.1669921875
4754 0.171875
4755 0.1611328125
4756 0.1767578125
4757 0.13671875
4758 0.095703125
4759 0.0810546875
4760 0.099609375
4761 0.048828125
4762 0.0703125
4763 0.0654296875
4764 0.0966796875
4765 0.0380859375
4766 0.001953125
4767 -0.001953125
4768 0.033203125
4769 -0.03515625
4770 -0.0322265625
4771 -0.0302734375
4772 0.009765625
4773 -0.046875
4774 -0.04296875
4775 -0.03515625
4776 0.00390625
4777 -0.0654296875
4778 -0.060546875
4779 -0.05078125
4780 -0.0048828125
4781 -0.0927734375
4782 -0.08203125
4783 -0.06640625
4784 -0.017578125
4785 -0.0791015625
4786 -0.068359375
4787 -0.05859375
4788 -0.009765625
4789 -0.0576171875
4790 -0.0478515625
4791 -0.0400390625
4792 0.0048828125
4793 -0.0634765625
4794 -0.0517578125
4795 -0.0419921875
4796 0.0009765625
4797 -0.1123046875
4798 -0.1201171875
4799 -0.095703125
4800 -0.0390625
4801 -0.09765625
4802 -0.0830078125
4803 -0.064453125
4804 -0.015625
4805 -0.083984375
4806 -0.068359375
4807 -0.0576171875
4808 -0.009765625
4809 -0.056640625
4810 -0.009765625
4811 0.001953125
4812 0.0478515625
4813 -0.005859375
4814 -0.0595703125
4815 -0.04296875
4816 0.0048828125
4817 -0.0634765625
4818 -0.017578125
4819 -0.001953125
4820 0.0419921875
4821 -0.0068359375
4822 0.029296875
4823 0.0380859375
4824 0.0771484375
4825 0.017578125
4826 -0.0185546875
4827 -0.013671875
4828 0.025390625
4829 -0.0537109375
4830 -0.0087890625
4831 0.0
4832 0.048828125
4833 -0.046875
4834 -0.07421875
4835 -0.0625
4836 -0.0107421875
4837 -0.146484375
4838 -0.1171875
4839 -0.0927734375
4840 -0.03515625
4841 -0.111328125
4842 -0.0888671875
4843 -0.0703125
4844 -0.01953125
4845 -0.091796875
4846 -0.0751953125
4847 -0.0576171875
4848 -0.0078125
4849 -0.1162109375
4850 -0.0986328125
4851 -0.0751953125
4852 -0.01953125
4853 -0.0927734375
4854 -0.0732421875
4855 -0.0556640625
4856 -0.005859375
4857 -0.0869140625
4858 -0.0732421875
4859 -0.056640625
4860 -0.0048828125
4861 -0.1162109375
4862 -0.0947265625
4863 -0.072265625
4864 -0.017578125
4865 -0.0859375
4866 -0.03125
4867 -0.013671875
4868 0.0380859375
4869 0.0439453125
4870 0.0751953125
4871 0.0810546875
4872 0.1123046875
4873 0.1240234375
4874 0.1396484375
4875 0.1376953125
4876 0.1611328125
4877 0.16015625
4878 0.1689453125
4879 0.1611328125
4880 0.1796875
4881 0.1630859375
4882 0.169921875
4883 0.158203125
4884 0.1767578125
4885 0.1689453125
4886 0.171875
4887 0.1611328125
4888 0.177734375
4889 0.138671875
4890 0.09765625
4891 0.0830078125
4892 0.1015625
4893 0.05078125
4894 0.0693359375
4895 0.0693359375
4896 0.0986328125
4897 0.041015625
4898 0.0009765625
4899 -0.0009765625
4900 0.0341796875
4901 -0.0341796875
4902 -0.0341796875
4903 -0.0302734375
4904 0.01171875
4905 -0.0478515625
4906 -0.04296875
4907 -0.037109375
4908 0.005859375
4909 -0.06640625
4910 -0.0615234375
4911 -0.0517578125
4912 -0.00390625
4913 -0.09375
4914 -0.08203125
4915 -0.0673828125
4916 -0.01953125
4917 -0.078125
4918 -0.0673828125
4919 -0.056640625
4920 -0.0107421875
4921 -0.0556640625
4922 -0.0478515625
4923 -0.0380859375
4924 0.00390625
4925 -0.0625
4926 -0.0517578125
4927 -0.0419921875
4928 0.0009765625
4929 -0.1142578125
4930 -0.1201171875
4931 -0.095703125
4932 -0.0361328125
4933 -0.095703125
4934 -0.083984375
4935 -0.0654296875
4936 -0.015625
4937 -0.08203125
4938 -0.0673828125
4939 -0.0556640625
4940 -0.0087890625
4941 -0.0537109375
4942 -0.0107421875
4943 0.0048828125
4944 0.0478515625
4945 -0.00390625
4946 -0.0595703125
4947 -0.0419921875
4948 0.0048828125
4949 -0.0654296875
4950 -0.0185546875
4951 -0.00390625
4952 0.0439453125
4953 -0.0048828125
4954 0.0302734375
4955 0.0390625
4956 0.0771484375
4957 0.017578125
4958 -0.0166015625
4959 -0.0126953125
4960 0.025390625
4961 -0.0517578125
4962 -0.009765625
4963 0.001953125
4964 0.0478515625
4965 -0.04296875
4966 -0.0712890625
4967 -0.060546875
4968 -0.0107421875
4969 -0.14453125
4970 -0.1171875
4971 -0.0927734375
4972 -0.0361328125
4973 -0.1103515625
4974 -0.0869140625
4975 -0.072265625
4976 -0.017578125
4977 -0.0947265625
4978 -0.076171875
4979 -0.060546875
4980 -0.009765625
4981 -0.1162109375
4982 -0.099609375
4983 -0.0771484375
4984 -0.0224609375
4985 -0.08984375
4986 -0.0732421875
4987 -0.0546875
4988 -0.0068359375
4989 -0.083984375
4990 -0.0712890625
4991 -0.056640625
4992 -0.00390625
4993 -0.12109375
4994 -0.09765625
4995 -0.0751953125
4996 -0.017578125
4997 -0.0908203125
4998 -0.033203125
4999 -0.0146484375
