x y
0 0.0263671875
1 -0.091796875
2 -0.0673828125
3 -0.015625
4 -0.0234375
5 -0.4228515625
6 -0.076171875
7 -0.0048828125
8 -0.037109375
9 -0.1533203125
10 -0.0625
11 0.0078125
12 -0.0263671875
13 -0.1337890625
14 -0.0087890625
15 0.0673828125
16 0.029296875
17 -0.0810546875
18 -0.060546875
19 0.0146484375
20 -0.0185546875
21 -0.146484375
22 -0.0166015625
23 0.060546875
24 0.0263671875
25 -0.107421875
26 -0.0615234375
27 0.0087890625
28 -0.01953125
29 -0.1376953125
30 -0.046875
31 0.0224609375
32 -0.0126953125
33 -0.1162109375
34 -0.0302734375
35 0.0361328125
36 0.0
37 -0.12109375
38 0.00390625
39 0.076171875
40 0.0361328125
41 -0.0537109375
42 0.0615234375
43 0.1279296875
44 0.076171875
45 0.013671875
46 0.1181640625
47 0.17578125
48 0.1162109375
49 0.01953125
50 0.0703125
51 0.1181640625
52 0.0595703125
53 -0.072265625
54 0.0419921875
55 0.1064453125
56 0.0576171875
57 -0.080078125
58 -0.0400390625
59 0.0283203125
60 -0.009765625
61 -0.1240234375
62 -0.0400390625
63 0.029296875
64 -0.0087890625
65 -0.125
66 -0.037109375
67 0.02734375
68 -0.009765625
69 -0.15234375
70 -0.0224609375
71 0.052734375
72 0.0185546875
73 -0.0390625
74 0.072265625
75 0.13671875
76 0.0859375
77 -0.0087890625
78 0.0400390625
79 0.0947265625
80 0.0390625
81 -0.091796875
82 0.025390625
83 0.09375
84 0.0478515625
85 -0.0908203125
86 -0.048828125
87 0.0224609375
88 -0.015625
89 -0.1328125
90 -0.04296875
91 0.0234375
92 -0.0126953125
93 -0.1279296875
94 -0.0400390625
95 0.0283203125
96 -0.0107421875
97 -0.15625
98 -0.0244140625
99 0.0498046875
100 0.0146484375
101 -0.04296875
102 0.072265625
103 0.1376953125
104 0.08203125
105 -0.01171875
106 0.0400390625
107 0.0947265625
108 0.0380859375
109 -0.0927734375
110 0.025390625
111 0.091796875
112 0.0478515625
113 -0.091796875
114 -0.0498046875
115 0.017578125
116 -0.0166015625
117 -0.1318359375
118 -0.044921875
119 0.0234375
120 -0.01171875
121 -0.12890625
122 -0.0419921875
123 0.0263671875
124 -0.0107421875
125 -0.1552734375
126 -0.0283203125
127 0.0498046875
128 0.0146484375
129 -0.041015625
130 0.0712890625
131 0.13671875
132 0.08203125
133 -0.01171875
134 0.0400390625
135 0.0927734375
136 0.0380859375
137 -0.0947265625
138 0.0244140625
139 0.08984375
140 0.0458984375
141 -0.09375
142 -0.05078125
143 0.01953125
144 -0.0185546875
145 -0.1337890625
146 -0.0458984375
147 0.0234375
148 -0.013671875
149 -0.1298828125
150 -0.04296875
151 0.025390625
152 -0.01171875
153 -0.1533203125
154 -0.025390625
155 0.0498046875
156 0.0166015625
157 -0.0400390625
158 0.0732421875
159 0.13671875
160 0.0830078125
161 -0.01171875
162 0.0400390625
163 0.091796875
164 0.0390625
165 -0.0908203125
166 0.025390625
167 0.0908203125
168 0.0458984375
169 -0.0888671875
170 -0.05078125
171 0.0166015625
172 -0.017578125
173 -0.130859375
174 -0.0458984375
175 0.0234375
176 -0.0126953125
177 -0.126953125
178 -0.0419921875
179 0.021484375
180 -0.01171875
181 -0.154296875
182 -0.025390625
183 0.048828125
184 0.0166015625
185 -0.0390625
186 0.072265625
187 0.1337890625
188 0.08203125
189 -0.0107421875
190 0.0380859375
191 0.08984375
192 0.037109375
193 -0.08984375
194 0.021484375
195 0.0859375
196 0.044921875
197 -0.0927734375
198 -0.052734375
199 0.0126953125
200 -0.0185546875
201 -0.130859375
202 -0.0458984375
203 0.0185546875
204 -0.013671875
205 -0.1279296875
206 -0.0419921875
207 0.021484375
208 -0.0126953125
209 -0.1533203125
210 -0.02734375
211 0.046875
212 0.017578125
213 -0.0419921875
214 0.0712890625
215 0.134765625
216 0.08203125
217 -0.0107421875
218 0.0380859375
219 0.091796875
220 0.0380859375
221 -0.08984375
222 0.0224609375
223 0.0888671875
224 0.0458984375
225 -0.0908203125
226 -0.0517578125
227 0.0146484375
228 -0.0166015625
229 -0.1328125
230 -0.0458984375
231 0.021484375
232 -0.013671875
233 -0.1279296875
234 -0.041015625
235 0.0234375
236 -0.0126953125
237 -0.1552734375
238 -0.0283203125
239 0.046875
240 0.013671875
241 -0.041015625
242 0.0712890625
243 0.1318359375
244 0.08203125
245 -0.01171875
246 0.0361328125
247 0.0888671875
248 0.0380859375
249 -0.091796875
250 0.0205078125
251 0.0830078125
252 0.0458984375
253 -0.09375
254 -0.0517578125
255 0.0126953125
256 -0.0166015625
257 -0.1328125
258 -0.046875
259 0.017578125
260 -0.013671875
261 -0.1259765625
262 -0.0419921875
263 0.0224609375
264 -0.0107421875
265 -0.15234375
266 -0.02734375
267 0.046875
268 0.015625
269 -0.0400390625
270 0.0703125
271 0.130859375
272 0.083984375
273 -0.0107421875
274 0.0390625
275 0.0888671875
276 0.0380859375
277 -0.0888671875
278 0.0263671875
279 0.0888671875
280 0.046875
281 -0.08984375
282 -0.048828125
283 0.0166015625
284 -0.017578125
285 -0.1298828125
286 -0.0478515625
287 0.0205078125
288 -0.0126953125
289 -0.126953125
290 -0.0439453125
291 0.0224609375
292 -0.01171875
293 -0.1552734375
294 -0.0283203125
295 0.0458984375
296 0.013671875
297 -0.0400390625
298 0.0712890625
299 0.1318359375
300 0.08203125
301 -0.0107421875
302 0.037109375
303 0.0888671875
304 0.037109375
305 -0.0908203125
306 0.0224609375
307 0.0869140625
308 0.0458984375
309 -0.0888671875
310 -0.05078125
311 0.015625
312 -0.0185546875
313 -0.130859375
314 -0.044921875
315 0.021484375
316 -0.0126953125
317 -0.1279296875
318 -0.0439453125
319 0.0224609375
320 -0.0107421875
321 -0.154296875
322 -0.0263671875
323 0.0458984375
324 0.0146484375
325 -0.0400390625
326 0.0712890625
327 0.134765625
328 0.08203125
329 -0.0107421875
330 0.037109375
331 0.0908203125
332 0.0380859375
333 -0.0908203125
334 0.0234375
335 0.087890625
336 0.0458984375
337 -0.0908203125
338 -0.05078125
339 0.0146484375
340 -0.017578125
341 -0.1328125
342 -0.0458984375
343 0.01953125
344 -0.013671875
345 -0.1298828125
346 -0.04296875
347 0.0224609375
348 -0.0126953125
349 -0.1591796875
350 -0.0302734375
351 0.0458984375
352 0.013671875
353 -0.04296875
354 0.0693359375
355 0.134765625
356 0.08203125
357 -0.01171875
358 0.037109375
359 0.091796875
360 0.0380859375
361 -0.0947265625
362 0.0224609375
363 0.0869140625
364 0.0458984375
365 -0.09375
366 -0.0517578125
367 0.015625
368 -0.0185546875
369 -0.1357421875
370 -0.0458984375
371 0.021484375
372 -0.0146484375
373 -0.12890625
374 -0.041015625
375 0.0234375
376 -0.0126953125
377 -0.1513671875
378 -0.0263671875
379 0.044921875
380 0.017578125
381 -0.037109375
382 0.0703125
383 0.1298828125
384 0.083984375
385 -0.009765625
386 0.0361328125
387 0.0859375
388 0.0390625
389 -0.0908203125
390 0.0224609375
391 0.0849609375
392 0.0478515625
393 -0.08984375
394 -0.0517578125
395 0.01171875
396 -0.0166015625
397 -0.1298828125
398 -0.0478515625
399 0.0185546875
400 -0.0126953125
401 -0.1259765625
402 -0.04296875
403 0.01953125
404 -0.0126953125
405 -0.1513671875
406 -0.0283203125
407 0.044921875
408 0.015625
409 -0.0390625
410 0.0712890625
411 0.12890625
412 0.0830078125
413 -0.009765625
414 0.0380859375
415 0.0859375
416 0.0390625
417 -0.08984375
418 0.021484375
419 0.0830078125
420 0.0458984375
421 -0.08984375
422 -0.0537109375
423 0.0107421875
424 -0.0166015625
425 -0.1298828125
426 -0.046875
427 0.017578125
428 -0.013671875
429 -0.125
430 -0.0439453125
431 0.01953125
432 -0.01171875
433 -0.1533203125
434 -0.0283203125
435 0.041015625
436 0.015625
437 -0.0380859375
438 0.0693359375
439 0.12890625
440 0.08203125
441 -0.01171875
442 0.03515625
443 0.0869140625
444 0.0380859375
445 -0.08984375
446 0.0205078125
447 0.0849609375
448 0.044921875
449 -0.0908203125
450 -0.0537109375
451 0.009765625
452 -0.0166015625
453 -0.1318359375
454 -0.0458984375
455 0.017578125
456 -0.0126953125
457 -0.1279296875
458 -0.04296875
459 0.01953125
460 -0.01171875
461 -0.1552734375
462 -0.029296875
463 0.0439453125
464 0.013671875
465 -0.0390625
466 0.0693359375
467 0.1318359375
468 0.08203125
469 -0.01171875
470 0.037109375
471 0.087890625
472 0.0361328125
473 -0.0927734375
474 0.0205078125
475 0.083984375
476 0.0439453125
477 -0.0927734375
478 -0.052734375
479 0.0126953125
480 -0.0185546875
481 -0.1318359375
482 -0.0458984375
483 0.0185546875
484 -0.013671875
485 -0.12890625
486 -0.04296875
487 0.021484375
488 -0.013671875
489 -0.154296875
490 -0.0263671875
491 0.046875
492 0.0146484375
493 -0.0400390625
494 0.0703125
495 0.134765625
496 0.0830078125
497 -0.0126953125
498 0.037109375
499 0.0888671875
500 0.037109375
501 -0.0908203125
502 0.0224609375
503 0.08984375
504 0.0458984375
505 -0.0908203125
506 -0.0498046875
507 0.015625
508 -0.017578125
509 -0.1318359375
510 -0.0458984375
511 0.021484375
512 -0.013671875
513 -0.1279296875
514 -0.0419921875
515 0.0234375
516 -0.0126953125
517 -0.1552734375
518 -0.0263671875
519 0.0478515625
520 0.0146484375
521 -0.041015625
522 0.0703125
523 0.1337890625
524 0.08203125
525 -0.0107421875
526 0.0390625
527 0.091796875
528 0.037109375
529 -0.0927734375
530 0.0234375
531 0.087890625
532 0.044921875
533 -0.091796875
534 -0.0517578125
535 0.017578125
536 -0.01953125
537 -0.1337890625
538 -0.046875
539 0.0234375
540 -0.015625
541 -0.130859375
542 -0.04296875
543 0.0263671875
544 -0.013671875
545 -0.158203125
546 -0.02734375
547 0.0478515625
548 0.0146484375
549 -0.0419921875
550 0.0712890625
551 0.1357421875
552 0.08203125
553 -0.013671875
554 0.0390625
555 0.091796875
556 0.0361328125
557 -0.095703125
558 0.0234375
559 0.09375
560 0.04296875
561 -0.09375
562 -0.05078125
563 0.0205078125
564 -0.0185546875
565 -0.1337890625
566 -0.0458984375
567 0.02734375
568 -0.0146484375
569 -0.1318359375
570 -0.041015625
571 0.025390625
572 -0.0126953125
573 -0.16015625
574 -0.0283203125
575 0.048828125
576 0.0146484375
577 -0.044921875
578 0.0712890625
579 0.1357421875
580 0.080078125
581 -0.015625
582 0.037109375
583 0.0927734375
584 0.0361328125
585 -0.0966796875
586 0.0205078125
587 0.08984375
588 0.044921875
589 -0.095703125
590 -0.0517578125
591 0.017578125
592 -0.01953125
593 -0.1357421875
594 -0.046875
595 0.0234375
596 -0.0146484375
597 -0.130859375
598 -0.041015625
599 0.0263671875
600 -0.0126953125
601 -0.158203125
602 -0.0263671875
603 0.048828125
604 0.0146484375
605 -0.0419921875
606 0.0712890625
607 0.13671875
608 0.08203125
609 -0.013671875
610 0.0380859375
611 0.09375
612 0.0380859375
613 -0.09375
614 0.0234375
615 0.08984375
616 0.046875
617 -0.09375
618 -0.048828125
619 0.0185546875
620 -0.017578125
621 -0.1337890625
622 -0.044921875
623 0.0244140625
624 -0.015625
625 -0.1318359375
626 -0.0439453125
627 0.0244140625
628 -0.013671875
629 -0.1591796875
630 -0.0283203125
631 0.0498046875
632 0.0126953125
633 -0.04296875
634 0.0693359375
635 0.134765625
636 0.08203125
637 -0.013671875
638 0.0380859375
639 0.0888671875
640 0.037109375
641 -0.095703125
642 0.0224609375
643 0.0859375
644 0.0439453125
645 -0.091796875
646 -0.0517578125
647 0.017578125
648 -0.017578125
649 -0.1328125
650 -0.0478515625
651 0.0205078125
652 -0.0146484375
653 -0.12890625
654 -0.0439453125
655 0.0234375
656 -0.01171875
657 -0.1572265625
658 -0.02734375
659 0.0458984375
660 0.0146484375
661 -0.04296875
662 0.0712890625
663 0.1357421875
664 0.0810546875
665 -0.0146484375
666 0.0390625
667 0.0908203125
668 0.0380859375
669 -0.09375
670 0.0224609375
671 0.087890625
672 0.044921875
673 -0.09375
674 -0.05078125
675 0.015625
676 -0.017578125
677 -0.1357421875
678 -0.0478515625
679 0.021484375
680 -0.015625
681 -0.1298828125
682 -0.04296875
683 0.0234375
684 -0.0126953125
685 -0.1572265625
686 -0.029296875
687 0.0458984375
688 0.013671875
689 -0.0439453125
690 0.072265625
691 0.134765625
692 0.0810546875
693 -0.0146484375
694 0.037109375
695 0.0927734375
696 0.0361328125
697 -0.0966796875
698 0.021484375
699 0.0888671875
700 0.04296875
701 -0.091796875
702 -0.05078125
703 0.017578125
704 -0.017578125
705 -0.134765625
706 -0.0458984375
707 0.0224609375
708 -0.0126953125
709 -0.12890625
710 -0.041015625
711 0.025390625
712 -0.0107421875
713 -0.1552734375
714 -0.0263671875
715 0.046875
716 0.0146484375
717 -0.0419921875
718 0.0712890625
719 0.1357421875
720 0.0830078125
721 -0.0107421875
722 0.0380859375
723 0.0927734375
724 0.037109375
725 -0.09375
726 0.0244140625
727 0.087890625
728 0.0458984375
729 -0.0908203125
730 -0.048828125
731 0.015625
732 -0.015625
733 -0.12890625
734 -0.0458984375
735 0.017578125
736 -0.0107421875
737 -0.1259765625
738 -0.04296875
739 0.0205078125
740 -0.0107421875
741 -0.154296875
742 -0.029296875
743 0.044921875
744 0.0166015625
745 -0.0380859375
746 0.0693359375
747 0.130859375
748 0.08203125
749 -0.0107421875
750 0.0361328125
751 0.0888671875
752 0.0390625
753 -0.091796875
754 0.021484375
755 0.0849609375
756 0.046875
757 -0.08984375
758 -0.048828125
759 0.0166015625
760 -0.0166015625
761 -0.1298828125
762 -0.044921875
763 0.01953125
764 -0.013671875
765 -0.1259765625
766 -0.0439453125
767 0.0205078125
768 -0.01171875
769 -0.15234375
770 -0.02734375
771 0.0419921875
772 0.015625
773 -0.0390625
774 0.0703125
775 0.1279296875
776 0.08203125
777 -0.0087890625
778 0.03515625
779 0.0830078125
780 0.0380859375
781 -0.08984375
782 0.021484375
783 0.0830078125
784 0.046875
785 -0.0888671875
786 -0.05078125
787 0.013671875
788 -0.0166015625
789 -0.12890625
790 -0.0458984375
791 0.0185546875
792 -0.0126953125
793 -0.125
794 -0.0439453125
795 0.0185546875
796 -0.0126953125
797 -0.154296875
798 -0.0283203125
799 0.0419921875
800 0.0166015625
801 -0.0380859375
802 0.0693359375
803 0.1279296875
804 0.0830078125
805 -0.009765625
806 0.0361328125
807 0.087890625
808 0.0380859375
809 -0.091796875
810 0.0205078125
811 0.0849609375
812 0.0439453125
813 -0.0908203125
814 -0.0517578125
815 0.013671875
816 -0.017578125
817 -0.130859375
818 -0.0478515625
819 0.0166015625
820 -0.013671875
821 -0.126953125
822 -0.0439453125
823 0.01953125
824 -0.0126953125
825 -0.1533203125
826 -0.0263671875
827 0.0439453125
828 0.0166015625
829 -0.0380859375
830 0.0703125
831 0.1318359375
832 0.0830078125
833 -0.0087890625
834 0.0361328125
835 0.087890625
836 0.037109375
837 -0.0908203125
838 0.0234375
839 0.0869140625
840 0.046875
841 -0.0908203125
842 -0.0498046875
843 0.013671875
844 -0.0166015625
845 -0.1328125
846 -0.044921875
847 0.0185546875
848 -0.0107421875
849 -0.1259765625
850 -0.04296875
851 0.021484375
852 -0.0126953125
853 -0.15234375
854 -0.0283203125
855 0.044921875
856 0.015625
857 -0.0390625
858 0.0693359375
859 0.1318359375
860 0.080078125
861 -0.009765625
862 0.037109375
863 0.08984375
864 0.0380859375
865 -0.0947265625
866 0.0224609375
867 0.0849609375
868 0.044921875
869 -0.0927734375
870 -0.052734375
871 0.013671875
872 -0.017578125
873 -0.1328125
874 -0.0478515625
875 0.01953125
876 -0.013671875
877 -0.126953125
878 -0.0439453125
879 0.021484375
880 -0.0126953125
881 -0.1552734375
882 -0.0283203125
883 0.0458984375
884 0.0146484375
885 -0.041015625
886 0.0712890625
887 0.1318359375
888 0.0830078125
889 -0.0126953125
890 0.037109375
891 0.0888671875
892 0.0380859375
893 -0.0947265625
894 0.0224609375
895 0.0869140625
896 0.044921875
897 -0.0908203125
898 -0.052734375
899 0.015625
900 -0.0166015625
901 -0.130859375
902 -0.046875
903 0.0205078125
904 -0.013671875
905 -0.126953125
906 -0.04296875
907 0.0234375
908 -0.0146484375
909 -0.15625
910 -0.0302734375
911 0.0458984375
912 0.013671875
913 -0.041015625
914 0.068359375
915 0.1318359375
916 0.0810546875
917 -0.01171875
918 0.037109375
919 0.0888671875
920 0.0361328125
921 -0.0927734375
922 0.0205078125
923 0.0830078125
924 0.0439453125
925 -0.0927734375
926 -0.0546875
927 0.01171875
928 -0.0185546875
929 -0.1318359375
930 -0.0478515625
931 0.0185546875
932 -0.013671875
933 -0.12890625
934 -0.0419921875
935 0.021484375
936 -0.0107421875
937 -0.1552734375
938 -0.0263671875
939 0.044921875
940 0.017578125
941 -0.0390625
942 0.0703125
943 0.1328125
944 0.0830078125
945 -0.01171875
946 0.037109375
947 0.0888671875
948 0.037109375
949 -0.08984375
950 0.0244140625
951 0.087890625
952 0.0458984375
953 -0.0908203125
954 -0.05078125
955 0.015625
956 -0.0185546875
957 -0.130859375
958 -0.0478515625
959 0.0185546875
960 -0.013671875
961 -0.12890625
962 -0.0419921875
963 0.021484375
964 -0.0126953125
965 -0.1572265625
966 -0.0302734375
967 0.0458984375
968 0.0126953125
969 -0.0390625
970 0.0693359375
971 0.1337890625
972 0.0810546875
973 -0.0107421875
974 0.037109375
975 0.08984375
976 0.0380859375
977 -0.0927734375
978 0.0224609375
979 0.0869140625
980 0.0458984375
981 -0.0927734375
982 -0.0517578125
983 0.015625
984 -0.0166015625
985 -0.1328125
986 -0.0478515625
987 0.017578125
988 -0.01171875
989 -0.126953125
990 -0.0439453125
991 0.0224609375
992 -0.013671875
993 -0.154296875
994 -0.0283203125
995 0.0458984375
996 0.015625
997 -0.0400390625
998 0.072265625
999 0.1337890625
1000 0.08203125
1001 -0.01171875
1002 0.0380859375
1003 0.0888671875
1004 0.0380859375
1005 -0.0908203125
1006 0.0244140625
1007 0.0869140625
1008 0.0458984375
1009 -0.09375
1010 -0.0517578125
1011 0.0107421875
1012 -0.0185546875
1013 -0.1318359375
1014 -0.0478515625
1015 0.0185546875
1016 -0.0146484375
1017 -0.12890625
1018 -0.044921875
1019 0.0205078125
1020 -0.013671875
1021 -0.15625
1022 -0.0302734375
1023 0.0419921875
1024 0.0146484375
1025 -0.041015625
1026 0.0712890625
1027 0.130859375
1028 0.08203125
1029 -0.0126953125
1030 0.037109375
1031 0.087890625
1032 0.0390625
1033 -0.09375
1034 0.0224609375
1035 0.0849609375
1036 0.044921875
1037 -0.09375
1038 -0.0546875
1039 0.0126953125
1040 -0.0185546875
1041 -0.1328125
1042 -0.048828125
1043 0.021484375
1044 -0.013671875
1045 -0.126953125
1046 -0.04296875
1047 0.021484375
1048 -0.0126953125
1049 -0.154296875
1050 -0.0263671875
1051 0.044921875
1052 0.015625
1053 -0.0400390625
1054 0.072265625
1055 0.1337890625
1056 0.083984375
1057 -0.009765625
1058 0.0380859375
1059 0.0888671875
1060 0.0380859375
1061 -0.091796875
1062 0.0224609375
1063 0.0869140625
1064 0.0458984375
1065 -0.091796875
1066 -0.052734375
1067 0.01171875
1068 -0.0185546875
1069 -0.1318359375
1070 -0.046875
1071 0.0185546875
1072 -0.0126953125
1073 -0.12890625
1074 -0.04296875
1075 0.021484375
1076 -0.0126953125
1077 -0.154296875
1078 -0.0283203125
1079 0.0478515625
1080 0.0146484375
1081 -0.041015625
1082 0.072265625
1083 0.13671875
1084 0.0810546875
1085 -0.0126953125
1086 0.037109375
1087 0.0947265625
1088 0.0380859375
1089 -0.09375
1090 0.021484375
1091 0.08984375
1092 0.04296875
1093 -0.095703125
1094 -0.0517578125
1095 0.017578125
1096 -0.0185546875
1097 -0.134765625
1098 -0.0458984375
1099 0.0234375
1100 -0.0146484375
1101 -0.1298828125
1102 -0.0419921875
1103 0.0263671875
1104 -0.0126953125
1105 -0.158203125
1106 -0.0283203125
1107 0.048828125
1108 0.0126953125
1109 -0.0439453125
1110 0.0712890625
1111 0.1357421875
1112 0.0810546875
1113 -0.0126953125
1114 0.03515625
1115 0.0927734375
1116 0.0380859375
1117 -0.09765625
1118 0.0224609375
1119 0.0908203125
1120 0.0439453125
1121 -0.095703125
1122 -0.052734375
1123 0.015625
1124 -0.017578125
1125 -0.1357421875
1126 -0.046875
1127 0.0224609375
1128 -0.0146484375
1129 -0.130859375
1130 -0.044921875
1131 0.0234375
1132 -0.013671875
1133 -0.158203125
1134 -0.0283203125
1135 0.0478515625
1136 0.0126953125
1137 -0.0439453125
1138 0.0703125
1139 0.1357421875
1140 0.08203125
1141 -0.013671875
1142 0.0380859375
1143 0.0927734375
1144 0.037109375
1145 -0.095703125
1146 0.0224609375
1147 0.0869140625
1148 0.04296875
1149 -0.0947265625
1150 -0.0537109375
1151 0.0166015625
1152 -0.01953125
1153 -0.134765625
1154 -0.046875
1155 0.0224609375
1156 -0.013671875
1157 -0.130859375
1158 -0.0439453125
1159 0.025390625
1160 -0.013671875
1161 -0.158203125
1162 -0.0263671875
1163 0.048828125
1164 0.015625
1165 -0.0439453125
1166 0.072265625
1167 0.13671875
1168 0.08203125
1169 -0.013671875
1170 0.0400390625
1171 0.09375
1172 0.037109375
1173 -0.0947265625
1174 0.025390625
1175 0.0927734375
1176 0.0458984375
1177 -0.091796875
1178 -0.05078125
1179 0.017578125
1180 -0.0185546875
1181 -0.1337890625
1182 -0.0458984375
1183 0.0234375
1184 -0.013671875
1185 -0.1298828125
1186 -0.0419921875
1187 0.0244140625
1188 -0.0126953125
1189 -0.1572265625
1190 -0.02734375
1191 0.0478515625
1192 0.0146484375
1193 -0.04296875
1194 0.072265625
1195 0.13671875
1196 0.0810546875
1197 -0.0126953125
1198 0.0380859375
1199 0.09375
1200 0.0380859375
1201 -0.0966796875
1202 0.0224609375
1203 0.0908203125
1204 0.044921875
1205 -0.0927734375
1206 -0.052734375
1207 0.01953125
1208 -0.01953125
1209 -0.13671875
1210 -0.0478515625
1211 0.0224609375
1212 -0.013671875
1213 -0.130859375
1214 -0.041015625
1215 0.025390625
1216 -0.0126953125
1217 -0.158203125
1218 -0.02734375
1219 0.0498046875
1220 0.013671875
1221 -0.04296875
1222 0.0712890625
1223 0.1376953125
1224 0.08203125
1225 -0.01171875
1226 0.0380859375
1227 0.0947265625
1228 0.0380859375
1229 -0.09375
1230 0.0244140625
1231 0.08984375
1232 0.044921875
1233 -0.0927734375
1234 -0.0498046875
1235 0.0166015625
1236 -0.0185546875
1237 -0.1337890625
1238 -0.044921875
1239 0.0224609375
1240 -0.0126953125
1241 -0.1279296875
1242 -0.04296875
1243 0.0234375
1244 -0.0126953125
1245 -0.158203125
1246 -0.029296875
1247 0.0458984375
1248 0.0146484375
1249 -0.0419921875
1250 0.0703125
1251 0.1337890625
1252 0.0830078125
1253 -0.0126953125
1254 0.0361328125
1255 0.08984375
1256 0.037109375
1257 -0.09765625
1258 0.0205078125
1259 0.087890625
1260 0.0439453125
1261 -0.0947265625
1262 -0.052734375
1263 0.013671875
1264 -0.01953125
1265 -0.1337890625
1266 -0.0478515625
1267 0.021484375
1268 -0.0146484375
1269 -0.1279296875
1270 -0.0419921875
1271 0.0244140625
1272 -0.0126953125
1273 -0.15234375
1274 -0.0263671875
1275 0.046875
1276 0.0166015625
1277 -0.0390625
1278 0.072265625
1279 0.1337890625
1280 0.0830078125
1281 -0.0107421875
1282 0.0390625
1283 0.087890625
1284 0.0400390625
1285 -0.0908203125
1286 0.0234375
1287 0.087890625
1288 0.0458984375
1289 -0.0908203125
1290 -0.052734375
1291 0.015625
1292 -0.0185546875
1293 -0.130859375
1294 -0.0458984375
1295 0.0205078125
1296 -0.0126953125
1297 -0.1259765625
1298 -0.0439453125
1299 0.0205078125
1300 -0.0126953125
1301 -0.1572265625
1302 -0.0283203125
1303 0.044921875
1304 0.0146484375
1305 -0.0419921875
1306 0.0712890625
1307 0.1337890625
1308 0.0830078125
1309 -0.01171875
1310 0.0380859375
1311 0.08984375
1312 0.0380859375
1313 -0.09375
1314 0.021484375
1315 0.0849609375
1316 0.044921875
1317 -0.0927734375
1318 -0.052734375
1319 0.0146484375
1320 -0.017578125
1321 -0.1318359375
1322 -0.046875
1323 0.01953125
1324 -0.013671875
1325 -0.12890625
1326 -0.0419921875
1327 0.0205078125
1328 -0.0107421875
1329 -0.1552734375
1330 -0.02734375
1331 0.044921875
1332 0.015625
1333 -0.0400390625
1334 0.0712890625
1335 0.1337890625
1336 0.0830078125
1337 -0.009765625
1338 0.037109375
1339 0.0908203125
1340 0.0380859375
1341 -0.0927734375
1342 0.0244140625
1343 0.087890625
1344 0.044921875
1345 -0.0947265625
1346 -0.0537109375
1347 0.0146484375
1348 -0.0185546875
1349 -0.1337890625
1350 -0.0478515625
1351 0.01953125
1352 -0.0126953125
1353 -0.1298828125
1354 -0.0439453125
1355 0.0224609375
1356 -0.01171875
1357 -0.15625
1358 -0.0283203125
1359 0.0458984375
1360 0.013671875
1361 -0.0439453125
1362 0.0712890625
1363 0.134765625
1364 0.08203125
1365 -0.0107421875
1366 0.037109375
1367 0.091796875
1368 0.037109375
1369 -0.0947265625
1370 0.0224609375
1371 0.0869140625
1372 0.0458984375
1373 -0.0947265625
1374 -0.052734375
1375 0.013671875
1376 -0.0166015625
1377 -0.1337890625
1378 -0.0458984375
1379 0.021484375
1380 -0.013671875
1381 -0.1279296875
1382 -0.04296875
1383 0.0244140625
1384 -0.01171875
1385 -0.15234375
1386 -0.025390625
1387 0.0478515625
1388 0.0166015625
1389 -0.0380859375
1390 0.0712890625
1391 0.1328125
1392 0.083984375
1393 -0.0107421875
1394 0.0380859375
1395 0.0888671875
1396 0.0390625
1397 -0.0908203125
1398 0.0224609375
1399 0.0869140625
1400 0.046875
1401 -0.08984375
1402 -0.05078125
1403 0.0146484375
1404 -0.015625
1405 -0.1298828125
1406 -0.0458984375
1407 0.0185546875
1408 -0.0126953125
1409 -0.1259765625
1410 -0.0419921875
1411 0.021484375
1412 -0.01171875
1413 -0.15234375
1414 -0.0263671875
1415 0.044921875
1416 0.0166015625
1417 -0.0390625
1418 0.0703125
1419 0.1318359375
1420 0.083984375
1421 -0.0087890625
1422 0.0390625
1423 0.08984375
1424 0.0390625
1425 -0.08984375
1426 0.0224609375
1427 0.0888671875
1428 0.046875
1429 -0.08984375
1430 -0.0498046875
1431 0.0185546875
1432 -0.0166015625
1433 -0.1318359375
1434 -0.046875
1435 0.0224609375
1436 -0.0126953125
1437 -0.1259765625
1438 -0.0400390625
1439 0.025390625
1440 -0.009765625
1441 -0.130859375
1442 -0.005859375
1443 0.064453125
1444 0.0302734375
1445 -0.0810546875
1446 -0.03125
1447 0.0341796875
1448 -0.0078125
1449 -0.119140625
1450 -0.0419921875
1451 0.0234375
1452 -0.0087890625
1453 -0.12890625
1454 -0.04296875
1455 0.0185546875
1456 -0.013671875
1457 -0.1767578125
1458 -0.0849609375
1459 -0.0166015625
1460 -0.0390625
1461 -0.1953125
1462 -0.0615234375
1463 0.0185546875
1464 -0.001953125
1465 -0.0732421875
1466 0.0419921875
1467 0.1025390625
1468 0.064453125
1469 0.0048828125
1470 0.1064453125
1471 0.1611328125
1472 0.1083984375
1473 0.013671875
1474 0.0556640625
1475 0.1025390625
1476 0.052734375
1477 -0.0615234375
1478 0.0439453125
1479 0.1025390625
1480 0.0615234375
1481 -0.015625
1482 0.0859375
1483 0.1416015625
1484 0.0927734375
1485 -0.0068359375
1486 0.03125
1487 0.08203125
1488 0.0380859375
1489 -0.0693359375
1490 0.0390625
1491 0.09765625
1492 0.0556640625
1493 -0.009765625
1494 0.0908203125
1495 0.146484375
1496 0.09375
1497 -0.005859375
1498 0.03125
1499 0.083984375
1500 0.03515625
1501 -0.05859375
1502 0.0146484375
1503 0.06640625
1504 0.021484375
1505 -0.138671875
1506 -0.0185546875
1507 0.048828125
1508 0.017578125
1509 -0.0986328125
1510 0.015625
1511 0.080078125
1512 0.0400390625
1513 -0.103515625
1514 -0.060546875
1515 0.005859375
1516 -0.0263671875
1517 -0.1396484375
1518 -0.017578125
1519 0.0517578125
1520 0.01953125
1521 -0.0498046875
1522 0.05859375
1523 0.119140625
1524 0.0712890625
1525 -0.05078125
1526 -0.0166015625
1527 0.041015625
1528 0.005859375
1529 -0.103515625
1530 0.0126953125
1531 0.076171875
1532 0.0380859375
1533 -0.0634765625
1534 -0.0146484375
1535 0.04296875
1536 0.001953125
1537 -0.0908203125
1538 0.0244140625
1539 0.091796875
1540 0.0458984375
1541 -0.00390625
1542 0.0986328125
1543 0.1572265625
1544 0.099609375
1545 -0.0263671875
1546 0.07421875
1547 0.130859375
1548 0.078125
1549 -0.087890625
1550 -0.0478515625
1551 0.0126953125
1552 -0.01953125
1553 -0.1318359375
1554 -0.044921875
1555 0.015625
1556 -0.01953125
1557 -0.189453125
1558 -0.111328125
1559 -0.037109375
1560 -0.060546875
1561 -0.1787109375
1562 -0.046875
1563 0.02734375
1564 -0.0009765625
1565 -0.0966796875
1566 -0.048828125
1567 0.01953125
1568 -0.015625
1569 -0.1162109375
1570 0.0009765625
1571 0.0693359375
1572 0.029296875
1573 -0.0341796875
1574 0.0732421875
1575 0.134765625
1576 0.080078125
1577 -0.0126953125
1578 0.029296875
1579 0.083984375
1580 0.033203125
1581 -0.064453125
1582 0.0166015625
1583 0.0703125
1584 0.01953125
1585 -0.142578125
1586 -0.0205078125
1587 0.0517578125
1588 0.013671875
1589 -0.103515625
1590 0.01171875
1591 0.080078125
1592 0.03515625
1593 -0.1044921875
1594 -0.0615234375
1595 0.0068359375
1596 -0.02734375
1597 -0.1455078125
1598 -0.0185546875
1599 0.052734375
1600 0.0166015625
1601 -0.0703125
1602 0.044921875
1603 0.1103515625
1604 0.0595703125
1605 -0.0625
1606 -0.021484375
1607 0.04296875
1608 -0.001953125
1609 -0.111328125
1610 0.0087890625
1611 0.0791015625
1612 0.0322265625
1613 -0.064453125
1614 -0.015625
1615 0.0478515625
1616 0.0
1617 -0.126953125
1618 -0.0029296875
1619 0.0693359375
1620 0.025390625
1621 -0.1015625
1622 -0.052734375
1623 0.015625
1624 -0.0234375
1625 -0.1357421875
1626 -0.0458984375
1627 0.0244140625
1628 -0.0185546875
1629 -0.189453125
1630 -0.1103515625
1631 -0.0283203125
1632 -0.0576171875
1633 -0.1796875
1634 -0.0439453125
1635 0.0361328125
1636 0.0009765625
1637 -0.0947265625
1638 -0.0439453125
1639 0.0283203125
1640 -0.0126953125
1641 -0.119140625
1642 0.005859375
1643 0.0791015625
1644 0.0341796875
1645 -0.03515625
1646 0.0791015625
1647 0.1416015625
1648 0.0849609375
1649 -0.0126953125
1650 0.033203125
1651 0.08984375
1652 0.0341796875
1653 -0.060546875
1654 0.0224609375
1655 0.08203125
1656 0.0234375
1657 -0.060546875
1658 0.05078125
1659 0.119140625
1660 0.064453125
1661 0.0068359375
1662 0.11328125
1663 0.173828125
1664 0.1083984375
1665 -0.0009765625
1666 0.1025390625
1667 0.1591796875
1668 0.0966796875
1669 -0.0244140625
1670 0.080078125
1671 0.1396484375
1672 0.080078125
1673 -0.0634765625
1674 -0.021484375
1675 0.041015625
1676 -0.0048828125
1677 -0.12890625
1678 -0.0048828125
1679 0.064453125
1680 0.0224609375
1681 -0.0517578125
1682 0.0576171875
1683 0.1220703125
1684 0.0673828125
1685 -0.056640625
1686 -0.0205078125
1687 0.041015625
1688 -0.0029296875
1689 -0.11328125
1690 0.005859375
1691 0.0732421875
1692 0.029296875
1693 -0.0751953125
1694 -0.0234375
1695 0.03515625
1696 -0.0087890625
1697 -0.1025390625
1698 0.0166015625
1699 0.0830078125
1700 0.0380859375
1701 -0.0107421875
1702 0.0947265625
1703 0.15625
1704 0.0947265625
1705 0.037109375
1706 0.1357421875
1707 0.1923828125
1708 0.12109375
1709 0.0595703125
1710 0.1552734375
1711 0.208984375
1712 0.134765625
1713 0.0146484375
1714 0.1103515625
1715 0.1630859375
1716 0.09765625
1717 -0.068359375
1718 -0.029296875
1719 0.029296875
1720 -0.0166015625
1721 -0.1337890625
1722 -0.046875
1723 0.017578125
1724 -0.0283203125
1725 -0.19921875
1726 -0.123046875
1727 -0.04296875
1728 -0.0751953125
1729 -0.1953125
1730 -0.0576171875
1731 0.0205078125
1732 -0.0166015625
1733 -0.1171875
1734 -0.0634765625
1735 0.005859375
1736 -0.033203125
1737 -0.150390625
1738 -0.0205078125
1739 0.05078125
1740 0.0087890625
1741 -0.0712890625
1742 0.044921875
1743 0.1103515625
1744 0.0537109375
1745 -0.046875
1746 -0.00390625
1747 0.05859375
1748 0.0048828125
1749 -0.091796875
1750 -0.0048828125
1751 0.0576171875
1752 0.001953125
1753 -0.0927734375
1754 0.0244140625
1755 0.0927734375
1756 0.0400390625
1757 -0.0234375
1758 0.0859375
1759 0.1474609375
1760 0.0849609375
1761 0.0205078125
1762 0.123046875
1763 0.1796875
1764 0.1103515625
1765 0.04296875
1766 0.1435546875
1767 0.1982421875
1768 0.125
1769 0.0126953125
1770 0.1083984375
1771 0.1630859375
1772 0.0947265625
1773 -0.029296875
1774 0.0703125
1775 0.126953125
1776 0.0654296875
1777 -0.080078125
1778 -0.0400390625
1779 0.0224609375
1780 -0.025390625
1781 -0.150390625
1782 -0.025390625
1783 0.0439453125
1784 0.001953125
1785 -0.07421875
1786 0.0390625
1787 0.1015625
1788 0.046875
1789 -0.0791015625
1790 -0.0400390625
1791 0.021484375
1792 -0.021484375
1793 -0.134765625
1794 -0.0146484375
1795 0.0546875
1796 0.0107421875
1797 -0.091796875
1798 -0.0439453125
1799 0.0185546875
1800 -0.02734375
1801 -0.123046875
1802 -0.0048828125
1803 0.0654296875
1804 0.0185546875
1805 -0.0322265625
1806 0.076171875
1807 0.13671875
1808 0.076171875
1809 0.009765625
1810 0.111328125
1811 0.1689453125
1812 0.1015625
1813 0.0361328125
1814 0.1337890625
1815 0.1884765625
1816 0.1162109375
1817 -0.00390625
1818 0.0908203125
1819 0.1435546875
1820 0.0791015625
1821 -0.0849609375
1822 -0.048828125
1823 0.0107421875
1824 -0.03515625
1825 -0.146484375
1826 -0.0634765625
1827 -0.001953125
1828 -0.0419921875
1829 -0.2158203125
1830 -0.138671875
1831 -0.064453125
1832 -0.0888671875
1833 -0.208984375
1834 -0.07421875
1835 0.0009765625
1836 -0.03125
1837 -0.1259765625
1838 -0.078125
1839 -0.0087890625
1840 -0.0458984375
1841 -0.1865234375
1842 -0.0595703125
1843 0.0146484375
1844 -0.0185546875
1845 -0.109375
1846 0.0068359375
1847 0.0712890625
1848 0.0263671875
1849 -0.0732421875
1850 -0.0302734375
1851 0.029296875
1852 -0.0126953125
1853 -0.10546875
1854 -0.0234375
1855 0.033203125
1856 -0.0126953125
1857 -0.1083984375
1858 0.0048828125
1859 0.0712890625
1860 0.02734375
1861 -0.0302734375
1862 0.0712890625
1863 0.1318359375
1864 0.0732421875
1865 0.0068359375
1866 0.1044921875
1867 0.1611328125
1868 0.0966796875
1869 0.03515625
1870 0.12890625
1871 0.181640625
1872 0.11328125
1873 0.0078125
1874 0.1015625
1875 0.150390625
1876 0.087890625
1877 -0.0302734375
1878 0.06640625
1879 0.1162109375
1880 0.060546875
1881 -0.0771484375
1882 -0.0400390625
1883 0.015625
1884 -0.02734375
1885 -0.14453125
1886 -0.029296875
1887 0.0341796875
1888 0.0
1889 -0.07421875
1890 0.0302734375
1891 0.087890625
1892 0.0419921875
1893 -0.0849609375
1894 -0.0498046875
1895 0.0068359375
1896 -0.029296875
1897 -0.13671875
1898 -0.0224609375
1899 0.0390625
1900 0.00390625
1901 -0.09765625
1902 -0.0517578125
1903 0.0029296875
1904 -0.0341796875
1905 -0.125
1906 -0.01171875
1907 0.05078125
1908 0.0126953125
1909 -0.0322265625
1910 0.0673828125
1911 0.125
1912 0.068359375
1913 0.01171875
1914 0.10546875
1915 0.16015625
1916 0.0966796875
1917 0.037109375
1918 0.12890625
1919 0.1787109375
1920 0.1123046875
1921 -0.0078125
1922 0.083984375
1923 0.1337890625
1924 0.07421875
1925 -0.08984375
1926 -0.052734375
1927 0.0
1928 -0.0400390625
1929 -0.1494140625
1930 -0.068359375
1931 -0.0107421875
1932 -0.046875
1933 -0.2158203125
1934 -0.14453125
1935 -0.0693359375
1936 -0.091796875
1937 -0.20703125
1938 -0.0791015625
1939 -0.0068359375
1940 -0.033203125
1941 -0.1298828125
1942 -0.08203125
1943 -0.017578125
1944 -0.0478515625
1945 -0.1552734375
1946 -0.0361328125
1947 0.029296875
1948 -0.00390625
1949 -0.076171875
1950 0.0302734375
1951 0.0908203125
1952 0.0419921875
1953 -0.0517578125
1954 -0.01171875
1955 0.04296875
1956 -0.0048828125
1957 -0.0966796875
1958 -0.0185546875
1959 0.0361328125
1960 -0.009765625
1961 -0.1044921875
1962 0.0068359375
1963 0.0703125
1964 0.025390625
1965 -0.037109375
1966 0.0654296875
1967 0.123046875
1968 0.068359375
1969 -0.0029296875
1970 0.09375
1971 0.1484375
1972 0.0849609375
1973 0.0244140625
1974 0.1201171875
1975 0.171875
1976 0.10546875
1977 0.0
1978 0.09375
1979 0.1455078125
1980 0.0810546875
1981 -0.0361328125
1982 0.05859375
1983 0.111328125
1984 0.0546875
1985 -0.087890625
1986 -0.0498046875
1987 0.005859375
1988 -0.0341796875
1989 -0.1572265625
1990 -0.0361328125
1991 0.02734375
1992 -0.0087890625
1993 -0.095703125
1994 0.013671875
1995 0.076171875
1996 0.02734375
1997 -0.095703125
1998 -0.0595703125
1999 0.001953125
2000 -0.0361328125
2001 -0.146484375
2002 -0.0283203125
2003 0.0380859375
2004 -0.0029296875
2005 -0.1015625
2006 -0.0537109375
2007 0.0048828125
2008 -0.03515625
2009 -0.177734375
2010 -0.0537109375
2011 0.015625
2012 -0.017578125
2013 -0.1455078125
2014 -0.09765625
2015 -0.0302734375
2016 -0.0625
2017 -0.1708984375
2018 -0.083984375
2019 -0.0185546875
2020 -0.0537109375
2021 -0.224609375
2022 -0.1455078125
2023 -0.068359375
2024 -0.0908203125
2025 -0.20703125
2026 -0.0771484375
2027 -0.001953125
2028 -0.0283203125
2029 -0.125
2030 -0.0771484375
2031 -0.0107421875
2032 -0.0419921875
2033 -0.1953125
2034 -0.06640625
2035 0.0068359375
2036 -0.0205078125
2037 -0.1181640625
2038 -0.001953125
2039 0.0625
2040 0.0224609375
2041 -0.0751953125
2042 -0.033203125
2043 0.0283203125
2044 -0.0146484375
2045 -0.10546875
2046 -0.0244140625
2047 0.0361328125
2048 -0.01171875
2049 -0.103515625
2050 0.0087890625
2051 0.0771484375
2052 0.03125
2053 -0.0380859375
2054 0.0673828125
2055 0.12890625
2056 0.0703125
2057 0.0029296875
2058 0.1044921875
2059 0.1611328125
2060 0.095703125
2061 0.03515625
2062 0.1298828125
2063 0.18359375
2064 0.115234375
2065 0.0048828125
2066 0.1005859375
2067 0.154296875
2068 0.087890625
2069 -0.033203125
2070 0.06640625
2071 0.1220703125
2072 0.060546875
2073 -0.076171875
2074 -0.0390625
2075 0.0185546875
2076 -0.025390625
2077 -0.1474609375
2078 -0.025390625
2079 0.041015625
2080 0.0009765625
2081 -0.0771484375
2082 0.0341796875
2083 0.09375
2084 0.04296875
2085 -0.0830078125
2086 -0.04296875
2087 0.0166015625
2088 -0.025390625
2089 -0.1357421875
2090 -0.0185546875
2091 0.048828125
2092 0.005859375
2093 -0.0966796875
2094 -0.048828125
2095 0.0107421875
2096 -0.033203125
2097 -0.1279296875
2098 -0.0087890625
2099 0.0576171875
2100 0.0126953125
2101 -0.033203125
2102 0.072265625
2103 0.1328125
2104 0.072265625
2105 0.005859375
2106 0.1044921875
2107 0.1591796875
2108 0.09375
2109 0.033203125
2110 0.1279296875
2111 0.181640625
2112 0.1103515625
2113 -0.01171875
2114 0.0849609375
2115 0.1376953125
2116 0.0732421875
2117 -0.0927734375
2118 -0.0546875
2119 0.0048828125
2120 -0.0400390625
2121 -0.154296875
2122 -0.068359375
2123 -0.00390625
2124 -0.0478515625
2125 -0.21875
2126 -0.1396484375
2127 -0.0634765625
2128 -0.0908203125
2129 -0.21484375
2130 -0.076171875
2131 0.0009765625
2132 -0.033203125
2133 -0.1318359375
2134 -0.080078125
2135 -0.0078125
2136 -0.0498046875
2137 -0.162109375
2138 -0.0390625
2139 0.0341796875
2140 -0.0068359375
2141 -0.0849609375
2142 0.03125
2143 0.0947265625
2144 0.0400390625
2145 -0.056640625
2146 -0.0107421875
2147 0.0458984375
2148 -0.005859375
2149 -0.1015625
2150 -0.0146484375
2151 0.0419921875
2152 -0.0107421875
2153 -0.1044921875
2154 0.0107421875
2155 0.078125
2156 0.0263671875
2157 -0.0380859375
2158 0.0693359375
2159 0.1298828125
2160 0.0693359375
2161 -0.0029296875
2162 0.099609375
2163 0.1572265625
2164 0.08984375
2165 0.0263671875
2166 0.1220703125
2167 0.1806640625
2168 0.1064453125
2169 -0.0029296875
2170 0.0947265625
2171 0.146484375
2172 0.08203125
2173 -0.0419921875
2174 0.0576171875
2175 0.1142578125
2176 0.0537109375
2177 -0.08984375
2178 -0.048828125
2179 0.0087890625
2180 -0.03515625
2181 -0.1572265625
2182 -0.037109375
2183 0.0322265625
2184 -0.01171875
2185 -0.099609375
2186 0.0126953125
2187 0.0791015625
2188 0.0263671875
2189 -0.0947265625
2190 -0.0537109375
2191 0.0087890625
2192 -0.0341796875
2193 -0.14453125
2194 -0.0263671875
2195 0.04296875
2196 0.0
2197 -0.1015625
2198 -0.0517578125
2199 0.009765625
2200 -0.03515625
2201 -0.177734375
2202 -0.052734375
2203 0.01953125
2204 -0.0185546875
2205 -0.1435546875
2206 -0.0966796875
2207 -0.0283203125
2208 -0.0625
2209 -0.1708984375
2210 -0.08203125
2211 -0.015625
2212 -0.052734375
2213 -0.2236328125
2214 -0.1455078125
2215 -0.0654296875
2216 -0.0908203125
2217 -0.2109375
2218 -0.076171875
2219 0.0
2220 -0.02734375
2221 -0.1259765625
2222 -0.076171875
2223 -0.0087890625
2224 -0.0419921875
2225 -0.1962890625
2226 -0.06640625
2227 0.009765625
2228 -0.021484375
2229 -0.1201171875
2230 0.0
2231 0.06640625
2232 0.021484375
2233 -0.0751953125
2234 -0.0322265625
2235 0.03125
2236 -0.013671875
2237 -0.1064453125
2238 -0.0224609375
2239 0.03515625
2240 -0.009765625
2241 -0.1044921875
2242 0.0107421875
2243 0.076171875
2244 0.029296875
2245 -0.0400390625
2246 0.0693359375
2247 0.130859375
2248 0.0703125
2249 0.0029296875
2250 0.103515625
2251 0.162109375
2252 0.0966796875
2253 0.033203125
2254 0.1298828125
2255 0.1865234375
2256 0.115234375
2257 0.005859375
2258 0.1015625
2259 0.15625
2260 0.08984375
2261 -0.0322265625
2262 0.0693359375
2263 0.1259765625
2264 0.064453125
2265 -0.0732421875
2266 -0.033203125
2267 0.02734375
2268 -0.021484375
2269 -0.146484375
2270 -0.0234375
2271 0.044921875
2272 0.001953125
2273 -0.076171875
2274 0.0341796875
2275 0.0986328125
2276 0.04296875
2277 -0.0849609375
2278 -0.0458984375
2279 0.0185546875
2280 -0.02734375
2281 -0.1396484375
2282 -0.01953125
2283 0.0498046875
2284 0.005859375
2285 -0.1005859375
2286 -0.0478515625
2287 0.0126953125
2288 -0.033203125
2289 -0.1298828125
2290 -0.0087890625
2291 0.0576171875
2292 0.013671875
2293 -0.03515625
2294 0.072265625
2295 0.1328125
2296 0.0712890625
2297 0.0029296875
2298 0.10546875
2299 0.1591796875
2300 0.09375
2301 0.03125
2302 0.126953125
2303 0.18359375
2304 0.1103515625
2305 -0.013671875
2306 0.083984375
2307 0.138671875
2308 0.0732421875
2309 -0.09375
2310 -0.0537109375
2311 0.0048828125
2312 -0.0400390625
2313 -0.154296875
2314 -0.068359375
2315 -0.00390625
2316 -0.046875
2317 -0.21875
2318 -0.1416015625
2319 -0.0625
2320 -0.091796875
2321 -0.2109375
2322 -0.078125
2323 -0.0009765625
2324 -0.0322265625
2325 -0.1298828125
2326 -0.080078125
2327 -0.0107421875
2328 -0.0478515625
2329 -0.16015625
2330 -0.037109375
2331 0.0302734375
2332 -0.00390625
2333 -0.08203125
2334 0.029296875
2335 0.08984375
2336 0.0400390625
2337 -0.0537109375
2338 -0.0107421875
2339 0.0439453125
2340 -0.005859375
2341 -0.09765625
2342 -0.0166015625
2343 0.0380859375
2344 -0.0107421875
2345 -0.1015625
2346 0.009765625
2347 0.07421875
2348 0.0263671875
2349 -0.03515625
2350 0.068359375
2351 0.126953125
2352 0.0712890625
2353 0.0
2354 0.0986328125
2355 0.1533203125
2356 0.091796875
2357 0.02734375
2358 0.123046875
2359 0.177734375
2360 0.107421875
2361 0.0
2362 0.09375
2363 0.1455078125
2364 0.08203125
2365 -0.0361328125
2366 0.05859375
2367 0.1123046875
2368 0.0546875
2369 -0.083984375
2370 -0.044921875
2371 0.013671875
2372 -0.0322265625
2373 -0.1533203125
2374 -0.033203125
2375 0.0322265625
2376 -0.0068359375
2377 -0.083984375
2378 0.0244140625
2379 0.0869140625
2380 0.0361328125
2381 -0.0830078125
2382 -0.0439453125
2383 0.0126953125
2384 -0.029296875
2385 -0.1513671875
2386 -0.033203125
2387 0.0361328125
2388 -0.0048828125
2389 -0.1103515625
2390 -0.0615234375
2391 0.001953125
2392 -0.04296875
2393 -0.1552734375
2394 -0.0341796875
2395 0.0380859375
2396 -0.00390625
2397 -0.0517578125
2398 0.0556640625
2399 0.119140625
2400 0.0595703125
2401 0.0
2402 0.0986328125
2403 0.15625
2404 0.08984375
2405 0.025390625
2406 0.123046875
2407 0.177734375
2408 0.1044921875
2409 -0.0146484375
2410 0.0771484375
2411 0.1318359375
2412 0.0673828125
2413 -0.09375
2414 -0.0576171875
2415 -0.001953125
2416 -0.0419921875
2417 -0.1591796875
2418 -0.076171875
2419 -0.0166015625
2420 -0.052734375
2421 -0.234375
2422 -0.1572265625
2423 -0.0810546875
2424 -0.1005859375
2425 -0.248046875
2426 -0.111328125
2427 -0.03125
2428 -0.052734375
2429 -0.130859375
2430 -0.015625
2431 0.052734375
2432 0.01171875
2433 -0.1201171875
2434 -0.08203125
2435 -0.0185546875
2436 -0.05078125
2437 -0.1669921875
2438 -0.0859375
2439 -0.021484375
2440 -0.0517578125
2441 -0.1572265625
2442 -0.076171875
2443 -0.013671875
2444 -0.044921875
2445 -0.162109375
2446 -0.04296875
2447 0.0244140625
2448 -0.0068359375
2449 -0.095703125
2450 0.0166015625
2451 0.076171875
2452 0.033203125
2453 -0.0283203125
2454 0.072265625
2455 0.12890625
2456 0.072265625
2457 -0.0224609375
2458 0.0244140625
2459 0.072265625
2460 0.0166015625
2461 -0.111328125
2462 0.0
2463 0.0625
2464 0.017578125
2465 -0.119140625
2466 -0.080078125
2467 -0.017578125
2468 -0.048828125
2469 -0.1611328125
2470 -0.0791015625
2471 -0.015625
2472 -0.0458984375
2473 -0.1572265625
2474 -0.076171875
2475 -0.015625
2476 -0.0458984375
2477 -0.1845703125
2478 -0.0615234375
2479 0.0107421875
2480 -0.0166015625
2481 -0.0712890625
2482 0.0361328125
2483 0.099609375
2484 0.05078125
2485 -0.0400390625
2486 0.0048828125
2487 0.0546875
2488 0.0068359375
2489 -0.1240234375
2490 -0.0087890625
2491 0.056640625
2492 0.0146484375
2493 -0.123046875
2494 -0.0830078125
2495 -0.015625
2496 -0.0458984375
2497 -0.1611328125
2498 -0.076171875
2499 -0.009765625
2500 -0.04296875
2501 -0.1572265625
2502 -0.0732421875
2503 -0.0078125
2504 -0.0419921875
2505 -0.1826171875
2506 -0.056640625
2507 0.0185546875
2508 -0.013671875
2509 -0.0673828125
2510 0.04296875
2511 0.10546875
2512 0.0556640625
2513 -0.0380859375
2514 0.0107421875
2515 0.0634765625
2516 0.01171875
2517 -0.1162109375
2518 -0.0009765625
2519 0.0625
2520 0.021484375
2521 -0.1162109375
2522 -0.0771484375
2523 -0.0107421875
2524 -0.041015625
2525 -0.154296875
2526 -0.0712890625
2527 -0.00390625
2528 -0.0380859375
2529 -0.1513671875
2530 -0.06640625
2531 -0.001953125
2532 -0.03515625
2533 -0.177734375
2534 -0.0498046875
2535 0.0234375
2536 -0.0068359375
2537 -0.064453125
2538 0.0478515625
2539 0.111328125
2540 0.0595703125
2541 -0.0341796875
2542 0.0166015625
2543 0.0693359375
2544 0.0166015625
2545 -0.1162109375
2546 0.0
2547 0.0654296875
2548 0.0244140625
2549 -0.115234375
2550 -0.07421875
2551 -0.0068359375
2552 -0.0390625
2553 -0.154296875
2554 -0.0673828125
2555 0.0
2556 -0.0341796875
2557 -0.1494140625
2558 -0.0634765625
2559 0.001953125
2560 -0.0322265625
2561 -0.173828125
2562 -0.044921875
2563 0.02734375
2564 -0.0029296875
2565 -0.0576171875
2566 0.052734375
2567 0.1142578125
2568 0.064453125
2569 -0.029296875
2570 0.01953125
2571 0.072265625
2572 0.0205078125
2573 -0.1064453125
2574 0.005859375
2575 0.0712890625
2576 0.029296875
2577 -0.107421875
2578 -0.0693359375
2579 -0.0029296875
2580 -0.0341796875
2581 -0.1494140625
2582 -0.0625
2583 0.0029296875
2584 -0.029296875
2585 -0.1455078125
2586 -0.0595703125
2587 0.00390625
2588 -0.0283203125
2589 -0.171875
2590 -0.044921875
2591 0.0302734375
2592 -0.001953125
2593 -0.0556640625
2594 0.0537109375
2595 0.1162109375
2596 0.06640625
2597 -0.02734375
2598 0.0205078125
2599 0.0751953125
2600 0.021484375
2601 -0.107421875
2602 0.0068359375
2603 0.0703125
2604 0.03125
2605 -0.107421875
2606 -0.0673828125
2607 -0.0009765625
2608 -0.0322265625
2609 -0.1484375
2610 -0.060546875
2611 0.005859375
2612 -0.02734375
2613 -0.1435546875
2614 -0.0576171875
2615 0.0078125
2616 -0.0283203125
2617 -0.169921875
2618 -0.0419921875
2619 0.033203125
2620 -0.0009765625
2621 -0.0546875
2622 0.056640625
2623 0.12109375
2624 0.068359375
2625 -0.0263671875
2626 0.0244140625
2627 0.078125
2628 0.025390625
2629 -0.1064453125
2630 0.01171875
2631 0.0771484375
2632 0.033203125
2633 -0.10546875
2634 -0.0634765625
2635 0.001953125
2636 -0.029296875
2637 -0.1455078125
2638 -0.05859375
2639 0.009765625
2640 -0.025390625
2641 -0.1416015625
2642 -0.0556640625
2643 0.0107421875
2644 -0.0234375
2645 -0.169921875
2646 -0.0419921875
2647 0.03515625
2648 0.001953125
2649 -0.0546875
2650 0.05859375
2651 0.1220703125
2652 0.0712890625
2653 -0.0234375
2654 0.02734375
2655 0.080078125
2656 0.025390625
2657 -0.1064453125
2658 0.013671875
2659 0.076171875
2660 0.033203125
2661 -0.1025390625
2662 -0.0625
2663 0.005859375
2664 -0.0283203125
2665 -0.1435546875
2666 -0.0576171875
2667 0.01171875
2668 -0.0244140625
2669 -0.1376953125
2670 -0.05078125
2671 0.013671875
2672 -0.0234375
2673 -0.1669921875
2674 -0.037109375
2675 0.0390625
2676 0.005859375
2677 -0.0517578125
2678 0.0634765625
2679 0.125
2680 0.07421875
2681 -0.021484375
2682 0.0302734375
2683 0.0830078125
2684 0.0283203125
2685 -0.1015625
2686 0.015625
2687 0.083984375
2688 0.0361328125
2689 -0.099609375
2690 -0.0595703125
2691 0.0107421875
2692 -0.0263671875
2693 -0.142578125
2694 -0.0546875
2695 0.015625
2696 -0.0224609375
2697 -0.1396484375
2698 -0.0517578125
2699 0.0166015625
2700 -0.0205078125
2701 -0.166015625
2702 -0.03515625
2703 0.041015625
2704 0.0068359375
2705 -0.05078125
2706 0.0634765625
2707 0.1298828125
2708 0.0732421875
2709 -0.021484375
2710 0.029296875
2711 0.087890625
2712 0.03125
2713 -0.1025390625
2714 0.0166015625
2715 0.083984375
2716 0.0380859375
2717 -0.1005859375
2718 -0.0576171875
2719 0.0107421875
2720 -0.025390625
2721 -0.1416015625
2722 -0.0537109375
2723 0.017578125
2724 -0.0205078125
2725 -0.13671875
2726 -0.0478515625
2727 0.01953125
2728 -0.0185546875
2729 -0.166015625
2730 -0.033203125
2731 0.0439453125
2732 0.0078125
2733 -0.05078125
2734 0.064453125
2735 0.130859375
2736 0.07421875
2737 -0.01953125
2738 0.03125
2739 0.0869140625
2740 0.0302734375
2741 -0.103515625
2742 0.0166015625
2743 0.083984375
2744 0.0380859375
2745 -0.099609375
2746 -0.056640625
2747 0.0107421875
2748 -0.025390625
2749 -0.1396484375
2750 -0.05078125
2751 0.0166015625
2752 -0.01953125
2753 -0.1357421875
2754 -0.048828125
2755 0.0185546875
2756 -0.01953125
2757 -0.1650390625
2758 -0.03515625
2759 0.0419921875
2760 0.0078125
2761 -0.048828125
2762 0.064453125
2763 0.130859375
2764 0.0771484375
2765 -0.0185546875
2766 0.033203125
2767 0.0869140625
2768 0.0322265625
2769 -0.1015625
2770 0.0166015625
2771 0.0830078125
2772 0.0400390625
2773 -0.099609375
2774 -0.0576171875
2775 0.0126953125
2776 -0.0244140625
2777 -0.138671875
2778 -0.052734375
2779 0.0185546875
2780 -0.0205078125
2781 -0.1337890625
2782 -0.0478515625
2783 0.0205078125
2784 -0.0185546875
2785 -0.1611328125
2786 -0.033203125
2787 0.0419921875
2788 0.0087890625
2789 -0.048828125
2790 0.06640625
2791 0.1279296875
2792 0.0771484375
2793 -0.0166015625
2794 0.033203125
2795 0.0859375
2796 0.033203125
2797 -0.0986328125
2798 0.0185546875
2799 0.0849609375
2800 0.0400390625
2801 -0.0966796875
2802 -0.0576171875
2803 0.01171875
2804 -0.021484375
2805 -0.1357421875
2806 -0.0517578125
2807 0.0185546875
2808 -0.0185546875
2809 -0.134765625
2810 -0.0478515625
2811 0.0166015625
2812 -0.017578125
2813 -0.1630859375
2814 -0.03125
2815 0.0419921875
2816 0.0107421875
2817 -0.0458984375
2818 0.06640625
2819 0.1298828125
2820 0.078125
2821 -0.015625
2822 0.033203125
2823 0.0888671875
2824 0.033203125
2825 -0.09765625
2826 0.017578125
2827 0.083984375
2828 0.0390625
2829 -0.095703125
2830 -0.0556640625
2831 0.01171875
2832 -0.021484375
2833 -0.138671875
2834 -0.0498046875
2835 0.0185546875
2836 -0.0166015625
2837 -0.1357421875
2838 -0.0458984375
2839 0.021484375
2840 -0.0166015625
2841 -0.1591796875
2842 -0.03125
2843 0.044921875
2844 0.0107421875
2845 -0.044921875
2846 0.06640625
2847 0.1328125
2848 0.0771484375
2849 -0.015625
2850 0.03515625
2851 0.0888671875
2852 0.0341796875
2853 -0.0966796875
2854 0.0205078125
2855 0.0849609375
2856 0.04296875
2857 -0.0966796875
2858 -0.0546875
2859 0.013671875
2860 -0.0205078125
2861 -0.138671875
2862 -0.0478515625
2863 0.01953125
2864 -0.0166015625
2865 -0.1328125
2866 -0.0458984375
2867 0.021484375
2868 -0.0166015625
2869 -0.1611328125
2870 -0.03125
2871 0.0458984375
2872 0.009765625
2873 -0.044921875
2874 0.068359375
2875 0.1318359375
2876 0.080078125
2877 -0.013671875
2878 0.03515625
2879 0.0888671875
2880 0.03515625
2881 -0.09765625
2882 0.0205078125
2883 0.0859375
2884 0.0419921875
2885 -0.0986328125
2886 -0.0556640625
2887 0.0126953125
2888 -0.0205078125
2889 -0.1357421875
2890 -0.05078125
2891 0.017578125
2892 -0.0166015625
2893 -0.12890625
2894 -0.0458984375
2895 0.0205078125
2896 -0.015625
2897 -0.154296875
2898 -0.029296875
2899 0.044921875
2900 0.013671875
2901 -0.0400390625
2902 0.0693359375
2903 0.1298828125
2904 0.080078125
2905 -0.0126953125
2906 0.0361328125
2907 0.087890625
2908 0.0361328125
2909 -0.091796875
2910 0.0234375
2911 0.083984375
2912 0.0439453125
2913 -0.091796875
2914 -0.052734375
2915 0.0126953125
2916 -0.017578125
2917 -0.1318359375
2918 -0.046875
2919 0.0185546875
2920 -0.0146484375
2921 -0.1279296875
2922 -0.0439453125
2923 0.0185546875
2924 -0.013671875
2925 -0.1533203125
2926 -0.0283203125
2927 0.04296875
2928 0.0146484375
2929 -0.0419921875
2930 0.0693359375
2931 0.1298828125
2932 0.080078125
2933 -0.013671875
2934 0.0341796875
2935 0.0859375
2936 0.03515625
2937 -0.09375
2938 0.01953125
2939 0.0849609375
2940 0.04296875
2941 -0.091796875
2942 -0.052734375
2943 0.01171875
2944 -0.0185546875
2945 -0.130859375
2946 -0.0478515625
2947 0.015625
2948 -0.0146484375
2949 -0.1279296875
2950 -0.0439453125
2951 0.017578125
2952 -0.013671875
2953 -0.15234375
2954 -0.02734375
2955 0.0419921875
2956 0.0166015625
2957 -0.0400390625
2958 0.0703125
2959 0.130859375
2960 0.0810546875
2961 -0.009765625
2962 0.03515625
2963 0.0869140625
2964 0.0361328125
2965 -0.0908203125
2966 0.021484375
2967 0.0859375
2968 0.0458984375
2969 -0.08984375
2970 -0.0517578125
2971 0.0087890625
2972 -0.0185546875
2973 -0.130859375
2974 -0.048828125
2975 0.0166015625
2976 -0.013671875
2977 -0.1279296875
2978 -0.04296875
2979 0.017578125
2980 -0.0146484375
2981 -0.1552734375
2982 -0.0302734375
2983 0.0419921875
2984 0.0126953125
2985 -0.0380859375
2986 0.068359375
2987 0.1279296875
2988 0.0810546875
2989 -0.0087890625
2990 0.03515625
2991 0.0849609375
2992 0.037109375
2993 -0.09375
2994 0.021484375
2995 0.08203125
2996 0.04296875
2997 -0.0927734375
2998 -0.052734375
2999 0.01171875
3000 -0.017578125
3001 -0.1337890625
3002 -0.048828125
3003 0.0166015625
3004 -0.015625
3005 -0.126953125
3006 -0.0439453125
3007 0.01953125
3008 -0.013671875
3009 -0.1533203125
3010 -0.02734375
3011 0.0439453125
3012 0.013671875
3013 -0.0390625
3014 0.0693359375
3015 0.1328125
3016 0.08203125
3017 -0.0107421875
3018 0.0361328125
3019 0.087890625
3020 0.037109375
3021 -0.0908203125
3022 0.0234375
3023 0.0849609375
3024 0.044921875
3025 -0.091796875
3026 -0.052734375
3027 0.013671875
3028 -0.0185546875
3029 -0.1328125
3030 -0.048828125
3031 0.017578125
3032 -0.015625
3033 -0.126953125
3034 -0.046875
3035 0.0205078125
3036 -0.013671875
3037 -0.1552734375
3038 -0.029296875
3039 0.04296875
3040 0.0146484375
3041 -0.041015625
3042 0.0693359375
3043 0.130859375
3044 0.08203125
3045 -0.01171875
3046 0.0361328125
3047 0.0888671875
3048 0.037109375
3049 -0.0927734375
3050 0.0205078125
3051 0.0859375
3052 0.04296875
3053 -0.091796875
3054 -0.0537109375
3055 0.013671875
3056 -0.0185546875
3057 -0.130859375
3058 -0.0478515625
3059 0.01953125
3060 -0.013671875
3061 -0.1279296875
3062 -0.0419921875
3063 0.01953125
3064 -0.013671875
3065 -0.1572265625
3066 -0.02734375
3067 0.0439453125
3068 0.013671875
3069 -0.0419921875
3070 0.0703125
3071 0.1318359375
3072 0.0810546875
3073 -0.0126953125
3074 0.03515625
3075 0.08984375
3076 0.037109375
3077 -0.09375
3078 0.0205078125
3079 0.0849609375
3080 0.0439453125
3081 -0.0927734375
3082 -0.0546875
3083 0.0107421875
3084 -0.017578125
3085 -0.1328125
3086 -0.0478515625
3087 0.0166015625
3088 -0.0126953125
3089 -0.12890625
3090 -0.0439453125
3091 0.0185546875
3092 -0.0107421875
3093 -0.15625
3094 -0.0302734375
3095 0.0458984375
3096 0.013671875
3097 -0.041015625
3098 0.0693359375
3099 0.1318359375
3100 0.0810546875
3101 -0.01171875
3102 0.037109375
3103 0.0908203125
3104 0.0361328125
3105 -0.09375
3106 0.021484375
3107 0.0869140625
3108 0.0439453125
3109 -0.09375
3110 -0.0517578125
3111 0.015625
3112 -0.0185546875
3113 -0.1328125
3114 -0.044921875
3115 0.0205078125
3116 -0.013671875
3117 -0.1279296875
3118 -0.04296875
3119 0.0224609375
3120 -0.013671875
3121 -0.1552734375
3122 -0.029296875
3123 0.046875
3124 0.013671875
3125 -0.0400390625
3126 0.0693359375
3127 0.134765625
3128 0.08203125
3129 -0.0126953125
3130 0.037109375
3131 0.0927734375
3132 0.0361328125
3133 -0.0966796875
3134 0.0234375
3135 0.0927734375
3136 0.044921875
3137 -0.091796875
3138 -0.0478515625
3139 0.021484375
3140 -0.017578125
3141 -0.134765625
3142 -0.0458984375
3143 0.0283203125
3144 -0.0146484375
3145 -0.1298828125
3146 -0.0419921875
3147 0.029296875
3148 -0.013671875
3149 -0.16015625
3150 -0.02734375
3151 0.052734375
3152 0.013671875
3153 -0.0458984375
3154 0.0712890625
3155 0.1376953125
3156 0.0810546875
3157 -0.0146484375
3158 0.0400390625
3159 0.0947265625
3160 0.037109375
3161 -0.0966796875
3162 0.025390625
3163 0.08984375
3164 0.04296875
3165 -0.091796875
3166 -0.048828125
3167 0.0205078125
3168 -0.0185546875
3169 -0.1337890625
3170 -0.0458984375
3171 0.0234375
3172 -0.0146484375
3173 -0.1318359375
3174 -0.0419921875
3175 0.0263671875
3176 -0.013671875
3177 -0.16015625
3178 -0.02734375
3179 0.048828125
3180 0.0146484375
3181 -0.044921875
3182 0.072265625
3183 0.13671875
3184 0.08203125
3185 -0.0146484375
3186 0.0380859375
3187 0.0947265625
3188 0.0361328125
3189 -0.0966796875
3190 0.0234375
3191 0.09375
3192 0.0439453125
3193 -0.09375
3194 -0.0478515625
3195 0.0205078125
3196 -0.017578125
3197 -0.1357421875
3198 -0.046875
3199 0.025390625
3200 -0.013671875
3201 -0.1318359375
3202 -0.04296875
3203 0.0263671875
3204 -0.0126953125
3205 -0.16015625
3206 -0.02734375
3207 0.0498046875
3208 0.013671875
3209 -0.044921875
3210 0.0712890625
3211 0.1376953125
3212 0.0810546875
3213 -0.0126953125
3214 0.037109375
3215 0.0927734375
3216 0.037109375
3217 -0.0966796875
3218 0.021484375
3219 0.08984375
3220 0.0439453125
3221 -0.0947265625
3222 -0.0517578125
3223 0.0185546875
3224 -0.01953125
3225 -0.1376953125
3226 -0.0458984375
3227 0.0224609375
3228 -0.013671875
3229 -0.130859375
3230 -0.0419921875
3231 0.0234375
3232 -0.0126953125
3233 -0.1572265625
3234 -0.0283203125
3235 0.048828125
3236 0.0146484375
3237 -0.04296875
3238 0.0712890625
3239 0.1376953125
3240 0.0830078125
3241 -0.013671875
3242 0.0361328125
3243 0.0927734375
3244 0.037109375
3245 -0.095703125
3246 0.0234375
3247 0.0908203125
3248 0.044921875
3249 -0.09375
3250 -0.0498046875
3251 0.01953125
3252 -0.0166015625
3253 -0.134765625
3254 -0.0439453125
3255 0.0244140625
3256 -0.0146484375
3257 -0.12890625
3258 -0.0419921875
3259 0.025390625
3260 -0.013671875
3261 -0.1591796875
3262 -0.0283203125
3263 0.048828125
3264 0.0126953125
3265 -0.0419921875
3266 0.072265625
3267 0.134765625
3268 0.08203125
3269 -0.013671875
3270 0.0380859375
3271 0.0908203125
3272 0.037109375
3273 -0.0966796875
3274 0.0224609375
3275 0.087890625
3276 0.044921875
3277 -0.0927734375
3278 -0.05078125
3279 0.015625
3280 -0.017578125
3281 -0.1337890625
3282 -0.0478515625
3283 0.0224609375
3284 -0.0146484375
3285 -0.1259765625
3286 -0.041015625
3287 0.0283203125
3288 -0.0126953125
3289 -0.1318359375
3290 -0.0068359375
3291 0.064453125
3292 0.0283203125
3293 -0.083984375
3294 -0.03515625
3295 0.029296875
3296 -0.0087890625
3297 -0.1669921875
3298 -0.0888671875
3299 -0.0146484375
3300 -0.0400390625
3301 -0.134765625
3302 -0.044921875
3303 0.0234375
3304 -0.01171875
3305 -0.1767578125
3306 -0.1123046875
3307 -0.029296875
3308 -0.0498046875
3309 -0.203125
3310 -0.1240234375
3311 -0.0400390625
3312 -0.056640625
3313 -0.1611328125
3314 -0.0654296875
3315 0.0068359375
3316 -0.021484375
3317 -0.1171875
3318 -0.0283203125
3319 0.037109375
3320 -0.0009765625
3321 -0.1083984375
3322 0.0146484375
3323 0.0830078125
3324 0.0439453125
3325 -0.076171875
3326 -0.033203125
3327 0.033203125
3328 0.0
3329 -0.115234375
3330 -0.0322265625
3331 0.037109375
3332 0.001953125
3333 -0.1181640625
3334 -0.029296875
3335 0.0380859375
3336 0.0
3337 -0.1044921875
3338 -0.0205078125
3339 0.044921875
3340 0.0078125
3341 -0.09375
3342 -0.013671875
3343 0.0517578125
3344 0.013671875
3345 -0.11328125
3346 -0.025390625
3347 0.0361328125
3348 0.0009765625
3349 -0.1845703125
3350 -0.1103515625
3351 -0.029296875
3352 -0.048828125
3353 -0.2041015625
3354 -0.1298828125
3355 -0.056640625
3356 -0.0478515625
3357 -0.13671875
3358 -0.06640625
3359 -0.01171875
3360 -0.0107421875
3361 -0.1416015625
3362 -0.0712890625
3363 -0.0166015625
3364 -0.015625
3365 -0.1552734375
3366 -0.0419921875
3367 0.017578125
3368 0.021484375
3369 -0.0478515625
3370 0.044921875
3371 0.095703125
3372 0.0791015625
3373 0.03125
3374 0.11328125
3375 0.1533203125
3376 0.1240234375
3377 0.046875
3378 0.064453125
3379 0.099609375
3380 0.0732421875
3381 -0.021484375
3382 0.0283203125
3383 0.06640625
3384 0.048828125
3385 -0.0556640625
3386 0.005859375
3387 0.0439453125
3388 0.02734375
3389 -0.0751953125
3390 -0.01171875
3391 0.0283203125
3392 0.013671875
3393 -0.09765625
3394 0.001953125
3395 0.0556640625
3396 0.0439453125
3397 -0.1005859375
3398 -0.07421875
3399 -0.015625
3400 -0.0185546875
3401 -0.1953125
3402 -0.13671875
3403 -0.064453125
3404 -0.052734375
3405 -0.15625
3406 -0.076171875
3407 -0.01953125
3408 -0.0185546875
3409 -0.162109375
3410 -0.083984375
3411 -0.02734375
3412 -0.0234375
3413 -0.154296875
3414 -0.0390625
3415 0.021484375
3416 0.021484375
3417 -0.0576171875
3418 0.03515625
3419 0.087890625
3420 0.07421875
3421 -0.00390625
3422 0.080078125
3423 0.123046875
3424 0.1005859375
3425 0.021484375
3426 0.1005859375
3427 0.1396484375
3428 0.1142578125
3429 0.025390625
3430 0.103515625
3431 0.142578125
3432 0.115234375
3433 0.0185546875
3434 0.095703125
3435 0.1328125
3436 0.107421875
3437 0.0048828125
3438 0.0830078125
3439 0.12109375
3440 0.0986328125
3441 0.0419921875
3442 0.1162109375
3443 0.1513671875
3444 0.1220703125
3445 0.0185546875
3446 0.03515625
3447 0.06640625
3448 0.0439453125
3449 -0.0634765625
3450 -0.0107421875
3451 0.03125
3452 0.0185546875
3453 -0.123046875
3454 -0.05859375
3455 -0.01171875
3456 -0.013671875
3457 -0.1435546875
3458 -0.0361328125
3459 0.01953125
3460 0.0185546875
3461 -0.0625
3462 0.02734375
3463 0.076171875
3464 0.0615234375
3465 -0.0244140625
3466 0.05859375
3467 0.1015625
3468 0.08203125
3469 -0.017578125
3470 0.060546875
3471 0.1044921875
3472 0.0830078125
3473 -0.02734375
3474 0.0556640625
3475 0.0966796875
3476 0.078125
3477 0.017578125
3478 0.0947265625
3479 0.12890625
3480 0.1025390625
3481 -0.0205078125
3482 -0.001953125
3483 0.033203125
3484 0.0185546875
3485 -0.138671875
3486 -0.03515625
3487 0.0205078125
3488 0.0146484375
3489 -0.0947265625
3490 -0.0712890625
3491 -0.01953125
3492 -0.0244140625
3493 -0.1171875
3494 -0.017578125
3495 0.037109375
3496 0.029296875
3497 -0.060546875
3498 -0.0576171875
3499 -0.0068359375
3500 -0.01171875
3501 -0.0986328125
3502 0.0009765625
3503 0.052734375
3504 0.0419921875
3505 -0.048828125
3506 -0.0244140625
3507 0.0205078125
3508 0.005859375
3509 -0.0869140625
3510 -0.0302734375
3511 0.017578125
3512 0.0048828125
3513 -0.1357421875
3514 -0.0712890625
3515 -0.0185546875
3516 -0.0234375
3517 -0.15234375
3518 -0.083984375
3519 -0.029296875
3520 -0.0283203125
3521 -0.181640625
3522 -0.06640625
3523 -0.00390625
3524 -0.0009765625
3525 -0.0859375
3526 0.009765625
3527 0.0634765625
3528 0.0498046875
3529 -0.0380859375
3530 0.0478515625
3531 0.095703125
3532 0.0751953125
3533 -0.0126953125
3534 0.0693359375
3535 0.11328125
3536 0.0888671875
3537 0.0087890625
3538 0.0859375
3539 0.125
3540 0.099609375
3541 0.009765625
3542 0.0869140625
3543 0.1240234375
3544 0.0986328125
3545 0.0
3546 0.076171875
3547 0.115234375
3548 0.0888671875
3549 -0.0205078125
3550 0.060546875
3551 0.1005859375
3552 0.0791015625
3553 0.00390625
3554 0.0830078125
3555 0.1181640625
3556 0.091796875
3557 -0.03515625
3558 -0.0234375
3559 0.0205078125
3560 0.00390625
3561 -0.0908203125
3562 0.0009765625
3563 0.0517578125
3564 0.0380859375
3565 -0.0107421875
3566 0.072265625
3567 0.1123046875
3568 0.0859375
3569 0.037109375
3570 0.1123046875
3571 0.146484375
3572 0.11328125
3573 0.0556640625
3574 0.1279296875
3575 0.16015625
3576 0.123046875
3577 0.0224609375
3578 0.0380859375
3579 0.068359375
3580 0.0390625
3581 -0.076171875
3582 -0.0283203125
3583 0.0146484375
3584 -0.00390625
3585 -0.1201171875
3586 -0.0595703125
3587 -0.013671875
3588 -0.0224609375
3589 -0.1357421875
3590 -0.07421875
3591 -0.025390625
3592 -0.0302734375
3593 -0.142578125
3594 -0.076171875
3595 -0.0283203125
3596 -0.03125
3597 -0.142578125
3598 -0.080078125
3599 -0.0302734375
3600 -0.0341796875
3601 -0.169921875
3602 -0.1025390625
3603 -0.044921875
3604 -0.0458984375
3605 -0.1484375
3606 -0.04296875
3607 0.0146484375
3608 0.0078125
3609 -0.1181640625
3610 -0.0927734375
3611 -0.0341796875
3612 -0.0380859375
3613 -0.1357421875
3614 -0.068359375
3615 -0.0166015625
3616 -0.0224609375
3617 -0.125
3618 -0.0537109375
3619 -0.01171875
3620 -0.01953125
3621 -0.1298828125
3622 -0.0625
3623 -0.0107421875
3624 -0.0205078125
3625 -0.171875
3626 -0.060546875
3627 -0.001953125
3628 -0.001953125
3629 -0.06640625
3630 0.02734375
3631 0.0771484375
3632 0.0576171875
3633 -0.0712890625
3634 0.021484375
3635 0.0673828125
3636 0.0517578125
3637 -0.0908203125
3638 -0.0693359375
3639 -0.0166015625
3640 -0.0224609375
3641 -0.189453125
3642 -0.111328125
3643 -0.0478515625
3644 -0.0458984375
3645 -0.1513671875
3646 -0.07421875
3647 -0.0205078125
3648 -0.0283203125
3649 -0.1123046875
3650 -0.0078125
3651 0.0478515625
3652 0.0341796875
3653 -0.0556640625
3654 -0.0517578125
3655 0.00390625
3656 -0.0048828125
3657 -0.1171875
3658 -0.013671875
3659 0.041015625
3660 0.03125
3661 -0.060546875
3662 0.0322265625
3663 0.0810546875
3664 0.0634765625
3665 -0.0390625
3666 -0.0166015625
3667 0.025390625
3668 0.01171875
3669 -0.107421875
3670 -0.005859375
3671 0.044921875
3672 0.0361328125
3673 -0.1025390625
3674 -0.0771484375
3675 -0.021484375
3676 -0.0263671875
3677 -0.2099609375
3678 -0.1318359375
3679 -0.0625
3680 -0.0546875
3681 -0.1630859375
3682 -0.0869140625
3683 -0.03125
3684 -0.029296875
3685 -0.166015625
3686 -0.0859375
3687 -0.0302734375
3688 -0.029296875
3689 -0.1923828125
3690 -0.0712890625
3691 -0.0048828125
3692 -0.0029296875
3693 -0.0546875
3694 0.04296875
3695 0.08984375
3696 0.0712890625
3697 -0.0048828125
3698 0.080078125
3699 0.1259765625
3700 0.099609375
3701 0.0029296875
3702 0.0869140625
3703 0.126953125
3704 0.1005859375
3705 0.037109375
3706 0.119140625
3707 0.1533203125
3708 0.1220703125
3709 0.0322265625
3710 0.046875
3711 0.0810546875
3712 0.0546875
3713 -0.044921875
3714 0.009765625
3715 0.0498046875
3716 0.0283203125
3717 -0.0751953125
3718 -0.0185546875
3719 0.025390625
3720 0.0107421875
3721 -0.1572265625
3722 -0.0498046875
3723 0.0078125
3724 0.0068359375
3725 -0.13671875
3726 -0.10546875
3727 -0.044921875
3728 -0.041015625
3729 -0.2158203125
3730 -0.0908203125
3731 -0.0205078125
3732 -0.0107421875
3733 -0.064453125
3734 0.033203125
3735 0.080078125
3736 0.0634765625
3737 -0.01171875
3738 0.072265625
3739 0.1142578125
3740 0.091796875
3741 0.0029296875
3742 0.083984375
3743 0.1259765625
3744 0.0986328125
3745 0.0458984375
3746 0.126953125
3747 0.162109375
3748 0.126953125
3749 0.013671875
3750 0.03125
3751 0.0654296875
3752 0.0400390625
3753 -0.1396484375
3754 -0.0859375
3755 -0.0283203125
3756 -0.0302734375
3757 -0.134765625
3758 -0.064453125
3759 -0.0126953125
3760 -0.0205078125
3761 -0.1611328125
3762 -0.0869140625
3763 -0.0302734375
3764 -0.0341796875
3765 -0.1748046875
3766 -0.05859375
3767 0.0048828125
3768 0.00390625
3769 -0.087890625
3770 0.0087890625
3771 0.0634765625
3772 0.048828125
3773 -0.044921875
3774 0.0458984375
3775 0.0927734375
3776 0.0712890625
3777 -0.0185546875
3778 0.06640625
3779 0.1103515625
3780 0.0859375
3781 -0.0107421875
3782 0.0712890625
3783 0.1162109375
3784 0.0888671875
3785 -0.0107421875
3786 0.0712890625
3787 0.1142578125
3788 0.0859375
3789 -0.0322265625
3790 0.0517578125
3791 0.0966796875
3792 0.0703125
3793 -0.01953125
3794 0.06640625
3795 0.1103515625
3796 0.08203125
3797 0.0283203125
3798 0.1083984375
3799 0.1474609375
3800 0.1103515625
3801 0.0595703125
3802 0.1357421875
3803 0.169921875
3804 0.12890625
3805 0.0390625
3806 0.060546875
3807 0.08984375
3808 0.0546875
3809 -0.072265625
3810 -0.0244140625
3811 0.015625
3812 -0.0009765625
3813 -0.1455078125
3814 -0.08203125
3815 -0.0263671875
3816 -0.0341796875
3817 -0.1435546875
3818 -0.0361328125
3819 0.0185546875
3820 0.009765625
3821 -0.03125
3822 0.0576171875
3823 0.1044921875
3824 0.078125
3825 0.0419921875
3826 0.12109375
3827 0.16015625
3828 0.1201171875
3829 0.076171875
3830 0.150390625
3831 0.185546875
3832 0.140625
3833 0.0810546875
3834 0.1494140625
3835 0.1806640625
3836 0.134765625
3837 0.0849609375
3838 0.1533203125
3839 0.185546875
3840 0.1416015625
3841 0.0595703125
3842 0.080078125
3843 0.10546875
3844 0.0654296875
3845 -0.03125
3846 0.0517578125
3847 0.0888671875
3848 0.060546875
3849 -0.03515625
3850 -0.013671875
3851 0.0234375
3852 -0.0009765625
3853 -0.10546875
3854 -0.0458984375
3855 -0.001953125
3856 -0.0205078125
3857 -0.1162109375
3858 -0.0556640625
3859 -0.009765625
3860 -0.0263671875
3861 -0.130859375
3862 -0.0693359375
3863 -0.021484375
3864 -0.03515625
3865 -0.134765625
3866 -0.068359375
3867 -0.021484375
3868 -0.0322265625
3869 -0.17578125
3870 -0.103515625
3871 -0.0517578125
3872 -0.056640625
3873 -0.2001953125
3874 -0.1240234375
3875 -0.0654296875
3876 -0.06640625
3877 -0.189453125
3878 -0.0791015625
3879 -0.0146484375
3880 -0.015625
3881 -0.0791015625
3882 0.0126953125
3883 0.0634765625
3884 0.0439453125
3885 -0.02734375
3886 0.056640625
3887 0.099609375
3888 0.0732421875
3889 0.0
3890 0.078125
3891 0.1171875
3892 0.0869140625
3893 0.01171875
3894 0.08984375
3895 0.1240234375
3896 0.091796875
3897 0.033203125
3898 0.107421875
3899 0.1435546875
3900 0.1064453125
3901 0.029296875
3902 0.044921875
3903 0.076171875
3904 0.044921875
3905 -0.0537109375
3906 -0.0029296875
3907 0.0341796875
3908 0.0087890625
3909 -0.091796875
3910 -0.033203125
3911 0.005859375
3912 -0.0107421875
3913 -0.095703125
3914 -0.0009765625
3915 0.044921875
3916 0.0283203125
3917 -0.0107421875
3918 0.0712890625
3919 0.111328125
3920 0.080078125
3921 -0.0185546875
3922 -0.0009765625
3923 0.0341796875
3924 0.0078125
3925 -0.1494140625
3926 -0.0458984375
3927 0.0068359375
3928 -0.0029296875
3929 -0.134765625
3930 -0.109375
3931 -0.052734375
3932 -0.0556640625
3933 -0.1591796875
3934 -0.052734375
3935 0.0029296875
3936 -0.0029296875
3937 -0.0751953125
3938 0.017578125
3939 0.0625
3940 0.0439453125
3941 -0.0517578125
3942 -0.0322265625
3943 0.0107421875
3944 -0.0078125
3945 -0.1455078125
3946 -0.080078125
3947 -0.0341796875
3948 -0.0419921875
3949 -0.193359375
3950 -0.1240234375
3951 -0.0615234375
3952 -0.0634765625
3953 -0.197265625
3954 -0.119140625
3955 -0.0625
3956 -0.060546875
3957 -0.1572265625
3958 -0.0810546875
3959 -0.029296875
3960 -0.0361328125
3961 -0.1572265625
3962 -0.048828125
3963 0.005859375
3964 0.0009765625
3965 -0.166015625
3966 -0.1357421875
3967 -0.0732421875
3968 -0.068359375
3969 -0.181640625
3970 -0.109375
3971 -0.0458984375
3972 -0.0478515625
3973 -0.126953125
3974 -0.060546875
3975 -0.0048828125
3976 -0.0185546875
3977 -0.1416015625
3978 -0.0693359375
3979 -0.0205078125
3980 -0.0263671875
3981 -0.1767578125
3982 -0.0615234375
3983 0.0009765625
3984 -0.0009765625
3985 -0.04296875
3986 0.05078125
3987 0.0966796875
3988 0.0732421875
3989 0.0205078125
3990 0.099609375
3991 0.138671875
3992 0.1064453125
3993 0.0029296875
3994 0.017578125
3995 0.05078125
3996 0.029296875
3997 -0.0908203125
3998 -0.033203125
3999 -0.01953125
4000 0.02734375
4001 -0.0322265625
4002 0.0029296875
4003 0.01171875
4004 0.052734375
4005 0.0205078125
4006 0.0478515625
4007 0.0498046875
4008 0.083984375
4009 0.0087890625
4010 -0.03125
4011 -0.02734375
4012 0.0107421875
4013 -0.0537109375
4014 -0.0537109375
4015 -0.044921875
4016 -0.0029296875
4017 -0.1025390625
4018 -0.08984375
4019 -0.0771484375
4020 -0.0283203125
4021 -0.1201171875
4022 -0.0654296875
4023 -0.0458984375
4024 0.0078125
4025 -0.0458984375
4026 -0.005859375
4027 0.005859375
4028 0.048828125
4029 -0.0048828125
4030 0.0263671875
4031 0.0322265625
4032 0.0703125
4033 0.0234375
4034 0.046875
4035 0.0517578125
4036 0.083984375
4037 0.0322265625
4038 0.0537109375
4039 0.0546875
4040 0.0869140625
4041 0.029296875
4042 0.0498046875
4043 0.0517578125
4044 0.08203125
4045 0.005859375
4046 0.0302734375
4047 0.033203125
4048 0.068359375
4049 0.017578125
4050 0.0419921875
4051 0.0439453125
4052 0.0771484375
4053 0.0693359375
4054 0.0859375
4055 0.0830078125
4056 0.107421875
4057 0.1005859375
4058 0.1123046875
4059 0.10546875
4060 0.125
4061 0.080078125
4062 0.037109375
4063 0.0302734375
4064 0.0517578125
4065 -0.03515625
4066 -0.044921875
4067 -0.0419921875
4068 -0.0029296875
4069 -0.109375
4070 -0.1025390625
4071 -0.0859375
4072 -0.037109375
4073 -0.10546875
4074 -0.056640625
4075 -0.041015625
4076 0.0087890625
4077 0.0126953125
4078 0.0390625
4079 0.04296875
4080 0.076171875
4081 0.0869140625
4082 0.099609375
4083 0.09765625
4084 0.12109375
4085 0.12109375
4086 0.12890625
4087 0.12109375
4088 0.138671875
4089 0.1220703125
4090 0.126953125
4091 0.1162109375
4092 0.1357421875
4093 0.12890625
4094 0.1328125
4095 0.12109375
4096 0.138671875
4097 0.0986328125
4098 0.05859375
4099 0.0439453125
4100 0.064453125
4101 0.013671875
4102 0.033203125
4103 0.0302734375
4104 0.0615234375
4105 0.005859375
4106 -0.033203125
4107 -0.03515625
4108 0.0
4109 -0.0654296875
4110 -0.0654296875
4111 -0.0615234375
4112 -0.021484375
4113 -0.0771484375
4114 -0.0732421875
4115 -0.068359375
4116 -0.0263671875
4117 -0.095703125
4118 -0.0888671875
4119 -0.0830078125
4120 -0.03515625
4121 -0.123046875
4122 -0.109375
4123 -0.0947265625
4124 -0.0478515625
4125 -0.1064453125
4126 -0.0986328125
4127 -0.0859375
4128 -0.0390625
4129 -0.0849609375
4130 -0.0751953125
4131 -0.0673828125
4132 -0.0234375
4133 -0.0908203125
4134 -0.080078125
4135 -0.0703125
4136 -0.0263671875
4137 -0.14453125
4138 -0.1455078125
4139 -0.1240234375
4140 -0.0634765625
4141 -0.125
4142 -0.107421875
4143 -0.091796875
4144 -0.0400390625
4145 -0.107421875
4146 -0.091796875
4147 -0.08203125
4148 -0.0322265625
4149 -0.0771484375
4150 -0.0341796875
4151 -0.01953125
4152 0.025390625
4153 -0.025390625
4154 -0.0810546875
4155 -0.0634765625
4156 -0.0185546875
4157 -0.091796875
4158 -0.0458984375
4159 -0.0302734375
4160 0.01953125
4161 -0.0341796875
4162 0.0009765625
4163 0.0107421875
4164 0.05078125
4165 -0.0087890625
4166 -0.0419921875
4167 -0.037109375
4168 0.0029296875
4169 -0.0771484375
4170 -0.0322265625
4171 -0.0224609375
4172 0.0244140625
4173 -0.080078125
4174 -0.1083984375
4175 -0.091796875
4176 -0.0390625
4177 -0.1728515625
4178 -0.1435546875
4179 -0.1171875
4180 -0.05859375
4181 -0.1357421875
4182 -0.111328125
4183 -0.0947265625
4184 -0.0400390625
4185 -0.1142578125
4186 -0.0947265625
4187 -0.0791015625
4188 -0.0263671875
4189 -0.134765625
4190 -0.115234375
4191 -0.0927734375
4192 -0.037109375
4193 -0.1064453125
4194 -0.0908203125
4195 -0.072265625
4196 -0.0224609375
4197 -0.1005859375
4198 -0.087890625
4199 -0.072265625
4200 -0.0205078125
4201 -0.1279296875
4202 -0.1083984375
4203 -0.0859375
4204 -0.03125
4205 -0.1005859375
4206 -0.044921875
4207 -0.0263671875
4208 0.025390625
4209 0.029296875
4210 0.060546875
4211 0.0634765625
4212 0.09765625
4213 0.1083984375
4214 0.1259765625
4215 0.123046875
4216 0.1455078125
4217 0.146484375
4218 0.1552734375
4219 0.146484375
4220 0.1640625
4221 0.1494140625
4222 0.1552734375
4223 0.1455078125
4224 0.162109375
4225 0.15625
4226 0.1591796875
4227 0.1484375
4228 0.1630859375
4229 0.1259765625
4230 0.083984375
4231 0.068359375
4232 0.087890625
4233 0.037109375
4234 0.0576171875
4235 0.0546875
4236 0.0849609375
4237 0.029296875
4238 -0.0087890625
4239 -0.0126953125
4240 0.0224609375
4241 -0.0439453125
4242 -0.0439453125
4243 -0.0400390625
4244 0.0
4245 -0.0537109375
4246 -0.052734375
4247 -0.044921875
4248 -0.0048828125
4249 -0.0771484375
4250 -0.068359375
4251 -0.060546875
4252 -0.0166015625
4253 -0.1044921875
4254 -0.0908203125
4255 -0.078125
4256 -0.02734375
4257 -0.0869140625
4258 -0.0771484375
4259 -0.0673828125
4260 -0.01953125
4261 -0.0673828125
4262 -0.0556640625
4263 -0.0498046875
4264 -0.0068359375
4265 -0.0712890625
4266 -0.0615234375
4267 -0.0498046875
4268 -0.0087890625
4269 -0.1220703125
4270 -0.126953125
4271 -0.1044921875
4272 -0.0458984375
4273 -0.107421875
4274 -0.0927734375
4275 -0.0751953125
4276 -0.0244140625
4277 -0.091796875
4278 -0.0771484375
4279 -0.06640625
4280 -0.017578125
4281 -0.064453125
4282 -0.0205078125
4283 -0.0048828125
4284 0.0390625
4285 -0.01171875
4286 -0.0673828125
4287 -0.0498046875
4288 -0.00390625
4289 -0.0712890625
4290 -0.0263671875
4291 -0.0107421875
4292 0.03515625
4293 -0.0087890625
4294 0.0244140625
4295 0.033203125
4296 0.0712890625
4297 0.0087890625
4298 -0.0244140625
4299 -0.0224609375
4300 0.0185546875
4301 -0.0634765625
4302 -0.017578125
4303 -0.0078125
4304 0.0380859375
4305 -0.05859375
4306 -0.0849609375
4307 -0.0732421875
4308 -0.0224609375
4309 -0.1552734375
4310 -0.12890625
4311 -0.1015625
4312 -0.0458984375
4313 -0.1240234375
4314 -0.1025390625
4315 -0.0830078125
4316 -0.0283203125
4317 -0.1005859375
4318 -0.0859375
4319 -0.0693359375
4320 -0.017578125
4321 -0.123046875
4322 -0.10546875
4323 -0.0849609375
4324 -0.02734375
4325 -0.09765625
4326 -0.080078125
4327 -0.064453125
4328 -0.013671875
4329 -0.09375
4330 -0.0810546875
4331 -0.0634765625
4332 -0.01171875
4333 -0.1220703125
4334 -0.1005859375
4335 -0.078125
4336 -0.0224609375
4337 -0.091796875
4338 -0.037109375
4339 -0.0166015625
4340 0.033203125
4341 0.0380859375
4342 0.068359375
4343 0.072265625
4344 0.1064453125
4345 0.1181640625
4346 0.1357421875
4347 0.1298828125
4348 0.154296875
4349 0.154296875
4350 0.1640625
4351 0.1552734375
4352 0.1728515625
4353 0.1572265625
4354 0.1640625
4355 0.15234375
4356 0.1689453125
4357 0.1630859375
4358 0.1669921875
4359 0.15625
4360 0.1708984375
4361 0.1337890625
4362 0.0908203125
4363 0.0771484375
4364 0.095703125
4365 0.046875
4366 0.0654296875
4367 0.0625
4368 0.0947265625
4369 0.037109375
4370 -0.001953125
4371 -0.005859375
4372 0.029296875
4373 -0.0400390625
4374 -0.037109375
4375 -0.0341796875
4376 0.005859375
4377 -0.0517578125
4378 -0.0498046875
4379 -0.0400390625
4380 0.0009765625
4381 -0.0693359375
4382 -0.0634765625
4383 -0.0546875
4384 -0.0087890625
4385 -0.0986328125
4386 -0.0849609375
4387 -0.0693359375
4388 -0.0234375
4389 -0.0830078125
4390 -0.0712890625
4391 -0.0625
4392 -0.013671875
4393 -0.0615234375
4394 -0.05078125
4395 -0.0439453125
4396 -0.0009765625
4397 -0.06640625
4398 -0.0537109375
4399 -0.0458984375
4400 -0.00390625
4401 -0.1162109375
4402 -0.123046875
4403 -0.0986328125
4404 -0.0419921875
4405 -0.1005859375
4406 -0.087890625
4407 -0.0712890625
4408 -0.0185546875
4409 -0.0849609375
4410 -0.0712890625
4411 -0.060546875
4412 -0.01171875
4413 -0.0576171875
4414 -0.013671875
4415 0.0
4416 0.0439453125
4417 -0.005859375
4418 -0.060546875
4419 -0.0458984375
4420 0.0029296875
4421 -0.068359375
4422 -0.021484375
4423 -0.0078125
4424 0.0380859375
4425 -0.0048828125
4426 0.0283203125
4427 0.0361328125
4428 0.0751953125
4429 0.015625
4430 -0.0205078125
4431 -0.0166015625
4432 0.0224609375
4433 -0.0595703125
4434 -0.015625
4435 -0.00390625
4436 0.0419921875
4437 -0.0556640625
4438 -0.0830078125
4439 -0.0693359375
4440 -0.017578125
4441 -0.1533203125
4442 -0.123046875
4443 -0.1005859375
4444 -0.041015625
4445 -0.119140625
4446 -0.09375
4447 -0.078125
4448 -0.025390625
4449 -0.09765625
4450 -0.08203125
4451 -0.0625
4452 -0.013671875
4453 -0.1181640625
4454 -0.1025390625
4455 -0.0791015625
4456 -0.025390625
4457 -0.0927734375
4458 -0.0771484375
4459 -0.0595703125
4460 -0.0087890625
4461 -0.0888671875
4462 -0.0751953125
4463 -0.05859375
4464 -0.0068359375
4465 -0.1201171875
4466 -0.0986328125
4467 -0.0771484375
4468 -0.0205078125
4469 -0.08984375
4470 -0.037109375
4471 -0.015625
4472 0.0341796875
4473 0.0390625
4474 0.0693359375
4475 0.076171875
4476 0.1083984375
4477 0.1201171875
4478 0.1376953125
4479 0.134765625
4480 0.1572265625
4481 0.1552734375
4482 0.166015625
4483 0.158203125
4484 0.1767578125
4485 0.16015625
4486 0.16796875
4487 0.1552734375
4488 0.1708984375
4489 0.1650390625
4490 0.1708984375
4491 0.158203125
4492 0.17578125
4493 0.138671875
4494 0.0947265625
4495 0.08203125
4496 0.09765625
4497 0.048828125
4498 0.068359375
4499 0.0693359375
4500 0.095703125
4501 0.041015625
4502 0.0
4503 -0.0009765625
4504 0.0322265625
4505 -0.03515625
4506 -0.0341796875
4507 -0.0322265625
4508 0.0087890625
4509 -0.046875
4510 -0.04296875
4511 -0.0361328125
4512 0.00390625
4513 -0.06640625
4514 -0.060546875
4515 -0.0498046875
4516 -0.0078125
4517 -0.095703125
4518 -0.0830078125
4519 -0.0673828125
4520 -0.021484375
4521 -0.0810546875
4522 -0.0703125
4523 -0.0576171875
4524 -0.013671875
4525 -0.0595703125
4526 -0.0498046875
4527 -0.0419921875
4528 0.0009765625
4529 -0.064453125
4530 -0.052734375
4531 -0.04296875
4532 -0.0009765625
4533 -0.11328125
4534 -0.1181640625
4535 -0.0966796875
4536 -0.0400390625
4537 -0.0986328125
4538 -0.0849609375
4539 -0.0673828125
4540 -0.015625
4541 -0.0849609375
4542 -0.0703125
4543 -0.056640625
4544 -0.009765625
4545 -0.0546875
4546 -0.01171875
4547 0.0029296875
4548 0.046875
4549 -0.00390625
4550 -0.05859375
4551 -0.04296875
4552 0.00390625
4553 -0.064453125
4554 -0.0185546875
4555 -0.0029296875
4556 0.0439453125
4557 -0.00390625
4558 0.0302734375
4559 0.0400390625
4560 0.0751953125
4561 0.015625
4562 -0.0205078125
4563 -0.0166015625
4564 0.0224609375
4565 -0.060546875
4566 -0.0146484375
4567 -0.001953125
4568 0.0419921875
4569 -0.0537109375
4570 -0.0830078125
4571 -0.0673828125
4572 -0.017578125
4573 -0.15234375
4574 -0.1240234375
4575 -0.0986328125
4576 -0.041015625
4577 -0.1181640625
4578 -0.09375
4579 -0.0771484375
4580 -0.0224609375
4581 -0.0966796875
4582 -0.078125
4583 -0.0634765625
4584 -0.0107421875
4585 -0.115234375
4586 -0.09765625
4587 -0.078125
4588 -0.021484375
4589 -0.0888671875
4590 -0.0732421875
4591 -0.056640625
4592 -0.0068359375
4593 -0.0849609375
4594 -0.072265625
4595 -0.05859375
4596 -0.005859375
4597 -0.1142578125
4598 -0.09375
4599 -0.07421875
4600 -0.015625
4601 -0.0849609375
4602 -0.03125
4603 -0.013671875
4604 0.0400390625
4605 0.0439453125
4606 0.0732421875
4607 0.078125
4608 0.111328125
4609 0.125
4610 0.138671875
4611 0.1357421875
4612 0.1591796875
4613 0.1591796875
4614 0.166015625
4615 0.158203125
4616 0.1767578125
4617 0.16015625
4618 0.16796875
4619 0.154296875
4620 0.173828125
4621 0.166015625
4622 0.1708984375
4623 0.1591796875
4624 0.17578125
4625 0.1357421875
4626 0.09765625
4627 0.080078125
4628 0.1005859375
4629 0.048828125
4630 0.0693359375
4631 0.06640625
4632 0.09765625
4633 0.0419921875
4634 0.0009765625
4635 -0.0009765625
4636 0.033203125
4637 -0.03125
4638 -0.0322265625
4639 -0.029296875
4640 0.01171875
4641 -0.0458984375
4642 -0.041015625
4643 -0.0361328125
4644 0.005859375
4645 -0.0654296875
4646 -0.05859375
4647 -0.0498046875
4648 -0.0048828125
4649 -0.09375
4650 -0.0791015625
4651 -0.0654296875
4652 -0.01953125
4653 -0.078125
4654 -0.068359375
4655 -0.0576171875
4656 -0.0107421875
4657 -0.05859375
4658 -0.046875
4659 -0.0400390625
4660 0.001953125
4661 -0.0634765625
4662 -0.052734375
4663 -0.0439453125
4664 0.0
4665 -0.115234375
4666 -0.119140625
4667 -0.0986328125
4668 -0.0390625
4669 -0.0986328125
4670 -0.0849609375
4671 -0.0673828125
4672 -0.0146484375
4673 -0.08203125
4674 -0.06640625
4675 -0.0556640625
4676 -0.0087890625
4677 -0.052734375
4678 -0.0107421875
4679 0.0048828125
4680 0.0478515625
4681 -0.0029296875
4682 -0.0576171875
4683 -0.041015625
4684 0.00390625
4685 -0.0615234375
4686 -0.017578125
4687 -0.00390625
4688 0.0439453125
4689 0.0
4690 0.0322265625
4691 0.041015625
4692 0.0791015625
4693 0.017578125
4694 -0.0166015625
4695 -0.015625
4696 0.02734375
4697 -0.0556640625
4698 -0.01171875
4699 0.0
4700 0.044921875
4701 -0.048828125
4702 -0.080078125
4703 -0.064453125
4704 -0.0146484375
4705 -0.1484375
4706 -0.12109375
4707 -0.0947265625
4708 -0.0380859375
4709 -0.1171875
4710 -0.09375
4711 -0.0771484375
4712 -0.0224609375
4713 -0.0986328125
4714 -0.0771484375
4715 -0.0634765625
4716 -0.0107421875
4717 -0.1171875
4718 -0.09765625
4719 -0.078125
4720 -0.021484375
4721 -0.0888671875
4722 -0.0732421875
4723 -0.0576171875
4724 -0.005859375
4725 -0.0830078125
4726 -0.0732421875
4727 -0.056640625
4728 -0.0048828125
4729 -0.1162109375
4730 -0.0966796875
4731 -0.0732421875
4732 -0.017578125
4733 -0.0888671875
4734 -0.033203125
4735 -0.0146484375
4736 0.037109375
4737 0.04296875
4738 0.0732421875
4739 0.0791015625
4740 0.1123046875
4741 0.123046875
4742 0.1396484375
4743 0.1376953125
4744 0.1591796875
4745 0.158203125
4746 0.16796875
4747 0.1611328125
4748 0.1796875
4749 0.162109375
4750 0.1689453125
4751 0.1591796875
4752 0.1748046875
4753 0.1669921875
4754 0.171875
4755 0.162109375
4756 0.1767578125
4757 0.1376953125
4758 0.095703125
4759 0.08203125
4760 0.099609375
4761 0.0478515625
4762 0.0693359375
4763 0.06640625
4764 0.095703125
4765 0.041015625
4766 0.0029296875
4767 -0.0009765625
4768 0.0322265625
4769 -0.033203125
4770 -0.033203125
4771 -0.02734375
4772 0.0107421875
4773 -0.0439453125
4774 -0.04296875
4775 -0.033203125
4776 0.005859375
4777 -0.0654296875
4778 -0.05859375
4779 -0.0498046875
4780 -0.0048828125
4781 -0.09375
4782 -0.080078125
4783 -0.064453125
4784 -0.017578125
4785 -0.080078125
4786 -0.06640625
4787 -0.056640625
4788 -0.0107421875
4789 -0.0576171875
4790 -0.046875
4791 -0.0380859375
4792 0.001953125
4793 -0.0625
4794 -0.0517578125
4795 -0.041015625
4796 0.0
4797 -0.1103515625
4798 -0.1181640625
4799 -0.09375
4800 -0.0390625
4801 -0.09765625
4802 -0.0830078125
4803 -0.0654296875
4804 -0.015625
4805 -0.083984375
4806 -0.0673828125
4807 -0.056640625
4808 -0.0087890625
4809 -0.0546875
4810 -0.0087890625
4811 0.0029296875
4812 0.0478515625
4813 -0.001953125
4814 -0.0595703125
4815 -0.041015625
4816 0.00390625
4817 -0.0634765625
4818 -0.0185546875
4819 -0.001953125
4820 0.04296875
4821 -0.0029296875
4822 0.03125
4823 0.041015625
4824 0.0791015625
4825 0.017578125
4826 -0.01953125
4827 -0.0146484375
4828 0.025390625
4829 -0.0576171875
4830 -0.0126953125
4831 -0.0009765625
4832 0.0458984375
4833 -0.0517578125
4834 -0.080078125
4835 -0.0654296875
4836 -0.017578125
4837 -0.150390625
4838 -0.123046875
4839 -0.0947265625
4840 -0.0390625
4841 -0.1162109375
4842 -0.091796875
4843 -0.07421875
4844 -0.021484375
4845 -0.0966796875
4846 -0.078125
4847 -0.0615234375
4848 -0.0087890625
4849 -0.1162109375
4850 -0.09765625
4851 -0.0771484375
4852 -0.021484375
4853 -0.0908203125
4854 -0.072265625
4855 -0.056640625
4856 -0.0048828125
4857 -0.0869140625
4858 -0.072265625
4859 -0.056640625
4860 -0.005859375
4861 -0.115234375
4862 -0.0966796875
4863 -0.0712890625
4864 -0.0166015625
4865 -0.0859375
4866 -0.0302734375
4867 -0.01171875
4868 0.0380859375
4869 0.044921875
4870 0.0732421875
4871 0.0791015625
4872 0.111328125
4873 0.123046875
4874 0.140625
4875 0.1376953125
4876 0.1611328125
4877 0.1591796875
4878 0.1689453125
4879 0.162109375
4880 0.1796875
4881 0.1630859375
4882 0.1689453125
4883 0.158203125
4884 0.173828125
4885 0.1650390625
4886 0.171875
4887 0.162109375
4888 0.1767578125
4889 0.1396484375
4890 0.09765625
4891 0.083984375
4892 0.1005859375
4893 0.0498046875
4894 0.0712890625
4895 0.0693359375
4896 0.099609375
4897 0.0419921875
4898 0.005859375
4899 0.0
4900 0.033203125
4901 -0.0341796875
4902 -0.0322265625
4903 -0.029296875
4904 0.0107421875
4905 -0.0458984375
4906 -0.0419921875
4907 -0.03515625
4908 0.00390625
4909 -0.0654296875
4910 -0.0595703125
4911 -0.0498046875
4912 -0.0048828125
4913 -0.091796875
4914 -0.0791015625
4915 -0.0654296875
4916 -0.0166015625
4917 -0.0771484375
4918 -0.0673828125
4919 -0.056640625
4920 -0.009765625
4921 -0.0576171875
4922 -0.0458984375
4923 -0.0390625
4924 0.00390625
4925 -0.0625
4926 -0.05078125
4927 -0.041015625
4928 0.0009765625
4929 -0.111328125
4930 -0.119140625
4931 -0.0927734375
4932 -0.0380859375
4933 -0.0947265625
4934 -0.0830078125
4935 -0.064453125
4936 -0.0146484375
4937 -0.08203125
4938 -0.064453125
4939 -0.0546875
4940 -0.0068359375
4941 -0.0537109375
4942 -0.0087890625
4943 0.005859375
4944 0.048828125
4945 -0.001953125
4946 -0.056640625
4947 -0.041015625
4948 0.0068359375
4949 -0.0625
4950 -0.0166015625
4951 -0.001953125
4952 0.0439453125
4953 -0.00390625
4954 0.03125
4955 0.0390625
4956 0.078125
4957 0.015625
4958 -0.01953125
4959 -0.0166015625
4960 0.0244140625
4961 -0.0576171875
4962 -0.013671875
4963 -0.001953125
4964 0.044921875
4965 -0.0537109375
4966 -0.0810546875
4967 -0.06640625
4968 -0.015625
4969 -0.15234375
4970 -0.123046875
4971 -0.0966796875
4972 -0.037109375
4973 -0.1162109375
4974 -0.0947265625
4975 -0.0732421875
4976 -0.021484375
4977 -0.09765625
4978 -0.0791015625
4979 -0.060546875
4980 -0.0107421875
4981 -0.1162109375
4982 -0.09765625
4983 -0.076171875
4984 -0.0205078125
4985 -0.0888671875
4986 -0.072265625
4987 -0.0556640625
4988 -0.0029296875
4989 -0.0849609375
4990 -0.072265625
4991 -0.0556640625
4992 -0.00390625
4993 -0.119140625
4994 -0.0947265625
4995 -0.07421875
4996 -0.0185546875
4997 -0.087890625
4998 -0.0341796875
4999 -0.0146484375
