x y
0 0.02734375
1 -0.08984375
2 -0.068359375
3 -0.015625
4 -0.0234375
5 -0.416015625
6 -0.0771484375
7 -0.00390625
8 -0.033203125
9 -0.150390625
10 -0.0615234375
11 0.0048828125
12 -0.0224609375
13 -0.1318359375
14 -0.0068359375
15 0.064453125
16 0.0302734375
17 -0.0810546875
18 -0.0595703125
19 0.0126953125
20 -0.015625
21 -0.14453125
22 -0.017578125
23 0.0576171875
24 0.025390625
25 -0.1064453125
26 -0.0634765625
27 0.0048828125
28 -0.0205078125
29 -0.1337890625
30 -0.0478515625
31 0.01953125
32 -0.009765625
33 -0.1142578125
34 -0.03125
35 0.03515625
36 0.0009765625
37 -0.119140625
38 0.0029296875
39 0.072265625
40 0.0380859375
41 -0.052734375
42 0.0615234375
43 0.125
44 0.078125
45 0.013671875
46 0.1181640625
47 0.17578125
48 0.1162109375
49 0.021484375
50 0.0693359375
51 0.1181640625
52 0.0595703125
53 -0.068359375
54 0.041015625
55 0.10546875
56 0.0595703125
57 -0.078125
58 -0.0390625
59 0.025390625
60 -0.0087890625
61 -0.123046875
62 -0.0390625
63 0.02734375
64 -0.0078125
65 -0.1240234375
66 -0.0380859375
67 0.0263671875
68 -0.0107421875
69 -0.15234375
70 -0.0263671875
71 0.048828125
72 0.0166015625
73 -0.0380859375
74 0.072265625
75 0.134765625
76 0.0859375
77 -0.009765625
78 0.0380859375
79 0.0908203125
80 0.0400390625
81 -0.08984375
82 0.0244140625
83 0.087890625
84 0.048828125
85 -0.08984375
86 -0.05078125
87 0.015625
88 -0.013671875
89 -0.12890625
90 -0.044921875
91 0.0224609375
92 -0.0107421875
93 -0.1240234375
94 -0.04296875
95 0.0244140625
96 -0.009765625
97 -0.154296875
98 -0.0263671875
99 0.05078125
100 0.0166015625
101 -0.0390625
102 0.072265625
103 0.1376953125
104 0.083984375
105 -0.01171875
106 0.0390625
107 0.09375
108 0.0390625
109 -0.0927734375
110 0.025390625
111 0.091796875
112 0.0478515625
113 -0.091796875
114 -0.05078125
115 0.017578125
116 -0.017578125
117 -0.1318359375
118 -0.0458984375
119 0.0234375
120 -0.013671875
121 -0.1279296875
122 -0.0419921875
123 0.0234375
124 -0.0107421875
125 -0.1552734375
126 -0.02734375
127 0.046875
128 0.015625
129 -0.041015625
130 0.072265625
131 0.1337890625
132 0.0830078125
133 -0.01171875
134 0.0400390625
135 0.0908203125
136 0.0390625
137 -0.091796875
138 0.021484375
139 0.0869140625
140 0.0458984375
141 -0.091796875
142 -0.0517578125
143 0.0146484375
144 -0.0166015625
145 -0.130859375
146 -0.046875
147 0.0185546875
148 -0.01171875
149 -0.1279296875
150 -0.0419921875
151 0.0224609375
152 -0.009765625
153 -0.15234375
154 -0.025390625
155 0.0478515625
156 0.017578125
157 -0.0380859375
158 0.0732421875
159 0.1357421875
160 0.083984375
161 -0.0107421875
162 0.037109375
163 0.0908203125
164 0.0400390625
165 -0.0908203125
166 0.0234375
167 0.0888671875
168 0.044921875
169 -0.091796875
170 -0.0517578125
171 0.015625
172 -0.0166015625
173 -0.1328125
174 -0.0458984375
175 0.0224609375
176 -0.013671875
177 -0.1298828125
178 -0.04296875
179 0.025390625
180 -0.0107421875
181 -0.1552734375
182 -0.02734375
183 0.0498046875
184 0.0166015625
185 -0.0390625
186 0.0712890625
187 0.1337890625
188 0.0830078125
189 -0.0107421875
190 0.0380859375
191 0.0908203125
192 0.0380859375
193 -0.0927734375
194 0.0224609375
195 0.0888671875
196 0.046875
197 -0.0927734375
198 -0.052734375
199 0.0146484375
200 -0.0166015625
201 -0.1328125
202 -0.0458984375
203 0.01953125
204 -0.013671875
205 -0.1279296875
206 -0.04296875
207 0.0205078125
208 -0.01171875
209 -0.154296875
210 -0.0283203125
211 0.0458984375
212 0.015625
213 -0.0390625
214 0.0703125
215 0.1318359375
216 0.08203125
217 -0.0107421875
218 0.037109375
219 0.0888671875
220 0.0380859375
221 -0.0927734375
222 0.0234375
223 0.0888671875
224 0.046875
225 -0.0927734375
226 -0.052734375
227 0.0126953125
228 -0.017578125
229 -0.1318359375
230 -0.048828125
231 0.0205078125
232 -0.0126953125
233 -0.12890625
234 -0.0439453125
235 0.021484375
236 -0.01171875
237 -0.1552734375
238 -0.029296875
239 0.0439453125
240 0.015625
241 -0.0400390625
242 0.0703125
243 0.1298828125
244 0.083984375
245 -0.0107421875
246 0.037109375
247 0.087890625
248 0.0380859375
249 -0.0908203125
250 0.021484375
251 0.083984375
252 0.0458984375
253 -0.0908203125
254 -0.0546875
255 0.0126953125
256 -0.0166015625
257 -0.12890625
258 -0.048828125
259 0.017578125
260 -0.0126953125
261 -0.1259765625
262 -0.0439453125
263 0.01953125
264 -0.01171875
265 -0.15234375
266 -0.02734375
267 0.0439453125
268 0.017578125
269 -0.037109375
270 0.0712890625
271 0.1318359375
272 0.083984375
273 -0.009765625
274 0.037109375
275 0.0869140625
276 0.0390625
277 -0.087890625
278 0.0234375
279 0.0849609375
280 0.046875
281 -0.087890625
282 -0.0517578125
283 0.0126953125
284 -0.0146484375
285 -0.1298828125
286 -0.0458984375
287 0.017578125
288 -0.01171875
289 -0.125
290 -0.0419921875
291 0.01953125
292 -0.0107421875
293 -0.1513671875
294 -0.0283203125
295 0.044921875
296 0.0166015625
297 -0.037109375
298 0.0693359375
299 0.130859375
300 0.0830078125
301 -0.009765625
302 0.0361328125
303 0.0869140625
304 0.0400390625
305 -0.08984375
306 0.021484375
307 0.0849609375
308 0.044921875
309 -0.091796875
310 -0.0537109375
311 0.0126953125
312 -0.015625
313 -0.130859375
314 -0.0478515625
315 0.017578125
316 -0.01171875
317 -0.125
318 -0.0439453125
319 0.0205078125
320 -0.0107421875
321 -0.1533203125
322 -0.0283203125
323 0.04296875
324 0.0166015625
325 -0.0380859375
326 0.0703125
327 0.1328125
328 0.0830078125
329 -0.0107421875
330 0.0361328125
331 0.0869140625
332 0.0390625
333 -0.091796875
334 0.0234375
335 0.087890625
336 0.0458984375
337 -0.091796875
338 -0.05078125
339 0.0146484375
340 -0.0166015625
341 -0.130859375
342 -0.0478515625
343 0.0224609375
344 -0.013671875
345 -0.126953125
346 -0.044921875
347 0.0224609375
348 -0.0126953125
349 -0.1533203125
350 -0.029296875
351 0.04296875
352 0.015625
353 -0.041015625
354 0.0693359375
355 0.130859375
356 0.083984375
357 -0.0126953125
358 0.037109375
359 0.087890625
360 0.0380859375
361 -0.0947265625
362 0.0185546875
363 0.0849609375
364 0.044921875
365 -0.0947265625
366 -0.0537109375
367 0.0146484375
368 -0.0185546875
369 -0.1318359375
370 -0.0478515625
371 0.021484375
372 -0.0146484375
373 -0.12890625
374 -0.04296875
375 0.0224609375
376 -0.01171875
377 -0.1533203125
378 -0.02734375
379 0.046875
380 0.0166015625
381 -0.0390625
382 0.0712890625
383 0.1318359375
384 0.083984375
385 -0.01171875
386 0.0361328125
387 0.08984375
388 0.037109375
389 -0.091796875
390 0.021484375
391 0.0869140625
392 0.046875
393 -0.091796875
394 -0.0517578125
395 0.013671875
396 -0.017578125
397 -0.1328125
398 -0.0458984375
399 0.021484375
400 -0.0146484375
401 -0.1298828125
402 -0.0439453125
403 0.0224609375
404 -0.0126953125
405 -0.1572265625
406 -0.0283203125
407 0.046875
408 0.013671875
409 -0.04296875
410 0.0693359375
411 0.134765625
412 0.08203125
413 -0.013671875
414 0.0361328125
415 0.08984375
416 0.0380859375
417 -0.09375
418 0.021484375
419 0.0869140625
420 0.044921875
421 -0.0927734375
422 -0.0537109375
423 0.0166015625
424 -0.017578125
425 -0.134765625
426 -0.0458984375
427 0.0205078125
428 -0.0146484375
429 -0.130859375
430 -0.0419921875
431 0.0244140625
432 -0.013671875
433 -0.158203125
434 -0.029296875
435 0.0478515625
436 0.0146484375
437 -0.04296875
438 0.0712890625
439 0.13671875
440 0.0810546875
441 -0.0126953125
442 0.0361328125
443 0.091796875
444 0.037109375
445 -0.095703125
446 0.0224609375
447 0.08984375
448 0.044921875
449 -0.0947265625
450 -0.052734375
451 0.015625
452 -0.017578125
453 -0.1376953125
454 -0.048828125
455 0.0244140625
456 -0.015625
457 -0.130859375
458 -0.0458984375
459 0.0244140625
460 -0.0146484375
461 -0.1572265625
462 -0.03125
463 0.046875
464 0.013671875
465 -0.044921875
466 0.0712890625
467 0.1318359375
468 0.08203125
469 -0.0126953125
470 0.037109375
471 0.091796875
472 0.0380859375
473 -0.0947265625
474 0.0224609375
475 0.0888671875
476 0.044921875
477 -0.0947265625
478 -0.052734375
479 0.0166015625
480 -0.0166015625
481 -0.1337890625
482 -0.048828125
483 0.021484375
484 -0.013671875
485 -0.1279296875
486 -0.04296875
487 0.025390625
488 -0.0107421875
489 -0.1552734375
490 -0.0263671875
491 0.0478515625
492 0.017578125
493 -0.041015625
494 0.0712890625
495 0.1328125
496 0.083984375
497 -0.0107421875
498 0.037109375
499 0.08984375
500 0.0380859375
501 -0.0908203125
502 0.021484375
503 0.0859375
504 0.0478515625
505 -0.08984375
506 -0.0498046875
507 0.0146484375
508 -0.0166015625
509 -0.1298828125
510 -0.0458984375
511 0.01953125
512 -0.0126953125
513 -0.126953125
514 -0.04296875
515 0.01953125
516 -0.0107421875
517 -0.1533203125
518 -0.0283203125
519 0.0458984375
520 0.017578125
521 -0.0400390625
522 0.0712890625
523 0.1318359375
524 0.08203125
525 -0.0107421875
526 0.037109375
527 0.087890625
528 0.0361328125
529 -0.08984375
530 0.0224609375
531 0.0869140625
532 0.046875
533 -0.0888671875
534 -0.052734375
535 0.013671875
536 -0.0166015625
537 -0.1298828125
538 -0.046875
539 0.0185546875
540 -0.01171875
541 -0.126953125
542 -0.04296875
543 0.0205078125
544 -0.009765625
545 -0.1533203125
546 -0.02734375
547 0.0439453125
548 0.015625
549 -0.0390625
550 0.0693359375
551 0.1318359375
552 0.0830078125
553 -0.0126953125
554 0.0361328125
555 0.087890625
556 0.0380859375
557 -0.0908203125
558 0.0234375
559 0.0859375
560 0.0458984375
561 -0.0908203125
562 -0.05078125
563 0.013671875
564 -0.0166015625
565 -0.130859375
566 -0.044921875
567 0.021484375
568 -0.013671875
569 -0.126953125
570 -0.04296875
571 0.0205078125
572 -0.01171875
573 -0.1552734375
574 -0.029296875
575 0.044921875
576 0.013671875
577 -0.041015625
578 0.0703125
579 0.1318359375
580 0.08203125
581 -0.0107421875
582 0.0361328125
583 0.0888671875
584 0.0380859375
585 -0.09375
586 0.021484375
587 0.0859375
588 0.0458984375
589 -0.09375
590 -0.0517578125
591 0.0146484375
592 -0.017578125
593 -0.1337890625
594 -0.0478515625
595 0.0205078125
596 -0.0146484375
597 -0.1279296875
598 -0.0439453125
599 0.0234375
600 -0.013671875
601 -0.154296875
602 -0.0263671875
603 0.048828125
604 0.0146484375
605 -0.0419921875
606 0.0712890625
607 0.134765625
608 0.08203125
609 -0.013671875
610 0.0380859375
611 0.0927734375
612 0.0380859375
613 -0.095703125
614 0.025390625
615 0.0927734375
616 0.044921875
617 -0.0908203125
618 -0.05078125
619 0.0185546875
620 -0.017578125
621 -0.1328125
622 -0.046875
623 0.0234375
624 -0.0146484375
625 -0.12890625
626 -0.04296875
627 0.0244140625
628 -0.013671875
629 -0.1572265625
630 -0.02734375
631 0.048828125
632 0.0166015625
633 -0.0439453125
634 0.0703125
635 0.1376953125
636 0.0849609375
637 -0.0126953125
638 0.037109375
639 0.0947265625
640 0.0390625
641 -0.095703125
642 0.021484375
643 0.08984375
644 0.044921875
645 -0.095703125
646 -0.0537109375
647 0.017578125
648 -0.0185546875
649 -0.1357421875
650 -0.048828125
651 0.0224609375
652 -0.0146484375
653 -0.130859375
654 -0.04296875
655 0.0244140625
656 -0.01171875
657 -0.158203125
658 -0.025390625
659 0.0498046875
660 0.0146484375
661 -0.04296875
662 0.0712890625
663 0.1376953125
664 0.08203125
665 -0.01171875
666 0.0380859375
667 0.091796875
668 0.0380859375
669 -0.0947265625
670 0.0224609375
671 0.0908203125
672 0.044921875
673 -0.09375
674 -0.0517578125
675 0.0166015625
676 -0.0185546875
677 -0.1337890625
678 -0.0478515625
679 0.0234375
680 -0.0126953125
681 -0.1298828125
682 -0.04296875
683 0.0224609375
684 -0.0126953125
685 -0.158203125
686 -0.0283203125
687 0.0458984375
688 0.0146484375
689 -0.04296875
690 0.0693359375
691 0.134765625
692 0.0830078125
693 -0.0126953125
694 0.0361328125
695 0.0908203125
696 0.037109375
697 -0.0966796875
698 0.021484375
699 0.087890625
700 0.044921875
701 -0.09375
702 -0.05078125
703 0.0166015625
704 -0.0166015625
705 -0.134765625
706 -0.044921875
707 0.0224609375
708 -0.013671875
709 -0.1279296875
710 -0.04296875
711 0.0263671875
712 -0.013671875
713 -0.1552734375
714 -0.0283203125
715 0.0478515625
716 0.0146484375
717 -0.041015625
718 0.0703125
719 0.134765625
720 0.08203125
721 -0.01171875
722 0.037109375
723 0.091796875
724 0.041015625
725 -0.0908203125
726 0.0234375
727 0.08984375
728 0.0478515625
729 -0.08984375
730 -0.048828125
731 0.0185546875
732 -0.015625
733 -0.130859375
734 -0.046875
735 0.0244140625
736 -0.0126953125
737 -0.126953125
738 -0.04296875
739 0.02734375
740 -0.01171875
741 -0.1591796875
742 -0.029296875
743 0.048828125
744 0.0146484375
745 -0.0419921875
746 0.0703125
747 0.1337890625
748 0.08203125
749 -0.0107421875
750 0.0380859375
751 0.087890625
752 0.0380859375
753 -0.08984375
754 0.021484375
755 0.0830078125
756 0.046875
757 -0.087890625
758 -0.05078125
759 0.013671875
760 -0.0146484375
761 -0.1279296875
762 -0.046875
763 0.0166015625
764 -0.01171875
765 -0.123046875
766 -0.04296875
767 0.0185546875
768 -0.009765625
769 -0.150390625
770 -0.02734375
771 0.041015625
772 0.015625
773 -0.037109375
774 0.0703125
775 0.1298828125
776 0.083984375
777 -0.0068359375
778 0.0361328125
779 0.0830078125
780 0.0390625
781 -0.0869140625
782 0.0224609375
783 0.0830078125
784 0.046875
785 -0.0888671875
786 -0.0517578125
787 0.01171875
788 -0.015625
789 -0.12890625
790 -0.0478515625
791 0.015625
792 -0.013671875
793 -0.125
794 -0.0439453125
795 0.0166015625
796 -0.0107421875
797 -0.1513671875
798 -0.029296875
799 0.041015625
800 0.0166015625
801 -0.0361328125
802 0.0693359375
803 0.1279296875
804 0.0830078125
805 -0.0087890625
806 0.0361328125
807 0.08984375
808 0.0380859375
809 -0.09375
810 0.021484375
811 0.0859375
812 0.0439453125
813 -0.0908203125
814 -0.052734375
815 0.013671875
816 -0.0166015625
817 -0.12890625
818 -0.0458984375
819 0.017578125
820 -0.013671875
821 -0.1259765625
822 -0.0439453125
823 0.0224609375
824 -0.01171875
825 -0.150390625
826 -0.02734375
827 0.046875
828 0.015625
829 -0.0390625
830 0.0712890625
831 0.1318359375
832 0.083984375
833 -0.01171875
834 0.037109375
835 0.087890625
836 0.037109375
837 -0.0927734375
838 0.021484375
839 0.0849609375
840 0.0458984375
841 -0.091796875
842 -0.05078125
843 0.013671875
844 -0.017578125
845 -0.130859375
846 -0.0478515625
847 0.021484375
848 -0.013671875
849 -0.126953125
850 -0.0439453125
851 0.0224609375
852 -0.0126953125
853 -0.1533203125
854 -0.02734375
855 0.044921875
856 0.0166015625
857 -0.0400390625
858 0.0712890625
859 0.1318359375
860 0.083984375
861 -0.0107421875
862 0.0361328125
863 0.0869140625
864 0.0390625
865 -0.0888671875
866 0.0205078125
867 0.0830078125
868 0.0458984375
869 -0.08984375
870 -0.0537109375
871 0.01171875
872 -0.0166015625
873 -0.12890625
874 -0.0458984375
875 0.0185546875
876 -0.0126953125
877 -0.1259765625
878 -0.0439453125
879 0.01953125
880 -0.0107421875
881 -0.154296875
882 -0.0283203125
883 0.0419921875
884 0.015625
885 -0.0400390625
886 0.0712890625
887 0.130859375
888 0.0830078125
889 -0.0126953125
890 0.0361328125
891 0.0888671875
892 0.0380859375
893 -0.091796875
894 0.0205078125
895 0.0859375
896 0.044921875
897 -0.091796875
898 -0.0517578125
899 0.0146484375
900 -0.0185546875
901 -0.1318359375
902 -0.0478515625
903 0.01953125
904 -0.0126953125
905 -0.12890625
906 -0.0439453125
907 0.021484375
908 -0.01171875
909 -0.158203125
910 -0.0302734375
911 0.0458984375
912 0.013671875
913 -0.0439453125
914 0.0693359375
915 0.1357421875
916 0.0810546875
917 -0.0126953125
918 0.0361328125
919 0.09375
920 0.037109375
921 -0.0966796875
922 0.021484375
923 0.08984375
924 0.04296875
925 -0.095703125
926 -0.0537109375
927 0.0185546875
928 -0.01953125
929 -0.13671875
930 -0.0458984375
931 0.0224609375
932 -0.015625
933 -0.1318359375
934 -0.04296875
935 0.025390625
936 -0.013671875
937 -0.16015625
938 -0.02734375
939 0.0517578125
940 0.013671875
941 -0.044921875
942 0.072265625
943 0.138671875
944 0.08203125
945 -0.0126953125
946 0.037109375
947 0.0947265625
948 0.0380859375
949 -0.095703125
950 0.025390625
951 0.09375
952 0.044921875
953 -0.0947265625
954 -0.0498046875
955 0.0205078125
956 -0.0166015625
957 -0.1357421875
958 -0.0458984375
959 0.0263671875
960 -0.0146484375
961 -0.1318359375
962 -0.0439453125
963 0.0263671875
964 -0.013671875
965 -0.16015625
966 -0.0263671875
967 0.0517578125
968 0.013671875
969 -0.0439453125
970 0.0703125
971 0.1357421875
972 0.0810546875
973 -0.013671875
974 0.0380859375
975 0.0927734375
976 0.0380859375
977 -0.09765625
978 0.0224609375
979 0.0908203125
980 0.0458984375
981 -0.095703125
982 -0.0517578125
983 0.0166015625
984 -0.01953125
985 -0.1357421875
986 -0.048828125
987 0.0224609375
988 -0.015625
989 -0.1318359375
990 -0.04296875
991 0.02734375
992 -0.0126953125
993 -0.162109375
994 -0.0283203125
995 0.0498046875
996 0.0146484375
997 -0.0458984375
998 0.072265625
999 0.138671875
1000 0.0830078125
1001 -0.013671875
1002 0.0390625
1003 0.095703125
1004 0.037109375
1005 -0.095703125
1006 0.0234375
1007 0.09375
1008 0.0439453125
1009 -0.09375
1010 -0.0517578125
1011 0.01953125
1012 -0.017578125
1013 -0.134765625
1014 -0.0458984375
1015 0.025390625
1016 -0.013671875
1017 -0.1318359375
1018 -0.041015625
1019 0.0244140625
1020 -0.0126953125
1021 -0.1611328125
1022 -0.0263671875
1023 0.0498046875
1024 0.0126953125
1025 -0.0458984375
1026 0.0732421875
1027 0.1376953125
1028 0.0810546875
1029 -0.0146484375
1030 0.0361328125
1031 0.09375
1032 0.0361328125
1033 -0.095703125
1034 0.021484375
1035 0.087890625
1036 0.0458984375
1037 -0.0947265625
1038 -0.052734375
1039 0.015625
1040 -0.0185546875
1041 -0.134765625
1042 -0.0478515625
1043 0.021484375
1044 -0.013671875
1045 -0.1318359375
1046 -0.0419921875
1047 0.025390625
1048 -0.0107421875
1049 -0.15625
1050 -0.0263671875
1051 0.048828125
1052 0.015625
1053 -0.041015625
1054 0.072265625
1055 0.13671875
1056 0.0830078125
1057 -0.0107421875
1058 0.0380859375
1059 0.0947265625
1060 0.0390625
1061 -0.0947265625
1062 0.0244140625
1063 0.0927734375
1064 0.0458984375
1065 -0.0947265625
1066 -0.05078125
1067 0.0166015625
1068 -0.0185546875
1069 -0.1337890625
1070 -0.0439453125
1071 0.0244140625
1072 -0.0146484375
1073 -0.130859375
1074 -0.04296875
1075 0.0244140625
1076 -0.013671875
1077 -0.158203125
1078 -0.0283203125
1079 0.046875
1080 0.0146484375
1081 -0.041015625
1082 0.0712890625
1083 0.1357421875
1084 0.083984375
1085 -0.0126953125
1086 0.0380859375
1087 0.0927734375
1088 0.037109375
1089 -0.0966796875
1090 0.021484375
1091 0.0888671875
1092 0.0458984375
1093 -0.0947265625
1094 -0.052734375
1095 0.0166015625
1096 -0.0185546875
1097 -0.1337890625
1098 -0.0478515625
1099 0.0205078125
1100 -0.013671875
1101 -0.12890625
1102 -0.0439453125
1103 0.0234375
1104 -0.0126953125
1105 -0.1552734375
1106 -0.02734375
1107 0.044921875
1108 0.0166015625
1109 -0.041015625
1110 0.072265625
1111 0.134765625
1112 0.08203125
1113 -0.0126953125
1114 0.0380859375
1115 0.08984375
1116 0.0400390625
1117 -0.0927734375
1118 0.0224609375
1119 0.0869140625
1120 0.046875
1121 -0.09375
1122 -0.0537109375
1123 0.0146484375
1124 -0.01953125
1125 -0.134765625
1126 -0.0478515625
1127 0.0224609375
1128 -0.0146484375
1129 -0.130859375
1130 -0.0439453125
1131 0.0224609375
1132 -0.013671875
1133 -0.16015625
1134 -0.029296875
1135 0.046875
1136 0.0146484375
1137 -0.0419921875
1138 0.0703125
1139 0.134765625
1140 0.0849609375
1141 -0.01171875
1142 0.037109375
1143 0.0927734375
1144 0.0380859375
1145 -0.0947265625
1146 0.0224609375
1147 0.087890625
1148 0.044921875
1149 -0.09375
1150 -0.052734375
1151 0.0166015625
1152 -0.017578125
1153 -0.1337890625
1154 -0.0458984375
1155 0.021484375
1156 -0.0126953125
1157 -0.12890625
1158 -0.0419921875
1159 0.0244140625
1160 -0.0107421875
1161 -0.1552734375
1162 -0.02734375
1163 0.048828125
1164 0.015625
1165 -0.0400390625
1166 0.072265625
1167 0.134765625
1168 0.0830078125
1169 -0.01171875
1170 0.037109375
1171 0.091796875
1172 0.0380859375
1173 -0.0908203125
1174 0.0244140625
1175 0.0888671875
1176 0.0458984375
1177 -0.091796875
1178 -0.0517578125
1179 0.015625
1180 -0.015625
1181 -0.1318359375
1182 -0.0458984375
1183 0.0224609375
1184 -0.0107421875
1185 -0.126953125
1186 -0.0419921875
1187 0.021484375
1188 -0.01171875
1189 -0.1533203125
1190 -0.029296875
1191 0.0439453125
1192 0.015625
1193 -0.0390625
1194 0.0712890625
1195 0.1328125
1196 0.0830078125
1197 -0.01171875
1198 0.037109375
1199 0.08984375
1200 0.0380859375
1201 -0.091796875
1202 0.0234375
1203 0.0849609375
1204 0.0458984375
1205 -0.0908203125
1206 -0.05078125
1207 0.0146484375
1208 -0.0146484375
1209 -0.1298828125
1210 -0.0458984375
1211 0.0205078125
1212 -0.0126953125
1213 -0.1259765625
1214 -0.04296875
1215 0.0224609375
1216 -0.01171875
1217 -0.1552734375
1218 -0.02734375
1219 0.0458984375
1220 0.015625
1221 -0.041015625
1222 0.0703125
1223 0.1318359375
1224 0.0830078125
1225 -0.01171875
1226 0.0361328125
1227 0.087890625
1228 0.0380859375
1229 -0.09375
1230 0.0234375
1231 0.0869140625
1232 0.046875
1233 -0.0908203125
1234 -0.0517578125
1235 0.0166015625
1236 -0.0185546875
1237 -0.1328125
1238 -0.0478515625
1239 0.0234375
1240 -0.013671875
1241 -0.1279296875
1242 -0.04296875
1243 0.025390625
1244 -0.01171875
1245 -0.1572265625
1246 -0.0283203125
1247 0.046875
1248 0.0166015625
1249 -0.041015625
1250 0.0712890625
1251 0.1337890625
1252 0.0830078125
1253 -0.0107421875
1254 0.037109375
1255 0.0908203125
1256 0.0380859375
1257 -0.0947265625
1258 0.021484375
1259 0.0859375
1260 0.044921875
1261 -0.0927734375
1262 -0.0537109375
1263 0.013671875
1264 -0.017578125
1265 -0.1337890625
1266 -0.0478515625
1267 0.0185546875
1268 -0.013671875
1269 -0.12890625
1270 -0.0439453125
1271 0.0205078125
1272 -0.0126953125
1273 -0.15234375
1274 -0.02734375
1275 0.044921875
1276 0.017578125
1277 -0.0390625
1278 0.0703125
1279 0.1337890625
1280 0.083984375
1281 -0.009765625
1282 0.037109375
1283 0.0888671875
1284 0.0380859375
1285 -0.0927734375
1286 0.0224609375
1287 0.08984375
1288 0.046875
1289 -0.0908203125
1290 -0.0537109375
1291 0.0126953125
1292 -0.0146484375
1293 -0.130859375
1294 -0.0458984375
1295 0.01953125
1296 -0.01171875
1297 -0.126953125
1298 -0.0419921875
1299 0.01953125
1300 -0.0107421875
1301 -0.15234375
1302 -0.029296875
1303 0.044921875
1304 0.0166015625
1305 -0.0390625
1306 0.0703125
1307 0.1328125
1308 0.083984375
1309 -0.009765625
1310 0.0380859375
1311 0.08984375
1312 0.0390625
1313 -0.0927734375
1314 0.0205078125
1315 0.083984375
1316 0.0458984375
1317 -0.0927734375
1318 -0.0537109375
1319 0.0107421875
1320 -0.017578125
1321 -0.1328125
1322 -0.0478515625
1323 0.017578125
1324 -0.013671875
1325 -0.1279296875
1326 -0.0439453125
1327 0.021484375
1328 -0.01171875
1329 -0.154296875
1330 -0.029296875
1331 0.0458984375
1332 0.0146484375
1333 -0.0400390625
1334 0.0703125
1335 0.1337890625
1336 0.0830078125
1337 -0.009765625
1338 0.037109375
1339 0.08984375
1340 0.0380859375
1341 -0.0947265625
1342 0.0234375
1343 0.0859375
1344 0.044921875
1345 -0.09375
1346 -0.0517578125
1347 0.013671875
1348 -0.0185546875
1349 -0.1318359375
1350 -0.046875
1351 0.0205078125
1352 -0.013671875
1353 -0.126953125
1354 -0.0439453125
1355 0.021484375
1356 -0.0126953125
1357 -0.1572265625
1358 -0.0302734375
1359 0.044921875
1360 0.0166015625
1361 -0.041015625
1362 0.0703125
1363 0.1337890625
1364 0.0830078125
1365 -0.0126953125
1366 0.0361328125
1367 0.091796875
1368 0.0380859375
1369 -0.0947265625
1370 0.0205078125
1371 0.0869140625
1372 0.04296875
1373 -0.09375
1374 -0.052734375
1375 0.0146484375
1376 -0.01953125
1377 -0.1318359375
1378 -0.046875
1379 0.0224609375
1380 -0.0126953125
1381 -0.1279296875
1382 -0.0419921875
1383 0.0234375
1384 -0.009765625
1385 -0.15625
1386 -0.025390625
1387 0.048828125
1388 0.015625
1389 -0.041015625
1390 0.0732421875
1391 0.13671875
1392 0.0830078125
1393 -0.0107421875
1394 0.0380859375
1395 0.0927734375
1396 0.0380859375
1397 -0.091796875
1398 0.0244140625
1399 0.0908203125
1400 0.0458984375
1401 -0.0908203125
1402 -0.0498046875
1403 0.0185546875
1404 -0.0166015625
1405 -0.1318359375
1406 -0.044921875
1407 0.0224609375
1408 -0.0126953125
1409 -0.12890625
1410 -0.0419921875
1411 0.0234375
1412 -0.009765625
1413 -0.1572265625
1414 -0.02734375
1415 0.0458984375
1416 0.0146484375
1417 -0.0400390625
1418 0.0693359375
1419 0.1337890625
1420 0.0830078125
1421 -0.0107421875
1422 0.0361328125
1423 0.091796875
1424 0.0400390625
1425 -0.091796875
1426 0.0224609375
1427 0.0859375
1428 0.0478515625
1429 -0.091796875
1430 -0.0517578125
1431 0.0166015625
1432 -0.0166015625
1433 -0.1318359375
1434 -0.046875
1435 0.0205078125
1436 -0.0126953125
1437 -0.1279296875
1438 -0.0390625
1439 0.0263671875
1440 -0.009765625
1441 -0.130859375
1442 -0.0068359375
1443 0.064453125
1444 0.029296875
1445 -0.0810546875
1446 -0.03125
1447 0.0341796875
1448 -0.005859375
1449 -0.1220703125
1450 -0.041015625
1451 0.0263671875
1452 -0.0078125
1453 -0.1298828125
1454 -0.0439453125
1455 0.0234375
1456 -0.0126953125
1457 -0.1806640625
1458 -0.0849609375
1459 -0.01171875
1460 -0.0380859375
1461 -0.19921875
1462 -0.0654296875
1463 0.021484375
1464 -0.0048828125
1465 -0.0791015625
1466 0.0400390625
1467 0.1103515625
1468 0.0625
1469 0.0
1470 0.1064453125
1471 0.16796875
1472 0.1083984375
1473 0.0087890625
1474 0.0556640625
1475 0.107421875
1476 0.05078125
1477 -0.0693359375
1478 0.044921875
1479 0.1083984375
1480 0.0615234375
1481 -0.0205078125
1482 0.0869140625
1483 0.14453125
1484 0.0908203125
1485 -0.0107421875
1486 0.0302734375
1487 0.0869140625
1488 0.0361328125
1489 -0.07421875
1490 0.0380859375
1491 0.1015625
1492 0.0546875
1493 -0.0126953125
1494 0.09375
1495 0.1513671875
1496 0.0947265625
1497 -0.0087890625
1498 0.0322265625
1499 0.087890625
1500 0.0341796875
1501 -0.064453125
1502 0.0166015625
1503 0.0712890625
1504 0.0224609375
1505 -0.1416015625
1506 -0.01953125
1507 0.052734375
1508 0.0166015625
1509 -0.1025390625
1510 0.0146484375
1511 0.0810546875
1512 0.0380859375
1513 -0.1064453125
1514 -0.060546875
1515 0.009765625
1516 -0.02734375
1517 -0.14453125
1518 -0.017578125
1519 0.056640625
1520 0.017578125
1521 -0.0537109375
1522 0.060546875
1523 0.123046875
1524 0.0703125
1525 -0.0537109375
1526 -0.015625
1527 0.0458984375
1528 0.0048828125
1529 -0.10546875
1530 0.013671875
1531 0.0791015625
1532 0.0380859375
1533 -0.064453125
1534 -0.015625
1535 0.046875
1536 0.0
1537 -0.09375
1538 0.025390625
1539 0.0966796875
1540 0.0458984375
1541 -0.009765625
1542 0.1015625
1543 0.1650390625
1544 0.1005859375
1545 -0.029296875
1546 0.0751953125
1547 0.1357421875
1548 0.0791015625
1549 -0.08984375
1550 -0.0478515625
1551 0.01953125
1552 -0.021484375
1553 -0.13671875
1554 -0.0458984375
1555 0.021484375
1556 -0.0205078125
1557 -0.1923828125
1558 -0.1142578125
1559 -0.0322265625
1560 -0.0625
1561 -0.1826171875
1562 -0.0478515625
1563 0.033203125
1564 -0.001953125
1565 -0.0986328125
1566 -0.0478515625
1567 0.0224609375
1568 -0.017578125
1569 -0.123046875
1570 0.001953125
1571 0.0732421875
1572 0.03125
1573 -0.0380859375
1574 0.076171875
1575 0.13671875
1576 0.0810546875
1577 -0.0126953125
1578 0.0302734375
1579 0.0859375
1580 0.03125
1581 -0.0654296875
1582 0.0146484375
1583 0.0712890625
1584 0.01953125
1585 -0.1416015625
1586 -0.01953125
1587 0.052734375
1588 0.0146484375
1589 -0.103515625
1590 0.0126953125
1591 0.0810546875
1592 0.037109375
1593 -0.107421875
1594 -0.060546875
1595 0.0087890625
1596 -0.0263671875
1597 -0.1455078125
1598 -0.0185546875
1599 0.0556640625
1600 0.0166015625
1601 -0.0712890625
1602 0.04296875
1603 0.1103515625
1604 0.060546875
1605 -0.0634765625
1606 -0.0234375
1607 0.041015625
1608 -0.0029296875
1609 -0.1123046875
1610 0.0068359375
1611 0.076171875
1612 0.0322265625
1613 -0.0673828125
1614 -0.0166015625
1615 0.0419921875
1616 0.001953125
1617 -0.1240234375
1618 -0.001953125
1619 0.0654296875
1620 0.0283203125
1621 -0.1015625
1622 -0.0537109375
1623 0.01171875
1624 -0.0244140625
1625 -0.1337890625
1626 -0.046875
1627 0.021484375
1628 -0.0166015625
1629 -0.1884765625
1630 -0.111328125
1631 -0.0322265625
1632 -0.056640625
1633 -0.17578125
1634 -0.04296875
1635 0.033203125
1636 0.0029296875
1637 -0.0947265625
1638 -0.0439453125
1639 0.0244140625
1640 -0.009765625
1641 -0.1142578125
1642 0.0068359375
1643 0.07421875
1644 0.037109375
1645 -0.029296875
1646 0.0771484375
1647 0.1376953125
1648 0.0859375
1649 -0.0078125
1650 0.03125
1651 0.0859375
1652 0.037109375
1653 -0.0576171875
1654 0.021484375
1655 0.076171875
1656 0.0263671875
1657 -0.05859375
1658 0.05078125
1659 0.1142578125
1660 0.0654296875
1661 0.0107421875
1662 0.1123046875
1663 0.1708984375
1664 0.1103515625
1665 0.001953125
1666 0.103515625
1667 0.1572265625
1668 0.09765625
1669 -0.021484375
1670 0.078125
1671 0.1376953125
1672 0.0810546875
1673 -0.0625
1674 -0.0224609375
1675 0.0400390625
1676 -0.005859375
1677 -0.1259765625
1678 -0.005859375
1679 0.064453125
1680 0.0234375
1681 -0.0517578125
1682 0.05859375
1683 0.1220703125
1684 0.068359375
1685 -0.05859375
1686 -0.0185546875
1687 0.04296875
1688 -0.0009765625
1689 -0.1123046875
1690 0.005859375
1691 0.0732421875
1692 0.0302734375
1693 -0.072265625
1694 -0.0244140625
1695 0.0361328125
1696 -0.0087890625
1697 -0.1005859375
1698 0.0166015625
1699 0.0830078125
1700 0.0380859375
1701 -0.01171875
1702 0.09375
1703 0.154296875
1704 0.09375
1705 0.0380859375
1706 0.134765625
1707 0.1904296875
1708 0.123046875
1709 0.060546875
1710 0.1533203125
1711 0.2060546875
1712 0.13671875
1713 0.015625
1714 0.1103515625
1715 0.1591796875
1716 0.0986328125
1717 -0.0654296875
1718 -0.03125
1719 0.0263671875
1720 -0.017578125
1721 -0.12890625
1722 -0.0478515625
1723 0.013671875
1724 -0.0263671875
1725 -0.1982421875
1726 -0.1220703125
1727 -0.0498046875
1728 -0.0703125
1729 -0.1923828125
1730 -0.0615234375
1731 0.0126953125
1732 -0.013671875
1733 -0.1123046875
1734 -0.0634765625
1735 0.0029296875
1736 -0.03125
1737 -0.146484375
1738 -0.0224609375
1739 0.048828125
1740 0.0107421875
1741 -0.0654296875
1742 0.0439453125
1743 0.1064453125
1744 0.0556640625
1745 -0.044921875
1746 -0.0029296875
1747 0.0576171875
1748 0.0068359375
1749 -0.0888671875
1750 -0.0068359375
1751 0.0517578125
1752 0.0009765625
1753 -0.0908203125
1754 0.0224609375
1755 0.087890625
1756 0.0400390625
1757 -0.01953125
1758 0.0869140625
1759 0.146484375
1760 0.0849609375
1761 0.021484375
1762 0.1220703125
1763 0.1787109375
1764 0.1103515625
1765 0.0478515625
1766 0.1416015625
1767 0.1962890625
1768 0.1240234375
1769 0.0166015625
1770 0.1083984375
1771 0.15625
1772 0.095703125
1773 -0.0263671875
1774 0.0693359375
1775 0.123046875
1776 0.0673828125
1777 -0.0791015625
1778 -0.0400390625
1779 0.017578125
1780 -0.0224609375
1781 -0.1455078125
1782 -0.0244140625
1783 0.0419921875
1784 0.0029296875
1785 -0.0703125
1786 0.037109375
1787 0.0986328125
1788 0.046875
1789 -0.076171875
1790 -0.0400390625
1791 0.021484375
1792 -0.0205078125
1793 -0.1318359375
1794 -0.015625
1795 0.0517578125
1796 0.0107421875
1797 -0.0947265625
1798 -0.0458984375
1799 0.0146484375
1800 -0.0283203125
1801 -0.123046875
1802 -0.0029296875
1803 0.064453125
1804 0.0185546875
1805 -0.03125
1806 0.076171875
1807 0.13671875
1808 0.0751953125
1809 0.0126953125
1810 0.1103515625
1811 0.1650390625
1812 0.1015625
1813 0.0419921875
1814 0.1318359375
1815 0.1845703125
1816 0.115234375
1817 -0.0009765625
1818 0.0908203125
1819 0.1396484375
1820 0.0810546875
1821 -0.0869140625
1822 -0.0498046875
1823 0.0068359375
1824 -0.0322265625
1825 -0.1455078125
1826 -0.064453125
1827 -0.00390625
1828 -0.0419921875
1829 -0.2138671875
1830 -0.1396484375
1831 -0.0634765625
1832 -0.087890625
1833 -0.205078125
1834 -0.0771484375
1835 -0.001953125
1836 -0.029296875
1837 -0.125
1838 -0.078125
1839 -0.01171875
1840 -0.044921875
1841 -0.1845703125
1842 -0.0615234375
1843 0.009765625
1844 -0.0166015625
1845 -0.107421875
1846 0.0048828125
1847 0.0673828125
1848 0.025390625
1849 -0.0703125
1850 -0.0302734375
1851 0.0263671875
1852 -0.0146484375
1853 -0.103515625
1854 -0.0244140625
1855 0.03125
1856 -0.0126953125
1857 -0.1044921875
1858 0.0029296875
1859 0.068359375
1860 0.0283203125
1861 -0.03125
1862 0.0712890625
1863 0.126953125
1864 0.0732421875
1865 0.0078125
1866 0.1044921875
1867 0.158203125
1868 0.09765625
1869 0.03515625
1870 0.12890625
1871 0.1796875
1872 0.115234375
1873 0.0087890625
1874 0.099609375
1875 0.1484375
1876 0.0888671875
1877 -0.0283203125
1878 0.064453125
1879 0.1171875
1880 0.0615234375
1881 -0.0771484375
1882 -0.0400390625
1883 0.0185546875
1884 -0.0244140625
1885 -0.14453125
1886 -0.029296875
1887 0.0361328125
1888 -0.0009765625
1889 -0.076171875
1890 0.029296875
1891 0.0888671875
1892 0.041015625
1893 -0.0869140625
1894 -0.0498046875
1895 0.0068359375
1896 -0.0302734375
1897 -0.1396484375
1898 -0.0244140625
1899 0.0439453125
1900 0.0029296875
1901 -0.099609375
1902 -0.0537109375
1903 0.0048828125
1904 -0.0341796875
1905 -0.126953125
1906 -0.01171875
1907 0.0546875
1908 0.0126953125
1909 -0.03515625
1910 0.068359375
1911 0.1279296875
1912 0.0703125
1913 0.009765625
1914 0.1083984375
1915 0.1630859375
1916 0.09765625
1917 0.03515625
1918 0.12890625
1919 0.1826171875
1920 0.111328125
1921 -0.009765625
1922 0.083984375
1923 0.13671875
1924 0.0732421875
1925 -0.0888671875
1926 -0.0537109375
1927 0.0048828125
1928 -0.0390625
1929 -0.1513671875
1930 -0.068359375
1931 -0.0068359375
1932 -0.046875
1933 -0.21875
1934 -0.1416015625
1935 -0.06640625
1936 -0.0927734375
1937 -0.2138671875
1938 -0.080078125
1939 -0.0048828125
1940 -0.0341796875
1941 -0.1328125
1942 -0.0830078125
1943 -0.0126953125
1944 -0.05078125
1945 -0.1591796875
1946 -0.0380859375
1947 0.033203125
1948 -0.0048828125
1949 -0.0771484375
1950 0.03125
1951 0.0927734375
1952 0.0419921875
1953 -0.052734375
1954 -0.01171875
1955 0.0439453125
1956 -0.0029296875
1957 -0.099609375
1958 -0.017578125
1959 0.0380859375
1960 -0.009765625
1961 -0.1064453125
1962 0.005859375
1963 0.0703125
1964 0.025390625
1965 -0.0390625
1966 0.0654296875
1967 0.1220703125
1968 0.068359375
1969 -0.0048828125
1970 0.0927734375
1971 0.1484375
1972 0.0869140625
1973 0.02734375
1974 0.1201171875
1975 0.171875
1976 0.1064453125
1977 0.001953125
1978 0.09375
1979 0.142578125
1980 0.08203125
1981 -0.0341796875
1982 0.05859375
1983 0.1083984375
1984 0.0556640625
1985 -0.087890625
1986 -0.0498046875
1987 0.0048828125
1988 -0.03515625
1989 -0.158203125
1990 -0.0400390625
1991 0.0283203125
1992 -0.009765625
1993 -0.0966796875
1994 0.01171875
1995 0.07421875
1996 0.0263671875
1997 -0.095703125
1998 -0.0595703125
1999 0.001953125
2000 -0.037109375
2001 -0.1474609375
2002 -0.029296875
2003 0.037109375
2004 -0.0029296875
2005 -0.103515625
2006 -0.0537109375
2007 0.005859375
2008 -0.0361328125
2009 -0.1767578125
2010 -0.052734375
2011 0.017578125
2012 -0.017578125
2013 -0.14453125
2014 -0.09765625
2015 -0.0302734375
2016 -0.0625
2017 -0.1689453125
2018 -0.083984375
2019 -0.0166015625
2020 -0.052734375
2021 -0.22265625
2022 -0.1455078125
2023 -0.0673828125
2024 -0.08984375
2025 -0.208984375
2026 -0.076171875
2027 0.0
2028 -0.0283203125
2029 -0.1279296875
2030 -0.0771484375
2031 -0.0048828125
2032 -0.0439453125
2033 -0.197265625
2034 -0.0673828125
2035 0.01171875
2036 -0.0234375
2037 -0.123046875
2038 -0.001953125
2039 0.06640625
2040 0.0205078125
2041 -0.0771484375
2042 -0.0322265625
2043 0.03125
2044 -0.0146484375
2045 -0.107421875
2046 -0.0224609375
2047 0.03515625
2048 -0.009765625
2049 -0.1083984375
2050 0.0087890625
2051 0.076171875
2052 0.0302734375
2053 -0.0400390625
2054 0.0693359375
2055 0.130859375
2056 0.0712890625
2057 0.0
2058 0.1044921875
2059 0.1640625
2060 0.095703125
2061 0.0302734375
2062 0.12890625
2063 0.1845703125
2064 0.11328125
2065 0.00390625
2066 0.1015625
2067 0.15625
2068 0.0888671875
2069 -0.033203125
2070 0.06640625
2071 0.123046875
2072 0.0615234375
2073 -0.0771484375
2074 -0.0361328125
2075 0.0234375
2076 -0.0244140625
2077 -0.1474609375
2078 -0.0234375
2079 0.0439453125
2080 0.0009765625
2081 -0.078125
2082 0.03515625
2083 0.09765625
2084 0.0439453125
2085 -0.0859375
2086 -0.044921875
2087 0.0185546875
2088 -0.02734375
2089 -0.138671875
2090 -0.01953125
2091 0.0517578125
2092 0.005859375
2093 -0.1005859375
2094 -0.048828125
2095 0.013671875
2096 -0.03125
2097 -0.1318359375
2098 -0.0087890625
2099 0.0595703125
2100 0.013671875
2101 -0.0361328125
2102 0.072265625
2103 0.13671875
2104 0.0712890625
2105 0.001953125
2106 0.1044921875
2107 0.166015625
2108 0.0947265625
2109 0.0302734375
2110 0.1279296875
2111 0.1845703125
2112 0.1103515625
2113 -0.01171875
2114 0.0849609375
2115 0.140625
2116 0.076171875
2117 -0.091796875
2118 -0.0517578125
2119 0.0078125
2120 -0.0380859375
2121 -0.1533203125
2122 -0.06640625
2123 -0.00390625
2124 -0.0458984375
2125 -0.21875
2126 -0.142578125
2127 -0.0634765625
2128 -0.0927734375
2129 -0.2119140625
2130 -0.078125
2131 -0.0009765625
2132 -0.033203125
2133 -0.1298828125
2134 -0.080078125
2135 -0.0107421875
2136 -0.0478515625
2137 -0.1611328125
2138 -0.037109375
2139 0.033203125
2140 -0.00390625
2141 -0.0830078125
2142 0.0302734375
2143 0.0927734375
2144 0.041015625
2145 -0.0556640625
2146 -0.013671875
2147 0.0458984375
2148 -0.0048828125
2149 -0.099609375
2150 -0.017578125
2151 0.0400390625
2152 -0.009765625
2153 -0.1025390625
2154 0.0087890625
2155 0.0751953125
2156 0.0283203125
2157 -0.0361328125
2158 0.068359375
2159 0.1298828125
2160 0.0693359375
2161 0.0
2162 0.099609375
2163 0.1552734375
2164 0.0908203125
2165 0.02734375
2166 0.1240234375
2167 0.1767578125
2168 0.1083984375
2169 0.0
2170 0.0966796875
2171 0.1455078125
2172 0.08203125
2173 -0.0390625
2174 0.0576171875
2175 0.1123046875
2176 0.0537109375
2177 -0.0888671875
2178 -0.05078125
2179 0.009765625
2180 -0.03515625
2181 -0.1572265625
2182 -0.0390625
2183 0.03125
2184 -0.009765625
2185 -0.099609375
2186 0.0126953125
2187 0.076171875
2188 0.0263671875
2189 -0.0947265625
2190 -0.0537109375
2191 0.005859375
2192 -0.033203125
2193 -0.14453125
2194 -0.0263671875
2195 0.0419921875
2196 -0.0009765625
2197 -0.1025390625
2198 -0.0537109375
2199 0.009765625
2200 -0.03515625
2201 -0.1767578125
2202 -0.052734375
2203 0.0185546875
2204 -0.015625
2205 -0.1435546875
2206 -0.0966796875
2207 -0.0283203125
2208 -0.0625
2209 -0.1728515625
2210 -0.0810546875
2211 -0.015625
2212 -0.052734375
2213 -0.2236328125
2214 -0.142578125
2215 -0.0625
2216 -0.0888671875
2217 -0.208984375
2218 -0.076171875
2219 0.001953125
2220 -0.029296875
2221 -0.125
2222 -0.0771484375
2223 -0.005859375
2224 -0.044921875
2225 -0.1953125
2226 -0.06640625
2227 0.01171875
2228 -0.0205078125
2229 -0.12109375
2230 -0.001953125
2231 0.06640625
2232 0.0224609375
2233 -0.076171875
2234 -0.0322265625
2235 0.029296875
2236 -0.0126953125
2237 -0.107421875
2238 -0.0224609375
2239 0.037109375
2240 -0.009765625
2241 -0.107421875
2242 0.0087890625
2243 0.078125
2244 0.0302734375
2245 -0.0390625
2246 0.0673828125
2247 0.1279296875
2248 0.0712890625
2249 0.0048828125
2250 0.1044921875
2251 0.158203125
2252 0.0986328125
2253 0.037109375
2254 0.1298828125
2255 0.181640625
2256 0.1162109375
2257 0.0087890625
2258 0.1015625
2259 0.15234375
2260 0.0908203125
2261 -0.0263671875
2262 0.0712890625
2263 0.12109375
2264 0.0654296875
2265 -0.0703125
2266 -0.033203125
2267 0.025390625
2268 -0.01953125
2269 -0.140625
2270 -0.0244140625
2271 0.0419921875
2272 0.00390625
2273 -0.072265625
2274 0.03515625
2275 0.0947265625
2276 0.044921875
2277 -0.083984375
2278 -0.0458984375
2279 0.0107421875
2280 -0.0263671875
2281 -0.140625
2282 -0.0185546875
2283 0.0478515625
2284 0.0068359375
2285 -0.0986328125
2286 -0.0498046875
2287 0.0087890625
2288 -0.0322265625
2289 -0.126953125
2290 -0.0107421875
2291 0.056640625
2292 0.013671875
2293 -0.029296875
2294 0.0703125
2295 0.12890625
2296 0.0732421875
2297 0.009765625
2298 0.1025390625
2299 0.1533203125
2300 0.095703125
2301 0.03515625
2302 0.126953125
2303 0.1767578125
2304 0.1123046875
2305 -0.0068359375
2306 0.0849609375
2307 0.1328125
2308 0.076171875
2309 -0.0888671875
2310 -0.0546875
2311 0.001953125
2312 -0.037109375
2313 -0.1484375
2314 -0.068359375
2315 -0.0107421875
2316 -0.044921875
2317 -0.21484375
2318 -0.142578125
2319 -0.068359375
2320 -0.0888671875
2321 -0.20703125
2322 -0.0791015625
2323 -0.0078125
2324 -0.0302734375
2325 -0.1279296875
2326 -0.0810546875
2327 -0.0166015625
2328 -0.048828125
2329 -0.1572265625
2330 -0.0380859375
2331 0.0283203125
2332 -0.005859375
2333 -0.078125
2334 0.029296875
2335 0.087890625
2336 0.041015625
2337 -0.05078125
2338 -0.013671875
2339 0.041015625
2340 -0.0029296875
2341 -0.09375
2342 -0.01953125
2343 0.03515625
2344 -0.009765625
2345 -0.1005859375
2346 0.0078125
2347 0.0712890625
2348 0.029296875
2349 -0.033203125
2350 0.0673828125
2351 0.125
2352 0.068359375
2353 0.00390625
2354 0.0986328125
2355 0.15234375
2356 0.0908203125
2357 0.0302734375
2358 0.123046875
2359 0.1748046875
2360 0.109375
2361 0.00390625
2362 0.0947265625
2363 0.142578125
2364 0.08203125
2365 -0.03515625
2366 0.0595703125
2367 0.109375
2368 0.056640625
2369 -0.0830078125
2370 -0.046875
2371 0.0087890625
2372 -0.0302734375
2373 -0.1552734375
2374 -0.037109375
2375 0.0283203125
2376 -0.0068359375
2377 -0.0830078125
2378 0.0244140625
2379 0.0849609375
2380 0.03515625
2381 -0.083984375
2382 -0.046875
2383 0.01171875
2384 -0.0283203125
2385 -0.1513671875
2386 -0.033203125
2387 0.033203125
2388 -0.005859375
2389 -0.1103515625
2390 -0.0615234375
2391 -0.001953125
2392 -0.0419921875
2393 -0.15234375
2394 -0.0341796875
2395 0.0322265625
2396 -0.0029296875
2397 -0.0478515625
2398 0.056640625
2399 0.1142578125
2400 0.060546875
2401 0.0029296875
2402 0.09765625
2403 0.1513671875
2404 0.0908203125
2405 0.0322265625
2406 0.123046875
2407 0.1728515625
2408 0.107421875
2409 -0.0126953125
2410 0.0771484375
2411 0.1279296875
2412 0.0693359375
2413 -0.0947265625
2414 -0.0576171875
2415 -0.0029296875
2416 -0.041015625
2417 -0.158203125
2418 -0.076171875
2419 -0.015625
2420 -0.0517578125
2421 -0.2353515625
2422 -0.158203125
2423 -0.0810546875
2424 -0.1025390625
2425 -0.248046875
2426 -0.1123046875
2427 -0.029296875
2428 -0.0537109375
2429 -0.1318359375
2430 -0.0146484375
2431 0.0537109375
2432 0.0107421875
2433 -0.123046875
2434 -0.0830078125
2435 -0.017578125
2436 -0.0517578125
2437 -0.1708984375
2438 -0.0869140625
2439 -0.01953125
2440 -0.052734375
2441 -0.1611328125
2442 -0.0751953125
2443 -0.009765625
2444 -0.046875
2445 -0.1650390625
2446 -0.04296875
2447 0.0263671875
2448 -0.009765625
2449 -0.0966796875
2450 0.015625
2451 0.080078125
2452 0.0322265625
2453 -0.029296875
2454 0.0732421875
2455 0.1337890625
2456 0.0732421875
2457 -0.021484375
2458 0.0263671875
2459 0.076171875
2460 0.0185546875
2461 -0.111328125
2462 0.0
2463 0.0634765625
2464 0.01953125
2465 -0.1201171875
2466 -0.080078125
2467 -0.0146484375
2468 -0.048828125
2469 -0.1650390625
2470 -0.080078125
2471 -0.01171875
2472 -0.046875
2473 -0.162109375
2474 -0.078125
2475 -0.013671875
2476 -0.046875
2477 -0.1875
2478 -0.0615234375
2479 0.013671875
2480 -0.017578125
2481 -0.07421875
2482 0.037109375
2483 0.1005859375
2484 0.05078125
2485 -0.0439453125
2486 0.005859375
2487 0.05859375
2488 0.005859375
2489 -0.123046875
2490 -0.0068359375
2491 0.056640625
2492 0.015625
2493 -0.1220703125
2494 -0.083984375
2495 -0.013671875
2496 -0.0478515625
2497 -0.1611328125
2498 -0.078125
2499 -0.0087890625
2500 -0.04296875
2501 -0.1552734375
2502 -0.072265625
2503 -0.005859375
2504 -0.0400390625
2505 -0.18359375
2506 -0.0546875
2507 0.01953125
2508 -0.0107421875
2509 -0.068359375
2510 0.0439453125
2511 0.107421875
2512 0.056640625
2513 -0.037109375
2514 0.0107421875
2515 0.0625
2516 0.01171875
2517 -0.1171875
2518 -0.0029296875
2519 0.0615234375
2520 0.0205078125
2521 -0.1162109375
2522 -0.0791015625
2523 -0.0107421875
2524 -0.0419921875
2525 -0.15625
2526 -0.0703125
2527 -0.0029296875
2528 -0.037109375
2529 -0.1533203125
2530 -0.0673828125
2531 -0.0009765625
2532 -0.0361328125
2533 -0.1787109375
2534 -0.0498046875
2535 0.0234375
2536 -0.0068359375
2537 -0.060546875
2538 0.046875
2539 0.1103515625
2540 0.060546875
2541 -0.0322265625
2542 0.0146484375
2543 0.0673828125
2544 0.015625
2545 -0.11328125
2546 0.0009765625
2547 0.064453125
2548 0.0244140625
2549 -0.11328125
2550 -0.0732421875
2551 -0.0078125
2552 -0.0380859375
2553 -0.1533203125
2554 -0.0673828125
2555 -0.001953125
2556 -0.0322265625
2557 -0.1474609375
2558 -0.0625
2559 0.001953125
2560 -0.03125
2561 -0.1728515625
2562 -0.0478515625
2563 0.0263671875
2564 -0.0029296875
2565 -0.0595703125
2566 0.0517578125
2567 0.1142578125
2568 0.0634765625
2569 -0.0302734375
2570 0.0185546875
2571 0.072265625
2572 0.0205078125
2573 -0.109375
2574 0.005859375
2575 0.0693359375
2576 0.0283203125
2577 -0.1103515625
2578 -0.06640625
2579 -0.001953125
2580 -0.0341796875
2581 -0.150390625
2582 -0.0625
2583 0.0048828125
2584 -0.029296875
2585 -0.14453125
2586 -0.0595703125
2587 0.005859375
2588 -0.029296875
2589 -0.1728515625
2590 -0.0439453125
2591 0.03125
2592 0.0
2593 -0.0556640625
2594 0.0556640625
2595 0.1181640625
2596 0.0673828125
2597 -0.02734375
2598 0.0224609375
2599 0.0751953125
2600 0.0234375
2601 -0.107421875
2602 0.0078125
2603 0.0712890625
2604 0.033203125
2605 -0.107421875
2606 -0.0673828125
2607 -0.0009765625
2608 -0.0322265625
2609 -0.1474609375
2610 -0.0615234375
2611 0.0048828125
2612 -0.0283203125
2613 -0.142578125
2614 -0.0576171875
2615 0.0078125
2616 -0.02734375
2617 -0.1689453125
2618 -0.0419921875
2619 0.0302734375
2620 0.001953125
2621 -0.0537109375
2622 0.0576171875
2623 0.119140625
2624 0.0703125
2625 -0.025390625
2626 0.025390625
2627 0.0771484375
2628 0.0263671875
2629 -0.1064453125
2630 0.009765625
2631 0.0791015625
2632 0.0322265625
2633 -0.1064453125
2634 -0.06640625
2635 0.0068359375
2636 -0.0302734375
2637 -0.146484375
2638 -0.05859375
2639 0.0126953125
2640 -0.025390625
2641 -0.1435546875
2642 -0.0556640625
2643 0.013671875
2644 -0.025390625
2645 -0.1728515625
2646 -0.0400390625
2647 0.0380859375
2648 0.001953125
2649 -0.0546875
2650 0.05859375
2651 0.1259765625
2652 0.0712890625
2653 -0.0263671875
2654 0.025390625
2655 0.0849609375
2656 0.0263671875
2657 -0.1083984375
2658 0.0107421875
2659 0.0810546875
2660 0.0322265625
2661 -0.1064453125
2662 -0.0634765625
2663 0.0087890625
2664 -0.029296875
2665 -0.1455078125
2666 -0.0576171875
2667 0.0126953125
2668 -0.0244140625
2669 -0.1416015625
2670 -0.0517578125
2671 0.015625
2672 -0.021484375
2673 -0.16796875
2674 -0.03515625
2675 0.0400390625
2676 0.005859375
2677 -0.0517578125
2678 0.0615234375
2679 0.12890625
2680 0.0732421875
2681 -0.021484375
2682 0.029296875
2683 0.0849609375
2684 0.0302734375
2685 -0.1015625
2686 0.0146484375
2687 0.083984375
2688 0.037109375
2689 -0.1025390625
2690 -0.05859375
2691 0.009765625
2692 -0.025390625
2693 -0.1416015625
2694 -0.0537109375
2695 0.0146484375
2696 -0.021484375
2697 -0.1376953125
2698 -0.0517578125
2699 0.0185546875
2700 -0.0205078125
2701 -0.1640625
2702 -0.03515625
2703 0.041015625
2704 0.005859375
2705 -0.0498046875
2706 0.0634765625
2707 0.1279296875
2708 0.0751953125
2709 -0.0205078125
2710 0.029296875
2711 0.0830078125
2712 0.029296875
2713 -0.1025390625
2714 0.0146484375
2715 0.0830078125
2716 0.0380859375
2717 -0.099609375
2718 -0.056640625
2719 0.0087890625
2720 -0.025390625
2721 -0.1416015625
2722 -0.052734375
2723 0.015625
2724 -0.0205078125
2725 -0.1357421875
2726 -0.0498046875
2727 0.0185546875
2728 -0.01953125
2729 -0.162109375
2730 -0.0341796875
2731 0.041015625
2732 0.0087890625
2733 -0.0478515625
2734 0.064453125
2735 0.125
2736 0.0771484375
2737 -0.017578125
2738 0.0322265625
2739 0.0830078125
2740 0.0322265625
2741 -0.0986328125
2742 0.0166015625
2743 0.0830078125
2744 0.0400390625
2745 -0.09765625
2746 -0.0576171875
2747 0.009765625
2748 -0.0234375
2749 -0.1376953125
2750 -0.0517578125
2751 0.0166015625
2752 -0.0185546875
2753 -0.1357421875
2754 -0.0498046875
2755 0.017578125
2756 -0.0185546875
2757 -0.166015625
2758 -0.03515625
2759 0.0400390625
2760 0.0078125
2761 -0.0498046875
2762 0.0654296875
2763 0.1259765625
2764 0.0771484375
2765 -0.017578125
2766 0.03125
2767 0.083984375
2768 0.0322265625
2769 -0.1015625
2770 0.015625
2771 0.0830078125
2772 0.0380859375
2773 -0.0986328125
2774 -0.05859375
2775 0.01171875
2776 -0.0234375
2777 -0.1376953125
2778 -0.052734375
2779 0.0166015625
2780 -0.017578125
2781 -0.134765625
2782 -0.0478515625
2783 0.01953125
2784 -0.017578125
2785 -0.162109375
2786 -0.0322265625
2787 0.04296875
2788 0.0107421875
2789 -0.0458984375
2790 0.0654296875
2791 0.130859375
2792 0.0791015625
2793 -0.015625
2794 0.0322265625
2795 0.0849609375
2796 0.033203125
2797 -0.0966796875
2798 0.017578125
2799 0.0859375
2800 0.0419921875
2801 -0.0966796875
2802 -0.056640625
2803 0.0107421875
2804 -0.021484375
2805 -0.138671875
2806 -0.0517578125
2807 0.0146484375
2808 -0.017578125
2809 -0.1328125
2810 -0.046875
2811 0.017578125
2812 -0.0166015625
2813 -0.1611328125
2814 -0.0341796875
2815 0.041015625
2816 0.0107421875
2817 -0.044921875
2818 0.0654296875
2819 0.1279296875
2820 0.078125
2821 -0.015625
2822 0.033203125
2823 0.087890625
2824 0.0341796875
2825 -0.099609375
2826 0.017578125
2827 0.083984375
2828 0.041015625
2829 -0.0986328125
2830 -0.0556640625
2831 0.01171875
2832 -0.0205078125
2833 -0.1357421875
2834 -0.05078125
2835 0.017578125
2836 -0.0166015625
2837 -0.1318359375
2838 -0.0458984375
2839 0.021484375
2840 -0.0166015625
2841 -0.158203125
2842 -0.0302734375
2843 0.0419921875
2844 0.01171875
2845 -0.0439453125
2846 0.0673828125
2847 0.1318359375
2848 0.080078125
2849 -0.0166015625
2850 0.0361328125
2851 0.0869140625
2852 0.0341796875
2853 -0.09765625
2854 0.017578125
2855 0.0830078125
2856 0.041015625
2857 -0.0966796875
2858 -0.0556640625
2859 0.0107421875
2860 -0.021484375
2861 -0.1357421875
2862 -0.05078125
2863 0.017578125
2864 -0.017578125
2865 -0.1318359375
2866 -0.0478515625
2867 0.0185546875
2868 -0.015625
2869 -0.1572265625
2870 -0.03125
2871 0.0419921875
2872 0.0126953125
2873 -0.0419921875
2874 0.0673828125
2875 0.12890625
2876 0.0810546875
2877 -0.013671875
2878 0.0361328125
2879 0.0869140625
2880 0.037109375
2881 -0.0966796875
2882 0.017578125
2883 0.083984375
2884 0.0419921875
2885 -0.0966796875
2886 -0.0556640625
2887 0.0146484375
2888 -0.021484375
2889 -0.13671875
2890 -0.0498046875
2891 0.0234375
2892 -0.017578125
2893 -0.130859375
2894 -0.0439453125
2895 0.0224609375
2896 -0.013671875
2897 -0.158203125
2898 -0.02734375
2899 0.0458984375
2900 0.013671875
2901 -0.044921875
2902 0.0703125
2903 0.1337890625
2904 0.0810546875
2905 -0.0146484375
2906 0.0361328125
2907 0.0888671875
2908 0.03515625
2909 -0.09375
2910 0.021484375
2911 0.0888671875
2912 0.0439453125
2913 -0.091796875
2914 -0.0517578125
2915 0.017578125
2916 -0.0185546875
2917 -0.134765625
2918 -0.0478515625
2919 0.0205078125
2920 -0.0146484375
2921 -0.12890625
2922 -0.0439453125
2923 0.0205078125
2924 -0.0107421875
2925 -0.1572265625
2926 -0.0283203125
2927 0.044921875
2928 0.013671875
2929 -0.04296875
2930 0.068359375
2931 0.1318359375
2932 0.0810546875
2933 -0.013671875
2934 0.0341796875
2935 0.0888671875
2936 0.037109375
2937 -0.09375
2938 0.021484375
2939 0.0859375
2940 0.04296875
2941 -0.0927734375
2942 -0.052734375
2943 0.0126953125
2944 -0.0185546875
2945 -0.1337890625
2946 -0.0478515625
2947 0.0146484375
2948 -0.013671875
2949 -0.1298828125
2950 -0.0458984375
2951 0.017578125
2952 -0.0146484375
2953 -0.1552734375
2954 -0.029296875
2955 0.044921875
2956 0.0146484375
2957 -0.041015625
2958 0.0693359375
2959 0.1318359375
2960 0.08203125
2961 -0.0126953125
2962 0.03515625
2963 0.0869140625
2964 0.037109375
2965 -0.0927734375
2966 0.021484375
2967 0.0859375
2968 0.044921875
2969 -0.0908203125
2970 -0.0517578125
2971 0.015625
2972 -0.017578125
2973 -0.1328125
2974 -0.048828125
2975 0.01953125
2976 -0.0146484375
2977 -0.12890625
2978 -0.0458984375
2979 0.01953125
2980 -0.0146484375
2981 -0.1552734375
2982 -0.029296875
2983 0.0439453125
2984 0.0146484375
2985 -0.0419921875
2986 0.0693359375
2987 0.130859375
2988 0.08203125
2989 -0.0126953125
2990 0.03515625
2991 0.087890625
2992 0.037109375
2993 -0.0927734375
2994 0.0205078125
2995 0.0830078125
2996 0.044921875
2997 -0.09375
2998 -0.0556640625
2999 0.0087890625
3000 -0.0185546875
3001 -0.130859375
3002 -0.0498046875
3003 0.013671875
3004 -0.013671875
3005 -0.1259765625
3006 -0.0458984375
3007 0.0185546875
3008 -0.0126953125
3009 -0.1533203125
3010 -0.0283203125
3011 0.0419921875
3012 0.015625
3013 -0.0400390625
3014 0.068359375
3015 0.12890625
3016 0.0830078125
3017 -0.01171875
3018 0.03515625
3019 0.0869140625
3020 0.037109375
3021 -0.091796875
3022 0.0205078125
3023 0.0849609375
3024 0.0458984375
3025 -0.091796875
3026 -0.052734375
3027 0.013671875
3028 -0.017578125
3029 -0.1328125
3030 -0.0478515625
3031 0.0185546875
3032 -0.0126953125
3033 -0.1298828125
3034 -0.04296875
3035 0.0205078125
3036 -0.0126953125
3037 -0.15625
3038 -0.0283203125
3039 0.044921875
3040 0.015625
3041 -0.0390625
3042 0.068359375
3043 0.130859375
3044 0.08203125
3045 -0.01171875
3046 0.0341796875
3047 0.0869140625
3048 0.037109375
3049 -0.0927734375
3050 0.0205078125
3051 0.0849609375
3052 0.0439453125
3053 -0.0947265625
3054 -0.0537109375
3055 0.0126953125
3056 -0.0185546875
3057 -0.134765625
3058 -0.0478515625
3059 0.017578125
3060 -0.0126953125
3061 -0.1298828125
3062 -0.044921875
3063 0.0224609375
3064 -0.013671875
3065 -0.158203125
3066 -0.029296875
3067 0.0458984375
3068 0.013671875
3069 -0.0419921875
3070 0.0693359375
3071 0.1337890625
3072 0.0830078125
3073 -0.013671875
3074 0.0361328125
3075 0.0888671875
3076 0.037109375
3077 -0.09375
3078 0.021484375
3079 0.087890625
3080 0.044921875
3081 -0.0947265625
3082 -0.0537109375
3083 0.0146484375
3084 -0.017578125
3085 -0.1337890625
3086 -0.0478515625
3087 0.0205078125
3088 -0.0146484375
3089 -0.130859375
3090 -0.0458984375
3091 0.0224609375
3092 -0.013671875
3093 -0.16015625
3094 -0.0302734375
3095 0.0478515625
3096 0.0126953125
3097 -0.04296875
3098 0.0693359375
3099 0.134765625
3100 0.08203125
3101 -0.0146484375
3102 0.037109375
3103 0.0908203125
3104 0.037109375
3105 -0.095703125
3106 0.021484375
3107 0.087890625
3108 0.044921875
3109 -0.09375
3110 -0.052734375
3111 0.0166015625
3112 -0.0185546875
3113 -0.1328125
3114 -0.048828125
3115 0.0205078125
3116 -0.013671875
3117 -0.126953125
3118 -0.0439453125
3119 0.0224609375
3120 -0.01171875
3121 -0.1572265625
3122 -0.02734375
3123 0.0458984375
3124 0.015625
3125 -0.041015625
3126 0.0703125
3127 0.1328125
3128 0.0830078125
3129 -0.01171875
3130 0.037109375
3131 0.0888671875
3132 0.037109375
3133 -0.0908203125
3134 0.0224609375
3135 0.0888671875
3136 0.0458984375
3137 -0.08984375
3138 -0.0498046875
3139 0.015625
3140 -0.0166015625
3141 -0.1337890625
3142 -0.0478515625
3143 0.01953125
3144 -0.0146484375
3145 -0.130859375
3146 -0.044921875
3147 0.0224609375
3148 -0.013671875
3149 -0.158203125
3150 -0.0302734375
3151 0.046875
3152 0.013671875
3153 -0.04296875
3154 0.0693359375
3155 0.1337890625
3156 0.0830078125
3157 -0.0107421875
3158 0.037109375
3159 0.091796875
3160 0.0361328125
3161 -0.0947265625
3162 0.021484375
3163 0.08984375
3164 0.0439453125
3165 -0.0927734375
3166 -0.0498046875
3167 0.0205078125
3168 -0.017578125
3169 -0.134765625
3170 -0.044921875
3171 0.025390625
3172 -0.0146484375
3173 -0.1318359375
3174 -0.041015625
3175 0.02734375
3176 -0.013671875
3177 -0.158203125
3178 -0.02734375
3179 0.0478515625
3180 0.013671875
3181 -0.0439453125
3182 0.0703125
3183 0.13671875
3184 0.08203125
3185 -0.0126953125
3186 0.0361328125
3187 0.091796875
3188 0.037109375
3189 -0.095703125
3190 0.0234375
3191 0.0908203125
3192 0.044921875
3193 -0.0927734375
3194 -0.05078125
3195 0.017578125
3196 -0.0166015625
3197 -0.134765625
3198 -0.046875
3199 0.0234375
3200 -0.0126953125
3201 -0.1298828125
3202 -0.0439453125
3203 0.0263671875
3204 -0.013671875
3205 -0.16015625
3206 -0.02734375
3207 0.0498046875
3208 0.013671875
3209 -0.0439453125
3210 0.0703125
3211 0.1376953125
3212 0.0810546875
3213 -0.0146484375
3214 0.0380859375
3215 0.09375
3216 0.037109375
3217 -0.09765625
3218 0.021484375
3219 0.0888671875
3220 0.0439453125
3221 -0.0947265625
3222 -0.0498046875
3223 0.017578125
3224 -0.017578125
3225 -0.134765625
3226 -0.046875
3227 0.0234375
3228 -0.0166015625
3229 -0.130859375
3230 -0.0439453125
3231 0.025390625
3232 -0.0126953125
3233 -0.158203125
3234 -0.029296875
3235 0.0498046875
3236 0.0146484375
3237 -0.046875
3238 0.0712890625
3239 0.13671875
3240 0.08203125
3241 -0.013671875
3242 0.0361328125
3243 0.0908203125
3244 0.0380859375
3245 -0.09375
3246 0.0224609375
3247 0.087890625
3248 0.044921875
3249 -0.091796875
3250 -0.0517578125
3251 0.0146484375
3252 -0.0166015625
3253 -0.1318359375
3254 -0.046875
3255 0.0224609375
3256 -0.013671875
3257 -0.126953125
3258 -0.04296875
3259 0.021484375
3260 -0.01171875
3261 -0.1572265625
3262 -0.029296875
3263 0.046875
3264 0.015625
3265 -0.041015625
3266 0.0712890625
3267 0.1328125
3268 0.083984375
3269 -0.01171875
3270 0.0361328125
3271 0.091796875
3272 0.0380859375
3273 -0.09375
3274 0.0205078125
3275 0.0859375
3276 0.0439453125
3277 -0.091796875
3278 -0.052734375
3279 0.0146484375
3280 -0.017578125
3281 -0.130859375
3282 -0.0478515625
3283 0.017578125
3284 -0.0126953125
3285 -0.1259765625
3286 -0.0419921875
3287 0.01953125
3288 -0.009765625
3289 -0.12890625
3290 -0.0087890625
3291 0.0615234375
3292 0.029296875
3293 -0.0830078125
3294 -0.037109375
3295 0.0263671875
3296 -0.0087890625
3297 -0.166015625
3298 -0.0908203125
3299 -0.0166015625
3300 -0.041015625
3301 -0.134765625
3302 -0.046875
3303 0.025390625
3304 -0.0126953125
3305 -0.1787109375
3306 -0.11328125
3307 -0.029296875
3308 -0.048828125
3309 -0.2060546875
3310 -0.1240234375
3311 -0.041015625
3312 -0.056640625
3313 -0.162109375
3314 -0.0634765625
3315 0.0078125
3316 -0.0224609375
3317 -0.115234375
3318 -0.029296875
3319 0.0400390625
3320 0.0
3321 -0.10546875
3322 0.013671875
3323 0.0830078125
3324 0.044921875
3325 -0.0732421875
3326 -0.0322265625
3327 0.033203125
3328 0.0
3329 -0.1171875
3330 -0.0322265625
3331 0.037109375
3332 0.0029296875
3333 -0.1201171875
3334 -0.029296875
3335 0.037109375
3336 0.0
3337 -0.1083984375
3338 -0.0244140625
3339 0.046875
3340 0.0068359375
3341 -0.0947265625
3342 -0.015625
3343 0.052734375
3344 0.0126953125
3345 -0.115234375
3346 -0.0283203125
3347 0.0380859375
3348 -0.0009765625
3349 -0.1865234375
3350 -0.109375
3351 -0.0283203125
3352 -0.0478515625
3353 -0.20703125
3354 -0.1298828125
3355 -0.056640625
3356 -0.0478515625
3357 -0.140625
3358 -0.0654296875
3359 -0.009765625
3360 -0.013671875
3361 -0.142578125
3362 -0.0703125
3363 -0.0146484375
3364 -0.015625
3365 -0.15625
3366 -0.0439453125
3367 0.021484375
3368 0.01953125
3369 -0.0478515625
3370 0.044921875
3371 0.09765625
3372 0.080078125
3373 0.03125
3374 0.1142578125
3375 0.154296875
3376 0.1259765625
3377 0.046875
3378 0.06640625
3379 0.1015625
3380 0.0732421875
3381 -0.0244140625
3382 0.02734375
3383 0.068359375
3384 0.0458984375
3385 -0.056640625
3386 0.0048828125
3387 0.0458984375
3388 0.0263671875
3389 -0.076171875
3390 -0.013671875
3391 0.0302734375
3392 0.0146484375
3393 -0.0986328125
3394 0.001953125
3395 0.0556640625
3396 0.044921875
3397 -0.1025390625
3398 -0.07421875
3399 -0.017578125
3400 -0.017578125
3401 -0.197265625
3402 -0.1357421875
3403 -0.06640625
3404 -0.0537109375
3405 -0.1552734375
3406 -0.076171875
3407 -0.0185546875
3408 -0.0205078125
3409 -0.1611328125
3410 -0.0859375
3411 -0.0263671875
3412 -0.0244140625
3413 -0.15234375
3414 -0.0400390625
3415 0.0234375
3416 0.0224609375
3417 -0.0576171875
3418 0.037109375
3419 0.08984375
3420 0.0751953125
3421 -0.0048828125
3422 0.080078125
3423 0.125
3424 0.1025390625
3425 0.021484375
3426 0.099609375
3427 0.1416015625
3428 0.115234375
3429 0.0244140625
3430 0.103515625
3431 0.1435546875
3432 0.1142578125
3433 0.0166015625
3434 0.09375
3435 0.134765625
3436 0.1064453125
3437 0.0029296875
3438 0.08203125
3439 0.1240234375
3440 0.0986328125
3441 0.0390625
3442 0.1181640625
3443 0.15234375
3444 0.12109375
3445 0.017578125
3446 0.0341796875
3447 0.068359375
3448 0.044921875
3449 -0.064453125
3450 -0.009765625
3451 0.0322265625
3452 0.0185546875
3453 -0.1240234375
3454 -0.0595703125
3455 -0.009765625
3456 -0.015625
3457 -0.1455078125
3458 -0.0361328125
3459 0.021484375
3460 0.017578125
3461 -0.0634765625
3462 0.0283203125
3463 0.080078125
3464 0.0615234375
3465 -0.025390625
3466 0.0595703125
3467 0.1025390625
3468 0.0810546875
3469 -0.01953125
3470 0.0615234375
3471 0.1044921875
3472 0.0830078125
3473 -0.02734375
3474 0.0556640625
3475 0.09765625
3476 0.078125
3477 0.0146484375
3478 0.0947265625
3479 0.130859375
3480 0.1015625
3481 -0.01953125
3482 -0.0048828125
3483 0.03515625
3484 0.017578125
3485 -0.138671875
3486 -0.0361328125
3487 0.01953125
3488 0.0166015625
3489 -0.09765625
3490 -0.0712890625
3491 -0.021484375
3492 -0.0224609375
3493 -0.119140625
3494 -0.015625
3495 0.037109375
3496 0.029296875
3497 -0.0625
3498 -0.05859375
3499 -0.005859375
3500 -0.0126953125
3501 -0.09765625
3502 0.0009765625
3503 0.052734375
3504 0.0400390625
3505 -0.046875
3506 -0.0244140625
3507 0.021484375
3508 0.0068359375
3509 -0.0849609375
3510 -0.0263671875
3511 0.017578125
3512 0.005859375
3513 -0.134765625
3514 -0.0693359375
3515 -0.01953125
3516 -0.0224609375
3517 -0.1513671875
3518 -0.083984375
3519 -0.02734375
3520 -0.0283203125
3521 -0.181640625
3522 -0.068359375
3523 -0.00390625
3524 -0.001953125
3525 -0.0869140625
3526 0.009765625
3527 0.0625
3528 0.0498046875
3529 -0.0400390625
3530 0.046875
3531 0.095703125
3532 0.0751953125
3533 -0.013671875
3534 0.0693359375
3535 0.1142578125
3536 0.087890625
3537 0.005859375
3538 0.0869140625
3539 0.126953125
3540 0.099609375
3541 0.0107421875
3542 0.0888671875
3543 0.126953125
3544 0.09765625
3545 -0.001953125
3546 0.076171875
3547 0.1181640625
3548 0.08984375
3549 -0.01953125
3550 0.060546875
3551 0.1025390625
3552 0.0791015625
3553 0.005859375
3554 0.083984375
3555 0.1201171875
3556 0.091796875
3557 -0.0341796875
3558 -0.021484375
3559 0.0234375
3560 0.0068359375
3561 -0.091796875
3562 0.0048828125
3563 0.0537109375
3564 0.0390625
3565 -0.0107421875
3566 0.072265625
3567 0.1123046875
3568 0.087890625
3569 0.037109375
3570 0.11328125
3571 0.1474609375
3572 0.1123046875
3573 0.056640625
3574 0.126953125
3575 0.16015625
3576 0.123046875
3577 0.0234375
3578 0.037109375
3579 0.068359375
3580 0.0400390625
3581 -0.0791015625
3582 -0.0263671875
3583 0.01171875
3584 -0.001953125
3585 -0.1220703125
3586 -0.060546875
3587 -0.013671875
3588 -0.0234375
3589 -0.13671875
3590 -0.076171875
3591 -0.0244140625
3592 -0.0322265625
3593 -0.146484375
3594 -0.078125
3595 -0.0224609375
3596 -0.0341796875
3597 -0.1435546875
3598 -0.0810546875
3599 -0.02734375
3600 -0.0361328125
3601 -0.173828125
3602 -0.1005859375
3603 -0.04296875
3604 -0.0458984375
3605 -0.1494140625
3606 -0.0400390625
3607 0.0166015625
3608 0.0087890625
3609 -0.1201171875
3610 -0.0908203125
3611 -0.0322265625
3612 -0.0361328125
3613 -0.1337890625
3614 -0.0693359375
3615 -0.013671875
3616 -0.0244140625
3617 -0.1259765625
3618 -0.0546875
3619 -0.0087890625
3620 -0.0205078125
3621 -0.1328125
3622 -0.0625
3623 -0.009765625
3624 -0.021484375
3625 -0.1767578125
3626 -0.060546875
3627 -0.0009765625
3628 -0.001953125
3629 -0.0703125
3630 0.02734375
3631 0.0771484375
3632 0.0595703125
3633 -0.0693359375
3634 0.0224609375
3635 0.0693359375
3636 0.0517578125
3637 -0.08984375
3638 -0.0703125
3639 -0.017578125
3640 -0.0224609375
3641 -0.185546875
3642 -0.11328125
3643 -0.0498046875
3644 -0.0439453125
3645 -0.146484375
3646 -0.07421875
3647 -0.0224609375
3648 -0.025390625
3649 -0.1103515625
3650 -0.0087890625
3651 0.044921875
3652 0.037109375
3653 -0.0546875
3654 -0.0517578125
3655 0.0029296875
3656 -0.0029296875
3657 -0.115234375
3658 -0.0146484375
3659 0.0419921875
3660 0.0341796875
3661 -0.0556640625
3662 0.0341796875
3663 0.0849609375
3664 0.0673828125
3665 -0.03125
3666 -0.01171875
3667 0.0302734375
3668 0.017578125
3669 -0.1015625
3670 -0.0009765625
3671 0.044921875
3672 0.0380859375
3673 -0.099609375
3674 -0.072265625
3675 -0.021484375
3676 -0.0234375
3677 -0.205078125
3678 -0.1259765625
3679 -0.060546875
3680 -0.0517578125
3681 -0.1591796875
3682 -0.0869140625
3683 -0.0322265625
3684 -0.029296875
3685 -0.1591796875
3686 -0.0849609375
3687 -0.02734375
3688 -0.0283203125
3689 -0.1865234375
3690 -0.068359375
3691 -0.0048828125
3692 0.0
3693 -0.0537109375
3694 0.04296875
3695 0.08984375
3696 0.0712890625
3697 -0.0048828125
3698 0.080078125
3699 0.1220703125
3700 0.1005859375
3701 0.00390625
3702 0.0859375
3703 0.126953125
3704 0.1005859375
3705 0.041015625
3706 0.1171875
3707 0.15234375
3708 0.1220703125
3709 0.033203125
3710 0.0439453125
3711 0.0810546875
3712 0.0546875
3713 -0.0439453125
3714 0.0087890625
3715 0.0478515625
3716 0.0302734375
3717 -0.078125
3718 -0.0185546875
3719 0.021484375
3720 0.009765625
3721 -0.1611328125
3722 -0.0498046875
3723 0.0068359375
3724 0.005859375
3725 -0.138671875
3726 -0.1064453125
3727 -0.044921875
3728 -0.04296875
3729 -0.2138671875
3730 -0.08984375
3731 -0.0185546875
3732 -0.013671875
3733 -0.064453125
3734 0.033203125
3735 0.0810546875
3736 0.0634765625
3737 -0.009765625
3738 0.0751953125
3739 0.1171875
3740 0.09375
3741 0.00390625
3742 0.0849609375
3743 0.126953125
3744 0.1005859375
3745 0.0498046875
3746 0.1279296875
3747 0.1640625
3748 0.1279296875
3749 0.0205078125
3750 0.0361328125
3751 0.0732421875
3752 0.0458984375
3753 -0.1328125
3754 -0.0810546875
3755 -0.0234375
3756 -0.0302734375
3757 -0.1328125
3758 -0.0673828125
3759 -0.0087890625
3760 -0.0205078125
3761 -0.1591796875
3762 -0.0849609375
3763 -0.0302734375
3764 -0.03515625
3765 -0.1708984375
3766 -0.0556640625
3767 0.0078125
3768 0.0048828125
3769 -0.080078125
3770 0.01953125
3771 0.0712890625
3772 0.0546875
3773 -0.037109375
3774 0.05078125
3775 0.1005859375
3776 0.076171875
3777 -0.015625
3778 0.0693359375
3779 0.11328125
3780 0.0869140625
3781 -0.0009765625
3782 0.080078125
3783 0.1220703125
3784 0.09375
3785 -0.0009765625
3786 0.0791015625
3787 0.12109375
3788 0.091796875
3789 -0.0263671875
3790 0.0576171875
3791 0.1015625
3792 0.076171875
3793 -0.0146484375
3794 0.0673828125
3795 0.1123046875
3796 0.0830078125
3797 0.029296875
3798 0.109375
3799 0.1474609375
3800 0.111328125
3801 0.0595703125
3802 0.134765625
3803 0.16796875
3804 0.1279296875
3805 0.0400390625
3806 0.0625
3807 0.0908203125
3808 0.0576171875
3809 -0.0712890625
3810 -0.0224609375
3811 0.0166015625
3812 0.0009765625
3813 -0.1474609375
3814 -0.0830078125
3815 -0.02734375
3816 -0.0361328125
3817 -0.14453125
3818 -0.0361328125
3819 0.017578125
3820 0.0078125
3821 -0.03125
3822 0.056640625
3823 0.1025390625
3824 0.0751953125
3825 0.04296875
3826 0.12109375
3827 0.158203125
3828 0.1201171875
3829 0.0771484375
3830 0.1474609375
3831 0.1826171875
3832 0.140625
3833 0.0791015625
3834 0.1474609375
3835 0.1796875
3836 0.134765625
3837 0.083984375
3838 0.1533203125
3839 0.1845703125
3840 0.1396484375
3841 0.056640625
3842 0.0791015625
3843 0.1044921875
3844 0.0634765625
3845 -0.0302734375
3846 0.0498046875
3847 0.0908203125
3848 0.0595703125
3849 -0.0341796875
3850 -0.0166015625
3851 0.0244140625
3852 -0.001953125
3853 -0.107421875
3854 -0.0478515625
3855 -0.00390625
3856 -0.0205078125
3857 -0.1201171875
3858 -0.056640625
3859 -0.0126953125
3860 -0.02734375
3861 -0.1337890625
3862 -0.0703125
3863 -0.0244140625
3864 -0.037109375
3865 -0.13671875
3866 -0.072265625
3867 -0.0244140625
3868 -0.0341796875
3869 -0.177734375
3870 -0.1064453125
3871 -0.0517578125
3872 -0.0595703125
3873 -0.1943359375
3874 -0.1171875
3875 -0.0615234375
3876 -0.0625
3877 -0.18359375
3878 -0.072265625
3879 -0.009765625
3880 -0.013671875
3881 -0.080078125
3882 0.0146484375
3883 0.0634765625
3884 0.044921875
3885 -0.0263671875
3886 0.056640625
3887 0.099609375
3888 0.072265625
3889 0.0048828125
3890 0.08203125
3891 0.123046875
3892 0.0888671875
3893 0.017578125
3894 0.0927734375
3895 0.12890625
3896 0.0947265625
3897 0.037109375
3898 0.1103515625
3899 0.1455078125
3900 0.107421875
3901 0.0283203125
3902 0.046875
3903 0.0771484375
3904 0.0439453125
3905 -0.056640625
3906 -0.0009765625
3907 0.033203125
3908 0.0087890625
3909 -0.0947265625
3910 -0.0361328125
3911 0.00390625
3912 -0.0166015625
3913 -0.09765625
3914 -0.00390625
3915 0.0419921875
3916 0.025390625
3917 -0.013671875
3918 0.0673828125
3919 0.1083984375
3920 0.078125
3921 -0.0205078125
3922 -0.00390625
3923 0.0302734375
3924 0.0068359375
3925 -0.1494140625
3926 -0.0478515625
3927 0.00390625
3928 -0.00390625
3929 -0.13671875
3930 -0.111328125
3931 -0.056640625
3932 -0.056640625
3933 -0.1630859375
3934 -0.0556640625
3935 0.001953125
3936 -0.00390625
3937 -0.076171875
3938 0.015625
3939 0.0625
3940 0.04296875
3941 -0.052734375
3942 -0.0322265625
3943 0.01171875
3944 -0.005859375
3945 -0.146484375
3946 -0.0810546875
3947 -0.0361328125
3948 -0.0419921875
3949 -0.1962890625
3950 -0.125
3951 -0.0654296875
3952 -0.064453125
3953 -0.197265625
3954 -0.1201171875
3955 -0.0625
3956 -0.0615234375
3957 -0.158203125
3958 -0.083984375
3959 -0.03125
3960 -0.0380859375
3961 -0.1572265625
3962 -0.0517578125
3963 0.0029296875
3964 0.0
3965 -0.166015625
3966 -0.138671875
3967 -0.0751953125
3968 -0.06640625
3969 -0.1826171875
3970 -0.111328125
3971 -0.05078125
3972 -0.0478515625
3973 -0.1298828125
3974 -0.0595703125
3975 -0.0087890625
3976 -0.015625
3977 -0.1416015625
3978 -0.0732421875
3979 -0.0224609375
3980 -0.0302734375
3981 -0.1748046875
3982 -0.0634765625
3983 -0.0009765625
3984 -0.001953125
3985 -0.041015625
3986 0.048828125
3987 0.0947265625
3988 0.07421875
3989 0.0224609375
3990 0.1015625
3991 0.1376953125
3992 0.1083984375
3993 0.001953125
3994 0.0185546875
3995 0.05078125
3996 0.0302734375
3997 -0.08984375
3998 -0.0322265625
3999 -0.0166015625
4000 0.029296875
4001 -0.03125
4002 0.0029296875
4003 0.0126953125
4004 0.052734375
4005 0.025390625
4006 0.05078125
4007 0.0537109375
4008 0.0849609375
4009 0.0107421875
4010 -0.0302734375
4011 -0.02734375
4012 0.0126953125
4013 -0.0556640625
4014 -0.0537109375
4015 -0.0458984375
4016 -0.0029296875
4017 -0.103515625
4018 -0.0888671875
4019 -0.0791015625
4020 -0.029296875
4021 -0.115234375
4022 -0.0615234375
4023 -0.04296875
4024 0.009765625
4025 -0.0322265625
4026 0.001953125
4027 0.0126953125
4028 0.0546875
4029 0.0048828125
4030 0.033203125
4031 0.0380859375
4032 0.0732421875
4033 0.029296875
4034 0.05078125
4035 0.0517578125
4036 0.0849609375
4037 0.041015625
4038 0.060546875
4039 0.060546875
4040 0.0927734375
4041 0.037109375
4042 0.056640625
4043 0.0556640625
4044 0.087890625
4045 0.0107421875
4046 0.0341796875
4047 0.037109375
4048 0.0703125
4049 0.0205078125
4050 0.0419921875
4051 0.044921875
4052 0.0791015625
4053 0.0693359375
4054 0.0859375
4055 0.0810546875
4056 0.1064453125
4057 0.1005859375
4058 0.1103515625
4059 0.1025390625
4060 0.1240234375
4061 0.080078125
4062 0.0390625
4063 0.02734375
4064 0.052734375
4065 -0.0341796875
4066 -0.04296875
4067 -0.04296875
4068 -0.001953125
4069 -0.1103515625
4070 -0.1025390625
4071 -0.0859375
4072 -0.0380859375
4073 -0.10546875
4074 -0.0576171875
4075 -0.04296875
4076 0.0068359375
4077 0.0107421875
4078 0.037109375
4079 0.0419921875
4080 0.07421875
4081 0.0849609375
4082 0.099609375
4083 0.095703125
4084 0.1201171875
4085 0.1201171875
4086 0.126953125
4087 0.119140625
4088 0.1376953125
4089 0.1220703125
4090 0.1279296875
4091 0.1171875
4092 0.1337890625
4093 0.1279296875
4094 0.130859375
4095 0.12109375
4096 0.13671875
4097 0.09765625
4098 0.0576171875
4099 0.0419921875
4100 0.0625
4101 0.01171875
4102 0.0322265625
4103 0.029296875
4104 0.0595703125
4105 0.0029296875
4106 -0.03515625
4107 -0.0380859375
4108 -0.001953125
4109 -0.0703125
4110 -0.068359375
4111 -0.064453125
4112 -0.0224609375
4113 -0.08203125
4114 -0.0751953125
4115 -0.0703125
4116 -0.0283203125
4117 -0.099609375
4118 -0.0927734375
4119 -0.0830078125
4120 -0.0390625
4121 -0.125
4122 -0.11328125
4123 -0.0966796875
4124 -0.048828125
4125 -0.107421875
4126 -0.1005859375
4127 -0.0888671875
4128 -0.041015625
4129 -0.087890625
4130 -0.076171875
4131 -0.0693359375
4132 -0.0263671875
4133 -0.0927734375
4134 -0.0810546875
4135 -0.0712890625
4136 -0.0283203125
4137 -0.1435546875
4138 -0.1474609375
4139 -0.126953125
4140 -0.06640625
4141 -0.1259765625
4142 -0.109375
4143 -0.0927734375
4144 -0.0439453125
4145 -0.109375
4146 -0.09375
4147 -0.083984375
4148 -0.03515625
4149 -0.0791015625
4150 -0.037109375
4151 -0.0224609375
4152 0.0224609375
4153 -0.029296875
4154 -0.083984375
4155 -0.0673828125
4156 -0.017578125
4157 -0.095703125
4158 -0.0478515625
4159 -0.03125
4160 0.0185546875
4161 -0.04296875
4162 -0.0068359375
4163 0.0068359375
4164 0.044921875
4165 -0.013671875
4166 -0.048828125
4167 -0.041015625
4168 -0.0009765625
4169 -0.0791015625
4170 -0.033203125
4171 -0.021484375
4172 0.0234375
4173 -0.0810546875
4174 -0.1103515625
4175 -0.091796875
4176 -0.0419921875
4177 -0.17578125
4178 -0.14453125
4179 -0.1181640625
4180 -0.05859375
4181 -0.138671875
4182 -0.111328125
4183 -0.0947265625
4184 -0.04296875
4185 -0.111328125
4186 -0.095703125
4187 -0.078125
4188 -0.02734375
4189 -0.1328125
4190 -0.115234375
4191 -0.0927734375
4192 -0.0380859375
4193 -0.10546875
4194 -0.08984375
4195 -0.072265625
4196 -0.0224609375
4197 -0.1025390625
4198 -0.08984375
4199 -0.0732421875
4200 -0.0205078125
4201 -0.1396484375
4202 -0.1181640625
4203 -0.0927734375
4204 -0.03515625
4205 -0.10546875
4206 -0.0478515625
4207 -0.029296875
4208 0.0224609375
4209 0.02734375
4210 0.056640625
4211 0.0634765625
4212 0.0966796875
4213 0.1083984375
4214 0.1240234375
4215 0.1220703125
4216 0.14453125
4217 0.1455078125
4218 0.1533203125
4219 0.1455078125
4220 0.1650390625
4221 0.1494140625
4222 0.15625
4223 0.1435546875
4224 0.162109375
4225 0.154296875
4226 0.1591796875
4227 0.1474609375
4228 0.1640625
4229 0.125
4230 0.083984375
4231 0.0693359375
4232 0.087890625
4233 0.0380859375
4234 0.0576171875
4235 0.0546875
4236 0.0859375
4237 0.0302734375
4238 -0.0107421875
4239 -0.0126953125
4240 0.021484375
4241 -0.0439453125
4242 -0.044921875
4243 -0.041015625
4244 0.0
4245 -0.05859375
4246 -0.0537109375
4247 -0.0498046875
4248 -0.005859375
4249 -0.0771484375
4250 -0.0703125
4251 -0.0615234375
4252 -0.015625
4253 -0.1044921875
4254 -0.0908203125
4255 -0.076171875
4256 -0.0302734375
4257 -0.087890625
4258 -0.0791015625
4259 -0.068359375
4260 -0.021484375
4261 -0.068359375
4262 -0.0576171875
4263 -0.0478515625
4264 -0.0078125
4265 -0.07421875
4266 -0.0625
4267 -0.052734375
4268 -0.009765625
4269 -0.123046875
4270 -0.12890625
4271 -0.1044921875
4272 -0.0458984375
4273 -0.10546875
4274 -0.0908203125
4275 -0.0751953125
4276 -0.0244140625
4277 -0.0908203125
4278 -0.0771484375
4279 -0.06640625
4280 -0.0166015625
4281 -0.0634765625
4282 -0.01953125
4283 -0.0048828125
4284 0.0400390625
4285 -0.01171875
4286 -0.06640625
4287 -0.0517578125
4288 -0.00390625
4289 -0.072265625
4290 -0.025390625
4291 -0.0126953125
4292 0.0361328125
4293 -0.0166015625
4294 0.01953125
4295 0.02734375
4296 0.0673828125
4297 0.005859375
4298 -0.0302734375
4299 -0.0263671875
4300 0.015625
4301 -0.0615234375
4302 -0.0185546875
4303 -0.0068359375
4304 0.0380859375
4305 -0.0537109375
4306 -0.083984375
4307 -0.0693359375
4308 -0.01953125
4309 -0.1552734375
4310 -0.126953125
4311 -0.103515625
4312 -0.0439453125
4313 -0.125
4314 -0.1005859375
4315 -0.0830078125
4316 -0.029296875
4317 -0.099609375
4318 -0.08203125
4319 -0.06640625
4320 -0.015625
4321 -0.1240234375
4322 -0.1025390625
4323 -0.0830078125
4324 -0.02734375
4325 -0.0947265625
4326 -0.0791015625
4327 -0.0615234375
4328 -0.01171875
4329 -0.0908203125
4330 -0.0791015625
4331 -0.0634765625
4332 -0.01171875
4333 -0.1201171875
4334 -0.1015625
4335 -0.080078125
4336 -0.0224609375
4337 -0.09375
4338 -0.037109375
4339 -0.01953125
4340 0.0322265625
4341 0.037109375
4342 0.0673828125
4343 0.0732421875
4344 0.10546875
4345 0.1171875
4346 0.1337890625
4347 0.130859375
4348 0.15234375
4349 0.1533203125
4350 0.16015625
4351 0.1552734375
4352 0.1708984375
4353 0.15625
4354 0.1640625
4355 0.15234375
4356 0.1689453125
4357 0.16015625
4358 0.1669921875
4359 0.1552734375
4360 0.171875
4361 0.1328125
4362 0.091796875
4363 0.076171875
4364 0.095703125
4365 0.044921875
4366 0.06640625
4367 0.064453125
4368 0.0927734375
4369 0.037109375
4370 -0.0029296875
4371 -0.0048828125
4372 0.029296875
4373 -0.0380859375
4374 -0.0380859375
4375 -0.033203125
4376 0.0068359375
4377 -0.05078125
4378 -0.0458984375
4379 -0.0400390625
4380 0.0
4381 -0.072265625
4382 -0.0634765625
4383 -0.0546875
4384 -0.0087890625
4385 -0.099609375
4386 -0.0849609375
4387 -0.0693359375
4388 -0.0234375
4389 -0.083984375
4390 -0.0732421875
4391 -0.0634765625
4392 -0.0166015625
4393 -0.0634765625
4394 -0.052734375
4395 -0.0439453125
4396 -0.0029296875
4397 -0.0673828125
4398 -0.0576171875
4399 -0.044921875
4400 -0.00390625
4401 -0.1162109375
4402 -0.123046875
4403 -0.099609375
4404 -0.0419921875
4405 -0.1015625
4406 -0.0869140625
4407 -0.0693359375
4408 -0.0166015625
4409 -0.0859375
4410 -0.0703125
4411 -0.060546875
4412 -0.01171875
4413 -0.0576171875
4414 -0.0146484375
4415 0.0
4416 0.044921875
4417 -0.0068359375
4418 -0.0634765625
4419 -0.044921875
4420 0.0
4421 -0.06640625
4422 -0.021484375
4423 -0.005859375
4424 0.0400390625
4425 -0.0068359375
4426 0.02734375
4427 0.0341796875
4428 0.0732421875
4429 0.017578125
4430 -0.017578125
4431 -0.015625
4432 0.025390625
4433 -0.052734375
4434 -0.009765625
4435 0.0
4436 0.046875
4437 -0.0478515625
4438 -0.076171875
4439 -0.0625
4440 -0.0146484375
4441 -0.1474609375
4442 -0.119140625
4443 -0.0966796875
4444 -0.0390625
4445 -0.1162109375
4446 -0.091796875
4447 -0.0751953125
4448 -0.0244140625
4449 -0.095703125
4450 -0.0771484375
4451 -0.0634765625
4452 -0.009765625
4453 -0.119140625
4454 -0.1005859375
4455 -0.080078125
4456 -0.0234375
4457 -0.09375
4458 -0.0751953125
4459 -0.05859375
4460 -0.0107421875
4461 -0.087890625
4462 -0.0771484375
4463 -0.0595703125
4464 -0.0078125
4465 -0.12109375
4466 -0.1005859375
4467 -0.0771484375
4468 -0.0205078125
4469 -0.0888671875
4470 -0.037109375
4471 -0.0166015625
4472 0.0361328125
4473 0.0380859375
4474 0.0703125
4475 0.0751953125
4476 0.1103515625
4477 0.1201171875
4478 0.1357421875
4479 0.1337890625
4480 0.1572265625
4481 0.1552734375
4482 0.1640625
4483 0.158203125
4484 0.1748046875
4485 0.1591796875
4486 0.1650390625
4487 0.154296875
4488 0.169921875
4489 0.1630859375
4490 0.16796875
4491 0.1572265625
4492 0.1728515625
4493 0.1357421875
4494 0.09375
4495 0.0791015625
4496 0.09765625
4497 0.0458984375
4498 0.0693359375
4499 0.0654296875
4500 0.095703125
4501 0.0380859375
4502 0.0009765625
4503 -0.0029296875
4504 0.0322265625
4505 -0.0361328125
4506 -0.03515625
4507 -0.0302734375
4508 0.0087890625
4509 -0.0478515625
4510 -0.0439453125
4511 -0.037109375
4512 0.0029296875
4513 -0.0673828125
4514 -0.060546875
4515 -0.05078125
4516 -0.0068359375
4517 -0.095703125
4518 -0.08203125
4519 -0.068359375
4520 -0.0205078125
4521 -0.080078125
4522 -0.072265625
4523 -0.060546875
4524 -0.0126953125
4525 -0.060546875
4526 -0.0498046875
4527 -0.0419921875
4528 0.001953125
4529 -0.064453125
4530 -0.0546875
4531 -0.0458984375
4532 -0.001953125
4533 -0.115234375
4534 -0.1201171875
4535 -0.09765625
4536 -0.041015625
4537 -0.0986328125
4538 -0.0849609375
4539 -0.0673828125
4540 -0.0166015625
4541 -0.0849609375
4542 -0.0673828125
4543 -0.05859375
4544 -0.0087890625
4545 -0.0576171875
4546 -0.0126953125
4547 0.001953125
4548 0.046875
4549 -0.005859375
4550 -0.0595703125
4551 -0.04296875
4552 0.001953125
4553 -0.0654296875
4554 -0.0185546875
4555 -0.0048828125
4556 0.041015625
4557 -0.0048828125
4558 0.02734375
4559 0.0390625
4560 0.0751953125
4561 0.01953125
4562 -0.017578125
4563 -0.0146484375
4564 0.025390625
4565 -0.0517578125
4566 -0.0068359375
4567 0.0
4568 0.046875
4569 -0.0458984375
4570 -0.0732421875
4571 -0.0625
4572 -0.013671875
4573 -0.1474609375
4574 -0.1201171875
4575 -0.0947265625
4576 -0.037109375
4577 -0.1162109375
4578 -0.0927734375
4579 -0.0751953125
4580 -0.0234375
4581 -0.09375
4582 -0.078125
4583 -0.060546875
4584 -0.0107421875
4585 -0.1162109375
4586 -0.09765625
4587 -0.078125
4588 -0.0205078125
4589 -0.08984375
4590 -0.0732421875
4591 -0.0576171875
4592 -0.005859375
4593 -0.0830078125
4594 -0.0712890625
4595 -0.0576171875
4596 -0.0068359375
4597 -0.119140625
4598 -0.09765625
4599 -0.0751953125
4600 -0.0185546875
4601 -0.087890625
4602 -0.033203125
4603 -0.0146484375
4604 0.0380859375
4605 0.044921875
4606 0.0712890625
4607 0.076171875
4608 0.111328125
4609 0.12109375
4610 0.138671875
4611 0.134765625
4612 0.158203125
4613 0.158203125
4614 0.166015625
4615 0.158203125
4616 0.177734375
4617 0.1611328125
4618 0.16796875
4619 0.154296875
4620 0.1728515625
4621 0.1669921875
4622 0.171875
4623 0.1572265625
4624 0.1748046875
4625 0.13671875
4626 0.0947265625
4627 0.0810546875
4628 0.09765625
4629 0.05078125
4630 0.068359375
4631 0.0654296875
4632 0.0966796875
4633 0.0390625
4634 0.0
4635 -0.0029296875
4636 0.033203125
4637 -0.0341796875
4638 -0.033203125
4639 -0.0302734375
4640 0.01171875
4641 -0.046875
4642 -0.0419921875
4643 -0.0380859375
4644 0.0048828125
4645 -0.06640625
4646 -0.060546875
4647 -0.048828125
4648 -0.005859375
4649 -0.0947265625
4650 -0.0830078125
4651 -0.06640625
4652 -0.01953125
4653 -0.0791015625
4654 -0.0703125
4655 -0.05859375
4656 -0.0126953125
4657 -0.05859375
4658 -0.046875
4659 -0.041015625
4660 0.0029296875
4661 -0.0634765625
4662 -0.052734375
4663 -0.04296875
4664 0.0
4665 -0.1142578125
4666 -0.1201171875
4667 -0.0966796875
4668 -0.0400390625
4669 -0.095703125
4670 -0.0849609375
4671 -0.06640625
4672 -0.015625
4673 -0.0830078125
4674 -0.068359375
4675 -0.05859375
4676 -0.0087890625
4677 -0.0556640625
4678 -0.01171875
4679 0.0
4680 0.0478515625
4681 -0.005859375
4682 -0.05859375
4683 -0.044921875
4684 0.0048828125
4685 -0.064453125
4686 -0.0166015625
4687 -0.00390625
4688 0.0439453125
4689 -0.001953125
4690 0.029296875
4691 0.0380859375
4692 0.0771484375
4693 0.017578125
4694 -0.0185546875
4695 -0.0126953125
4696 0.0263671875
4697 -0.0498046875
4698 -0.009765625
4699 0.001953125
4700 0.046875
4701 -0.0478515625
4702 -0.076171875
4703 -0.0625
4704 -0.013671875
4705 -0.146484375
4706 -0.1181640625
4707 -0.095703125
4708 -0.03515625
4709 -0.115234375
4710 -0.09375
4711 -0.0751953125
4712 -0.021484375
4713 -0.09375
4714 -0.0771484375
4715 -0.0615234375
4716 -0.0107421875
4717 -0.115234375
4718 -0.0986328125
4719 -0.076171875
4720 -0.0205078125
4721 -0.0888671875
4722 -0.072265625
4723 -0.056640625
4724 -0.0068359375
4725 -0.0859375
4726 -0.072265625
4727 -0.05859375
4728 -0.00390625
4729 -0.12109375
4730 -0.0986328125
4731 -0.076171875
4732 -0.01953125
4733 -0.087890625
4734 -0.0341796875
4735 -0.015625
4736 0.0380859375
4737 0.04296875
4738 0.0732421875
4739 0.0771484375
4740 0.111328125
4741 0.1240234375
4742 0.138671875
4743 0.134765625
4744 0.158203125
4745 0.1591796875
4746 0.166015625
4747 0.1591796875
4748 0.177734375
4749 0.162109375
4750 0.16796875
4751 0.1552734375
4752 0.173828125
4753 0.1669921875
4754 0.169921875
4755 0.1591796875
4756 0.17578125
4757 0.1376953125
4758 0.0966796875
4759 0.08203125
4760 0.099609375
4761 0.0498046875
4762 0.0712890625
4763 0.0673828125
4764 0.095703125
4765 0.0400390625
4766 0.001953125
4767 -0.001953125
4768 0.033203125
4769 -0.03515625
4770 -0.0322265625
4771 -0.0302734375
4772 0.01171875
4773 -0.0458984375
4774 -0.04296875
4775 -0.0380859375
4776 0.005859375
4777 -0.06640625
4778 -0.0595703125
4779 -0.0517578125
4780 -0.0068359375
4781 -0.09375
4782 -0.08203125
4783 -0.06640625
4784 -0.017578125
4785 -0.078125
4786 -0.0693359375
4787 -0.0576171875
4788 -0.0107421875
4789 -0.056640625
4790 -0.0478515625
4791 -0.0400390625
4792 0.0029296875
4793 -0.0634765625
4794 -0.052734375
4795 -0.04296875
4796 0.0029296875
4797 -0.1142578125
4798 -0.1181640625
4799 -0.095703125
4800 -0.0361328125
4801 -0.09765625
4802 -0.083984375
4803 -0.06640625
4804 -0.0146484375
4805 -0.08203125
4806 -0.0673828125
4807 -0.056640625
4808 -0.0087890625
4809 -0.0556640625
4810 -0.009765625
4811 0.0029296875
4812 0.0478515625
4813 -0.0048828125
4814 -0.05859375
4815 -0.04296875
4816 0.0048828125
4817 -0.064453125
4818 -0.017578125
4819 -0.0029296875
4820 0.0439453125
4821 -0.0068359375
4822 0.02734375
4823 0.0361328125
4824 0.076171875
4825 0.015625
4826 -0.0205078125
4827 -0.0166015625
4828 0.0234375
4829 -0.052734375
4830 -0.0087890625
4831 0.001953125
4832 0.046875
4833 -0.0439453125
4834 -0.0751953125
4835 -0.060546875
4836 -0.01171875
4837 -0.146484375
4838 -0.1201171875
4839 -0.0947265625
4840 -0.03515625
4841 -0.1171875
4842 -0.0908203125
4843 -0.076171875
4844 -0.021484375
4845 -0.09375
4846 -0.0751953125
4847 -0.060546875
4848 -0.0087890625
4849 -0.1142578125
4850 -0.09765625
4851 -0.07421875
4852 -0.021484375
4853 -0.087890625
4854 -0.07421875
4855 -0.0546875
4856 -0.0068359375
4857 -0.083984375
4858 -0.072265625
4859 -0.0556640625
4860 -0.0048828125
4861 -0.119140625
4862 -0.0966796875
4863 -0.07421875
4864 -0.0166015625
4865 -0.087890625
4866 -0.0322265625
4867 -0.0146484375
4868 0.0380859375
4869 0.0400390625
4870 0.072265625
4871 0.080078125
4872 0.1103515625
4873 0.1220703125
4874 0.1376953125
4875 0.13671875
4876 0.1591796875
4877 0.1591796875
4878 0.16796875
4879 0.1611328125
4880 0.1767578125
4881 0.1611328125
4882 0.16796875
4883 0.1572265625
4884 0.1748046875
4885 0.166015625
4886 0.171875
4887 0.1611328125
4888 0.1767578125
4889 0.1396484375
4890 0.0966796875
4891 0.08203125
4892 0.1025390625
4893 0.0498046875
4894 0.0712890625
4895 0.068359375
4896 0.0966796875
4897 0.0439453125
4898 0.0029296875
4899 0.001953125
4900 0.0341796875
4901 -0.033203125
4902 -0.033203125
4903 -0.0244140625
4904 0.01171875
4905 -0.0478515625
4906 -0.0419921875
4907 -0.03515625
4908 0.005859375
4909 -0.0673828125
4910 -0.05859375
4911 -0.0498046875
4912 -0.0048828125
4913 -0.09375
4914 -0.078125
4915 -0.0654296875
4916 -0.0185546875
4917 -0.0791015625
4918 -0.0693359375
4919 -0.0576171875
4920 -0.01171875
4921 -0.05859375
4922 -0.046875
4923 -0.0390625
4924 0.0029296875
4925 -0.0625
4926 -0.0517578125
4927 -0.041015625
4928 0.0
4929 -0.111328125
4930 -0.1171875
4931 -0.095703125
4932 -0.037109375
4933 -0.0986328125
4934 -0.0810546875
4935 -0.0634765625
4936 -0.0146484375
4937 -0.08203125
4938 -0.0673828125
4939 -0.056640625
4940 -0.0087890625
4941 -0.0546875
4942 -0.0107421875
4943 0.0048828125
4944 0.048828125
4945 -0.001953125
4946 -0.05859375
4947 -0.041015625
4948 0.0048828125
4949 -0.0625
4950 -0.017578125
4951 -0.001953125
4952 0.0439453125
4953 -0.005859375
4954 0.029296875
4955 0.0380859375
4956 0.076171875
4957 0.0185546875
4958 -0.0166015625
4959 -0.01171875
4960 0.0283203125
4961 -0.05078125
4962 -0.0078125
4963 0.0029296875
4964 0.0478515625
4965 -0.0439453125
4966 -0.07421875
4967 -0.0615234375
4968 -0.0126953125
4969 -0.1455078125
4970 -0.1181640625
4971 -0.09375
4972 -0.03515625
4973 -0.11328125
4974 -0.0908203125
4975 -0.07421875
4976 -0.021484375
4977 -0.09375
4978 -0.0732421875
4979 -0.060546875
4980 -0.0078125
4981 -0.115234375
4982 -0.0966796875
4983 -0.076171875
4984 -0.01953125
4985 -0.0888671875
4986 -0.072265625
4987 -0.056640625
4988 -0.0048828125
4989 -0.083984375
4990 -0.072265625
4991 -0.0576171875
4992 -0.0048828125
4993 -0.119140625
4994 -0.0986328125
4995 -0.07421875
4996 -0.0166015625
4997 -0.0888671875
4998 -0.0322265625
4999 -0.0146484375
