x y
0 0.02734375
1 -0.0908203125
2 -0.0693359375
3 -0.015625
4 -0.0224609375
5 -0.416015625
6 -0.0771484375
7 -0.00390625
8 -0.0341796875
9 -0.1513671875
10 -0.0625
11 0.0078125
12 -0.0224609375
13 -0.1337890625
14 -0.0068359375
15 0.0673828125
16 0.029296875
17 -0.0810546875
18 -0.0615234375
19 0.017578125
20 -0.017578125
21 -0.1474609375
22 -0.017578125
23 0.060546875
24 0.0263671875
25 -0.107421875
26 -0.0634765625
27 0.0107421875
28 -0.0205078125
29 -0.138671875
30 -0.0478515625
31 0.0224609375
32 -0.01171875
33 -0.1162109375
34 -0.03125
35 0.037109375
36 0.0
37 -0.12109375
38 0.0029296875
39 0.0732421875
40 0.0380859375
41 -0.0517578125
42 0.0615234375
43 0.125
44 0.0791015625
45 0.013671875
46 0.119140625
47 0.177734375
48 0.1201171875
49 0.0224609375
50 0.0673828125
51 0.119140625
52 0.060546875
53 -0.068359375
54 0.0419921875
55 0.10546875
56 0.0595703125
57 -0.0791015625
58 -0.0400390625
59 0.0244140625
60 -0.0068359375
61 -0.1240234375
62 -0.041015625
63 0.0234375
64 -0.0078125
65 -0.12109375
66 -0.0390625
67 0.0263671875
68 -0.0078125
69 -0.1513671875
70 -0.025390625
71 0.048828125
72 0.01953125
73 -0.0361328125
74 0.0732421875
75 0.13671875
76 0.0869140625
77 -0.0078125
78 0.0390625
79 0.091796875
80 0.0400390625
81 -0.0908203125
82 0.0244140625
83 0.0908203125
84 0.046875
85 -0.091796875
86 -0.05078125
87 0.0166015625
88 -0.015625
89 -0.1318359375
90 -0.0439453125
91 0.0224609375
92 -0.01171875
93 -0.1259765625
94 -0.041015625
95 0.0263671875
96 -0.0107421875
97 -0.154296875
98 -0.0263671875
99 0.0517578125
100 0.0166015625
101 -0.037109375
102 0.072265625
103 0.1357421875
104 0.0849609375
105 -0.009765625
106 0.0400390625
107 0.091796875
108 0.0400390625
109 -0.091796875
110 0.0244140625
111 0.08984375
112 0.048828125
113 -0.0908203125
114 -0.05078125
115 0.015625
116 -0.015625
117 -0.1298828125
118 -0.048828125
119 0.0205078125
120 -0.0126953125
121 -0.126953125
122 -0.0419921875
123 0.0224609375
124 -0.0107421875
125 -0.1552734375
126 -0.0283203125
127 0.0458984375
128 0.0166015625
129 -0.041015625
130 0.0712890625
131 0.1328125
132 0.083984375
133 -0.009765625
134 0.037109375
135 0.0888671875
136 0.0390625
137 -0.091796875
138 0.0234375
139 0.0869140625
140 0.044921875
141 -0.0927734375
142 -0.052734375
143 0.0146484375
144 -0.0185546875
145 -0.1328125
146 -0.046875
147 0.021484375
148 -0.013671875
149 -0.12890625
150 -0.04296875
151 0.0244140625
152 -0.01171875
153 -0.1552734375
154 -0.0263671875
155 0.0498046875
156 0.0166015625
157 -0.041015625
158 0.0732421875
159 0.13671875
160 0.0849609375
161 -0.0107421875
162 0.0380859375
163 0.09375
164 0.0390625
165 -0.0908203125
166 0.0234375
167 0.0908203125
168 0.0478515625
169 -0.091796875
170 -0.0517578125
171 0.0185546875
172 -0.0166015625
173 -0.1337890625
174 -0.0478515625
175 0.0205078125
176 -0.0126953125
177 -0.1298828125
178 -0.044921875
179 0.021484375
180 -0.01171875
181 -0.1552734375
182 -0.0263671875
183 0.0458984375
184 0.0166015625
185 -0.041015625
186 0.0712890625
187 0.134765625
188 0.083984375
189 -0.0107421875
190 0.037109375
191 0.091796875
192 0.037109375
193 -0.0908203125
194 0.0224609375
195 0.0888671875
196 0.046875
197 -0.0927734375
198 -0.0537109375
199 0.0146484375
200 -0.0166015625
201 -0.1318359375
202 -0.046875
203 0.0185546875
204 -0.0126953125
205 -0.1279296875
206 -0.0439453125
207 0.0185546875
208 -0.01171875
209 -0.150390625
210 -0.0283203125
211 0.04296875
212 0.0166015625
213 -0.0361328125
214 0.0693359375
215 0.1318359375
216 0.0849609375
217 -0.0078125
218 0.0361328125
219 0.0888671875
220 0.0400390625
221 -0.091796875
222 0.021484375
223 0.0859375
224 0.046875
225 -0.09375
226 -0.0537109375
227 0.0126953125
228 -0.0185546875
229 -0.1318359375
230 -0.048828125
231 0.017578125
232 -0.013671875
233 -0.126953125
234 -0.0458984375
235 0.01953125
236 -0.01171875
237 -0.1552734375
238 -0.029296875
239 0.0439453125
240 0.015625
241 -0.037109375
242 0.0693359375
243 0.1328125
244 0.083984375
245 -0.009765625
246 0.0380859375
247 0.08984375
248 0.0390625
249 -0.09375
250 0.021484375
251 0.0869140625
252 0.046875
253 -0.0927734375
254 -0.0537109375
255 0.013671875
256 -0.0185546875
257 -0.1318359375
258 -0.046875
259 0.01953125
260 -0.013671875
261 -0.1259765625
262 -0.04296875
263 0.0224609375
264 -0.0107421875
265 -0.154296875
266 -0.0263671875
267 0.0458984375
268 0.0166015625
269 -0.0390625
270 0.0712890625
271 0.1337890625
272 0.083984375
273 -0.0107421875
274 0.037109375
275 0.0888671875
276 0.037109375
277 -0.0927734375
278 0.021484375
279 0.087890625
280 0.046875
281 -0.0908203125
282 -0.0517578125
283 0.0166015625
284 -0.017578125
285 -0.1298828125
286 -0.046875
287 0.0205078125
288 -0.013671875
289 -0.1279296875
290 -0.0439453125
291 0.0224609375
292 -0.01171875
293 -0.1552734375
294 -0.02734375
295 0.0439453125
296 0.0185546875
297 -0.0390625
298 0.0712890625
299 0.1328125
300 0.0849609375
301 -0.0126953125
302 0.0361328125
303 0.08984375
304 0.0380859375
305 -0.0927734375
306 0.021484375
307 0.0908203125
308 0.0458984375
309 -0.091796875
310 -0.052734375
311 0.015625
312 -0.0185546875
313 -0.1328125
314 -0.0458984375
315 0.0205078125
316 -0.013671875
317 -0.1279296875
318 -0.0419921875
319 0.0224609375
320 -0.0126953125
321 -0.1572265625
322 -0.0263671875
323 0.044921875
324 0.0146484375
325 -0.041015625
326 0.0703125
327 0.1337890625
328 0.0830078125
329 -0.009765625
330 0.037109375
331 0.091796875
332 0.0380859375
333 -0.09375
334 0.0224609375
335 0.087890625
336 0.0458984375
337 -0.0927734375
338 -0.05078125
339 0.015625
340 -0.015625
341 -0.1337890625
342 -0.048828125
343 0.0205078125
344 -0.0126953125
345 -0.1298828125
346 -0.044921875
347 0.0224609375
348 -0.01171875
349 -0.158203125
350 -0.0302734375
351 0.046875
352 0.015625
353 -0.041015625
354 0.0703125
355 0.13671875
356 0.0830078125
357 -0.0107421875
358 0.037109375
359 0.091796875
360 0.037109375
361 -0.0947265625
362 0.021484375
363 0.087890625
364 0.046875
365 -0.0947265625
366 -0.052734375
367 0.013671875
368 -0.0185546875
369 -0.1357421875
370 -0.0478515625
371 0.0205078125
372 -0.0166015625
373 -0.1298828125
374 -0.0458984375
375 0.021484375
376 -0.0126953125
377 -0.1552734375
378 -0.0263671875
379 0.05078125
380 0.0146484375
381 -0.04296875
382 0.0732421875
383 0.13671875
384 0.083984375
385 -0.0126953125
386 0.0380859375
387 0.09375
388 0.0380859375
389 -0.0947265625
390 0.0244140625
391 0.091796875
392 0.0458984375
393 -0.091796875
394 -0.0517578125
395 0.017578125
396 -0.0166015625
397 -0.1337890625
398 -0.046875
399 0.0224609375
400 -0.013671875
401 -0.1298828125
402 -0.04296875
403 0.025390625
404 -0.013671875
405 -0.158203125
406 -0.0263671875
407 0.05078125
408 0.015625
409 -0.0439453125
410 0.072265625
411 0.1376953125
412 0.083984375
413 -0.0146484375
414 0.037109375
415 0.0947265625
416 0.037109375
417 -0.0966796875
418 0.0205078125
419 0.0908203125
420 0.0439453125
421 -0.0947265625
422 -0.052734375
423 0.017578125
424 -0.0185546875
425 -0.13671875
426 -0.0478515625
427 0.0244140625
428 -0.0146484375
429 -0.1328125
430 -0.04296875
431 0.025390625
432 -0.01171875
433 -0.1591796875
434 -0.0283203125
435 0.05078125
436 0.0146484375
437 -0.044921875
438 0.0703125
439 0.138671875
440 0.0830078125
441 -0.013671875
442 0.0380859375
443 0.09375
444 0.037109375
445 -0.09765625
446 0.0224609375
447 0.0927734375
448 0.044921875
449 -0.095703125
450 -0.052734375
451 0.01953125
452 -0.017578125
453 -0.1376953125
454 -0.046875
455 0.0244140625
456 -0.013671875
457 -0.1337890625
458 -0.04296875
459 0.02734375
460 -0.0126953125
461 -0.16015625
462 -0.029296875
463 0.0498046875
464 0.013671875
465 -0.046875
466 0.0712890625
467 0.1376953125
468 0.08203125
469 -0.01171875
470 0.037109375
471 0.091796875
472 0.0380859375
473 -0.0986328125
474 0.021484375
475 0.08984375
476 0.0458984375
477 -0.095703125
478 -0.052734375
479 0.0166015625
480 -0.015625
481 -0.1357421875
482 -0.0458984375
483 0.0244140625
484 -0.0146484375
485 -0.1298828125
486 -0.0419921875
487 0.0263671875
488 -0.01171875
489 -0.15625
490 -0.025390625
491 0.0517578125
492 0.0166015625
493 -0.0419921875
494 0.0732421875
495 0.1376953125
496 0.083984375
497 -0.01171875
498 0.0390625
499 0.0908203125
500 0.0380859375
501 -0.091796875
502 0.0244140625
503 0.0888671875
504 0.0478515625
505 -0.08984375
506 -0.0498046875
507 0.0166015625
508 -0.015625
509 -0.130859375
510 -0.0458984375
511 0.021484375
512 -0.0126953125
513 -0.12890625
514 -0.044921875
515 0.0205078125
516 -0.0107421875
517 -0.1552734375
518 -0.02734375
519 0.0458984375
520 0.0166015625
521 -0.0400390625
522 0.0732421875
523 0.1337890625
524 0.0830078125
525 -0.01171875
526 0.037109375
527 0.0908203125
528 0.0390625
529 -0.091796875
530 0.021484375
531 0.08984375
532 0.0478515625
533 -0.0927734375
534 -0.0517578125
535 0.0185546875
536 -0.0185546875
537 -0.1328125
538 -0.046875
539 0.0234375
540 -0.013671875
541 -0.130859375
542 -0.0419921875
543 0.0224609375
544 -0.0107421875
545 -0.1552734375
546 -0.0263671875
547 0.048828125
548 0.015625
549 -0.041015625
550 0.0732421875
551 0.1357421875
552 0.083984375
553 -0.01171875
554 0.037109375
555 0.095703125
556 0.0380859375
557 -0.0947265625
558 0.0224609375
559 0.091796875
560 0.046875
561 -0.091796875
562 -0.0517578125
563 0.0185546875
564 -0.0185546875
565 -0.134765625
566 -0.0478515625
567 0.0205078125
568 -0.0126953125
569 -0.130859375
570 -0.04296875
571 0.0234375
572 -0.013671875
573 -0.1591796875
574 -0.0283203125
575 0.0458984375
576 0.015625
577 -0.0400390625
578 0.0703125
579 0.1337890625
580 0.0830078125
581 -0.0107421875
582 0.037109375
583 0.0908203125
584 0.037109375
585 -0.091796875
586 0.0224609375
587 0.0849609375
588 0.046875
589 -0.09375
590 -0.0517578125
591 0.0107421875
592 -0.0166015625
593 -0.1328125
594 -0.0458984375
595 0.0185546875
596 -0.013671875
597 -0.1259765625
598 -0.044921875
599 0.0205078125
600 -0.01171875
601 -0.1513671875
602 -0.0283203125
603 0.0458984375
604 0.0166015625
605 -0.0380859375
606 0.0703125
607 0.1337890625
608 0.0859375
609 -0.009765625
610 0.037109375
611 0.0869140625
612 0.0380859375
613 -0.091796875
614 0.0224609375
615 0.0849609375
616 0.0478515625
617 -0.0908203125
618 -0.05078125
619 0.0126953125
620 -0.0166015625
621 -0.130859375
622 -0.048828125
623 0.0185546875
624 -0.0126953125
625 -0.1259765625
626 -0.0439453125
627 0.0224609375
628 -0.0126953125
629 -0.1533203125
630 -0.0283203125
631 0.046875
632 0.0146484375
633 -0.0400390625
634 0.0712890625
635 0.1337890625
636 0.083984375
637 -0.0107421875
638 0.037109375
639 0.0908203125
640 0.0400390625
641 -0.091796875
642 0.0234375
643 0.087890625
644 0.0458984375
645 -0.0908203125
646 -0.0537109375
647 0.013671875
648 -0.017578125
649 -0.1318359375
650 -0.0478515625
651 0.0205078125
652 -0.0126953125
653 -0.1279296875
654 -0.0439453125
655 0.01953125
656 -0.0107421875
657 -0.1552734375
658 -0.0283203125
659 0.0439453125
660 0.015625
661 -0.041015625
662 0.068359375
663 0.130859375
664 0.083984375
665 -0.0107421875
666 0.0361328125
667 0.087890625
668 0.037109375
669 -0.0927734375
670 0.0224609375
671 0.0869140625
672 0.046875
673 -0.091796875
674 -0.052734375
675 0.0146484375
676 -0.0185546875
677 -0.1318359375
678 -0.0478515625
679 0.0185546875
680 -0.013671875
681 -0.1279296875
682 -0.0439453125
683 0.0185546875
684 -0.01171875
685 -0.1552734375
686 -0.0302734375
687 0.0439453125
688 0.0146484375
689 -0.0380859375
690 0.0693359375
691 0.1328125
692 0.0849609375
693 -0.01171875
694 0.0361328125
695 0.08984375
696 0.037109375
697 -0.09375
698 0.0224609375
699 0.087890625
700 0.0458984375
701 -0.0927734375
702 -0.052734375
703 0.0146484375
704 -0.0166015625
705 -0.134765625
706 -0.0478515625
707 0.0185546875
708 -0.0126953125
709 -0.12890625
710 -0.04296875
711 0.0224609375
712 -0.01171875
713 -0.1533203125
714 -0.0283203125
715 0.046875
716 0.0166015625
717 -0.0400390625
718 0.0712890625
719 0.1337890625
720 0.083984375
721 -0.0107421875
722 0.0380859375
723 0.091796875
724 0.0380859375
725 -0.091796875
726 0.0234375
727 0.0888671875
728 0.046875
729 -0.08984375
730 -0.0498046875
731 0.0185546875
732 -0.0166015625
733 -0.1328125
734 -0.0458984375
735 0.0224609375
736 -0.01171875
737 -0.12890625
738 -0.0439453125
739 0.025390625
740 -0.0126953125
741 -0.15625
742 -0.0283203125
743 0.046875
744 0.0166015625
745 -0.0390625
746 0.0703125
747 0.1337890625
748 0.083984375
749 -0.01171875
750 0.0361328125
751 0.08984375
752 0.0380859375
753 -0.095703125
754 0.0205078125
755 0.0869140625
756 0.0458984375
757 -0.09375
758 -0.0517578125
759 0.0166015625
760 -0.017578125
761 -0.134765625
762 -0.0478515625
763 0.0244140625
764 -0.0146484375
765 -0.1298828125
766 -0.0439453125
767 0.02734375
768 -0.01171875
769 -0.1591796875
770 -0.02734375
771 0.05078125
772 0.015625
773 -0.04296875
774 0.0732421875
775 0.1357421875
776 0.08203125
777 -0.013671875
778 0.0400390625
779 0.0927734375
780 0.0361328125
781 -0.0947265625
782 0.021484375
783 0.0908203125
784 0.044921875
785 -0.091796875
786 -0.05078125
787 0.0185546875
788 -0.017578125
789 -0.1328125
790 -0.046875
791 0.021484375
792 -0.0146484375
793 -0.1298828125
794 -0.04296875
795 0.0224609375
796 -0.01171875
797 -0.158203125
798 -0.029296875
799 0.044921875
800 0.0146484375
801 -0.04296875
802 0.0693359375
803 0.1337890625
804 0.0830078125
805 -0.01171875
806 0.03515625
807 0.091796875
808 0.037109375
809 -0.0947265625
810 0.0205078125
811 0.087890625
812 0.0458984375
813 -0.0947265625
814 -0.0537109375
815 0.015625
816 -0.0185546875
817 -0.1337890625
818 -0.046875
819 0.021484375
820 -0.013671875
821 -0.130859375
822 -0.0419921875
823 0.0244140625
824 -0.01171875
825 -0.1552734375
826 -0.0263671875
827 0.0498046875
828 0.015625
829 -0.04296875
830 0.0732421875
831 0.138671875
832 0.083984375
833 -0.01171875
834 0.0380859375
835 0.0947265625
836 0.0390625
837 -0.0947265625
838 0.0224609375
839 0.0908203125
840 0.0458984375
841 -0.0927734375
842 -0.05078125
843 0.01953125
844 -0.0166015625
845 -0.1357421875
846 -0.0458984375
847 0.0234375
848 -0.013671875
849 -0.1328125
850 -0.044921875
851 0.0234375
852 -0.0146484375
853 -0.1591796875
854 -0.0283203125
855 0.0498046875
856 0.013671875
857 -0.0419921875
858 0.0703125
859 0.13671875
860 0.0830078125
861 -0.0126953125
862 0.0380859375
863 0.0888671875
864 0.0390625
865 -0.0947265625
866 0.0224609375
867 0.0869140625
868 0.0458984375
869 -0.0927734375
870 -0.05078125
871 0.0146484375
872 -0.017578125
873 -0.1337890625
874 -0.048828125
875 0.021484375
876 -0.0146484375
877 -0.130859375
878 -0.0439453125
879 0.0244140625
880 -0.013671875
881 -0.1591796875
882 -0.02734375
883 0.05078125
884 0.0146484375
885 -0.0419921875
886 0.0703125
887 0.1376953125
888 0.0830078125
889 -0.013671875
890 0.0380859375
891 0.0947265625
892 0.0361328125
893 -0.0966796875
894 0.0224609375
895 0.0908203125
896 0.044921875
897 -0.095703125
898 -0.052734375
899 0.0185546875
900 -0.0185546875
901 -0.1357421875
902 -0.046875
903 0.0244140625
904 -0.0146484375
905 -0.1318359375
906 -0.044921875
907 0.025390625
908 -0.013671875
909 -0.16015625
910 -0.0283203125
911 0.048828125
912 0.013671875
913 -0.0458984375
914 0.0712890625
915 0.138671875
916 0.0830078125
917 -0.013671875
918 0.0380859375
919 0.0908203125
920 0.037109375
921 -0.09765625
922 0.0224609375
923 0.0888671875
924 0.0439453125
925 -0.0947265625
926 -0.0546875
927 0.0166015625
928 -0.01953125
929 -0.134765625
930 -0.046875
931 0.0224609375
932 -0.013671875
933 -0.1318359375
934 -0.0419921875
935 0.0244140625
936 -0.01171875
937 -0.158203125
938 -0.0263671875
939 0.05078125
940 0.015625
941 -0.04296875
942 0.072265625
943 0.1376953125
944 0.0830078125
945 -0.013671875
946 0.0361328125
947 0.091796875
948 0.037109375
949 -0.0927734375
950 0.0244140625
951 0.0888671875
952 0.046875
953 -0.09375
954 -0.052734375
955 0.0146484375
956 -0.0166015625
957 -0.1337890625
958 -0.0478515625
959 0.0205078125
960 -0.0146484375
961 -0.1298828125
962 -0.0439453125
963 0.0234375
964 -0.0107421875
965 -0.158203125
966 -0.029296875
967 0.046875
968 0.015625
969 -0.041015625
970 0.0712890625
971 0.134765625
972 0.083984375
973 -0.0107421875
974 0.037109375
975 0.0908203125
976 0.0380859375
977 -0.0927734375
978 0.0224609375
979 0.087890625
980 0.0458984375
981 -0.09375
982 -0.052734375
983 0.013671875
984 -0.0185546875
985 -0.1337890625
986 -0.046875
987 0.0205078125
988 -0.013671875
989 -0.1298828125
990 -0.0439453125
991 0.021484375
992 -0.0107421875
993 -0.158203125
994 -0.029296875
995 0.046875
996 0.013671875
997 -0.0400390625
998 0.0703125
999 0.1337890625
1000 0.0830078125
1001 -0.01171875
1002 0.0361328125
1003 0.08984375
1004 0.0390625
1005 -0.0947265625
1006 0.0234375
1007 0.087890625
1008 0.0478515625
1009 -0.09375
1010 -0.052734375
1011 0.0146484375
1012 -0.0185546875
1013 -0.1337890625
1014 -0.0478515625
1015 0.0224609375
1016 -0.013671875
1017 -0.1298828125
1018 -0.0439453125
1019 0.0224609375
1020 -0.013671875
1021 -0.1572265625
1022 -0.029296875
1023 0.046875
1024 0.013671875
1025 -0.041015625
1026 0.072265625
1027 0.1357421875
1028 0.083984375
1029 -0.0126953125
1030 0.0380859375
1031 0.091796875
1032 0.0390625
1033 -0.0947265625
1034 0.0234375
1035 0.08984375
1036 0.044921875
1037 -0.095703125
1038 -0.0546875
1039 0.0146484375
1040 -0.01953125
1041 -0.1357421875
1042 -0.05078125
1043 0.0234375
1044 -0.015625
1045 -0.130859375
1046 -0.044921875
1047 0.0224609375
1048 -0.0126953125
1049 -0.1572265625
1050 -0.0263671875
1051 0.0498046875
1052 0.015625
1053 -0.0419921875
1054 0.0732421875
1055 0.138671875
1056 0.083984375
1057 -0.01171875
1058 0.0380859375
1059 0.095703125
1060 0.0380859375
1061 -0.09375
1062 0.0234375
1063 0.091796875
1064 0.0458984375
1065 -0.09375
1066 -0.052734375
1067 0.0166015625
1068 -0.01953125
1069 -0.1357421875
1070 -0.046875
1071 0.0224609375
1072 -0.0146484375
1073 -0.1337890625
1074 -0.0439453125
1075 0.0263671875
1076 -0.0126953125
1077 -0.1591796875
1078 -0.0283203125
1079 0.048828125
1080 0.015625
1081 -0.04296875
1082 0.0712890625
1083 0.1376953125
1084 0.08203125
1085 -0.01171875
1086 0.037109375
1087 0.09375
1088 0.0380859375
1089 -0.0966796875
1090 0.021484375
1091 0.08984375
1092 0.044921875
1093 -0.0966796875
1094 -0.0537109375
1095 0.0146484375
1096 -0.0185546875
1097 -0.1357421875
1098 -0.0478515625
1099 0.021484375
1100 -0.013671875
1101 -0.1298828125
1102 -0.04296875
1103 0.0244140625
1104 -0.013671875
1105 -0.1572265625
1106 -0.0283203125
1107 0.048828125
1108 0.015625
1109 -0.041015625
1110 0.0703125
1111 0.1357421875
1112 0.08203125
1113 -0.0107421875
1114 0.037109375
1115 0.091796875
1116 0.0390625
1117 -0.0947265625
1118 0.0234375
1119 0.087890625
1120 0.046875
1121 -0.0947265625
1122 -0.052734375
1123 0.0146484375
1124 -0.0166015625
1125 -0.1318359375
1126 -0.048828125
1127 0.021484375
1128 -0.013671875
1129 -0.12890625
1130 -0.04296875
1131 0.0224609375
1132 -0.0126953125
1133 -0.158203125
1134 -0.03125
1135 0.046875
1136 0.0146484375
1137 -0.041015625
1138 0.0712890625
1139 0.1337890625
1140 0.0830078125
1141 -0.01171875
1142 0.037109375
1143 0.08984375
1144 0.0380859375
1145 -0.0927734375
1146 0.021484375
1147 0.0869140625
1148 0.0458984375
1149 -0.09375
1150 -0.0537109375
1151 0.0126953125
1152 -0.017578125
1153 -0.1318359375
1154 -0.048828125
1155 0.0205078125
1156 -0.013671875
1157 -0.126953125
1158 -0.0439453125
1159 0.0224609375
1160 -0.0107421875
1161 -0.154296875
1162 -0.0263671875
1163 0.046875
1164 0.017578125
1165 -0.0400390625
1166 0.0712890625
1167 0.1337890625
1168 0.0849609375
1169 -0.0107421875
1170 0.0390625
1171 0.09375
1172 0.0390625
1173 -0.0927734375
1174 0.0234375
1175 0.0908203125
1176 0.046875
1177 -0.091796875
1178 -0.05078125
1179 0.017578125
1180 -0.017578125
1181 -0.1318359375
1182 -0.046875
1183 0.0224609375
1184 -0.013671875
1185 -0.130859375
1186 -0.0439453125
1187 0.0224609375
1188 -0.01171875
1189 -0.16015625
1190 -0.0263671875
1191 0.0458984375
1192 0.015625
1193 -0.0400390625
1194 0.0712890625
1195 0.134765625
1196 0.0830078125
1197 -0.01171875
1198 0.037109375
1199 0.0908203125
1200 0.0390625
1201 -0.0927734375
1202 0.021484375
1203 0.0908203125
1204 0.046875
1205 -0.091796875
1206 -0.0517578125
1207 0.0146484375
1208 -0.015625
1209 -0.1318359375
1210 -0.046875
1211 0.0205078125
1212 -0.0126953125
1213 -0.12890625
1214 -0.04296875
1215 0.0205078125
1216 -0.009765625
1217 -0.1572265625
1218 -0.0283203125
1219 0.044921875
1220 0.015625
1221 -0.0400390625
1222 0.0712890625
1223 0.134765625
1224 0.083984375
1225 -0.0087890625
1226 0.037109375
1227 0.091796875
1228 0.0390625
1229 -0.09375
1230 0.0234375
1231 0.087890625
1232 0.046875
1233 -0.09375
1234 -0.0537109375
1235 0.0126953125
1236 -0.017578125
1237 -0.1337890625
1238 -0.046875
1239 0.0205078125
1240 -0.013671875
1241 -0.1298828125
1242 -0.044921875
1243 0.0234375
1244 -0.01171875
1245 -0.1572265625
1246 -0.029296875
1247 0.0478515625
1248 0.0166015625
1249 -0.0400390625
1250 0.0712890625
1251 0.1357421875
1252 0.0849609375
1253 -0.009765625
1254 0.0361328125
1255 0.08984375
1256 0.0390625
1257 -0.0947265625
1258 0.0224609375
1259 0.0849609375
1260 0.046875
1261 -0.095703125
1262 -0.0546875
1263 0.013671875
1264 -0.01953125
1265 -0.1337890625
1266 -0.048828125
1267 0.021484375
1268 -0.0126953125
1269 -0.1279296875
1270 -0.04296875
1271 0.021484375
1272 -0.01171875
1273 -0.1533203125
1274 -0.02734375
1275 0.0478515625
1276 0.017578125
1277 -0.0390625
1278 0.0712890625
1279 0.1337890625
1280 0.0830078125
1281 -0.0107421875
1282 0.0361328125
1283 0.0888671875
1284 0.0390625
1285 -0.091796875
1286 0.0234375
1287 0.087890625
1288 0.046875
1289 -0.091796875
1290 -0.052734375
1291 0.013671875
1292 -0.0185546875
1293 -0.130859375
1294 -0.048828125
1295 0.0205078125
1296 -0.01171875
1297 -0.12890625
1298 -0.044921875
1299 0.0205078125
1300 -0.0107421875
1301 -0.1552734375
1302 -0.0283203125
1303 0.044921875
1304 0.0166015625
1305 -0.0390625
1306 0.0712890625
1307 0.1328125
1308 0.083984375
1309 -0.009765625
1310 0.0361328125
1311 0.0888671875
1312 0.0380859375
1313 -0.0927734375
1314 0.0205078125
1315 0.0859375
1316 0.046875
1317 -0.0927734375
1318 -0.052734375
1319 0.01171875
1320 -0.0166015625
1321 -0.1318359375
1322 -0.046875
1323 0.0185546875
1324 -0.01171875
1325 -0.12890625
1326 -0.0439453125
1327 0.0185546875
1328 -0.009765625
1329 -0.15625
1330 -0.029296875
1331 0.0439453125
1332 0.0166015625
1333 -0.0380859375
1334 0.0703125
1335 0.1318359375
1336 0.0830078125
1337 -0.0087890625
1338 0.0361328125
1339 0.087890625
1340 0.0390625
1341 -0.091796875
1342 0.021484375
1343 0.083984375
1344 0.0478515625
1345 -0.09375
1346 -0.0546875
1347 0.0126953125
1348 -0.0166015625
1349 -0.1328125
1350 -0.0478515625
1351 0.017578125
1352 -0.0107421875
1353 -0.1279296875
1354 -0.044921875
1355 0.01953125
1356 -0.0126953125
1357 -0.15625
1358 -0.0302734375
1359 0.0439453125
1360 0.0146484375
1361 -0.037109375
1362 0.0712890625
1363 0.1337890625
1364 0.0849609375
1365 -0.0107421875
1366 0.037109375
1367 0.08984375
1368 0.0380859375
1369 -0.09375
1370 0.0205078125
1371 0.083984375
1372 0.046875
1373 -0.0927734375
1374 -0.0537109375
1375 0.01171875
1376 -0.0185546875
1377 -0.1328125
1378 -0.048828125
1379 0.0185546875
1380 -0.0126953125
1381 -0.126953125
1382 -0.0458984375
1383 0.0205078125
1384 -0.0107421875
1385 -0.1513671875
1386 -0.02734375
1387 0.0458984375
1388 0.0185546875
1389 -0.0380859375
1390 0.072265625
1391 0.1328125
1392 0.0849609375
1393 -0.009765625
1394 0.0380859375
1395 0.0908203125
1396 0.041015625
1397 -0.08984375
1398 0.0244140625
1399 0.087890625
1400 0.046875
1401 -0.08984375
1402 -0.0517578125
1403 0.0166015625
1404 -0.0166015625
1405 -0.130859375
1406 -0.0458984375
1407 0.01953125
1408 -0.01171875
1409 -0.126953125
1410 -0.0419921875
1411 0.0234375
1412 -0.0107421875
1413 -0.15625
1414 -0.02734375
1415 0.0458984375
1416 0.017578125
1417 -0.041015625
1418 0.0712890625
1419 0.1337890625
1420 0.083984375
1421 -0.0087890625
1422 0.0380859375
1423 0.0908203125
1424 0.0380859375
1425 -0.09375
1426 0.021484375
1427 0.087890625
1428 0.046875
1429 -0.09375
1430 -0.0537109375
1431 0.0146484375
1432 -0.0166015625
1433 -0.1318359375
1434 -0.046875
1435 0.0205078125
1436 -0.0126953125
1437 -0.1259765625
1438 -0.041015625
1439 0.0234375
1440 -0.009765625
1441 -0.1298828125
1442 -0.0068359375
1443 0.0654296875
1444 0.0302734375
1445 -0.0810546875
1446 -0.0322265625
1447 0.0322265625
1448 -0.0068359375
1449 -0.12109375
1450 -0.04296875
1451 0.02734375
1452 -0.0087890625
1453 -0.1298828125
1454 -0.04296875
1455 0.021484375
1456 -0.0146484375
1457 -0.1806640625
1458 -0.087890625
1459 -0.013671875
1460 -0.0390625
1461 -0.19921875
1462 -0.0634765625
1463 0.0205078125
1464 -0.00390625
1465 -0.0791015625
1466 0.041015625
1467 0.1103515625
1468 0.0634765625
1469 0.001953125
1470 0.10546875
1471 0.1689453125
1472 0.1103515625
1473 0.0107421875
1474 0.056640625
1475 0.109375
1476 0.0517578125
1477 -0.068359375
1478 0.044921875
1479 0.107421875
1480 0.060546875
1481 -0.021484375
1482 0.0869140625
1483 0.1474609375
1484 0.091796875
1485 -0.0126953125
1486 0.03125
1487 0.087890625
1488 0.037109375
1489 -0.0751953125
1490 0.0400390625
1491 0.1044921875
1492 0.0576171875
1493 -0.0126953125
1494 0.09375
1495 0.1513671875
1496 0.095703125
1497 -0.0107421875
1498 0.0302734375
1499 0.0869140625
1500 0.0322265625
1501 -0.0654296875
1502 0.017578125
1503 0.072265625
1504 0.021484375
1505 -0.1455078125
1506 -0.0205078125
1507 0.0517578125
1508 0.0166015625
1509 -0.103515625
1510 0.015625
1511 0.08203125
1512 0.0400390625
1513 -0.107421875
1514 -0.0625
1515 0.0068359375
1516 -0.0263671875
1517 -0.146484375
1518 -0.017578125
1519 0.0537109375
1520 0.0185546875
1521 -0.0537109375
1522 0.05859375
1523 0.123046875
1524 0.0732421875
1525 -0.056640625
1526 -0.0185546875
1527 0.0458984375
1528 0.0029296875
1529 -0.107421875
1530 0.0107421875
1531 0.08203125
1532 0.0380859375
1533 -0.064453125
1534 -0.0146484375
1535 0.0458984375
1536 0.001953125
1537 -0.0927734375
1538 0.0263671875
1539 0.09765625
1540 0.046875
1541 -0.005859375
1542 0.1005859375
1543 0.1640625
1544 0.1015625
1545 -0.0283203125
1546 0.0771484375
1547 0.138671875
1548 0.0791015625
1549 -0.0908203125
1550 -0.046875
1551 0.0166015625
1552 -0.0205078125
1553 -0.1337890625
1554 -0.0458984375
1555 0.0185546875
1556 -0.01953125
1557 -0.1923828125
1558 -0.11328125
1559 -0.0380859375
1560 -0.060546875
1561 -0.1826171875
1562 -0.048828125
1563 0.0283203125
1564 -0.0029296875
1565 -0.09765625
1566 -0.0498046875
1567 0.0185546875
1568 -0.015625
1569 -0.1181640625
1570 0.0
1571 0.068359375
1572 0.0322265625
1573 -0.03515625
1574 0.0751953125
1575 0.1337890625
1576 0.08203125
1577 -0.0107421875
1578 0.0283203125
1579 0.0830078125
1580 0.0361328125
1581 -0.0634765625
1582 0.0146484375
1583 0.0673828125
1584 0.021484375
1585 -0.1416015625
1586 -0.021484375
1587 0.05078125
1588 0.0166015625
1589 -0.1044921875
1590 0.0146484375
1591 0.0810546875
1592 0.0400390625
1593 -0.10546875
1594 -0.0615234375
1595 0.0068359375
1596 -0.025390625
1597 -0.1494140625
1598 -0.0185546875
1599 0.0517578125
1600 0.0185546875
1601 -0.068359375
1602 0.0458984375
1603 0.1103515625
1604 0.0625
1605 -0.0625
1606 -0.0224609375
1607 0.0390625
1608 -0.0009765625
1609 -0.1103515625
1610 0.0078125
1611 0.0771484375
1612 0.03515625
1613 -0.0654296875
1614 -0.017578125
1615 0.044921875
1616 0.0009765625
1617 -0.1259765625
1618 -0.00390625
1619 0.064453125
1620 0.0283203125
1621 -0.1005859375
1622 -0.0556640625
1623 0.0087890625
1624 -0.021484375
1625 -0.1337890625
1626 -0.0458984375
1627 0.01953125
1628 -0.015625
1629 -0.1904296875
1630 -0.1142578125
1631 -0.03515625
1632 -0.056640625
1633 -0.17578125
1634 -0.0439453125
1635 0.033203125
1636 0.0029296875
1637 -0.09375
1638 -0.0439453125
1639 0.0244140625
1640 -0.01171875
1641 -0.115234375
1642 0.005859375
1643 0.07421875
1644 0.037109375
1645 -0.03125
1646 0.0791015625
1647 0.1376953125
1648 0.0849609375
1649 -0.0048828125
1650 0.03515625
1651 0.0908203125
1652 0.0390625
1653 -0.0556640625
1654 0.0224609375
1655 0.0771484375
1656 0.0263671875
1657 -0.068359375
1658 0.0419921875
1659 0.1103515625
1660 0.060546875
1661 0.005859375
1662 0.1103515625
1663 0.1689453125
1664 0.1083984375
1665 -0.001953125
1666 0.1005859375
1667 0.15625
1668 0.09765625
1669 -0.0244140625
1670 0.0791015625
1671 0.1337890625
1672 0.0791015625
1673 -0.0634765625
1674 -0.021484375
1675 0.0380859375
1676 -0.0048828125
1677 -0.126953125
1678 -0.0048828125
1679 0.0634765625
1680 0.0234375
1681 -0.05078125
1682 0.0576171875
1683 0.1220703125
1684 0.0693359375
1685 -0.056640625
1686 -0.01953125
1687 0.0400390625
1688 -0.0009765625
1689 -0.1103515625
1690 0.005859375
1691 0.072265625
1692 0.03125
1693 -0.072265625
1694 -0.0244140625
1695 0.03125
1696 -0.005859375
1697 -0.09765625
1698 0.0166015625
1699 0.0810546875
1700 0.0400390625
1701 -0.0068359375
1702 0.0947265625
1703 0.154296875
1704 0.095703125
1705 0.0419921875
1706 0.13671875
1707 0.1904296875
1708 0.1259765625
1709 0.064453125
1710 0.15625
1711 0.20703125
1712 0.138671875
1713 0.017578125
1714 0.109375
1715 0.16015625
1716 0.0986328125
1717 -0.068359375
1718 -0.03125
1719 0.0244140625
1720 -0.0166015625
1721 -0.12890625
1722 -0.048828125
1723 0.013671875
1724 -0.02734375
1725 -0.2001953125
1726 -0.125
1727 -0.048828125
1728 -0.07421875
1729 -0.19140625
1730 -0.0615234375
1731 0.017578125
1732 -0.0146484375
1733 -0.1123046875
1734 -0.064453125
1735 0.00390625
1736 -0.03125
1737 -0.1474609375
1738 -0.021484375
1739 0.0517578125
1740 0.0107421875
1741 -0.0673828125
1742 0.0458984375
1743 0.1083984375
1744 0.0556640625
1745 -0.0439453125
1746 -0.00390625
1747 0.0576171875
1748 0.0068359375
1749 -0.0869140625
1750 -0.00390625
1751 0.0517578125
1752 0.001953125
1753 -0.091796875
1754 0.0234375
1755 0.091796875
1756 0.041015625
1757 -0.021484375
1758 0.0859375
1759 0.1484375
1760 0.0859375
1761 0.0234375
1762 0.123046875
1763 0.1796875
1764 0.1123046875
1765 0.046875
1766 0.142578125
1767 0.1962890625
1768 0.125
1769 0.015625
1770 0.1083984375
1771 0.162109375
1772 0.0966796875
1773 -0.02734375
1774 0.0703125
1775 0.1259765625
1776 0.06640625
1777 -0.0791015625
1778 -0.041015625
1779 0.0224609375
1780 -0.0244140625
1781 -0.1494140625
1782 -0.0244140625
1783 0.044921875
1784 0.0029296875
1785 -0.0732421875
1786 0.0400390625
1787 0.1044921875
1788 0.0478515625
1789 -0.078125
1790 -0.0390625
1791 0.0234375
1792 -0.0224609375
1793 -0.134765625
1794 -0.0146484375
1795 0.0595703125
1796 0.0107421875
1797 -0.09375
1798 -0.044921875
1799 0.0185546875
1800 -0.0283203125
1801 -0.123046875
1802 -0.0029296875
1803 0.068359375
1804 0.01953125
1805 -0.0322265625
1806 0.076171875
1807 0.138671875
1808 0.076171875
1809 0.0107421875
1810 0.111328125
1811 0.169921875
1812 0.1015625
1813 0.037109375
1814 0.1337890625
1815 0.1845703125
1816 0.1162109375
1817 -0.0029296875
1818 0.0908203125
1819 0.1416015625
1820 0.0810546875
1821 -0.0849609375
1822 -0.0498046875
1823 0.005859375
1824 -0.033203125
1825 -0.1474609375
1826 -0.0634765625
1827 -0.0048828125
1828 -0.041015625
1829 -0.2158203125
1830 -0.1396484375
1831 -0.0673828125
1832 -0.0859375
1833 -0.208984375
1834 -0.0751953125
1835 -0.0009765625
1836 -0.029296875
1837 -0.126953125
1838 -0.0791015625
1839 -0.0107421875
1840 -0.044921875
1841 -0.185546875
1842 -0.0615234375
1843 0.0126953125
1844 -0.017578125
1845 -0.1083984375
1846 0.005859375
1847 0.0703125
1848 0.0263671875
1849 -0.072265625
1850 -0.0302734375
1851 0.0283203125
1852 -0.0126953125
1853 -0.10546875
1854 -0.0234375
1855 0.033203125
1856 -0.0126953125
1857 -0.1083984375
1858 0.0029296875
1859 0.0703125
1860 0.02734375
1861 -0.033203125
1862 0.0712890625
1863 0.12890625
1864 0.0732421875
1865 0.009765625
1866 0.10546875
1867 0.1611328125
1868 0.0966796875
1869 0.0361328125
1870 0.1279296875
1871 0.181640625
1872 0.1162109375
1873 0.0087890625
1874 0.1005859375
1875 0.1513671875
1876 0.0908203125
1877 -0.029296875
1878 0.0654296875
1879 0.1181640625
1880 0.0625
1881 -0.076171875
1882 -0.0400390625
1883 0.017578125
1884 -0.025390625
1885 -0.1474609375
1886 -0.0283203125
1887 0.0390625
1888 -0.0009765625
1889 -0.078125
1890 0.03125
1891 0.0947265625
1892 0.041015625
1893 -0.0869140625
1894 -0.05078125
1895 0.0126953125
1896 -0.029296875
1897 -0.1416015625
1898 -0.021484375
1899 0.0458984375
1900 0.00390625
1901 -0.103515625
1902 -0.052734375
1903 0.0068359375
1904 -0.03515625
1905 -0.130859375
1906 -0.013671875
1907 0.0576171875
1908 0.01171875
1909 -0.0380859375
1910 0.068359375
1911 0.130859375
1912 0.0693359375
1913 0.0107421875
1914 0.1083984375
1915 0.1650390625
1916 0.099609375
1917 0.03515625
1918 0.1298828125
1919 0.1845703125
1920 0.1123046875
1921 -0.009765625
1922 0.0859375
1923 0.1396484375
1924 0.0751953125
1925 -0.0908203125
1926 -0.052734375
1927 0.005859375
1928 -0.0390625
1929 -0.15234375
1930 -0.0703125
1931 -0.005859375
1932 -0.0478515625
1933 -0.220703125
1934 -0.1455078125
1935 -0.0654296875
1936 -0.0947265625
1937 -0.2138671875
1938 -0.080078125
1939 -0.0009765625
1940 -0.0341796875
1941 -0.1328125
1942 -0.0830078125
1943 -0.015625
1944 -0.05078125
1945 -0.1591796875
1946 -0.037109375
1947 0.03125
1948 -0.0029296875
1949 -0.0771484375
1950 0.0322265625
1951 0.08984375
1952 0.04296875
1953 -0.052734375
1954 -0.0146484375
1955 0.041015625
1956 -0.00390625
1957 -0.09765625
1958 -0.0185546875
1959 0.03515625
1960 -0.009765625
1961 -0.1044921875
1962 0.0048828125
1963 0.0693359375
1964 0.025390625
1965 -0.0380859375
1966 0.064453125
1967 0.1220703125
1968 0.0673828125
1969 -0.0029296875
1970 0.0947265625
1971 0.1484375
1972 0.087890625
1973 0.0263671875
1974 0.12109375
1975 0.173828125
1976 0.1064453125
1977 0.001953125
1978 0.09375
1979 0.1455078125
1980 0.0830078125
1981 -0.0361328125
1982 0.05859375
1983 0.1123046875
1984 0.0546875
1985 -0.0888671875
1986 -0.05078125
1987 0.0068359375
1988 -0.0341796875
1989 -0.158203125
1990 -0.0390625
1991 0.029296875
1992 -0.0078125
1993 -0.099609375
1994 0.0146484375
1995 0.080078125
1996 0.0263671875
1997 -0.0986328125
1998 -0.05859375
1999 0.0048828125
2000 -0.0380859375
2001 -0.1494140625
2002 -0.0302734375
2003 0.0390625
2004 -0.0029296875
2005 -0.10546875
2006 -0.0556640625
2007 0.0068359375
2008 -0.037109375
2009 -0.1845703125
2010 -0.052734375
2011 0.021484375
2012 -0.017578125
2013 -0.1484375
2014 -0.0986328125
2015 -0.029296875
2016 -0.064453125
2017 -0.1748046875
2018 -0.08203125
2019 -0.013671875
2020 -0.0556640625
2021 -0.2265625
2022 -0.1474609375
2023 -0.064453125
2024 -0.091796875
2025 -0.212890625
2026 -0.0771484375
2027 0.00390625
2028 -0.029296875
2029 -0.1279296875
2030 -0.078125
2031 -0.0048828125
2032 -0.0439453125
2033 -0.201171875
2034 -0.0673828125
2035 0.013671875
2036 -0.0205078125
2037 -0.1240234375
2038 -0.001953125
2039 0.0673828125
2040 0.0234375
2041 -0.078125
2042 -0.033203125
2043 0.0322265625
2044 -0.0146484375
2045 -0.1103515625
2046 -0.0244140625
2047 0.0380859375
2048 -0.01171875
2049 -0.1103515625
2050 0.009765625
2051 0.0791015625
2052 0.029296875
2053 -0.04296875
2054 0.0673828125
2055 0.130859375
2056 0.0712890625
2057 0.0009765625
2058 0.10546875
2059 0.1640625
2060 0.09765625
2061 0.0322265625
2062 0.1318359375
2063 0.1884765625
2064 0.1162109375
2065 0.0048828125
2066 0.103515625
2067 0.16015625
2068 0.08984375
2069 -0.033203125
2070 0.0673828125
2071 0.125
2072 0.0615234375
2073 -0.0771484375
2074 -0.037109375
2075 0.0234375
2076 -0.0234375
2077 -0.1484375
2078 -0.025390625
2079 0.04296875
2080 0.001953125
2081 -0.0771484375
2082 0.0361328125
2083 0.0986328125
2084 0.0439453125
2085 -0.0830078125
2086 -0.0439453125
2087 0.0166015625
2088 -0.0263671875
2089 -0.138671875
2090 -0.01953125
2091 0.05078125
2092 0.005859375
2093 -0.099609375
2094 -0.0517578125
2095 0.0126953125
2096 -0.0322265625
2097 -0.130859375
2098 -0.01171875
2099 0.0595703125
2100 0.013671875
2101 -0.0361328125
2102 0.072265625
2103 0.1337890625
2104 0.0732421875
2105 0.0048828125
2106 0.1044921875
2107 0.162109375
2108 0.0966796875
2109 0.033203125
2110 0.1298828125
2111 0.18359375
2112 0.1123046875
2113 -0.0107421875
2114 0.0859375
2115 0.1396484375
2116 0.076171875
2117 -0.0908203125
2118 -0.0556640625
2119 0.00390625
2120 -0.0380859375
2121 -0.15234375
2122 -0.068359375
2123 -0.005859375
2124 -0.0439453125
2125 -0.2197265625
2126 -0.1416015625
2127 -0.0654296875
2128 -0.091796875
2129 -0.2119140625
2130 -0.078125
2131 0.0
2132 -0.0302734375
2133 -0.12890625
2134 -0.08203125
2135 -0.0107421875
2136 -0.048828125
2137 -0.1611328125
2138 -0.0390625
2139 0.0341796875
2140 -0.0048828125
2141 -0.0830078125
2142 0.0302734375
2143 0.0927734375
2144 0.041015625
2145 -0.0537109375
2146 -0.0126953125
2147 0.0439453125
2148 -0.0048828125
2149 -0.0986328125
2150 -0.017578125
2151 0.037109375
2152 -0.0107421875
2153 -0.103515625
2154 0.0087890625
2155 0.0751953125
2156 0.02734375
2157 -0.037109375
2158 0.068359375
2159 0.130859375
2160 0.068359375
2161 0.0
2162 0.1005859375
2163 0.158203125
2164 0.091796875
2165 0.0283203125
2166 0.1240234375
2167 0.181640625
2168 0.109375
2169 0.0
2170 0.095703125
2171 0.1494140625
2172 0.083984375
2173 -0.0419921875
2174 0.0595703125
2175 0.115234375
2176 0.0537109375
2177 -0.0908203125
2178 -0.05078125
2179 0.009765625
2180 -0.03515625
2181 -0.1611328125
2182 -0.0390625
2183 0.03125
2184 -0.0087890625
2185 -0.09765625
2186 0.0126953125
2187 0.0791015625
2188 0.02734375
2189 -0.0947265625
2190 -0.0546875
2191 0.0087890625
2192 -0.0341796875
2193 -0.1474609375
2194 -0.0283203125
2195 0.04296875
2196 0.0
2197 -0.1025390625
2198 -0.0537109375
2199 0.005859375
2200 -0.03515625
2201 -0.177734375
2202 -0.0517578125
2203 0.01953125
2204 -0.015625
2205 -0.1435546875
2206 -0.09765625
2207 -0.029296875
2208 -0.0615234375
2209 -0.1728515625
2210 -0.0849609375
2211 -0.015625
2212 -0.0517578125
2213 -0.22265625
2214 -0.1474609375
2215 -0.06640625
2216 -0.0908203125
2217 -0.208984375
2218 -0.076171875
2219 0.0009765625
2220 -0.02734375
2221 -0.126953125
2222 -0.0771484375
2223 -0.0087890625
2224 -0.04296875
2225 -0.197265625
2226 -0.06640625
2227 0.0107421875
2228 -0.0205078125
2229 -0.12109375
2230 -0.001953125
2231 0.06640625
2232 0.0224609375
2233 -0.0751953125
2234 -0.033203125
2235 0.0322265625
2236 -0.013671875
2237 -0.1083984375
2238 -0.0234375
2239 0.037109375
2240 -0.0107421875
2241 -0.107421875
2242 0.0087890625
2243 0.0771484375
2244 0.03125
2245 -0.0400390625
2246 0.0673828125
2247 0.12890625
2248 0.072265625
2249 0.0029296875
2250 0.1044921875
2251 0.1630859375
2252 0.09765625
2253 0.0341796875
2254 0.1298828125
2255 0.1865234375
2256 0.1162109375
2257 0.0078125
2258 0.1025390625
2259 0.158203125
2260 0.08984375
2261 -0.0283203125
2262 0.0703125
2263 0.123046875
2264 0.06640625
2265 -0.0712890625
2266 -0.0322265625
2267 0.0244140625
2268 -0.0185546875
2269 -0.1416015625
2270 -0.0234375
2271 0.0419921875
2272 0.0029296875
2273 -0.0732421875
2274 0.0341796875
2275 0.0966796875
2276 0.044921875
2277 -0.083984375
2278 -0.0478515625
2279 0.013671875
2280 -0.02734375
2281 -0.1376953125
2282 -0.01953125
2283 0.0478515625
2284 0.0068359375
2285 -0.099609375
2286 -0.0498046875
2287 0.0078125
2288 -0.0302734375
2289 -0.130859375
2290 -0.0107421875
2291 0.0576171875
2292 0.0126953125
2293 -0.0380859375
2294 0.0712890625
2295 0.1337890625
2296 0.0712890625
2297 0.00390625
2298 0.1044921875
2299 0.1630859375
2300 0.0947265625
2301 0.0322265625
2302 0.1279296875
2303 0.185546875
2304 0.1103515625
2305 -0.01171875
2306 0.0849609375
2307 0.1416015625
2308 0.0751953125
2309 -0.091796875
2310 -0.052734375
2311 0.005859375
2312 -0.0390625
2313 -0.1533203125
2314 -0.068359375
2315 -0.0029296875
2316 -0.0458984375
2317 -0.220703125
2318 -0.1435546875
2319 -0.0625
2320 -0.0908203125
2321 -0.212890625
2322 -0.0810546875
2323 0.0009765625
2324 -0.033203125
2325 -0.1298828125
2326 -0.08203125
2327 -0.0107421875
2328 -0.048828125
2329 -0.1630859375
2330 -0.037109375
2331 0.033203125
2332 -0.005859375
2333 -0.083984375
2334 0.03125
2335 0.0927734375
2336 0.041015625
2337 -0.056640625
2338 -0.01171875
2339 0.044921875
2340 -0.0048828125
2341 -0.1005859375
2342 -0.017578125
2343 0.0400390625
2344 -0.0107421875
2345 -0.1044921875
2346 0.0087890625
2347 0.0771484375
2348 0.0283203125
2349 -0.037109375
2350 0.068359375
2351 0.1298828125
2352 0.068359375
2353 -0.001953125
2354 0.1005859375
2355 0.158203125
2356 0.0908203125
2357 0.02734375
2358 0.1240234375
2359 0.1806640625
2360 0.109375
2361 0.0
2362 0.0947265625
2363 0.1484375
2364 0.0830078125
2365 -0.0380859375
2366 0.0595703125
2367 0.1162109375
2368 0.056640625
2369 -0.0849609375
2370 -0.0478515625
2371 0.015625
2372 -0.0322265625
2373 -0.154296875
2374 -0.03515625
2375 0.03515625
2376 -0.0078125
2377 -0.0849609375
2378 0.0263671875
2379 0.0888671875
2380 0.0361328125
2381 -0.0859375
2382 -0.044921875
2383 0.013671875
2384 -0.0302734375
2385 -0.154296875
2386 -0.0341796875
2387 0.03515625
2388 -0.005859375
2389 -0.1103515625
2390 -0.0625
2391 -0.0009765625
2392 -0.0439453125
2393 -0.154296875
2394 -0.0341796875
2395 0.037109375
2396 -0.0029296875
2397 -0.05078125
2398 0.056640625
2399 0.1171875
2400 0.060546875
2401 0.0
2402 0.1005859375
2403 0.1552734375
2404 0.0908203125
2405 0.029296875
2406 0.1240234375
2407 0.177734375
2408 0.107421875
2409 -0.0166015625
2410 0.0791015625
2411 0.1337890625
2412 0.0693359375
2413 -0.095703125
2414 -0.05859375
2415 0.001953125
2416 -0.04296875
2417 -0.1611328125
2418 -0.076171875
2419 -0.0087890625
2420 -0.052734375
2421 -0.2392578125
2422 -0.158203125
2423 -0.0791015625
2424 -0.103515625
2425 -0.2548828125
2426 -0.1103515625
2427 -0.0263671875
2428 -0.0517578125
2429 -0.134765625
2430 -0.013671875
2431 0.0576171875
2432 0.009765625
2433 -0.125
2434 -0.0830078125
2435 -0.013671875
2436 -0.052734375
2437 -0.173828125
2438 -0.0869140625
2439 -0.0185546875
2440 -0.0537109375
2441 -0.1611328125
2442 -0.078125
2443 -0.0087890625
2444 -0.046875
2445 -0.1689453125
2446 -0.0439453125
2447 0.029296875
2448 -0.0078125
2449 -0.1005859375
2450 0.0166015625
2451 0.08203125
2452 0.0341796875
2453 -0.0302734375
2454 0.0732421875
2455 0.1357421875
2456 0.0732421875
2457 -0.0205078125
2458 0.025390625
2459 0.076171875
2460 0.0185546875
2461 -0.1123046875
2462 0.0
2463 0.064453125
2464 0.01953125
2465 -0.1201171875
2466 -0.08203125
2467 -0.015625
2468 -0.0458984375
2469 -0.1630859375
2470 -0.080078125
2471 -0.015625
2472 -0.0439453125
2473 -0.1611328125
2474 -0.076171875
2475 -0.015625
2476 -0.0439453125
2477 -0.1875
2478 -0.0625
2479 0.0087890625
2480 -0.0166015625
2481 -0.0732421875
2482 0.0361328125
2483 0.09765625
2484 0.05078125
2485 -0.0419921875
2486 0.0029296875
2487 0.0537109375
2488 0.0068359375
2489 -0.12109375
2490 -0.009765625
2491 0.0517578125
2492 0.0166015625
2493 -0.12109375
2494 -0.083984375
2495 -0.0205078125
2496 -0.046875
2497 -0.162109375
2498 -0.078125
2499 -0.0126953125
2500 -0.0419921875
2501 -0.15625
2502 -0.0732421875
2503 -0.0087890625
2504 -0.0400390625
2505 -0.1806640625
2506 -0.0546875
2507 0.0185546875
2508 -0.0107421875
2509 -0.0654296875
2510 0.04296875
2511 0.10546875
2512 0.056640625
2513 -0.0380859375
2514 0.01171875
2515 0.060546875
2516 0.013671875
2517 -0.1162109375
2518 -0.001953125
2519 0.060546875
2520 0.021484375
2521 -0.1181640625
2522 -0.078125
2523 -0.0126953125
2524 -0.0419921875
2525 -0.154296875
2526 -0.072265625
2527 -0.0078125
2528 -0.0361328125
2529 -0.150390625
2530 -0.0693359375
2531 -0.005859375
2532 -0.0361328125
2533 -0.1787109375
2534 -0.052734375
2535 0.01953125
2536 -0.0078125
2537 -0.0625
2538 0.048828125
2539 0.107421875
2540 0.0625
2541 -0.0322265625
2542 0.013671875
2543 0.064453125
2544 0.0185546875
2545 -0.1142578125
2546 0.0
2547 0.0654296875
2548 0.025390625
2549 -0.115234375
2550 -0.076171875
2551 -0.0087890625
2552 -0.0380859375
2553 -0.1533203125
2554 -0.0693359375
2555 0.0
2556 -0.0341796875
2557 -0.1494140625
2558 -0.0634765625
2559 0.001953125
2560 -0.03125
2561 -0.1748046875
2562 -0.046875
2563 0.0283203125
2564 -0.001953125
2565 -0.0576171875
2566 0.0537109375
2567 0.1162109375
2568 0.064453125
2569 -0.0302734375
2570 0.01953125
2571 0.0732421875
2572 0.01953125
2573 -0.109375
2574 0.005859375
2575 0.0703125
2576 0.029296875
2577 -0.1083984375
2578 -0.0712890625
2579 -0.00390625
2580 -0.03515625
2581 -0.1513671875
2582 -0.0654296875
2583 0.0009765625
2584 -0.029296875
2585 -0.1474609375
2586 -0.0615234375
2587 0.0068359375
2588 -0.029296875
2589 -0.1748046875
2590 -0.044921875
2591 0.03125
2592 0.0
2593 -0.0576171875
2594 0.0556640625
2595 0.12109375
2596 0.068359375
2597 -0.0263671875
2598 0.0224609375
2599 0.076171875
2600 0.0234375
2601 -0.1083984375
2602 0.0068359375
2603 0.076171875
2604 0.033203125
2605 -0.111328125
2606 -0.0673828125
2607 0.0
2608 -0.0322265625
2609 -0.150390625
2610 -0.060546875
2611 0.009765625
2612 -0.0283203125
2613 -0.1455078125
2614 -0.056640625
2615 0.01171875
2616 -0.02734375
2617 -0.173828125
2618 -0.0419921875
2619 0.0361328125
2620 0.0
2621 -0.0576171875
2622 0.0576171875
2623 0.1240234375
2624 0.0693359375
2625 -0.02734375
2626 0.0263671875
2627 0.080078125
2628 0.0244140625
2629 -0.1103515625
2630 0.01171875
2631 0.078125
2632 0.0341796875
2633 -0.1083984375
2634 -0.0654296875
2635 0.005859375
2636 -0.0302734375
2637 -0.1484375
2638 -0.0595703125
2639 0.01171875
2640 -0.025390625
2641 -0.1435546875
2642 -0.056640625
2643 0.013671875
2644 -0.0244140625
2645 -0.1708984375
2646 -0.041015625
2647 0.037109375
2648 0.0029296875
2649 -0.0556640625
2650 0.0595703125
2651 0.125
2652 0.0732421875
2653 -0.0244140625
2654 0.02734375
2655 0.0791015625
2656 0.02734375
2657 -0.1044921875
2658 0.0126953125
2659 0.0771484375
2660 0.0361328125
2661 -0.103515625
2662 -0.0634765625
2663 0.0029296875
2664 -0.0283203125
2665 -0.1435546875
2666 -0.05859375
2667 0.009765625
2668 -0.0224609375
2669 -0.1376953125
2670 -0.0537109375
2671 0.0107421875
2672 -0.021484375
2673 -0.16796875
2674 -0.037109375
2675 0.037109375
2676 0.0048828125
2677 -0.052734375
2678 0.0615234375
2679 0.1240234375
2680 0.0751953125
2681 -0.021484375
2682 0.0283203125
2683 0.0810546875
2684 0.029296875
2685 -0.1025390625
2686 0.0146484375
2687 0.0830078125
2688 0.037109375
2689 -0.1005859375
2690 -0.0595703125
2691 0.0126953125
2692 -0.025390625
2693 -0.1416015625
2694 -0.0556640625
2695 0.0166015625
2696 -0.0234375
2697 -0.1396484375
2698 -0.0498046875
2699 0.0185546875
2700 -0.0205078125
2701 -0.16796875
2702 -0.0361328125
2703 0.0419921875
2704 0.0078125
2705 -0.05078125
2706 0.0634765625
2707 0.1318359375
2708 0.076171875
2709 -0.01953125
2710 0.029296875
2711 0.0849609375
2712 0.0302734375
2713 -0.103515625
2714 0.0166015625
2715 0.0830078125
2716 0.0390625
2717 -0.1015625
2718 -0.0595703125
2719 0.009765625
2720 -0.0244140625
2721 -0.1435546875
2722 -0.0546875
2723 0.0146484375
2724 -0.0205078125
2725 -0.13671875
2726 -0.0498046875
2727 0.017578125
2728 -0.01953125
2729 -0.166015625
2730 -0.0341796875
2731 0.0419921875
2732 0.0087890625
2733 -0.0498046875
2734 0.0654296875
2735 0.1298828125
2736 0.078125
2737 -0.01953125
2738 0.0302734375
2739 0.0869140625
2740 0.0322265625
2741 -0.1015625
2742 0.0166015625
2743 0.0830078125
2744 0.0400390625
2745 -0.0986328125
2746 -0.0576171875
2747 0.009765625
2748 -0.0224609375
2749 -0.140625
2750 -0.052734375
2751 0.0126953125
2752 -0.0185546875
2753 -0.1357421875
2754 -0.048828125
2755 0.0166015625
2756 -0.01953125
2757 -0.1630859375
2758 -0.0361328125
2759 0.041015625
2760 0.009765625
2761 -0.044921875
2762 0.0654296875
2763 0.1279296875
2764 0.0771484375
2765 -0.0185546875
2766 0.03125
2767 0.0849609375
2768 0.033203125
2769 -0.1015625
2770 0.015625
2771 0.0830078125
2772 0.0400390625
2773 -0.1015625
2774 -0.060546875
2775 0.0087890625
2776 -0.025390625
2777 -0.1396484375
2778 -0.0537109375
2779 0.015625
2780 -0.0185546875
2781 -0.1328125
2782 -0.05078125
2783 0.0166015625
2784 -0.015625
2785 -0.16015625
2786 -0.033203125
2787 0.0390625
2788 0.0126953125
2789 -0.0419921875
2790 0.06640625
2791 0.1259765625
2792 0.080078125
2793 -0.0146484375
2794 0.0322265625
2795 0.08203125
2796 0.0341796875
2797 -0.0947265625
2798 0.017578125
2799 0.080078125
2800 0.04296875
2801 -0.095703125
2802 -0.056640625
2803 0.0087890625
2804 -0.021484375
2805 -0.1357421875
2806 -0.0517578125
2807 0.013671875
2808 -0.0166015625
2809 -0.1318359375
2810 -0.0478515625
2811 0.0146484375
2812 -0.015625
2813 -0.16015625
2814 -0.0341796875
2815 0.037109375
2816 0.01171875
2817 -0.04296875
2818 0.06640625
2819 0.126953125
2820 0.0791015625
2821 -0.015625
2822 0.029296875
2823 0.0830078125
2824 0.0322265625
2825 -0.0947265625
2826 0.017578125
2827 0.0810546875
2828 0.04296875
2829 -0.0966796875
2830 -0.0576171875
2831 0.009765625
2832 -0.0205078125
2833 -0.1357421875
2834 -0.0517578125
2835 0.0146484375
2836 -0.015625
2837 -0.1318359375
2838 -0.046875
2839 0.0166015625
2840 -0.015625
2841 -0.1591796875
2842 -0.03125
2843 0.041015625
2844 0.0126953125
2845 -0.04296875
2846 0.06640625
2847 0.130859375
2848 0.080078125
2849 -0.013671875
2850 0.033203125
2851 0.0859375
2852 0.03515625
2853 -0.0947265625
2854 0.01953125
2855 0.0830078125
2856 0.0439453125
2857 -0.095703125
2858 -0.056640625
2859 0.009765625
2860 -0.021484375
2861 -0.13671875
2862 -0.0517578125
2863 0.015625
2864 -0.015625
2865 -0.1328125
2866 -0.048828125
2867 0.015625
2868 -0.0166015625
2869 -0.1591796875
2870 -0.0322265625
2871 0.0419921875
2872 0.0126953125
2873 -0.04296875
2874 0.0693359375
2875 0.1328125
2876 0.0810546875
2877 -0.015625
2878 0.0341796875
2879 0.0869140625
2880 0.0341796875
2881 -0.0986328125
2882 0.0185546875
2883 0.083984375
2884 0.0439453125
2885 -0.0966796875
2886 -0.0556640625
2887 0.009765625
2888 -0.0205078125
2889 -0.1357421875
2890 -0.0498046875
2891 0.0185546875
2892 -0.015625
2893 -0.130859375
2894 -0.0458984375
2895 0.0205078125
2896 -0.0146484375
2897 -0.1552734375
2898 -0.0283203125
2899 0.0458984375
2900 0.0146484375
2901 -0.0419921875
2902 0.0703125
2903 0.1318359375
2904 0.0810546875
2905 -0.01171875
2906 0.0361328125
2907 0.0888671875
2908 0.037109375
2909 -0.09375
2910 0.0224609375
2911 0.0869140625
2912 0.044921875
2913 -0.0927734375
2914 -0.052734375
2915 0.013671875
2916 -0.01953125
2917 -0.1357421875
2918 -0.0498046875
2919 0.0205078125
2920 -0.015625
2921 -0.130859375
2922 -0.044921875
2923 0.021484375
2924 -0.013671875
2925 -0.16015625
2926 -0.0302734375
2927 0.044921875
2928 0.0146484375
2929 -0.0439453125
2930 0.0703125
2931 0.134765625
2932 0.08203125
2933 -0.0146484375
2934 0.0361328125
2935 0.0908203125
2936 0.03515625
2937 -0.0966796875
2938 0.021484375
2939 0.08984375
2940 0.044921875
2941 -0.09375
2942 -0.0537109375
2943 0.017578125
2944 -0.017578125
2945 -0.1357421875
2946 -0.048828125
2947 0.01953125
2948 -0.0146484375
2949 -0.1298828125
2950 -0.044921875
2951 0.01953125
2952 -0.0126953125
2953 -0.158203125
2954 -0.029296875
2955 0.0458984375
2956 0.0166015625
2957 -0.04296875
2958 0.0693359375
2959 0.1337890625
2960 0.08203125
2961 -0.0146484375
2962 0.0341796875
2963 0.08984375
2964 0.0361328125
2965 -0.095703125
2966 0.0205078125
2967 0.0869140625
2968 0.0458984375
2969 -0.09375
2970 -0.0537109375
2971 0.013671875
2972 -0.0185546875
2973 -0.1337890625
2974 -0.048828125
2975 0.017578125
2976 -0.0146484375
2977 -0.1298828125
2978 -0.044921875
2979 0.0205078125
2980 -0.0126953125
2981 -0.15625
2982 -0.029296875
2983 0.04296875
2984 0.013671875
2985 -0.0400390625
2986 0.0693359375
2987 0.1328125
2988 0.0830078125
2989 -0.01171875
2990 0.03515625
2991 0.0888671875
2992 0.037109375
2993 -0.09375
2994 0.0205078125
2995 0.0859375
2996 0.044921875
2997 -0.0966796875
2998 -0.0546875
2999 0.0146484375
3000 -0.0185546875
3001 -0.1357421875
3002 -0.048828125
3003 0.0205078125
3004 -0.0146484375
3005 -0.130859375
3006 -0.044921875
3007 0.0224609375
3008 -0.015625
3009 -0.158203125
3010 -0.029296875
3011 0.0478515625
3012 0.0146484375
3013 -0.04296875
3014 0.0693359375
3015 0.134765625
3016 0.0810546875
3017 -0.013671875
3018 0.0361328125
3019 0.08984375
3020 0.037109375
3021 -0.095703125
3022 0.0224609375
3023 0.0888671875
3024 0.0458984375
3025 -0.091796875
3026 -0.0517578125
3027 0.0166015625
3028 -0.0185546875
3029 -0.1328125
3030 -0.048828125
3031 0.0205078125
3032 -0.015625
3033 -0.12890625
3034 -0.044921875
3035 0.0205078125
3036 -0.0126953125
3037 -0.158203125
3038 -0.0283203125
3039 0.0439453125
3040 0.0146484375
3041 -0.041015625
3042 0.0703125
3043 0.1337890625
3044 0.0830078125
3045 -0.0126953125
3046 0.0361328125
3047 0.0908203125
3048 0.037109375
3049 -0.0947265625
3050 0.0205078125
3051 0.0869140625
3052 0.044921875
3053 -0.09375
3054 -0.0556640625
3055 0.0146484375
3056 -0.0185546875
3057 -0.1357421875
3058 -0.05078125
3059 0.0205078125
3060 -0.0146484375
3061 -0.1337890625
3062 -0.0458984375
3063 0.0224609375
3064 -0.013671875
3065 -0.16015625
3066 -0.029296875
3067 0.0478515625
3068 0.013671875
3069 -0.0419921875
3070 0.0703125
3071 0.134765625
3072 0.08203125
3073 -0.013671875
3074 0.0361328125
3075 0.0908203125
3076 0.037109375
3077 -0.0927734375
3078 0.0205078125
3079 0.087890625
3080 0.0458984375
3081 -0.091796875
3082 -0.0537109375
3083 0.0126953125
3084 -0.017578125
3085 -0.1337890625
3086 -0.0478515625
3087 0.0185546875
3088 -0.013671875
3089 -0.1318359375
3090 -0.044921875
3091 0.0205078125
3092 -0.01171875
3093 -0.1572265625
3094 -0.0302734375
3095 0.044921875
3096 0.0146484375
3097 -0.041015625
3098 0.0693359375
3099 0.1318359375
3100 0.0830078125
3101 -0.01171875
3102 0.0361328125
3103 0.08984375
3104 0.0380859375
3105 -0.0947265625
3106 0.0205078125
3107 0.0849609375
3108 0.044921875
3109 -0.0947265625
3110 -0.0537109375
3111 0.01171875
3112 -0.0185546875
3113 -0.1337890625
3114 -0.0478515625
3115 0.0205078125
3116 -0.0146484375
3117 -0.1298828125
3118 -0.04296875
3119 0.021484375
3120 -0.013671875
3121 -0.15625
3122 -0.02734375
3123 0.046875
3124 0.013671875
3125 -0.0419921875
3126 0.0712890625
3127 0.1357421875
3128 0.0830078125
3129 -0.01171875
3130 0.0380859375
3131 0.091796875
3132 0.037109375
3133 -0.0947265625
3134 0.0234375
3135 0.08984375
3136 0.0458984375
3137 -0.0908203125
3138 -0.0498046875
3139 0.0185546875
3140 -0.0166015625
3141 -0.1328125
3142 -0.046875
3143 0.0205078125
3144 -0.013671875
3145 -0.1298828125
3146 -0.04296875
3147 0.025390625
3148 -0.0126953125
3149 -0.1572265625
3150 -0.0283203125
3151 0.0478515625
3152 0.0146484375
3153 -0.04296875
3154 0.072265625
3155 0.1357421875
3156 0.0830078125
3157 -0.0126953125
3158 0.037109375
3159 0.091796875
3160 0.0380859375
3161 -0.0986328125
3162 0.0224609375
3163 0.0927734375
3164 0.044921875
3165 -0.09375
3166 -0.0517578125
3167 0.01953125
3168 -0.01953125
3169 -0.1337890625
3170 -0.046875
3171 0.025390625
3172 -0.013671875
3173 -0.12890625
3174 -0.0439453125
3175 0.025390625
3176 -0.0126953125
3177 -0.158203125
3178 -0.02734375
3179 0.048828125
3180 0.0166015625
3181 -0.044921875
3182 0.0712890625
3183 0.138671875
3184 0.08203125
3185 -0.013671875
3186 0.0380859375
3187 0.0947265625
3188 0.037109375
3189 -0.09765625
3190 0.0224609375
3191 0.09375
3192 0.0439453125
3193 -0.0927734375
3194 -0.0498046875
3195 0.021484375
3196 -0.0185546875
3197 -0.1357421875
3198 -0.0478515625
3199 0.025390625
3200 -0.015625
3201 -0.134765625
3202 -0.04296875
3203 0.0263671875
3204 -0.013671875
3205 -0.162109375
3206 -0.029296875
3207 0.0498046875
3208 0.0146484375
3209 -0.044921875
3210 0.0712890625
3211 0.1396484375
3212 0.083984375
3213 -0.0146484375
3214 0.037109375
3215 0.095703125
3216 0.037109375
3217 -0.0986328125
3218 0.021484375
3219 0.091796875
3220 0.044921875
3221 -0.0947265625
3222 -0.0537109375
3223 0.0185546875
3224 -0.0185546875
3225 -0.13671875
3226 -0.0458984375
3227 0.0234375
3228 -0.0146484375
3229 -0.1318359375
3230 -0.04296875
3231 0.025390625
3232 -0.01171875
3233 -0.16015625
3234 -0.0283203125
3235 0.0517578125
3236 0.015625
3237 -0.0419921875
3238 0.072265625
3239 0.1376953125
3240 0.083984375
3241 -0.01171875
3242 0.0380859375
3243 0.095703125
3244 0.0380859375
3245 -0.0966796875
3246 0.0224609375
3247 0.091796875
3248 0.0458984375
3249 -0.0947265625
3250 -0.0517578125
3251 0.0185546875
3252 -0.017578125
3253 -0.1376953125
3254 -0.044921875
3255 0.0244140625
3256 -0.015625
3257 -0.1318359375
3258 -0.04296875
3259 0.0263671875
3260 -0.0126953125
3261 -0.1591796875
3262 -0.0283203125
3263 0.0498046875
3264 0.0146484375
3265 -0.04296875
3266 0.072265625
3267 0.138671875
3268 0.0830078125
3269 -0.0126953125
3270 0.0380859375
3271 0.0927734375
3272 0.0390625
3273 -0.09765625
3274 0.0234375
3275 0.0908203125
3276 0.046875
3277 -0.09375
3278 -0.0517578125
3279 0.017578125
3280 -0.0166015625
3281 -0.134765625
3282 -0.046875
3283 0.025390625
3284 -0.0146484375
3285 -0.1279296875
3286 -0.041015625
3287 0.02734375
3288 -0.01171875
3289 -0.1337890625
3290 -0.0078125
3291 0.0654296875
3292 0.029296875
3293 -0.0859375
3294 -0.037109375
3295 0.029296875
3296 -0.0068359375
3297 -0.169921875
3298 -0.0908203125
3299 -0.0166015625
3300 -0.0400390625
3301 -0.1376953125
3302 -0.0478515625
3303 0.0234375
3304 -0.0107421875
3305 -0.1787109375
3306 -0.1142578125
3307 -0.0302734375
3308 -0.0498046875
3309 -0.2060546875
3310 -0.1279296875
3311 -0.041015625
3312 -0.05859375
3313 -0.1611328125
3314 -0.06640625
3315 0.0078125
3316 -0.021484375
3317 -0.1171875
3318 -0.0302734375
3319 0.0390625
3320 0.0029296875
3321 -0.1083984375
3322 0.0146484375
3323 0.0849609375
3324 0.046875
3325 -0.078125
3326 -0.033203125
3327 0.0361328125
3328 -0.0009765625
3329 -0.1181640625
3330 -0.0322265625
3331 0.0400390625
3332 0.001953125
3333 -0.1181640625
3334 -0.0302734375
3335 0.0380859375
3336 0.001953125
3337 -0.107421875
3338 -0.0205078125
3339 0.0439453125
3340 0.0087890625
3341 -0.0947265625
3342 -0.015625
3343 0.0498046875
3344 0.013671875
3345 -0.115234375
3346 -0.0283203125
3347 0.03515625
3348 -0.0009765625
3349 -0.1884765625
3350 -0.1123046875
3351 -0.03125
3352 -0.048828125
3353 -0.2080078125
3354 -0.1318359375
3355 -0.0556640625
3356 -0.0478515625
3357 -0.1396484375
3358 -0.0673828125
3359 -0.0107421875
3360 -0.013671875
3361 -0.1435546875
3362 -0.0712890625
3363 -0.0146484375
3364 -0.013671875
3365 -0.1552734375
3366 -0.0419921875
3367 0.0205078125
3368 0.021484375
3369 -0.0478515625
3370 0.0458984375
3371 0.0986328125
3372 0.0810546875
3373 0.03125
3374 0.1162109375
3375 0.15625
3376 0.1259765625
3377 0.0478515625
3378 0.064453125
3379 0.103515625
3380 0.0732421875
3381 -0.021484375
3382 0.0283203125
3383 0.068359375
3384 0.048828125
3385 -0.056640625
3386 0.0068359375
3387 0.044921875
3388 0.0283203125
3389 -0.0771484375
3390 -0.01171875
3391 0.0263671875
3392 0.0146484375
3393 -0.1015625
3394 0.001953125
3395 0.052734375
3396 0.044921875
3397 -0.103515625
3398 -0.0771484375
3399 -0.017578125
3400 -0.01953125
3401 -0.197265625
3402 -0.1396484375
3403 -0.0654296875
3404 -0.052734375
3405 -0.1572265625
3406 -0.078125
3407 -0.0185546875
3408 -0.0205078125
3409 -0.1630859375
3410 -0.0859375
3411 -0.0263671875
3412 -0.0234375
3413 -0.1552734375
3414 -0.0390625
3415 0.0234375
3416 0.021484375
3417 -0.0595703125
3418 0.037109375
3419 0.08984375
3420 0.0732421875
3421 -0.0048828125
3422 0.0810546875
3423 0.1259765625
3424 0.1025390625
3425 0.0224609375
3426 0.1025390625
3427 0.14453125
3428 0.1162109375
3429 0.02734375
3430 0.1044921875
3431 0.142578125
3432 0.1171875
3433 0.0185546875
3434 0.0966796875
3435 0.134765625
3436 0.111328125
3437 0.0029296875
3438 0.08203125
3439 0.1240234375
3440 0.099609375
3441 0.0400390625
3442 0.1181640625
3443 0.1533203125
3444 0.1220703125
3445 0.017578125
3446 0.033203125
3447 0.0673828125
3448 0.0439453125
3449 -0.064453125
3450 -0.0107421875
3451 0.0322265625
3452 0.017578125
3453 -0.125
3454 -0.060546875
3455 -0.0107421875
3456 -0.013671875
3457 -0.14453125
3458 -0.03515625
3459 0.0224609375
3460 0.0185546875
3461 -0.0634765625
3462 0.0302734375
3463 0.080078125
3464 0.0615234375
3465 -0.0244140625
3466 0.0595703125
3467 0.1044921875
3468 0.0830078125
3469 -0.0205078125
3470 0.0625
3471 0.107421875
3472 0.083984375
3473 -0.0283203125
3474 0.0576171875
3475 0.1005859375
3476 0.078125
3477 0.015625
3478 0.0966796875
3479 0.1328125
3480 0.103515625
3481 -0.0205078125
3482 -0.0029296875
3483 0.0361328125
3484 0.0185546875
3485 -0.140625
3486 -0.0361328125
3487 0.0205078125
3488 0.015625
3489 -0.09765625
3490 -0.0732421875
3491 -0.0205078125
3492 -0.025390625
3493 -0.12109375
3494 -0.0166015625
3495 0.037109375
3496 0.0302734375
3497 -0.0615234375
3498 -0.0595703125
3499 -0.0048828125
3500 -0.01171875
3501 -0.099609375
3502 0.0
3503 0.052734375
3504 0.041015625
3505 -0.048828125
3506 -0.0234375
3507 0.021484375
3508 0.0068359375
3509 -0.087890625
3510 -0.029296875
3511 0.01953125
3512 0.0048828125
3513 -0.1376953125
3514 -0.0703125
3515 -0.017578125
3516 -0.0244140625
3517 -0.154296875
3518 -0.0859375
3519 -0.0263671875
3520 -0.0302734375
3521 -0.18359375
3522 -0.0673828125
3523 -0.0009765625
3524 -0.0009765625
3525 -0.0888671875
3526 0.01171875
3527 0.064453125
3528 0.05078125
3529 -0.0390625
3530 0.0498046875
3531 0.095703125
3532 0.0751953125
3533 -0.01171875
3534 0.0703125
3535 0.1142578125
3536 0.0888671875
3537 0.005859375
3538 0.0849609375
3539 0.126953125
3540 0.0966796875
3541 0.0087890625
3542 0.0869140625
3543 0.126953125
3544 0.0986328125
3545 -0.001953125
3546 0.0771484375
3547 0.1181640625
3548 0.0908203125
3549 -0.0224609375
3550 0.0615234375
3551 0.1064453125
3552 0.0810546875
3553 0.00390625
3554 0.0830078125
3555 0.123046875
3556 0.09375
3557 -0.03515625
3558 -0.0224609375
3559 0.0244140625
3560 0.005859375
3561 -0.09375
3562 0.0048828125
3563 0.0556640625
3564 0.0400390625
3565 -0.013671875
3566 0.07421875
3567 0.115234375
3568 0.0869140625
3569 0.03515625
3570 0.1142578125
3571 0.150390625
3572 0.1142578125
3573 0.0537109375
3574 0.1298828125
3575 0.1650390625
3576 0.123046875
3577 0.0244140625
3578 0.0380859375
3579 0.072265625
3580 0.0390625
3581 -0.080078125
3582 -0.0283203125
3583 0.015625
3584 -0.0029296875
3585 -0.1240234375
3586 -0.0615234375
3587 -0.01171875
3588 -0.025390625
3589 -0.138671875
3590 -0.078125
3591 -0.0244140625
3592 -0.0322265625
3593 -0.146484375
3594 -0.0791015625
3595 -0.025390625
3596 -0.0341796875
3597 -0.146484375
3598 -0.080078125
3599 -0.0283203125
3600 -0.0361328125
3601 -0.1748046875
3602 -0.103515625
3603 -0.041015625
3604 -0.048828125
3605 -0.1494140625
3606 -0.0419921875
3607 0.0166015625
3608 0.0087890625
3609 -0.1201171875
3610 -0.091796875
3611 -0.03125
3612 -0.037109375
3613 -0.13671875
3614 -0.068359375
3615 -0.0146484375
3616 -0.0224609375
3617 -0.126953125
3618 -0.0546875
3619 -0.009765625
3620 -0.0185546875
3621 -0.1328125
3622 -0.0634765625
3623 -0.01171875
3624 -0.0185546875
3625 -0.173828125
3626 -0.060546875
3627 -0.0009765625
3628 -0.001953125
3629 -0.068359375
3630 0.02734375
3631 0.0771484375
3632 0.0576171875
3633 -0.072265625
3634 0.0224609375
3635 0.068359375
3636 0.0517578125
3637 -0.091796875
3638 -0.072265625
3639 -0.01953125
3640 -0.0244140625
3641 -0.1904296875
3642 -0.1142578125
3643 -0.048828125
3644 -0.0458984375
3645 -0.1513671875
3646 -0.076171875
3647 -0.0234375
3648 -0.02734375
3649 -0.1123046875
3650 -0.009765625
3651 0.0458984375
3652 0.0361328125
3653 -0.0546875
3654 -0.0546875
3655 0.0029296875
3656 -0.0048828125
3657 -0.1171875
3658 -0.0126953125
3659 0.0390625
3660 0.0341796875
3661 -0.056640625
3662 0.03515625
3663 0.0849609375
3664 0.068359375
3665 -0.0263671875
3666 -0.0029296875
3667 0.0380859375
3668 0.0205078125
3669 -0.0947265625
3670 0.005859375
3671 0.0537109375
3672 0.04296875
3673 -0.0869140625
3674 -0.0625
3675 -0.01171875
3676 -0.0166015625
3677 -0.1962890625
3678 -0.12109375
3679 -0.0556640625
3680 -0.0478515625
3681 -0.158203125
3682 -0.083984375
3683 -0.029296875
3684 -0.029296875
3685 -0.1552734375
3686 -0.078125
3687 -0.0224609375
3688 -0.0244140625
3689 -0.1796875
3690 -0.0625
3691 0.001953125
3692 0.00390625
3693 -0.048828125
3694 0.0458984375
3695 0.0927734375
3696 0.0751953125
3697 -0.0029296875
3698 0.08203125
3699 0.126953125
3700 0.099609375
3701 0.005859375
3702 0.087890625
3703 0.12890625
3704 0.1005859375
3705 0.0390625
3706 0.1201171875
3707 0.1552734375
3708 0.1220703125
3709 0.0302734375
3710 0.0458984375
3711 0.08203125
3712 0.0546875
3713 -0.044921875
3714 0.009765625
3715 0.0517578125
3716 0.029296875
3717 -0.076171875
3718 -0.01953125
3719 0.025390625
3720 0.0087890625
3721 -0.1611328125
3722 -0.05078125
3723 0.0078125
3724 0.005859375
3725 -0.138671875
3726 -0.1064453125
3727 -0.0478515625
3728 -0.0419921875
3729 -0.216796875
3730 -0.0888671875
3731 -0.01953125
3732 -0.01171875
3733 -0.06640625
3734 0.033203125
3735 0.0810546875
3736 0.0634765625
3737 -0.0068359375
3738 0.078125
3739 0.12109375
3740 0.095703125
3741 0.0068359375
3742 0.0888671875
3743 0.12890625
3744 0.1005859375
3745 0.0537109375
3746 0.1298828125
3747 0.166015625
3748 0.1279296875
3749 0.0244140625
3750 0.041015625
3751 0.0732421875
3752 0.0478515625
3753 -0.1318359375
3754 -0.080078125
3755 -0.0244140625
3756 -0.02734375
3757 -0.1328125
3758 -0.0654296875
3759 -0.0126953125
3760 -0.0205078125
3761 -0.1611328125
3762 -0.0869140625
3763 -0.03125
3764 -0.0341796875
3765 -0.1640625
3766 -0.05078125
3767 0.01171875
3768 0.0078125
3769 -0.07421875
3770 0.0205078125
3771 0.0712890625
3772 0.056640625
3773 -0.0322265625
3774 0.0537109375
3775 0.099609375
3776 0.0791015625
3777 -0.015625
3778 0.0693359375
3779 0.1123046875
3780 0.0888671875
3781 -0.00390625
3782 0.0771484375
3783 0.1171875
3784 0.0908203125
3785 -0.009765625
3786 0.0712890625
3787 0.1142578125
3788 0.0859375
3789 -0.0283203125
3790 0.052734375
3791 0.0966796875
3792 0.072265625
3793 -0.015625
3794 0.0654296875
3795 0.109375
3796 0.0830078125
3797 0.03125
3798 0.109375
3799 0.14453125
3800 0.1123046875
3801 0.0595703125
3802 0.134765625
3803 0.1650390625
3804 0.12890625
3805 0.04296875
3806 0.0625
3807 0.08984375
3808 0.0576171875
3809 -0.0654296875
3810 -0.0205078125
3811 0.01953125
3812 0.0009765625
3813 -0.1455078125
3814 -0.08203125
3815 -0.029296875
3816 -0.03515625
3817 -0.1416015625
3818 -0.0380859375
3819 0.0166015625
3820 0.009765625
3821 -0.03125
3822 0.0576171875
3823 0.1015625
3824 0.0751953125
3825 0.0419921875
3826 0.1181640625
3827 0.158203125
3828 0.119140625
3829 0.07421875
3830 0.146484375
3831 0.181640625
3832 0.1376953125
3833 0.0791015625
3834 0.1474609375
3835 0.1787109375
3836 0.1357421875
3837 0.0849609375
3838 0.15234375
3839 0.1826171875
3840 0.138671875
3841 0.0556640625
3842 0.0771484375
3843 0.1015625
3844 0.0625
3845 -0.03125
3846 0.048828125
3847 0.0859375
3848 0.0595703125
3849 -0.0361328125
3850 -0.015625
3851 0.0205078125
3852 -0.0009765625
3853 -0.1064453125
3854 -0.0498046875
3855 -0.0048828125
3856 -0.021484375
3857 -0.119140625
3858 -0.0615234375
3859 -0.0146484375
3860 -0.029296875
3861 -0.1328125
3862 -0.07421875
3863 -0.02734375
3864 -0.0361328125
3865 -0.1396484375
3866 -0.0712890625
3867 -0.025390625
3868 -0.03515625
3869 -0.1806640625
3870 -0.1083984375
3871 -0.056640625
3872 -0.0576171875
3873 -0.201171875
3874 -0.125
3875 -0.06640625
3876 -0.0673828125
3877 -0.1845703125
3878 -0.07421875
3879 -0.0107421875
3880 -0.0126953125
3881 -0.078125
3882 0.013671875
3883 0.0634765625
3884 0.044921875
3885 -0.025390625
3886 0.0556640625
3887 0.0966796875
3888 0.0732421875
3889 0.0048828125
3890 0.080078125
3891 0.119140625
3892 0.087890625
3893 0.0126953125
3894 0.0859375
3895 0.1220703125
3896 0.091796875
3897 0.0341796875
3898 0.1064453125
3899 0.1416015625
3900 0.1064453125
3901 0.02734375
3902 0.0419921875
3903 0.0732421875
3904 0.04296875
3905 -0.056640625
3906 -0.005859375
3907 0.0322265625
3908 0.0068359375
3909 -0.0927734375
3910 -0.037109375
3911 0.0009765625
3912 -0.013671875
3913 -0.0986328125
3914 -0.0029296875
3915 0.041015625
3916 0.0263671875
3917 -0.0107421875
3918 0.0693359375
3919 0.1083984375
3920 0.080078125
3921 -0.021484375
3922 -0.00390625
3923 0.0283203125
3924 0.005859375
3925 -0.150390625
3926 -0.05078125
3927 0.001953125
3928 -0.0048828125
3929 -0.138671875
3930 -0.11328125
3931 -0.0576171875
3932 -0.0576171875
3933 -0.162109375
3934 -0.0546875
3935 0.0009765625
3936 -0.0048828125
3937 -0.0771484375
3938 0.0146484375
3939 0.0615234375
3940 0.0419921875
3941 -0.052734375
3942 -0.03125
3943 0.0087890625
3944 -0.0068359375
3945 -0.1474609375
3946 -0.0830078125
3947 -0.037109375
3948 -0.04296875
3949 -0.197265625
3950 -0.126953125
3951 -0.0673828125
3952 -0.0654296875
3953 -0.1982421875
3954 -0.1220703125
3955 -0.064453125
3956 -0.0625
3957 -0.1611328125
3958 -0.0849609375
3959 -0.0322265625
3960 -0.0390625
3961 -0.1591796875
3962 -0.0498046875
3963 0.0029296875
3964 0.0009765625
3965 -0.169921875
3966 -0.1396484375
3967 -0.076171875
3968 -0.0693359375
3969 -0.18359375
3970 -0.11328125
3971 -0.05078125
3972 -0.05078125
3973 -0.1298828125
3974 -0.0615234375
3975 -0.0087890625
3976 -0.0185546875
3977 -0.1435546875
3978 -0.07421875
3979 -0.0244140625
3980 -0.029296875
3981 -0.1787109375
3982 -0.064453125
3983 -0.001953125
3984 -0.0009765625
3985 -0.04296875
3986 0.05078125
3987 0.0947265625
3988 0.0732421875
3989 0.01953125
3990 0.1005859375
3991 0.1376953125
3992 0.10546875
3993 0.0029296875
3994 0.0166015625
3995 0.052734375
3996 0.029296875
3997 -0.1005859375
3998 -0.0322265625
3999 -0.017578125
4000 0.029296875
4001 -0.029296875
4002 0.0068359375
4003 0.0146484375
4004 0.0556640625
4005 0.033203125
4006 0.0576171875
4007 0.0576171875
4008 0.08984375
4009 0.015625
4010 -0.0263671875
4011 -0.0234375
4012 0.013671875
4013 -0.0537109375
4014 -0.052734375
4015 -0.046875
4016 -0.0029296875
4017 -0.103515625
4018 -0.0908203125
4019 -0.078125
4020 -0.029296875
4021 -0.1103515625
4022 -0.0576171875
4023 -0.0380859375
4024 0.01171875
4025 -0.0322265625
4026 0.0048828125
4027 0.0146484375
4028 0.0556640625
4029 0.0068359375
4030 0.0361328125
4031 0.0390625
4032 0.0751953125
4033 0.0302734375
4034 0.0537109375
4035 0.0546875
4036 0.0859375
4037 0.0390625
4038 0.0595703125
4039 0.0595703125
4040 0.08984375
4041 0.0361328125
4042 0.0537109375
4043 0.0537109375
4044 0.0849609375
4045 0.01171875
4046 0.037109375
4047 0.0361328125
4048 0.0712890625
4049 0.0205078125
4050 0.0439453125
4051 0.044921875
4052 0.0791015625
4053 0.0693359375
4054 0.0859375
4055 0.0810546875
4056 0.107421875
4057 0.1005859375
4058 0.111328125
4059 0.103515625
4060 0.1240234375
4061 0.083984375
4062 0.041015625
4063 0.029296875
4064 0.0537109375
4065 -0.03125
4066 -0.0419921875
4067 -0.0400390625
4068 -0.001953125
4069 -0.111328125
4070 -0.1025390625
4071 -0.0888671875
4072 -0.0380859375
4073 -0.107421875
4074 -0.0576171875
4075 -0.0419921875
4076 0.0068359375
4077 0.0087890625
4078 0.0380859375
4079 0.0419921875
4080 0.0751953125
4081 0.0849609375
4082 0.1005859375
4083 0.0966796875
4084 0.119140625
4085 0.1201171875
4086 0.1279296875
4087 0.12109375
4088 0.138671875
4089 0.123046875
4090 0.12890625
4091 0.1162109375
4092 0.1357421875
4093 0.1279296875
4094 0.1337890625
4095 0.12109375
4096 0.1376953125
4097 0.0986328125
4098 0.05859375
4099 0.04296875
4100 0.0625
4101 0.0107421875
4102 0.033203125
4103 0.0302734375
4104 0.0595703125
4105 0.0029296875
4106 -0.03515625
4107 -0.037109375
4108 -0.001953125
4109 -0.0693359375
4110 -0.0693359375
4111 -0.0654296875
4112 -0.0244140625
4113 -0.0830078125
4114 -0.078125
4115 -0.072265625
4116 -0.029296875
4117 -0.1025390625
4118 -0.0947265625
4119 -0.0859375
4120 -0.0380859375
4121 -0.1298828125
4122 -0.1142578125
4123 -0.1005859375
4124 -0.0517578125
4125 -0.111328125
4126 -0.1015625
4127 -0.0888671875
4128 -0.04296875
4129 -0.087890625
4130 -0.0791015625
4131 -0.0712890625
4132 -0.0283203125
4133 -0.0927734375
4134 -0.0830078125
4135 -0.072265625
4136 -0.0302734375
4137 -0.1455078125
4138 -0.1484375
4139 -0.126953125
4140 -0.06640625
4141 -0.1279296875
4142 -0.1123046875
4143 -0.0947265625
4144 -0.0419921875
4145 -0.111328125
4146 -0.0947265625
4147 -0.083984375
4148 -0.0341796875
4149 -0.08203125
4150 -0.0361328125
4151 -0.0224609375
4152 0.0234375
4153 -0.0302734375
4154 -0.0849609375
4155 -0.068359375
4156 -0.01953125
4157 -0.0966796875
4158 -0.0498046875
4159 -0.0322265625
4160 0.0166015625
4161 -0.044921875
4162 -0.0078125
4163 0.0029296875
4164 0.0439453125
4165 -0.0107421875
4166 -0.044921875
4167 -0.0400390625
4168 0.001953125
4169 -0.0771484375
4170 -0.0302734375
4171 -0.01953125
4172 0.025390625
4173 -0.0751953125
4174 -0.1015625
4175 -0.087890625
4176 -0.0361328125
4177 -0.166015625
4178 -0.1416015625
4179 -0.1142578125
4180 -0.056640625
4181 -0.1318359375
4182 -0.109375
4183 -0.091796875
4184 -0.041015625
4185 -0.111328125
4186 -0.0947265625
4187 -0.0791015625
4188 -0.0263671875
4189 -0.1357421875
4190 -0.1171875
4191 -0.095703125
4192 -0.0380859375
4193 -0.1083984375
4194 -0.0908203125
4195 -0.0751953125
4196 -0.0224609375
4197 -0.1015625
4198 -0.08984375
4199 -0.076171875
4200 -0.0224609375
4201 -0.134765625
4202 -0.1142578125
4203 -0.08984375
4204 -0.033203125
4205 -0.103515625
4206 -0.0498046875
4207 -0.03125
4208 0.021484375
4209 0.0263671875
4210 0.0556640625
4211 0.060546875
4212 0.0966796875
4213 0.107421875
4214 0.123046875
4215 0.1220703125
4216 0.1435546875
4217 0.1435546875
4218 0.154296875
4219 0.1474609375
4220 0.1640625
4221 0.1484375
4222 0.15625
4223 0.1435546875
4224 0.1611328125
4225 0.154296875
4226 0.1591796875
4227 0.1484375
4228 0.1640625
4229 0.1240234375
4230 0.083984375
4231 0.0673828125
4232 0.0869140625
4233 0.037109375
4234 0.0576171875
4235 0.0537109375
4236 0.0859375
4237 0.0263671875
4238 -0.009765625
4239 -0.0146484375
4240 0.021484375
4241 -0.046875
4242 -0.0458984375
4243 -0.0419921875
4244 -0.0009765625
4245 -0.0595703125
4246 -0.0556640625
4247 -0.0478515625
4248 -0.0078125
4249 -0.078125
4250 -0.0712890625
4251 -0.060546875
4252 -0.0166015625
4253 -0.107421875
4254 -0.091796875
4255 -0.0791015625
4256 -0.0302734375
4257 -0.091796875
4258 -0.080078125
4259 -0.0712890625
4260 -0.021484375
4261 -0.0703125
4262 -0.05859375
4263 -0.0517578125
4264 -0.0087890625
4265 -0.0751953125
4266 -0.0625
4267 -0.0517578125
4268 -0.01171875
4269 -0.1240234375
4270 -0.130859375
4271 -0.10546875
4272 -0.048828125
4273 -0.1064453125
4274 -0.0927734375
4275 -0.076171875
4276 -0.0234375
4277 -0.0947265625
4278 -0.078125
4279 -0.06640625
4280 -0.017578125
4281 -0.0654296875
4282 -0.0205078125
4283 -0.0068359375
4284 0.0390625
4285 -0.0146484375
4286 -0.068359375
4287 -0.052734375
4288 -0.005859375
4289 -0.0732421875
4290 -0.02734375
4291 -0.01171875
4292 0.0341796875
4293 -0.0146484375
4294 0.01953125
4295 0.029296875
4296 0.068359375
4297 0.0126953125
4298 -0.0244140625
4299 -0.01953125
4300 0.0185546875
4301 -0.05859375
4302 -0.015625
4303 -0.0048828125
4304 0.0390625
4305 -0.0498046875
4306 -0.080078125
4307 -0.06640625
4308 -0.017578125
4309 -0.150390625
4310 -0.1240234375
4311 -0.1005859375
4312 -0.0439453125
4313 -0.1201171875
4314 -0.09765625
4315 -0.0791015625
4316 -0.0283203125
4317 -0.09765625
4318 -0.08203125
4319 -0.06640625
4320 -0.015625
4321 -0.123046875
4322 -0.1064453125
4323 -0.0830078125
4324 -0.02734375
4325 -0.0986328125
4326 -0.080078125
4327 -0.0634765625
4328 -0.0126953125
4329 -0.0947265625
4330 -0.0791015625
4331 -0.064453125
4332 -0.0107421875
4333 -0.130859375
4334 -0.109375
4335 -0.0830078125
4336 -0.0283203125
4337 -0.0966796875
4338 -0.0400390625
4339 -0.021484375
4340 0.03125
4341 0.03515625
4342 0.06640625
4343 0.0732421875
4344 0.10546875
4345 0.1171875
4346 0.1337890625
4347 0.1318359375
4348 0.1533203125
4349 0.1533203125
4350 0.1640625
4351 0.1552734375
4352 0.1728515625
4353 0.15625
4354 0.1640625
4355 0.1533203125
4356 0.1669921875
4357 0.162109375
4358 0.166015625
4359 0.15625
4360 0.169921875
4361 0.1337890625
4362 0.0908203125
4363 0.078125
4364 0.09375
4365 0.044921875
4366 0.0634765625
4367 0.0615234375
4368 0.0927734375
4369 0.0361328125
4370 -0.0029296875
4371 -0.005859375
4372 0.0283203125
4373 -0.041015625
4374 -0.0390625
4375 -0.0341796875
4376 0.0068359375
4377 -0.0517578125
4378 -0.048828125
4379 -0.0419921875
4380 0.0
4381 -0.072265625
4382 -0.0654296875
4383 -0.056640625
4384 -0.0107421875
4385 -0.0986328125
4386 -0.0869140625
4387 -0.072265625
4388 -0.0244140625
4389 -0.0849609375
4390 -0.0751953125
4391 -0.0625
4392 -0.017578125
4393 -0.0634765625
4394 -0.052734375
4395 -0.0439453125
4396 -0.001953125
4397 -0.0693359375
4398 -0.0576171875
4399 -0.0478515625
4400 -0.00390625
4401 -0.119140625
4402 -0.125
4403 -0.099609375
4404 -0.04296875
4405 -0.1015625
4406 -0.087890625
4407 -0.0703125
4408 -0.0205078125
4409 -0.087890625
4410 -0.0712890625
4411 -0.0595703125
4412 -0.013671875
4413 -0.05859375
4414 -0.013671875
4415 -0.001953125
4416 0.044921875
4417 -0.0078125
4418 -0.0625
4419 -0.046875
4420 0.0009765625
4421 -0.068359375
4422 -0.021484375
4423 -0.005859375
4424 0.0419921875
4425 -0.0126953125
4426 0.021484375
4427 0.0322265625
4428 0.0712890625
4429 0.015625
4430 -0.021484375
4431 -0.017578125
4432 0.0224609375
4433 -0.0537109375
4434 -0.009765625
4435 0.001953125
4436 0.044921875
4437 -0.044921875
4438 -0.072265625
4439 -0.0615234375
4440 -0.0126953125
4441 -0.146484375
4442 -0.1181640625
4443 -0.0947265625
4444 -0.037109375
4445 -0.115234375
4446 -0.091796875
4447 -0.076171875
4448 -0.0234375
4449 -0.095703125
4450 -0.080078125
4451 -0.0634765625
4452 -0.01171875
4453 -0.12109375
4454 -0.1025390625
4455 -0.080078125
4456 -0.025390625
4457 -0.0927734375
4458 -0.0771484375
4459 -0.060546875
4460 -0.0087890625
4461 -0.087890625
4462 -0.076171875
4463 -0.0625
4464 -0.0078125
4465 -0.1201171875
4466 -0.0986328125
4467 -0.0771484375
4468 -0.0185546875
4469 -0.08984375
4470 -0.03515625
4471 -0.0166015625
4472 0.0341796875
4473 0.041015625
4474 0.0693359375
4475 0.076171875
4476 0.109375
4477 0.1201171875
4478 0.13671875
4479 0.1357421875
4480 0.158203125
4481 0.158203125
4482 0.166015625
4483 0.158203125
4484 0.1767578125
4485 0.1591796875
4486 0.1669921875
4487 0.1552734375
4488 0.1728515625
4489 0.1650390625
4490 0.1708984375
4491 0.1591796875
4492 0.1748046875
4493 0.1357421875
4494 0.0947265625
4495 0.0791015625
4496 0.0966796875
4497 0.046875
4498 0.068359375
4499 0.064453125
4500 0.0947265625
4501 0.0380859375
4502 -0.001953125
4503 -0.00390625
4504 0.029296875
4505 -0.0361328125
4506 -0.0361328125
4507 -0.033203125
4508 0.0087890625
4509 -0.0498046875
4510 -0.0458984375
4511 -0.0400390625
4512 0.0029296875
4513 -0.068359375
4514 -0.060546875
4515 -0.0517578125
4516 -0.0048828125
4517 -0.0966796875
4518 -0.0849609375
4519 -0.0703125
4520 -0.0205078125
4521 -0.08203125
4522 -0.0712890625
4523 -0.0595703125
4524 -0.0126953125
4525 -0.0595703125
4526 -0.05078125
4527 -0.041015625
4528 -0.0009765625
4529 -0.0654296875
4530 -0.0546875
4531 -0.0458984375
4532 -0.0009765625
4533 -0.1162109375
4534 -0.1220703125
4535 -0.0986328125
4536 -0.0390625
4537 -0.0986328125
4538 -0.083984375
4539 -0.06640625
4540 -0.015625
4541 -0.0849609375
4542 -0.0703125
4543 -0.05859375
4544 -0.0107421875
4545 -0.056640625
4546 -0.013671875
4547 0.001953125
4548 0.0458984375
4549 -0.00390625
4550 -0.0615234375
4551 -0.044921875
4552 0.0029296875
4553 -0.064453125
4554 -0.0205078125
4555 -0.0068359375
4556 0.0439453125
4557 -0.0078125
4558 0.029296875
4559 0.03515625
4560 0.0771484375
4561 0.0205078125
4562 -0.0146484375
4563 -0.01171875
4564 0.0283203125
4565 -0.0517578125
4566 -0.0078125
4567 0.0029296875
4568 0.0478515625
4569 -0.0419921875
4570 -0.072265625
4571 -0.0595703125
4572 -0.009765625
4573 -0.1396484375
4574 -0.1142578125
4575 -0.09375
4576 -0.0341796875
4577 -0.1123046875
4578 -0.08984375
4579 -0.0751953125
4580 -0.0205078125
4581 -0.0927734375
4582 -0.0751953125
4583 -0.060546875
4584 -0.0087890625
4585 -0.115234375
4586 -0.099609375
4587 -0.0771484375
4588 -0.021484375
4589 -0.0908203125
4590 -0.076171875
4591 -0.05859375
4592 -0.0078125
4593 -0.0869140625
4594 -0.0751953125
4595 -0.0595703125
4596 -0.0068359375
4597 -0.1220703125
4598 -0.1005859375
4599 -0.0791015625
4600 -0.01953125
4601 -0.08984375
4602 -0.0341796875
4603 -0.015625
4604 0.0380859375
4605 0.0419921875
4606 0.072265625
4607 0.0771484375
4608 0.1103515625
4609 0.1240234375
4610 0.138671875
4611 0.1357421875
4612 0.1591796875
4613 0.158203125
4614 0.16796875
4615 0.1591796875
4616 0.1787109375
4617 0.162109375
4618 0.169921875
4619 0.15625
4620 0.1748046875
4621 0.166015625
4622 0.1708984375
4623 0.16015625
4624 0.17578125
4625 0.13671875
4626 0.09765625
4627 0.0810546875
4628 0.099609375
4629 0.0498046875
4630 0.0703125
4631 0.068359375
4632 0.095703125
4633 0.0400390625
4634 0.0009765625
4635 -0.001953125
4636 0.0302734375
4637 -0.0341796875
4638 -0.0361328125
4639 -0.029296875
4640 0.009765625
4641 -0.046875
4642 -0.0439453125
4643 -0.0380859375
4644 0.0029296875
4645 -0.068359375
4646 -0.0615234375
4647 -0.0537109375
4648 -0.005859375
4649 -0.095703125
4650 -0.0830078125
4651 -0.0693359375
4652 -0.01953125
4653 -0.080078125
4654 -0.0712890625
4655 -0.0595703125
4656 -0.01171875
4657 -0.05859375
4658 -0.05078125
4659 -0.0400390625
4660 0.001953125
4661 -0.0634765625
4662 -0.0537109375
4663 -0.0439453125
4664 -0.0009765625
4665 -0.1162109375
4666 -0.1220703125
4667 -0.0966796875
4668 -0.0400390625
4669 -0.099609375
4670 -0.083984375
4671 -0.06640625
4672 -0.0166015625
4673 -0.0849609375
4674 -0.0673828125
4675 -0.056640625
4676 -0.0087890625
4677 -0.0546875
4678 -0.0107421875
4679 0.0029296875
4680 0.046875
4681 -0.00390625
4682 -0.060546875
4683 -0.0419921875
4684 0.00390625
4685 -0.0615234375
4686 -0.0185546875
4687 -0.00390625
4688 0.0439453125
4689 -0.0078125
4690 0.0263671875
4691 0.03515625
4692 0.07421875
4693 0.0185546875
4694 -0.017578125
4695 -0.013671875
4696 0.0263671875
4697 -0.0517578125
4698 -0.0068359375
4699 0.0029296875
4700 0.046875
4701 -0.04296875
4702 -0.072265625
4703 -0.060546875
4704 -0.0107421875
4705 -0.142578125
4706 -0.1162109375
4707 -0.091796875
4708 -0.03515625
4709 -0.11328125
4710 -0.0908203125
4711 -0.0732421875
4712 -0.0205078125
4713 -0.09375
4714 -0.076171875
4715 -0.0615234375
4716 -0.0087890625
4717 -0.1171875
4718 -0.0986328125
4719 -0.0791015625
4720 -0.0224609375
4721 -0.091796875
4722 -0.0732421875
4723 -0.0576171875
4724 -0.0068359375
4725 -0.0869140625
4726 -0.0732421875
4727 -0.0576171875
4728 -0.005859375
4729 -0.119140625
4730 -0.099609375
4731 -0.076171875
4732 -0.0185546875
4733 -0.0869140625
4734 -0.033203125
4735 -0.0166015625
4736 0.0380859375
4737 0.0419921875
4738 0.072265625
4739 0.0771484375
4740 0.1123046875
4741 0.1240234375
4742 0.1396484375
4743 0.1357421875
4744 0.16015625
4745 0.1591796875
4746 0.16796875
4747 0.1591796875
4748 0.1787109375
4749 0.1640625
4750 0.1689453125
4751 0.15625
4752 0.173828125
4753 0.16796875
4754 0.1728515625
4755 0.162109375
4756 0.177734375
4757 0.138671875
4758 0.0966796875
4759 0.0810546875
4760 0.0986328125
4761 0.046875
4762 0.0712890625
4763 0.06640625
4764 0.09765625
4765 0.0390625
4766 0.0009765625
4767 -0.0009765625
4768 0.033203125
4769 -0.0341796875
4770 -0.03515625
4771 -0.0302734375
4772 0.009765625
4773 -0.0478515625
4774 -0.04296875
4775 -0.0361328125
4776 0.00390625
4777 -0.06640625
4778 -0.0615234375
4779 -0.0517578125
4780 -0.005859375
4781 -0.0966796875
4782 -0.08203125
4783 -0.0673828125
4784 -0.0185546875
4785 -0.0810546875
4786 -0.0712890625
4787 -0.05859375
4788 -0.0107421875
4789 -0.060546875
4790 -0.048828125
4791 -0.0400390625
4792 0.001953125
4793 -0.064453125
4794 -0.0546875
4795 -0.04296875
4796 0.0
4797 -0.1123046875
4798 -0.1201171875
4799 -0.095703125
4800 -0.0400390625
4801 -0.0966796875
4802 -0.0830078125
4803 -0.0634765625
4804 -0.0146484375
4805 -0.083984375
4806 -0.0673828125
4807 -0.0576171875
4808 -0.009765625
4809 -0.0546875
4810 -0.01171875
4811 0.0029296875
4812 0.048828125
4813 -0.00390625
4814 -0.056640625
4815 -0.04296875
4816 0.0048828125
4817 -0.0634765625
4818 -0.0185546875
4819 -0.001953125
4820 0.0439453125
4821 -0.005859375
4822 0.02734375
4823 0.0390625
4824 0.0751953125
4825 0.0224609375
4826 -0.017578125
4827 -0.009765625
4828 0.0283203125
4829 -0.052734375
4830 -0.0078125
4831 0.001953125
4832 0.0478515625
4833 -0.04296875
4834 -0.072265625
4835 -0.060546875
4836 -0.009765625
4837 -0.142578125
4838 -0.1162109375
4839 -0.0908203125
4840 -0.0341796875
4841 -0.1123046875
4842 -0.0908203125
4843 -0.072265625
4844 -0.0205078125
4845 -0.0927734375
4846 -0.0771484375
4847 -0.05859375
4848 -0.0087890625
4849 -0.1142578125
4850 -0.09765625
4851 -0.0771484375
4852 -0.01953125
4853 -0.0908203125
4854 -0.0732421875
4855 -0.0576171875
4856 -0.005859375
4857 -0.0859375
4858 -0.072265625
4859 -0.0556640625
4860 -0.00390625
4861 -0.1220703125
4862 -0.1005859375
4863 -0.0771484375
4864 -0.021484375
4865 -0.0888671875
4866 -0.0341796875
4867 -0.013671875
4868 0.0380859375
4869 0.0439453125
4870 0.072265625
4871 0.080078125
4872 0.11328125
4873 0.1240234375
4874 0.1396484375
4875 0.1376953125
4876 0.16015625
4877 0.16015625
4878 0.1689453125
4879 0.1611328125
4880 0.1787109375
4881 0.162109375
4882 0.1689453125
4883 0.158203125
4884 0.17578125
4885 0.1689453125
4886 0.173828125
4887 0.1611328125
4888 0.1787109375
4889 0.138671875
4890 0.09765625
4891 0.08203125
4892 0.099609375
4893 0.0517578125
4894 0.0712890625
4895 0.0693359375
4896 0.09765625
4897 0.0400390625
4898 0.00390625
4899 -0.0009765625
4900 0.0341796875
4901 -0.033203125
4902 -0.0322265625
4903 -0.029296875
4904 0.0126953125
4905 -0.046875
4906 -0.041015625
4907 -0.03515625
4908 0.00390625
4909 -0.06640625
4910 -0.060546875
4911 -0.0517578125
4912 -0.005859375
4913 -0.09375
4914 -0.0810546875
4915 -0.0654296875
4916 -0.0185546875
4917 -0.0771484375
4918 -0.0703125
4919 -0.0576171875
4920 -0.0107421875
4921 -0.0576171875
4922 -0.048828125
4923 -0.0400390625
4924 0.00390625
4925 -0.064453125
4926 -0.052734375
4927 -0.041015625
4928 0.001953125
4929 -0.1142578125
4930 -0.1201171875
4931 -0.095703125
4932 -0.0400390625
4933 -0.09765625
4934 -0.083984375
4935 -0.06640625
4936 -0.015625
4937 -0.0830078125
4938 -0.06640625
4939 -0.0546875
4940 -0.0068359375
4941 -0.0537109375
4942 -0.009765625
4943 0.001953125
4944 0.0498046875
4945 -0.001953125
4946 -0.0576171875
4947 -0.0419921875
4948 0.0048828125
4949 -0.0634765625
4950 -0.0166015625
4951 -0.001953125
4952 0.0439453125
4953 -0.0078125
4954 0.0263671875
4955 0.037109375
4956 0.076171875
4957 0.0185546875
4958 -0.0185546875
4959 -0.0126953125
4960 0.025390625
4961 -0.05078125
4962 -0.0078125
4963 0.0048828125
4964 0.048828125
4965 -0.0419921875
4966 -0.0703125
4967 -0.0576171875
4968 -0.009765625
4969 -0.1416015625
4970 -0.115234375
4971 -0.091796875
4972 -0.033203125
4973 -0.1142578125
4974 -0.08984375
4975 -0.072265625
4976 -0.0205078125
4977 -0.0947265625
4978 -0.0791015625
4979 -0.0615234375
4980 -0.0107421875
4981 -0.1171875
4982 -0.0986328125
4983 -0.0771484375
4984 -0.021484375
4985 -0.08984375
4986 -0.07421875
4987 -0.056640625
4988 -0.005859375
4989 -0.0849609375
4990 -0.0712890625
4991 -0.056640625
4992 -0.0029296875
4993 -0.1181640625
4994 -0.0966796875
4995 -0.07421875
4996 -0.0166015625
4997 -0.0869140625
4998 -0.0322265625
4999 -0.0146484375
