x y
0 0.02734375
1 -0.0908203125
2 -0.06640625
3 -0.017578125
4 -0.0205078125
5 -0.4052734375
6 -0.076171875
7 -0.0078125
8 -0.033203125
9 -0.1494140625
10 -0.0625
11 0.00390625
12 -0.0234375
13 -0.1298828125
14 -0.009765625
15 0.064453125
16 0.0302734375
17 -0.080078125
18 -0.0634765625
19 0.0126953125
20 -0.0146484375
21 -0.1416015625
22 -0.015625
23 0.05859375
24 0.0263671875
25 -0.107421875
26 -0.0615234375
27 0.0087890625
28 -0.0185546875
29 -0.1357421875
30 -0.0478515625
31 0.01953125
32 -0.0107421875
33 -0.1142578125
34 -0.0302734375
35 0.033203125
36 -0.0009765625
37 -0.1171875
38 0.001953125
39 0.0712890625
40 0.0380859375
41 -0.0498046875
42 0.060546875
43 0.1240234375
44 0.0771484375
45 0.015625
46 0.1181640625
47 0.1748046875
48 0.1171875
49 0.021484375
50 0.06640625
51 0.1162109375
52 0.0595703125
53 -0.068359375
54 0.04296875
55 0.103515625
56 0.05859375
57 -0.0771484375
58 -0.0400390625
59 0.0234375
60 -0.0087890625
61 -0.123046875
62 -0.0400390625
63 0.0263671875
64 -0.0078125
65 -0.119140625
66 -0.0390625
67 0.025390625
68 -0.0078125
69 -0.1494140625
70 -0.0234375
71 0.0498046875
72 0.01953125
73 -0.0380859375
74 0.072265625
75 0.1357421875
76 0.0849609375
77 -0.009765625
78 0.0380859375
79 0.0908203125
80 0.0390625
81 -0.0908203125
82 0.0234375
83 0.08984375
84 0.0478515625
85 -0.08984375
86 -0.05078125
87 0.017578125
88 -0.015625
89 -0.130859375
90 -0.044921875
91 0.0224609375
92 -0.01171875
93 -0.126953125
94 -0.0400390625
95 0.0244140625
96 -0.0107421875
97 -0.1552734375
98 -0.025390625
99 0.0498046875
100 0.015625
101 -0.0400390625
102 0.072265625
103 0.1357421875
104 0.083984375
105 -0.009765625
106 0.0380859375
107 0.0927734375
108 0.0390625
109 -0.091796875
110 0.0263671875
111 0.091796875
112 0.0478515625
113 -0.091796875
114 -0.0498046875
115 0.0166015625
116 -0.0166015625
117 -0.1328125
118 -0.0458984375
119 0.0244140625
120 -0.0126953125
121 -0.1298828125
122 -0.04296875
123 0.0244140625
124 -0.0107421875
125 -0.1591796875
126 -0.0283203125
127 0.0498046875
128 0.0126953125
129 -0.044921875
130 0.0712890625
131 0.1396484375
132 0.08203125
133 -0.013671875
134 0.0390625
135 0.0966796875
136 0.037109375
137 -0.0986328125
138 0.0234375
139 0.0927734375
140 0.044921875
141 -0.095703125
142 -0.0517578125
143 0.0205078125
144 -0.01953125
145 -0.134765625
146 -0.044921875
147 0.025390625
148 -0.0146484375
149 -0.130859375
150 -0.0419921875
151 0.0263671875
152 -0.013671875
153 -0.1552734375
154 -0.0244140625
155 0.052734375
156 0.0166015625
157 -0.0419921875
158 0.0732421875
159 0.138671875
160 0.0830078125
161 -0.0126953125
162 0.0390625
163 0.0947265625
164 0.0380859375
165 -0.0947265625
166 0.025390625
167 0.09375
168 0.046875
169 -0.09375
170 -0.0517578125
171 0.01953125
172 -0.017578125
173 -0.134765625
174 -0.046875
175 0.025390625
176 -0.015625
177 -0.1298828125
178 -0.0439453125
179 0.025390625
180 -0.013671875
181 -0.1552734375
182 -0.0263671875
183 0.05078125
184 0.0146484375
185 -0.04296875
186 0.0712890625
187 0.134765625
188 0.083984375
189 -0.013671875
190 0.0380859375
191 0.09375
192 0.0380859375
193 -0.095703125
194 0.0244140625
195 0.08984375
196 0.0458984375
197 -0.09375
198 -0.052734375
199 0.0166015625
200 -0.0185546875
201 -0.1357421875
202 -0.044921875
203 0.0244140625
204 -0.015625
205 -0.130859375
206 -0.04296875
207 0.025390625
208 -0.0126953125
209 -0.158203125
210 -0.02734375
211 0.0498046875
212 0.013671875
213 -0.04296875
214 0.0712890625
215 0.13671875
216 0.083984375
217 -0.0126953125
218 0.037109375
219 0.0927734375
220 0.037109375
221 -0.095703125
222 0.0224609375
223 0.0908203125
224 0.0439453125
225 -0.095703125
226 -0.052734375
227 0.0185546875
228 -0.0185546875
229 -0.134765625
230 -0.0458984375
231 0.021484375
232 -0.015625
233 -0.130859375
234 -0.04296875
235 0.0244140625
236 -0.013671875
237 -0.16015625
238 -0.02734375
239 0.0478515625
240 0.0146484375
241 -0.0419921875
242 0.0703125
243 0.1337890625
244 0.0810546875
245 -0.01171875
246 0.037109375
247 0.0908203125
248 0.037109375
249 -0.09375
250 0.0205078125
251 0.087890625
252 0.0458984375
253 -0.09375
254 -0.052734375
255 0.0146484375
256 -0.017578125
257 -0.1337890625
258 -0.0458984375
259 0.0205078125
260 -0.013671875
261 -0.1279296875
262 -0.04296875
263 0.0244140625
264 -0.01171875
265 -0.15625
266 -0.0263671875
267 0.048828125
268 0.0146484375
269 -0.0419921875
270 0.0703125
271 0.134765625
272 0.08203125
273 -0.01171875
274 0.037109375
275 0.0908203125
276 0.0380859375
277 -0.0927734375
278 0.0234375
279 0.0888671875
280 0.046875
281 -0.08984375
282 -0.048828125
283 0.0146484375
284 -0.0146484375
285 -0.1328125
286 -0.0439453125
287 0.0224609375
288 -0.013671875
289 -0.1259765625
290 -0.04296875
291 0.0224609375
292 -0.01171875
293 -0.1533203125
294 -0.0283203125
295 0.0458984375
296 0.015625
297 -0.0400390625
298 0.0703125
299 0.134765625
300 0.08203125
301 -0.0126953125
302 0.0390625
303 0.091796875
304 0.0390625
305 -0.0947265625
306 0.0244140625
307 0.0888671875
308 0.0458984375
309 -0.091796875
310 -0.0517578125
311 0.0185546875
312 -0.0185546875
313 -0.1328125
314 -0.0478515625
315 0.0224609375
316 -0.0146484375
317 -0.12890625
318 -0.04296875
319 0.0234375
320 -0.0107421875
321 -0.15625
322 -0.0283203125
323 0.0458984375
324 0.015625
325 -0.04296875
326 0.0712890625
327 0.1337890625
328 0.083984375
329 -0.0126953125
330 0.0390625
331 0.0888671875
332 0.0380859375
333 -0.091796875
334 0.021484375
335 0.08984375
336 0.0458984375
337 -0.0888671875
338 -0.052734375
339 0.0146484375
340 -0.017578125
341 -0.12890625
342 -0.0478515625
343 0.01953125
344 -0.0126953125
345 -0.1259765625
346 -0.0439453125
347 0.0185546875
348 -0.0107421875
349 -0.1533203125
350 -0.029296875
351 0.04296875
352 0.017578125
353 -0.037109375
354 0.0703125
355 0.1298828125
356 0.08203125
357 -0.0087890625
358 0.037109375
359 0.087890625
360 0.037109375
361 -0.08984375
362 0.021484375
363 0.083984375
364 0.0458984375
365 -0.09375
366 -0.0537109375
367 0.0107421875
368 -0.0185546875
369 -0.1328125
370 -0.048828125
371 0.017578125
372 -0.0146484375
373 -0.1259765625
374 -0.04296875
375 0.01953125
376 -0.01171875
377 -0.150390625
378 -0.02734375
379 0.044921875
380 0.017578125
381 -0.0380859375
382 0.0703125
383 0.1318359375
384 0.083984375
385 -0.0078125
386 0.0361328125
387 0.0869140625
388 0.0380859375
389 -0.08984375
390 0.0234375
391 0.083984375
392 0.046875
393 -0.08984375
394 -0.0517578125
395 0.0126953125
396 -0.0166015625
397 -0.1298828125
398 -0.0458984375
399 0.0185546875
400 -0.01171875
401 -0.126953125
402 -0.0439453125
403 0.0205078125
404 -0.0107421875
405 -0.1533203125
406 -0.02734375
407 0.0458984375
408 0.015625
409 -0.0400390625
410 0.0703125
411 0.1337890625
412 0.08203125
413 -0.0107421875
414 0.03515625
415 0.087890625
416 0.0380859375
417 -0.0947265625
418 0.021484375
419 0.0859375
420 0.044921875
421 -0.0927734375
422 -0.0517578125
423 0.013671875
424 -0.017578125
425 -0.1318359375
426 -0.048828125
427 0.0185546875
428 -0.013671875
429 -0.1259765625
430 -0.0439453125
431 0.0234375
432 -0.0126953125
433 -0.154296875
434 -0.029296875
435 0.046875
436 0.0166015625
437 -0.041015625
438 0.0703125
439 0.1337890625
440 0.08203125
441 -0.0126953125
442 0.037109375
443 0.08984375
444 0.0380859375
445 -0.091796875
446 0.021484375
447 0.0888671875
448 0.0458984375
449 -0.0927734375
450 -0.052734375
451 0.0166015625
452 -0.017578125
453 -0.1328125
454 -0.046875
455 0.021484375
456 -0.013671875
457 -0.1298828125
458 -0.0439453125
459 0.0205078125
460 -0.0126953125
461 -0.1591796875
462 -0.029296875
463 0.0439453125
464 0.015625
465 -0.0439453125
466 0.0712890625
467 0.1337890625
468 0.0810546875
469 -0.013671875
470 0.0361328125
471 0.08984375
472 0.0361328125
473 -0.0947265625
474 0.0205078125
475 0.0859375
476 0.044921875
477 -0.091796875
478 -0.0537109375
479 0.015625
480 -0.0185546875
481 -0.1337890625
482 -0.0478515625
483 0.021484375
484 -0.0146484375
485 -0.12890625
486 -0.04296875
487 0.0234375
488 -0.01171875
489 -0.154296875
490 -0.025390625
491 0.0478515625
492 0.015625
493 -0.0390625
494 0.0712890625
495 0.13671875
496 0.08203125
497 -0.0087890625
498 0.037109375
499 0.08984375
500 0.0380859375
501 -0.08984375
502 0.0234375
503 0.087890625
504 0.0458984375
505 -0.0888671875
506 -0.05078125
507 0.0146484375
508 -0.0166015625
509 -0.130859375
510 -0.0478515625
511 0.01953125
512 -0.013671875
513 -0.1279296875
514 -0.0439453125
515 0.0205078125
516 -0.01171875
517 -0.15234375
518 -0.0283203125
519 0.0458984375
520 0.015625
521 -0.0380859375
522 0.0703125
523 0.130859375
524 0.0830078125
525 -0.01171875
526 0.037109375
527 0.08984375
528 0.0390625
529 -0.09375
530 0.0224609375
531 0.0859375
532 0.0458984375
533 -0.0927734375
534 -0.0517578125
535 0.0146484375
536 -0.015625
537 -0.1337890625
538 -0.0478515625
539 0.0234375
540 -0.013671875
541 -0.1279296875
542 -0.0439453125
543 0.025390625
544 -0.01171875
545 -0.154296875
546 -0.0283203125
547 0.046875
548 0.0146484375
549 -0.04296875
550 0.0712890625
551 0.134765625
552 0.08203125
553 -0.01171875
554 0.037109375
555 0.0888671875
556 0.0380859375
557 -0.09375
558 0.021484375
559 0.0849609375
560 0.0439453125
561 -0.0908203125
562 -0.052734375
563 0.01171875
564 -0.0166015625
565 -0.1298828125
566 -0.0498046875
567 0.01953125
568 -0.013671875
569 -0.125
570 -0.04296875
571 0.01953125
572 -0.01171875
573 -0.1552734375
574 -0.0302734375
575 0.0439453125
576 0.015625
577 -0.0380859375
578 0.0693359375
579 0.1318359375
580 0.0830078125
581 -0.0107421875
582 0.037109375
583 0.08984375
584 0.037109375
585 -0.0927734375
586 0.0205078125
587 0.0859375
588 0.0439453125
589 -0.091796875
590 -0.0546875
591 0.0126953125
592 -0.017578125
593 -0.1328125
594 -0.046875
595 0.0205078125
596 -0.013671875
597 -0.1279296875
598 -0.0439453125
599 0.0205078125
600 -0.01171875
601 -0.154296875
602 -0.0263671875
603 0.0458984375
604 0.017578125
605 -0.0390625
606 0.0703125
607 0.130859375
608 0.08203125
609 -0.0107421875
610 0.0361328125
611 0.087890625
612 0.037109375
613 -0.08984375
614 0.0224609375
615 0.087890625
616 0.044921875
617 -0.0908203125
618 -0.0517578125
619 0.013671875
620 -0.0166015625
621 -0.1318359375
622 -0.0478515625
623 0.0205078125
624 -0.0126953125
625 -0.1279296875
626 -0.04296875
627 0.0205078125
628 -0.01171875
629 -0.154296875
630 -0.029296875
631 0.0458984375
632 0.0146484375
633 -0.041015625
634 0.0693359375
635 0.1337890625
636 0.0810546875
637 -0.0107421875
638 0.037109375
639 0.09375
640 0.037109375
641 -0.09375
642 0.0234375
643 0.0869140625
644 0.0458984375
645 -0.09375
646 -0.0517578125
647 0.0146484375
648 -0.017578125
649 -0.1337890625
650 -0.0458984375
651 0.01953125
652 -0.0146484375
653 -0.1298828125
654 -0.0458984375
655 0.0224609375
656 -0.013671875
657 -0.15625
658 -0.029296875
659 0.0458984375
660 0.013671875
661 -0.041015625
662 0.0703125
663 0.1337890625
664 0.08203125
665 -0.0126953125
666 0.037109375
667 0.091796875
668 0.037109375
669 -0.095703125
670 0.0244140625
671 0.0908203125
672 0.044921875
673 -0.0927734375
674 -0.0517578125
675 0.0166015625
676 -0.017578125
677 -0.134765625
678 -0.046875
679 0.0234375
680 -0.0146484375
681 -0.1298828125
682 -0.04296875
683 0.025390625
684 -0.013671875
685 -0.1591796875
686 -0.029296875
687 0.046875
688 0.0146484375
689 -0.04296875
690 0.0693359375
691 0.1328125
692 0.08203125
693 -0.0126953125
694 0.0380859375
695 0.091796875
696 0.03515625
697 -0.09765625
698 0.021484375
699 0.087890625
700 0.04296875
701 -0.0927734375
702 -0.0517578125
703 0.017578125
704 -0.01953125
705 -0.1337890625
706 -0.0458984375
707 0.0244140625
708 -0.0146484375
709 -0.130859375
710 -0.0419921875
711 0.0283203125
712 -0.013671875
713 -0.16015625
714 -0.0263671875
715 0.05078125
716 0.013671875
717 -0.044921875
718 0.072265625
719 0.1416015625
720 0.08203125
721 -0.013671875
722 0.0380859375
723 0.0966796875
724 0.0361328125
725 -0.0966796875
726 0.0234375
727 0.095703125
728 0.044921875
729 -0.0927734375
730 -0.046875
731 0.0244140625
732 -0.017578125
733 -0.13671875
734 -0.044921875
735 0.0283203125
736 -0.0146484375
737 -0.130859375
738 -0.0400390625
739 0.029296875
740 -0.01171875
741 -0.1630859375
742 -0.025390625
743 0.052734375
744 0.013671875
745 -0.046875
746 0.0703125
747 0.140625
748 0.080078125
749 -0.0146484375
750 0.037109375
751 0.095703125
752 0.03515625
753 -0.0966796875
754 0.0224609375
755 0.0908203125
756 0.0439453125
757 -0.09375
758 -0.0498046875
759 0.0205078125
760 -0.017578125
761 -0.1357421875
762 -0.044921875
763 0.025390625
764 -0.013671875
765 -0.130859375
766 -0.0419921875
767 0.0302734375
768 -0.0126953125
769 -0.1611328125
770 -0.02734375
771 0.0517578125
772 0.013671875
773 -0.044921875
774 0.0703125
775 0.1396484375
776 0.0810546875
777 -0.0146484375
778 0.0380859375
779 0.095703125
780 0.037109375
781 -0.0986328125
782 0.0234375
783 0.091796875
784 0.044921875
785 -0.0947265625
786 -0.0498046875
787 0.0185546875
788 -0.017578125
789 -0.1357421875
790 -0.046875
791 0.025390625
792 -0.015625
793 -0.130859375
794 -0.0439453125
795 0.0283203125
796 -0.0146484375
797 -0.16015625
798 -0.029296875
799 0.05078125
800 0.0126953125
801 -0.044921875
802 0.0703125
803 0.1376953125
804 0.080078125
805 -0.0146484375
806 0.037109375
807 0.0947265625
808 0.037109375
809 -0.099609375
810 0.0234375
811 0.0908203125
812 0.04296875
813 -0.095703125
814 -0.052734375
815 0.0224609375
816 -0.0185546875
817 -0.1357421875
818 -0.046875
819 0.0244140625
820 -0.0166015625
821 -0.130859375
822 -0.041015625
823 0.0263671875
824 -0.013671875
825 -0.158203125
826 -0.025390625
827 0.05078125
828 0.0146484375
829 -0.0439453125
830 0.07421875
831 0.1376953125
832 0.08203125
833 -0.0126953125
834 0.0390625
835 0.09375
836 0.037109375
837 -0.095703125
838 0.0234375
839 0.091796875
840 0.0458984375
841 -0.0927734375
842 -0.05078125
843 0.0185546875
844 -0.017578125
845 -0.1357421875
846 -0.046875
847 0.0234375
848 -0.015625
849 -0.1328125
850 -0.04296875
851 0.025390625
852 -0.0146484375
853 -0.1591796875
854 -0.02734375
855 0.0498046875
856 0.015625
857 -0.0439453125
858 0.0703125
859 0.1376953125
860 0.0810546875
861 -0.0146484375
862 0.0380859375
863 0.09375
864 0.0361328125
865 -0.0966796875
866 0.0224609375
867 0.0888671875
868 0.0439453125
869 -0.09375
870 -0.05078125
871 0.0185546875
872 -0.0185546875
873 -0.134765625
874 -0.044921875
875 0.0234375
876 -0.0146484375
877 -0.130859375
878 -0.0419921875
879 0.0263671875
880 -0.0126953125
881 -0.1572265625
882 -0.0263671875
883 0.0478515625
884 0.013671875
885 -0.0419921875
886 0.0712890625
887 0.1357421875
888 0.08203125
889 -0.01171875
890 0.037109375
891 0.0908203125
892 0.037109375
893 -0.0947265625
894 0.0224609375
895 0.087890625
896 0.044921875
897 -0.09375
898 -0.0517578125
899 0.0166015625
900 -0.0166015625
901 -0.1337890625
902 -0.0478515625
903 0.021484375
904 -0.013671875
905 -0.12890625
906 -0.044921875
907 0.0224609375
908 -0.013671875
909 -0.1572265625
910 -0.029296875
911 0.0478515625
912 0.013671875
913 -0.04296875
914 0.0693359375
915 0.1357421875
916 0.08203125
917 -0.0126953125
918 0.037109375
919 0.08984375
920 0.0380859375
921 -0.0966796875
922 0.0224609375
923 0.0859375
924 0.044921875
925 -0.0927734375
926 -0.05078125
927 0.0166015625
928 -0.0185546875
929 -0.1328125
930 -0.046875
931 0.0185546875
932 -0.013671875
933 -0.126953125
934 -0.04296875
935 0.0224609375
936 -0.01171875
937 -0.154296875
938 -0.02734375
939 0.0478515625
940 0.0146484375
941 -0.04296875
942 0.0712890625
943 0.1357421875
944 0.08203125
945 -0.0126953125
946 0.037109375
947 0.09375
948 0.0380859375
949 -0.09375
950 0.0244140625
951 0.091796875
952 0.046875
953 -0.091796875
954 -0.0517578125
955 0.017578125
956 -0.0185546875
957 -0.1328125
958 -0.044921875
959 0.025390625
960 -0.0146484375
961 -0.1279296875
962 -0.0419921875
963 0.0234375
964 -0.0107421875
965 -0.158203125
966 -0.0283203125
967 0.048828125
968 0.0146484375
969 -0.04296875
970 0.0712890625
971 0.1357421875
972 0.0830078125
973 -0.0107421875
974 0.037109375
975 0.0927734375
976 0.037109375
977 -0.091796875
978 0.0224609375
979 0.0888671875
980 0.044921875
981 -0.091796875
982 -0.052734375
983 0.0146484375
984 -0.0166015625
985 -0.130859375
986 -0.046875
987 0.01953125
988 -0.0126953125
989 -0.1279296875
990 -0.04296875
991 0.0224609375
992 -0.01171875
993 -0.1572265625
994 -0.02734375
995 0.0458984375
996 0.0146484375
997 -0.0400390625
998 0.0703125
999 0.1337890625
1000 0.08203125
1001 -0.0107421875
1002 0.037109375
1003 0.08984375
1004 0.0390625
1005 -0.091796875
1006 0.0234375
1007 0.0888671875
1008 0.046875
1009 -0.0908203125
1010 -0.052734375
1011 0.013671875
1012 -0.0166015625
1013 -0.1318359375
1014 -0.0458984375
1015 0.01953125
1016 -0.01171875
1017 -0.126953125
1018 -0.04296875
1019 0.021484375
1020 -0.01171875
1021 -0.1552734375
1022 -0.0302734375
1023 0.044921875
1024 0.015625
1025 -0.0390625
1026 0.0693359375
1027 0.1318359375
1028 0.0830078125
1029 -0.0087890625
1030 0.0361328125
1031 0.0888671875
1032 0.0390625
1033 -0.091796875
1034 0.021484375
1035 0.0830078125
1036 0.0458984375
1037 -0.095703125
1038 -0.0556640625
1039 0.0107421875
1040 -0.0185546875
1041 -0.134765625
1042 -0.0498046875
1043 0.01953125
1044 -0.013671875
1045 -0.1279296875
1046 -0.0439453125
1047 0.021484375
1048 -0.01171875
1049 -0.15234375
1050 -0.02734375
1051 0.046875
1052 0.017578125
1053 -0.0380859375
1054 0.072265625
1055 0.1337890625
1056 0.083984375
1057 -0.0107421875
1058 0.0390625
1059 0.087890625
1060 0.0390625
1061 -0.08984375
1062 0.0234375
1063 0.0869140625
1064 0.046875
1065 -0.0927734375
1066 -0.052734375
1067 0.015625
1068 -0.0185546875
1069 -0.1318359375
1070 -0.0458984375
1071 0.0244140625
1072 -0.013671875
1073 -0.1259765625
1074 -0.0439453125
1075 0.0224609375
1076 -0.01171875
1077 -0.154296875
1078 -0.0283203125
1079 0.0458984375
1080 0.0146484375
1081 -0.0390625
1082 0.0703125
1083 0.1318359375
1084 0.0849609375
1085 -0.0107421875
1086 0.0361328125
1087 0.087890625
1088 0.0380859375
1089 -0.0888671875
1090 0.0205078125
1091 0.0830078125
1092 0.0458984375
1093 -0.091796875
1094 -0.0537109375
1095 0.0107421875
1096 -0.017578125
1097 -0.1298828125
1098 -0.048828125
1099 0.0166015625
1100 -0.01171875
1101 -0.1259765625
1102 -0.04296875
1103 0.01953125
1104 -0.0107421875
1105 -0.1552734375
1106 -0.02734375
1107 0.044921875
1108 0.015625
1109 -0.0380859375
1110 0.0703125
1111 0.1298828125
1112 0.083984375
1113 -0.009765625
1114 0.0361328125
1115 0.0869140625
1116 0.0400390625
1117 -0.0888671875
1118 0.0234375
1119 0.083984375
1120 0.0458984375
1121 -0.0908203125
1122 -0.0546875
1123 0.009765625
1124 -0.0166015625
1125 -0.130859375
1126 -0.046875
1127 0.017578125
1128 -0.01171875
1129 -0.125
1130 -0.0439453125
1131 0.017578125
1132 -0.009765625
1133 -0.1533203125
1134 -0.03125
1135 0.041015625
1136 0.0146484375
1137 -0.0390625
1138 0.068359375
1139 0.1298828125
1140 0.0830078125
1141 -0.009765625
1142 0.0361328125
1143 0.08984375
1144 0.037109375
1145 -0.0908203125
1146 0.0224609375
1147 0.0849609375
1148 0.046875
1149 -0.0927734375
1150 -0.052734375
1151 0.0126953125
1152 -0.017578125
1153 -0.130859375
1154 -0.0458984375
1155 0.0166015625
1156 -0.0126953125
1157 -0.125
1158 -0.04296875
1159 0.021484375
1160 -0.01171875
1161 -0.150390625
1162 -0.0283203125
1163 0.044921875
1164 0.017578125
1165 -0.0361328125
1166 0.0703125
1167 0.1318359375
1168 0.083984375
1169 -0.009765625
1170 0.0380859375
1171 0.0888671875
1172 0.0400390625
1173 -0.08984375
1174 0.0234375
1175 0.087890625
1176 0.0478515625
1177 -0.0908203125
1178 -0.05078125
1179 0.0146484375
1180 -0.015625
1181 -0.1298828125
1182 -0.0478515625
1183 0.01953125
1184 -0.0146484375
1185 -0.126953125
1186 -0.0458984375
1187 0.0224609375
1188 -0.009765625
1189 -0.154296875
1190 -0.029296875
1191 0.0458984375
1192 0.0166015625
1193 -0.0400390625
1194 0.072265625
1195 0.1318359375
1196 0.083984375
1197 -0.01171875
1198 0.0380859375
1199 0.0908203125
1200 0.0380859375
1201 -0.0927734375
1202 0.021484375
1203 0.0869140625
1204 0.044921875
1205 -0.091796875
1206 -0.052734375
1207 0.015625
1208 -0.015625
1209 -0.1318359375
1210 -0.0458984375
1211 0.021484375
1212 -0.0126953125
1213 -0.12890625
1214 -0.04296875
1215 0.0234375
1216 -0.0126953125
1217 -0.15625
1218 -0.0283203125
1219 0.0458984375
1220 0.015625
1221 -0.0419921875
1222 0.0712890625
1223 0.1357421875
1224 0.0830078125
1225 -0.01171875
1226 0.0361328125
1227 0.0908203125
1228 0.0390625
1229 -0.0947265625
1230 0.021484375
1231 0.0888671875
1232 0.0439453125
1233 -0.0947265625
1234 -0.052734375
1235 0.0166015625
1236 -0.0185546875
1237 -0.1357421875
1238 -0.048828125
1239 0.0224609375
1240 -0.0126953125
1241 -0.130859375
1242 -0.0439453125
1243 0.0234375
1244 -0.01171875
1245 -0.1591796875
1246 -0.029296875
1247 0.0458984375
1248 0.013671875
1249 -0.041015625
1250 0.0712890625
1251 0.134765625
1252 0.0810546875
1253 -0.01171875
1254 0.0380859375
1255 0.091796875
1256 0.037109375
1257 -0.095703125
1258 0.021484375
1259 0.0869140625
1260 0.044921875
1261 -0.0927734375
1262 -0.052734375
1263 0.013671875
1264 -0.0185546875
1265 -0.1328125
1266 -0.0458984375
1267 0.01953125
1268 -0.0126953125
1269 -0.12890625
1270 -0.04296875
1271 0.0224609375
1272 -0.0126953125
1273 -0.154296875
1274 -0.0283203125
1275 0.0478515625
1276 0.0166015625
1277 -0.041015625
1278 0.0712890625
1279 0.1337890625
1280 0.0830078125
1281 -0.01171875
1282 0.0380859375
1283 0.0888671875
1284 0.037109375
1285 -0.0927734375
1286 0.0234375
1287 0.0869140625
1288 0.0478515625
1289 -0.0927734375
1290 -0.052734375
1291 0.0146484375
1292 -0.015625
1293 -0.1337890625
1294 -0.0478515625
1295 0.0224609375
1296 -0.0146484375
1297 -0.12890625
1298 -0.04296875
1299 0.0244140625
1300 -0.0126953125
1301 -0.15625
1302 -0.0263671875
1303 0.0478515625
1304 0.015625
1305 -0.04296875
1306 0.0712890625
1307 0.1357421875
1308 0.08203125
1309 -0.013671875
1310 0.0380859375
1311 0.0927734375
1312 0.0390625
1313 -0.0947265625
1314 0.0224609375
1315 0.0888671875
1316 0.0458984375
1317 -0.0947265625
1318 -0.0537109375
1319 0.017578125
1320 -0.017578125
1321 -0.134765625
1322 -0.046875
1323 0.021484375
1324 -0.0146484375
1325 -0.1318359375
1326 -0.0439453125
1327 0.0234375
1328 -0.0146484375
1329 -0.158203125
1330 -0.0283203125
1331 0.044921875
1332 0.013671875
1333 -0.0419921875
1334 0.0703125
1335 0.1337890625
1336 0.0830078125
1337 -0.01171875
1338 0.0380859375
1339 0.08984375
1340 0.0400390625
1341 -0.0927734375
1342 0.021484375
1343 0.087890625
1344 0.0458984375
1345 -0.0927734375
1346 -0.0546875
1347 0.015625
1348 -0.0185546875
1349 -0.1318359375
1350 -0.046875
1351 0.021484375
1352 -0.0126953125
1353 -0.1298828125
1354 -0.04296875
1355 0.0224609375
1356 -0.01171875
1357 -0.1572265625
1358 -0.029296875
1359 0.0458984375
1360 0.0166015625
1361 -0.04296875
1362 0.0693359375
1363 0.1357421875
1364 0.08203125
1365 -0.0126953125
1366 0.0380859375
1367 0.091796875
1368 0.0380859375
1369 -0.095703125
1370 0.021484375
1371 0.087890625
1372 0.0439453125
1373 -0.0947265625
1374 -0.0537109375
1375 0.013671875
1376 -0.017578125
1377 -0.1328125
1378 -0.046875
1379 0.01953125
1380 -0.0126953125
1381 -0.1279296875
1382 -0.041015625
1383 0.0224609375
1384 -0.0107421875
1385 -0.154296875
1386 -0.0263671875
1387 0.0478515625
1388 0.0166015625
1389 -0.0400390625
1390 0.072265625
1391 0.1357421875
1392 0.083984375
1393 -0.0087890625
1394 0.0380859375
1395 0.091796875
1396 0.0390625
1397 -0.09375
1398 0.0244140625
1399 0.08984375
1400 0.046875
1401 -0.0908203125
1402 -0.0498046875
1403 0.01953125
1404 -0.0166015625
1405 -0.1328125
1406 -0.0439453125
1407 0.0263671875
1408 -0.0107421875
1409 -0.12890625
1410 -0.0419921875
1411 0.025390625
1412 -0.0126953125
1413 -0.15625
1414 -0.02734375
1415 0.048828125
1416 0.0146484375
1417 -0.0419921875
1418 0.0712890625
1419 0.1357421875
1420 0.08203125
1421 -0.013671875
1422 0.037109375
1423 0.0927734375
1424 0.0380859375
1425 -0.0966796875
1426 0.0224609375
1427 0.091796875
1428 0.044921875
1429 -0.0927734375
1430 -0.0498046875
1431 0.01953125
1432 -0.0185546875
1433 -0.1328125
1434 -0.0458984375
1435 0.025390625
1436 -0.0146484375
1437 -0.126953125
1438 -0.0400390625
1439 0.03125
1440 -0.0107421875
1441 -0.130859375
1442 -0.005859375
1443 0.068359375
1444 0.029296875
1445 -0.0830078125
1446 -0.03125
1447 0.03515625
1448 -0.0048828125
1449 -0.1240234375
1450 -0.0400390625
1451 0.029296875
1452 -0.0068359375
1453 -0.130859375
1454 -0.0419921875
1455 0.0244140625
1456 -0.013671875
1457 -0.177734375
1458 -0.0869140625
1459 -0.0126953125
1460 -0.0390625
1461 -0.1982421875
1462 -0.0625
1463 0.0234375
1464 -0.00390625
1465 -0.080078125
1466 0.0419921875
1467 0.109375
1468 0.0634765625
1469 -0.0029296875
1470 0.10546875
1471 0.166015625
1472 0.1083984375
1473 0.0087890625
1474 0.0576171875
1475 0.1083984375
1476 0.05078125
1477 -0.0703125
1478 0.04296875
1479 0.109375
1480 0.0615234375
1481 -0.021484375
1482 0.0869140625
1483 0.1484375
1484 0.091796875
1485 -0.0107421875
1486 0.03125
1487 0.091796875
1488 0.03515625
1489 -0.0751953125
1490 0.0390625
1491 0.10546875
1492 0.056640625
1493 -0.013671875
1494 0.09375
1495 0.15234375
1496 0.0947265625
1497 -0.0087890625
1498 0.03125
1499 0.0869140625
1500 0.0341796875
1501 -0.0625
1502 0.0166015625
1503 0.0732421875
1504 0.01953125
1505 -0.140625
1506 -0.0185546875
1507 0.052734375
1508 0.017578125
1509 -0.1015625
1510 0.0166015625
1511 0.08203125
1512 0.041015625
1513 -0.1064453125
1514 -0.060546875
1515 0.005859375
1516 -0.025390625
1517 -0.14453125
1518 -0.017578125
1519 0.0537109375
1520 0.01953125
1521 -0.05078125
1522 0.060546875
1523 0.12109375
1524 0.0693359375
1525 -0.052734375
1526 -0.0166015625
1527 0.0419921875
1528 0.0048828125
1529 -0.103515625
1530 0.01171875
1531 0.076171875
1532 0.0400390625
1533 -0.060546875
1534 -0.015625
1535 0.0400390625
1536 0.0009765625
1537 -0.087890625
1538 0.025390625
1539 0.087890625
1540 0.0478515625
1541 -0.0009765625
1542 0.099609375
1543 0.1572265625
1544 0.1025390625
1545 -0.0244140625
1546 0.07421875
1547 0.1298828125
1548 0.080078125
1549 -0.0859375
1550 -0.0498046875
1551 0.013671875
1552 -0.021484375
1553 -0.1298828125
1554 -0.0458984375
1555 0.017578125
1556 -0.0185546875
1557 -0.1904296875
1558 -0.1123046875
1559 -0.0400390625
1560 -0.0595703125
1561 -0.177734375
1562 -0.046875
1563 0.025390625
1564 -0.0009765625
1565 -0.0966796875
1566 -0.048828125
1567 0.017578125
1568 -0.0166015625
1569 -0.1162109375
1570 0.0
1571 0.068359375
1572 0.03125
1573 -0.0322265625
1574 0.0732421875
1575 0.1337890625
1576 0.0810546875
1577 -0.009765625
1578 0.0283203125
1579 0.0810546875
1580 0.033203125
1581 -0.0634765625
1582 0.0146484375
1583 0.0673828125
1584 0.0205078125
1585 -0.1396484375
1586 -0.0205078125
1587 0.048828125
1588 0.0166015625
1589 -0.1005859375
1590 0.0126953125
1591 0.0771484375
1592 0.037109375
1593 -0.103515625
1594 -0.064453125
1595 0.005859375
1596 -0.025390625
1597 -0.142578125
1598 -0.01953125
1599 0.05078125
1600 0.017578125
1601 -0.06640625
1602 0.0439453125
1603 0.107421875
1604 0.0615234375
1605 -0.0625
1606 -0.021484375
1607 0.037109375
1608 0.0
1609 -0.1103515625
1610 0.0068359375
1611 0.07421875
1612 0.03515625
1613 -0.0654296875
1614 -0.017578125
1615 0.041015625
1616 0.0
1617 -0.125
1618 -0.005859375
1619 0.0625
1620 0.0263671875
1621 -0.099609375
1622 -0.0556640625
1623 0.009765625
1624 -0.0234375
1625 -0.1337890625
1626 -0.046875
1627 0.017578125
1628 -0.015625
1629 -0.189453125
1630 -0.1103515625
1631 -0.0341796875
1632 -0.056640625
1633 -0.17578125
1634 -0.0439453125
1635 0.033203125
1636 0.00390625
1637 -0.091796875
1638 -0.044921875
1639 0.0244140625
1640 -0.01171875
1641 -0.1142578125
1642 0.005859375
1643 0.0751953125
1644 0.0341796875
1645 -0.0302734375
1646 0.0791015625
1647 0.1396484375
1648 0.0859375
1649 -0.009765625
1650 0.0302734375
1651 0.0859375
1652 0.0361328125
1653 -0.0595703125
1654 0.0224609375
1655 0.076171875
1656 0.0263671875
1657 -0.05859375
1658 0.0517578125
1659 0.115234375
1660 0.064453125
1661 0.009765625
1662 0.1123046875
1663 0.169921875
1664 0.109375
1665 0.0029296875
1666 0.1005859375
1667 0.15625
1668 0.0986328125
1669 -0.0205078125
1670 0.0791015625
1671 0.1337890625
1672 0.080078125
1673 -0.0615234375
1674 -0.0224609375
1675 0.03515625
1676 -0.0048828125
1677 -0.126953125
1678 -0.00390625
1679 0.0625
1680 0.0234375
1681 -0.05078125
1682 0.05859375
1683 0.1201171875
1684 0.068359375
1685 -0.056640625
1686 -0.0205078125
1687 0.04296875
1688 -0.0009765625
1689 -0.1103515625
1690 0.0048828125
1691 0.07421875
1692 0.03125
1693 -0.072265625
1694 -0.025390625
1695 0.03515625
1696 -0.0078125
1697 -0.1005859375
1698 0.015625
1699 0.080078125
1700 0.0390625
1701 -0.009765625
1702 0.09375
1703 0.154296875
1704 0.0947265625
1705 0.0390625
1706 0.134765625
1707 0.189453125
1708 0.1240234375
1709 0.060546875
1710 0.1533203125
1711 0.2060546875
1712 0.1357421875
1713 0.015625
1714 0.1083984375
1715 0.1611328125
1716 0.09765625
1717 -0.0673828125
1718 -0.03125
1719 0.0263671875
1720 -0.0166015625
1721 -0.1318359375
1722 -0.048828125
1723 0.0126953125
1724 -0.025390625
1725 -0.19921875
1726 -0.1240234375
1727 -0.046875
1728 -0.072265625
1729 -0.1923828125
1730 -0.0595703125
1731 0.0146484375
1732 -0.015625
1733 -0.1123046875
1734 -0.0625
1735 0.0048828125
1736 -0.0322265625
1737 -0.1455078125
1738 -0.0224609375
1739 0.048828125
1740 0.009765625
1741 -0.068359375
1742 0.0439453125
1743 0.107421875
1744 0.0546875
1745 -0.044921875
1746 -0.001953125
1747 0.052734375
1748 0.0068359375
1749 -0.0869140625
1750 -0.0029296875
1751 0.0517578125
1752 0.001953125
1753 -0.0908203125
1754 0.021484375
1755 0.08984375
1756 0.041015625
1757 -0.0185546875
1758 0.0849609375
1759 0.146484375
1760 0.0849609375
1761 0.021484375
1762 0.12109375
1763 0.177734375
1764 0.109375
1765 0.046875
1766 0.1416015625
1767 0.1962890625
1768 0.123046875
1769 0.01171875
1770 0.1083984375
1771 0.1611328125
1772 0.095703125
1773 -0.0283203125
1774 0.0703125
1775 0.125
1776 0.0654296875
1777 -0.0810546875
1778 -0.0419921875
1779 0.0224609375
1780 -0.025390625
1781 -0.1494140625
1782 -0.025390625
1783 0.046875
1784 0.0009765625
1785 -0.0751953125
1786 0.0400390625
1787 0.10546875
1788 0.046875
1789 -0.080078125
1790 -0.0390625
1791 0.0263671875
1792 -0.0205078125
1793 -0.1357421875
1794 -0.0126953125
1795 0.056640625
1796 0.009765625
1797 -0.0947265625
1798 -0.04296875
1799 0.01953125
1800 -0.0302734375
1801 -0.126953125
1802 -0.0048828125
1803 0.0673828125
1804 0.0166015625
1805 -0.033203125
1806 0.0751953125
1807 0.1376953125
1808 0.07421875
1809 0.0078125
1810 0.1123046875
1811 0.1689453125
1812 0.099609375
1813 0.03515625
1814 0.1328125
1815 0.1884765625
1816 0.1142578125
1817 -0.0078125
1818 0.091796875
1819 0.1455078125
1820 0.0791015625
1821 -0.0888671875
1822 -0.048828125
1823 0.01171875
1824 -0.0341796875
1825 -0.150390625
1826 -0.064453125
1827 0.0029296875
1828 -0.0439453125
1829 -0.2158203125
1830 -0.138671875
1831 -0.0595703125
1832 -0.0888671875
1833 -0.2119140625
1834 -0.076171875
1835 0.0029296875
1836 -0.0322265625
1837 -0.12890625
1838 -0.0771484375
1839 -0.005859375
1840 -0.0458984375
1841 -0.1904296875
1842 -0.060546875
1843 0.017578125
1844 -0.0185546875
1845 -0.1103515625
1846 0.005859375
1847 0.07421875
1848 0.025390625
1849 -0.072265625
1850 -0.03125
1851 0.03125
1852 -0.015625
1853 -0.1083984375
1854 -0.0244140625
1855 0.0361328125
1856 -0.013671875
1857 -0.1123046875
1858 0.0048828125
1859 0.07421875
1860 0.0263671875
1861 -0.037109375
1862 0.0712890625
1863 0.1337890625
1864 0.0732421875
1865 0.0029296875
1866 0.10546875
1867 0.162109375
1868 0.095703125
1869 0.0322265625
1870 0.1279296875
1871 0.185546875
1872 0.1123046875
1873 0.0048828125
1874 0.1005859375
1875 0.154296875
1876 0.087890625
1877 -0.0322265625
1878 0.06640625
1879 0.119140625
1880 0.060546875
1881 -0.078125
1882 -0.0380859375
1883 0.017578125
1884 -0.0244140625
1885 -0.1494140625
1886 -0.0283203125
1887 0.0400390625
1888 -0.0009765625
1889 -0.0771484375
1890 0.0302734375
1891 0.09375
1892 0.0400390625
1893 -0.087890625
1894 -0.0498046875
1895 0.013671875
1896 -0.029296875
1897 -0.140625
1898 -0.0224609375
1899 0.046875
1900 0.0029296875
1901 -0.103515625
1902 -0.052734375
1903 0.0087890625
1904 -0.0361328125
1905 -0.1328125
1906 -0.0107421875
1907 0.05859375
1908 0.0107421875
1909 -0.0380859375
1910 0.0693359375
1911 0.1298828125
1912 0.0703125
1913 0.0078125
1914 0.1083984375
1915 0.166015625
1916 0.09765625
1917 0.0322265625
1918 0.1298828125
1919 0.185546875
1920 0.111328125
1921 -0.009765625
1922 0.0849609375
1923 0.1396484375
1924 0.07421875
1925 -0.0908203125
1926 -0.052734375
1927 0.005859375
1928 -0.0390625
1929 -0.154296875
1930 -0.0673828125
1931 -0.005859375
1932 -0.0478515625
1933 -0.220703125
1934 -0.1416015625
1935 -0.06640625
1936 -0.09375
1937 -0.2119140625
1938 -0.080078125
1939 -0.0029296875
1940 -0.03515625
1941 -0.1318359375
1942 -0.08203125
1943 -0.0126953125
1944 -0.0498046875
1945 -0.1611328125
1946 -0.037109375
1947 0.033203125
1948 -0.005859375
1949 -0.0810546875
1950 0.03125
1951 0.09375
1952 0.041015625
1953 -0.0546875
1954 -0.013671875
1955 0.044921875
1956 -0.00390625
1957 -0.099609375
1958 -0.017578125
1959 0.0390625
1960 -0.0107421875
1961 -0.107421875
1962 0.005859375
1963 0.0732421875
1964 0.0234375
1965 -0.0400390625
1966 0.064453125
1967 0.126953125
1968 0.0673828125
1969 -0.0048828125
1970 0.0947265625
1971 0.1494140625
1972 0.0859375
1973 0.025390625
1974 0.12109375
1975 0.173828125
1976 0.1064453125
1977 -0.0009765625
1978 0.0947265625
1979 0.1455078125
1980 0.08203125
1981 -0.0380859375
1982 0.05859375
1983 0.11328125
1984 0.0537109375
1985 -0.0888671875
1986 -0.0498046875
1987 0.009765625
1988 -0.03515625
1989 -0.1572265625
1990 -0.037109375
1991 0.029296875
1992 -0.0078125
1993 -0.09765625
1994 0.0126953125
1995 0.076171875
1996 0.0283203125
1997 -0.09765625
1998 -0.0595703125
1999 0.0029296875
2000 -0.0361328125
2001 -0.1494140625
2002 -0.029296875
2003 0.041015625
2004 -0.0029296875
2005 -0.103515625
2006 -0.0556640625
2007 0.005859375
2008 -0.0361328125
2009 -0.177734375
2010 -0.0546875
2011 0.0185546875
2012 -0.017578125
2013 -0.1455078125
2014 -0.09765625
2015 -0.02734375
2016 -0.0615234375
2017 -0.1728515625
2018 -0.0849609375
2019 -0.015625
2020 -0.0517578125
2021 -0.2236328125
2022 -0.142578125
2023 -0.064453125
2024 -0.08984375
2025 -0.2099609375
2026 -0.076171875
2027 0.001953125
2028 -0.029296875
2029 -0.1259765625
2030 -0.0751953125
2031 -0.0048828125
2032 -0.0439453125
2033 -0.1962890625
2034 -0.06640625
2035 0.01171875
2036 -0.01953125
2037 -0.1201171875
2038 0.0
2039 0.0673828125
2040 0.0224609375
2041 -0.076171875
2042 -0.03125
2043 0.0302734375
2044 -0.013671875
2045 -0.1083984375
2046 -0.0224609375
2047 0.037109375
2048 -0.0107421875
2049 -0.107421875
2050 0.009765625
2051 0.076171875
2052 0.0302734375
2053 -0.0390625
2054 0.068359375
2055 0.1279296875
2056 0.0712890625
2057 0.001953125
2058 0.1025390625
2059 0.1611328125
2060 0.0986328125
2061 0.03125
2062 0.1298828125
2063 0.18359375
2064 0.115234375
2065 0.005859375
2066 0.1005859375
2067 0.15234375
2068 0.0888671875
2069 -0.03125
2070 0.06640625
2071 0.119140625
2072 0.0625
2073 -0.076171875
2074 -0.037109375
2075 0.017578125
2076 -0.0224609375
2077 -0.140625
2078 -0.0263671875
2079 0.037109375
2080 0.0009765625
2081 -0.0703125
2082 0.033203125
2083 0.0908203125
2084 0.044921875
2085 -0.080078125
2086 -0.044921875
2087 0.01171875
2088 -0.0244140625
2089 -0.1337890625
2090 -0.01953125
2091 0.04296875
2092 0.009765625
2093 -0.09765625
2094 -0.0517578125
2095 0.0048828125
2096 -0.0322265625
2097 -0.1240234375
2098 -0.0107421875
2099 0.0517578125
2100 0.013671875
2101 -0.0283203125
2102 0.0712890625
2103 0.126953125
2104 0.0732421875
2105 0.0107421875
2106 0.1025390625
2107 0.1552734375
2108 0.0966796875
2109 0.0361328125
2110 0.126953125
2111 0.1767578125
2112 0.1123046875
2113 -0.0068359375
2114 0.0849609375
2115 0.1328125
2116 0.0751953125
2117 -0.0888671875
2118 -0.0537109375
2119 -0.0009765625
2120 -0.0380859375
2121 -0.1484375
2122 -0.0703125
2123 -0.009765625
2124 -0.0458984375
2125 -0.212890625
2126 -0.1435546875
2127 -0.068359375
2128 -0.0888671875
2129 -0.20703125
2130 -0.078125
2131 -0.005859375
2132 -0.03125
2133 -0.126953125
2134 -0.0810546875
2135 -0.0166015625
2136 -0.044921875
2137 -0.15625
2138 -0.0390625
2139 0.0263671875
2140 -0.0048828125
2141 -0.0771484375
2142 0.029296875
2143 0.0859375
2144 0.0400390625
2145 -0.052734375
2146 -0.0146484375
2147 0.0400390625
2148 -0.0048828125
2149 -0.0947265625
2150 -0.017578125
2151 0.0361328125
2152 -0.0087890625
2153 -0.099609375
2154 0.0087890625
2155 0.0693359375
2156 0.0283203125
2157 -0.0322265625
2158 0.0673828125
2159 0.1240234375
2160 0.0703125
2161 0.00390625
2162 0.099609375
2163 0.1513671875
2164 0.091796875
2165 0.03125
2166 0.1220703125
2167 0.173828125
2168 0.1083984375
2169 0.00390625
2170 0.0947265625
2171 0.142578125
2172 0.0830078125
2173 -0.0361328125
2174 0.0576171875
2175 0.1083984375
2176 0.0546875
2177 -0.0869140625
2178 -0.0517578125
2179 0.0048828125
2180 -0.033203125
2181 -0.15625
2182 -0.0380859375
2183 0.0263671875
2184 -0.0087890625
2185 -0.095703125
2186 0.01171875
2187 0.0732421875
2188 0.0283203125
2189 -0.0927734375
2190 -0.0576171875
2191 0.0029296875
2192 -0.0341796875
2193 -0.1416015625
2194 -0.0283203125
2195 0.0380859375
2196 0.0
2197 -0.099609375
2198 -0.0537109375
2199 0.00390625
2200 -0.033203125
2201 -0.173828125
2202 -0.0517578125
2203 0.0146484375
2204 -0.015625
2205 -0.1435546875
2206 -0.09765625
2207 -0.03125
2208 -0.0625
2209 -0.1689453125
2210 -0.0830078125
2211 -0.0185546875
2212 -0.0517578125
2213 -0.220703125
2214 -0.1455078125
2215 -0.06640625
2216 -0.0908203125
2217 -0.20703125
2218 -0.0771484375
2219 -0.0009765625
2220 -0.029296875
2221 -0.125
2222 -0.0771484375
2223 -0.009765625
2224 -0.041015625
2225 -0.1943359375
2226 -0.0673828125
2227 0.0068359375
2228 -0.01953125
2229 -0.1181640625
2230 -0.001953125
2231 0.064453125
2232 0.021484375
2233 -0.072265625
2234 -0.0341796875
2235 0.0283203125
2236 -0.013671875
2237 -0.1044921875
2238 -0.0234375
2239 0.0341796875
2240 -0.009765625
2241 -0.1044921875
2242 0.0087890625
2243 0.07421875
2244 0.0302734375
2245 -0.0390625
2246 0.06640625
2247 0.1279296875
2248 0.072265625
2249 0.001953125
2250 0.1025390625
2251 0.1591796875
2252 0.095703125
2253 0.033203125
2254 0.12890625
2255 0.18359375
2256 0.115234375
2257 0.005859375
2258 0.1015625
2259 0.15625
2260 0.0908203125
2261 -0.029296875
2262 0.0693359375
2263 0.123046875
2264 0.064453125
2265 -0.0712890625
2266 -0.033203125
2267 0.025390625
2268 -0.0205078125
2269 -0.1435546875
2270 -0.0234375
2271 0.0419921875
2272 0.0029296875
2273 -0.0751953125
2274 0.03515625
2275 0.0966796875
2276 0.0439453125
2277 -0.083984375
2278 -0.048828125
2279 0.013671875
2280 -0.02734375
2281 -0.138671875
2282 -0.0205078125
2283 0.0478515625
2284 0.0048828125
2285 -0.09765625
2286 -0.0517578125
2287 0.009765625
2288 -0.033203125
2289 -0.12890625
2290 -0.01171875
2291 0.0556640625
2292 0.0126953125
2293 -0.0322265625
2294 0.0712890625
2295 0.1298828125
2296 0.072265625
2297 0.0068359375
2298 0.1044921875
2299 0.1591796875
2300 0.09375
2301 0.0322265625
2302 0.126953125
2303 0.1806640625
2304 0.111328125
2305 -0.009765625
2306 0.083984375
2307 0.1376953125
2308 0.0732421875
2309 -0.0908203125
2310 -0.0546875
2311 0.0048828125
2312 -0.0390625
2313 -0.1533203125
2314 -0.0673828125
2315 -0.0078125
2316 -0.0458984375
2317 -0.21875
2318 -0.140625
2319 -0.064453125
2320 -0.091796875
2321 -0.2119140625
2322 -0.078125
2323 -0.001953125
2324 -0.033203125
2325 -0.130859375
2326 -0.0810546875
2327 -0.0107421875
2328 -0.048828125
2329 -0.162109375
2330 -0.0380859375
2331 0.0322265625
2332 -0.0068359375
2333 -0.08203125
2334 0.0302734375
2335 0.08984375
2336 0.0400390625
2337 -0.0537109375
2338 -0.013671875
2339 0.0419921875
2340 -0.00390625
2341 -0.0986328125
2342 -0.0166015625
2343 0.0380859375
2344 -0.0107421875
2345 -0.103515625
2346 0.009765625
2347 0.0751953125
2348 0.0263671875
2349 -0.0361328125
2350 0.068359375
2351 0.1259765625
2352 0.0693359375
2353 0.0
2354 0.099609375
2355 0.15625
2356 0.0908203125
2357 0.02734375
2358 0.123046875
2359 0.1787109375
2360 0.1083984375
2361 -0.001953125
2362 0.0947265625
2363 0.1484375
2364 0.08203125
2365 -0.0400390625
2366 0.0595703125
2367 0.115234375
2368 0.0556640625
2369 -0.0859375
2370 -0.0458984375
2371 0.013671875
2372 -0.033203125
2373 -0.154296875
2374 -0.0361328125
2375 0.03515625
2376 -0.0078125
2377 -0.083984375
2378 0.0263671875
2379 0.087890625
2380 0.03515625
2381 -0.0859375
2382 -0.046875
2383 0.013671875
2384 -0.0302734375
2385 -0.1552734375
2386 -0.033203125
2387 0.03515625
2388 -0.005859375
2389 -0.1123046875
2390 -0.0595703125
2391 0.0029296875
2392 -0.04296875
2393 -0.1591796875
2394 -0.0341796875
2395 0.041015625
2396 -0.0048828125
2397 -0.0546875
2398 0.056640625
2399 0.1240234375
2400 0.0595703125
2401 -0.001953125
2402 0.1005859375
2403 0.1611328125
2404 0.0888671875
2405 0.0244140625
2406 0.123046875
2407 0.1806640625
2408 0.10546875
2409 -0.017578125
2410 0.080078125
2411 0.1357421875
2412 0.068359375
2413 -0.0966796875
2414 -0.056640625
2415 0.0068359375
2416 -0.04296875
2417 -0.1630859375
2418 -0.076171875
2419 -0.009765625
2420 -0.0537109375
2421 -0.2353515625
2422 -0.15625
2423 -0.076171875
2424 -0.1025390625
2425 -0.251953125
2426 -0.1103515625
2427 -0.025390625
2428 -0.0537109375
2429 -0.138671875
2430 -0.0146484375
2431 0.0576171875
2432 0.0107421875
2433 -0.126953125
2434 -0.0830078125
2435 -0.0126953125
2436 -0.0517578125
2437 -0.1748046875
2438 -0.0849609375
2439 -0.0146484375
2440 -0.0556640625
2441 -0.1640625
2442 -0.076171875
2443 -0.0048828125
2444 -0.0478515625
2445 -0.16796875
2446 -0.0419921875
2447 0.0322265625
2448 -0.0107421875
2449 -0.099609375
2450 0.017578125
2451 0.0830078125
2452 0.03125
2453 -0.033203125
2454 0.07421875
2455 0.134765625
2456 0.0732421875
2457 -0.0244140625
2458 0.0263671875
2459 0.080078125
2460 0.0185546875
2461 -0.1142578125
2462 0.0009765625
2463 0.0693359375
2464 0.017578125
2465 -0.12109375
2466 -0.080078125
2467 -0.009765625
2468 -0.048828125
2469 -0.1650390625
2470 -0.0791015625
2471 -0.0048828125
2472 -0.046875
2473 -0.1630859375
2474 -0.076171875
2475 -0.0068359375
2476 -0.0478515625
2477 -0.1943359375
2478 -0.0595703125
2479 0.0166015625
2480 -0.0185546875
2481 -0.0791015625
2482 0.0380859375
2483 0.1044921875
2484 0.0478515625
2485 -0.0458984375
2486 0.005859375
2487 0.0615234375
2488 0.0048828125
2489 -0.1259765625
2490 -0.0078125
2491 0.0595703125
2492 0.0146484375
2493 -0.1220703125
2494 -0.0830078125
2495 -0.013671875
2496 -0.046875
2497 -0.1630859375
2498 -0.0751953125
2499 -0.0068359375
2500 -0.0419921875
2501 -0.158203125
2502 -0.0703125
2503 -0.0048828125
2504 -0.0400390625
2505 -0.1845703125
2506 -0.0546875
2507 0.01953125
2508 -0.0126953125
2509 -0.068359375
2510 0.04296875
2511 0.1103515625
2512 0.0556640625
2513 -0.0390625
2514 0.0107421875
2515 0.06640625
2516 0.0107421875
2517 -0.119140625
2518 -0.0009765625
2519 0.0634765625
2520 0.0205078125
2521 -0.119140625
2522 -0.076171875
2523 -0.0087890625
2524 -0.041015625
2525 -0.1572265625
2526 -0.0712890625
2527 -0.0029296875
2528 -0.0390625
2529 -0.1552734375
2530 -0.06640625
2531 0.001953125
2532 -0.0361328125
2533 -0.1796875
2534 -0.05078125
2535 0.025390625
2536 -0.0087890625
2537 -0.0634765625
2538 0.048828125
2539 0.1123046875
2540 0.0615234375
2541 -0.033203125
2542 0.0146484375
2543 0.0703125
2544 0.0166015625
2545 -0.1142578125
2546 0.0009765625
2547 0.064453125
2548 0.025390625
2549 -0.11328125
2550 -0.0732421875
2551 -0.0068359375
2552 -0.0390625
2553 -0.1533203125
2554 -0.0673828125
2555 -0.0009765625
2556 -0.033203125
2557 -0.1474609375
2558 -0.0634765625
2559 0.0029296875
2560 -0.03125
2561 -0.173828125
2562 -0.046875
2563 0.029296875
2564 -0.001953125
2565 -0.0576171875
2566 0.0537109375
2567 0.1162109375
2568 0.0654296875
2569 -0.0302734375
2570 0.0205078125
2571 0.0712890625
2572 0.021484375
2573 -0.1103515625
2574 0.0048828125
2575 0.0703125
2576 0.0283203125
2577 -0.1103515625
2578 -0.0693359375
2579 -0.0029296875
2580 -0.03515625
2581 -0.1474609375
2582 -0.0634765625
2583 0.0009765625
2584 -0.0302734375
2585 -0.1416015625
2586 -0.060546875
2587 0.0029296875
2588 -0.02734375
2589 -0.16796875
2590 -0.044921875
2591 0.029296875
2592 0.0
2593 -0.052734375
2594 0.0556640625
2595 0.1162109375
2596 0.0693359375
2597 -0.025390625
2598 0.0224609375
2599 0.0732421875
2600 0.025390625
2601 -0.10546875
2602 0.0078125
2603 0.0703125
2604 0.0322265625
2605 -0.10546875
2606 -0.0673828125
2607 0.0
2608 -0.0322265625
2609 -0.1455078125
2610 -0.0615234375
2611 0.00390625
2612 -0.0263671875
2613 -0.142578125
2614 -0.0556640625
2615 0.0068359375
2616 -0.025390625
2617 -0.1669921875
2618 -0.041015625
2619 0.0302734375
2620 0.0029296875
2621 -0.052734375
2622 0.056640625
2623 0.119140625
2624 0.0693359375
2625 -0.0224609375
2626 0.0224609375
2627 0.07421875
2628 0.0263671875
2629 -0.1005859375
2630 0.009765625
2631 0.0732421875
2632 0.03515625
2633 -0.1044921875
2634 -0.064453125
2635 -0.001953125
2636 -0.0283203125
2637 -0.1416015625
2638 -0.060546875
2639 0.0048828125
2640 -0.0244140625
2641 -0.1396484375
2642 -0.056640625
2643 0.0078125
2644 -0.0234375
2645 -0.166015625
2646 -0.041015625
2647 0.03125
2648 0.0048828125
2649 -0.0478515625
2650 0.0595703125
2651 0.1201171875
2652 0.072265625
2653 -0.01953125
2654 0.025390625
2655 0.076171875
2656 0.0283203125
2657 -0.1015625
2658 0.0107421875
2659 0.0732421875
2660 0.0361328125
2661 -0.1015625
2662 -0.0625
2663 0.0
2664 -0.0263671875
2665 -0.1396484375
2666 -0.056640625
2667 0.0068359375
2668 -0.0224609375
2669 -0.134765625
2670 -0.0537109375
2671 0.0087890625
2672 -0.0224609375
2673 -0.1611328125
2674 -0.0380859375
2675 0.0341796875
2676 0.005859375
2677 -0.0458984375
2678 0.0615234375
2679 0.1220703125
2680 0.0751953125
2681 -0.0185546875
2682 0.0283203125
2683 0.080078125
2684 0.029296875
2685 -0.09765625
2686 0.0146484375
2687 0.0791015625
2688 0.0390625
2689 -0.09765625
2690 -0.05859375
2691 0.005859375
2692 -0.0244140625
2693 -0.1376953125
2694 -0.0546875
2695 0.0107421875
2696 -0.0205078125
2697 -0.1337890625
2698 -0.0517578125
2699 0.0126953125
2700 -0.0205078125
2701 -0.1591796875
2702 -0.0361328125
2703 0.0361328125
2704 0.0078125
2705 -0.046875
2706 0.0634765625
2707 0.123046875
2708 0.0751953125
2709 -0.0205078125
2710 0.0302734375
2711 0.0830078125
2712 0.0302734375
2713 -0.1015625
2714 0.0146484375
2715 0.080078125
2716 0.0380859375
2717 -0.0986328125
2718 -0.060546875
2719 0.0068359375
2720 -0.0244140625
2721 -0.138671875
2722 -0.0556640625
2723 0.015625
2724 -0.021484375
2725 -0.1357421875
2726 -0.05078125
2727 0.015625
2728 -0.017578125
2729 -0.162109375
2730 -0.0341796875
2731 0.0390625
2732 0.009765625
2733 -0.046875
2734 0.0634765625
2735 0.1279296875
2736 0.0751953125
2737 -0.01953125
2738 0.0302734375
2739 0.0849609375
2740 0.0302734375
2741 -0.0986328125
2742 0.0166015625
2743 0.08203125
2744 0.041015625
2745 -0.09765625
2746 -0.056640625
2747 0.009765625
2748 -0.0234375
2749 -0.138671875
2750 -0.0517578125
2751 0.0146484375
2752 -0.01953125
2753 -0.1337890625
2754 -0.0478515625
2755 0.015625
2756 -0.017578125
2757 -0.1630859375
2758 -0.0341796875
2759 0.0400390625
2760 0.0078125
2761 -0.046875
2762 0.0634765625
2763 0.1279296875
2764 0.0751953125
2765 -0.017578125
2766 0.0302734375
2767 0.0859375
2768 0.0302734375
2769 -0.1025390625
2770 0.0146484375
2771 0.083984375
2772 0.0380859375
2773 -0.1025390625
2774 -0.05859375
2775 0.0146484375
2776 -0.0244140625
2777 -0.1416015625
2778 -0.0498046875
2779 0.0205078125
2780 -0.01953125
2781 -0.1376953125
2782 -0.0478515625
2783 0.025390625
2784 -0.01953125
2785 -0.1650390625
2786 -0.0322265625
2787 0.044921875
2788 0.0107421875
2789 -0.0498046875
2790 0.06640625
2791 0.1357421875
2792 0.076171875
2793 -0.01953125
2794 0.0341796875
2795 0.0908203125
2796 0.0322265625
2797 -0.1015625
2798 0.0185546875
2799 0.0859375
2800 0.0400390625
2801 -0.09765625
2802 -0.0556640625
2803 0.0126953125
2804 -0.021484375
2805 -0.1376953125
2806 -0.0517578125
2807 0.017578125
2808 -0.0185546875
2809 -0.1328125
2810 -0.0478515625
2811 0.0185546875
2812 -0.0185546875
2813 -0.1611328125
2814 -0.0341796875
2815 0.04296875
2816 0.0087890625
2817 -0.0478515625
2818 0.0654296875
2819 0.12890625
2820 0.078125
2821 -0.017578125
2822 0.0322265625
2823 0.0859375
2824 0.03515625
2825 -0.099609375
2826 0.0185546875
2827 0.083984375
2828 0.041015625
2829 -0.0986328125
2830 -0.0576171875
2831 0.0146484375
2832 -0.0224609375
2833 -0.138671875
2834 -0.05078125
2835 0.021484375
2836 -0.0185546875
2837 -0.134765625
2838 -0.0478515625
2839 0.0234375
2840 -0.0166015625
2841 -0.1630859375
2842 -0.0302734375
2843 0.0478515625
2844 0.0107421875
2845 -0.0478515625
2846 0.0673828125
2847 0.134765625
2848 0.0791015625
2849 -0.015625
2850 0.03515625
2851 0.0927734375
2852 0.03515625
2853 -0.099609375
2854 0.01953125
2855 0.087890625
2856 0.041015625
2857 -0.09765625
2858 -0.056640625
2859 0.0146484375
2860 -0.021484375
2861 -0.138671875
2862 -0.05078125
2863 0.0185546875
2864 -0.01953125
2865 -0.1357421875
2866 -0.0458984375
2867 0.01953125
2868 -0.0166015625
2869 -0.1611328125
2870 -0.0322265625
2871 0.0439453125
2872 0.0126953125
2873 -0.044921875
2874 0.06640625
2875 0.1318359375
2876 0.078125
2877 -0.0166015625
2878 0.0341796875
2879 0.08984375
2880 0.0341796875
2881 -0.0986328125
2882 0.01953125
2883 0.087890625
2884 0.0400390625
2885 -0.0966796875
2886 -0.0556640625
2887 0.013671875
2888 -0.0224609375
2889 -0.1376953125
2890 -0.048828125
2891 0.01953125
2892 -0.0166015625
2893 -0.1328125
2894 -0.0419921875
2895 0.025390625
2896 -0.013671875
2897 -0.1591796875
2898 -0.029296875
2899 0.048828125
2900 0.0107421875
2901 -0.044921875
2902 0.0693359375
2903 0.134765625
2904 0.078125
2905 -0.013671875
2906 0.03515625
2907 0.0908203125
2908 0.0341796875
2909 -0.095703125
2910 0.021484375
2911 0.087890625
2912 0.0439453125
2913 -0.0947265625
2914 -0.052734375
2915 0.015625
2916 -0.0185546875
2917 -0.134765625
2918 -0.0478515625
2919 0.01953125
2920 -0.015625
2921 -0.130859375
2922 -0.0458984375
2923 0.0224609375
2924 -0.0146484375
2925 -0.158203125
2926 -0.029296875
2927 0.0498046875
2928 0.0126953125
2929 -0.0419921875
2930 0.0703125
2931 0.134765625
2932 0.080078125
2933 -0.013671875
2934 0.0361328125
2935 0.087890625
2936 0.037109375
2937 -0.095703125
2938 0.021484375
2939 0.0859375
2940 0.0439453125
2941 -0.0927734375
2942 -0.052734375
2943 0.015625
2944 -0.0205078125
2945 -0.1328125
2946 -0.0498046875
2947 0.01953125
2948 -0.015625
2949 -0.12890625
2950 -0.0439453125
2951 0.021484375
2952 -0.013671875
2953 -0.15625
2954 -0.029296875
2955 0.044921875
2956 0.0126953125
2957 -0.04296875
2958 0.0693359375
2959 0.1337890625
2960 0.0810546875
2961 -0.015625
2962 0.0341796875
2963 0.0888671875
2964 0.037109375
2965 -0.0947265625
2966 0.021484375
2967 0.087890625
2968 0.044921875
2969 -0.09375
2970 -0.0546875
2971 0.015625
2972 -0.0205078125
2973 -0.134765625
2974 -0.0478515625
2975 0.0234375
2976 -0.0166015625
2977 -0.1298828125
2978 -0.044921875
2979 0.0234375
2980 -0.0146484375
2981 -0.1572265625
2982 -0.02734375
2983 0.046875
2984 0.0126953125
2985 -0.0439453125
2986 0.0703125
2987 0.1337890625
2988 0.08203125
2989 -0.013671875
2990 0.03515625
2991 0.0908203125
2992 0.037109375
2993 -0.0947265625
2994 0.01953125
2995 0.0849609375
2996 0.04296875
2997 -0.0947265625
2998 -0.0537109375
2999 0.0146484375
3000 -0.01953125
3001 -0.1357421875
3002 -0.0478515625
3003 0.01953125
3004 -0.015625
3005 -0.1318359375
3006 -0.0439453125
3007 0.0205078125
3008 -0.013671875
3009 -0.1572265625
3010 -0.02734375
3011 0.046875
3012 0.0166015625
3013 -0.041015625
3014 0.0703125
3015 0.1337890625
3016 0.08203125
3017 -0.013671875
3018 0.03515625
3019 0.0908203125
3020 0.03515625
3021 -0.0947265625
3022 0.0224609375
3023 0.087890625
3024 0.0458984375
3025 -0.09375
3026 -0.0517578125
3027 0.0146484375
3028 -0.017578125
3029 -0.134765625
3030 -0.0458984375
3031 0.01953125
3032 -0.013671875
3033 -0.1298828125
3034 -0.04296875
3035 0.021484375
3036 -0.013671875
3037 -0.15625
3038 -0.0302734375
3039 0.0478515625
3040 0.013671875
3041 -0.04296875
3042 0.0693359375
3043 0.134765625
3044 0.08203125
3045 -0.013671875
3046 0.037109375
3047 0.0908203125
3048 0.037109375
3049 -0.095703125
3050 0.0224609375
3051 0.0869140625
3052 0.044921875
3053 -0.095703125
3054 -0.052734375
3055 0.013671875
3056 -0.0185546875
3057 -0.1357421875
3058 -0.048828125
3059 0.0185546875
3060 -0.015625
3061 -0.130859375
3062 -0.044921875
3063 0.021484375
3064 -0.0146484375
3065 -0.1572265625
3066 -0.0283203125
3067 0.0458984375
3068 0.013671875
3069 -0.0419921875
3070 0.0712890625
3071 0.1337890625
3072 0.08203125
3073 -0.013671875
3074 0.0380859375
3075 0.08984375
3076 0.037109375
3077 -0.091796875
3078 0.0234375
3079 0.087890625
3080 0.044921875
3081 -0.0947265625
3082 -0.0517578125
3083 0.015625
3084 -0.0205078125
3085 -0.1357421875
3086 -0.0478515625
3087 0.0234375
3088 -0.0166015625
3089 -0.1298828125
3090 -0.044921875
3091 0.0244140625
3092 -0.0146484375
3093 -0.16015625
3094 -0.029296875
3095 0.0478515625
3096 0.013671875
3097 -0.0439453125
3098 0.072265625
3099 0.1357421875
3100 0.0810546875
3101 -0.0146484375
3102 0.0380859375
3103 0.091796875
3104 0.0361328125
3105 -0.09765625
3106 0.01953125
3107 0.0888671875
3108 0.0419921875
3109 -0.0947265625
3110 -0.052734375
3111 0.0166015625
3112 -0.01953125
3113 -0.1337890625
3114 -0.046875
3115 0.0224609375
3116 -0.0146484375
3117 -0.12890625
3118 -0.041015625
3119 0.025390625
3120 -0.0126953125
3121 -0.1552734375
3122 -0.0263671875
3123 0.046875
3124 0.0166015625
3125 -0.0419921875
3126 0.0712890625
3127 0.134765625
3128 0.0830078125
3129 -0.01171875
3130 0.0361328125
3131 0.091796875
3132 0.0380859375
3133 -0.091796875
3134 0.0224609375
3135 0.08984375
3136 0.044921875
3137 -0.0908203125
3138 -0.0478515625
3139 0.017578125
3140 -0.015625
3141 -0.1318359375
3142 -0.0439453125
3143 0.0224609375
3144 -0.01171875
3145 -0.12890625
3146 -0.04296875
3147 0.0224609375
3148 -0.0107421875
3149 -0.158203125
3150 -0.0302734375
3151 0.046875
3152 0.013671875
3153 -0.04296875
3154 0.068359375
3155 0.1328125
3156 0.0810546875
3157 -0.0126953125
3158 0.0380859375
3159 0.0908203125
3160 0.0361328125
3161 -0.09375
3162 0.021484375
3163 0.0869140625
3164 0.044921875
3165 -0.091796875
3166 -0.048828125
3167 0.015625
3168 -0.015625
3169 -0.130859375
3170 -0.0458984375
3171 0.021484375
3172 -0.013671875
3173 -0.126953125
3174 -0.0419921875
3175 0.0234375
3176 -0.0126953125
3177 -0.154296875
3178 -0.0283203125
3179 0.046875
3180 0.015625
3181 -0.0390625
3182 0.0703125
3183 0.1337890625
3184 0.083984375
3185 -0.01171875
3186 0.037109375
3187 0.0908203125
3188 0.037109375
3189 -0.091796875
3190 0.0224609375
3191 0.087890625
3192 0.048828125
3193 -0.0908203125
3194 -0.0517578125
3195 0.0166015625
3196 -0.017578125
3197 -0.1328125
3198 -0.0478515625
3199 0.0205078125
3200 -0.013671875
3201 -0.1279296875
3202 -0.0439453125
3203 0.0244140625
3204 -0.0126953125
3205 -0.1572265625
3206 -0.0283203125
3207 0.046875
3208 0.013671875
3209 -0.04296875
3210 0.0712890625
3211 0.1357421875
3212 0.08203125
3213 -0.01171875
3214 0.0380859375
3215 0.0908203125
3216 0.0380859375
3217 -0.09375
3218 0.0205078125
3219 0.0859375
3220 0.0439453125
3221 -0.0927734375
3222 -0.052734375
3223 0.0146484375
3224 -0.017578125
3225 -0.1337890625
3226 -0.046875
3227 0.0205078125
3228 -0.013671875
3229 -0.1279296875
3230 -0.04296875
3231 0.0224609375
3232 -0.0126953125
3233 -0.1552734375
3234 -0.0283203125
3235 0.044921875
3236 0.0166015625
3237 -0.0380859375
3238 0.0712890625
3239 0.1318359375
3240 0.083984375
3241 -0.0107421875
3242 0.0361328125
3243 0.0859375
3244 0.0380859375
3245 -0.08984375
3246 0.021484375
3247 0.0849609375
3248 0.0458984375
3249 -0.0908203125
3250 -0.0517578125
3251 0.0146484375
3252 -0.0166015625
3253 -0.1318359375
3254 -0.0458984375
3255 0.01953125
3256 -0.01171875
3257 -0.1279296875
3258 -0.0419921875
3259 0.0205078125
3260 -0.01171875
3261 -0.1552734375
3262 -0.029296875
3263 0.0439453125
3264 0.0146484375
3265 -0.0380859375
3266 0.0703125
3267 0.1318359375
3268 0.0830078125
3269 -0.0087890625
3270 0.03515625
3271 0.0869140625
3272 0.0390625
3273 -0.091796875
3274 0.021484375
3275 0.0830078125
3276 0.0458984375
3277 -0.091796875
3278 -0.0517578125
3279 0.0126953125
3280 -0.015625
3281 -0.1318359375
3282 -0.046875
3283 0.01953125
3284 -0.013671875
3285 -0.125
3286 -0.041015625
3287 0.025390625
3288 -0.01171875
3289 -0.1298828125
3290 -0.0087890625
3291 0.0634765625
3292 0.0263671875
3293 -0.0849609375
3294 -0.0390625
3295 0.0283203125
3296 -0.0078125
3297 -0.16796875
3298 -0.091796875
3299 -0.017578125
3300 -0.0400390625
3301 -0.1337890625
3302 -0.046875
3303 0.021484375
3304 -0.009765625
3305 -0.1767578125
3306 -0.111328125
3307 -0.0322265625
3308 -0.048828125
3309 -0.2041015625
3310 -0.126953125
3311 -0.041015625
3312 -0.056640625
3313 -0.1572265625
3314 -0.0673828125
3315 0.0078125
3316 -0.021484375
3317 -0.1142578125
3318 -0.0302734375
3319 0.0361328125
3320 0.001953125
3321 -0.1064453125
3322 0.013671875
3323 0.08203125
3324 0.0458984375
3325 -0.076171875
3326 -0.0341796875
3327 0.0341796875
3328 0.0
3329 -0.115234375
3330 -0.0322265625
3331 0.0361328125
3332 0.0029296875
3333 -0.1181640625
3334 -0.0302734375
3335 0.037109375
3336 0.0
3337 -0.10546875
3338 -0.0224609375
3339 0.044921875
3340 0.0078125
3341 -0.09375
3342 -0.0185546875
3343 0.0498046875
3344 0.01171875
3345 -0.115234375
3346 -0.02734375
3347 0.037109375
3348 0.0009765625
3349 -0.1875
3350 -0.1103515625
3351 -0.02734375
3352 -0.0478515625
3353 -0.208984375
3354 -0.12890625
3355 -0.0556640625
3356 -0.048828125
3357 -0.1396484375
3358 -0.068359375
3359 -0.0087890625
3360 -0.013671875
3361 -0.1416015625
3362 -0.0732421875
3363 -0.015625
3364 -0.0166015625
3365 -0.15625
3366 -0.0419921875
3367 0.0205078125
3368 0.0205078125
3369 -0.05078125
3370 0.044921875
3371 0.09765625
3372 0.080078125
3373 0.0283203125
3374 0.1142578125
3375 0.15625
3376 0.1240234375
3377 0.046875
3378 0.064453125
3379 0.1015625
3380 0.0732421875
3381 -0.021484375
3382 0.0263671875
3383 0.068359375
3384 0.0458984375
3385 -0.0556640625
3386 0.0048828125
3387 0.044921875
3388 0.0263671875
3389 -0.078125
3390 -0.0146484375
3391 0.02734375
3392 0.013671875
3393 -0.099609375
3394 0.00390625
3395 0.0537109375
3396 0.0439453125
3397 -0.1025390625
3398 -0.0751953125
3399 -0.0166015625
3400 -0.0185546875
3401 -0.197265625
3402 -0.1376953125
3403 -0.06640625
3404 -0.0537109375
3405 -0.15625
3406 -0.0771484375
3407 -0.0166015625
3408 -0.0205078125
3409 -0.1611328125
3410 -0.0869140625
3411 -0.0263671875
3412 -0.0244140625
3413 -0.1572265625
3414 -0.0400390625
3415 0.021484375
3416 0.021484375
3417 -0.060546875
3418 0.037109375
3419 0.0908203125
3420 0.0712890625
3421 -0.0068359375
3422 0.080078125
3423 0.1259765625
3424 0.1005859375
3425 0.021484375
3426 0.1025390625
3427 0.1416015625
3428 0.11328125
3429 0.0234375
3430 0.1044921875
3431 0.1455078125
3432 0.11328125
3433 0.0166015625
3434 0.0947265625
3435 0.1357421875
3436 0.1064453125
3437 0.0009765625
3438 0.083984375
3439 0.1240234375
3440 0.0966796875
3441 0.0380859375
3442 0.1162109375
3443 0.1533203125
3444 0.1201171875
3445 0.017578125
3446 0.033203125
3447 0.0673828125
3448 0.04296875
3449 -0.064453125
3450 -0.01171875
3451 0.033203125
3452 0.0185546875
3453 -0.125
3454 -0.060546875
3455 -0.0078125
3456 -0.015625
3457 -0.1435546875
3458 -0.0361328125
3459 0.021484375
3460 0.017578125
3461 -0.064453125
3462 0.03125
3463 0.078125
3464 0.0615234375
3465 -0.0263671875
3466 0.05859375
3467 0.103515625
3468 0.0810546875
3469 -0.0205078125
3470 0.0615234375
3471 0.1064453125
3472 0.08203125
3473 -0.0302734375
3474 0.0556640625
3475 0.1015625
3476 0.076171875
3477 0.013671875
3478 0.095703125
3479 0.1328125
3480 0.1005859375
3481 -0.0224609375
3482 -0.00390625
3483 0.037109375
3484 0.0166015625
3485 -0.142578125
3486 -0.0341796875
3487 0.021484375
3488 0.0146484375
3489 -0.09765625
3490 -0.0703125
3491 -0.017578125
3492 -0.025390625
3493 -0.123046875
3494 -0.0166015625
3495 0.0400390625
3496 0.0283203125
3497 -0.0625
3498 -0.0595703125
3499 -0.0009765625
3500 -0.0146484375
3501 -0.1005859375
3502 0.0009765625
3503 0.0556640625
3504 0.0380859375
3505 -0.048828125
3506 -0.025390625
3507 0.0224609375
3508 0.0068359375
3509 -0.087890625
3510 -0.02734375
3511 0.0205078125
3512 0.0048828125
3513 -0.13671875
3514 -0.0703125
3515 -0.017578125
3516 -0.0234375
3517 -0.154296875
3518 -0.083984375
3519 -0.025390625
3520 -0.0302734375
3521 -0.18359375
3522 -0.0673828125
3523 0.0
3524 -0.001953125
3525 -0.0888671875
3526 0.0107421875
3527 0.0654296875
3528 0.05078125
3529 -0.0419921875
3530 0.0478515625
3531 0.095703125
3532 0.07421875
3533 -0.0146484375
3534 0.0693359375
3535 0.1123046875
3536 0.087890625
3537 0.0048828125
3538 0.0859375
3539 0.126953125
3540 0.0966796875
3541 0.0087890625
3542 0.087890625
3543 0.126953125
3544 0.09765625
3545 -0.0009765625
3546 0.076171875
3547 0.119140625
3548 0.08984375
3549 -0.021484375
3550 0.060546875
3551 0.1044921875
3552 0.0771484375
3553 0.00390625
3554 0.0849609375
3555 0.1220703125
3556 0.091796875
3557 -0.0361328125
3558 -0.021484375
3559 0.0234375
3560 0.005859375
3561 -0.09375
3562 0.00390625
3563 0.0556640625
3564 0.037109375
3565 -0.0126953125
3566 0.0732421875
3567 0.115234375
3568 0.0859375
3569 0.037109375
3570 0.1123046875
3571 0.1484375
3572 0.11328125
3573 0.0556640625
3574 0.1279296875
3575 0.16015625
3576 0.1240234375
3577 0.0224609375
3578 0.0390625
3579 0.0693359375
3580 0.0390625
3581 -0.080078125
3582 -0.0263671875
3583 0.0146484375
3584 -0.00390625
3585 -0.1220703125
3586 -0.0615234375
3587 -0.0126953125
3588 -0.0244140625
3589 -0.13671875
3590 -0.07421875
3591 -0.0244140625
3592 -0.0302734375
3593 -0.14453125
3594 -0.078125
3595 -0.0263671875
3596 -0.0341796875
3597 -0.14453125
3598 -0.080078125
3599 -0.029296875
3600 -0.03515625
3601 -0.171875
3602 -0.1015625
3603 -0.0419921875
3604 -0.04296875
3605 -0.1484375
3606 -0.04296875
3607 0.0166015625
3608 0.0087890625
3609 -0.119140625
3610 -0.0908203125
3611 -0.0341796875
3612 -0.0361328125
3613 -0.1337890625
3614 -0.068359375
3615 -0.0146484375
3616 -0.0224609375
3617 -0.1240234375
3618 -0.0556640625
3619 -0.0126953125
3620 -0.0185546875
3621 -0.1298828125
3622 -0.0625
3623 -0.0146484375
3624 -0.017578125
3625 -0.171875
3626 -0.05859375
3627 -0.00390625
3628 0.0
3629 -0.0673828125
3630 0.0263671875
3631 0.0732421875
3632 0.05859375
3633 -0.0703125
3634 0.021484375
3635 0.0693359375
3636 0.0537109375
3637 -0.0888671875
3638 -0.0712890625
3639 -0.0185546875
3640 -0.0224609375
3641 -0.1875
3642 -0.11328125
3643 -0.052734375
3644 -0.044921875
3645 -0.1494140625
3646 -0.07421875
3647 -0.0224609375
3648 -0.025390625
3649 -0.1103515625
3650 -0.0087890625
3651 0.0439453125
3652 0.037109375
3653 -0.0556640625
3654 -0.052734375
3655 0.0009765625
3656 -0.00390625
3657 -0.11328125
3658 -0.013671875
3659 0.0390625
3660 0.033203125
3661 -0.05078125
3662 0.0380859375
3663 0.0859375
3664 0.0693359375
3665 -0.029296875
3666 -0.0078125
3667 0.033203125
3668 0.01953125
3669 -0.099609375
3670 0.0009765625
3671 0.048828125
3672 0.0380859375
3673 -0.095703125
3674 -0.068359375
3675 -0.0185546875
3676 -0.0224609375
3677 -0.2041015625
3678 -0.1279296875
3679 -0.05859375
3680 -0.052734375
3681 -0.1572265625
3682 -0.0859375
3683 -0.0302734375
3684 -0.029296875
3685 -0.1572265625
3686 -0.0830078125
3687 -0.02734375
3688 -0.0263671875
3689 -0.1865234375
3690 -0.06640625
3691 -0.00390625
3692 0.0029296875
3693 -0.05078125
3694 0.044921875
3695 0.0908203125
3696 0.072265625
3697 -0.0029296875
3698 0.080078125
3699 0.1240234375
3700 0.099609375
3701 0.005859375
3702 0.0849609375
3703 0.1259765625
3704 0.1015625
3705 0.0400390625
3706 0.1171875
3707 0.154296875
3708 0.12109375
3709 0.03125
3710 0.044921875
3711 0.080078125
3712 0.0556640625
3713 -0.0439453125
3714 0.0107421875
3715 0.048828125
3716 0.0302734375
3717 -0.0751953125
3718 -0.017578125
3719 0.0234375
3720 0.0087890625
3721 -0.1591796875
3722 -0.0498046875
3723 0.0068359375
3724 0.005859375
3725 -0.1376953125
3726 -0.1083984375
3727 -0.0458984375
3728 -0.0419921875
3729 -0.2138671875
3730 -0.0908203125
3731 -0.0205078125
3732 -0.0107421875
3733 -0.064453125
3734 0.0322265625
3735 0.0810546875
3736 0.0625
3737 -0.009765625
3738 0.076171875
3739 0.1181640625
3740 0.0927734375
3741 0.0048828125
3742 0.0869140625
3743 0.126953125
3744 0.1005859375
3745 0.0517578125
3746 0.1259765625
3747 0.162109375
3748 0.1259765625
3749 0.01953125
3750 0.03515625
3751 0.0703125
3752 0.0419921875
3753 -0.1337890625
3754 -0.08203125
3755 -0.0263671875
3756 -0.029296875
3757 -0.1318359375
3758 -0.0654296875
3759 -0.0126953125
3760 -0.01953125
3761 -0.1591796875
3762 -0.0859375
3763 -0.033203125
3764 -0.03125
3765 -0.1669921875
3766 -0.0546875
3767 0.0078125
3768 0.005859375
3769 -0.0791015625
3770 0.0166015625
3771 0.06640625
3772 0.0537109375
3773 -0.037109375
3774 0.0478515625
3775 0.0947265625
3776 0.07421875
3777 -0.0146484375
3778 0.0654296875
3779 0.1083984375
3780 0.0869140625
3781 -0.0029296875
3782 0.076171875
3783 0.1162109375
3784 0.091796875
3785 -0.0048828125
3786 0.0732421875
3787 0.1142578125
3788 0.0888671875
3789 -0.0283203125
3790 0.0537109375
3791 0.095703125
3792 0.072265625
3793 -0.013671875
3794 0.0634765625
3795 0.109375
3796 0.08203125
3797 0.0322265625
3798 0.107421875
3799 0.146484375
3800 0.111328125
3801 0.05859375
3802 0.1337890625
3803 0.166015625
3804 0.1279296875
3805 0.041015625
3806 0.0625
3807 0.0908203125
3808 0.056640625
3809 -0.0673828125
3810 -0.021484375
3811 0.017578125
3812 0.0
3813 -0.1435546875
3814 -0.083984375
3815 -0.0283203125
3816 -0.03515625
3817 -0.1416015625
3818 -0.0380859375
3819 0.0166015625
3820 0.0087890625
3821 -0.0283203125
3822 0.056640625
3823 0.1015625
3824 0.0751953125
3825 0.0419921875
3826 0.1181640625
3827 0.1552734375
3828 0.1201171875
3829 0.0771484375
3830 0.146484375
3831 0.1806640625
3832 0.1396484375
3833 0.080078125
3834 0.1474609375
3835 0.177734375
3836 0.134765625
3837 0.083984375
3838 0.1513671875
3839 0.1826171875
3840 0.138671875
3841 0.0576171875
3842 0.0791015625
3843 0.1044921875
3844 0.0634765625
3845 -0.0302734375
3846 0.05078125
3847 0.0869140625
3848 0.060546875
3849 -0.0361328125
3850 -0.015625
3851 0.0205078125
3852 -0.001953125
3853 -0.1044921875
3854 -0.0478515625
3855 -0.0048828125
3856 -0.01953125
3857 -0.1181640625
3858 -0.05859375
3859 -0.013671875
3860 -0.0283203125
3861 -0.1337890625
3862 -0.0712890625
3863 -0.0224609375
3864 -0.037109375
3865 -0.13671875
3866 -0.0703125
3867 -0.021484375
3868 -0.037109375
3869 -0.177734375
3870 -0.10546875
3871 -0.0537109375
3872 -0.05859375
3873 -0.19921875
3874 -0.1220703125
3875 -0.064453125
3876 -0.0654296875
3877 -0.1865234375
3878 -0.076171875
3879 -0.013671875
3880 -0.013671875
3881 -0.0791015625
3882 0.013671875
3883 0.0634765625
3884 0.04296875
3885 -0.0263671875
3886 0.056640625
3887 0.0986328125
3888 0.0712890625
3889 0.0029296875
3890 0.080078125
3891 0.1201171875
3892 0.087890625
3893 0.01171875
3894 0.087890625
3895 0.1240234375
3896 0.091796875
3897 0.0322265625
3898 0.1083984375
3899 0.1435546875
3900 0.1064453125
3901 0.0283203125
3902 0.044921875
3903 0.076171875
3904 0.0419921875
3905 -0.056640625
3906 -0.0029296875
3907 0.0341796875
3908 0.0078125
3909 -0.0927734375
3910 -0.0341796875
3911 0.0048828125
3912 -0.013671875
3913 -0.0986328125
3914 -0.00390625
3915 0.0439453125
3916 0.025390625
3917 -0.0166015625
3918 0.0673828125
3919 0.109375
3920 0.0771484375
3921 -0.021484375
3922 -0.001953125
3923 0.03125
3924 0.0068359375
3925 -0.1513671875
3926 -0.048828125
3927 0.0029296875
3928 -0.0068359375
3929 -0.1357421875
3930 -0.111328125
3931 -0.0537109375
3932 -0.05859375
3933 -0.1630859375
3934 -0.052734375
3935 0.00390625
3936 -0.0048828125
3937 -0.0771484375
3938 0.015625
3939 0.064453125
3940 0.0419921875
3941 -0.0517578125
3942 -0.03125
3943 0.009765625
3944 -0.0068359375
3945 -0.1484375
3946 -0.0791015625
3947 -0.033203125
3948 -0.04296875
3949 -0.1962890625
3950 -0.125
3951 -0.0634765625
3952 -0.0654296875
3953 -0.19921875
3954 -0.1220703125
3955 -0.0615234375
3956 -0.064453125
3957 -0.1572265625
3958 -0.0830078125
3959 -0.029296875
3960 -0.0380859375
3961 -0.158203125
3962 -0.05078125
3963 0.0048828125
3964 -0.0009765625
3965 -0.1689453125
3966 -0.138671875
3967 -0.0751953125
3968 -0.0693359375
3969 -0.1845703125
3970 -0.111328125
3971 -0.0498046875
3972 -0.048828125
3973 -0.1298828125
3974 -0.060546875
3975 -0.0078125
3976 -0.0185546875
3977 -0.142578125
3978 -0.0732421875
3979 -0.0224609375
3980 -0.029296875
3981 -0.17578125
3982 -0.0634765625
3983 0.0009765625
3984 -0.001953125
3985 -0.0439453125
3986 0.0517578125
3987 0.0966796875
3988 0.072265625
3989 0.01953125
3990 0.1025390625
3991 0.1396484375
3992 0.10546875
3993 0.0
3994 0.01953125
3995 0.0537109375
3996 0.0283203125
3997 -0.0947265625
3998 -0.033203125
3999 -0.0166015625
4000 0.02734375
4001 -0.03125
4002 0.0048828125
4003 0.0146484375
4004 0.052734375
4005 0.0263671875
4006 0.05078125
4007 0.0546875
4008 0.0859375
4009 0.01171875
4010 -0.0283203125
4011 -0.0263671875
4012 0.0126953125
4013 -0.056640625
4014 -0.0537109375
4015 -0.046875
4016 -0.001953125
4017 -0.103515625
4018 -0.08984375
4019 -0.078125
4020 -0.0283203125
4021 -0.115234375
4022 -0.0625
4023 -0.0419921875
4024 0.0087890625
4025 -0.037109375
4026 0.0009765625
4027 0.0107421875
4028 0.0517578125
4029 0.0009765625
4030 0.0302734375
4031 0.0361328125
4032 0.072265625
4033 0.025390625
4034 0.05078125
4035 0.0517578125
4036 0.0849609375
4037 0.0390625
4038 0.0595703125
4039 0.0595703125
4040 0.0908203125
4041 0.033203125
4042 0.0556640625
4043 0.0556640625
4044 0.0859375
4045 0.009765625
4046 0.0341796875
4047 0.037109375
4048 0.0703125
4049 0.0205078125
4050 0.0419921875
4051 0.044921875
4052 0.0771484375
4053 0.0693359375
4054 0.0869140625
4055 0.08203125
4056 0.107421875
4057 0.09765625
4058 0.1123046875
4059 0.103515625
4060 0.125
4061 0.080078125
4062 0.041015625
4063 0.0283203125
4064 0.052734375
4065 -0.0341796875
4066 -0.04296875
4067 -0.0419921875
4068 -0.0029296875
4069 -0.1083984375
4070 -0.1025390625
4071 -0.0849609375
4072 -0.0380859375
4073 -0.10546875
4074 -0.056640625
4075 -0.0400390625
4076 0.0068359375
4077 0.0078125
4078 0.0361328125
4079 0.0419921875
4080 0.072265625
4081 0.083984375
4082 0.1005859375
4083 0.09765625
4084 0.119140625
4085 0.1171875
4086 0.1279296875
4087 0.1220703125
4088 0.1376953125
4089 0.12109375
4090 0.1298828125
4091 0.1181640625
4092 0.134765625
4093 0.126953125
4094 0.1337890625
4095 0.12109375
4096 0.13671875
4097 0.099609375
4098 0.0576171875
4099 0.044921875
4100 0.0615234375
4101 0.0107421875
4102 0.033203125
4103 0.0302734375
4104 0.060546875
4105 0.0048828125
4106 -0.0341796875
4107 -0.0361328125
4108 -0.0009765625
4109 -0.0703125
4110 -0.0673828125
4111 -0.064453125
4112 -0.0244140625
4113 -0.08203125
4114 -0.078125
4115 -0.0703125
4116 -0.03125
4117 -0.0986328125
4118 -0.0927734375
4119 -0.0830078125
4120 -0.0380859375
4121 -0.1259765625
4122 -0.1123046875
4123 -0.09765625
4124 -0.0498046875
4125 -0.1083984375
4126 -0.099609375
4127 -0.0869140625
4128 -0.0390625
4129 -0.0869140625
4130 -0.0751953125
4131 -0.068359375
4132 -0.025390625
4133 -0.0927734375
4134 -0.0810546875
4135 -0.0712890625
4136 -0.0283203125
4137 -0.140625
4138 -0.1494140625
4139 -0.1240234375
4140 -0.06640625
4141 -0.125
4142 -0.111328125
4143 -0.091796875
4144 -0.041015625
4145 -0.107421875
4146 -0.09375
4147 -0.0830078125
4148 -0.0341796875
4149 -0.080078125
4150 -0.0361328125
4151 -0.021484375
4152 0.0244140625
4153 -0.0283203125
4154 -0.08203125
4155 -0.0654296875
4156 -0.0185546875
4157 -0.095703125
4158 -0.048828125
4159 -0.03125
4160 0.017578125
4161 -0.041015625
4162 -0.00390625
4163 0.005859375
4164 0.046875
4165 -0.0107421875
4166 -0.0458984375
4167 -0.0390625
4168 0.001953125
4169 -0.080078125
4170 -0.0341796875
4171 -0.0224609375
4172 0.0244140625
4173 -0.080078125
4174 -0.1083984375
4175 -0.091796875
4176 -0.0390625
4177 -0.171875
4178 -0.142578125
4179 -0.1171875
4180 -0.0576171875
4181 -0.134765625
4182 -0.1123046875
4183 -0.09375
4184 -0.041015625
4185 -0.111328125
4186 -0.0947265625
4187 -0.0791015625
4188 -0.0283203125
4189 -0.1337890625
4190 -0.1142578125
4191 -0.09375
4192 -0.0380859375
4193 -0.1064453125
4194 -0.08984375
4195 -0.072265625
4196 -0.021484375
4197 -0.1025390625
4198 -0.087890625
4199 -0.0732421875
4200 -0.01953125
4201 -0.134765625
4202 -0.1142578125
4203 -0.091796875
4204 -0.0341796875
4205 -0.10546875
4206 -0.0498046875
4207 -0.0283203125
4208 0.021484375
4209 0.0263671875
4210 0.05859375
4211 0.064453125
4212 0.0966796875
4213 0.107421875
4214 0.125
4215 0.12109375
4216 0.14453125
4217 0.1455078125
4218 0.1552734375
4219 0.1455078125
4220 0.1640625
4221 0.150390625
4222 0.1572265625
4223 0.14453125
4224 0.1611328125
4225 0.154296875
4226 0.1591796875
4227 0.1474609375
4228 0.1640625
4229 0.125
4230 0.083984375
4231 0.0693359375
4232 0.0888671875
4233 0.0380859375
4234 0.056640625
4235 0.0556640625
4236 0.0849609375
4237 0.0302734375
4238 -0.009765625
4239 -0.013671875
4240 0.0224609375
4241 -0.044921875
4242 -0.0439453125
4243 -0.0400390625
4244 0.0
4245 -0.0576171875
4246 -0.052734375
4247 -0.0458984375
4248 -0.005859375
4249 -0.0771484375
4250 -0.068359375
4251 -0.0615234375
4252 -0.0166015625
4253 -0.1044921875
4254 -0.091796875
4255 -0.078125
4256 -0.029296875
4257 -0.087890625
4258 -0.0791015625
4259 -0.068359375
4260 -0.0205078125
4261 -0.068359375
4262 -0.056640625
4263 -0.05078125
4264 -0.0068359375
4265 -0.0732421875
4266 -0.0595703125
4267 -0.052734375
4268 -0.0078125
4269 -0.1220703125
4270 -0.126953125
4271 -0.1044921875
4272 -0.046875
4273 -0.10546875
4274 -0.0927734375
4275 -0.0732421875
4276 -0.0234375
4277 -0.0888671875
4278 -0.076171875
4279 -0.0654296875
4280 -0.0166015625
4281 -0.0625
4282 -0.0185546875
4283 -0.005859375
4284 0.0390625
4285 -0.0146484375
4286 -0.06640625
4287 -0.05078125
4288 -0.0029296875
4289 -0.0712890625
4290 -0.025390625
4291 -0.01171875
4292 0.037109375
4293 -0.013671875
4294 0.01953125
4295 0.0302734375
4296 0.0693359375
4297 0.0068359375
4298 -0.02734375
4299 -0.0224609375
4300 0.0166015625
4301 -0.0625
4302 -0.017578125
4303 -0.005859375
4304 0.0380859375
4305 -0.056640625
4306 -0.0830078125
4307 -0.0712890625
4308 -0.01953125
4309 -0.1552734375
4310 -0.1259765625
4311 -0.1044921875
4312 -0.0419921875
4313 -0.1201171875
4314 -0.0966796875
4315 -0.08203125
4316 -0.0283203125
4317 -0.099609375
4318 -0.0830078125
4319 -0.0673828125
4320 -0.0146484375
4321 -0.1220703125
4322 -0.1044921875
4323 -0.0830078125
4324 -0.0263671875
4325 -0.0947265625
4326 -0.0791015625
4327 -0.0634765625
4328 -0.0107421875
4329 -0.091796875
4330 -0.0791015625
4331 -0.064453125
4332 -0.009765625
4333 -0.123046875
4334 -0.1025390625
4335 -0.080078125
4336 -0.0205078125
4337 -0.0927734375
4338 -0.0361328125
4339 -0.0205078125
4340 0.0322265625
4341 0.037109375
4342 0.0673828125
4343 0.072265625
4344 0.1064453125
4345 0.1181640625
4346 0.1328125
4347 0.12890625
4348 0.154296875
4349 0.154296875
4350 0.162109375
4351 0.1533203125
4352 0.171875
4353 0.1572265625
4354 0.1630859375
4355 0.150390625
4356 0.1689453125
4357 0.162109375
4358 0.16796875
4359 0.1533203125
4360 0.1708984375
4361 0.130859375
4362 0.0908203125
4363 0.0751953125
4364 0.0947265625
4365 0.046875
4366 0.0634765625
4367 0.0625
4368 0.0927734375
4369 0.0361328125
4370 -0.001953125
4371 -0.005859375
4372 0.0263671875
4373 -0.0380859375
4374 -0.037109375
4375 -0.0361328125
4376 0.0068359375
4377 -0.05078125
4378 -0.0458984375
4379 -0.041015625
4380 0.0009765625
4381 -0.0712890625
4382 -0.0625
4383 -0.0546875
4384 -0.009765625
4385 -0.09765625
4386 -0.083984375
4387 -0.0712890625
4388 -0.0224609375
4389 -0.08203125
4390 -0.072265625
4391 -0.0615234375
4392 -0.0146484375
4393 -0.0615234375
4394 -0.05078125
4395 -0.0439453125
4396 -0.001953125
4397 -0.068359375
4398 -0.0556640625
4399 -0.0478515625
4400 -0.0029296875
4401 -0.119140625
4402 -0.123046875
4403 -0.1005859375
4404 -0.041015625
4405 -0.1005859375
4406 -0.0869140625
4407 -0.0693359375
4408 -0.01953125
4409 -0.0849609375
4410 -0.0712890625
4411 -0.0595703125
4412 -0.01171875
4413 -0.056640625
4414 -0.0146484375
4415 0.0009765625
4416 0.0458984375
4417 -0.005859375
4418 -0.0615234375
4419 -0.0458984375
4420 0.0009765625
4421 -0.0654296875
4422 -0.0205078125
4423 -0.0068359375
4424 0.0400390625
4425 -0.0087890625
4426 0.0263671875
4427 0.033203125
4428 0.07421875
4429 0.0146484375
4430 -0.0205078125
4431 -0.017578125
4432 0.0234375
4433 -0.056640625
4434 -0.0126953125
4435 -0.0029296875
4436 0.0439453125
4437 -0.0478515625
4438 -0.076171875
4439 -0.0634765625
4440 -0.0146484375
4441 -0.1484375
4442 -0.12109375
4443 -0.0966796875
4444 -0.0390625
4445 -0.1162109375
4446 -0.09375
4447 -0.078125
4448 -0.025390625
4449 -0.0966796875
4450 -0.0791015625
4451 -0.0654296875
4452 -0.0126953125
4453 -0.1201171875
4454 -0.1025390625
4455 -0.0810546875
4456 -0.025390625
4457 -0.091796875
4458 -0.0771484375
4459 -0.05859375
4460 -0.009765625
4461 -0.0849609375
4462 -0.076171875
4463 -0.060546875
4464 -0.0068359375
4465 -0.123046875
4466 -0.1015625
4467 -0.0791015625
4468 -0.021484375
4469 -0.091796875
4470 -0.0361328125
4471 -0.017578125
4472 0.0361328125
4473 0.0380859375
4474 0.0693359375
4475 0.0751953125
4476 0.109375
4477 0.1201171875
4478 0.1357421875
4479 0.1337890625
4480 0.1552734375
4481 0.15625
4482 0.1650390625
4483 0.1572265625
4484 0.1748046875
4485 0.16015625
4486 0.1669921875
4487 0.154296875
4488 0.1708984375
4489 0.1640625
4490 0.169921875
4491 0.158203125
4492 0.173828125
4493 0.1357421875
4494 0.0927734375
4495 0.0771484375
4496 0.0966796875
4497 0.0458984375
4498 0.06640625
4499 0.064453125
4500 0.09375
4501 0.0380859375
4502 -0.001953125
4503 -0.0029296875
4504 0.03125
4505 -0.03515625
4506 -0.03515625
4507 -0.03125
4508 0.0087890625
4509 -0.0478515625
4510 -0.044921875
4511 -0.037109375
4512 0.0029296875
4513 -0.068359375
4514 -0.060546875
4515 -0.052734375
4516 -0.0078125
4517 -0.09765625
4518 -0.0830078125
4519 -0.068359375
4520 -0.0185546875
4521 -0.0810546875
4522 -0.072265625
4523 -0.0576171875
4524 -0.013671875
4525 -0.0595703125
4526 -0.0498046875
4527 -0.041015625
4528 0.0
4529 -0.0654296875
4530 -0.0537109375
4531 -0.04296875
4532 -0.001953125
4533 -0.1142578125
4534 -0.1201171875
4535 -0.09765625
4536 -0.041015625
4537 -0.0986328125
4538 -0.0849609375
4539 -0.0673828125
4540 -0.015625
4541 -0.0849609375
4542 -0.068359375
4543 -0.05859375
4544 -0.0107421875
4545 -0.056640625
4546 -0.013671875
4547 0.0009765625
4548 0.0458984375
4549 -0.005859375
4550 -0.060546875
4551 -0.0439453125
4552 0.001953125
4553 -0.0654296875
4554 -0.01953125
4555 -0.00390625
4556 0.0419921875
4557 -0.0087890625
4558 0.02734375
4559 0.037109375
4560 0.07421875
4561 0.013671875
4562 -0.0205078125
4563 -0.0166015625
4564 0.0244140625
4565 -0.0556640625
4566 -0.0107421875
4567 -0.001953125
4568 0.044921875
4569 -0.0498046875
4570 -0.0791015625
4571 -0.0625
4572 -0.0166015625
4573 -0.1484375
4574 -0.1201171875
4575 -0.095703125
4576 -0.0380859375
4577 -0.115234375
4578 -0.09375
4579 -0.0751953125
4580 -0.0234375
4581 -0.0947265625
4582 -0.078125
4583 -0.0615234375
4584 -0.009765625
4585 -0.1162109375
4586 -0.09765625
4587 -0.0771484375
4588 -0.021484375
4589 -0.0908203125
4590 -0.07421875
4591 -0.0576171875
4592 -0.0087890625
4593 -0.0859375
4594 -0.07421875
4595 -0.05859375
4596 -0.0068359375
4597 -0.1201171875
4598 -0.099609375
4599 -0.0751953125
4600 -0.0205078125
4601 -0.0888671875
4602 -0.0341796875
4603 -0.0146484375
4604 0.0361328125
4605 0.0400390625
4606 0.072265625
4607 0.0791015625
4608 0.1103515625
4609 0.1220703125
4610 0.140625
4611 0.13671875
4612 0.158203125
4613 0.1572265625
4614 0.1669921875
4615 0.16015625
4616 0.17578125
4617 0.1611328125
4618 0.1689453125
4619 0.1572265625
4620 0.1728515625
4621 0.166015625
4622 0.1708984375
4623 0.162109375
4624 0.1748046875
4625 0.1376953125
4626 0.095703125
4627 0.08203125
4628 0.1005859375
4629 0.0478515625
4630 0.0703125
4631 0.068359375
4632 0.0966796875
4633 0.0419921875
4634 0.0029296875
4635 -0.0009765625
4636 0.03125
4637 -0.03515625
4638 -0.0341796875
4639 -0.0302734375
4640 0.009765625
4641 -0.046875
4642 -0.04296875
4643 -0.03515625
4644 0.00390625
4645 -0.0654296875
4646 -0.05859375
4647 -0.0498046875
4648 -0.005859375
4649 -0.0947265625
4650 -0.0810546875
4651 -0.06640625
4652 -0.0185546875
4653 -0.0791015625
4654 -0.068359375
4655 -0.056640625
4656 -0.009765625
4657 -0.0595703125
4658 -0.046875
4659 -0.041015625
4660 0.001953125
4661 -0.064453125
4662 -0.0517578125
4663 -0.0419921875
4664 0.0009765625
4665 -0.1123046875
4666 -0.119140625
4667 -0.095703125
4668 -0.0380859375
4669 -0.095703125
4670 -0.083984375
4671 -0.064453125
4672 -0.015625
4673 -0.0830078125
4674 -0.0654296875
4675 -0.0576171875
4676 -0.0087890625
4677 -0.0556640625
4678 -0.009765625
4679 0.0029296875
4680 0.0498046875
4681 -0.00390625
4682 -0.0576171875
4683 -0.04296875
4684 0.0029296875
4685 -0.0673828125
4686 -0.0205078125
4687 -0.00390625
4688 0.0419921875
4689 -0.0078125
4690 0.025390625
4691 0.037109375
4692 0.076171875
4693 0.0185546875
4694 -0.0185546875
4695 -0.0166015625
4696 0.0234375
4697 -0.056640625
4698 -0.0107421875
4699 -0.0009765625
4700 0.0458984375
4701 -0.048828125
4702 -0.0771484375
4703 -0.0634765625
4704 -0.013671875
4705 -0.1494140625
4706 -0.119140625
4707 -0.0947265625
4708 -0.037109375
4709 -0.1162109375
4710 -0.0927734375
4711 -0.07421875
4712 -0.0234375
4713 -0.0947265625
4714 -0.078125
4715 -0.060546875
4716 -0.0107421875
4717 -0.1162109375
4718 -0.0966796875
4719 -0.0771484375
4720 -0.0205078125
4721 -0.08984375
4722 -0.0732421875
4723 -0.056640625
4724 -0.00390625
4725 -0.083984375
4726 -0.072265625
4727 -0.0576171875
4728 -0.0029296875
4729 -0.12109375
4730 -0.1015625
4731 -0.0771484375
4732 -0.01953125
4733 -0.08984375
4734 -0.0361328125
4735 -0.0146484375
4736 0.0361328125
4737 0.04296875
4738 0.0732421875
4739 0.078125
4740 0.111328125
4741 0.1240234375
4742 0.1396484375
4743 0.1357421875
4744 0.1591796875
4745 0.1591796875
4746 0.16796875
4747 0.16015625
4748 0.1787109375
4749 0.1630859375
4750 0.1689453125
4751 0.158203125
4752 0.173828125
4753 0.1669921875
4754 0.1708984375
4755 0.1611328125
4756 0.17578125
4757 0.1396484375
4758 0.09765625
4759 0.0810546875
4760 0.1005859375
4761 0.05078125
4762 0.0703125
4763 0.0673828125
4764 0.0966796875
4765 0.0400390625
4766 0.0029296875
4767 -0.0009765625
4768 0.03515625
4769 -0.033203125
4770 -0.0322265625
4771 -0.0283203125
4772 0.01171875
4773 -0.046875
4774 -0.0400390625
4775 -0.0361328125
4776 0.005859375
4777 -0.064453125
4778 -0.05859375
4779 -0.0498046875
4780 -0.005859375
4781 -0.09375
4782 -0.0830078125
4783 -0.0673828125
4784 -0.0185546875
4785 -0.076171875
4786 -0.0673828125
4787 -0.0576171875
4788 -0.009765625
4789 -0.0576171875
4790 -0.0458984375
4791 -0.041015625
4792 0.00390625
4793 -0.0634765625
4794 -0.05078125
4795 -0.0419921875
4796 0.001953125
4797 -0.11328125
4798 -0.1181640625
4799 -0.0947265625
4800 -0.0361328125
4801 -0.0966796875
4802 -0.0830078125
4803 -0.0654296875
4804 -0.013671875
4805 -0.0810546875
4806 -0.0654296875
4807 -0.0546875
4808 -0.0078125
4809 -0.0546875
4810 -0.0107421875
4811 0.0029296875
4812 0.0478515625
4813 -0.00390625
4814 -0.056640625
4815 -0.04296875
4816 0.0048828125
4817 -0.0634765625
4818 -0.0166015625
4819 -0.0029296875
4820 0.0439453125
4821 -0.005859375
4822 0.02734375
4823 0.037109375
4824 0.0751953125
4825 0.015625
4826 -0.0205078125
4827 -0.015625
4828 0.025390625
4829 -0.052734375
4830 -0.009765625
4831 0.0009765625
4832 0.0458984375
4833 -0.048828125
4834 -0.076171875
4835 -0.0634765625
4836 -0.0126953125
4837 -0.1474609375
4838 -0.119140625
4839 -0.0947265625
4840 -0.03515625
4841 -0.115234375
4842 -0.08984375
4843 -0.07421875
4844 -0.0224609375
4845 -0.09375
4846 -0.076171875
4847 -0.0595703125
4848 -0.0087890625
4849 -0.1142578125
4850 -0.0966796875
4851 -0.07421875
4852 -0.01953125
4853 -0.0888671875
4854 -0.0712890625
4855 -0.0556640625
4856 -0.0048828125
4857 -0.083984375
4858 -0.0712890625
4859 -0.056640625
4860 -0.00390625
4861 -0.1162109375
4862 -0.0947265625
4863 -0.0732421875
4864 -0.015625
4865 -0.0869140625
4866 -0.0302734375
4867 -0.0126953125
4868 0.0400390625
4869 0.044921875
4870 0.07421875
4871 0.080078125
4872 0.1123046875
4873 0.125
4874 0.138671875
4875 0.13671875
4876 0.1591796875
4877 0.1611328125
4878 0.16796875
4879 0.16015625
4880 0.1787109375
4881 0.162109375
4882 0.16796875
4883 0.158203125
4884 0.1728515625
4885 0.166015625
4886 0.171875
4887 0.1591796875
4888 0.1787109375
4889 0.1376953125
4890 0.0966796875
4891 0.08203125
4892 0.099609375
4893 0.0498046875
4894 0.072265625
4895 0.068359375
4896 0.09765625
4897 0.0419921875
4898 0.001953125
4899 0.001953125
4900 0.03515625
4901 -0.033203125
4902 -0.0322265625
4903 -0.0283203125
4904 0.01171875
4905 -0.0458984375
4906 -0.041015625
4907 -0.0361328125
4908 0.005859375
4909 -0.0654296875
4910 -0.056640625
4911 -0.0498046875
4912 -0.00390625
4913 -0.0927734375
4914 -0.080078125
4915 -0.0654296875
4916 -0.0166015625
4917 -0.078125
4918 -0.0673828125
4919 -0.056640625
4920 -0.0087890625
4921 -0.0546875
4922 -0.044921875
4923 -0.0400390625
4924 0.0029296875
4925 -0.0634765625
4926 -0.0517578125
4927 -0.0439453125
4928 0.0029296875
4929 -0.1142578125
4930 -0.1171875
4931 -0.095703125
4932 -0.03515625
4933 -0.095703125
4934 -0.0810546875
4935 -0.0654296875
4936 -0.013671875
4937 -0.080078125
4938 -0.06640625
4939 -0.056640625
4940 -0.0078125
4941 -0.0517578125
4942 -0.0087890625
4943 0.00390625
4944 0.048828125
4945 -0.0029296875
4946 -0.056640625
4947 -0.0419921875
4948 0.0068359375
4949 -0.0634765625
4950 -0.015625
4951 -0.0029296875
4952 0.0458984375
4953 -0.0029296875
4954 0.0302734375
4955 0.037109375
4956 0.0771484375
4957 0.0185546875
4958 -0.017578125
4959 -0.013671875
4960 0.025390625
4961 -0.05078125
4962 -0.0087890625
4963 0.001953125
4964 0.048828125
4965 -0.0458984375
4966 -0.07421875
4967 -0.0615234375
4968 -0.0107421875
4969 -0.14453125
4970 -0.1162109375
4971 -0.0947265625
4972 -0.0341796875
4973 -0.1162109375
4974 -0.0908203125
4975 -0.0751953125
4976 -0.0205078125
4977 -0.0947265625
4978 -0.0771484375
4979 -0.0625
4980 -0.0087890625
4981 -0.115234375
4982 -0.0986328125
4983 -0.0771484375
4984 -0.0205078125
4985 -0.0888671875
4986 -0.0712890625
4987 -0.0556640625
4988 -0.0048828125
4989 -0.0830078125
4990 -0.0712890625
4991 -0.0556640625
4992 -0.0029296875
4993 -0.1201171875
4994 -0.0986328125
4995 -0.076171875
4996 -0.017578125
4997 -0.0888671875
4998 -0.03125
4999 -0.0146484375
