x y
0 0.0263671875
1 -0.08984375
2 -0.0673828125
3 -0.015625
4 -0.0224609375
5 -0.416015625
6 -0.078125
7 -0.0048828125
8 -0.0341796875
9 -0.1494140625
10 -0.0625
11 0.005859375
12 -0.0244140625
13 -0.1328125
14 -0.0078125
15 0.0634765625
16 0.029296875
17 -0.0810546875
18 -0.0615234375
19 0.013671875
20 -0.015625
21 -0.1435546875
22 -0.0166015625
23 0.060546875
24 0.0234375
25 -0.107421875
26 -0.0625
27 0.0107421875
28 -0.021484375
29 -0.1357421875
30 -0.046875
31 0.02734375
32 -0.01171875
33 -0.1181640625
34 -0.029296875
35 0.0380859375
36 -0.001953125
37 -0.12109375
38 0.00390625
39 0.0771484375
40 0.03515625
41 -0.0546875
42 0.0625
43 0.1279296875
44 0.076171875
45 0.0126953125
46 0.1201171875
47 0.1796875
48 0.1162109375
49 0.01953125
50 0.0693359375
51 0.1201171875
52 0.05859375
53 -0.0712890625
54 0.0419921875
55 0.1083984375
56 0.0576171875
57 -0.0810546875
58 -0.0400390625
59 0.02734375
60 -0.009765625
61 -0.12890625
62 -0.0400390625
63 0.0283203125
64 -0.0107421875
65 -0.126953125
66 -0.0400390625
67 0.0283203125
68 -0.009765625
69 -0.1533203125
70 -0.025390625
71 0.05078125
72 0.0166015625
73 -0.0390625
74 0.07421875
75 0.13671875
76 0.0830078125
77 -0.0087890625
78 0.0400390625
79 0.0947265625
80 0.041015625
81 -0.091796875
82 0.02734375
83 0.091796875
84 0.046875
85 -0.0908203125
86 -0.046875
87 0.01953125
88 -0.015625
89 -0.130859375
90 -0.0439453125
91 0.0244140625
92 -0.0126953125
93 -0.126953125
94 -0.0400390625
95 0.0263671875
96 -0.0107421875
97 -0.1533203125
98 -0.025390625
99 0.048828125
100 0.0166015625
101 -0.0390625
102 0.0712890625
103 0.1357421875
104 0.0830078125
105 -0.0107421875
106 0.0400390625
107 0.091796875
108 0.0390625
109 -0.091796875
110 0.025390625
111 0.08984375
112 0.0458984375
113 -0.0908203125
114 -0.0498046875
115 0.017578125
116 -0.0185546875
117 -0.1328125
118 -0.0458984375
119 0.0244140625
120 -0.013671875
121 -0.1279296875
122 -0.041015625
123 0.0263671875
124 -0.01171875
125 -0.154296875
126 -0.02734375
127 0.046875
128 0.015625
129 -0.041015625
130 0.0712890625
131 0.1328125
132 0.08203125
133 -0.009765625
134 0.0400390625
135 0.08984375
136 0.0390625
137 -0.08984375
138 0.0234375
139 0.0869140625
140 0.0458984375
141 -0.0908203125
142 -0.0517578125
143 0.0146484375
144 -0.017578125
145 -0.1298828125
146 -0.0478515625
147 0.0205078125
148 -0.013671875
149 -0.125
150 -0.041015625
151 0.021484375
152 -0.0126953125
153 -0.1533203125
154 -0.025390625
155 0.0478515625
156 0.017578125
157 -0.041015625
158 0.072265625
159 0.13671875
160 0.0830078125
161 -0.0126953125
162 0.0380859375
163 0.091796875
164 0.037109375
165 -0.0908203125
166 0.0234375
167 0.08984375
168 0.044921875
169 -0.08984375
170 -0.05078125
171 0.015625
172 -0.017578125
173 -0.1318359375
174 -0.0458984375
175 0.021484375
176 -0.0126953125
177 -0.1279296875
178 -0.041015625
179 0.021484375
180 -0.0126953125
181 -0.1513671875
182 -0.0263671875
183 0.0458984375
184 0.0166015625
185 -0.0400390625
186 0.0712890625
187 0.1328125
188 0.083984375
189 -0.0087890625
190 0.0380859375
191 0.08984375
192 0.0380859375
193 -0.0908203125
194 0.0234375
195 0.0859375
196 0.0458984375
197 -0.091796875
198 -0.0517578125
199 0.01171875
200 -0.0185546875
201 -0.1298828125
202 -0.0478515625
203 0.0166015625
204 -0.01171875
205 -0.126953125
206 -0.0439453125
207 0.01953125
208 -0.0126953125
209 -0.1533203125
210 -0.02734375
211 0.044921875
212 0.015625
213 -0.037109375
214 0.0712890625
215 0.1328125
216 0.083984375
217 -0.0087890625
218 0.0380859375
219 0.0869140625
220 0.0380859375
221 -0.08984375
222 0.0244140625
223 0.0859375
224 0.0458984375
225 -0.091796875
226 -0.052734375
227 0.01171875
228 -0.0185546875
229 -0.1279296875
230 -0.0478515625
231 0.017578125
232 -0.013671875
233 -0.1240234375
234 -0.0439453125
235 0.0185546875
236 -0.01171875
237 -0.1513671875
238 -0.0283203125
239 0.04296875
240 0.015625
241 -0.0390625
242 0.0712890625
243 0.1279296875
244 0.08203125
245 -0.0087890625
246 0.037109375
247 0.0859375
248 0.0390625
249 -0.091796875
250 0.021484375
251 0.083984375
252 0.044921875
253 -0.091796875
254 -0.0537109375
255 0.0107421875
256 -0.017578125
257 -0.1298828125
258 -0.046875
259 0.0185546875
260 -0.013671875
261 -0.1259765625
262 -0.0419921875
263 0.021484375
264 -0.0126953125
265 -0.1533203125
266 -0.0263671875
267 0.044921875
268 0.0166015625
269 -0.0390625
270 0.072265625
271 0.1328125
272 0.083984375
273 -0.0087890625
274 0.0380859375
275 0.087890625
276 0.037109375
277 -0.0888671875
278 0.0234375
279 0.0869140625
280 0.0458984375
281 -0.087890625
282 -0.048828125
283 0.015625
284 -0.0166015625
285 -0.12890625
286 -0.0458984375
287 0.01953125
288 -0.0126953125
289 -0.1259765625
290 -0.0419921875
291 0.021484375
292 -0.01171875
293 -0.154296875
294 -0.02734375
295 0.044921875
296 0.015625
297 -0.0390625
298 0.0712890625
299 0.1318359375
300 0.08203125
301 -0.0107421875
302 0.037109375
303 0.0869140625
304 0.037109375
305 -0.0908203125
306 0.021484375
307 0.0859375
308 0.044921875
309 -0.08984375
310 -0.0517578125
311 0.0126953125
312 -0.0166015625
313 -0.130859375
314 -0.0458984375
315 0.017578125
316 -0.0126953125
317 -0.1259765625
318 -0.041015625
319 0.021484375
320 -0.01171875
321 -0.15234375
322 -0.02734375
323 0.04296875
324 0.015625
325 -0.0390625
326 0.0703125
327 0.1318359375
328 0.0810546875
329 -0.009765625
330 0.037109375
331 0.0888671875
332 0.037109375
333 -0.091796875
334 0.0244140625
335 0.0869140625
336 0.0458984375
337 -0.08984375
338 -0.0498046875
339 0.0126953125
340 -0.017578125
341 -0.1298828125
342 -0.0458984375
343 0.021484375
344 -0.0146484375
345 -0.1259765625
346 -0.04296875
347 0.021484375
348 -0.01171875
349 -0.1552734375
350 -0.0302734375
351 0.0439453125
352 0.0126953125
353 -0.0419921875
354 0.0693359375
355 0.1318359375
356 0.0810546875
357 -0.0126953125
358 0.0361328125
359 0.0888671875
360 0.0380859375
361 -0.09375
362 0.0224609375
363 0.0849609375
364 0.0458984375
365 -0.0927734375
366 -0.052734375
367 0.0146484375
368 -0.0185546875
369 -0.130859375
370 -0.0478515625
371 0.01953125
372 -0.0146484375
373 -0.126953125
374 -0.0439453125
375 0.021484375
376 -0.01171875
377 -0.15234375
378 -0.02734375
379 0.046875
380 0.0146484375
381 -0.0400390625
382 0.0712890625
383 0.134765625
384 0.083984375
385 -0.0107421875
386 0.0380859375
387 0.08984375
388 0.0380859375
389 -0.0908203125
390 0.0234375
391 0.0869140625
392 0.044921875
393 -0.0908203125
394 -0.0517578125
395 0.0146484375
396 -0.0185546875
397 -0.1318359375
398 -0.046875
399 0.021484375
400 -0.0146484375
401 -0.12890625
402 -0.0419921875
403 0.0224609375
404 -0.0126953125
405 -0.154296875
406 -0.025390625
407 0.0478515625
408 0.0146484375
409 -0.0400390625
410 0.072265625
411 0.1328125
412 0.08203125
413 -0.0107421875
414 0.0361328125
415 0.08984375
416 0.037109375
417 -0.0947265625
418 0.021484375
419 0.0859375
420 0.04296875
421 -0.091796875
422 -0.0517578125
423 0.0146484375
424 -0.017578125
425 -0.1337890625
426 -0.046875
427 0.01953125
428 -0.013671875
429 -0.1279296875
430 -0.041015625
431 0.021484375
432 -0.01171875
433 -0.154296875
434 -0.02734375
435 0.0458984375
436 0.013671875
437 -0.0390625
438 0.0712890625
439 0.1337890625
440 0.0810546875
441 -0.0107421875
442 0.037109375
443 0.0888671875
444 0.0361328125
445 -0.0947265625
446 0.021484375
447 0.0869140625
448 0.0439453125
449 -0.0927734375
450 -0.0517578125
451 0.0107421875
452 -0.0185546875
453 -0.1318359375
454 -0.044921875
455 0.0185546875
456 -0.013671875
457 -0.1259765625
458 -0.04296875
459 0.021484375
460 -0.0126953125
461 -0.15625
462 -0.0302734375
463 0.0458984375
464 0.0146484375
465 -0.0390625
466 0.0693359375
467 0.1328125
468 0.0830078125
469 -0.0107421875
470 0.0380859375
471 0.087890625
472 0.0390625
473 -0.09375
474 0.021484375
475 0.0849609375
476 0.044921875
477 -0.0927734375
478 -0.05078125
479 0.0146484375
480 -0.017578125
481 -0.1337890625
482 -0.0458984375
483 0.021484375
484 -0.0146484375
485 -0.126953125
486 -0.0419921875
487 0.025390625
488 -0.013671875
489 -0.1552734375
490 -0.025390625
491 0.05078125
492 0.015625
493 -0.0439453125
494 0.072265625
495 0.13671875
496 0.0810546875
497 -0.0146484375
498 0.0380859375
499 0.0947265625
500 0.037109375
501 -0.09375
502 0.0263671875
503 0.09375
504 0.044921875
505 -0.0908203125
506 -0.048828125
507 0.0224609375
508 -0.01953125
509 -0.134765625
510 -0.0439453125
511 0.02734375
512 -0.0146484375
513 -0.12890625
514 -0.041015625
515 0.02734375
516 -0.0146484375
517 -0.1572265625
518 -0.025390625
519 0.05078125
520 0.013671875
521 -0.0439453125
522 0.072265625
523 0.1376953125
524 0.0830078125
525 -0.013671875
526 0.0390625
527 0.095703125
528 0.037109375
529 -0.09375
530 0.0224609375
531 0.091796875
532 0.0439453125
533 -0.091796875
534 -0.0498046875
535 0.0205078125
536 -0.0185546875
537 -0.134765625
538 -0.0458984375
539 0.0244140625
540 -0.0146484375
541 -0.1318359375
542 -0.0419921875
543 0.025390625
544 -0.013671875
545 -0.1572265625
546 -0.02734375
547 0.046875
548 0.0146484375
549 -0.04296875
550 0.0712890625
551 0.1357421875
552 0.0810546875
553 -0.0126953125
554 0.037109375
555 0.0927734375
556 0.0361328125
557 -0.0927734375
558 0.0244140625
559 0.091796875
560 0.044921875
561 -0.091796875
562 -0.048828125
563 0.0185546875
564 -0.017578125
565 -0.1337890625
566 -0.044921875
567 0.0244140625
568 -0.0126953125
569 -0.1298828125
570 -0.0419921875
571 0.0263671875
572 -0.013671875
573 -0.158203125
574 -0.0283203125
575 0.048828125
576 0.013671875
577 -0.0439453125
578 0.072265625
579 0.13671875
580 0.080078125
581 -0.013671875
582 0.0380859375
583 0.091796875
584 0.0361328125
585 -0.095703125
586 0.0224609375
587 0.0888671875
588 0.0419921875
589 -0.0947265625
590 -0.052734375
591 0.015625
592 -0.0205078125
593 -0.1357421875
594 -0.0458984375
595 0.0224609375
596 -0.015625
597 -0.130859375
598 -0.04296875
599 0.025390625
600 -0.013671875
601 -0.1552734375
602 -0.025390625
603 0.05078125
604 0.015625
605 -0.0419921875
606 0.0712890625
607 0.1357421875
608 0.0810546875
609 -0.0126953125
610 0.0380859375
611 0.0908203125
612 0.037109375
613 -0.09375
614 0.0234375
615 0.0888671875
616 0.046875
617 -0.09375
618 -0.0498046875
619 0.0166015625
620 -0.0185546875
621 -0.1328125
622 -0.0458984375
623 0.0234375
624 -0.013671875
625 -0.126953125
626 -0.0419921875
627 0.0234375
628 -0.013671875
629 -0.15234375
630 -0.0283203125
631 0.044921875
632 0.0166015625
633 -0.041015625
634 0.0712890625
635 0.1318359375
636 0.08203125
637 -0.0126953125
638 0.037109375
639 0.087890625
640 0.0380859375
641 -0.0947265625
642 0.021484375
643 0.0849609375
644 0.044921875
645 -0.0908203125
646 -0.052734375
647 0.01171875
648 -0.0185546875
649 -0.1298828125
650 -0.046875
651 0.01953125
652 -0.013671875
653 -0.126953125
654 -0.0419921875
655 0.021484375
656 -0.0107421875
657 -0.154296875
658 -0.02734375
659 0.044921875
660 0.015625
661 -0.0390625
662 0.0703125
663 0.1318359375
664 0.0830078125
665 -0.0107421875
666 0.037109375
667 0.0908203125
668 0.0361328125
669 -0.0927734375
670 0.0244140625
671 0.08984375
672 0.044921875
673 -0.0908203125
674 -0.052734375
675 0.0146484375
676 -0.0166015625
677 -0.1328125
678 -0.0458984375
679 0.0205078125
680 -0.013671875
681 -0.126953125
682 -0.0419921875
683 0.0205078125
684 -0.0126953125
685 -0.1572265625
686 -0.029296875
687 0.0439453125
688 0.0126953125
689 -0.0400390625
690 0.0693359375
691 0.1298828125
692 0.0810546875
693 -0.0107421875
694 0.0361328125
695 0.0849609375
696 0.0380859375
697 -0.0908203125
698 0.01953125
699 0.0810546875
700 0.044921875
701 -0.0908203125
702 -0.05078125
703 0.01171875
704 -0.0166015625
705 -0.12890625
706 -0.0478515625
707 0.0126953125
708 -0.0107421875
709 -0.1240234375
710 -0.0419921875
711 0.0185546875
712 -0.0107421875
713 -0.150390625
714 -0.0283203125
715 0.04296875
716 0.0166015625
717 -0.0361328125
718 0.0712890625
719 0.130859375
720 0.0830078125
721 -0.009765625
722 0.0361328125
723 0.083984375
724 0.0390625
725 -0.087890625
726 0.0244140625
727 0.083984375
728 0.046875
729 -0.087890625
730 -0.0478515625
731 0.0126953125
732 -0.015625
733 -0.1279296875
734 -0.0458984375
735 0.0166015625
736 -0.013671875
737 -0.1259765625
738 -0.04296875
739 0.0205078125
740 -0.01171875
741 -0.15234375
742 -0.029296875
743 0.04296875
744 0.013671875
745 -0.037109375
746 0.0712890625
747 0.12890625
748 0.0830078125
749 -0.0107421875
750 0.0380859375
751 0.087890625
752 0.037109375
753 -0.08984375
754 0.0224609375
755 0.0849609375
756 0.0439453125
757 -0.0888671875
758 -0.05078125
759 0.0146484375
760 -0.0185546875
761 -0.1298828125
762 -0.0458984375
763 0.0205078125
764 -0.013671875
765 -0.1259765625
766 -0.0400390625
767 0.025390625
768 -0.0126953125
769 -0.15625
770 -0.0263671875
771 0.046875
772 0.013671875
773 -0.0419921875
774 0.0712890625
775 0.1357421875
776 0.0830078125
777 -0.0126953125
778 0.037109375
779 0.091796875
780 0.0361328125
781 -0.09375
782 0.021484375
783 0.0888671875
784 0.044921875
785 -0.08984375
786 -0.05078125
787 0.015625
788 -0.017578125
789 -0.1298828125
790 -0.0439453125
791 0.021484375
792 -0.015625
793 -0.1259765625
794 -0.04296875
795 0.021484375
796 -0.0126953125
797 -0.1572265625
798 -0.0283203125
799 0.0458984375
800 0.0146484375
801 -0.0400390625
802 0.0712890625
803 0.1328125
804 0.0810546875
805 -0.01171875
806 0.0361328125
807 0.08984375
808 0.0380859375
809 -0.0927734375
810 0.0205078125
811 0.0849609375
812 0.044921875
813 -0.091796875
814 -0.052734375
815 0.0126953125
816 -0.0166015625
817 -0.130859375
818 -0.0458984375
819 0.017578125
820 -0.013671875
821 -0.1259765625
822 -0.041015625
823 0.021484375
824 -0.0126953125
825 -0.15234375
826 -0.02734375
827 0.0439453125
828 0.013671875
829 -0.0390625
830 0.0693359375
831 0.1298828125
832 0.080078125
833 -0.0107421875
834 0.03515625
835 0.087890625
836 0.03515625
837 -0.0908203125
838 0.0234375
839 0.0849609375
840 0.0439453125
841 -0.0908203125
842 -0.05078125
843 0.013671875
844 -0.015625
845 -0.130859375
846 -0.044921875
847 0.0185546875
848 -0.0146484375
849 -0.1240234375
850 -0.0419921875
851 0.0205078125
852 -0.0126953125
853 -0.1533203125
854 -0.029296875
855 0.0458984375
856 0.0146484375
857 -0.0380859375
858 0.0703125
859 0.1318359375
860 0.08203125
861 -0.0107421875
862 0.0380859375
863 0.0869140625
864 0.0390625
865 -0.091796875
866 0.021484375
867 0.0859375
868 0.0439453125
869 -0.091796875
870 -0.05078125
871 0.015625
872 -0.017578125
873 -0.130859375
874 -0.046875
875 0.0205078125
876 -0.0146484375
877 -0.1279296875
878 -0.04296875
879 0.0224609375
880 -0.013671875
881 -0.154296875
882 -0.0283203125
883 0.044921875
884 0.013671875
885 -0.041015625
886 0.0703125
887 0.1328125
888 0.0810546875
889 -0.0107421875
890 0.037109375
891 0.08984375
892 0.0380859375
893 -0.091796875
894 0.0234375
895 0.0869140625
896 0.0439453125
897 -0.091796875
898 -0.0517578125
899 0.0166015625
900 -0.0185546875
901 -0.1318359375
902 -0.0458984375
903 0.0224609375
904 -0.013671875
905 -0.1279296875
906 -0.04296875
907 0.0224609375
908 -0.013671875
909 -0.15625
910 -0.0283203125
911 0.0439453125
912 0.013671875
913 -0.041015625
914 0.0703125
915 0.1318359375
916 0.08203125
917 -0.0107421875
918 0.0380859375
919 0.08984375
920 0.0361328125
921 -0.0947265625
922 0.0205078125
923 0.0849609375
924 0.044921875
925 -0.09375
926 -0.0546875
927 0.01171875
928 -0.01953125
929 -0.1337890625
930 -0.0478515625
931 0.017578125
932 -0.015625
933 -0.1298828125
934 -0.0419921875
935 0.0205078125
936 -0.01171875
937 -0.1533203125
938 -0.0263671875
939 0.0458984375
940 0.013671875
941 -0.0419921875
942 0.0712890625
943 0.1357421875
944 0.0810546875
945 -0.0126953125
946 0.0380859375
947 0.09375
948 0.03515625
949 -0.09375
950 0.025390625
951 0.0927734375
952 0.046875
953 -0.0927734375
954 -0.0498046875
955 0.0185546875
956 -0.0185546875
957 -0.134765625
958 -0.044921875
959 0.0244140625
960 -0.013671875
961 -0.130859375
962 -0.0419921875
963 0.0263671875
964 -0.013671875
965 -0.1591796875
966 -0.029296875
967 0.0498046875
968 0.013671875
969 -0.044921875
970 0.0703125
971 0.1357421875
972 0.080078125
973 -0.0146484375
974 0.037109375
975 0.09375
976 0.0361328125
977 -0.09765625
978 0.0234375
979 0.091796875
980 0.0439453125
981 -0.0947265625
982 -0.05078125
983 0.01953125
984 -0.0185546875
985 -0.13671875
986 -0.0458984375
987 0.0263671875
988 -0.0166015625
989 -0.130859375
990 -0.0419921875
991 0.0302734375
992 -0.0146484375
993 -0.1591796875
994 -0.0283203125
995 0.052734375
996 0.0126953125
997 -0.0458984375
998 0.0712890625
999 0.138671875
1000 0.080078125
1001 -0.013671875
1002 0.0390625
1003 0.095703125
1004 0.037109375
1005 -0.0966796875
1006 0.025390625
1007 0.09375
1008 0.044921875
1009 -0.09375
1010 -0.0517578125
1011 0.0185546875
1012 -0.01953125
1013 -0.1357421875
1014 -0.0478515625
1015 0.0244140625
1016 -0.0166015625
1017 -0.1318359375
1018 -0.04296875
1019 0.0263671875
1020 -0.013671875
1021 -0.16015625
1022 -0.029296875
1023 0.0458984375
1024 0.0126953125
1025 -0.0439453125
1026 0.0712890625
1027 0.1337890625
1028 0.0810546875
1029 -0.0146484375
1030 0.037109375
1031 0.091796875
1032 0.0361328125
1033 -0.0947265625
1034 0.021484375
1035 0.087890625
1036 0.044921875
1037 -0.0947265625
1038 -0.0537109375
1039 0.015625
1040 -0.0185546875
1041 -0.130859375
1042 -0.046875
1043 0.0205078125
1044 -0.015625
1045 -0.1298828125
1046 -0.0419921875
1047 0.0234375
1048 -0.0126953125
1049 -0.1572265625
1050 -0.025390625
1051 0.048828125
1052 0.015625
1053 -0.041015625
1054 0.072265625
1055 0.1376953125
1056 0.0830078125
1057 -0.0107421875
1058 0.0380859375
1059 0.091796875
1060 0.0380859375
1061 -0.091796875
1062 0.0244140625
1063 0.087890625
1064 0.0458984375
1065 -0.0927734375
1066 -0.052734375
1067 0.0146484375
1068 -0.0185546875
1069 -0.1357421875
1070 -0.046875
1071 0.021484375
1072 -0.0146484375
1073 -0.130859375
1074 -0.04296875
1075 0.021484375
1076 -0.0126953125
1077 -0.1572265625
1078 -0.0283203125
1079 0.046875
1080 0.013671875
1081 -0.0419921875
1082 0.0703125
1083 0.1337890625
1084 0.08203125
1085 -0.0126953125
1086 0.0380859375
1087 0.0947265625
1088 0.037109375
1089 -0.095703125
1090 0.0224609375
1091 0.08984375
1092 0.044921875
1093 -0.0947265625
1094 -0.0517578125
1095 0.015625
1096 -0.01953125
1097 -0.134765625
1098 -0.0458984375
1099 0.021484375
1100 -0.015625
1101 -0.130859375
1102 -0.04296875
1103 0.0244140625
1104 -0.013671875
1105 -0.15625
1106 -0.02734375
1107 0.046875
1108 0.0126953125
1109 -0.0400390625
1110 0.0712890625
1111 0.1357421875
1112 0.08203125
1113 -0.0126953125
1114 0.0380859375
1115 0.091796875
1116 0.0390625
1117 -0.095703125
1118 0.0224609375
1119 0.087890625
1120 0.044921875
1121 -0.0947265625
1122 -0.0517578125
1123 0.0146484375
1124 -0.0205078125
1125 -0.1337890625
1126 -0.0478515625
1127 0.0224609375
1128 -0.015625
1129 -0.12890625
1130 -0.04296875
1131 0.0234375
1132 -0.013671875
1133 -0.1572265625
1134 -0.0283203125
1135 0.0458984375
1136 0.013671875
1137 -0.041015625
1138 0.0693359375
1139 0.1318359375
1140 0.0810546875
1141 -0.0107421875
1142 0.0380859375
1143 0.091796875
1144 0.037109375
1145 -0.0947265625
1146 0.021484375
1147 0.0869140625
1148 0.044921875
1149 -0.0927734375
1150 -0.0537109375
1151 0.015625
1152 -0.01953125
1153 -0.1328125
1154 -0.046875
1155 0.0205078125
1156 -0.0146484375
1157 -0.1279296875
1158 -0.0439453125
1159 0.0244140625
1160 -0.01171875
1161 -0.1552734375
1162 -0.02734375
1163 0.0458984375
1164 0.0146484375
1165 -0.0419921875
1166 0.0712890625
1167 0.1328125
1168 0.0830078125
1169 -0.0126953125
1170 0.037109375
1171 0.0908203125
1172 0.037109375
1173 -0.0927734375
1174 0.0234375
1175 0.08984375
1176 0.0458984375
1177 -0.0908203125
1178 -0.0498046875
1179 0.0185546875
1180 -0.017578125
1181 -0.1318359375
1182 -0.044921875
1183 0.0234375
1184 -0.013671875
1185 -0.12890625
1186 -0.0419921875
1187 0.0234375
1188 -0.01171875
1189 -0.1552734375
1190 -0.0263671875
1191 0.0458984375
1192 0.013671875
1193 -0.0400390625
1194 0.0712890625
1195 0.1337890625
1196 0.0830078125
1197 -0.0107421875
1198 0.0380859375
1199 0.0927734375
1200 0.037109375
1201 -0.0908203125
1202 0.0224609375
1203 0.0859375
1204 0.044921875
1205 -0.091796875
1206 -0.05078125
1207 0.015625
1208 -0.0185546875
1209 -0.1328125
1210 -0.044921875
1211 0.021484375
1212 -0.013671875
1213 -0.1298828125
1214 -0.0419921875
1215 0.0224609375
1216 -0.013671875
1217 -0.1572265625
1218 -0.0283203125
1219 0.0478515625
1220 0.013671875
1221 -0.0419921875
1222 0.0712890625
1223 0.13671875
1224 0.08203125
1225 -0.01171875
1226 0.0380859375
1227 0.0927734375
1228 0.037109375
1229 -0.0966796875
1230 0.0244140625
1231 0.08984375
1232 0.044921875
1233 -0.0927734375
1234 -0.0498046875
1235 0.017578125
1236 -0.017578125
1237 -0.1337890625
1238 -0.044921875
1239 0.025390625
1240 -0.015625
1241 -0.1279296875
1242 -0.041015625
1243 0.0244140625
1244 -0.013671875
1245 -0.15625
1246 -0.029296875
1247 0.0478515625
1248 0.0146484375
1249 -0.041015625
1250 0.0712890625
1251 0.1328125
1252 0.08203125
1253 -0.0126953125
1254 0.0380859375
1255 0.08984375
1256 0.0380859375
1257 -0.095703125
1258 0.021484375
1259 0.087890625
1260 0.0458984375
1261 -0.09375
1262 -0.0546875
1263 0.0146484375
1264 -0.0205078125
1265 -0.1328125
1266 -0.048828125
1267 0.021484375
1268 -0.0146484375
1269 -0.1279296875
1270 -0.04296875
1271 0.025390625
1272 -0.0126953125
1273 -0.1552734375
1274 -0.0263671875
1275 0.0458984375
1276 0.017578125
1277 -0.0400390625
1278 0.0732421875
1279 0.1357421875
1280 0.08203125
1281 -0.0107421875
1282 0.0400390625
1283 0.0927734375
1284 0.0380859375
1285 -0.0927734375
1286 0.0234375
1287 0.0888671875
1288 0.044921875
1289 -0.091796875
1290 -0.0498046875
1291 0.0166015625
1292 -0.0185546875
1293 -0.1298828125
1294 -0.0458984375
1295 0.0224609375
1296 -0.0146484375
1297 -0.12890625
1298 -0.0419921875
1299 0.0224609375
1300 -0.0126953125
1301 -0.1572265625
1302 -0.0263671875
1303 0.0478515625
1304 0.015625
1305 -0.0419921875
1306 0.072265625
1307 0.134765625
1308 0.0830078125
1309 -0.01171875
1310 0.037109375
1311 0.091796875
1312 0.037109375
1313 -0.09375
1314 0.021484375
1315 0.087890625
1316 0.044921875
1317 -0.0927734375
1318 -0.0537109375
1319 0.013671875
1320 -0.0185546875
1321 -0.130859375
1322 -0.044921875
1323 0.0185546875
1324 -0.01171875
1325 -0.126953125
1326 -0.0419921875
1327 0.0224609375
1328 -0.01171875
1329 -0.1533203125
1330 -0.0283203125
1331 0.0439453125
1332 0.015625
1333 -0.0361328125
1334 0.0712890625
1335 0.130859375
1336 0.083984375
1337 -0.0078125
1338 0.0361328125
1339 0.0859375
1340 0.0390625
1341 -0.0908203125
1342 0.0224609375
1343 0.083984375
1344 0.044921875
1345 -0.0927734375
1346 -0.052734375
1347 0.0126953125
1348 -0.0166015625
1349 -0.1318359375
1350 -0.0458984375
1351 0.0185546875
1352 -0.0146484375
1353 -0.126953125
1354 -0.0439453125
1355 0.0205078125
1356 -0.01171875
1357 -0.1552734375
1358 -0.0302734375
1359 0.044921875
1360 0.013671875
1361 -0.0400390625
1362 0.0693359375
1363 0.1328125
1364 0.08203125
1365 -0.0107421875
1366 0.037109375
1367 0.087890625
1368 0.0380859375
1369 -0.0927734375
1370 0.0224609375
1371 0.083984375
1372 0.044921875
1373 -0.091796875
1374 -0.052734375
1375 0.0126953125
1376 -0.017578125
1377 -0.1298828125
1378 -0.046875
1379 0.0166015625
1380 -0.013671875
1381 -0.1259765625
1382 -0.0419921875
1383 0.0205078125
1384 -0.0107421875
1385 -0.1513671875
1386 -0.025390625
1387 0.044921875
1388 0.0185546875
1389 -0.037109375
1390 0.0712890625
1391 0.1318359375
1392 0.0849609375
1393 -0.009765625
1394 0.0400390625
1395 0.0888671875
1396 0.0390625
1397 -0.087890625
1398 0.0234375
1399 0.087890625
1400 0.046875
1401 -0.0888671875
1402 -0.05078125
1403 0.013671875
1404 -0.0166015625
1405 -0.1298828125
1406 -0.046875
1407 0.0205078125
1408 -0.0126953125
1409 -0.126953125
1410 -0.0419921875
1411 0.0234375
1412 -0.01171875
1413 -0.1552734375
1414 -0.0263671875
1415 0.044921875
1416 0.015625
1417 -0.0390625
1418 0.072265625
1419 0.1337890625
1420 0.0830078125
1421 -0.0087890625
1422 0.0390625
1423 0.0908203125
1424 0.0380859375
1425 -0.08984375
1426 0.021484375
1427 0.0869140625
1428 0.044921875
1429 -0.0888671875
1430 -0.0498046875
1431 0.0146484375
1432 -0.017578125
1433 -0.130859375
1434 -0.0458984375
1435 0.01953125
1436 -0.013671875
1437 -0.123046875
1438 -0.0390625
1439 0.0263671875
1440 -0.009765625
1441 -0.1279296875
1442 -0.0068359375
1443 0.0634765625
1444 0.029296875
1445 -0.080078125
1446 -0.0302734375
1447 0.03125
1448 -0.0068359375
1449 -0.1201171875
1450 -0.041015625
1451 0.025390625
1452 -0.0087890625
1453 -0.126953125
1454 -0.0439453125
1455 0.017578125
1456 -0.0126953125
1457 -0.1767578125
1458 -0.0859375
1459 -0.01953125
1460 -0.0380859375
1461 -0.1943359375
1462 -0.0634765625
1463 0.0166015625
1464 -0.0029296875
1465 -0.07421875
1466 0.0400390625
1467 0.103515625
1468 0.0634765625
1469 0.0048828125
1470 0.10546875
1471 0.1630859375
1472 0.1083984375
1473 0.013671875
1474 0.056640625
1475 0.1044921875
1476 0.0517578125
1477 -0.0634765625
1478 0.0439453125
1479 0.103515625
1480 0.0625
1481 -0.0166015625
1482 0.0869140625
1483 0.142578125
1484 0.0908203125
1485 -0.009765625
1486 0.0322265625
1487 0.083984375
1488 0.0380859375
1489 -0.0703125
1490 0.0400390625
1491 0.1005859375
1492 0.0556640625
1493 -0.009765625
1494 0.0927734375
1495 0.1474609375
1496 0.0947265625
1497 -0.005859375
1498 0.0322265625
1499 0.083984375
1500 0.0341796875
1501 -0.060546875
1502 0.0166015625
1503 0.068359375
1504 0.0205078125
1505 -0.138671875
1506 -0.0185546875
1507 0.0498046875
1508 0.0166015625
1509 -0.099609375
1510 0.0166015625
1511 0.080078125
1512 0.0400390625
1513 -0.103515625
1514 -0.0615234375
1515 0.0068359375
1516 -0.025390625
1517 -0.1435546875
1518 -0.0166015625
1519 0.0537109375
1520 0.01953125
1521 -0.0498046875
1522 0.05859375
1523 0.1220703125
1524 0.0712890625
1525 -0.0546875
1526 -0.015625
1527 0.0458984375
1528 0.0029296875
1529 -0.1044921875
1530 0.0126953125
1531 0.0771484375
1532 0.0361328125
1533 -0.0625
1534 -0.013671875
1535 0.04296875
1536 0.0009765625
1537 -0.0908203125
1538 0.025390625
1539 0.091796875
1540 0.044921875
1541 -0.005859375
1542 0.099609375
1543 0.16015625
1544 0.099609375
1545 -0.02734375
1546 0.0751953125
1547 0.1328125
1548 0.078125
1549 -0.0888671875
1550 -0.0458984375
1551 0.013671875
1552 -0.021484375
1553 -0.1357421875
1554 -0.0458984375
1555 0.017578125
1556 -0.0205078125
1557 -0.1904296875
1558 -0.111328125
1559 -0.0341796875
1560 -0.0615234375
1561 -0.1806640625
1562 -0.0478515625
1563 0.0302734375
1564 -0.0029296875
1565 -0.09765625
1566 -0.0478515625
1567 0.0224609375
1568 -0.0185546875
1569 -0.1201171875
1570 0.001953125
1571 0.0712890625
1572 0.029296875
1573 -0.037109375
1574 0.0751953125
1575 0.134765625
1576 0.080078125
1577 -0.013671875
1578 0.0302734375
1579 0.0830078125
1580 0.033203125
1581 -0.0654296875
1582 0.0146484375
1583 0.068359375
1584 0.0185546875
1585 -0.138671875
1586 -0.01953125
1587 0.05078125
1588 0.0146484375
1589 -0.1005859375
1590 0.0126953125
1591 0.0791015625
1592 0.0380859375
1593 -0.10546875
1594 -0.0595703125
1595 0.0068359375
1596 -0.0263671875
1597 -0.1474609375
1598 -0.0205078125
1599 0.052734375
1600 0.015625
1601 -0.0693359375
1602 0.044921875
1603 0.1064453125
1604 0.060546875
1605 -0.060546875
1606 -0.0224609375
1607 0.0390625
1608 -0.001953125
1609 -0.1103515625
1610 0.0087890625
1611 0.0771484375
1612 0.033203125
1613 -0.0654296875
1614 -0.0166015625
1615 0.0439453125
1616 0.0
1617 -0.125
1618 -0.0029296875
1619 0.064453125
1620 0.02734375
1621 -0.099609375
1622 -0.052734375
1623 0.0107421875
1624 -0.0244140625
1625 -0.134765625
1626 -0.04296875
1627 0.021484375
1628 -0.017578125
1629 -0.1904296875
1630 -0.111328125
1631 -0.029296875
1632 -0.0576171875
1633 -0.1796875
1634 -0.04296875
1635 0.037109375
1636 0.001953125
1637 -0.0947265625
1638 -0.04296875
1639 0.0302734375
1640 -0.013671875
1641 -0.119140625
1642 0.0078125
1643 0.0771484375
1644 0.0341796875
1645 -0.0341796875
1646 0.080078125
1647 0.1416015625
1648 0.0830078125
1649 -0.0107421875
1650 0.033203125
1651 0.08984375
1652 0.03515625
1653 -0.0595703125
1654 0.021484375
1655 0.078125
1656 0.0234375
1657 -0.060546875
1658 0.05078125
1659 0.119140625
1660 0.0634765625
1661 0.0078125
1662 0.11328125
1663 0.17578125
1664 0.1083984375
1665 0.0009765625
1666 0.103515625
1667 0.1611328125
1668 0.09765625
1669 -0.0244140625
1670 0.0791015625
1671 0.1376953125
1672 0.0791015625
1673 -0.0625
1674 -0.021484375
1675 0.041015625
1676 -0.0068359375
1677 -0.1279296875
1678 -0.0048828125
1679 0.0673828125
1680 0.021484375
1681 -0.052734375
1682 0.05859375
1683 0.125
1684 0.064453125
1685 -0.0576171875
1686 -0.0185546875
1687 0.0439453125
1688 -0.0029296875
1689 -0.1142578125
1690 0.0068359375
1691 0.0751953125
1692 0.0302734375
1693 -0.076171875
1694 -0.0244140625
1695 0.037109375
1696 -0.009765625
1697 -0.1025390625
1698 0.017578125
1699 0.0849609375
1700 0.0361328125
1701 -0.0126953125
1702 0.0947265625
1703 0.158203125
1704 0.0927734375
1705 0.0361328125
1706 0.1376953125
1707 0.1943359375
1708 0.1201171875
1709 0.0595703125
1710 0.1552734375
1711 0.2099609375
1712 0.1357421875
1713 0.0146484375
1714 0.111328125
1715 0.1630859375
1716 0.09765625
1717 -0.0673828125
1718 -0.0283203125
1719 0.0283203125
1720 -0.0166015625
1721 -0.1328125
1722 -0.046875
1723 0.0166015625
1724 -0.0283203125
1725 -0.19921875
1726 -0.1220703125
1727 -0.0439453125
1728 -0.0751953125
1729 -0.193359375
1730 -0.060546875
1731 0.0185546875
1732 -0.017578125
1733 -0.1123046875
1734 -0.0625
1735 0.00390625
1736 -0.0322265625
1737 -0.1455078125
1738 -0.021484375
1739 0.048828125
1740 0.0107421875
1741 -0.068359375
1742 0.044921875
1743 0.107421875
1744 0.0537109375
1745 -0.0458984375
1746 -0.00390625
1747 0.052734375
1748 0.0048828125
1749 -0.0869140625
1750 -0.005859375
1751 0.0517578125
1752 0.0009765625
1753 -0.08984375
1754 0.0234375
1755 0.08984375
1756 0.0419921875
1757 -0.01953125
1758 0.0869140625
1759 0.1484375
1760 0.0849609375
1761 0.0224609375
1762 0.123046875
1763 0.177734375
1764 0.1103515625
1765 0.0478515625
1766 0.1435546875
1767 0.1943359375
1768 0.123046875
1769 0.0166015625
1770 0.1083984375
1771 0.1591796875
1772 0.0947265625
1773 -0.0263671875
1774 0.068359375
1775 0.125
1776 0.0654296875
1777 -0.076171875
1778 -0.0400390625
1779 0.01953125
1780 -0.025390625
1781 -0.1455078125
1782 -0.0244140625
1783 0.04296875
1784 0.0029296875
1785 -0.0712890625
1786 0.0390625
1787 0.0986328125
1788 0.046875
1789 -0.0771484375
1790 -0.041015625
1791 0.01953125
1792 -0.0234375
1793 -0.1318359375
1794 -0.0146484375
1795 0.052734375
1796 0.009765625
1797 -0.0927734375
1798 -0.0439453125
1799 0.015625
1800 -0.0283203125
1801 -0.1181640625
1802 -0.0029296875
1803 0.0625
1804 0.0185546875
1805 -0.029296875
1806 0.0771484375
1807 0.1357421875
1808 0.076171875
1809 0.013671875
1810 0.1123046875
1811 0.1669921875
1812 0.099609375
1813 0.0390625
1814 0.1328125
1815 0.1865234375
1816 0.1162109375
1817 -0.001953125
1818 0.08984375
1819 0.1455078125
1820 0.0791015625
1821 -0.0859375
1822 -0.048828125
1823 0.0126953125
1824 -0.0341796875
1825 -0.1474609375
1826 -0.0625
1827 -0.0029296875
1828 -0.0419921875
1829 -0.21484375
1830 -0.13671875
1831 -0.060546875
1832 -0.0888671875
1833 -0.2080078125
1834 -0.0751953125
1835 0.001953125
1836 -0.03125
1837 -0.126953125
1838 -0.078125
1839 -0.009765625
1840 -0.046875
1841 -0.1875
1842 -0.060546875
1843 0.013671875
1844 -0.0185546875
1845 -0.107421875
1846 0.005859375
1847 0.068359375
1848 0.0283203125
1849 -0.0732421875
1850 -0.0302734375
1851 0.0283203125
1852 -0.013671875
1853 -0.1064453125
1854 -0.021484375
1855 0.033203125
1856 -0.01171875
1857 -0.10546875
1858 0.0048828125
1859 0.0703125
1860 0.0263671875
1861 -0.033203125
1862 0.0703125
1863 0.130859375
1864 0.0732421875
1865 0.0068359375
1866 0.1044921875
1867 0.16015625
1868 0.0966796875
1869 0.0341796875
1870 0.1279296875
1871 0.181640625
1872 0.1142578125
1873 0.0087890625
1874 0.1005859375
1875 0.1513671875
1876 0.0869140625
1877 -0.0302734375
1878 0.06640625
1879 0.119140625
1880 0.0615234375
1881 -0.0771484375
1882 -0.0380859375
1883 0.017578125
1884 -0.02734375
1885 -0.1484375
1886 -0.0283203125
1887 0.0390625
1888 -0.00390625
1889 -0.0791015625
1890 0.0302734375
1891 0.0927734375
1892 0.0390625
1893 -0.0869140625
1894 -0.0498046875
1895 0.009765625
1896 -0.0302734375
1897 -0.140625
1898 -0.021484375
1899 0.0439453125
1900 0.0029296875
1901 -0.1005859375
1902 -0.0517578125
1903 0.0078125
1904 -0.0341796875
1905 -0.12890625
1906 -0.0107421875
1907 0.056640625
1908 0.01171875
1909 -0.03515625
1910 0.0693359375
1911 0.126953125
1912 0.0693359375
1913 0.0107421875
1914 0.1083984375
1915 0.16015625
1916 0.0966796875
1917 0.0390625
1918 0.12890625
1919 0.1796875
1920 0.11328125
1921 -0.005859375
1922 0.0830078125
1923 0.1328125
1924 0.0751953125
1925 -0.087890625
1926 -0.0517578125
1927 0.0
1928 -0.037109375
1929 -0.1494140625
1930 -0.0693359375
1931 -0.0107421875
1932 -0.0458984375
1933 -0.2158203125
1934 -0.1435546875
1935 -0.0703125
1936 -0.09375
1937 -0.2080078125
1938 -0.0810546875
1939 -0.0078125
1940 -0.0341796875
1941 -0.1298828125
1942 -0.0830078125
1943 -0.0185546875
1944 -0.048828125
1945 -0.1552734375
1946 -0.037109375
1947 0.0283203125
1948 -0.00390625
1949 -0.0751953125
1950 0.03125
1951 0.0908203125
1952 0.041015625
1953 -0.05078125
1954 -0.0126953125
1955 0.04296875
1956 -0.0048828125
1957 -0.095703125
1958 -0.017578125
1959 0.0361328125
1960 -0.01171875
1961 -0.103515625
1962 0.005859375
1963 0.068359375
1964 0.025390625
1965 -0.037109375
1966 0.0654296875
1967 0.1220703125
1968 0.06640625
1969 -0.00390625
1970 0.09375
1971 0.146484375
1972 0.0859375
1973 0.0283203125
1974 0.1201171875
1975 0.1708984375
1976 0.1064453125
1977 0.001953125
1978 0.09375
1979 0.1435546875
1980 0.080078125
1981 -0.0361328125
1982 0.056640625
1983 0.109375
1984 0.0546875
1985 -0.0888671875
1986 -0.0517578125
1987 0.0048828125
1988 -0.03515625
1989 -0.15625
1990 -0.037109375
1991 0.0283203125
1992 -0.0087890625
1993 -0.0966796875
1994 0.013671875
1995 0.0751953125
1996 0.0263671875
1997 -0.095703125
1998 -0.0595703125
1999 0.001953125
2000 -0.0361328125
2001 -0.1435546875
2002 -0.029296875
2003 0.0361328125
2004 -0.0009765625
2005 -0.0986328125
2006 -0.0546875
2007 0.0048828125
2008 -0.0361328125
2009 -0.17578125
2010 -0.0517578125
2011 0.015625
2012 -0.017578125
2013 -0.1435546875
2014 -0.0966796875
2015 -0.029296875
2016 -0.0625
2017 -0.1708984375
2018 -0.083984375
2019 -0.0166015625
2020 -0.0546875
2021 -0.22265625
2022 -0.14453125
2023 -0.0673828125
2024 -0.0908203125
2025 -0.20703125
2026 -0.078125
2027 -0.001953125
2028 -0.029296875
2029 -0.126953125
2030 -0.078125
2031 -0.0107421875
2032 -0.0439453125
2033 -0.1962890625
2034 -0.06640625
2035 0.0078125
2036 -0.0205078125
2037 -0.1181640625
2038 -0.0029296875
2039 0.0625
2040 0.021484375
2041 -0.072265625
2042 -0.0341796875
2043 0.025390625
2044 -0.015625
2045 -0.103515625
2046 -0.0234375
2047 0.03515625
2048 -0.01171875
2049 -0.1025390625
2050 0.0087890625
2051 0.076171875
2052 0.0302734375
2053 -0.0361328125
2054 0.0673828125
2055 0.125
2056 0.072265625
2057 0.005859375
2058 0.103515625
2059 0.1572265625
2060 0.095703125
2061 0.0341796875
2062 0.1298828125
2063 0.18359375
2064 0.11328125
2065 0.0068359375
2066 0.1005859375
2067 0.1533203125
2068 0.087890625
2069 -0.029296875
2070 0.06640625
2071 0.1201171875
2072 0.0615234375
2073 -0.0732421875
2074 -0.037109375
2075 0.0205078125
2076 -0.0234375
2077 -0.146484375
2078 -0.025390625
2079 0.0400390625
2080 -0.0009765625
2081 -0.076171875
2082 0.033203125
2083 0.0927734375
2084 0.0419921875
2085 -0.083984375
2086 -0.0458984375
2087 0.0146484375
2088 -0.0263671875
2089 -0.1337890625
2090 -0.0185546875
2091 0.046875
2092 0.005859375
2093 -0.09765625
2094 -0.0478515625
2095 0.0107421875
2096 -0.0322265625
2097 -0.126953125
2098 -0.0107421875
2099 0.056640625
2100 0.013671875
2101 -0.033203125
2102 0.0732421875
2103 0.1298828125
2104 0.072265625
2105 0.005859375
2106 0.103515625
2107 0.1572265625
2108 0.0947265625
2109 0.033203125
2110 0.126953125
2111 0.1806640625
2112 0.1103515625
2113 -0.0107421875
2114 0.0859375
2115 0.140625
2116 0.0732421875
2117 -0.0927734375
2118 -0.052734375
2119 0.0068359375
2120 -0.041015625
2121 -0.154296875
2122 -0.0673828125
2123 -0.001953125
2124 -0.046875
2125 -0.2197265625
2126 -0.1416015625
2127 -0.0615234375
2128 -0.091796875
2129 -0.21484375
2130 -0.0771484375
2131 0.0029296875
2132 -0.0341796875
2133 -0.1328125
2134 -0.0810546875
2135 -0.0068359375
2136 -0.0498046875
2137 -0.1650390625
2138 -0.0361328125
2139 0.037109375
2140 -0.0078125
2141 -0.0859375
2142 0.03125
2143 0.0966796875
2144 0.0390625
2145 -0.056640625
2146 -0.009765625
2147 0.0478515625
2148 -0.005859375
2149 -0.1025390625
2150 -0.015625
2151 0.04296875
2152 -0.01171875
2153 -0.1064453125
2154 0.0107421875
2155 0.080078125
2156 0.025390625
2157 -0.0390625
2158 0.0693359375
2159 0.1337890625
2160 0.068359375
2161 -0.0029296875
2162 0.1005859375
2163 0.1611328125
2164 0.08984375
2165 0.0244140625
2166 0.125
2167 0.1826171875
2168 0.1064453125
2169 -0.0048828125
2170 0.095703125
2171 0.150390625
2172 0.08203125
2173 -0.0439453125
2174 0.0576171875
2175 0.115234375
2176 0.052734375
2177 -0.091796875
2178 -0.05078125
2179 0.01171875
2180 -0.037109375
2181 -0.1650390625
2182 -0.037109375
2183 0.0341796875
2184 -0.0107421875
2185 -0.1025390625
2186 0.0146484375
2187 0.0810546875
2188 0.025390625
2189 -0.0947265625
2190 -0.0537109375
2191 0.01171875
2192 -0.037109375
2193 -0.1494140625
2194 -0.025390625
2195 0.044921875
2196 -0.001953125
2197 -0.103515625
2198 -0.05078125
2199 0.01171875
2200 -0.0361328125
2201 -0.181640625
2202 -0.0498046875
2203 0.0234375
2204 -0.0185546875
2205 -0.14453125
2206 -0.095703125
2207 -0.0224609375
2208 -0.0654296875
2209 -0.1748046875
2210 -0.08203125
2211 -0.009765625
2212 -0.0537109375
2213 -0.22265625
2214 -0.1435546875
2215 -0.0625
2216 -0.091796875
2217 -0.21484375
2218 -0.07421875
2219 0.0048828125
2220 -0.029296875
2221 -0.1298828125
2222 -0.076171875
2223 -0.0048828125
2224 -0.0439453125
2225 -0.2001953125
2226 -0.0673828125
2227 0.013671875
2228 -0.021484375
2229 -0.123046875
2230 -0.0009765625
2231 0.0693359375
2232 0.0205078125
2233 -0.078125
2234 -0.03125
2235 0.033203125
2236 -0.015625
2237 -0.1103515625
2238 -0.021484375
2239 0.041015625
2240 -0.01171875
2241 -0.1083984375
2242 0.0107421875
2243 0.0791015625
2244 0.0302734375
2245 -0.0419921875
2246 0.0712890625
2247 0.1318359375
2248 0.0703125
2249 0.001953125
2250 0.1044921875
2251 0.162109375
2252 0.0966796875
2253 0.0322265625
2254 0.1318359375
2255 0.1865234375
2256 0.1142578125
2257 0.005859375
2258 0.1025390625
2259 0.158203125
2260 0.08984375
2261 -0.029296875
2262 0.0703125
2263 0.1259765625
2264 0.064453125
2265 -0.072265625
2266 -0.0322265625
2267 0.0263671875
2268 -0.0205078125
2269 -0.146484375
2270 -0.0224609375
2271 0.0439453125
2272 0.0
2273 -0.0751953125
2274 0.033203125
2275 0.0966796875
2276 0.0419921875
2277 -0.0849609375
2278 -0.0458984375
2279 0.0166015625
2280 -0.02734375
2281 -0.1376953125
2282 -0.01953125
2283 0.0478515625
2284 0.005859375
2285 -0.099609375
2286 -0.048828125
2287 0.01171875
2288 -0.0322265625
2289 -0.12890625
2290 -0.0087890625
2291 0.05859375
2292 0.013671875
2293 -0.0341796875
2294 0.0732421875
2295 0.1298828125
2296 0.072265625
2297 0.00390625
2298 0.1044921875
2299 0.16015625
2300 0.09375
2301 0.0322265625
2302 0.1279296875
2303 0.181640625
2304 0.1103515625
2305 -0.0087890625
2306 0.083984375
2307 0.1357421875
2308 0.0732421875
2309 -0.091796875
2310 -0.0537109375
2311 0.001953125
2312 -0.0380859375
2313 -0.1513671875
2314 -0.06640625
2315 -0.0078125
2316 -0.0458984375
2317 -0.2177734375
2318 -0.1416015625
2319 -0.06640625
2320 -0.0927734375
2321 -0.2099609375
2322 -0.0791015625
2323 -0.00390625
2324 -0.033203125
2325 -0.12890625
2326 -0.0810546875
2327 -0.0107421875
2328 -0.0478515625
2329 -0.16015625
2330 -0.0361328125
2331 0.0322265625
2332 -0.005859375
2333 -0.0830078125
2334 0.0322265625
2335 0.09375
2336 0.0400390625
2337 -0.0546875
2338 -0.0107421875
2339 0.044921875
2340 -0.005859375
2341 -0.099609375
2342 -0.017578125
2343 0.041015625
2344 -0.01171875
2345 -0.103515625
2346 0.0087890625
2347 0.076171875
2348 0.0263671875
2349 -0.0361328125
2350 0.068359375
2351 0.126953125
2352 0.068359375
2353 0.0009765625
2354 0.1005859375
2355 0.1552734375
2356 0.0908203125
2357 0.02734375
2358 0.1240234375
2359 0.177734375
2360 0.1083984375
2361 0.0009765625
2362 0.09375
2363 0.146484375
2364 0.0810546875
2365 -0.0390625
2366 0.05859375
2367 0.111328125
2368 0.052734375
2369 -0.0859375
2370 -0.046875
2371 0.01171875
2372 -0.0341796875
2373 -0.154296875
2374 -0.0341796875
2375 0.03125
2376 -0.005859375
2377 -0.0830078125
2378 0.025390625
2379 0.0869140625
2380 0.0341796875
2381 -0.083984375
2382 -0.0439453125
2383 0.0146484375
2384 -0.029296875
2385 -0.150390625
2386 -0.033203125
2387 0.03515625
2388 -0.005859375
2389 -0.109375
2390 -0.060546875
2391 0.0
2392 -0.0439453125
2393 -0.154296875
2394 -0.033203125
2395 0.037109375
2396 -0.00390625
2397 -0.05078125
2398 0.056640625
2399 0.1171875
2400 0.0595703125
2401 0.0009765625
2402 0.1005859375
2403 0.1552734375
2404 0.08984375
2405 0.0283203125
2406 0.1240234375
2407 0.17578125
2408 0.10546875
2409 -0.015625
2410 0.0791015625
2411 0.130859375
2412 0.06640625
2413 -0.095703125
2414 -0.0576171875
2415 0.0
2416 -0.044921875
2417 -0.1591796875
2418 -0.0751953125
2419 -0.0126953125
2420 -0.0537109375
2421 -0.2353515625
2422 -0.15625
2423 -0.0791015625
2424 -0.1015625
2425 -0.25
2426 -0.109375
2427 -0.0283203125
2428 -0.0537109375
2429 -0.1328125
2430 -0.0126953125
2431 0.0556640625
2432 0.0107421875
2433 -0.1220703125
2434 -0.08203125
2435 -0.015625
2436 -0.0517578125
2437 -0.1689453125
2438 -0.0869140625
2439 -0.021484375
2440 -0.0517578125
2441 -0.1572265625
2442 -0.076171875
2443 -0.0126953125
2444 -0.0478515625
2445 -0.1611328125
2446 -0.04296875
2447 0.0234375
2448 -0.0078125
2449 -0.09375
2450 0.0166015625
2451 0.0751953125
2452 0.0341796875
2453 -0.0263671875
2454 0.0751953125
2455 0.1279296875
2456 0.07421875
2457 -0.01953125
2458 0.025390625
2459 0.0703125
2460 0.0185546875
2461 -0.1083984375
2462 0.0
2463 0.0595703125
2464 0.0185546875
2465 -0.119140625
2466 -0.08203125
2467 -0.0185546875
2468 -0.0498046875
2469 -0.162109375
2470 -0.080078125
2471 -0.017578125
2472 -0.046875
2473 -0.1591796875
2474 -0.076171875
2475 -0.0126953125
2476 -0.046875
2477 -0.185546875
2478 -0.0595703125
2479 0.01171875
2480 -0.0185546875
2481 -0.0693359375
2482 0.0361328125
2483 0.09765625
2484 0.05078125
2485 -0.0390625
2486 0.0048828125
2487 0.0546875
2488 0.0068359375
2489 -0.12109375
2490 -0.0068359375
2491 0.0537109375
2492 0.0146484375
2493 -0.12109375
2494 -0.0830078125
2495 -0.0166015625
2496 -0.0458984375
2497 -0.1591796875
2498 -0.0751953125
2499 -0.0107421875
2500 -0.0419921875
2501 -0.154296875
2502 -0.0712890625
2503 -0.0068359375
2504 -0.041015625
2505 -0.1806640625
2506 -0.056640625
2507 0.0166015625
2508 -0.01171875
2509 -0.064453125
2510 0.04296875
2511 0.1025390625
2512 0.0546875
2513 -0.037109375
2514 0.0107421875
2515 0.060546875
2516 0.01171875
2517 -0.1142578125
2518 -0.001953125
2519 0.060546875
2520 0.0224609375
2521 -0.115234375
2522 -0.076171875
2523 -0.013671875
2524 -0.041015625
2525 -0.154296875
2526 -0.072265625
2527 -0.005859375
2528 -0.037109375
2529 -0.1494140625
2530 -0.06640625
2531 -0.0029296875
2532 -0.0361328125
2533 -0.1767578125
2534 -0.05078125
2535 0.0224609375
2536 -0.0078125
2537 -0.0625
2538 0.048828125
2539 0.1103515625
2540 0.060546875
2541 -0.033203125
2542 0.0166015625
2543 0.0693359375
2544 0.0166015625
2545 -0.11328125
2546 0.0009765625
2547 0.0673828125
2548 0.0234375
2549 -0.1142578125
2550 -0.07421875
2551 -0.0048828125
2552 -0.0390625
2553 -0.1513671875
2554 -0.0673828125
2555 0.0009765625
2556 -0.0341796875
2557 -0.1484375
2558 -0.0634765625
2559 0.0009765625
2560 -0.033203125
2561 -0.173828125
2562 -0.0458984375
2563 0.0263671875
2564 -0.00390625
2565 -0.05859375
2566 0.052734375
2567 0.1142578125
2568 0.0625
2569 -0.029296875
2570 0.0185546875
2571 0.0732421875
2572 0.01953125
2573 -0.109375
2574 0.005859375
2575 0.072265625
2576 0.0283203125
2577 -0.107421875
2578 -0.068359375
2579 -0.0029296875
2580 -0.03515625
2581 -0.1484375
2582 -0.0615234375
2583 0.001953125
2584 -0.0302734375
2585 -0.14453125
2586 -0.05859375
2587 0.0048828125
2588 -0.02734375
2589 -0.169921875
2590 -0.0439453125
2591 0.029296875
2592 -0.001953125
2593 -0.0546875
2594 0.0546875
2595 0.1171875
2596 0.0654296875
2597 -0.0263671875
2598 0.0234375
2599 0.076171875
2600 0.021484375
2601 -0.1083984375
2602 0.0078125
2603 0.07421875
2604 0.029296875
2605 -0.109375
2606 -0.0673828125
2607 0.0
2608 -0.0341796875
2609 -0.1484375
2610 -0.060546875
2611 0.0068359375
2612 -0.029296875
2613 -0.1416015625
2614 -0.056640625
2615 0.0078125
2616 -0.02734375
2617 -0.169921875
2618 -0.0419921875
2619 0.0322265625
2620 0.0
2621 -0.052734375
2622 0.0576171875
2623 0.12109375
2624 0.068359375
2625 -0.0244140625
2626 0.0234375
2627 0.0751953125
2628 0.025390625
2629 -0.1044921875
2630 0.01171875
2631 0.0732421875
2632 0.033203125
2633 -0.1064453125
2634 -0.064453125
2635 0.001953125
2636 -0.0302734375
2637 -0.1435546875
2638 -0.0595703125
2639 0.009765625
2640 -0.0263671875
2641 -0.1396484375
2642 -0.0556640625
2643 0.0126953125
2644 -0.025390625
2645 -0.16796875
2646 -0.0400390625
2647 0.03515625
2648 0.0029296875
2649 -0.0537109375
2650 0.05859375
2651 0.123046875
2652 0.0712890625
2653 -0.0224609375
2654 0.02734375
2655 0.0791015625
2656 0.0263671875
2657 -0.1064453125
2658 0.0126953125
2659 0.076171875
2660 0.033203125
2661 -0.103515625
2662 -0.0634765625
2663 0.0048828125
2664 -0.0302734375
2665 -0.142578125
2666 -0.0556640625
2667 0.0126953125
2668 -0.0244140625
2669 -0.13671875
2670 -0.05078125
2671 0.0166015625
2672 -0.021484375
2673 -0.1650390625
2674 -0.03515625
2675 0.0380859375
2676 0.0068359375
2677 -0.05078125
2678 0.0634765625
2679 0.126953125
2680 0.0732421875
2681 -0.021484375
2682 0.0283203125
2683 0.08203125
2684 0.029296875
2685 -0.1015625
2686 0.0146484375
2687 0.08203125
2688 0.03515625
2689 -0.0986328125
2690 -0.0595703125
2691 0.0087890625
2692 -0.0263671875
2693 -0.1396484375
2694 -0.052734375
2695 0.0126953125
2696 -0.0205078125
2697 -0.1357421875
2698 -0.0498046875
2699 0.01171875
2700 -0.01953125
2701 -0.1640625
2702 -0.0361328125
2703 0.0341796875
2704 0.0068359375
2705 -0.048828125
2706 0.0625
2707 0.123046875
2708 0.07421875
2709 -0.017578125
2710 0.029296875
2711 0.0810546875
2712 0.0302734375
2713 -0.09765625
2714 0.015625
2715 0.0791015625
2716 0.0380859375
2717 -0.09765625
2718 -0.0576171875
2719 0.0068359375
2720 -0.025390625
2721 -0.1396484375
2722 -0.0517578125
2723 0.013671875
2724 -0.01953125
2725 -0.1357421875
2726 -0.048828125
2727 0.0146484375
2728 -0.01953125
2729 -0.162109375
2730 -0.03515625
2731 0.0390625
2732 0.0078125
2733 -0.046875
2734 0.0634765625
2735 0.1279296875
2736 0.0751953125
2737 -0.0166015625
2738 0.03125
2739 0.0830078125
2740 0.0302734375
2741 -0.0986328125
2742 0.0166015625
2743 0.080078125
2744 0.0400390625
2745 -0.099609375
2746 -0.0576171875
2747 0.0068359375
2748 -0.0244140625
2749 -0.138671875
2750 -0.0517578125
2751 0.013671875
2752 -0.0205078125
2753 -0.1337890625
2754 -0.048828125
2755 0.017578125
2756 -0.0205078125
2757 -0.1630859375
2758 -0.0341796875
2759 0.041015625
2760 0.0078125
2761 -0.046875
2762 0.064453125
2763 0.1279296875
2764 0.076171875
2765 -0.01953125
2766 0.033203125
2767 0.0859375
2768 0.0322265625
2769 -0.1005859375
2770 0.0166015625
2771 0.0830078125
2772 0.0400390625
2773 -0.09765625
2774 -0.056640625
2775 0.009765625
2776 -0.0244140625
2777 -0.1396484375
2778 -0.052734375
2779 0.0166015625
2780 -0.01953125
2781 -0.1328125
2782 -0.0458984375
2783 0.0205078125
2784 -0.017578125
2785 -0.1611328125
2786 -0.03125
2787 0.0419921875
2788 0.0087890625
2789 -0.0478515625
2790 0.0673828125
2791 0.130859375
2792 0.076171875
2793 -0.017578125
2794 0.0341796875
2795 0.0859375
2796 0.033203125
2797 -0.0986328125
2798 0.017578125
2799 0.083984375
2800 0.0400390625
2801 -0.0966796875
2802 -0.0556640625
2803 0.0107421875
2804 -0.0224609375
2805 -0.13671875
2806 -0.0498046875
2807 0.017578125
2808 -0.017578125
2809 -0.1328125
2810 -0.046875
2811 0.017578125
2812 -0.017578125
2813 -0.1630859375
2814 -0.0341796875
2815 0.0439453125
2816 0.0087890625
2817 -0.048828125
2818 0.06640625
2819 0.1328125
2820 0.0771484375
2821 -0.0185546875
2822 0.033203125
2823 0.091796875
2824 0.033203125
2825 -0.103515625
2826 0.0185546875
2827 0.0888671875
2828 0.0390625
2829 -0.09765625
2830 -0.0556640625
2831 0.01953125
2832 -0.0224609375
2833 -0.1416015625
2834 -0.0478515625
2835 0.021484375
2836 -0.017578125
2837 -0.1357421875
2838 -0.044921875
2839 0.0224609375
2840 -0.0185546875
2841 -0.1630859375
2842 -0.029296875
2843 0.0478515625
2844 0.009765625
2845 -0.0478515625
2846 0.0673828125
2847 0.1337890625
2848 0.0771484375
2849 -0.015625
2850 0.033203125
2851 0.087890625
2852 0.0341796875
2853 -0.09765625
2854 0.0185546875
2855 0.0869140625
2856 0.0419921875
2857 -0.09765625
2858 -0.0537109375
2859 0.0146484375
2860 -0.021484375
2861 -0.1396484375
2862 -0.048828125
2863 0.01953125
2864 -0.0166015625
2865 -0.134765625
2866 -0.0458984375
2867 0.0224609375
2868 -0.017578125
2869 -0.1611328125
2870 -0.0302734375
2871 0.046875
2872 0.0107421875
2873 -0.0458984375
2874 0.068359375
2875 0.134765625
2876 0.078125
2877 -0.015625
2878 0.03515625
2879 0.0908203125
2880 0.0341796875
2881 -0.0986328125
2882 0.0205078125
2883 0.0859375
2884 0.0419921875
2885 -0.09765625
2886 -0.0537109375
2887 0.013671875
2888 -0.0205078125
2889 -0.138671875
2890 -0.048828125
2891 0.01953125
2892 -0.017578125
2893 -0.1318359375
2894 -0.044921875
2895 0.0234375
2896 -0.0166015625
2897 -0.1552734375
2898 -0.0283203125
2899 0.046875
2900 0.013671875
2901 -0.04296875
2902 0.0712890625
2903 0.1328125
2904 0.080078125
2905 -0.0146484375
2906 0.037109375
2907 0.08984375
2908 0.0361328125
2909 -0.09375
2910 0.0224609375
2911 0.08984375
2912 0.044921875
2913 -0.091796875
2914 -0.05078125
2915 0.0166015625
2916 -0.01953125
2917 -0.1318359375
2918 -0.0478515625
2919 0.01953125
2920 -0.015625
2921 -0.1279296875
2922 -0.044921875
2923 0.0224609375
2924 -0.013671875
2925 -0.15625
2926 -0.02734375
2927 0.0458984375
2928 0.0126953125
2929 -0.04296875
2930 0.0703125
2931 0.1337890625
2932 0.0810546875
2933 -0.0126953125
2934 0.037109375
2935 0.0888671875
2936 0.0361328125
2937 -0.0947265625
2938 0.0205078125
2939 0.087890625
2940 0.04296875
2941 -0.09375
2942 -0.052734375
2943 0.0166015625
2944 -0.0205078125
2945 -0.134765625
2946 -0.0478515625
2947 0.0205078125
2948 -0.0166015625
2949 -0.130859375
2950 -0.044921875
2951 0.021484375
2952 -0.015625
2953 -0.1552734375
2954 -0.0283203125
2955 0.046875
2956 0.015625
2957 -0.04296875
2958 0.0703125
2959 0.134765625
2960 0.08203125
2961 -0.01171875
2962 0.0361328125
2963 0.08984375
2964 0.0361328125
2965 -0.09375
2966 0.0234375
2967 0.08984375
2968 0.044921875
2969 -0.0947265625
2970 -0.05078125
2971 0.0166015625
2972 -0.0185546875
2973 -0.134765625
2974 -0.0458984375
2975 0.021484375
2976 -0.015625
2977 -0.12890625
2978 -0.04296875
2979 0.021484375
2980 -0.013671875
2981 -0.15625
2982 -0.0283203125
2983 0.044921875
2984 0.013671875
2985 -0.04296875
2986 0.068359375
2987 0.130859375
2988 0.0810546875
2989 -0.0107421875
2990 0.03515625
2991 0.087890625
2992 0.03515625
2993 -0.0947265625
2994 0.021484375
2995 0.0830078125
2996 0.0458984375
2997 -0.0927734375
2998 -0.052734375
2999 0.0087890625
3000 -0.0185546875
3001 -0.1328125
3002 -0.0478515625
3003 0.015625
3004 -0.0166015625
3005 -0.126953125
3006 -0.0439453125
3007 0.0185546875
3008 -0.013671875
3009 -0.15234375
3010 -0.029296875
3011 0.04296875
3012 0.0146484375
3013 -0.0390625
3014 0.0693359375
3015 0.130859375
3016 0.08203125
3017 -0.01171875
3018 0.037109375
3019 0.0869140625
3020 0.037109375
3021 -0.08984375
3022 0.0224609375
3023 0.0849609375
3024 0.044921875
3025 -0.0888671875
3026 -0.0517578125
3027 0.01171875
3028 -0.017578125
3029 -0.130859375
3030 -0.046875
3031 0.017578125
3032 -0.0146484375
3033 -0.1259765625
3034 -0.044921875
3035 0.0185546875
3036 -0.013671875
3037 -0.154296875
3038 -0.0302734375
3039 0.0419921875
3040 0.013671875
3041 -0.041015625
3042 0.0693359375
3043 0.130859375
3044 0.0810546875
3045 -0.01171875
3046 0.0361328125
3047 0.0869140625
3048 0.0380859375
3049 -0.0908203125
3050 0.0205078125
3051 0.083984375
3052 0.044921875
3053 -0.0908203125
3054 -0.0537109375
3055 0.0126953125
3056 -0.0185546875
3057 -0.1298828125
3058 -0.0478515625
3059 0.017578125
3060 -0.0146484375
3061 -0.126953125
3062 -0.0439453125
3063 0.0166015625
3064 -0.0126953125
3065 -0.15234375
3066 -0.0283203125
3067 0.041015625
3068 0.013671875
3069 -0.0380859375
3070 0.0703125
3071 0.12890625
3072 0.080078125
3073 -0.01171875
3074 0.037109375
3075 0.0859375
3076 0.037109375
3077 -0.08984375
3078 0.021484375
3079 0.0849609375
3080 0.0439453125
3081 -0.0908203125
3082 -0.052734375
3083 0.0107421875
3084 -0.0185546875
3085 -0.1328125
3086 -0.0478515625
3087 0.017578125
3088 -0.015625
3089 -0.1279296875
3090 -0.044921875
3091 0.0185546875
3092 -0.013671875
3093 -0.154296875
3094 -0.029296875
3095 0.044921875
3096 0.013671875
3097 -0.041015625
3098 0.0703125
3099 0.1318359375
3100 0.08203125
3101 -0.0126953125
3102 0.0380859375
3103 0.0927734375
3104 0.037109375
3105 -0.095703125
3106 0.0205078125
3107 0.087890625
3108 0.04296875
3109 -0.09375
3110 -0.0498046875
3111 0.0166015625
3112 -0.0185546875
3113 -0.1337890625
3114 -0.044921875
3115 0.021484375
3116 -0.0146484375
3117 -0.1279296875
3118 -0.0419921875
3119 0.0244140625
3120 -0.01171875
3121 -0.15625
3122 -0.02734375
3123 0.0478515625
3124 0.015625
3125 -0.041015625
3126 0.072265625
3127 0.1357421875
3128 0.0810546875
3129 -0.0126953125
3130 0.037109375
3131 0.0908203125
3132 0.037109375
3133 -0.0947265625
3134 0.0224609375
3135 0.087890625
3136 0.04296875
3137 -0.091796875
3138 -0.05078125
3139 0.013671875
3140 -0.017578125
3141 -0.1298828125
3142 -0.0458984375
3143 0.0185546875
3144 -0.0126953125
3145 -0.1259765625
3146 -0.04296875
3147 0.01953125
3148 -0.01171875
3149 -0.15234375
3150 -0.0283203125
3151 0.044921875
3152 0.015625
3153 -0.0400390625
3154 0.0703125
3155 0.130859375
3156 0.0830078125
3157 -0.0107421875
3158 0.0361328125
3159 0.0859375
3160 0.0380859375
3161 -0.0908203125
3162 0.0234375
3163 0.0849609375
3164 0.044921875
3165 -0.0888671875
3166 -0.05078125
3167 0.015625
3168 -0.0166015625
3169 -0.12890625
3170 -0.0458984375
3171 0.021484375
3172 -0.013671875
3173 -0.1259765625
3174 -0.041015625
3175 0.0244140625
3176 -0.01171875
3177 -0.154296875
3178 -0.0263671875
3179 0.0458984375
3180 0.0146484375
3181 -0.0400390625
3182 0.0703125
3183 0.1318359375
3184 0.08203125
3185 -0.0107421875
3186 0.0380859375
3187 0.087890625
3188 0.0361328125
3189 -0.0927734375
3190 0.0224609375
3191 0.0869140625
3192 0.044921875
3193 -0.08984375
3194 -0.0498046875
3195 0.0166015625
3196 -0.0185546875
3197 -0.1298828125
3198 -0.0458984375
3199 0.021484375
3200 -0.0126953125
3201 -0.1298828125
3202 -0.0419921875
3203 0.0234375
3204 -0.01171875
3205 -0.1572265625
3206 -0.0283203125
3207 0.044921875
3208 0.013671875
3209 -0.0400390625
3210 0.0693359375
3211 0.1318359375
3212 0.0830078125
3213 -0.0087890625
3214 0.037109375
3215 0.087890625
3216 0.037109375
3217 -0.091796875
3218 0.0224609375
3219 0.0830078125
3220 0.044921875
3221 -0.091796875
3222 -0.052734375
3223 0.0126953125
3224 -0.017578125
3225 -0.1298828125
3226 -0.0478515625
3227 0.017578125
3228 -0.013671875
3229 -0.1279296875
3230 -0.0439453125
3231 0.021484375
3232 -0.01171875
3233 -0.15234375
3234 -0.0283203125
3235 0.04296875
3236 0.013671875
3237 -0.0390625
3238 0.0703125
3239 0.1318359375
3240 0.0830078125
3241 -0.0107421875
3242 0.037109375
3243 0.087890625
3244 0.037109375
3245 -0.0908203125
3246 0.0244140625
3247 0.0849609375
3248 0.046875
3249 -0.0888671875
3250 -0.05078125
3251 0.01171875
3252 -0.015625
3253 -0.12890625
3254 -0.044921875
3255 0.0185546875
3256 -0.013671875
3257 -0.1259765625
3258 -0.04296875
3259 0.0185546875
3260 -0.0126953125
3261 -0.1533203125
3262 -0.029296875
3263 0.0458984375
3264 0.0146484375
3265 -0.041015625
3266 0.0703125
3267 0.1328125
3268 0.0830078125
3269 -0.0126953125
3270 0.037109375
3271 0.091796875
3272 0.037109375
3273 -0.095703125
3274 0.0224609375
3275 0.0888671875
3276 0.0439453125
3277 -0.09375
3278 -0.0517578125
3279 0.017578125
3280 -0.01953125
3281 -0.1337890625
3282 -0.046875
3283 0.0234375
3284 -0.015625
3285 -0.126953125
3286 -0.0390625
3287 0.0263671875
3288 -0.01171875
3289 -0.1328125
3290 -0.0078125
3291 0.064453125
3292 0.02734375
3293 -0.0830078125
3294 -0.0361328125
3295 0.03125
3296 -0.0087890625
3297 -0.166015625
3298 -0.08984375
3299 -0.0146484375
3300 -0.041015625
3301 -0.1357421875
3302 -0.044921875
3303 0.0263671875
3304 -0.013671875
3305 -0.1787109375
3306 -0.1123046875
3307 -0.02734375
3308 -0.05078125
3309 -0.2041015625
3310 -0.125
3311 -0.0380859375
3312 -0.0576171875
3313 -0.1591796875
3314 -0.064453125
3315 0.0078125
3316 -0.0234375
3317 -0.1171875
3318 -0.0283203125
3319 0.0390625
3320 0.0009765625
3321 -0.1103515625
3322 0.0146484375
3323 0.0869140625
3324 0.0439453125
3325 -0.0771484375
3326 -0.0341796875
3327 0.037109375
3328 -0.00390625
3329 -0.1181640625
3330 -0.03125
3331 0.0400390625
3332 -0.0009765625
3333 -0.1201171875
3334 -0.0302734375
3335 0.0400390625
3336 -0.001953125
3337 -0.1083984375
3338 -0.021484375
3339 0.0478515625
3340 0.005859375
3341 -0.0947265625
3342 -0.013671875
3343 0.0546875
3344 0.01171875
3345 -0.1142578125
3346 -0.025390625
3347 0.0390625
3348 0.0
3349 -0.185546875
3350 -0.1103515625
3351 -0.025390625
3352 -0.0498046875
3353 -0.2080078125
3354 -0.1298828125
3355 -0.052734375
3356 -0.0498046875
3357 -0.1396484375
3358 -0.06640625
3359 -0.0087890625
3360 -0.013671875
3361 -0.142578125
3362 -0.068359375
3363 -0.0166015625
3364 -0.0146484375
3365 -0.1552734375
3366 -0.0419921875
3367 0.021484375
3368 0.0205078125
3369 -0.048828125
3370 0.044921875
3371 0.0966796875
3372 0.0791015625
3373 0.0302734375
3374 0.11328125
3375 0.154296875
3376 0.123046875
3377 0.046875
3378 0.0634765625
3379 0.1025390625
3380 0.072265625
3381 -0.0224609375
3382 0.0283203125
3383 0.068359375
3384 0.046875
3385 -0.0576171875
3386 0.0078125
3387 0.044921875
3388 0.025390625
3389 -0.0771484375
3390 -0.01171875
3391 0.0302734375
3392 0.0146484375
3393 -0.09765625
3394 0.0029296875
3395 0.0556640625
3396 0.0439453125
3397 -0.1015625
3398 -0.0751953125
3399 -0.017578125
3400 -0.01953125
3401 -0.1953125
3402 -0.1357421875
3403 -0.0654296875
3404 -0.0556640625
3405 -0.1552734375
3406 -0.076171875
3407 -0.0185546875
3408 -0.0205078125
3409 -0.1630859375
3410 -0.0849609375
3411 -0.0263671875
3412 -0.0244140625
3413 -0.154296875
3414 -0.0380859375
3415 0.0205078125
3416 0.0224609375
3417 -0.05859375
3418 0.0361328125
3419 0.0888671875
3420 0.0732421875
3421 -0.0068359375
3422 0.0791015625
3423 0.123046875
3424 0.099609375
3425 0.0185546875
3426 0.099609375
3427 0.142578125
3428 0.11328125
3429 0.0244140625
3430 0.103515625
3431 0.142578125
3432 0.11328125
3433 0.0166015625
3434 0.095703125
3435 0.1328125
3436 0.1083984375
3437 0.0029296875
3438 0.083984375
3439 0.1240234375
3440 0.0986328125
3441 0.0400390625
3442 0.1162109375
3443 0.1533203125
3444 0.1220703125
3445 0.01953125
3446 0.033203125
3447 0.0693359375
3448 0.04296875
3449 -0.0625
3450 -0.0078125
3451 0.0322265625
3452 0.015625
3453 -0.1240234375
3454 -0.056640625
3455 -0.0087890625
3456 -0.015625
3457 -0.1455078125
3458 -0.0341796875
3459 0.0224609375
3460 0.0185546875
3461 -0.0634765625
3462 0.029296875
3463 0.0791015625
3464 0.060546875
3465 -0.0263671875
3466 0.05859375
3467 0.103515625
3468 0.0810546875
3469 -0.0205078125
3470 0.060546875
3471 0.10546875
3472 0.08203125
3473 -0.02734375
3474 0.0546875
3475 0.09765625
3476 0.0771484375
3477 0.0166015625
3478 0.0947265625
3479 0.12890625
3480 0.1015625
3481 -0.01953125
3482 -0.001953125
3483 0.033203125
3484 0.017578125
3485 -0.1376953125
3486 -0.0341796875
3487 0.0205078125
3488 0.015625
3489 -0.095703125
3490 -0.0703125
3491 -0.021484375
3492 -0.0224609375
3493 -0.1171875
3494 -0.0166015625
3495 0.03515625
3496 0.029296875
3497 -0.0615234375
3498 -0.0576171875
3499 -0.0068359375
3500 -0.01171875
3501 -0.0966796875
3502 0.0009765625
3503 0.05078125
3504 0.0419921875
3505 -0.046875
3506 -0.0234375
3507 0.0185546875
3508 0.0078125
3509 -0.0849609375
3510 -0.02734375
3511 0.0166015625
3512 0.005859375
3513 -0.1337890625
3514 -0.0703125
3515 -0.0205078125
3516 -0.0244140625
3517 -0.1513671875
3518 -0.0849609375
3519 -0.0302734375
3520 -0.029296875
3521 -0.1806640625
3522 -0.06640625
3523 -0.005859375
3524 -0.001953125
3525 -0.0849609375
3526 0.0107421875
3527 0.0615234375
3528 0.05078125
3529 -0.0361328125
3530 0.0498046875
3531 0.0927734375
3532 0.07421875
3533 -0.009765625
3534 0.0693359375
3535 0.111328125
3536 0.087890625
3537 0.009765625
3538 0.0859375
3539 0.1240234375
3540 0.09765625
3541 0.013671875
3542 0.0869140625
3543 0.1240234375
3544 0.0986328125
3545 0.0
3546 0.076171875
3547 0.115234375
3548 0.0908203125
3549 -0.0185546875
3550 0.0615234375
3551 0.1025390625
3552 0.080078125
3553 0.0048828125
3554 0.0849609375
3555 0.119140625
3556 0.08984375
3557 -0.0361328125
3558 -0.0224609375
3559 0.0234375
3560 0.0048828125
3561 -0.0908203125
3562 0.0029296875
3563 0.052734375
3564 0.037109375
3565 -0.0126953125
3566 0.072265625
3567 0.111328125
3568 0.0849609375
3569 0.0361328125
3570 0.1123046875
3571 0.146484375
3572 0.11328125
3573 0.056640625
3574 0.1279296875
3575 0.1591796875
3576 0.123046875
3577 0.0234375
3578 0.037109375
3579 0.068359375
3580 0.0400390625
3581 -0.0771484375
3582 -0.02734375
3583 0.013671875
3584 -0.0009765625
3585 -0.1201171875
3586 -0.0595703125
3587 -0.0126953125
3588 -0.0244140625
3589 -0.1357421875
3590 -0.07421875
3591 -0.0244140625
3592 -0.03125
3593 -0.1435546875
3594 -0.0771484375
3595 -0.0263671875
3596 -0.033203125
3597 -0.1435546875
3598 -0.0810546875
3599 -0.029296875
3600 -0.033203125
3601 -0.1708984375
3602 -0.1015625
3603 -0.0458984375
3604 -0.044921875
3605 -0.146484375
3606 -0.0419921875
3607 0.0146484375
3608 0.0068359375
3609 -0.1181640625
3610 -0.091796875
3611 -0.03515625
3612 -0.0361328125
3613 -0.1357421875
3614 -0.068359375
3615 -0.017578125
3616 -0.0234375
3617 -0.1259765625
3618 -0.0556640625
3619 -0.01171875
3620 -0.0205078125
3621 -0.1318359375
3622 -0.060546875
3623 -0.01171875
3624 -0.0185546875
3625 -0.171875
3626 -0.060546875
3627 -0.001953125
3628 -0.001953125
3629 -0.06640625
3630 0.0263671875
3631 0.076171875
3632 0.05859375
3633 -0.0673828125
3634 0.021484375
3635 0.0673828125
3636 0.052734375
3637 -0.0888671875
3638 -0.0703125
3639 -0.0185546875
3640 -0.0224609375
3641 -0.1865234375
3642 -0.1123046875
3643 -0.05078125
3644 -0.0439453125
3645 -0.1484375
3646 -0.0732421875
3647 -0.0234375
3648 -0.0263671875
3649 -0.111328125
3650 -0.0087890625
3651 0.044921875
3652 0.03515625
3653 -0.0546875
3654 -0.0537109375
3655 0.00390625
3656 -0.005859375
3657 -0.115234375
3658 -0.013671875
3659 0.0390625
3660 0.033203125
3661 -0.0556640625
3662 0.0361328125
3663 0.083984375
3664 0.0654296875
3665 -0.0322265625
3666 -0.0126953125
3667 0.0302734375
3668 0.0166015625
3669 -0.1005859375
3670 -0.001953125
3671 0.0478515625
3672 0.037109375
3673 -0.09765625
3674 -0.07421875
3675 -0.0205078125
3676 -0.0234375
3677 -0.2041015625
3678 -0.1279296875
3679 -0.0595703125
3680 -0.052734375
3681 -0.1591796875
3682 -0.0859375
3683 -0.0322265625
3684 -0.0302734375
3685 -0.16015625
3686 -0.0830078125
3687 -0.0283203125
3688 -0.0283203125
3689 -0.1884765625
3690 -0.068359375
3691 -0.00390625
3692 0.0009765625
3693 -0.052734375
3694 0.04296875
3695 0.0908203125
3696 0.072265625
3697 -0.00390625
3698 0.080078125
3699 0.1240234375
3700 0.09765625
3701 0.005859375
3702 0.0849609375
3703 0.1240234375
3704 0.1005859375
3705 0.0400390625
3706 0.1181640625
3707 0.15234375
3708 0.1220703125
3709 0.03125
3710 0.044921875
3711 0.0791015625
3712 0.0546875
3713 -0.0439453125
3714 0.009765625
3715 0.0478515625
3716 0.029296875
3717 -0.076171875
3718 -0.0185546875
3719 0.0244140625
3720 0.009765625
3721 -0.1591796875
3722 -0.048828125
3723 0.0068359375
3724 0.005859375
3725 -0.134765625
3726 -0.1064453125
3727 -0.0458984375
3728 -0.0419921875
3729 -0.21484375
3730 -0.0888671875
3731 -0.0185546875
3732 -0.01171875
3733 -0.0634765625
3734 0.0341796875
3735 0.0810546875
3736 0.064453125
3737 -0.0126953125
3738 0.076171875
3739 0.1171875
3740 0.0908203125
3741 0.00390625
3742 0.0849609375
3743 0.126953125
3744 0.09765625
3745 0.0517578125
3746 0.126953125
3747 0.162109375
3748 0.126953125
3749 0.0205078125
3750 0.0361328125
3751 0.0703125
3752 0.044921875
3753 -0.1328125
3754 -0.0810546875
3755 -0.0263671875
3756 -0.0283203125
3757 -0.130859375
3758 -0.0673828125
3759 -0.0146484375
3760 -0.0185546875
3761 -0.16015625
3762 -0.0859375
3763 -0.0341796875
3764 -0.0341796875
3765 -0.1728515625
3766 -0.0595703125
3767 0.00390625
3768 0.0029296875
3769 -0.080078125
3770 0.0146484375
3771 0.0673828125
3772 0.0517578125
3773 -0.0361328125
3774 0.05078125
3775 0.0966796875
3776 0.0751953125
3777 -0.015625
3778 0.068359375
3779 0.1123046875
3780 0.0859375
3781 -0.00390625
3782 0.0771484375
3783 0.1181640625
3784 0.091796875
3785 -0.005859375
3786 0.0732421875
3787 0.1142578125
3788 0.0869140625
3789 -0.0283203125
3790 0.0537109375
3791 0.0966796875
3792 0.072265625
3793 -0.0146484375
3794 0.0654296875
3795 0.109375
3796 0.0830078125
3797 0.0302734375
3798 0.109375
3799 0.1455078125
3800 0.111328125
3801 0.0595703125
3802 0.1337890625
3803 0.166015625
3804 0.1279296875
3805 0.0400390625
3806 0.060546875
3807 0.087890625
3808 0.0546875
3809 -0.0703125
3810 -0.0244140625
3811 0.015625
3812 0.0
3813 -0.14453125
3814 -0.0830078125
3815 -0.0302734375
3816 -0.03515625
3817 -0.140625
3818 -0.037109375
3819 0.0166015625
3820 0.009765625
3821 -0.029296875
3822 0.0576171875
3823 0.1025390625
3824 0.076171875
3825 0.0419921875
3826 0.12109375
3827 0.16015625
3828 0.1201171875
3829 0.076171875
3830 0.1474609375
3831 0.1826171875
3832 0.1396484375
3833 0.0791015625
3834 0.1494140625
3835 0.1796875
3836 0.134765625
3837 0.083984375
3838 0.1533203125
3839 0.18359375
3840 0.138671875
3841 0.0595703125
3842 0.0791015625
3843 0.1044921875
3844 0.0634765625
3845 -0.029296875
3846 0.0517578125
3847 0.087890625
3848 0.060546875
3849 -0.0361328125
3850 -0.0146484375
3851 0.0224609375
3852 -0.0009765625
3853 -0.1064453125
3854 -0.0478515625
3855 -0.00390625
3856 -0.0224609375
3857 -0.1181640625
3858 -0.0595703125
3859 -0.0107421875
3860 -0.029296875
3861 -0.1328125
3862 -0.0703125
3863 -0.0224609375
3864 -0.0361328125
3865 -0.1376953125
3866 -0.0693359375
3867 -0.021484375
3868 -0.03515625
3869 -0.1787109375
3870 -0.1044921875
3871 -0.052734375
3872 -0.05859375
3873 -0.1982421875
3874 -0.12109375
3875 -0.0634765625
3876 -0.0654296875
3877 -0.18359375
3878 -0.07421875
3879 -0.009765625
3880 -0.0146484375
3881 -0.078125
3882 0.0146484375
3883 0.0654296875
3884 0.0439453125
3885 -0.0263671875
3886 0.0556640625
3887 0.1005859375
3888 0.072265625
3889 0.0048828125
3890 0.0810546875
3891 0.1201171875
3892 0.0869140625
3893 0.0126953125
3894 0.0888671875
3895 0.1259765625
3896 0.0927734375
3897 0.0322265625
3898 0.109375
3899 0.142578125
3900 0.10546875
3901 0.0263671875
3902 0.0439453125
3903 0.076171875
3904 0.041015625
3905 -0.0576171875
3906 -0.0029296875
3907 0.0341796875
3908 0.0068359375
3909 -0.09375
3910 -0.0341796875
3911 0.0048828125
3912 -0.015625
3913 -0.09765625
3914 -0.00390625
3915 0.0439453125
3916 0.0263671875
3917 -0.0126953125
3918 0.0693359375
3919 0.1103515625
3920 0.0791015625
3921 -0.0205078125
3922 -0.001953125
3923 0.0302734375
3924 0.005859375
3925 -0.150390625
3926 -0.0478515625
3927 0.00390625
3928 -0.005859375
3929 -0.13671875
3930 -0.111328125
3931 -0.052734375
3932 -0.0595703125
3933 -0.1611328125
3934 -0.0537109375
3935 0.0048828125
3936 -0.0048828125
3937 -0.078125
3938 0.0166015625
3939 0.0625
3940 0.0439453125
3941 -0.0517578125
3942 -0.029296875
3943 0.01171875
3944 -0.0068359375
3945 -0.1484375
3946 -0.080078125
3947 -0.03515625
3948 -0.04296875
3949 -0.1953125
3950 -0.1259765625
3951 -0.064453125
3952 -0.064453125
3953 -0.1982421875
3954 -0.12109375
3955 -0.0625
3956 -0.0625
3957 -0.15625
3958 -0.0810546875
3959 -0.0302734375
3960 -0.037109375
3961 -0.158203125
3962 -0.0498046875
3963 0.0029296875
3964 0.0009765625
3965 -0.1669921875
3966 -0.1376953125
3967 -0.0732421875
3968 -0.0673828125
3969 -0.1826171875
3970 -0.111328125
3971 -0.05078125
3972 -0.05078125
3973 -0.12890625
3974 -0.0595703125
3975 -0.009765625
3976 -0.01953125
3977 -0.1396484375
3978 -0.0703125
3979 -0.021484375
3980 -0.0283203125
3981 -0.173828125
3982 -0.0634765625
3983 -0.0009765625
3984 -0.0009765625
3985 -0.041015625
3986 0.0498046875
3987 0.09375
3988 0.07421875
3989 0.021484375
3990 0.1015625
3991 0.1376953125
3992 0.107421875
3993 0.0009765625
3994 0.017578125
3995 0.05078125
3996 0.029296875
3997 -0.087890625
3998 -0.033203125
3999 -0.0185546875
4000 0.0263671875
4001 -0.0322265625
4002 0.001953125
4003 0.0107421875
4004 0.0517578125
4005 0.025390625
4006 0.0517578125
4007 0.0517578125
4008 0.0859375
4009 0.0107421875
4010 -0.0283203125
4011 -0.02734375
4012 0.0146484375
4013 -0.0537109375
4014 -0.0517578125
4015 -0.0458984375
4016 -0.0009765625
4017 -0.1025390625
4018 -0.08984375
4019 -0.078125
4020 -0.029296875
4021 -0.119140625
4022 -0.064453125
4023 -0.0439453125
4024 0.0068359375
4025 -0.037109375
4026 0.0
4027 0.009765625
4028 0.0517578125
4029 0.001953125
4030 0.0322265625
4031 0.0380859375
4032 0.07421875
4033 0.02734375
4034 0.05078125
4035 0.052734375
4036 0.0859375
4037 0.0390625
4038 0.05859375
4039 0.05859375
4040 0.0888671875
4041 0.03515625
4042 0.0546875
4043 0.0556640625
4044 0.0869140625
4045 0.009765625
4046 0.0322265625
4047 0.03515625
4048 0.0703125
4049 0.01953125
4050 0.0419921875
4051 0.04296875
4052 0.078125
4053 0.0673828125
4054 0.0859375
4055 0.0810546875
4056 0.107421875
4057 0.099609375
4058 0.111328125
4059 0.1025390625
4060 0.125
4061 0.080078125
4062 0.0390625
4063 0.029296875
4064 0.0517578125
4065 -0.03515625
4066 -0.0439453125
4067 -0.0439453125
4068 -0.0029296875
4069 -0.1103515625
4070 -0.1025390625
4071 -0.0869140625
4072 -0.0380859375
4073 -0.10546875
4074 -0.056640625
4075 -0.041015625
4076 0.0078125
4077 0.009765625
4078 0.0390625
4079 0.0419921875
4080 0.07421875
4081 0.0859375
4082 0.1015625
4083 0.095703125
4084 0.1201171875
4085 0.119140625
4086 0.1279296875
4087 0.12109375
4088 0.1376953125
4089 0.1220703125
4090 0.1279296875
4091 0.1171875
4092 0.134765625
4093 0.126953125
4094 0.1318359375
4095 0.1201171875
4096 0.1376953125
4097 0.09765625
4098 0.0576171875
4099 0.0419921875
4100 0.0625
4101 0.0126953125
4102 0.033203125
4103 0.0302734375
4104 0.0615234375
4105 0.00390625
4106 -0.0322265625
4107 -0.03515625
4108 -0.001953125
4109 -0.0673828125
4110 -0.068359375
4111 -0.0625
4112 -0.0234375
4113 -0.0791015625
4114 -0.0751953125
4115 -0.068359375
4116 -0.02734375
4117 -0.0986328125
4118 -0.0908203125
4119 -0.08203125
4120 -0.037109375
4121 -0.126953125
4122 -0.109375
4123 -0.0986328125
4124 -0.0478515625
4125 -0.1083984375
4126 -0.09765625
4127 -0.0888671875
4128 -0.0400390625
4129 -0.0869140625
4130 -0.078125
4131 -0.0703125
4132 -0.025390625
4133 -0.0908203125
4134 -0.080078125
4135 -0.0712890625
4136 -0.02734375
4137 -0.1416015625
4138 -0.1474609375
4139 -0.123046875
4140 -0.064453125
4141 -0.125
4142 -0.1123046875
4143 -0.095703125
4144 -0.0419921875
4145 -0.1083984375
4146 -0.0927734375
4147 -0.083984375
4148 -0.0322265625
4149 -0.080078125
4150 -0.0341796875
4151 -0.021484375
4152 0.0244140625
4153 -0.029296875
4154 -0.0830078125
4155 -0.0654296875
4156 -0.01953125
4157 -0.09375
4158 -0.046875
4159 -0.03125
4160 0.0166015625
4161 -0.0419921875
4162 -0.005859375
4163 0.0048828125
4164 0.0458984375
4165 -0.0126953125
4166 -0.0458984375
4167 -0.0419921875
4168 0.0009765625
4169 -0.0791015625
4170 -0.0322265625
4171 -0.0234375
4172 0.0244140625
4173 -0.08203125
4174 -0.107421875
4175 -0.091796875
4176 -0.0400390625
4177 -0.1728515625
4178 -0.1435546875
4179 -0.1162109375
4180 -0.05859375
4181 -0.1357421875
4182 -0.1123046875
4183 -0.0947265625
4184 -0.0390625
4185 -0.1123046875
4186 -0.0947265625
4187 -0.0791015625
4188 -0.02734375
4189 -0.1337890625
4190 -0.115234375
4191 -0.095703125
4192 -0.0380859375
4193 -0.1083984375
4194 -0.0908203125
4195 -0.0732421875
4196 -0.0224609375
4197 -0.1015625
4198 -0.08984375
4199 -0.072265625
4200 -0.01953125
4201 -0.1376953125
4202 -0.1162109375
4203 -0.09375
4204 -0.0361328125
4205 -0.1044921875
4206 -0.0498046875
4207 -0.029296875
4208 0.021484375
4209 0.0283203125
4210 0.05859375
4211 0.0625
4212 0.0966796875
4213 0.109375
4214 0.125
4215 0.1220703125
4216 0.1455078125
4217 0.1435546875
4218 0.154296875
4219 0.1474609375
4220 0.1640625
4221 0.1484375
4222 0.1533203125
4223 0.1435546875
4224 0.16015625
4225 0.154296875
4226 0.158203125
4227 0.1484375
4228 0.1630859375
4229 0.1259765625
4230 0.0830078125
4231 0.0693359375
4232 0.0888671875
4233 0.0380859375
4234 0.05859375
4235 0.0546875
4236 0.0849609375
4237 0.0283203125
4238 -0.009765625
4239 -0.013671875
4240 0.0224609375
4241 -0.0458984375
4242 -0.044921875
4243 -0.041015625
4244 -0.0009765625
4245 -0.0576171875
4246 -0.052734375
4247 -0.0458984375
4248 -0.005859375
4249 -0.0751953125
4250 -0.068359375
4251 -0.0615234375
4252 -0.015625
4253 -0.103515625
4254 -0.08984375
4255 -0.076171875
4256 -0.0283203125
4257 -0.087890625
4258 -0.078125
4259 -0.068359375
4260 -0.0205078125
4261 -0.0673828125
4262 -0.056640625
4263 -0.048828125
4264 -0.0078125
4265 -0.0712890625
4266 -0.060546875
4267 -0.05078125
4268 -0.009765625
4269 -0.1220703125
4270 -0.1279296875
4271 -0.1044921875
4272 -0.0478515625
4273 -0.103515625
4274 -0.091796875
4275 -0.0751953125
4276 -0.0234375
4277 -0.0908203125
4278 -0.0751953125
4279 -0.0673828125
4280 -0.0166015625
4281 -0.064453125
4282 -0.0185546875
4283 -0.0068359375
4284 0.0390625
4285 -0.013671875
4286 -0.068359375
4287 -0.0517578125
4288 -0.00390625
4289 -0.0732421875
4290 -0.0263671875
4291 -0.01171875
4292 0.0341796875
4293 -0.015625
4294 0.017578125
4295 0.0283203125
4296 0.064453125
4297 0.005859375
4298 -0.029296875
4299 -0.0234375
4300 0.0146484375
4301 -0.0615234375
4302 -0.017578125
4303 -0.0078125
4304 0.037109375
4305 -0.0576171875
4306 -0.0849609375
4307 -0.072265625
4308 -0.021484375
4309 -0.154296875
4310 -0.125
4311 -0.103515625
4312 -0.044921875
4313 -0.125
4314 -0.099609375
4315 -0.0830078125
4316 -0.0302734375
4317 -0.1015625
4318 -0.083984375
4319 -0.06640625
4320 -0.015625
4321 -0.12109375
4322 -0.1064453125
4323 -0.083984375
4324 -0.02734375
4325 -0.095703125
4326 -0.0791015625
4327 -0.0634765625
4328 -0.01171875
4329 -0.0927734375
4330 -0.0791015625
4331 -0.0634765625
4332 -0.009765625
4333 -0.12890625
4334 -0.1083984375
4335 -0.0849609375
4336 -0.0263671875
4337 -0.09765625
4338 -0.041015625
4339 -0.0205078125
4340 0.0302734375
4341 0.037109375
4342 0.0654296875
4343 0.0732421875
4344 0.1064453125
4345 0.1171875
4346 0.1328125
4347 0.1318359375
4348 0.1533203125
4349 0.1533203125
4350 0.162109375
4351 0.1533203125
4352 0.171875
4353 0.15625
4354 0.1650390625
4355 0.1513671875
4356 0.1689453125
4357 0.1611328125
4358 0.166015625
4359 0.15625
4360 0.1708984375
4361 0.134765625
4362 0.091796875
4363 0.078125
4364 0.0947265625
4365 0.046875
4366 0.06640625
4367 0.0634765625
4368 0.0927734375
4369 0.037109375
4370 -0.0029296875
4371 -0.0048828125
4372 0.029296875
4373 -0.0380859375
4374 -0.037109375
4375 -0.033203125
4376 0.0068359375
4377 -0.05078125
4378 -0.0458984375
4379 -0.041015625
4380 0.0009765625
4381 -0.072265625
4382 -0.0654296875
4383 -0.0556640625
4384 -0.01171875
4385 -0.0986328125
4386 -0.0849609375
4387 -0.0712890625
4388 -0.0224609375
4389 -0.0810546875
4390 -0.0732421875
4391 -0.0595703125
4392 -0.015625
4393 -0.0615234375
4394 -0.0498046875
4395 -0.0439453125
4396 -0.0009765625
4397 -0.06640625
4398 -0.0556640625
4399 -0.0458984375
4400 -0.0029296875
4401 -0.1162109375
4402 -0.12109375
4403 -0.0986328125
4404 -0.041015625
4405 -0.1005859375
4406 -0.0869140625
4407 -0.068359375
4408 -0.01953125
4409 -0.0849609375
4410 -0.0693359375
4411 -0.05859375
4412 -0.01171875
4413 -0.0556640625
4414 -0.013671875
4415 0.0009765625
4416 0.0458984375
4417 -0.005859375
4418 -0.060546875
4419 -0.0458984375
4420 0.001953125
4421 -0.0673828125
4422 -0.0205078125
4423 -0.0068359375
4424 0.041015625
4425 -0.01171875
4426 0.0234375
4427 0.0322265625
4428 0.0703125
4429 0.0107421875
4430 -0.0244140625
4431 -0.01953125
4432 0.017578125
4433 -0.0595703125
4434 -0.0146484375
4435 -0.0029296875
4436 0.041015625
4437 -0.0546875
4438 -0.0830078125
4439 -0.068359375
4440 -0.0185546875
4441 -0.15234375
4442 -0.125
4443 -0.0986328125
4444 -0.041015625
4445 -0.119140625
4446 -0.0947265625
4447 -0.078125
4448 -0.025390625
4449 -0.09765625
4450 -0.0791015625
4451 -0.0625
4452 -0.01171875
4453 -0.119140625
4454 -0.1025390625
4455 -0.080078125
4456 -0.0244140625
4457 -0.0927734375
4458 -0.076171875
4459 -0.0576171875
4460 -0.009765625
4461 -0.0869140625
4462 -0.07421875
4463 -0.0595703125
4464 -0.0078125
4465 -0.126953125
4466 -0.1064453125
4467 -0.08203125
4468 -0.0224609375
4469 -0.0927734375
4470 -0.037109375
4471 -0.0166015625
4472 0.03515625
4473 0.0380859375
4474 0.0693359375
4475 0.07421875
4476 0.1083984375
4477 0.1201171875
4478 0.134765625
4479 0.1328125
4480 0.154296875
4481 0.15625
4482 0.1650390625
4483 0.158203125
4484 0.17578125
4485 0.1611328125
4486 0.166015625
4487 0.1552734375
4488 0.171875
4489 0.1640625
4490 0.169921875
4491 0.158203125
4492 0.17578125
4493 0.1357421875
4494 0.09765625
4495 0.080078125
4496 0.099609375
4497 0.0478515625
4498 0.0693359375
4499 0.068359375
4500 0.0947265625
4501 0.041015625
4502 0.0
4503 0.0
4504 0.033203125
4505 -0.033203125
4506 -0.0341796875
4507 -0.029296875
4508 0.01171875
4509 -0.0478515625
4510 -0.041015625
4511 -0.0361328125
4512 0.0048828125
4513 -0.0673828125
4514 -0.05859375
4515 -0.05078125
4516 -0.005859375
4517 -0.0966796875
4518 -0.0810546875
4519 -0.06640625
4520 -0.01953125
4521 -0.080078125
4522 -0.0703125
4523 -0.0576171875
4524 -0.01171875
4525 -0.0595703125
4526 -0.0498046875
4527 -0.041015625
4528 -0.0009765625
4529 -0.064453125
4530 -0.0537109375
4531 -0.0439453125
4532 -0.0009765625
4533 -0.1142578125
4534 -0.119140625
4535 -0.09765625
4536 -0.0390625
4537 -0.0966796875
4538 -0.0830078125
4539 -0.0673828125
4540 -0.015625
4541 -0.0830078125
4542 -0.068359375
4543 -0.0576171875
4544 -0.0087890625
4545 -0.0537109375
4546 -0.0107421875
4547 0.001953125
4548 0.046875
4549 -0.0029296875
4550 -0.0595703125
4551 -0.0419921875
4552 0.00390625
4553 -0.064453125
4554 -0.0185546875
4555 -0.00390625
4556 0.04296875
4557 -0.009765625
4558 0.0234375
4559 0.0341796875
4560 0.0732421875
4561 0.01171875
4562 -0.0234375
4563 -0.0185546875
4564 0.0224609375
4565 -0.0576171875
4566 -0.013671875
4567 -0.0009765625
4568 0.0439453125
4569 -0.0517578125
4570 -0.0810546875
4571 -0.06640625
4572 -0.015625
4573 -0.150390625
4574 -0.1220703125
4575 -0.0966796875
4576 -0.041015625
4577 -0.1201171875
4578 -0.0947265625
4579 -0.078125
4580 -0.0244140625
4581 -0.095703125
4582 -0.0771484375
4583 -0.0615234375
4584 -0.0107421875
4585 -0.115234375
4586 -0.0966796875
4587 -0.076171875
4588 -0.0205078125
4589 -0.087890625
4590 -0.0732421875
4591 -0.0556640625
4592 -0.0068359375
4593 -0.0830078125
4594 -0.0732421875
4595 -0.056640625
4596 -0.0048828125
4597 -0.119140625
4598 -0.1005859375
4599 -0.078125
4600 -0.01953125
4601 -0.0908203125
4602 -0.033203125
4603 -0.0146484375
4604 0.0380859375
4605 0.0419921875
4606 0.0732421875
4607 0.0771484375
4608 0.1123046875
4609 0.123046875
4610 0.138671875
4611 0.13671875
4612 0.1591796875
4613 0.158203125
4614 0.1669921875
4615 0.16015625
4616 0.177734375
4617 0.1630859375
4618 0.1689453125
4619 0.1572265625
4620 0.1728515625
4621 0.166015625
4622 0.169921875
4623 0.16015625
4624 0.17578125
4625 0.13671875
4626 0.095703125
4627 0.08203125
4628 0.1005859375
4629 0.0498046875
4630 0.072265625
4631 0.0693359375
4632 0.09765625
4633 0.0419921875
4634 0.001953125
4635 0.0
4636 0.0322265625
4637 -0.0322265625
4638 -0.033203125
4639 -0.02734375
4640 0.0107421875
4641 -0.0439453125
4642 -0.0419921875
4643 -0.03515625
4644 0.005859375
4645 -0.0654296875
4646 -0.0595703125
4647 -0.05078125
4648 -0.0029296875
4649 -0.0947265625
4650 -0.078125
4651 -0.06640625
4652 -0.0166015625
4653 -0.076171875
4654 -0.0673828125
4655 -0.056640625
4656 -0.009765625
4657 -0.0576171875
4658 -0.046875
4659 -0.0380859375
4660 0.001953125
4661 -0.0625
4662 -0.05078125
4663 -0.041015625
4664 0.0
4665 -0.11328125
4666 -0.1181640625
4667 -0.0966796875
4668 -0.0390625
4669 -0.0986328125
4670 -0.083984375
4671 -0.068359375
4672 -0.0166015625
4673 -0.0830078125
4674 -0.0654296875
4675 -0.0576171875
4676 -0.0087890625
4677 -0.0537109375
4678 -0.0107421875
4679 0.0029296875
4680 0.0478515625
4681 -0.001953125
4682 -0.0576171875
4683 -0.0400390625
4684 0.0048828125
4685 -0.0615234375
4686 -0.017578125
4687 -0.001953125
4688 0.0439453125
4689 -0.0078125
4690 0.0263671875
4691 0.0361328125
4692 0.0751953125
4693 0.0166015625
4694 -0.0205078125
4695 -0.015625
4696 0.025390625
4697 -0.0546875
4698 -0.009765625
4699 0.0
4700 0.046875
4701 -0.0478515625
4702 -0.0771484375
4703 -0.0615234375
4704 -0.0146484375
4705 -0.1484375
4706 -0.12109375
4707 -0.0947265625
4708 -0.0380859375
4709 -0.1171875
4710 -0.0927734375
4711 -0.07421875
4712 -0.0224609375
4713 -0.095703125
4714 -0.076171875
4715 -0.0625
4716 -0.0087890625
4717 -0.1162109375
4718 -0.0966796875
4719 -0.0771484375
4720 -0.0205078125
4721 -0.0888671875
4722 -0.0712890625
4723 -0.0576171875
4724 -0.005859375
4725 -0.083984375
4726 -0.0732421875
4727 -0.056640625
4728 -0.00390625
4729 -0.123046875
4730 -0.103515625
4731 -0.078125
4732 -0.01953125
4733 -0.0888671875
4734 -0.0361328125
4735 -0.0166015625
4736 0.0380859375
4737 0.0419921875
4738 0.072265625
4739 0.076171875
4740 0.11328125
4741 0.123046875
4742 0.138671875
4743 0.1357421875
4744 0.16015625
4745 0.16015625
4746 0.16796875
4747 0.1611328125
4748 0.177734375
4749 0.1640625
4750 0.1689453125
4751 0.1572265625
4752 0.173828125
4753 0.1689453125
4754 0.1708984375
4755 0.1611328125
4756 0.177734375
4757 0.1376953125
4758 0.09765625
4759 0.08203125
4760 0.1005859375
4761 0.0498046875
4762 0.0693359375
4763 0.06640625
4764 0.0966796875
4765 0.0390625
4766 0.001953125
4767 -0.001953125
4768 0.03125
4769 -0.033203125
4770 -0.0341796875
4771 -0.0283203125
4772 0.01171875
4773 -0.044921875
4774 -0.041015625
4775 -0.0341796875
4776 0.005859375
4777 -0.064453125
4778 -0.056640625
4779 -0.0498046875
4780 -0.00390625
4781 -0.0927734375
4782 -0.080078125
4783 -0.0654296875
4784 -0.017578125
4785 -0.076171875
4786 -0.068359375
4787 -0.0576171875
4788 -0.0107421875
4789 -0.0556640625
4790 -0.0458984375
4791 -0.0390625
4792 0.0048828125
4793 -0.0625
4794 -0.0517578125
4795 -0.0419921875
4796 0.0009765625
4797 -0.1123046875
4798 -0.1171875
4799 -0.09375
4800 -0.0380859375
4801 -0.09375
4802 -0.0810546875
4803 -0.0625
4804 -0.0146484375
4805 -0.08203125
4806 -0.0654296875
4807 -0.056640625
4808 -0.0068359375
4809 -0.0537109375
4810 -0.0087890625
4811 0.0029296875
4812 0.048828125
4813 -0.00390625
4814 -0.0576171875
4815 -0.04296875
4816 0.005859375
4817 -0.0625
4818 -0.0166015625
4819 -0.0029296875
4820 0.04296875
4821 -0.0078125
4822 0.0244140625
4823 0.0341796875
4824 0.0732421875
4825 0.013671875
4826 -0.0224609375
4827 -0.0185546875
4828 0.0244140625
4829 -0.056640625
4830 -0.0126953125
4831 -0.0009765625
4832 0.046875
4833 -0.052734375
4834 -0.0791015625
4835 -0.06640625
4836 -0.0126953125
4837 -0.1494140625
4838 -0.12109375
4839 -0.0947265625
4840 -0.0380859375
4841 -0.1181640625
4842 -0.09375
4843 -0.076171875
4844 -0.0234375
4845 -0.09375
4846 -0.0771484375
4847 -0.060546875
4848 -0.0107421875
4849 -0.1142578125
4850 -0.0966796875
4851 -0.076171875
4852 -0.01953125
4853 -0.0888671875
4854 -0.0732421875
4855 -0.0556640625
4856 -0.0048828125
4857 -0.0849609375
4858 -0.0703125
4859 -0.056640625
4860 -0.0048828125
4861 -0.125
4862 -0.1025390625
4863 -0.0810546875
4864 -0.0205078125
4865 -0.08984375
4866 -0.0341796875
4867 -0.015625
4868 0.0361328125
4869 0.04296875
4870 0.072265625
4871 0.0771484375
4872 0.1123046875
4873 0.123046875
4874 0.1396484375
4875 0.1357421875
4876 0.158203125
4877 0.16015625
4878 0.1689453125
4879 0.1611328125
4880 0.1787109375
4881 0.1640625
4882 0.169921875
4883 0.158203125
4884 0.1748046875
4885 0.16796875
4886 0.1728515625
4887 0.162109375
4888 0.1787109375
4889 0.138671875
4890 0.0986328125
4891 0.0830078125
4892 0.1025390625
4893 0.05078125
4894 0.072265625
4895 0.0712890625
4896 0.0986328125
4897 0.0419921875
4898 0.0048828125
4899 0.0009765625
4900 0.03515625
4901 -0.0322265625
4902 -0.0302734375
4903 -0.0283203125
4904 0.0126953125
4905 -0.0458984375
4906 -0.0400390625
4907 -0.03515625
4908 0.005859375
4909 -0.06640625
4910 -0.0576171875
4911 -0.0498046875
4912 -0.005859375
4913 -0.0927734375
4914 -0.080078125
4915 -0.064453125
4916 -0.0185546875
4917 -0.07421875
4918 -0.0673828125
4919 -0.0556640625
4920 -0.0087890625
4921 -0.056640625
4922 -0.044921875
4923 -0.0400390625
4924 0.00390625
4925 -0.0615234375
4926 -0.048828125
4927 -0.041015625
4928 0.001953125
4929 -0.111328125
4930 -0.115234375
4931 -0.095703125
4932 -0.0380859375
4933 -0.09375
4934 -0.08203125
4935 -0.0634765625
4936 -0.0146484375
4937 -0.0810546875
4938 -0.0654296875
4939 -0.0537109375
4940 -0.0087890625
4941 -0.0537109375
4942 -0.0087890625
4943 0.005859375
4944 0.0498046875
4945 -0.001953125
4946 -0.056640625
4947 -0.041015625
4948 0.005859375
4949 -0.0625
4950 -0.015625
4951 -0.0009765625
4952 0.0458984375
4953 -0.009765625
4954 0.0244140625
4955 0.0361328125
4956 0.0751953125
4957 0.0126953125
4958 -0.0244140625
4959 -0.017578125
4960 0.021484375
4961 -0.05859375
4962 -0.013671875
4963 -0.0009765625
4964 0.044921875
4965 -0.05078125
4966 -0.0810546875
4967 -0.0654296875
4968 -0.015625
4969 -0.1513671875
4970 -0.12109375
4971 -0.095703125
4972 -0.037109375
4973 -0.1181640625
4974 -0.09375
4975 -0.0751953125
4976 -0.021484375
4977 -0.095703125
4978 -0.0771484375
4979 -0.0595703125
4980 -0.0078125
4981 -0.1142578125
4982 -0.09765625
4983 -0.076171875
4984 -0.021484375
4985 -0.0888671875
4986 -0.0712890625
4987 -0.0546875
4988 -0.00390625
4989 -0.0830078125
4990 -0.0703125
4991 -0.0556640625
4992 -0.0029296875
4993 -0.1259765625
4994 -0.1025390625
4995 -0.078125
4996 -0.021484375
4997 -0.0908203125
4998 -0.0341796875
4999 -0.015625
