x y
0 0.02734375
1 -0.0927734375
2 -0.068359375
3 -0.0185546875
4 -0.0234375
5 -0.4140625
6 -0.0771484375
7 -0.0068359375
8 -0.0341796875
9 -0.1513671875
10 -0.0634765625
11 0.0068359375
12 -0.0224609375
13 -0.1328125
14 -0.0087890625
15 0.0654296875
16 0.03125
17 -0.080078125
18 -0.0615234375
19 0.013671875
20 -0.0146484375
21 -0.14453125
22 -0.0166015625
23 0.0595703125
24 0.025390625
25 -0.1064453125
26 -0.0615234375
27 0.009765625
28 -0.0205078125
29 -0.13671875
30 -0.0478515625
31 0.021484375
32 -0.0107421875
33 -0.1162109375
34 -0.0302734375
35 0.0380859375
36 0.0
37 -0.12109375
38 0.0029296875
39 0.0732421875
40 0.037109375
41 -0.0546875
42 0.0615234375
43 0.1279296875
44 0.0771484375
45 0.01171875
46 0.119140625
47 0.17578125
48 0.1171875
49 0.017578125
50 0.0673828125
51 0.1181640625
52 0.0595703125
53 -0.0712890625
54 0.0400390625
55 0.103515625
56 0.0595703125
57 -0.0791015625
58 -0.0400390625
59 0.0263671875
60 -0.009765625
61 -0.125
62 -0.0400390625
63 0.0283203125
64 -0.0078125
65 -0.125
66 -0.0380859375
67 0.02734375
68 -0.0068359375
69 -0.1533203125
70 -0.0234375
71 0.048828125
72 0.0185546875
73 -0.037109375
74 0.0732421875
75 0.13671875
76 0.0849609375
77 -0.009765625
78 0.037109375
79 0.09375
80 0.0390625
81 -0.0908203125
82 0.0263671875
83 0.0908203125
84 0.046875
85 -0.0927734375
86 -0.048828125
87 0.017578125
88 -0.015625
89 -0.130859375
90 -0.044921875
91 0.0244140625
92 -0.01171875
93 -0.12890625
94 -0.0400390625
95 0.0244140625
96 -0.0107421875
97 -0.154296875
98 -0.02734375
99 0.046875
100 0.015625
101 -0.0390625
102 0.0732421875
103 0.1337890625
104 0.083984375
105 -0.0107421875
106 0.0380859375
107 0.0908203125
108 0.0400390625
109 -0.091796875
110 0.0234375
111 0.0888671875
112 0.046875
113 -0.091796875
114 -0.0498046875
115 0.0166015625
116 -0.0166015625
117 -0.130859375
118 -0.0439453125
119 0.021484375
120 -0.0126953125
121 -0.1279296875
122 -0.0439453125
123 0.0234375
124 -0.0107421875
125 -0.15625
126 -0.02734375
127 0.0478515625
128 0.0166015625
129 -0.0390625
130 0.0712890625
131 0.1337890625
132 0.0849609375
133 -0.0107421875
134 0.0390625
135 0.0927734375
136 0.0400390625
137 -0.0947265625
138 0.0244140625
139 0.0908203125
140 0.046875
141 -0.0947265625
142 -0.0537109375
143 0.017578125
144 -0.017578125
145 -0.134765625
146 -0.0458984375
147 0.0234375
148 -0.0146484375
149 -0.130859375
150 -0.04296875
151 0.0283203125
152 -0.0146484375
153 -0.1552734375
154 -0.025390625
155 0.05078125
156 0.015625
157 -0.0419921875
158 0.072265625
159 0.13671875
160 0.0830078125
161 -0.0126953125
162 0.0400390625
163 0.0947265625
164 0.0400390625
165 -0.0947265625
166 0.025390625
167 0.091796875
168 0.0458984375
169 -0.0927734375
170 -0.05078125
171 0.0205078125
172 -0.017578125
173 -0.1357421875
174 -0.0458984375
175 0.0234375
176 -0.013671875
177 -0.1318359375
178 -0.04296875
179 0.02734375
180 -0.013671875
181 -0.1591796875
182 -0.025390625
183 0.05078125
184 0.0166015625
185 -0.0439453125
186 0.072265625
187 0.138671875
188 0.0830078125
189 -0.0126953125
190 0.0390625
191 0.0947265625
192 0.0380859375
193 -0.0966796875
194 0.0234375
195 0.0908203125
196 0.0458984375
197 -0.0947265625
198 -0.0537109375
199 0.015625
200 -0.017578125
201 -0.13671875
202 -0.0458984375
203 0.0234375
204 -0.013671875
205 -0.1318359375
206 -0.04296875
207 0.0263671875
208 -0.0126953125
209 -0.158203125
210 -0.0263671875
211 0.0498046875
212 0.0166015625
213 -0.04296875
214 0.0712890625
215 0.1376953125
216 0.08203125
217 -0.0126953125
218 0.0380859375
219 0.09375
220 0.0380859375
221 -0.0947265625
222 0.0234375
223 0.0908203125
224 0.0458984375
225 -0.095703125
226 -0.0537109375
227 0.017578125
228 -0.017578125
229 -0.134765625
230 -0.0458984375
231 0.021484375
232 -0.01171875
233 -0.1318359375
234 -0.04296875
235 0.025390625
236 -0.013671875
237 -0.1611328125
238 -0.029296875
239 0.046875
240 0.013671875
241 -0.0439453125
242 0.0712890625
243 0.138671875
244 0.08203125
245 -0.013671875
246 0.037109375
247 0.0927734375
248 0.037109375
249 -0.0966796875
250 0.021484375
251 0.087890625
252 0.044921875
253 -0.0947265625
254 -0.05078125
255 0.0146484375
256 -0.017578125
257 -0.1337890625
258 -0.0478515625
259 0.021484375
260 -0.013671875
261 -0.1279296875
262 -0.04296875
263 0.0234375
264 -0.0126953125
265 -0.154296875
266 -0.0263671875
267 0.048828125
268 0.0166015625
269 -0.0400390625
270 0.072265625
271 0.1357421875
272 0.08203125
273 -0.01171875
274 0.0390625
275 0.0927734375
276 0.0380859375
277 -0.091796875
278 0.0244140625
279 0.0888671875
280 0.0458984375
281 -0.08984375
282 -0.05078125
283 0.0185546875
284 -0.015625
285 -0.130859375
286 -0.046875
287 0.0224609375
288 -0.0126953125
289 -0.12890625
290 -0.0439453125
291 0.021484375
292 -0.01171875
293 -0.1572265625
294 -0.02734375
295 0.0439453125
296 0.0166015625
297 -0.041015625
298 0.0712890625
299 0.1337890625
300 0.0830078125
301 -0.01171875
302 0.0380859375
303 0.08984375
304 0.0380859375
305 -0.0927734375
306 0.021484375
307 0.0888671875
308 0.0458984375
309 -0.0927734375
310 -0.0517578125
311 0.0146484375
312 -0.0166015625
313 -0.130859375
314 -0.046875
315 0.021484375
316 -0.013671875
317 -0.1298828125
318 -0.0419921875
319 0.0234375
320 -0.0107421875
321 -0.1552734375
322 -0.0263671875
323 0.0498046875
324 0.0146484375
325 -0.0419921875
326 0.0712890625
327 0.1357421875
328 0.0830078125
329 -0.01171875
330 0.037109375
331 0.0927734375
332 0.0390625
333 -0.0947265625
334 0.0224609375
335 0.0908203125
336 0.0458984375
337 -0.0927734375
338 -0.05078125
339 0.0166015625
340 -0.017578125
341 -0.1328125
342 -0.046875
343 0.01953125
344 -0.0126953125
345 -0.1279296875
346 -0.0419921875
347 0.021484375
348 -0.01171875
349 -0.1552734375
350 -0.0283203125
351 0.0458984375
352 0.0146484375
353 -0.0400390625
354 0.0703125
355 0.1328125
356 0.08203125
357 -0.0087890625
358 0.03515625
359 0.0869140625
360 0.0390625
361 -0.0908203125
362 0.021484375
363 0.08203125
364 0.046875
365 -0.091796875
366 -0.0537109375
367 0.0078125
368 -0.015625
369 -0.130859375
370 -0.0478515625
371 0.0166015625
372 -0.0126953125
373 -0.125
374 -0.0439453125
375 0.0205078125
376 -0.01171875
377 -0.150390625
378 -0.02734375
379 0.0458984375
380 0.0166015625
381 -0.037109375
382 0.0703125
383 0.130859375
384 0.083984375
385 -0.01171875
386 0.0361328125
387 0.0869140625
388 0.0380859375
389 -0.0908203125
390 0.0224609375
391 0.0849609375
392 0.0458984375
393 -0.0908203125
394 -0.05078125
395 0.01171875
396 -0.017578125
397 -0.130859375
398 -0.048828125
399 0.0185546875
400 -0.013671875
401 -0.1259765625
402 -0.044921875
403 0.0205078125
404 -0.009765625
405 -0.154296875
406 -0.0283203125
407 0.0439453125
408 0.0166015625
409 -0.0400390625
410 0.0703125
411 0.130859375
412 0.083984375
413 -0.009765625
414 0.0361328125
415 0.087890625
416 0.0390625
417 -0.091796875
418 0.021484375
419 0.0859375
420 0.044921875
421 -0.08984375
422 -0.052734375
423 0.0126953125
424 -0.0166015625
425 -0.1298828125
426 -0.048828125
427 0.015625
428 -0.0126953125
429 -0.1279296875
430 -0.0458984375
431 0.017578125
432 -0.0126953125
433 -0.154296875
434 -0.0283203125
435 0.04296875
436 0.0166015625
437 -0.0400390625
438 0.0693359375
439 0.1318359375
440 0.0830078125
441 -0.009765625
442 0.0361328125
443 0.0888671875
444 0.037109375
445 -0.091796875
446 0.021484375
447 0.0859375
448 0.0458984375
449 -0.0927734375
450 -0.05078125
451 0.013671875
452 -0.017578125
453 -0.1337890625
454 -0.048828125
455 0.01953125
456 -0.013671875
457 -0.1298828125
458 -0.0439453125
459 0.0234375
460 -0.0107421875
461 -0.1552734375
462 -0.0302734375
463 0.044921875
464 0.013671875
465 -0.0419921875
466 0.0703125
467 0.1337890625
468 0.0830078125
469 -0.0126953125
470 0.0361328125
471 0.08984375
472 0.037109375
473 -0.095703125
474 0.0205078125
475 0.087890625
476 0.0458984375
477 -0.0947265625
478 -0.052734375
479 0.013671875
480 -0.0185546875
481 -0.1357421875
482 -0.048828125
483 0.01953125
484 -0.013671875
485 -0.1298828125
486 -0.04296875
487 0.0224609375
488 -0.013671875
489 -0.15625
490 -0.02734375
491 0.048828125
492 0.015625
493 -0.041015625
494 0.0712890625
495 0.1357421875
496 0.083984375
497 -0.0107421875
498 0.0380859375
499 0.0908203125
500 0.0380859375
501 -0.091796875
502 0.0234375
503 0.0888671875
504 0.046875
505 -0.0908203125
506 -0.0498046875
507 0.015625
508 -0.0166015625
509 -0.130859375
510 -0.0458984375
511 0.021484375
512 -0.0126953125
513 -0.126953125
514 -0.0439453125
515 0.0244140625
516 -0.01171875
517 -0.1533203125
518 -0.02734375
519 0.0478515625
520 0.017578125
521 -0.041015625
522 0.0712890625
523 0.1337890625
524 0.0830078125
525 -0.01171875
526 0.0361328125
527 0.0908203125
528 0.037109375
529 -0.09375
530 0.0224609375
531 0.08984375
532 0.044921875
533 -0.0927734375
534 -0.052734375
535 0.0166015625
536 -0.01953125
537 -0.1328125
538 -0.0478515625
539 0.0205078125
540 -0.0146484375
541 -0.1279296875
542 -0.0419921875
543 0.021484375
544 -0.0126953125
545 -0.1552734375
546 -0.02734375
547 0.0458984375
548 0.0166015625
549 -0.0400390625
550 0.0693359375
551 0.1328125
552 0.0830078125
553 -0.01171875
554 0.0380859375
555 0.08984375
556 0.0390625
557 -0.091796875
558 0.0224609375
559 0.087890625
560 0.046875
561 -0.09375
562 -0.0517578125
563 0.017578125
564 -0.0166015625
565 -0.1318359375
566 -0.0478515625
567 0.0205078125
568 -0.013671875
569 -0.12890625
570 -0.0439453125
571 0.0224609375
572 -0.01171875
573 -0.1572265625
574 -0.0283203125
575 0.044921875
576 0.013671875
577 -0.041015625
578 0.068359375
579 0.1318359375
580 0.08203125
581 -0.01171875
582 0.0361328125
583 0.087890625
584 0.037109375
585 -0.09375
586 0.021484375
587 0.0869140625
588 0.0458984375
589 -0.091796875
590 -0.0537109375
591 0.0126953125
592 -0.01953125
593 -0.1337890625
594 -0.046875
595 0.0185546875
596 -0.013671875
597 -0.1298828125
598 -0.04296875
599 0.0224609375
600 -0.01171875
601 -0.154296875
602 -0.02734375
603 0.048828125
604 0.0166015625
605 -0.0419921875
606 0.0703125
607 0.13671875
608 0.083984375
609 -0.0126953125
610 0.0380859375
611 0.0966796875
612 0.037109375
613 -0.095703125
614 0.0234375
615 0.0927734375
616 0.044921875
617 -0.0927734375
618 -0.05078125
619 0.0205078125
620 -0.0185546875
621 -0.13671875
622 -0.046875
623 0.0234375
624 -0.015625
625 -0.130859375
626 -0.044921875
627 0.0263671875
628 -0.0146484375
629 -0.16015625
630 -0.0283203125
631 0.0498046875
632 0.013671875
633 -0.044921875
634 0.0712890625
635 0.13671875
636 0.08203125
637 -0.0146484375
638 0.0380859375
639 0.0947265625
640 0.0380859375
641 -0.09765625
642 0.0234375
643 0.0908203125
644 0.044921875
645 -0.095703125
646 -0.0517578125
647 0.0185546875
648 -0.0185546875
649 -0.13671875
650 -0.0478515625
651 0.0244140625
652 -0.0146484375
653 -0.1318359375
654 -0.04296875
655 0.025390625
656 -0.0146484375
657 -0.1591796875
658 -0.02734375
659 0.05078125
660 0.013671875
661 -0.044921875
662 0.0712890625
663 0.13671875
664 0.08203125
665 -0.013671875
666 0.0390625
667 0.0927734375
668 0.037109375
669 -0.09765625
670 0.0224609375
671 0.08984375
672 0.044921875
673 -0.0966796875
674 -0.0517578125
675 0.0185546875
676 -0.01953125
677 -0.1357421875
678 -0.046875
679 0.0244140625
680 -0.0166015625
681 -0.130859375
682 -0.0439453125
683 0.025390625
684 -0.01171875
685 -0.1630859375
686 -0.0283203125
687 0.0498046875
688 0.0146484375
689 -0.046875
690 0.072265625
691 0.1396484375
692 0.0830078125
693 -0.013671875
694 0.037109375
695 0.0947265625
696 0.03515625
697 -0.0966796875
698 0.021484375
699 0.08984375
700 0.0439453125
701 -0.0947265625
702 -0.05078125
703 0.0205078125
704 -0.0185546875
705 -0.13671875
706 -0.046875
707 0.0244140625
708 -0.013671875
709 -0.130859375
710 -0.0419921875
711 0.0263671875
712 -0.0107421875
713 -0.1572265625
714 -0.0244140625
715 0.05078125
716 0.015625
717 -0.0439453125
718 0.0712890625
719 0.138671875
720 0.0830078125
721 -0.0126953125
722 0.037109375
723 0.09375
724 0.037109375
725 -0.095703125
726 0.0244140625
727 0.0908203125
728 0.0458984375
729 -0.091796875
730 -0.0478515625
731 0.01953125
732 -0.0166015625
733 -0.1337890625
734 -0.044921875
735 0.0224609375
736 -0.0126953125
737 -0.12890625
738 -0.0419921875
739 0.0244140625
740 -0.01171875
741 -0.1572265625
742 -0.0283203125
743 0.046875
744 0.0146484375
745 -0.0419921875
746 0.0712890625
747 0.13671875
748 0.08203125
749 -0.013671875
750 0.037109375
751 0.091796875
752 0.0380859375
753 -0.095703125
754 0.0224609375
755 0.0888671875
756 0.044921875
757 -0.091796875
758 -0.0498046875
759 0.0166015625
760 -0.015625
761 -0.130859375
762 -0.0458984375
763 0.021484375
764 -0.0126953125
765 -0.12890625
766 -0.04296875
767 0.0244140625
768 -0.01171875
769 -0.1572265625
770 -0.029296875
771 0.046875
772 0.0146484375
773 -0.0419921875
774 0.0693359375
775 0.134765625
776 0.0830078125
777 -0.013671875
778 0.0380859375
779 0.091796875
780 0.037109375
781 -0.0947265625
782 0.0224609375
783 0.0888671875
784 0.044921875
785 -0.0927734375
786 -0.05078125
787 0.0185546875
788 -0.0166015625
789 -0.1318359375
790 -0.0458984375
791 0.0205078125
792 -0.013671875
793 -0.1279296875
794 -0.04296875
795 0.0234375
796 -0.0107421875
797 -0.1572265625
798 -0.02734375
799 0.0439453125
800 0.0166015625
801 -0.041015625
802 0.0712890625
803 0.1328125
804 0.0830078125
805 -0.0107421875
806 0.0380859375
807 0.0908203125
808 0.037109375
809 -0.09375
810 0.021484375
811 0.087890625
812 0.044921875
813 -0.091796875
814 -0.052734375
815 0.0166015625
816 -0.0185546875
817 -0.1337890625
818 -0.0478515625
819 0.0224609375
820 -0.0146484375
821 -0.1298828125
822 -0.0439453125
823 0.0224609375
824 -0.0107421875
825 -0.1572265625
826 -0.0263671875
827 0.0498046875
828 0.015625
829 -0.041015625
830 0.072265625
831 0.1357421875
832 0.0830078125
833 -0.0126953125
834 0.0361328125
835 0.0927734375
836 0.0380859375
837 -0.091796875
838 0.0224609375
839 0.08984375
840 0.046875
841 -0.0908203125
842 -0.0517578125
843 0.017578125
844 -0.017578125
845 -0.1328125
846 -0.044921875
847 0.021484375
848 -0.0126953125
849 -0.12890625
850 -0.04296875
851 0.0234375
852 -0.01171875
853 -0.1552734375
854 -0.0283203125
855 0.046875
856 0.0146484375
857 -0.0380859375
858 0.0703125
859 0.1328125
860 0.083984375
861 -0.01171875
862 0.037109375
863 0.0888671875
864 0.0400390625
865 -0.0947265625
866 0.01953125
867 0.083984375
868 0.044921875
869 -0.0927734375
870 -0.052734375
871 0.013671875
872 -0.0146484375
873 -0.1337890625
874 -0.0458984375
875 0.0205078125
876 -0.01171875
877 -0.12890625
878 -0.044921875
879 0.021484375
880 -0.0126953125
881 -0.1552734375
882 -0.0283203125
883 0.046875
884 0.015625
885 -0.041015625
886 0.0712890625
887 0.1318359375
888 0.0810546875
889 -0.0107421875
890 0.037109375
891 0.0888671875
892 0.0380859375
893 -0.091796875
894 0.021484375
895 0.0859375
896 0.046875
897 -0.091796875
898 -0.0517578125
899 0.0166015625
900 -0.0166015625
901 -0.1298828125
902 -0.0458984375
903 0.0205078125
904 -0.0126953125
905 -0.126953125
906 -0.04296875
907 0.0205078125
908 -0.01171875
909 -0.1552734375
910 -0.029296875
911 0.04296875
912 0.0166015625
913 -0.0400390625
914 0.0712890625
915 0.130859375
916 0.083984375
917 -0.0126953125
918 0.0361328125
919 0.087890625
920 0.0390625
921 -0.0927734375
922 0.0185546875
923 0.083984375
924 0.0458984375
925 -0.091796875
926 -0.0546875
927 0.0126953125
928 -0.0185546875
929 -0.1298828125
930 -0.0478515625
931 0.021484375
932 -0.013671875
933 -0.126953125
934 -0.04296875
935 0.0205078125
936 -0.0107421875
937 -0.154296875
938 -0.02734375
939 0.046875
940 0.0166015625
941 -0.0400390625
942 0.0712890625
943 0.1357421875
944 0.083984375
945 -0.009765625
946 0.0390625
947 0.09375
948 0.0380859375
949 -0.08984375
950 0.0234375
951 0.0888671875
952 0.0458984375
953 -0.0908203125
954 -0.05078125
955 0.015625
956 -0.0166015625
957 -0.1318359375
958 -0.046875
959 0.01953125
960 -0.0126953125
961 -0.1279296875
962 -0.04296875
963 0.0185546875
964 -0.0107421875
965 -0.1533203125
966 -0.029296875
967 0.0419921875
968 0.0166015625
969 -0.037109375
970 0.0703125
971 0.1298828125
972 0.083984375
973 -0.009765625
974 0.0361328125
975 0.0859375
976 0.0380859375
977 -0.0908203125
978 0.0224609375
979 0.0849609375
980 0.046875
981 -0.091796875
982 -0.0537109375
983 0.01171875
984 -0.017578125
985 -0.130859375
986 -0.0458984375
987 0.0166015625
988 -0.013671875
989 -0.1259765625
990 -0.0439453125
991 0.0205078125
992 -0.01171875
993 -0.1533203125
994 -0.029296875
995 0.044921875
996 0.0166015625
997 -0.0361328125
998 0.0712890625
999 0.12890625
1000 0.083984375
1001 -0.009765625
1002 0.03515625
1003 0.0859375
1004 0.0380859375
1005 -0.08984375
1006 0.021484375
1007 0.083984375
1008 0.0478515625
1009 -0.091796875
1010 -0.0537109375
1011 0.01171875
1012 -0.0166015625
1013 -0.1328125
1014 -0.0478515625
1015 0.017578125
1016 -0.013671875
1017 -0.1279296875
1018 -0.0439453125
1019 0.021484375
1020 -0.0126953125
1021 -0.154296875
1022 -0.0302734375
1023 0.0458984375
1024 0.0146484375
1025 -0.0400390625
1026 0.0693359375
1027 0.1337890625
1028 0.083984375
1029 -0.0107421875
1030 0.037109375
1031 0.0888671875
1032 0.0390625
1033 -0.0908203125
1034 0.0224609375
1035 0.0859375
1036 0.044921875
1037 -0.0947265625
1038 -0.0546875
1039 0.0126953125
1040 -0.017578125
1041 -0.1298828125
1042 -0.0498046875
1043 0.01953125
1044 -0.013671875
1045 -0.1259765625
1046 -0.0439453125
1047 0.021484375
1048 -0.01171875
1049 -0.1552734375
1050 -0.0263671875
1051 0.046875
1052 0.017578125
1053 -0.0390625
1054 0.072265625
1055 0.1337890625
1056 0.083984375
1057 -0.0107421875
1058 0.037109375
1059 0.08984375
1060 0.0380859375
1061 -0.091796875
1062 0.021484375
1063 0.0869140625
1064 0.0458984375
1065 -0.091796875
1066 -0.0537109375
1067 0.0146484375
1068 -0.017578125
1069 -0.1318359375
1070 -0.046875
1071 0.01953125
1072 -0.013671875
1073 -0.1298828125
1074 -0.0439453125
1075 0.0224609375
1076 -0.0107421875
1077 -0.1572265625
1078 -0.0283203125
1079 0.046875
1080 0.0166015625
1081 -0.0390625
1082 0.0703125
1083 0.13671875
1084 0.0830078125
1085 -0.0107421875
1086 0.037109375
1087 0.0927734375
1088 0.0380859375
1089 -0.0947265625
1090 0.0224609375
1091 0.08984375
1092 0.044921875
1093 -0.0947265625
1094 -0.052734375
1095 0.0166015625
1096 -0.017578125
1097 -0.1337890625
1098 -0.046875
1099 0.021484375
1100 -0.0126953125
1101 -0.12890625
1102 -0.0458984375
1103 0.0224609375
1104 -0.01171875
1105 -0.158203125
1106 -0.0302734375
1107 0.046875
1108 0.0146484375
1109 -0.0400390625
1110 0.0703125
1111 0.1337890625
1112 0.0830078125
1113 -0.0126953125
1114 0.037109375
1115 0.08984375
1116 0.037109375
1117 -0.091796875
1118 0.0224609375
1119 0.0869140625
1120 0.046875
1121 -0.0927734375
1122 -0.0537109375
1123 0.01171875
1124 -0.0185546875
1125 -0.1318359375
1126 -0.046875
1127 0.0185546875
1128 -0.013671875
1129 -0.12890625
1130 -0.044921875
1131 0.0205078125
1132 -0.013671875
1133 -0.1572265625
1134 -0.03125
1135 0.0439453125
1136 0.0146484375
1137 -0.0400390625
1138 0.0703125
1139 0.1318359375
1140 0.08203125
1141 -0.01171875
1142 0.0380859375
1143 0.0908203125
1144 0.0380859375
1145 -0.095703125
1146 0.0224609375
1147 0.0888671875
1148 0.046875
1149 -0.0947265625
1150 -0.0537109375
1151 0.0146484375
1152 -0.01953125
1153 -0.134765625
1154 -0.0498046875
1155 0.021484375
1156 -0.0146484375
1157 -0.1279296875
1158 -0.0439453125
1159 0.0234375
1160 -0.01171875
1161 -0.1572265625
1162 -0.0283203125
1163 0.0478515625
1164 0.0166015625
1165 -0.041015625
1166 0.0712890625
1167 0.1337890625
1168 0.0830078125
1169 -0.009765625
1170 0.037109375
1171 0.091796875
1172 0.0380859375
1173 -0.0908203125
1174 0.0234375
1175 0.0859375
1176 0.046875
1177 -0.08984375
1178 -0.0517578125
1179 0.0146484375
1180 -0.015625
1181 -0.130859375
1182 -0.046875
1183 0.01953125
1184 -0.01171875
1185 -0.126953125
1186 -0.04296875
1187 0.021484375
1188 -0.0107421875
1189 -0.1552734375
1190 -0.0283203125
1191 0.044921875
1192 0.015625
1193 -0.0390625
1194 0.0712890625
1195 0.1318359375
1196 0.083984375
1197 -0.0107421875
1198 0.0361328125
1199 0.087890625
1200 0.0380859375
1201 -0.09375
1202 0.0205078125
1203 0.0869140625
1204 0.0458984375
1205 -0.091796875
1206 -0.052734375
1207 0.0166015625
1208 -0.017578125
1209 -0.1337890625
1210 -0.0478515625
1211 0.021484375
1212 -0.0146484375
1213 -0.12890625
1214 -0.0439453125
1215 0.021484375
1216 -0.0126953125
1217 -0.1572265625
1218 -0.0283203125
1219 0.046875
1220 0.0146484375
1221 -0.041015625
1222 0.0703125
1223 0.134765625
1224 0.0830078125
1225 -0.0107421875
1226 0.037109375
1227 0.091796875
1228 0.0380859375
1229 -0.091796875
1230 0.0224609375
1231 0.08984375
1232 0.0458984375
1233 -0.0927734375
1234 -0.05078125
1235 0.015625
1236 -0.0166015625
1237 -0.1318359375
1238 -0.046875
1239 0.0205078125
1240 -0.01171875
1241 -0.1279296875
1242 -0.0439453125
1243 0.021484375
1244 -0.01171875
1245 -0.1572265625
1246 -0.0302734375
1247 0.04296875
1248 0.0146484375
1249 -0.041015625
1250 0.068359375
1251 0.1318359375
1252 0.08203125
1253 -0.01171875
1254 0.03515625
1255 0.0869140625
1256 0.0400390625
1257 -0.0947265625
1258 0.0224609375
1259 0.0830078125
1260 0.044921875
1261 -0.0947265625
1262 -0.0537109375
1263 0.01171875
1264 -0.017578125
1265 -0.1318359375
1266 -0.0478515625
1267 0.0205078125
1268 -0.013671875
1269 -0.1298828125
1270 -0.04296875
1271 0.021484375
1272 -0.01171875
1273 -0.154296875
1274 -0.0283203125
1275 0.046875
1276 0.0166015625
1277 -0.0400390625
1278 0.0712890625
1279 0.134765625
1280 0.083984375
1281 -0.0107421875
1282 0.037109375
1283 0.09375
1284 0.0390625
1285 -0.09375
1286 0.0234375
1287 0.08984375
1288 0.0458984375
1289 -0.091796875
1290 -0.052734375
1291 0.015625
1292 -0.017578125
1293 -0.1328125
1294 -0.046875
1295 0.0205078125
1296 -0.013671875
1297 -0.1279296875
1298 -0.044921875
1299 0.021484375
1300 -0.01171875
1301 -0.1572265625
1302 -0.0283203125
1303 0.044921875
1304 0.015625
1305 -0.041015625
1306 0.0712890625
1307 0.134765625
1308 0.083984375
1309 -0.0126953125
1310 0.0390625
1311 0.09375
1312 0.037109375
1313 -0.09765625
1314 0.021484375
1315 0.0927734375
1316 0.044921875
1317 -0.0966796875
1318 -0.052734375
1319 0.01953125
1320 -0.0185546875
1321 -0.1337890625
1322 -0.0458984375
1323 0.0263671875
1324 -0.0146484375
1325 -0.1328125
1326 -0.04296875
1327 0.025390625
1328 -0.0126953125
1329 -0.16015625
1330 -0.02734375
1331 0.05078125
1332 0.0146484375
1333 -0.0439453125
1334 0.0712890625
1335 0.1396484375
1336 0.0810546875
1337 -0.0146484375
1338 0.0380859375
1339 0.0966796875
1340 0.037109375
1341 -0.09765625
1342 0.0224609375
1343 0.0927734375
1344 0.044921875
1345 -0.09765625
1346 -0.052734375
1347 0.01953125
1348 -0.01953125
1349 -0.1376953125
1350 -0.046875
1351 0.0234375
1352 -0.015625
1353 -0.1318359375
1354 -0.04296875
1355 0.025390625
1356 -0.0126953125
1357 -0.1611328125
1358 -0.029296875
1359 0.048828125
1360 0.013671875
1361 -0.0439453125
1362 0.0712890625
1363 0.1376953125
1364 0.0830078125
1365 -0.013671875
1366 0.037109375
1367 0.0947265625
1368 0.0390625
1369 -0.0966796875
1370 0.0205078125
1371 0.0908203125
1372 0.0458984375
1373 -0.095703125
1374 -0.0517578125
1375 0.0166015625
1376 -0.0166015625
1377 -0.1357421875
1378 -0.0458984375
1379 0.025390625
1380 -0.01171875
1381 -0.1298828125
1382 -0.0419921875
1383 0.025390625
1384 -0.01171875
1385 -0.1572265625
1386 -0.0263671875
1387 0.052734375
1388 0.0166015625
1389 -0.0439453125
1390 0.072265625
1391 0.140625
1392 0.083984375
1393 -0.013671875
1394 0.0380859375
1395 0.0966796875
1396 0.0380859375
1397 -0.0947265625
1398 0.025390625
1399 0.0927734375
1400 0.046875
1401 -0.09375
1402 -0.0478515625
1403 0.0205078125
1404 -0.0185546875
1405 -0.1328125
1406 -0.044921875
1407 0.025390625
1408 -0.0126953125
1409 -0.1298828125
1410 -0.04296875
1411 0.0283203125
1412 -0.013671875
1413 -0.1572265625
1414 -0.02734375
1415 0.048828125
1416 0.0146484375
1417 -0.04296875
1418 0.0732421875
1419 0.1376953125
1420 0.083984375
1421 -0.0146484375
1422 0.0390625
1423 0.0947265625
1424 0.0390625
1425 -0.095703125
1426 0.0244140625
1427 0.09375
1428 0.0458984375
1429 -0.09375
1430 -0.0517578125
1431 0.01953125
1432 -0.017578125
1433 -0.1337890625
1434 -0.044921875
1435 0.0234375
1436 -0.013671875
1437 -0.1259765625
1438 -0.0400390625
1439 0.0263671875
1440 -0.009765625
1441 -0.1328125
1442 -0.0078125
1443 0.064453125
1444 0.0283203125
1445 -0.083984375
1446 -0.0302734375
1447 0.0322265625
1448 -0.005859375
1449 -0.123046875
1450 -0.0400390625
1451 0.0283203125
1452 -0.0087890625
1453 -0.1318359375
1454 -0.0439453125
1455 0.0234375
1456 -0.013671875
1457 -0.1787109375
1458 -0.0869140625
1459 -0.0107421875
1460 -0.0390625
1461 -0.1982421875
1462 -0.0634765625
1463 0.0224609375
1464 -0.0029296875
1465 -0.0771484375
1466 0.0400390625
1467 0.109375
1468 0.0634765625
1469 0.001953125
1470 0.107421875
1471 0.1650390625
1472 0.109375
1473 0.01171875
1474 0.0576171875
1475 0.1083984375
1476 0.052734375
1477 -0.06640625
1478 0.04296875
1479 0.10546875
1480 0.0615234375
1481 -0.0185546875
1482 0.087890625
1483 0.146484375
1484 0.091796875
1485 -0.01171875
1486 0.0322265625
1487 0.0869140625
1488 0.0361328125
1489 -0.0732421875
1490 0.0361328125
1491 0.1015625
1492 0.056640625
1493 -0.0107421875
1494 0.09375
1495 0.150390625
1496 0.09375
1497 -0.0068359375
1498 0.03125
1499 0.0869140625
1500 0.0341796875
1501 -0.0615234375
1502 0.017578125
1503 0.072265625
1504 0.0205078125
1505 -0.138671875
1506 -0.01953125
1507 0.0517578125
1508 0.017578125
1509 -0.099609375
1510 0.015625
1511 0.0791015625
1512 0.041015625
1513 -0.10546875
1514 -0.0615234375
1515 0.0068359375
1516 -0.0234375
1517 -0.14453125
1518 -0.017578125
1519 0.0537109375
1520 0.0185546875
1521 -0.0517578125
1522 0.05859375
1523 0.1240234375
1524 0.0712890625
1525 -0.0537109375
1526 -0.0166015625
1527 0.0478515625
1528 0.0029296875
1529 -0.10546875
1530 0.01171875
1531 0.0810546875
1532 0.0380859375
1533 -0.064453125
1534 -0.0146484375
1535 0.04296875
1536 0.0
1537 -0.09375
1538 0.0244140625
1539 0.0927734375
1540 0.0458984375
1541 -0.0048828125
1542 0.099609375
1543 0.1591796875
1544 0.1005859375
1545 -0.0263671875
1546 0.0751953125
1547 0.1337890625
1548 0.080078125
1549 -0.0888671875
1550 -0.0478515625
1551 0.0166015625
1552 -0.021484375
1553 -0.1328125
1554 -0.0458984375
1555 0.0185546875
1556 -0.017578125
1557 -0.19140625
1558 -0.11328125
1559 -0.037109375
1560 -0.0576171875
1561 -0.1796875
1562 -0.0478515625
1563 0.0283203125
1564 0.0
1565 -0.0966796875
1566 -0.0498046875
1567 0.0205078125
1568 -0.015625
1569 -0.1201171875
1570 0.001953125
1571 0.0732421875
1572 0.0322265625
1573 -0.0322265625
1574 0.0751953125
1575 0.1337890625
1576 0.0810546875
1577 -0.01171875
1578 0.029296875
1579 0.083984375
1580 0.0341796875
1581 -0.06640625
1582 0.0146484375
1583 0.0693359375
1584 0.01953125
1585 -0.142578125
1586 -0.021484375
1587 0.0498046875
1588 0.015625
1589 -0.099609375
1590 0.0126953125
1591 0.0771484375
1592 0.0380859375
1593 -0.103515625
1594 -0.0615234375
1595 0.00390625
1596 -0.025390625
1597 -0.1416015625
1598 -0.0185546875
1599 0.0478515625
1600 0.0185546875
1601 -0.0634765625
1602 0.0439453125
1603 0.1044921875
1604 0.0634765625
1605 -0.0595703125
1606 -0.0234375
1607 0.033203125
1608 0.0029296875
1609 -0.10546875
1610 0.0068359375
1611 0.0732421875
1612 0.037109375
1613 -0.0625
1614 -0.0185546875
1615 0.0380859375
1616 0.0009765625
1617 -0.119140625
1618 -0.0029296875
1619 0.0615234375
1620 0.0283203125
1621 -0.0986328125
1622 -0.0556640625
1623 0.0078125
1624 -0.0224609375
1625 -0.130859375
1626 -0.0458984375
1627 0.0166015625
1628 -0.0146484375
1629 -0.1884765625
1630 -0.1103515625
1631 -0.037109375
1632 -0.0556640625
1633 -0.173828125
1634 -0.044921875
1635 0.029296875
1636 0.00390625
1637 -0.091796875
1638 -0.0458984375
1639 0.0205078125
1640 -0.01171875
1641 -0.1103515625
1642 0.005859375
1643 0.0712890625
1644 0.0361328125
1645 -0.0263671875
1646 0.078125
1647 0.134765625
1648 0.0869140625
1649 -0.0068359375
1650 0.03125
1651 0.083984375
1652 0.037109375
1653 -0.0546875
1654 0.0205078125
1655 0.072265625
1656 0.0263671875
1657 -0.0556640625
1658 0.048828125
1659 0.111328125
1660 0.0654296875
1661 0.013671875
1662 0.11328125
1663 0.1689453125
1664 0.111328125
1665 0.005859375
1666 0.1015625
1667 0.154296875
1668 0.0986328125
1669 -0.0205078125
1670 0.0791015625
1671 0.1318359375
1672 0.0810546875
1673 -0.0595703125
1674 -0.021484375
1675 0.0361328125
1676 -0.00390625
1677 -0.1240234375
1678 -0.0048828125
1679 0.0595703125
1680 0.0244140625
1681 -0.0478515625
1682 0.0576171875
1683 0.1171875
1684 0.068359375
1685 -0.056640625
1686 -0.0205078125
1687 0.0380859375
1688 -0.001953125
1689 -0.1103515625
1690 0.005859375
1691 0.0712890625
1692 0.0302734375
1693 -0.072265625
1694 -0.0263671875
1695 0.0322265625
1696 -0.0078125
1697 -0.0986328125
1698 0.0166015625
1699 0.0810546875
1700 0.041015625
1701 -0.009765625
1702 0.0927734375
1703 0.1513671875
1704 0.095703125
1705 0.0419921875
1706 0.1357421875
1707 0.189453125
1708 0.125
1709 0.0634765625
1710 0.1533203125
1711 0.205078125
1712 0.13671875
1713 0.0185546875
1714 0.109375
1715 0.1591796875
1716 0.0986328125
1717 -0.068359375
1718 -0.029296875
1719 0.02734375
1720 -0.017578125
1721 -0.130859375
1722 -0.0458984375
1723 0.0126953125
1724 -0.0263671875
1725 -0.2001953125
1726 -0.1240234375
1727 -0.0478515625
1728 -0.0732421875
1729 -0.193359375
1730 -0.0625
1731 0.0146484375
1732 -0.0166015625
1733 -0.1142578125
1734 -0.0654296875
1735 0.0029296875
1736 -0.0322265625
1737 -0.1474609375
1738 -0.021484375
1739 0.046875
1740 0.009765625
1741 -0.0673828125
1742 0.044921875
1743 0.10546875
1744 0.0556640625
1745 -0.044921875
1746 -0.00390625
1747 0.0546875
1748 0.005859375
1749 -0.0888671875
1750 -0.005859375
1751 0.05078125
1752 0.001953125
1753 -0.0908203125
1754 0.0224609375
1755 0.091796875
1756 0.041015625
1757 -0.0224609375
1758 0.0869140625
1759 0.1474609375
1760 0.0859375
1761 0.0185546875
1762 0.1220703125
1763 0.1826171875
1764 0.1103515625
1765 0.04296875
1766 0.142578125
1767 0.201171875
1768 0.1240234375
1769 0.0107421875
1770 0.1083984375
1771 0.166015625
1772 0.095703125
1773 -0.033203125
1774 0.0693359375
1775 0.1279296875
1776 0.0634765625
1777 -0.08203125
1778 -0.0400390625
1779 0.0234375
1780 -0.0263671875
1781 -0.150390625
1782 -0.0263671875
1783 0.0458984375
1784 0.0009765625
1785 -0.0751953125
1786 0.041015625
1787 0.1025390625
1788 0.0458984375
1789 -0.0791015625
1790 -0.0400390625
1791 0.0244140625
1792 -0.021484375
1793 -0.1357421875
1794 -0.0146484375
1795 0.05859375
1796 0.009765625
1797 -0.0947265625
1798 -0.0458984375
1799 0.0185546875
1800 -0.029296875
1801 -0.1240234375
1802 -0.00390625
1803 0.06640625
1804 0.0185546875
1805 -0.0341796875
1806 0.076171875
1807 0.1396484375
1808 0.076171875
1809 0.009765625
1810 0.111328125
1811 0.1708984375
1812 0.1005859375
1813 0.03515625
1814 0.134765625
1815 0.1865234375
1816 0.115234375
1817 -0.005859375
1818 0.0908203125
1819 0.14453125
1820 0.080078125
1821 -0.0888671875
1822 -0.0498046875
1823 0.009765625
1824 -0.03515625
1825 -0.1484375
1826 -0.0654296875
1827 -0.001953125
1828 -0.04296875
1829 -0.2177734375
1830 -0.140625
1831 -0.0625
1832 -0.087890625
1833 -0.2099609375
1834 -0.076171875
1835 0.0009765625
1836 -0.0283203125
1837 -0.1279296875
1838 -0.0771484375
1839 -0.0078125
1840 -0.0458984375
1841 -0.1904296875
1842 -0.060546875
1843 0.0185546875
1844 -0.01953125
1845 -0.111328125
1846 0.005859375
1847 0.07421875
1848 0.025390625
1849 -0.0732421875
1850 -0.03125
1851 0.03125
1852 -0.013671875
1853 -0.109375
1854 -0.0224609375
1855 0.03515625
1856 -0.01171875
1857 -0.111328125
1858 0.0068359375
1859 0.07421875
1860 0.0263671875
1861 -0.03515625
1862 0.0712890625
1863 0.1337890625
1864 0.072265625
1865 0.0048828125
1866 0.10546875
1867 0.1630859375
1868 0.0966796875
1869 0.03125
1870 0.1298828125
1871 0.1845703125
1872 0.11328125
1873 0.0029296875
1874 0.1015625
1875 0.154296875
1876 0.0888671875
1877 -0.0322265625
1878 0.064453125
1879 0.1171875
1880 0.060546875
1881 -0.078125
1882 -0.0400390625
1883 0.015625
1884 -0.0244140625
1885 -0.1474609375
1886 -0.0302734375
1887 0.03515625
1888 0.0009765625
1889 -0.076171875
1890 0.029296875
1891 0.08984375
1892 0.0419921875
1893 -0.0859375
1894 -0.0498046875
1895 0.0068359375
1896 -0.0302734375
1897 -0.138671875
1898 -0.0224609375
1899 0.0419921875
1900 0.0048828125
1901 -0.099609375
1902 -0.052734375
1903 0.00390625
1904 -0.0341796875
1905 -0.1279296875
1906 -0.009765625
1907 0.0537109375
1908 0.0126953125
1909 -0.03515625
1910 0.068359375
1911 0.125
1912 0.0712890625
1913 0.0126953125
1914 0.107421875
1915 0.16015625
1916 0.099609375
1917 0.0380859375
1918 0.1279296875
1919 0.177734375
1920 0.11328125
1921 -0.005859375
1922 0.0830078125
1923 0.1318359375
1924 0.07421875
1925 -0.08984375
1926 -0.0537109375
1927 -0.0009765625
1928 -0.037109375
1929 -0.1494140625
1930 -0.0703125
1931 -0.01171875
1932 -0.0458984375
1933 -0.2177734375
1934 -0.14453125
1935 -0.0712890625
1936 -0.0908203125
1937 -0.2060546875
1938 -0.08203125
1939 -0.005859375
1940 -0.033203125
1941 -0.1318359375
1942 -0.08203125
1943 -0.0166015625
1944 -0.0498046875
1945 -0.16015625
1946 -0.037109375
1947 0.03125
1948 -0.00390625
1949 -0.0771484375
1950 0.0322265625
1951 0.0947265625
1952 0.0419921875
1953 -0.0537109375
1954 -0.01171875
1955 0.0458984375
1956 -0.00390625
1957 -0.09765625
1958 -0.01953125
1959 0.0361328125
1960 -0.009765625
1961 -0.103515625
1962 0.0068359375
1963 0.0712890625
1964 0.025390625
1965 -0.041015625
1966 0.064453125
1967 0.1240234375
1968 0.0654296875
1969 -0.0078125
1970 0.0927734375
1971 0.1513671875
1972 0.0859375
1973 0.0234375
1974 0.12109375
1975 0.173828125
1976 0.10546875
1977 -0.001953125
1978 0.0927734375
1979 0.146484375
1980 0.0830078125
1981 -0.0390625
1982 0.0595703125
1983 0.1142578125
1984 0.0556640625
1985 -0.0888671875
1986 -0.0517578125
1987 0.009765625
1988 -0.0341796875
1989 -0.1591796875
1990 -0.037109375
1991 0.029296875
1992 -0.0087890625
1993 -0.099609375
1994 0.0146484375
1995 0.080078125
1996 0.02734375
1997 -0.0966796875
1998 -0.0576171875
1999 0.0048828125
2000 -0.0361328125
2001 -0.1474609375
2002 -0.0302734375
2003 0.041015625
2004 -0.001953125
2005 -0.103515625
2006 -0.0546875
2007 0.0068359375
2008 -0.0361328125
2009 -0.1796875
2010 -0.0546875
2011 0.01953125
2012 -0.017578125
2013 -0.1455078125
2014 -0.09765625
2015 -0.029296875
2016 -0.0634765625
2017 -0.17578125
2018 -0.0849609375
2019 -0.0146484375
2020 -0.0517578125
2021 -0.2255859375
2022 -0.1455078125
2023 -0.06640625
2024 -0.091796875
2025 -0.2119140625
2026 -0.076171875
2027 0.001953125
2028 -0.029296875
2029 -0.126953125
2030 -0.0771484375
2031 -0.005859375
2032 -0.04296875
2033 -0.1982421875
2034 -0.06640625
2035 0.01171875
2036 -0.0185546875
2037 -0.1220703125
2038 -0.0009765625
2039 0.064453125
2040 0.0224609375
2041 -0.076171875
2042 -0.0322265625
2043 0.029296875
2044 -0.0107421875
2045 -0.1064453125
2046 -0.0234375
2047 0.0341796875
2048 -0.0107421875
2049 -0.1044921875
2050 0.0078125
2051 0.07421875
2052 0.03125
2053 -0.037109375
2054 0.0654296875
2055 0.1259765625
2056 0.072265625
2057 0.005859375
2058 0.103515625
2059 0.1552734375
2060 0.0986328125
2061 0.03515625
2062 0.1298828125
2063 0.1796875
2064 0.1162109375
2065 0.0078125
2066 0.1015625
2067 0.1533203125
2068 0.08984375
2069 -0.03125
2070 0.0654296875
2071 0.1181640625
2072 0.0634765625
2073 -0.076171875
2074 -0.0390625
2075 0.0205078125
2076 -0.0234375
2077 -0.1455078125
2078 -0.025390625
2079 0.041015625
2080 0.001953125
2081 -0.0732421875
2082 0.033203125
2083 0.095703125
2084 0.044921875
2085 -0.0810546875
2086 -0.044921875
2087 0.0146484375
2088 -0.0244140625
2089 -0.134765625
2090 -0.017578125
2091 0.0478515625
2092 0.0068359375
2093 -0.09765625
2094 -0.0517578125
2095 0.009765625
2096 -0.0322265625
2097 -0.126953125
2098 -0.009765625
2099 0.0576171875
2100 0.013671875
2101 -0.033203125
2102 0.0712890625
2103 0.1318359375
2104 0.0732421875
2105 0.005859375
2106 0.103515625
2107 0.1591796875
2108 0.095703125
2109 0.0341796875
2110 0.1279296875
2111 0.1806640625
2112 0.111328125
2113 -0.0107421875
2114 0.083984375
2115 0.1376953125
2116 0.0732421875
2117 -0.0927734375
2118 -0.0556640625
2119 0.0029296875
2120 -0.0390625
2121 -0.1513671875
2122 -0.0693359375
2123 -0.0068359375
2124 -0.0458984375
2125 -0.2177734375
2126 -0.142578125
2127 -0.0654296875
2128 -0.0888671875
2129 -0.2109375
2130 -0.078125
2131 -0.0029296875
2132 -0.03125
2133 -0.12890625
2134 -0.080078125
2135 -0.0126953125
2136 -0.0478515625
2137 -0.1591796875
2138 -0.0380859375
2139 0.03125
2140 -0.0048828125
2141 -0.080078125
2142 0.0283203125
2143 0.08984375
2144 0.0419921875
2145 -0.052734375
2146 -0.013671875
2147 0.04296875
2148 -0.00390625
2149 -0.09765625
2150 -0.017578125
2151 0.0361328125
2152 -0.0087890625
2153 -0.1005859375
2154 0.009765625
2155 0.0732421875
2156 0.0283203125
2157 -0.0341796875
2158 0.068359375
2159 0.1240234375
2160 0.0693359375
2161 0.0009765625
2162 0.0986328125
2163 0.1533203125
2164 0.0908203125
2165 0.02734375
2166 0.123046875
2167 0.177734375
2168 0.107421875
2169 0.0
2170 0.0947265625
2171 0.1455078125
2172 0.08203125
2173 -0.041015625
2174 0.0576171875
2175 0.1123046875
2176 0.0546875
2177 -0.08984375
2178 -0.0498046875
2179 0.0078125
2180 -0.03515625
2181 -0.1572265625
2182 -0.0361328125
2183 0.029296875
2184 -0.0087890625
2185 -0.09765625
2186 0.01171875
2187 0.078125
2188 0.02734375
2189 -0.09375
2190 -0.0556640625
2191 0.005859375
2192 -0.033203125
2193 -0.142578125
2194 -0.0263671875
2195 0.0400390625
2196 0.0
2197 -0.1015625
2198 -0.0517578125
2199 0.0048828125
2200 -0.0341796875
2201 -0.1767578125
2202 -0.0517578125
2203 0.017578125
2204 -0.015625
2205 -0.142578125
2206 -0.099609375
2207 -0.0322265625
2208 -0.0615234375
2209 -0.1708984375
2210 -0.0849609375
2211 -0.017578125
2212 -0.052734375
2213 -0.22265625
2214 -0.1455078125
2215 -0.0673828125
2216 -0.0888671875
2217 -0.208984375
2218 -0.0771484375
2219 -0.0009765625
2220 -0.0283203125
2221 -0.1259765625
2222 -0.0771484375
2223 -0.009765625
2224 -0.04296875
2225 -0.1953125
2226 -0.0654296875
2227 0.009765625
2228 -0.0185546875
2229 -0.12109375
2230 -0.0029296875
2231 0.064453125
2232 0.0224609375
2233 -0.07421875
2234 -0.0322265625
2235 0.029296875
2236 -0.013671875
2237 -0.1064453125
2238 -0.0224609375
2239 0.0361328125
2240 -0.0107421875
2241 -0.1044921875
2242 0.0107421875
2243 0.076171875
2244 0.03125
2245 -0.037109375
2246 0.068359375
2247 0.1259765625
2248 0.0732421875
2249 0.00390625
2250 0.1044921875
2251 0.158203125
2252 0.099609375
2253 0.0341796875
2254 0.12890625
2255 0.18359375
2256 0.1142578125
2257 0.0068359375
2258 0.1005859375
2259 0.154296875
2260 0.08984375
2261 -0.02734375
2262 0.0673828125
2263 0.119140625
2264 0.0654296875
2265 -0.0712890625
2266 -0.0341796875
2267 0.0205078125
2268 -0.01953125
2269 -0.1416015625
2270 -0.025390625
2271 0.0361328125
2272 0.0048828125
2273 -0.0703125
2274 0.033203125
2275 0.09375
2276 0.044921875
2277 -0.0830078125
2278 -0.046875
2279 0.0107421875
2280 -0.02734375
2281 -0.1337890625
2282 -0.01953125
2283 0.04296875
2284 0.0068359375
2285 -0.0966796875
2286 -0.0498046875
2287 0.0048828125
2288 -0.0322265625
2289 -0.1259765625
2290 -0.0107421875
2291 0.052734375
2292 0.013671875
2293 -0.033203125
2294 0.0712890625
2295 0.1298828125
2296 0.072265625
2297 0.0068359375
2298 0.103515625
2299 0.158203125
2300 0.0947265625
2301 0.0341796875
2302 0.125
2303 0.1787109375
2304 0.1123046875
2305 -0.0087890625
2306 0.0830078125
2307 0.134765625
2308 0.0751953125
2309 -0.091796875
2310 -0.0556640625
2311 0.001953125
2312 -0.0400390625
2313 -0.1513671875
2314 -0.0693359375
2315 -0.005859375
2316 -0.044921875
2317 -0.216796875
2318 -0.1416015625
2319 -0.0673828125
2320 -0.0908203125
2321 -0.2099609375
2322 -0.0791015625
2323 -0.001953125
2324 -0.0322265625
2325 -0.130859375
2326 -0.0830078125
2327 -0.0146484375
2328 -0.048828125
2329 -0.1611328125
2330 -0.0390625
2331 0.033203125
2332 -0.0048828125
2333 -0.08203125
2334 0.0302734375
2335 0.0908203125
2336 0.0419921875
2337 -0.0537109375
2338 -0.01171875
2339 0.0439453125
2340 -0.0029296875
2341 -0.0986328125
2342 -0.015625
2343 0.041015625
2344 -0.009765625
2345 -0.103515625
2346 0.0078125
2347 0.0751953125
2348 0.02734375
2349 -0.0380859375
2350 0.0693359375
2351 0.12890625
2352 0.0693359375
2353 -0.001953125
2354 0.0986328125
2355 0.158203125
2356 0.08984375
2357 0.0263671875
2358 0.123046875
2359 0.1796875
2360 0.107421875
2361 -0.00390625
2362 0.0947265625
2363 0.1513671875
2364 0.0810546875
2365 -0.041015625
2366 0.060546875
2367 0.1162109375
2368 0.0537109375
2369 -0.0859375
2370 -0.046875
2371 0.0166015625
2372 -0.0341796875
2373 -0.15625
2374 -0.0341796875
2375 0.0361328125
2376 -0.0078125
2377 -0.0859375
2378 0.02734375
2379 0.0908203125
2380 0.0361328125
2381 -0.0859375
2382 -0.044921875
2383 0.0166015625
2384 -0.0283203125
2385 -0.15625
2386 -0.0322265625
2387 0.0400390625
2388 -0.0048828125
2389 -0.1123046875
2390 -0.0595703125
2391 0.00390625
2392 -0.04296875
2393 -0.1572265625
2394 -0.0341796875
2395 0.0400390625
2396 -0.005859375
2397 -0.052734375
2398 0.056640625
2399 0.1201171875
2400 0.060546875
2401 -0.0009765625
2402 0.0986328125
2403 0.158203125
2404 0.08984375
2405 0.0234375
2406 0.123046875
2407 0.1767578125
2408 0.1064453125
2409 -0.0185546875
2410 0.0791015625
2411 0.1318359375
2412 0.0703125
2413 -0.0966796875
2414 -0.056640625
2415 0.001953125
2416 -0.044921875
2417 -0.1611328125
2418 -0.076171875
2419 -0.0087890625
2420 -0.0537109375
2421 -0.236328125
2422 -0.158203125
2423 -0.078125
2424 -0.103515625
2425 -0.251953125
2426 -0.1103515625
2427 -0.02734375
2428 -0.0517578125
2429 -0.1357421875
2430 -0.0126953125
2431 0.0546875
2432 0.01171875
2433 -0.1259765625
2434 -0.08203125
2435 -0.0126953125
2436 -0.0517578125
2437 -0.173828125
2438 -0.0859375
2439 -0.015625
2440 -0.0537109375
2441 -0.1630859375
2442 -0.0771484375
2443 -0.005859375
2444 -0.046875
2445 -0.16796875
2446 -0.0419921875
2447 0.0322265625
2448 -0.009765625
2449 -0.1015625
2450 0.0166015625
2451 0.0830078125
2452 0.0322265625
2453 -0.033203125
2454 0.0732421875
2455 0.1328125
2456 0.0732421875
2457 -0.0234375
2458 0.0263671875
2459 0.0771484375
2460 0.0185546875
2461 -0.11328125
2462 0.0009765625
2463 0.064453125
2464 0.017578125
2465 -0.1201171875
2466 -0.0810546875
2467 -0.0107421875
2468 -0.0498046875
2469 -0.1650390625
2470 -0.0791015625
2471 -0.0107421875
2472 -0.046875
2473 -0.1630859375
2474 -0.0771484375
2475 -0.009765625
2476 -0.044921875
2477 -0.19140625
2478 -0.060546875
2479 0.0166015625
2480 -0.017578125
2481 -0.0771484375
2482 0.0390625
2483 0.103515625
2484 0.048828125
2485 -0.0439453125
2486 0.00390625
2487 0.060546875
2488 0.0048828125
2489 -0.125
2490 -0.0078125
2491 0.0595703125
2492 0.013671875
2493 -0.123046875
2494 -0.0830078125
2495 -0.0146484375
2496 -0.0478515625
2497 -0.1640625
2498 -0.078125
2499 -0.009765625
2500 -0.04296875
2501 -0.158203125
2502 -0.072265625
2503 -0.005859375
2504 -0.0390625
2505 -0.1845703125
2506 -0.0556640625
2507 0.021484375
2508 -0.0126953125
2509 -0.0693359375
2510 0.04296875
2511 0.109375
2512 0.0556640625
2513 -0.0380859375
2514 0.0107421875
2515 0.06640625
2516 0.01171875
2517 -0.1171875
2518 -0.001953125
2519 0.0625
2520 0.021484375
2521 -0.1171875
2522 -0.076171875
2523 -0.0107421875
2524 -0.041015625
2525 -0.1572265625
2526 -0.0693359375
2527 -0.00390625
2528 -0.0361328125
2529 -0.15234375
2530 -0.0673828125
2531 0.0
2532 -0.0341796875
2533 -0.1767578125
2534 -0.0517578125
2535 0.021484375
2536 -0.005859375
2537 -0.0625
2538 0.048828125
2539 0.111328125
2540 0.0615234375
2541 -0.0341796875
2542 0.0146484375
2543 0.0654296875
2544 0.017578125
2545 -0.1142578125
2546 0.0009765625
2547 0.06640625
2548 0.0244140625
2549 -0.115234375
2550 -0.072265625
2551 -0.0068359375
2552 -0.0390625
2553 -0.15234375
2554 -0.0673828125
2555 0.0009765625
2556 -0.0341796875
2557 -0.146484375
2558 -0.0625
2559 0.001953125
2560 -0.0302734375
2561 -0.1708984375
2562 -0.046875
2563 0.02734375
2564 -0.001953125
2565 -0.0576171875
2566 0.0517578125
2567 0.1142578125
2568 0.0654296875
2569 -0.029296875
2570 0.01953125
2571 0.0712890625
2572 0.021484375
2573 -0.1083984375
2574 0.005859375
2575 0.0732421875
2576 0.03125
2577 -0.1103515625
2578 -0.0693359375
2579 0.0
2580 -0.0341796875
2581 -0.150390625
2582 -0.0634765625
2583 0.0078125
2584 -0.029296875
2585 -0.146484375
2586 -0.060546875
2587 0.0068359375
2588 -0.0283203125
2589 -0.1748046875
2590 -0.0439453125
2591 0.0322265625
2592 -0.0009765625
2593 -0.05859375
2594 0.0546875
2595 0.119140625
2596 0.0673828125
2597 -0.0283203125
2598 0.021484375
2599 0.076171875
2600 0.0224609375
2601 -0.1103515625
2602 0.0078125
2603 0.0751953125
2604 0.03125
2605 -0.1083984375
2606 -0.0673828125
2607 0.0029296875
2608 -0.033203125
2609 -0.1494140625
2610 -0.0625
2611 0.0087890625
2612 -0.0263671875
2613 -0.1435546875
2614 -0.05859375
2615 0.0078125
2616 -0.025390625
2617 -0.1728515625
2618 -0.041015625
2619 0.03515625
2620 0.001953125
2621 -0.0556640625
2622 0.05859375
2623 0.1220703125
2624 0.0712890625
2625 -0.025390625
2626 0.025390625
2627 0.0810546875
2628 0.025390625
2629 -0.1064453125
2630 0.0107421875
2631 0.076171875
2632 0.03515625
2633 -0.10546875
2634 -0.064453125
2635 0.001953125
2636 -0.029296875
2637 -0.146484375
2638 -0.0576171875
2639 0.0068359375
2640 -0.0244140625
2641 -0.142578125
2642 -0.0556640625
2643 0.009765625
2644 -0.0244140625
2645 -0.1689453125
2646 -0.04296875
2647 0.033203125
2648 0.0048828125
2649 -0.05078125
2650 0.0576171875
2651 0.119140625
2652 0.072265625
2653 -0.021484375
2654 0.0244140625
2655 0.076171875
2656 0.0283203125
2657 -0.1025390625
2658 0.01171875
2659 0.072265625
2660 0.037109375
2661 -0.1025390625
2662 -0.0625
2663 0.001953125
2664 -0.025390625
2665 -0.140625
2666 -0.0576171875
2667 0.009765625
2668 -0.0224609375
2669 -0.1357421875
2670 -0.0537109375
2671 0.01171875
2672 -0.021484375
2673 -0.16015625
2674 -0.0380859375
2675 0.0390625
2676 0.005859375
2677 -0.0458984375
2678 0.060546875
2679 0.1220703125
2680 0.076171875
2681 -0.0185546875
2682 0.029296875
2683 0.0771484375
2684 0.0302734375
2685 -0.0966796875
2686 0.0146484375
2687 0.0751953125
2688 0.0390625
2689 -0.0986328125
2690 -0.060546875
2691 0.005859375
2692 -0.0244140625
2693 -0.13671875
2694 -0.056640625
2695 0.009765625
2696 -0.01953125
2697 -0.1328125
2698 -0.05078125
2699 0.01171875
2700 -0.0185546875
2701 -0.16015625
2702 -0.037109375
2703 0.0341796875
2704 0.0078125
2705 -0.0458984375
2706 0.0625
2707 0.1240234375
2708 0.076171875
2709 -0.01953125
2710 0.029296875
2711 0.0810546875
2712 0.03125
2713 -0.09765625
2714 0.0146484375
2715 0.0791015625
2716 0.0390625
2717 -0.0966796875
2718 -0.0595703125
2719 0.0068359375
2720 -0.0224609375
2721 -0.1337890625
2722 -0.0537109375
2723 0.01171875
2724 -0.01953125
2725 -0.1318359375
2726 -0.048828125
2727 0.0107421875
2728 -0.017578125
2729 -0.1591796875
2730 -0.03515625
2731 0.0361328125
2732 0.009765625
2733 -0.04296875
2734 0.0615234375
2735 0.1220703125
2736 0.078125
2737 -0.0166015625
2738 0.0283203125
2739 0.0791015625
2740 0.0322265625
2741 -0.0966796875
2742 0.013671875
2743 0.078125
2744 0.041015625
2745 -0.0966796875
2746 -0.05859375
2747 0.005859375
2748 -0.0224609375
2749 -0.1376953125
2750 -0.052734375
2751 0.01171875
2752 -0.0185546875
2753 -0.1328125
2754 -0.048828125
2755 0.015625
2756 -0.0166015625
2757 -0.1591796875
2758 -0.0361328125
2759 0.037109375
2760 0.0087890625
2761 -0.0439453125
2762 0.0634765625
2763 0.1259765625
2764 0.076171875
2765 -0.0146484375
2766 0.029296875
2767 0.0830078125
2768 0.0322265625
2769 -0.0986328125
2770 0.0166015625
2771 0.0791015625
2772 0.041015625
2773 -0.0986328125
2774 -0.0576171875
2775 0.0068359375
2776 -0.0224609375
2777 -0.134765625
2778 -0.052734375
2779 0.013671875
2780 -0.017578125
2781 -0.130859375
2782 -0.048828125
2783 0.013671875
2784 -0.0166015625
2785 -0.1591796875
2786 -0.0361328125
2787 0.0390625
2788 0.009765625
2789 -0.04296875
2790 0.0634765625
2791 0.126953125
2792 0.0791015625
2793 -0.015625
2794 0.0322265625
2795 0.083984375
2796 0.033203125
2797 -0.0966796875
2798 0.017578125
2799 0.0810546875
2800 0.0439453125
2801 -0.095703125
2802 -0.0576171875
2803 0.0087890625
2804 -0.0205078125
2805 -0.13671875
2806 -0.0517578125
2807 0.0146484375
2808 -0.0185546875
2809 -0.1328125
2810 -0.0478515625
2811 0.017578125
2812 -0.015625
2813 -0.1591796875
2814 -0.033203125
2815 0.0380859375
2816 0.0107421875
2817 -0.046875
2818 0.0654296875
2819 0.12890625
2820 0.0791015625
2821 -0.015625
2822 0.033203125
2823 0.0849609375
2824 0.0361328125
2825 -0.0966796875
2826 0.0185546875
2827 0.08203125
2828 0.0419921875
2829 -0.095703125
2830 -0.05859375
2831 0.0107421875
2832 -0.0205078125
2833 -0.13671875
2834 -0.052734375
2835 0.017578125
2836 -0.0166015625
2837 -0.1337890625
2838 -0.0478515625
2839 0.0185546875
2840 -0.0166015625
2841 -0.16015625
2842 -0.0322265625
2843 0.0439453125
2844 0.013671875
2845 -0.0458984375
2846 0.0673828125
2847 0.130859375
2848 0.0810546875
2849 -0.0146484375
2850 0.0341796875
2851 0.087890625
2852 0.0341796875
2853 -0.095703125
2854 0.0185546875
2855 0.0830078125
2856 0.0419921875
2857 -0.0947265625
2858 -0.056640625
2859 0.01171875
2860 -0.0205078125
2861 -0.13671875
2862 -0.05078125
2863 0.0146484375
2864 -0.0166015625
2865 -0.1328125
2866 -0.0458984375
2867 0.0185546875
2868 -0.0146484375
2869 -0.1611328125
2870 -0.0302734375
2871 0.0419921875
2872 0.01171875
2873 -0.0439453125
2874 0.06640625
2875 0.130859375
2876 0.0791015625
2877 -0.0146484375
2878 0.0322265625
2879 0.0869140625
2880 0.03515625
2881 -0.0986328125
2882 0.017578125
2883 0.0830078125
2884 0.041015625
2885 -0.0966796875
2886 -0.056640625
2887 0.0107421875
2888 -0.021484375
2889 -0.1357421875
2890 -0.048828125
2891 0.017578125
2892 -0.015625
2893 -0.130859375
2894 -0.046875
2895 0.01953125
2896 -0.013671875
2897 -0.15625
2898 -0.029296875
2899 0.046875
2900 0.013671875
2901 -0.044921875
2902 0.068359375
2903 0.1337890625
2904 0.0810546875
2905 -0.013671875
2906 0.03515625
2907 0.0888671875
2908 0.0361328125
2909 -0.09375
2910 0.0224609375
2911 0.087890625
2912 0.044921875
2913 -0.09375
2914 -0.0498046875
2915 0.015625
2916 -0.0185546875
2917 -0.134765625
2918 -0.0458984375
2919 0.0224609375
2920 -0.0166015625
2921 -0.130859375
2922 -0.044921875
2923 0.0224609375
2924 -0.0146484375
2925 -0.158203125
2926 -0.029296875
2927 0.0458984375
2928 0.013671875
2929 -0.0439453125
2930 0.0673828125
2931 0.1328125
2932 0.0810546875
2933 -0.013671875
2934 0.0341796875
2935 0.0859375
2936 0.0361328125
2937 -0.095703125
2938 0.021484375
2939 0.0869140625
2940 0.044921875
2941 -0.09375
2942 -0.0537109375
2943 0.013671875
2944 -0.01953125
2945 -0.134765625
2946 -0.0478515625
2947 0.0224609375
2948 -0.015625
2949 -0.130859375
2950 -0.0458984375
2951 0.0244140625
2952 -0.0146484375
2953 -0.1591796875
2954 -0.0263671875
2955 0.0498046875
2956 0.0126953125
2957 -0.046875
2958 0.0712890625
2959 0.1376953125
2960 0.080078125
2961 -0.0146484375
2962 0.0380859375
2963 0.0927734375
2964 0.0361328125
2965 -0.09765625
2966 0.0224609375
2967 0.091796875
2968 0.044921875
2969 -0.09375
2970 -0.0517578125
2971 0.0185546875
2972 -0.0205078125
2973 -0.1376953125
2974 -0.0478515625
2975 0.0244140625
2976 -0.015625
2977 -0.134765625
2978 -0.044921875
2979 0.025390625
2980 -0.0146484375
2981 -0.1611328125
2982 -0.029296875
2983 0.0498046875
2984 0.0126953125
2985 -0.0478515625
2986 0.0693359375
2987 0.1376953125
2988 0.0810546875
2989 -0.0166015625
2990 0.0361328125
2991 0.0947265625
2992 0.0361328125
2993 -0.0986328125
2994 0.021484375
2995 0.091796875
2996 0.04296875
2997 -0.095703125
2998 -0.0546875
2999 0.017578125
3000 -0.0205078125
3001 -0.138671875
3002 -0.048828125
3003 0.0234375
3004 -0.015625
3005 -0.1337890625
3006 -0.0439453125
3007 0.0234375
3008 -0.01171875
3009 -0.1591796875
3010 -0.0263671875
3011 0.0517578125
3012 0.0126953125
3013 -0.044921875
3014 0.0712890625
3015 0.13671875
3016 0.0810546875
3017 -0.013671875
3018 0.037109375
3019 0.09375
3020 0.0361328125
3021 -0.095703125
3022 0.0234375
3023 0.0908203125
3024 0.044921875
3025 -0.095703125
3026 -0.0517578125
3027 0.017578125
3028 -0.01953125
3029 -0.13671875
3030 -0.0478515625
3031 0.0224609375
3032 -0.015625
3033 -0.1318359375
3034 -0.0458984375
3035 0.0234375
3036 -0.015625
3037 -0.1572265625
3038 -0.0283203125
3039 0.048828125
3040 0.013671875
3041 -0.04296875
3042 0.0703125
3043 0.1357421875
3044 0.08203125
3045 -0.0146484375
3046 0.037109375
3047 0.08984375
3048 0.037109375
3049 -0.0966796875
3050 0.021484375
3051 0.087890625
3052 0.0439453125
3053 -0.095703125
3054 -0.0517578125
3055 0.0166015625
3056 -0.0185546875
3057 -0.13671875
3058 -0.048828125
3059 0.0234375
3060 -0.0146484375
3061 -0.1298828125
3062 -0.0458984375
3063 0.0244140625
3064 -0.013671875
3065 -0.1572265625
3066 -0.0283203125
3067 0.0478515625
3068 0.0126953125
3069 -0.04296875
3070 0.0712890625
3071 0.1337890625
3072 0.08203125
3073 -0.0146484375
3074 0.03515625
3075 0.0908203125
3076 0.0380859375
3077 -0.095703125
3078 0.021484375
3079 0.0869140625
3080 0.044921875
3081 -0.095703125
3082 -0.052734375
3083 0.015625
3084 -0.0185546875
3085 -0.1337890625
3086 -0.0478515625
3087 0.021484375
3088 -0.0146484375
3089 -0.130859375
3090 -0.04296875
3091 0.0234375
3092 -0.01171875
3093 -0.1572265625
3094 -0.0302734375
3095 0.0439453125
3096 0.0146484375
3097 -0.041015625
3098 0.0703125
3099 0.1328125
3100 0.083984375
3101 -0.0126953125
3102 0.037109375
3103 0.08984375
3104 0.0390625
3105 -0.0947265625
3106 0.0205078125
3107 0.0859375
3108 0.044921875
3109 -0.0927734375
3110 -0.052734375
3111 0.0146484375
3112 -0.017578125
3113 -0.1318359375
3114 -0.046875
3115 0.0185546875
3116 -0.013671875
3117 -0.12890625
3118 -0.04296875
3119 0.021484375
3120 -0.01171875
3121 -0.15625
3122 -0.0263671875
3123 0.0458984375
3124 0.0146484375
3125 -0.0419921875
3126 0.068359375
3127 0.134765625
3128 0.08203125
3129 -0.01171875
3130 0.0361328125
3131 0.0908203125
3132 0.0380859375
3133 -0.0927734375
3134 0.0224609375
3135 0.08984375
3136 0.046875
3137 -0.0908203125
3138 -0.048828125
3139 0.0166015625
3140 -0.0166015625
3141 -0.1318359375
3142 -0.0458984375
3143 0.0205078125
3144 -0.0107421875
3145 -0.1279296875
3146 -0.041015625
3147 0.0234375
3148 -0.01171875
3149 -0.15625
3150 -0.02734375
3151 0.0478515625
3152 0.0146484375
3153 -0.0400390625
3154 0.0703125
3155 0.134765625
3156 0.08203125
3157 -0.009765625
3158 0.037109375
3159 0.0908203125
3160 0.0380859375
3161 -0.095703125
3162 0.021484375
3163 0.0888671875
3164 0.0458984375
3165 -0.0927734375
3166 -0.0498046875
3167 0.015625
3168 -0.017578125
3169 -0.1328125
3170 -0.046875
3171 0.0205078125
3172 -0.0146484375
3173 -0.12890625
3174 -0.044921875
3175 0.0205078125
3176 -0.0126953125
3177 -0.154296875
3178 -0.029296875
3179 0.0458984375
3180 0.015625
3181 -0.041015625
3182 0.0703125
3183 0.134765625
3184 0.0830078125
3185 -0.0126953125
3186 0.0380859375
3187 0.0927734375
3188 0.0380859375
3189 -0.095703125
3190 0.0224609375
3191 0.0908203125
3192 0.044921875
3193 -0.091796875
3194 -0.0517578125
3195 0.0205078125
3196 -0.017578125
3197 -0.1337890625
3198 -0.0458984375
3199 0.0234375
3200 -0.013671875
3201 -0.12890625
3202 -0.0419921875
3203 0.025390625
3204 -0.0126953125
3205 -0.1572265625
3206 -0.029296875
3207 0.046875
3208 0.0146484375
3209 -0.0419921875
3210 0.0693359375
3211 0.134765625
3212 0.083984375
3213 -0.0126953125
3214 0.0361328125
3215 0.0888671875
3216 0.0380859375
3217 -0.0947265625
3218 0.01953125
3219 0.0849609375
3220 0.0439453125
3221 -0.091796875
3222 -0.0537109375
3223 0.0107421875
3224 -0.017578125
3225 -0.1318359375
3226 -0.0498046875
3227 0.017578125
3228 -0.01171875
3229 -0.1259765625
3230 -0.0439453125
3231 0.01953125
3232 -0.0126953125
3233 -0.1552734375
3234 -0.0263671875
3235 0.0439453125
3236 0.0166015625
3237 -0.0390625
3238 0.0703125
3239 0.1318359375
3240 0.083984375
3241 -0.0107421875
3242 0.037109375
3243 0.08984375
3244 0.0390625
3245 -0.091796875
3246 0.0224609375
3247 0.0859375
3248 0.0458984375
3249 -0.0888671875
3250 -0.0517578125
3251 0.013671875
3252 -0.015625
3253 -0.130859375
3254 -0.0478515625
3255 0.01953125
3256 -0.01171875
3257 -0.1279296875
3258 -0.04296875
3259 0.0205078125
3260 -0.01171875
3261 -0.1552734375
3262 -0.0302734375
3263 0.04296875
3264 0.0146484375
3265 -0.0400390625
3266 0.0693359375
3267 0.130859375
3268 0.0830078125
3269 -0.009765625
3270 0.0361328125
3271 0.0869140625
3272 0.0380859375
3273 -0.091796875
3274 0.0205078125
3275 0.083984375
3276 0.046875
3277 -0.091796875
3278 -0.052734375
3279 0.01171875
3280 -0.015625
3281 -0.130859375
3282 -0.046875
3283 0.0205078125
3284 -0.01171875
3285 -0.1240234375
3286 -0.0419921875
3287 0.0224609375
3288 -0.0107421875
3289 -0.12890625
3290 -0.009765625
3291 0.064453125
3292 0.0283203125
3293 -0.08203125
3294 -0.0361328125
3295 0.02734375
3296 -0.0068359375
3297 -0.1669921875
3298 -0.0908203125
3299 -0.015625
3300 -0.0390625
3301 -0.134765625
3302 -0.046875
3303 0.0224609375
3304 -0.0107421875
3305 -0.177734375
3306 -0.1123046875
3307 -0.0302734375
3308 -0.048828125
3309 -0.2060546875
3310 -0.1279296875
3311 -0.041015625
3312 -0.0576171875
3313 -0.1591796875
3314 -0.0673828125
3315 0.0048828125
3316 -0.0224609375
3317 -0.1162109375
3318 -0.0302734375
3319 0.03515625
3320 0.001953125
3321 -0.1083984375
3322 0.013671875
3323 0.08203125
3324 0.0458984375
3325 -0.0751953125
3326 -0.0341796875
3327 0.033203125
3328 -0.0009765625
3329 -0.115234375
3330 -0.0322265625
3331 0.037109375
3332 0.0029296875
3333 -0.1171875
3334 -0.0322265625
3335 0.0361328125
3336 0.0009765625
3337 -0.10546875
3338 -0.0224609375
3339 0.0458984375
3340 0.0087890625
3341 -0.0927734375
3342 -0.015625
3343 0.0498046875
3344 0.013671875
3345 -0.1142578125
3346 -0.02734375
3347 0.0361328125
3348 0.0
3349 -0.1865234375
3350 -0.1123046875
3351 -0.0302734375
3352 -0.046875
3353 -0.2080078125
3354 -0.130859375
3355 -0.0537109375
3356 -0.0498046875
3357 -0.1396484375
3358 -0.0673828125
3359 -0.0087890625
3360 -0.013671875
3361 -0.142578125
3362 -0.0712890625
3363 -0.0146484375
3364 -0.015625
3365 -0.1552734375
3366 -0.0419921875
3367 0.0205078125
3368 0.01953125
3369 -0.0498046875
3370 0.0458984375
3371 0.0966796875
3372 0.080078125
3373 0.029296875
3374 0.1142578125
3375 0.1552734375
3376 0.1240234375
3377 0.048828125
3378 0.0654296875
3379 0.1025390625
3380 0.072265625
3381 -0.021484375
3382 0.0263671875
3383 0.068359375
3384 0.046875
3385 -0.0556640625
3386 0.005859375
3387 0.044921875
3388 0.0263671875
3389 -0.076171875
3390 -0.0126953125
3391 0.02734375
3392 0.0146484375
3393 -0.099609375
3394 0.0029296875
3395 0.0546875
3396 0.046875
3397 -0.1025390625
3398 -0.0751953125
3399 -0.017578125
3400 -0.0185546875
3401 -0.197265625
3402 -0.13671875
3403 -0.06640625
3404 -0.0546875
3405 -0.15625
3406 -0.0771484375
3407 -0.01953125
3408 -0.0205078125
3409 -0.162109375
3410 -0.087890625
3411 -0.0283203125
3412 -0.025390625
3413 -0.1552734375
3414 -0.0400390625
3415 0.0205078125
3416 0.0234375
3417 -0.0576171875
3418 0.0361328125
3419 0.0888671875
3420 0.0732421875
3421 -0.0048828125
3422 0.080078125
3423 0.123046875
3424 0.1005859375
3425 0.021484375
3426 0.099609375
3427 0.1416015625
3428 0.1142578125
3429 0.025390625
3430 0.103515625
3431 0.1435546875
3432 0.115234375
3433 0.01953125
3434 0.095703125
3435 0.1337890625
3436 0.1083984375
3437 0.001953125
3438 0.083984375
3439 0.123046875
3440 0.0986328125
3441 0.0390625
3442 0.1181640625
3443 0.1552734375
3444 0.123046875
3445 0.017578125
3446 0.033203125
3447 0.068359375
3448 0.0439453125
3449 -0.064453125
3450 -0.0107421875
3451 0.033203125
3452 0.0166015625
3453 -0.1240234375
3454 -0.060546875
3455 -0.005859375
3456 -0.015625
3457 -0.1474609375
3458 -0.037109375
3459 0.0224609375
3460 0.0166015625
3461 -0.064453125
3462 0.029296875
3463 0.0791015625
3464 0.0615234375
3465 -0.02734375
3466 0.060546875
3467 0.1044921875
3468 0.0810546875
3469 -0.0205078125
3470 0.0615234375
3471 0.1064453125
3472 0.08203125
3473 -0.0283203125
3474 0.056640625
3475 0.1025390625
3476 0.0791015625
3477 0.0146484375
3478 0.0947265625
3479 0.1328125
3480 0.1005859375
3481 -0.0205078125
3482 -0.0029296875
3483 0.037109375
3484 0.017578125
3485 -0.142578125
3486 -0.03515625
3487 0.021484375
3488 0.0166015625
3489 -0.0966796875
3490 -0.0703125
3491 -0.017578125
3492 -0.0244140625
3493 -0.12109375
3494 -0.0166015625
3495 0.0400390625
3496 0.02734375
3497 -0.0615234375
3498 -0.0576171875
3499 -0.00390625
3500 -0.0126953125
3501 -0.1015625
3502 0.0
3503 0.0546875
3504 0.0390625
3505 -0.0498046875
3506 -0.0244140625
3507 0.021484375
3508 0.0048828125
3509 -0.0888671875
3510 -0.029296875
3511 0.0185546875
3512 0.005859375
3513 -0.138671875
3514 -0.0703125
3515 -0.017578125
3516 -0.0244140625
3517 -0.1533203125
3518 -0.0849609375
3519 -0.025390625
3520 -0.0302734375
3521 -0.1826171875
3522 -0.0673828125
3523 0.0
3524 -0.001953125
3525 -0.0869140625
3526 0.009765625
3527 0.0654296875
3528 0.05078125
3529 -0.0400390625
3530 0.048828125
3531 0.0947265625
3532 0.0751953125
3533 -0.0146484375
3534 0.0703125
3535 0.1142578125
3536 0.0888671875
3537 0.0048828125
3538 0.0849609375
3539 0.1298828125
3540 0.0986328125
3541 0.0078125
3542 0.087890625
3543 0.1279296875
3544 0.09765625
3545 -0.0009765625
3546 0.078125
3547 0.1201171875
3548 0.0888671875
3549 -0.0224609375
3550 0.0625
3551 0.1044921875
3552 0.078125
3553 0.001953125
3554 0.083984375
3555 0.12109375
3556 0.0927734375
3557 -0.0361328125
3558 -0.021484375
3559 0.0224609375
3560 0.005859375
3561 -0.09375
3562 0.0029296875
3563 0.0537109375
3564 0.037109375
3565 -0.0126953125
3566 0.0732421875
3567 0.1162109375
3568 0.0859375
3569 0.03515625
3570 0.1123046875
3571 0.1494140625
3572 0.1123046875
3573 0.0546875
3574 0.126953125
3575 0.162109375
3576 0.1240234375
3577 0.021484375
3578 0.0380859375
3579 0.0712890625
3580 0.041015625
3581 -0.0791015625
3582 -0.02734375
3583 0.0146484375
3584 -0.0029296875
3585 -0.123046875
3586 -0.060546875
3587 -0.0126953125
3588 -0.0244140625
3589 -0.13671875
3590 -0.076171875
3591 -0.0244140625
3592 -0.03125
3593 -0.14453125
3594 -0.0771484375
3595 -0.0263671875
3596 -0.0322265625
3597 -0.1455078125
3598 -0.0810546875
3599 -0.0302734375
3600 -0.0341796875
3601 -0.1748046875
3602 -0.1025390625
3603 -0.0439453125
3604 -0.0478515625
3605 -0.150390625
3606 -0.0419921875
3607 0.0146484375
3608 0.0087890625
3609 -0.119140625
3610 -0.091796875
3611 -0.033203125
3612 -0.037109375
3613 -0.134765625
3614 -0.0693359375
3615 -0.015625
3616 -0.0234375
3617 -0.1259765625
3618 -0.0556640625
3619 -0.01171875
3620 -0.0185546875
3621 -0.1318359375
3622 -0.0625
3623 -0.0146484375
3624 -0.017578125
3625 -0.173828125
3626 -0.0595703125
3627 -0.0009765625
3628 -0.0009765625
3629 -0.068359375
3630 0.02734375
3631 0.0751953125
3632 0.0595703125
3633 -0.0693359375
3634 0.021484375
3635 0.0703125
3636 0.052734375
3637 -0.087890625
3638 -0.0703125
3639 -0.017578125
3640 -0.0224609375
3641 -0.1884765625
3642 -0.1142578125
3643 -0.0498046875
3644 -0.044921875
3645 -0.150390625
3646 -0.0751953125
3647 -0.0234375
3648 -0.0263671875
3649 -0.1123046875
3650 -0.0078125
3651 0.0439453125
3652 0.037109375
3653 -0.0556640625
3654 -0.0537109375
3655 0.0
3656 -0.0048828125
3657 -0.115234375
3658 -0.0146484375
3659 0.0419921875
3660 0.033203125
3661 -0.0595703125
3662 0.0302734375
3663 0.08203125
3664 0.06640625
3665 -0.037109375
3666 -0.015625
3667 0.02734375
3668 0.013671875
3669 -0.1103515625
3670 -0.005859375
3671 0.04296875
3672 0.0361328125
3673 -0.10546875
3674 -0.0771484375
3675 -0.0244140625
3676 -0.0263671875
3677 -0.2119140625
3678 -0.1318359375
3679 -0.0625
3680 -0.0546875
3681 -0.1611328125
3682 -0.087890625
3683 -0.029296875
3684 -0.029296875
3685 -0.1630859375
3686 -0.0859375
3687 -0.0302734375
3688 -0.02734375
3689 -0.193359375
3690 -0.0703125
3691 -0.0087890625
3692 0.0
3693 -0.0537109375
3694 0.0419921875
3695 0.0888671875
3696 0.0732421875
3697 -0.0068359375
3698 0.0810546875
3699 0.1220703125
3700 0.099609375
3701 0.0048828125
3702 0.0849609375
3703 0.125
3704 0.1015625
3705 0.04296875
3706 0.1181640625
3707 0.1533203125
3708 0.1240234375
3709 0.0341796875
3710 0.0458984375
3711 0.0791015625
3712 0.056640625
3713 -0.0439453125
3714 0.009765625
3715 0.048828125
3716 0.03125
3717 -0.076171875
3718 -0.0185546875
3719 0.0244140625
3720 0.0126953125
3721 -0.1572265625
3722 -0.0498046875
3723 0.0078125
3724 0.0087890625
3725 -0.1357421875
3726 -0.1064453125
3727 -0.0458984375
3728 -0.0400390625
3729 -0.212890625
3730 -0.087890625
3731 -0.017578125
3732 -0.01171875
3733 -0.0625
3734 0.033203125
3735 0.0810546875
3736 0.0654296875
3737 -0.0087890625
3738 0.076171875
3739 0.1162109375
3740 0.09375
3741 0.005859375
3742 0.0869140625
3743 0.123046875
3744 0.099609375
3745 0.0517578125
3746 0.1259765625
3747 0.16015625
3748 0.126953125
3749 0.0205078125
3750 0.033203125
3751 0.0673828125
3752 0.0458984375
3753 -0.1328125
3754 -0.08203125
3755 -0.0283203125
3756 -0.0283203125
3757 -0.1318359375
3758 -0.0673828125
3759 -0.0146484375
3760 -0.017578125
3761 -0.158203125
3762 -0.0849609375
3763 -0.033203125
3764 -0.03125
3765 -0.16796875
3766 -0.0546875
3767 0.005859375
3768 0.0068359375
3769 -0.0810546875
3770 0.013671875
3771 0.0673828125
3772 0.0537109375
3773 -0.037109375
3774 0.0478515625
3775 0.095703125
3776 0.076171875
3777 -0.013671875
3778 0.068359375
3779 0.1103515625
3780 0.087890625
3781 -0.005859375
3782 0.0732421875
3783 0.115234375
3784 0.0908203125
3785 -0.0107421875
3786 0.068359375
3787 0.1083984375
3788 0.0859375
3789 -0.0322265625
3790 0.0498046875
3791 0.091796875
3792 0.072265625
3793 -0.015625
3794 0.064453125
3795 0.10546875
3796 0.0830078125
3797 0.0302734375
3798 0.107421875
3799 0.1435546875
3800 0.111328125
3801 0.060546875
3802 0.1328125
3803 0.1650390625
3804 0.1298828125
3805 0.0419921875
3806 0.060546875
3807 0.0888671875
3808 0.056640625
3809 -0.0712890625
3810 -0.0234375
3811 0.0146484375
3812 0.001953125
3813 -0.14453125
3814 -0.083984375
3815 -0.0302734375
3816 -0.033203125
3817 -0.1396484375
3818 -0.037109375
3819 0.0166015625
3820 0.01171875
3821 -0.0283203125
3822 0.0576171875
3823 0.1005859375
3824 0.078125
3825 0.0458984375
3826 0.1201171875
3827 0.1572265625
3828 0.123046875
3829 0.078125
3830 0.1494140625
3831 0.181640625
3832 0.140625
3833 0.08203125
3834 0.1494140625
3835 0.1787109375
3836 0.1357421875
3837 0.087890625
3838 0.1533203125
3839 0.1826171875
3840 0.1396484375
3841 0.05859375
3842 0.0771484375
3843 0.1015625
3844 0.0634765625
3845 -0.0283203125
3846 0.0498046875
3847 0.0888671875
3848 0.0615234375
3849 -0.033203125
3850 -0.015625
3851 0.0205078125
3852 0.0009765625
3853 -0.103515625
3854 -0.0458984375
3855 -0.00390625
3856 -0.0185546875
3857 -0.1162109375
3858 -0.05859375
3859 -0.0126953125
3860 -0.0263671875
3861 -0.1328125
3862 -0.072265625
3863 -0.0224609375
3864 -0.0361328125
3865 -0.134765625
3866 -0.0703125
3867 -0.01953125
3868 -0.033203125
3869 -0.177734375
3870 -0.1044921875
3871 -0.052734375
3872 -0.0576171875
3873 -0.2021484375
3874 -0.1240234375
3875 -0.06640625
3876 -0.06640625
3877 -0.1875
3878 -0.0751953125
3879 -0.01171875
3880 -0.0146484375
3881 -0.078125
3882 0.0126953125
3883 0.0634765625
3884 0.0439453125
3885 -0.02734375
3886 0.0556640625
3887 0.099609375
3888 0.0712890625
3889 0.0
3890 0.0771484375
3891 0.1171875
3892 0.0859375
3893 0.0068359375
3894 0.0830078125
3895 0.119140625
3896 0.08984375
3897 0.0322265625
3898 0.1044921875
3899 0.1416015625
3900 0.10546875
3901 0.0283203125
3902 0.0419921875
3903 0.07421875
3904 0.0439453125
3905 -0.056640625
3906 -0.00390625
3907 0.033203125
3908 0.0078125
3909 -0.091796875
3910 -0.0341796875
3911 0.00390625
3912 -0.0126953125
3913 -0.095703125
3914 -0.0048828125
3915 0.044921875
3916 0.0263671875
3917 -0.0107421875
3918 0.068359375
3919 0.109375
3920 0.080078125
3921 -0.0185546875
3922 -0.001953125
3923 0.033203125
3924 0.0087890625
3925 -0.1484375
3926 -0.0458984375
3927 0.0048828125
3928 -0.00390625
3929 -0.134765625
3930 -0.111328125
3931 -0.052734375
3932 -0.056640625
3933 -0.1611328125
3934 -0.0537109375
3935 0.0048828125
3936 -0.00390625
3937 -0.07421875
3938 0.015625
3939 0.0625
3940 0.04296875
3941 -0.05078125
3942 -0.03125
3943 0.0087890625
3944 -0.005859375
3945 -0.1474609375
3946 -0.080078125
3947 -0.03515625
3948 -0.041015625
3949 -0.1953125
3950 -0.1259765625
3951 -0.064453125
3952 -0.0634765625
3953 -0.197265625
3954 -0.12109375
3955 -0.0615234375
3956 -0.0615234375
3957 -0.15625
3958 -0.08203125
3959 -0.0283203125
3960 -0.0361328125
3961 -0.158203125
3962 -0.0498046875
3963 0.005859375
3964 0.0
3965 -0.1669921875
3966 -0.1357421875
3967 -0.07421875
3968 -0.0673828125
3969 -0.1826171875
3970 -0.109375
3971 -0.05078125
3972 -0.0478515625
3973 -0.1279296875
3974 -0.0595703125
3975 -0.0087890625
3976 -0.017578125
3977 -0.1416015625
3978 -0.0712890625
3979 -0.021484375
3980 -0.0283203125
3981 -0.173828125
3982 -0.064453125
3983 -0.0009765625
3984 -0.0009765625
3985 -0.0419921875
3986 0.048828125
3987 0.09375
3988 0.0732421875
3989 0.01953125
3990 0.1015625
3991 0.1376953125
3992 0.1064453125
3993 0.0
3994 0.0185546875
3995 0.052734375
3996 0.0302734375
3997 -0.0947265625
3998 -0.0341796875
3999 -0.0185546875
4000 0.0263671875
4001 -0.0322265625
4002 0.0029296875
4003 0.0126953125
4004 0.052734375
4005 0.025390625
4006 0.052734375
4007 0.0537109375
4008 0.0859375
4009 0.01171875
4010 -0.0283203125
4011 -0.0263671875
4012 0.0126953125
4013 -0.0556640625
4014 -0.0537109375
4015 -0.044921875
4016 -0.001953125
4017 -0.1025390625
4018 -0.0888671875
4019 -0.078125
4020 -0.0283203125
4021 -0.1171875
4022 -0.0634765625
4023 -0.0419921875
4024 0.0087890625
4025 -0.0390625
4026 -0.0029296875
4027 0.009765625
4028 0.0517578125
4029 0.001953125
4030 0.0302734375
4031 0.03515625
4032 0.0712890625
4033 0.0244140625
4034 0.048828125
4035 0.0517578125
4036 0.0849609375
4037 0.033203125
4038 0.0556640625
4039 0.056640625
4040 0.087890625
4041 0.0283203125
4042 0.0498046875
4043 0.05078125
4044 0.08203125
4045 0.0048828125
4046 0.03125
4047 0.033203125
4048 0.068359375
4049 0.01953125
4050 0.0419921875
4051 0.0458984375
4052 0.078125
4053 0.0693359375
4054 0.0869140625
4055 0.0830078125
4056 0.1064453125
4057 0.099609375
4058 0.111328125
4059 0.103515625
4060 0.1259765625
4061 0.080078125
4062 0.041015625
4063 0.029296875
4064 0.0537109375
4065 -0.0341796875
4066 -0.0439453125
4067 -0.041015625
4068 -0.0029296875
4069 -0.109375
4070 -0.1025390625
4071 -0.0869140625
4072 -0.037109375
4073 -0.10546875
4074 -0.056640625
4075 -0.0390625
4076 0.0068359375
4077 0.0087890625
4078 0.0380859375
4079 0.04296875
4080 0.07421875
4081 0.083984375
4082 0.1005859375
4083 0.0986328125
4084 0.12109375
4085 0.1181640625
4086 0.126953125
4087 0.1220703125
4088 0.138671875
4089 0.123046875
4090 0.1279296875
4091 0.119140625
4092 0.134765625
4093 0.12890625
4094 0.1328125
4095 0.123046875
4096 0.138671875
4097 0.1005859375
4098 0.060546875
4099 0.0458984375
4100 0.0625
4101 0.0126953125
4102 0.033203125
4103 0.03125
4104 0.0615234375
4105 0.005859375
4106 -0.0302734375
4107 -0.0341796875
4108 0.0
4109 -0.068359375
4110 -0.06640625
4111 -0.0625
4112 -0.0244140625
4113 -0.080078125
4114 -0.0751953125
4115 -0.0673828125
4116 -0.0263671875
4117 -0.0986328125
4118 -0.091796875
4119 -0.0810546875
4120 -0.0361328125
4121 -0.123046875
4122 -0.1123046875
4123 -0.09765625
4124 -0.048828125
4125 -0.1083984375
4126 -0.099609375
4127 -0.0869140625
4128 -0.0380859375
4129 -0.0888671875
4130 -0.0771484375
4131 -0.0693359375
4132 -0.0244140625
4133 -0.0927734375
4134 -0.0810546875
4135 -0.0693359375
4136 -0.0263671875
4137 -0.1435546875
4138 -0.1474609375
4139 -0.123046875
4140 -0.0654296875
4141 -0.125
4142 -0.1103515625
4143 -0.091796875
4144 -0.041015625
4145 -0.109375
4146 -0.0927734375
4147 -0.0830078125
4148 -0.0322265625
4149 -0.0791015625
4150 -0.033203125
4151 -0.021484375
4152 0.025390625
4153 -0.02734375
4154 -0.0810546875
4155 -0.06640625
4156 -0.017578125
4157 -0.0927734375
4158 -0.046875
4159 -0.029296875
4160 0.017578125
4161 -0.0390625
4162 -0.0029296875
4163 0.0068359375
4164 0.048828125
4165 -0.013671875
4166 -0.048828125
4167 -0.0439453125
4168 -0.001953125
4169 -0.0830078125
4170 -0.0361328125
4171 -0.0234375
4172 0.0224609375
4173 -0.0888671875
4174 -0.11328125
4175 -0.0966796875
4176 -0.04296875
4177 -0.1796875
4178 -0.1474609375
4179 -0.12109375
4180 -0.0615234375
4181 -0.1376953125
4182 -0.1123046875
4183 -0.095703125
4184 -0.0419921875
4185 -0.115234375
4186 -0.0947265625
4187 -0.0791015625
4188 -0.0283203125
4189 -0.134765625
4190 -0.1162109375
4191 -0.0947265625
4192 -0.0380859375
4193 -0.1064453125
4194 -0.087890625
4195 -0.072265625
4196 -0.021484375
4197 -0.1015625
4198 -0.0869140625
4199 -0.0712890625
4200 -0.021484375
4201 -0.12890625
4202 -0.1083984375
4203 -0.0869140625
4204 -0.03125
4205 -0.099609375
4206 -0.0458984375
4207 -0.02734375
4208 0.025390625
4209 0.03125
4210 0.060546875
4211 0.0654296875
4212 0.0986328125
4213 0.1103515625
4214 0.125
4215 0.123046875
4216 0.1474609375
4217 0.1474609375
4218 0.1552734375
4219 0.1494140625
4220 0.1669921875
4221 0.1513671875
4222 0.158203125
4223 0.1455078125
4224 0.162109375
4225 0.1552734375
4226 0.1591796875
4227 0.1484375
4228 0.1630859375
4229 0.1240234375
4230 0.0849609375
4231 0.0693359375
4232 0.087890625
4233 0.0390625
4234 0.056640625
4235 0.0576171875
4236 0.0869140625
4237 0.0283203125
4238 -0.0087890625
4239 -0.01171875
4240 0.0224609375
4241 -0.0439453125
4242 -0.04296875
4243 -0.0400390625
4244 0.001953125
4245 -0.0556640625
4246 -0.0517578125
4247 -0.046875
4248 -0.00390625
4249 -0.076171875
4250 -0.0673828125
4251 -0.0595703125
4252 -0.015625
4253 -0.103515625
4254 -0.0908203125
4255 -0.076171875
4256 -0.02734375
4257 -0.0849609375
4258 -0.080078125
4259 -0.068359375
4260 -0.01953125
4261 -0.06640625
4262 -0.0576171875
4263 -0.048828125
4264 -0.0078125
4265 -0.0712890625
4266 -0.060546875
4267 -0.0517578125
4268 -0.0068359375
4269 -0.125
4270 -0.1279296875
4271 -0.10546875
4272 -0.0478515625
4273 -0.1064453125
4274 -0.0927734375
4275 -0.076171875
4276 -0.0244140625
4277 -0.0908203125
4278 -0.076171875
4279 -0.064453125
4280 -0.017578125
4281 -0.0625
4282 -0.0185546875
4283 -0.0068359375
4284 0.0400390625
4285 -0.013671875
4286 -0.0654296875
4287 -0.0517578125
4288 -0.0029296875
4289 -0.0703125
4290 -0.0244140625
4291 -0.0107421875
4292 0.037109375
4293 -0.0078125
4294 0.025390625
4295 0.033203125
4296 0.072265625
4297 0.0087890625
4298 -0.0263671875
4299 -0.0224609375
4300 0.0185546875
4301 -0.0634765625
4302 -0.0185546875
4303 -0.0087890625
4304 0.037109375
4305 -0.060546875
4306 -0.087890625
4307 -0.0751953125
4308 -0.0205078125
4309 -0.158203125
4310 -0.1279296875
4311 -0.1044921875
4312 -0.04296875
4313 -0.1220703125
4314 -0.09765625
4315 -0.0810546875
4316 -0.0263671875
4317 -0.1025390625
4318 -0.083984375
4319 -0.0673828125
4320 -0.0166015625
4321 -0.1240234375
4322 -0.10546875
4323 -0.0849609375
4324 -0.02734375
4325 -0.0966796875
4326 -0.0810546875
4327 -0.0634765625
4328 -0.0126953125
4329 -0.09375
4330 -0.0791015625
4331 -0.0654296875
4332 -0.01171875
4333 -0.1259765625
4334 -0.1015625
4335 -0.0810546875
4336 -0.0224609375
4337 -0.091796875
4338 -0.0361328125
4339 -0.01953125
4340 0.033203125
4341 0.0390625
4342 0.0693359375
4343 0.072265625
4344 0.107421875
4345 0.1201171875
4346 0.1337890625
4347 0.1318359375
4348 0.154296875
4349 0.1552734375
4350 0.162109375
4351 0.1552734375
4352 0.173828125
4353 0.158203125
4354 0.1640625
4355 0.1513671875
4356 0.1708984375
4357 0.162109375
4358 0.16796875
4359 0.15625
4360 0.1728515625
4361 0.1328125
4362 0.0927734375
4363 0.0771484375
4364 0.095703125
4365 0.046875
4366 0.0654296875
4367 0.0634765625
4368 0.0927734375
4369 0.037109375
4370 -0.001953125
4371 -0.0048828125
4372 0.0283203125
4373 -0.0390625
4374 -0.0380859375
4375 -0.033203125
4376 0.005859375
4377 -0.0517578125
4378 -0.046875
4379 -0.0419921875
4380 0.0009765625
4381 -0.0703125
4382 -0.0615234375
4383 -0.0556640625
4384 -0.009765625
4385 -0.0986328125
4386 -0.0830078125
4387 -0.0712890625
4388 -0.0224609375
4389 -0.08203125
4390 -0.0732421875
4391 -0.0615234375
4392 -0.0146484375
4393 -0.0615234375
4394 -0.0517578125
4395 -0.0419921875
4396 -0.0009765625
4397 -0.06640625
4398 -0.0556640625
4399 -0.0458984375
4400 -0.001953125
4401 -0.1181640625
4402 -0.12109375
4403 -0.1005859375
4404 -0.0390625
4405 -0.1015625
4406 -0.087890625
4407 -0.0693359375
4408 -0.017578125
4409 -0.0869140625
4410 -0.0703125
4411 -0.0595703125
4412 -0.0126953125
4413 -0.05859375
4414 -0.015625
4415 0.0009765625
4416 0.0439453125
4417 -0.0068359375
4418 -0.0625
4419 -0.044921875
4420 0.0
4421 -0.068359375
4422 -0.021484375
4423 -0.0068359375
4424 0.0400390625
4425 -0.005859375
4426 0.02734375
4427 0.0361328125
4428 0.0751953125
4429 0.0107421875
4430 -0.0234375
4431 -0.01953125
4432 0.0205078125
4433 -0.0615234375
4434 -0.015625
4435 -0.0048828125
4436 0.041015625
4437 -0.0556640625
4438 -0.0859375
4439 -0.0693359375
4440 -0.021484375
4441 -0.154296875
4442 -0.1259765625
4443 -0.09765625
4444 -0.041015625
4445 -0.119140625
4446 -0.095703125
4447 -0.078125
4448 -0.0244140625
4449 -0.0986328125
4450 -0.0810546875
4451 -0.0634765625
4452 -0.01171875
4453 -0.1201171875
4454 -0.1015625
4455 -0.0791015625
4456 -0.0234375
4457 -0.09375
4458 -0.0771484375
4459 -0.05859375
4460 -0.009765625
4461 -0.087890625
4462 -0.0771484375
4463 -0.0595703125
4464 -0.0087890625
4465 -0.12109375
4466 -0.1015625
4467 -0.0771484375
4468 -0.01953125
4469 -0.091796875
4470 -0.03515625
4471 -0.0166015625
4472 0.03515625
4473 0.041015625
4474 0.072265625
4475 0.0771484375
4476 0.109375
4477 0.1201171875
4478 0.1376953125
4479 0.134765625
4480 0.15625
4481 0.158203125
4482 0.166015625
4483 0.1591796875
4484 0.17578125
4485 0.1611328125
4486 0.166015625
4487 0.15625
4488 0.171875
4489 0.1669921875
4490 0.1708984375
4491 0.158203125
4492 0.17578125
4493 0.13671875
4494 0.0947265625
4495 0.080078125
4496 0.099609375
4497 0.0478515625
4498 0.0693359375
4499 0.06640625
4500 0.0966796875
4501 0.0390625
4502 0.0
4503 -0.001953125
4504 0.03125
4505 -0.0341796875
4506 -0.0341796875
4507 -0.029296875
4508 0.009765625
4509 -0.0478515625
4510 -0.04296875
4511 -0.037109375
4512 0.0029296875
4513 -0.0693359375
4514 -0.060546875
4515 -0.052734375
4516 -0.0068359375
4517 -0.0966796875
4518 -0.08203125
4519 -0.0693359375
4520 -0.01953125
4521 -0.080078125
4522 -0.068359375
4523 -0.060546875
4524 -0.0126953125
4525 -0.0595703125
4526 -0.0498046875
4527 -0.0419921875
4528 0.0
4529 -0.064453125
4530 -0.0537109375
4531 -0.04296875
4532 0.0
4533 -0.1142578125
4534 -0.1201171875
4535 -0.0986328125
4536 -0.0400390625
4537 -0.0986328125
4538 -0.083984375
4539 -0.068359375
4540 -0.0166015625
4541 -0.083984375
4542 -0.0673828125
4543 -0.05859375
4544 -0.009765625
4545 -0.0556640625
4546 -0.0107421875
4547 0.0029296875
4548 0.0458984375
4549 -0.00390625
4550 -0.0595703125
4551 -0.0439453125
4552 0.00390625
4553 -0.0634765625
4554 -0.0185546875
4555 -0.0029296875
4556 0.0419921875
4557 -0.00390625
4558 0.029296875
4559 0.0390625
4560 0.0771484375
4561 0.0107421875
4562 -0.0224609375
4563 -0.0185546875
4564 0.0224609375
4565 -0.0634765625
4566 -0.0146484375
4567 -0.0048828125
4568 0.0419921875
4569 -0.0576171875
4570 -0.0859375
4571 -0.0693359375
4572 -0.0205078125
4573 -0.1533203125
4574 -0.1279296875
4575 -0.0986328125
4576 -0.0419921875
4577 -0.1171875
4578 -0.09375
4579 -0.0751953125
4580 -0.0234375
4581 -0.09765625
4582 -0.078125
4583 -0.0625
4584 -0.0107421875
4585 -0.1162109375
4586 -0.09765625
4587 -0.0771484375
4588 -0.0205078125
4589 -0.08984375
4590 -0.0732421875
4591 -0.056640625
4592 -0.005859375
4593 -0.0859375
4594 -0.0732421875
4595 -0.0576171875
4596 -0.0068359375
4597 -0.12109375
4598 -0.1015625
4599 -0.0751953125
4600 -0.0185546875
4601 -0.0888671875
4602 -0.03125
4603 -0.0126953125
4604 0.0380859375
4605 0.0419921875
4606 0.0732421875
4607 0.0791015625
4608 0.111328125
4609 0.12109375
4610 0.138671875
4611 0.1357421875
4612 0.1572265625
4613 0.15625
4614 0.1689453125
4615 0.16015625
4616 0.177734375
4617 0.1611328125
4618 0.1669921875
4619 0.1572265625
4620 0.173828125
4621 0.166015625
4622 0.171875
4623 0.162109375
4624 0.1767578125
4625 0.138671875
4626 0.0966796875
4627 0.0830078125
4628 0.1005859375
4629 0.048828125
4630 0.0712890625
4631 0.068359375
4632 0.09765625
4633 0.041015625
4634 0.00390625
4635 0.0
4636 0.0341796875
4637 -0.033203125
4638 -0.0322265625
4639 -0.029296875
4640 0.0107421875
4641 -0.044921875
4642 -0.0419921875
4643 -0.0341796875
4644 0.0048828125
4645 -0.064453125
4646 -0.05859375
4647 -0.05078125
4648 -0.0068359375
4649 -0.0927734375
4650 -0.0810546875
4651 -0.0673828125
4652 -0.017578125
4653 -0.0791015625
4654 -0.0693359375
4655 -0.05859375
4656 -0.009765625
4657 -0.0595703125
4658 -0.0478515625
4659 -0.041015625
4660 0.001953125
4661 -0.0634765625
4662 -0.0517578125
4663 -0.0419921875
4664 0.0
4665 -0.115234375
4666 -0.1201171875
4667 -0.095703125
4668 -0.0380859375
4669 -0.09765625
4670 -0.083984375
4671 -0.0654296875
4672 -0.0146484375
4673 -0.08203125
4674 -0.0654296875
4675 -0.056640625
4676 -0.0078125
4677 -0.0537109375
4678 -0.0087890625
4679 0.0029296875
4680 0.0498046875
4681 -0.0029296875
4682 -0.056640625
4683 -0.0419921875
4684 0.005859375
4685 -0.0615234375
4686 -0.017578125
4687 -0.001953125
4688 0.044921875
4689 -0.0029296875
4690 0.029296875
4691 0.0400390625
4692 0.0771484375
4693 0.013671875
4694 -0.0224609375
4695 -0.0185546875
4696 0.0234375
4697 -0.060546875
4698 -0.013671875
4699 -0.00390625
4700 0.0439453125
4701 -0.0546875
4702 -0.08203125
4703 -0.068359375
4704 -0.0166015625
4705 -0.1552734375
4706 -0.123046875
4707 -0.0986328125
4708 -0.0390625
4709 -0.1171875
4710 -0.09375
4711 -0.0771484375
4712 -0.021484375
4713 -0.09765625
4714 -0.0791015625
4715 -0.0615234375
4716 -0.009765625
4717 -0.1162109375
4718 -0.099609375
4719 -0.0771484375
4720 -0.01953125
4721 -0.0908203125
4722 -0.072265625
4723 -0.056640625
4724 -0.0048828125
4725 -0.0849609375
4726 -0.072265625
4727 -0.056640625
4728 -0.0029296875
4729 -0.1162109375
4730 -0.0966796875
4731 -0.07421875
4732 -0.0166015625
4733 -0.0859375
4734 -0.03125
4735 -0.0126953125
4736 0.0400390625
4737 0.0458984375
4738 0.0751953125
4739 0.0810546875
4740 0.11328125
4741 0.1279296875
4742 0.1416015625
4743 0.13671875
4744 0.1630859375
4745 0.1611328125
4746 0.169921875
4747 0.162109375
4748 0.1806640625
4749 0.1630859375
4750 0.169921875
4751 0.158203125
4752 0.17578125
4753 0.1669921875
4754 0.171875
4755 0.16015625
4756 0.177734375
4757 0.1376953125
4758 0.0966796875
4759 0.08203125
4760 0.1005859375
4761 0.0498046875
4762 0.0693359375
4763 0.0673828125
4764 0.09765625
4765 0.0419921875
4766 0.0029296875
4767 0.0009765625
4768 0.033203125
4769 -0.033203125
4770 -0.0322265625
4771 -0.029296875
4772 0.01171875
4773 -0.0458984375
4774 -0.041015625
4775 -0.03515625
4776 0.0078125
4777 -0.0654296875
4778 -0.0576171875
4779 -0.048828125
4780 -0.00390625
4781 -0.09375
4782 -0.080078125
4783 -0.064453125
4784 -0.015625
4785 -0.076171875
4786 -0.068359375
4787 -0.0556640625
4788 -0.0087890625
4789 -0.0576171875
4790 -0.0458984375
4791 -0.0400390625
4792 0.00390625
4793 -0.0615234375
4794 -0.05078125
4795 -0.0419921875
4796 0.0029296875
4797 -0.1142578125
4798 -0.1171875
4799 -0.095703125
4800 -0.0380859375
4801 -0.09765625
4802 -0.0830078125
4803 -0.06640625
4804 -0.0146484375
4805 -0.083984375
4806 -0.0673828125
4807 -0.056640625
4808 -0.0087890625
4809 -0.0537109375
4810 -0.0107421875
4811 0.00390625
4812 0.048828125
4813 -0.0029296875
4814 -0.0576171875
4815 -0.0419921875
4816 0.0048828125
4817 -0.0625
4818 -0.015625
4819 -0.0009765625
4820 0.0458984375
4821 -0.001953125
4822 0.0322265625
4823 0.041015625
4824 0.078125
4825 0.0166015625
4826 -0.0205078125
4827 -0.0146484375
4828 0.0244140625
4829 -0.0576171875
4830 -0.01171875
4831 -0.001953125
4832 0.0439453125
4833 -0.0517578125
4834 -0.08203125
4835 -0.06640625
4836 -0.015625
4837 -0.15234375
4838 -0.1220703125
4839 -0.0986328125
4840 -0.037109375
4841 -0.1162109375
4842 -0.0908203125
4843 -0.0732421875
4844 -0.01953125
4845 -0.0966796875
4846 -0.0771484375
4847 -0.0615234375
4848 -0.009765625
4849 -0.1181640625
4850 -0.099609375
4851 -0.076171875
4852 -0.021484375
4853 -0.08984375
4854 -0.07421875
4855 -0.0556640625
4856 -0.0068359375
4857 -0.0859375
4858 -0.0732421875
4859 -0.056640625
4860 -0.00390625
4861 -0.1201171875
4862 -0.09765625
4863 -0.0751953125
4864 -0.0166015625
4865 -0.087890625
4866 -0.03125
4867 -0.013671875
4868 0.0400390625
4869 0.044921875
4870 0.0751953125
4871 0.080078125
4872 0.11328125
4873 0.1259765625
4874 0.1416015625
4875 0.1376953125
4876 0.16015625
4877 0.1611328125
4878 0.169921875
4879 0.162109375
4880 0.1806640625
4881 0.1630859375
4882 0.169921875
4883 0.1591796875
4884 0.1767578125
4885 0.16796875
4886 0.173828125
4887 0.16015625
4888 0.1787109375
4889 0.1396484375
4890 0.0986328125
4891 0.08203125
4892 0.1015625
4893 0.0517578125
4894 0.0712890625
4895 0.0693359375
4896 0.0986328125
4897 0.041015625
4898 0.001953125
4899 0.0
4900 0.03515625
4901 -0.0322265625
4902 -0.0322265625
4903 -0.029296875
4904 0.0126953125
4905 -0.044921875
4906 -0.0419921875
4907 -0.0341796875
4908 0.005859375
4909 -0.0654296875
4910 -0.0556640625
4911 -0.05078125
4912 -0.00390625
4913 -0.0927734375
4914 -0.080078125
4915 -0.064453125
4916 -0.017578125
4917 -0.076171875
4918 -0.068359375
4919 -0.056640625
4920 -0.009765625
4921 -0.056640625
4922 -0.0458984375
4923 -0.0390625
4924 0.00390625
4925 -0.060546875
4926 -0.0498046875
4927 -0.0419921875
4928 0.0029296875
4929 -0.1142578125
4930 -0.1171875
4931 -0.0947265625
4932 -0.0361328125
4933 -0.095703125
4934 -0.08203125
4935 -0.0654296875
4936 -0.0126953125
4937 -0.0810546875
4938 -0.06640625
4939 -0.0556640625
4940 -0.005859375
4941 -0.0517578125
4942 -0.0107421875
4943 0.00390625
4944 0.048828125
4945 -0.0048828125
4946 -0.0576171875
4947 -0.0419921875
4948 0.00390625
4949 -0.0634765625
4950 -0.0166015625
4951 -0.001953125
4952 0.0439453125
4953 -0.00390625
4954 0.029296875
4955 0.0380859375
4956 0.0771484375
4957 0.01171875
4958 -0.021484375
4959 -0.017578125
4960 0.0234375
4961 -0.0576171875
4962 -0.0146484375
4963 -0.0029296875
4964 0.044921875
4965 -0.0556640625
4966 -0.08203125
4967 -0.06640625
4968 -0.015625
4969 -0.1533203125
4970 -0.1240234375
4971 -0.09765625
4972 -0.0390625
4973 -0.1171875
4974 -0.09375
4975 -0.076171875
4976 -0.0205078125
4977 -0.09765625
4978 -0.0771484375
4979 -0.0615234375
4980 -0.009765625
4981 -0.1171875
4982 -0.0966796875
4983 -0.0771484375
4984 -0.0205078125
4985 -0.087890625
4986 -0.072265625
4987 -0.0546875
4988 -0.0048828125
4989 -0.083984375
4990 -0.072265625
4991 -0.0576171875
4992 -0.00390625
4993 -0.1171875
4994 -0.0966796875
4995 -0.0751953125
4996 -0.0166015625
4997 -0.0859375
4998 -0.0302734375
4999 -0.0146484375
