x y
0 0.025390625
1 -0.08984375
2 -0.068359375
3 -0.0146484375
4 -0.0224609375
5 -0.4169921875
6 -0.0751953125
7 -0.00390625
8 -0.0341796875
9 -0.15234375
10 -0.060546875
11 0.0087890625
12 -0.0244140625
13 -0.1328125
14 -0.0068359375
15 0.06640625
16 0.0302734375
17 -0.080078125
18 -0.0595703125
19 0.015625
20 -0.017578125
21 -0.1435546875
22 -0.017578125
23 0.0595703125
24 0.0234375
25 -0.1064453125
26 -0.0615234375
27 0.009765625
28 -0.0224609375
29 -0.134765625
30 -0.0498046875
31 0.0185546875
32 -0.0126953125
33 -0.1162109375
34 -0.029296875
35 0.0361328125
36 0.0
37 -0.12109375
38 0.001953125
39 0.072265625
40 0.0361328125
41 -0.052734375
42 0.0615234375
43 0.1240234375
44 0.076171875
45 0.0126953125
46 0.1162109375
47 0.1748046875
48 0.1162109375
49 0.021484375
50 0.068359375
51 0.1171875
52 0.05859375
53 -0.0703125
54 0.0419921875
55 0.1064453125
56 0.0576171875
57 -0.080078125
58 -0.037109375
59 0.029296875
60 -0.0107421875
61 -0.1279296875
62 -0.037109375
63 0.033203125
64 -0.009765625
65 -0.1259765625
66 -0.037109375
67 0.0322265625
68 -0.0107421875
69 -0.1552734375
70 -0.0234375
71 0.0537109375
72 0.0166015625
73 -0.0419921875
74 0.0732421875
75 0.140625
76 0.08203125
77 -0.01171875
78 0.0400390625
79 0.095703125
80 0.0380859375
81 -0.09375
82 0.025390625
83 0.095703125
84 0.046875
85 -0.091796875
86 -0.046875
87 0.0224609375
88 -0.0166015625
89 -0.1337890625
90 -0.044921875
91 0.0283203125
92 -0.0146484375
93 -0.12890625
94 -0.041015625
95 0.0283203125
96 -0.01171875
97 -0.1552734375
98 -0.025390625
99 0.0517578125
100 0.015625
101 -0.041015625
102 0.07421875
103 0.1376953125
104 0.0830078125
105 -0.0126953125
106 0.0400390625
107 0.095703125
108 0.0380859375
109 -0.091796875
110 0.0263671875
111 0.091796875
112 0.0458984375
113 -0.091796875
114 -0.0498046875
115 0.021484375
116 -0.017578125
117 -0.1328125
118 -0.0458984375
119 0.025390625
120 -0.015625
121 -0.1298828125
122 -0.0419921875
123 0.02734375
124 -0.013671875
125 -0.1591796875
126 -0.02734375
127 0.0498046875
128 0.0146484375
129 -0.0439453125
130 0.072265625
131 0.13671875
132 0.0810546875
133 -0.0126953125
134 0.0390625
135 0.09375
136 0.0380859375
137 -0.0927734375
138 0.0234375
139 0.091796875
140 0.0458984375
141 -0.0927734375
142 -0.0517578125
143 0.0185546875
144 -0.0185546875
145 -0.1328125
146 -0.0439453125
147 0.0234375
148 -0.013671875
149 -0.1298828125
150 -0.041015625
151 0.02734375
152 -0.01171875
153 -0.1552734375
154 -0.025390625
155 0.0517578125
156 0.0166015625
157 -0.0419921875
158 0.0732421875
159 0.13671875
160 0.0830078125
161 -0.0126953125
162 0.0380859375
163 0.0927734375
164 0.0380859375
165 -0.091796875
166 0.025390625
167 0.0908203125
168 0.044921875
169 -0.091796875
170 -0.0517578125
171 0.0166015625
172 -0.0185546875
173 -0.1328125
174 -0.044921875
175 0.021484375
176 -0.0126953125
177 -0.12890625
178 -0.0419921875
179 0.0234375
180 -0.0126953125
181 -0.1552734375
182 -0.0263671875
183 0.048828125
184 0.015625
185 -0.0419921875
186 0.072265625
187 0.1376953125
188 0.0810546875
189 -0.0107421875
190 0.037109375
191 0.09375
192 0.037109375
193 -0.09375
194 0.0234375
195 0.0888671875
196 0.044921875
197 -0.0927734375
198 -0.0517578125
199 0.0146484375
200 -0.017578125
201 -0.1328125
202 -0.044921875
203 0.0224609375
204 -0.0126953125
205 -0.12890625
206 -0.041015625
207 0.025390625
208 -0.0126953125
209 -0.1533203125
210 -0.0263671875
211 0.0498046875
212 0.013671875
213 -0.0419921875
214 0.072265625
215 0.1357421875
216 0.08203125
217 -0.013671875
218 0.037109375
219 0.0927734375
220 0.0380859375
221 -0.0947265625
222 0.0234375
223 0.0888671875
224 0.0439453125
225 -0.09375
226 -0.0517578125
227 0.013671875
228 -0.017578125
229 -0.1318359375
230 -0.046875
231 0.01953125
232 -0.013671875
233 -0.126953125
234 -0.0439453125
235 0.021484375
236 -0.0126953125
237 -0.1552734375
238 -0.0283203125
239 0.046875
240 0.0146484375
241 -0.0400390625
242 0.0712890625
243 0.1337890625
244 0.0830078125
245 -0.01171875
246 0.0380859375
247 0.0888671875
248 0.0380859375
249 -0.0927734375
250 0.0224609375
251 0.087890625
252 0.044921875
253 -0.0908203125
254 -0.0517578125
255 0.015625
256 -0.0185546875
257 -0.1298828125
258 -0.0458984375
259 0.01953125
260 -0.0126953125
261 -0.125
262 -0.04296875
263 0.021484375
264 -0.01171875
265 -0.15234375
266 -0.02734375
267 0.0439453125
268 0.0146484375
269 -0.0380859375
270 0.072265625
271 0.1318359375
272 0.0830078125
273 -0.0087890625
274 0.037109375
275 0.0888671875
276 0.037109375
277 -0.087890625
278 0.0224609375
279 0.0859375
280 0.0478515625
281 -0.0869140625
282 -0.0498046875
283 0.0146484375
284 -0.015625
285 -0.1298828125
286 -0.044921875
287 0.01953125
288 -0.0126953125
289 -0.1240234375
290 -0.041015625
291 0.0205078125
292 -0.0107421875
293 -0.1513671875
294 -0.02734375
295 0.0439453125
296 0.015625
297 -0.0380859375
298 0.0712890625
299 0.1328125
300 0.0830078125
301 -0.0107421875
302 0.037109375
303 0.0888671875
304 0.0380859375
305 -0.0908203125
306 0.021484375
307 0.0888671875
308 0.0458984375
309 -0.091796875
310 -0.05078125
311 0.015625
312 -0.017578125
313 -0.1318359375
314 -0.0458984375
315 0.01953125
316 -0.0146484375
317 -0.1279296875
318 -0.041015625
319 0.0224609375
320 -0.0126953125
321 -0.154296875
322 -0.0283203125
323 0.046875
324 0.0146484375
325 -0.0400390625
326 0.0712890625
327 0.1357421875
328 0.0830078125
329 -0.009765625
330 0.0380859375
331 0.0927734375
332 0.037109375
333 -0.0927734375
334 0.0244140625
335 0.0888671875
336 0.044921875
337 -0.091796875
338 -0.0498046875
339 0.0166015625
340 -0.0166015625
341 -0.1318359375
342 -0.0458984375
343 0.021484375
344 -0.0146484375
345 -0.126953125
346 -0.0419921875
347 0.0224609375
348 -0.0126953125
349 -0.1533203125
350 -0.029296875
351 0.0439453125
352 0.0146484375
353 -0.0400390625
354 0.0703125
355 0.1298828125
356 0.0830078125
357 -0.0107421875
358 0.0380859375
359 0.0859375
360 0.0380859375
361 -0.0927734375
362 0.0205078125
363 0.083984375
364 0.044921875
365 -0.0908203125
366 -0.0537109375
367 0.01171875
368 -0.0185546875
369 -0.1318359375
370 -0.046875
371 0.01953125
372 -0.013671875
373 -0.1259765625
374 -0.0419921875
375 0.021484375
376 -0.0126953125
377 -0.15234375
378 -0.0263671875
379 0.0478515625
380 0.017578125
381 -0.0400390625
382 0.0712890625
383 0.134765625
384 0.08203125
385 -0.0107421875
386 0.0380859375
387 0.0908203125
388 0.0380859375
389 -0.0908203125
390 0.0234375
391 0.087890625
392 0.0458984375
393 -0.0908203125
394 -0.0498046875
395 0.0166015625
396 -0.017578125
397 -0.1298828125
398 -0.0458984375
399 0.0185546875
400 -0.0146484375
401 -0.125
402 -0.04296875
403 0.017578125
404 -0.0107421875
405 -0.15234375
406 -0.0263671875
407 0.04296875
408 0.015625
409 -0.0380859375
410 0.0693359375
411 0.12890625
412 0.083984375
413 -0.0087890625
414 0.03515625
415 0.0849609375
416 0.0380859375
417 -0.0908203125
418 0.01953125
419 0.0830078125
420 0.044921875
421 -0.0908203125
422 -0.052734375
423 0.0087890625
424 -0.0166015625
425 -0.12890625
426 -0.0458984375
427 0.015625
428 -0.013671875
429 -0.1259765625
430 -0.0439453125
431 0.0185546875
432 -0.01171875
433 -0.1513671875
434 -0.02734375
435 0.044921875
436 0.015625
437 -0.0361328125
438 0.0693359375
439 0.1279296875
440 0.083984375
441 -0.0068359375
442 0.037109375
443 0.0869140625
444 0.0380859375
445 -0.0908203125
446 0.0234375
447 0.0830078125
448 0.044921875
449 -0.0908203125
450 -0.05078125
451 0.009765625
452 -0.017578125
453 -0.130859375
454 -0.0458984375
455 0.017578125
456 -0.0146484375
457 -0.126953125
458 -0.044921875
459 0.01953125
460 -0.013671875
461 -0.1533203125
462 -0.0302734375
463 0.0419921875
464 0.013671875
465 -0.037109375
466 0.0703125
467 0.130859375
468 0.08203125
469 -0.0107421875
470 0.0361328125
471 0.0849609375
472 0.037109375
473 -0.091796875
474 0.021484375
475 0.0849609375
476 0.0458984375
477 -0.09375
478 -0.0498046875
479 0.01171875
480 -0.017578125
481 -0.1298828125
482 -0.046875
483 0.0185546875
484 -0.013671875
485 -0.1240234375
486 -0.0419921875
487 0.01953125
488 -0.0126953125
489 -0.1494140625
490 -0.0263671875
491 0.0458984375
492 0.015625
493 -0.0361328125
494 0.072265625
495 0.1318359375
496 0.083984375
497 -0.0087890625
498 0.0380859375
499 0.0888671875
500 0.0380859375
501 -0.08984375
502 0.0244140625
503 0.0859375
504 0.0458984375
505 -0.0888671875
506 -0.052734375
507 0.015625
508 -0.017578125
509 -0.130859375
510 -0.046875
511 0.021484375
512 -0.013671875
513 -0.1259765625
514 -0.0419921875
515 0.0224609375
516 -0.01171875
517 -0.1533203125
518 -0.0263671875
519 0.046875
520 0.015625
521 -0.041015625
522 0.072265625
523 0.134765625
524 0.083984375
525 -0.01171875
526 0.037109375
527 0.0908203125
528 0.037109375
529 -0.0908203125
530 0.0244140625
531 0.0888671875
532 0.044921875
533 -0.08984375
534 -0.0498046875
535 0.017578125
536 -0.017578125
537 -0.1298828125
538 -0.0458984375
539 0.021484375
540 -0.013671875
541 -0.1279296875
542 -0.04296875
543 0.021484375
544 -0.0107421875
545 -0.15625
546 -0.0263671875
547 0.046875
548 0.0146484375
549 -0.0419921875
550 0.0693359375
551 0.134765625
552 0.0810546875
553 -0.01171875
554 0.0361328125
555 0.08984375
556 0.0341796875
557 -0.0927734375
558 0.021484375
559 0.0908203125
560 0.0439453125
561 -0.0927734375
562 -0.05078125
563 0.017578125
564 -0.017578125
565 -0.134765625
566 -0.0458984375
567 0.0234375
568 -0.015625
569 -0.1318359375
570 -0.041015625
571 0.0283203125
572 -0.0126953125
573 -0.1591796875
574 -0.02734375
575 0.0478515625
576 0.013671875
577 -0.0439453125
578 0.0703125
579 0.1376953125
580 0.0791015625
581 -0.013671875
582 0.0390625
583 0.0927734375
584 0.037109375
585 -0.09765625
586 0.0234375
587 0.0908203125
588 0.044921875
589 -0.09375
590 -0.0498046875
591 0.0185546875
592 -0.01953125
593 -0.1337890625
594 -0.0439453125
595 0.0234375
596 -0.0166015625
597 -0.130859375
598 -0.0419921875
599 0.025390625
600 -0.015625
601 -0.15625
602 -0.0263671875
603 0.05078125
604 0.013671875
605 -0.0419921875
606 0.072265625
607 0.1357421875
608 0.0810546875
609 -0.013671875
610 0.0380859375
611 0.0908203125
612 0.0361328125
613 -0.0947265625
614 0.0244140625
615 0.0888671875
616 0.046875
617 -0.0927734375
618 -0.0498046875
619 0.0166015625
620 -0.017578125
621 -0.1337890625
622 -0.0458984375
623 0.021484375
624 -0.0146484375
625 -0.12890625
626 -0.0419921875
627 0.025390625
628 -0.013671875
629 -0.15625
630 -0.0263671875
631 0.0478515625
632 0.0146484375
633 -0.04296875
634 0.0712890625
635 0.1357421875
636 0.08203125
637 -0.0126953125
638 0.0380859375
639 0.0908203125
640 0.037109375
641 -0.0927734375
642 0.0234375
643 0.0869140625
644 0.0439453125
645 -0.0927734375
646 -0.0517578125
647 0.015625
648 -0.017578125
649 -0.1328125
650 -0.0478515625
651 0.0205078125
652 -0.0146484375
653 -0.1298828125
654 -0.04296875
655 0.021484375
656 -0.0126953125
657 -0.1552734375
658 -0.0283203125
659 0.046875
660 0.015625
661 -0.041015625
662 0.0712890625
663 0.1357421875
664 0.08203125
665 -0.01171875
666 0.037109375
667 0.0927734375
668 0.037109375
669 -0.0927734375
670 0.021484375
671 0.0888671875
672 0.0439453125
673 -0.0908203125
674 -0.05078125
675 0.015625
676 -0.017578125
677 -0.1328125
678 -0.046875
679 0.0205078125
680 -0.013671875
681 -0.12890625
682 -0.0419921875
683 0.0244140625
684 -0.013671875
685 -0.1552734375
686 -0.0283203125
687 0.0458984375
688 0.0126953125
689 -0.041015625
690 0.072265625
691 0.134765625
692 0.0810546875
693 -0.0126953125
694 0.037109375
695 0.08984375
696 0.0361328125
697 -0.0947265625
698 0.0205078125
699 0.0849609375
700 0.0419921875
701 -0.0927734375
702 -0.052734375
703 0.013671875
704 -0.017578125
705 -0.1328125
706 -0.0458984375
707 0.0205078125
708 -0.0126953125
709 -0.12890625
710 -0.041015625
711 0.0244140625
712 -0.01171875
713 -0.154296875
714 -0.025390625
715 0.048828125
716 0.013671875
717 -0.0400390625
718 0.0712890625
719 0.134765625
720 0.08203125
721 -0.01171875
722 0.0380859375
723 0.091796875
724 0.037109375
725 -0.0927734375
726 0.025390625
727 0.08984375
728 0.0458984375
729 -0.08984375
730 -0.046875
731 0.0185546875
732 -0.017578125
733 -0.1298828125
734 -0.0439453125
735 0.0234375
736 -0.013671875
737 -0.1259765625
738 -0.04296875
739 0.0244140625
740 -0.0126953125
741 -0.1552734375
742 -0.0283203125
743 0.0458984375
744 0.013671875
745 -0.041015625
746 0.0703125
747 0.1328125
748 0.0810546875
749 -0.013671875
750 0.0380859375
751 0.08984375
752 0.037109375
753 -0.0927734375
754 0.0224609375
755 0.0888671875
756 0.0439453125
757 -0.08984375
758 -0.0517578125
759 0.0166015625
760 -0.017578125
761 -0.130859375
762 -0.0458984375
763 0.0224609375
764 -0.013671875
765 -0.1279296875
766 -0.041015625
767 0.0244140625
768 -0.0126953125
769 -0.1552734375
770 -0.02734375
771 0.0478515625
772 0.015625
773 -0.041015625
774 0.072265625
775 0.134765625
776 0.08203125
777 -0.0126953125
778 0.0390625
779 0.0927734375
780 0.037109375
781 -0.09375
782 0.0244140625
783 0.0908203125
784 0.044921875
785 -0.0888671875
786 -0.048828125
787 0.01953125
788 -0.017578125
789 -0.1337890625
790 -0.0458984375
791 0.0224609375
792 -0.013671875
793 -0.1298828125
794 -0.0439453125
795 0.025390625
796 -0.013671875
797 -0.1572265625
798 -0.0283203125
799 0.046875
800 0.0146484375
801 -0.0439453125
802 0.0703125
803 0.1337890625
804 0.080078125
805 -0.01171875
806 0.037109375
807 0.0908203125
808 0.037109375
809 -0.0927734375
810 0.0224609375
811 0.0888671875
812 0.044921875
813 -0.0927734375
814 -0.0517578125
815 0.013671875
816 -0.0185546875
817 -0.1328125
818 -0.044921875
819 0.021484375
820 -0.0126953125
821 -0.126953125
822 -0.0400390625
823 0.021484375
824 -0.0126953125
825 -0.15234375
826 -0.0263671875
827 0.046875
828 0.0146484375
829 -0.0380859375
830 0.0703125
831 0.1337890625
832 0.0830078125
833 -0.009765625
834 0.0361328125
835 0.0888671875
836 0.037109375
837 -0.091796875
838 0.0224609375
839 0.0849609375
840 0.044921875
841 -0.091796875
842 -0.05078125
843 0.013671875
844 -0.017578125
845 -0.1328125
846 -0.046875
847 0.0205078125
848 -0.0146484375
849 -0.1279296875
850 -0.04296875
851 0.0224609375
852 -0.013671875
853 -0.154296875
854 -0.02734375
855 0.0458984375
856 0.013671875
857 -0.0400390625
858 0.0703125
859 0.134765625
860 0.0810546875
861 -0.0107421875
862 0.037109375
863 0.0888671875
864 0.037109375
865 -0.0927734375
866 0.021484375
867 0.083984375
868 0.0439453125
869 -0.08984375
870 -0.0517578125
871 0.013671875
872 -0.0166015625
873 -0.12890625
874 -0.0478515625
875 0.017578125
876 -0.0126953125
877 -0.1259765625
878 -0.044921875
879 0.01953125
880 -0.01171875
881 -0.1513671875
882 -0.02734375
883 0.04296875
884 0.015625
885 -0.0390625
886 0.0703125
887 0.12890625
888 0.08203125
889 -0.01171875
890 0.0361328125
891 0.0869140625
892 0.0361328125
893 -0.09375
894 0.0205078125
895 0.0859375
896 0.0439453125
897 -0.0908203125
898 -0.0517578125
899 0.0146484375
900 -0.017578125
901 -0.130859375
902 -0.0478515625
903 0.0205078125
904 -0.0146484375
905 -0.12890625
906 -0.04296875
907 0.021484375
908 -0.0126953125
909 -0.15625
910 -0.029296875
911 0.0439453125
912 0.0146484375
913 -0.041015625
914 0.0703125
915 0.1318359375
916 0.08203125
917 -0.0107421875
918 0.037109375
919 0.0888671875
920 0.037109375
921 -0.0927734375
922 0.021484375
923 0.0849609375
924 0.0439453125
925 -0.091796875
926 -0.0546875
927 0.01171875
928 -0.0185546875
929 -0.1318359375
930 -0.046875
931 0.01953125
932 -0.013671875
933 -0.1279296875
934 -0.0419921875
935 0.021484375
936 -0.0126953125
937 -0.1552734375
938 -0.0283203125
939 0.046875
940 0.013671875
941 -0.0400390625
942 0.0703125
943 0.1328125
944 0.08203125
945 -0.009765625
946 0.037109375
947 0.0908203125
948 0.037109375
949 -0.0908203125
950 0.0234375
951 0.087890625
952 0.046875
953 -0.0908203125
954 -0.05078125
955 0.0146484375
956 -0.017578125
957 -0.1318359375
958 -0.044921875
959 0.0205078125
960 -0.013671875
961 -0.1279296875
962 -0.04296875
963 0.0234375
964 -0.0126953125
965 -0.1552734375
966 -0.0283203125
967 0.0458984375
968 0.0146484375
969 -0.0390625
970 0.0703125
971 0.1337890625
972 0.0810546875
973 -0.0126953125
974 0.0380859375
975 0.08984375
976 0.0380859375
977 -0.09375
978 0.0234375
979 0.0888671875
980 0.044921875
981 -0.091796875
982 -0.0517578125
983 0.0146484375
984 -0.017578125
985 -0.1337890625
986 -0.048828125
987 0.021484375
988 -0.0166015625
989 -0.1298828125
990 -0.04296875
991 0.0234375
992 -0.013671875
993 -0.1572265625
994 -0.0283203125
995 0.044921875
996 0.013671875
997 -0.0400390625
998 0.0703125
999 0.1318359375
1000 0.08203125
1001 -0.0107421875
1002 0.0380859375
1003 0.0888671875
1004 0.037109375
1005 -0.08984375
1006 0.0244140625
1007 0.0859375
1008 0.0458984375
1009 -0.0927734375
1010 -0.0517578125
1011 0.0146484375
1012 -0.0166015625
1013 -0.130859375
1014 -0.046875
1015 0.01953125
1016 -0.0146484375
1017 -0.1279296875
1018 -0.04296875
1019 0.021484375
1020 -0.01171875
1021 -0.158203125
1022 -0.0283203125
1023 0.044921875
1024 0.0146484375
1025 -0.0419921875
1026 0.0703125
1027 0.1328125
1028 0.08203125
1029 -0.0107421875
1030 0.03515625
1031 0.0908203125
1032 0.0361328125
1033 -0.095703125
1034 0.021484375
1035 0.087890625
1036 0.0419921875
1037 -0.0947265625
1038 -0.0537109375
1039 0.0146484375
1040 -0.0205078125
1041 -0.1328125
1042 -0.0478515625
1043 0.01953125
1044 -0.0146484375
1045 -0.12890625
1046 -0.0419921875
1047 0.0224609375
1048 -0.0126953125
1049 -0.1552734375
1050 -0.025390625
1051 0.048828125
1052 0.0166015625
1053 -0.0390625
1054 0.0712890625
1055 0.1328125
1056 0.08203125
1057 -0.009765625
1058 0.037109375
1059 0.091796875
1060 0.037109375
1061 -0.091796875
1062 0.0234375
1063 0.087890625
1064 0.044921875
1065 -0.09375
1066 -0.0517578125
1067 0.015625
1068 -0.0185546875
1069 -0.1328125
1070 -0.0458984375
1071 0.0185546875
1072 -0.013671875
1073 -0.12890625
1074 -0.04296875
1075 0.0224609375
1076 -0.0146484375
1077 -0.1572265625
1078 -0.0283203125
1079 0.0458984375
1080 0.0126953125
1081 -0.041015625
1082 0.0703125
1083 0.134765625
1084 0.080078125
1085 -0.0126953125
1086 0.037109375
1087 0.091796875
1088 0.0361328125
1089 -0.0966796875
1090 0.0234375
1091 0.0908203125
1092 0.04296875
1093 -0.095703125
1094 -0.052734375
1095 0.017578125
1096 -0.01953125
1097 -0.134765625
1098 -0.0458984375
1099 0.0244140625
1100 -0.015625
1101 -0.1298828125
1102 -0.04296875
1103 0.025390625
1104 -0.015625
1105 -0.1591796875
1106 -0.02734375
1107 0.048828125
1108 0.0126953125
1109 -0.0439453125
1110 0.0712890625
1111 0.13671875
1112 0.0810546875
1113 -0.013671875
1114 0.0390625
1115 0.0947265625
1116 0.037109375
1117 -0.0947265625
1118 0.025390625
1119 0.0888671875
1120 0.0458984375
1121 -0.0947265625
1122 -0.052734375
1123 0.0166015625
1124 -0.01953125
1125 -0.1337890625
1126 -0.0478515625
1127 0.0224609375
1128 -0.0146484375
1129 -0.130859375
1130 -0.0439453125
1131 0.0263671875
1132 -0.0146484375
1133 -0.16015625
1134 -0.0283203125
1135 0.046875
1136 0.013671875
1137 -0.04296875
1138 0.072265625
1139 0.1357421875
1140 0.08203125
1141 -0.0146484375
1142 0.0400390625
1143 0.091796875
1144 0.0361328125
1145 -0.0966796875
1146 0.0224609375
1147 0.0908203125
1148 0.04296875
1149 -0.09375
1150 -0.052734375
1151 0.0166015625
1152 -0.01953125
1153 -0.1337890625
1154 -0.0478515625
1155 0.0224609375
1156 -0.013671875
1157 -0.1298828125
1158 -0.041015625
1159 0.025390625
1160 -0.0126953125
1161 -0.158203125
1162 -0.025390625
1163 0.05078125
1164 0.0166015625
1165 -0.041015625
1166 0.0732421875
1167 0.13671875
1168 0.08203125
1169 -0.0107421875
1170 0.0380859375
1171 0.0927734375
1172 0.037109375
1173 -0.09375
1174 0.0244140625
1175 0.08984375
1176 0.044921875
1177 -0.0927734375
1178 -0.0498046875
1179 0.017578125
1180 -0.0185546875
1181 -0.1337890625
1182 -0.044921875
1183 0.0234375
1184 -0.015625
1185 -0.1298828125
1186 -0.0419921875
1187 0.025390625
1188 -0.013671875
1189 -0.1572265625
1190 -0.0283203125
1191 0.0498046875
1192 0.013671875
1193 -0.04296875
1194 0.072265625
1195 0.1376953125
1196 0.0810546875
1197 -0.01171875
1198 0.0380859375
1199 0.09375
1200 0.0361328125
1201 -0.0947265625
1202 0.0234375
1203 0.0888671875
1204 0.0439453125
1205 -0.0927734375
1206 -0.0517578125
1207 0.0166015625
1208 -0.017578125
1209 -0.134765625
1210 -0.0458984375
1211 0.0234375
1212 -0.013671875
1213 -0.12890625
1214 -0.0419921875
1215 0.0234375
1216 -0.01171875
1217 -0.15625
1218 -0.02734375
1219 0.046875
1220 0.0146484375
1221 -0.0400390625
1222 0.0712890625
1223 0.13671875
1224 0.0810546875
1225 -0.013671875
1226 0.037109375
1227 0.0908203125
1228 0.0361328125
1229 -0.0966796875
1230 0.0244140625
1231 0.0888671875
1232 0.044921875
1233 -0.0927734375
1234 -0.0498046875
1235 0.0166015625
1236 -0.017578125
1237 -0.1328125
1238 -0.0458984375
1239 0.0224609375
1240 -0.0146484375
1241 -0.126953125
1242 -0.0419921875
1243 0.025390625
1244 -0.01171875
1245 -0.15625
1246 -0.0283203125
1247 0.0439453125
1248 0.0146484375
1249 -0.041015625
1250 0.0703125
1251 0.1337890625
1252 0.08203125
1253 -0.009765625
1254 0.0380859375
1255 0.0908203125
1256 0.0390625
1257 -0.0947265625
1258 0.021484375
1259 0.0859375
1260 0.0439453125
1261 -0.0927734375
1262 -0.052734375
1263 0.015625
1264 -0.01953125
1265 -0.1328125
1266 -0.0458984375
1267 0.0224609375
1268 -0.015625
1269 -0.12890625
1270 -0.04296875
1271 0.0234375
1272 -0.0126953125
1273 -0.1572265625
1274 -0.0263671875
1275 0.0478515625
1276 0.0146484375
1277 -0.04296875
1278 0.072265625
1279 0.13671875
1280 0.0810546875
1281 -0.01171875
1282 0.0380859375
1283 0.09375
1284 0.0380859375
1285 -0.0927734375
1286 0.0234375
1287 0.08984375
1288 0.044921875
1289 -0.09375
1290 -0.05078125
1291 0.0185546875
1292 -0.017578125
1293 -0.1318359375
1294 -0.0458984375
1295 0.021484375
1296 -0.013671875
1297 -0.12890625
1298 -0.041015625
1299 0.0244140625
1300 -0.0126953125
1301 -0.1572265625
1302 -0.02734375
1303 0.0478515625
1304 0.0146484375
1305 -0.0419921875
1306 0.0703125
1307 0.1376953125
1308 0.08203125
1309 -0.0107421875
1310 0.0390625
1311 0.0908203125
1312 0.037109375
1313 -0.09375
1314 0.0224609375
1315 0.08984375
1316 0.0439453125
1317 -0.095703125
1318 -0.0517578125
1319 0.0146484375
1320 -0.0185546875
1321 -0.1357421875
1322 -0.0458984375
1323 0.0205078125
1324 -0.0146484375
1325 -0.1298828125
1326 -0.041015625
1327 0.021484375
1328 -0.0126953125
1329 -0.15625
1330 -0.0283203125
1331 0.0478515625
1332 0.013671875
1333 -0.041015625
1334 0.0703125
1335 0.134765625
1336 0.08203125
1337 -0.0107421875
1338 0.0380859375
1339 0.0927734375
1340 0.0380859375
1341 -0.0966796875
1342 0.0234375
1343 0.08984375
1344 0.044921875
1345 -0.09375
1346 -0.0517578125
1347 0.0166015625
1348 -0.0166015625
1349 -0.134765625
1350 -0.0458984375
1351 0.0224609375
1352 -0.013671875
1353 -0.130859375
1354 -0.0439453125
1355 0.025390625
1356 -0.013671875
1357 -0.1572265625
1358 -0.0283203125
1359 0.048828125
1360 0.013671875
1361 -0.04296875
1362 0.0712890625
1363 0.1357421875
1364 0.0810546875
1365 -0.013671875
1366 0.0390625
1367 0.091796875
1368 0.0361328125
1369 -0.09765625
1370 0.0224609375
1371 0.087890625
1372 0.0439453125
1373 -0.095703125
1374 -0.0537109375
1375 0.013671875
1376 -0.0185546875
1377 -0.1337890625
1378 -0.046875
1379 0.0224609375
1380 -0.0126953125
1381 -0.126953125
1382 -0.041015625
1383 0.0234375
1384 -0.01171875
1385 -0.1533203125
1386 -0.0263671875
1387 0.048828125
1388 0.0166015625
1389 -0.041015625
1390 0.07421875
1391 0.1357421875
1392 0.083984375
1393 -0.01171875
1394 0.0390625
1395 0.091796875
1396 0.0380859375
1397 -0.0908203125
1398 0.0244140625
1399 0.0908203125
1400 0.044921875
1401 -0.0908203125
1402 -0.05078125
1403 0.01953125
1404 -0.017578125
1405 -0.130859375
1406 -0.044921875
1407 0.0224609375
1408 -0.013671875
1409 -0.126953125
1410 -0.041015625
1411 0.0205078125
1412 -0.0107421875
1413 -0.1533203125
1414 -0.02734375
1415 0.044921875
1416 0.015625
1417 -0.037109375
1418 0.0703125
1419 0.1298828125
1420 0.08203125
1421 -0.009765625
1422 0.0361328125
1423 0.0849609375
1424 0.0390625
1425 -0.08984375
1426 0.0224609375
1427 0.0849609375
1428 0.0458984375
1429 -0.0888671875
1430 -0.05078125
1431 0.0126953125
1432 -0.015625
1433 -0.12890625
1434 -0.044921875
1435 0.0185546875
1436 -0.01171875
1437 -0.123046875
1438 -0.0400390625
1439 0.0224609375
1440 -0.009765625
1441 -0.1259765625
1442 -0.005859375
1443 0.0615234375
1444 0.029296875
1445 -0.078125
1446 -0.03125
1447 0.0283203125
1448 -0.0048828125
1449 -0.1171875
1450 -0.0419921875
1451 0.0234375
1452 -0.005859375
1453 -0.1259765625
1454 -0.044921875
1455 0.017578125
1456 -0.0126953125
1457 -0.17578125
1458 -0.0849609375
1459 -0.017578125
1460 -0.0380859375
1461 -0.193359375
1462 -0.0625
1463 0.0146484375
1464 -0.0029296875
1465 -0.0732421875
1466 0.0400390625
1467 0.1025390625
1468 0.0634765625
1469 0.00390625
1470 0.1064453125
1471 0.1630859375
1472 0.107421875
1473 0.0146484375
1474 0.0556640625
1475 0.1015625
1476 0.0498046875
1477 -0.0625
1478 0.04296875
1479 0.1025390625
1480 0.060546875
1481 -0.0166015625
1482 0.0869140625
1483 0.14453125
1484 0.0908203125
1485 -0.009765625
1486 0.0322265625
1487 0.083984375
1488 0.0361328125
1489 -0.0703125
1490 0.0390625
1491 0.099609375
1492 0.0546875
1493 -0.0078125
1494 0.0927734375
1495 0.1494140625
1496 0.0927734375
1497 -0.00390625
1498 0.0322265625
1499 0.083984375
1500 0.0341796875
1501 -0.0615234375
1502 0.0146484375
1503 0.0673828125
1504 0.021484375
1505 -0.13671875
1506 -0.0185546875
1507 0.0498046875
1508 0.0185546875
1509 -0.09765625
1510 0.0146484375
1511 0.080078125
1512 0.0400390625
1513 -0.1044921875
1514 -0.0625
1515 0.0068359375
1516 -0.0263671875
1517 -0.1416015625
1518 -0.0185546875
1519 0.0517578125
1520 0.0185546875
1521 -0.0498046875
1522 0.0595703125
1523 0.1201171875
1524 0.072265625
1525 -0.052734375
1526 -0.0146484375
1527 0.0419921875
1528 0.0048828125
1529 -0.103515625
1530 0.0126953125
1531 0.0791015625
1532 0.037109375
1533 -0.0625
1534 -0.0166015625
1535 0.04296875
1536 0.0
1537 -0.0888671875
1538 0.0244140625
1539 0.08984375
1540 0.046875
1541 -0.0029296875
1542 0.099609375
1543 0.15625
1544 0.0986328125
1545 -0.025390625
1546 0.0751953125
1547 0.1318359375
1548 0.0791015625
1549 -0.0859375
1550 -0.0458984375
1551 0.013671875
1552 -0.0205078125
1553 -0.130859375
1554 -0.0458984375
1555 0.0166015625
1556 -0.01953125
1557 -0.189453125
1558 -0.11328125
1559 -0.0361328125
1560 -0.060546875
1561 -0.177734375
1562 -0.048828125
1563 0.0263671875
1564 -0.001953125
1565 -0.095703125
1566 -0.05078125
1567 0.015625
1568 -0.0166015625
1569 -0.1181640625
1570 0.0
1571 0.068359375
1572 0.03125
1573 -0.033203125
1574 0.0751953125
1575 0.1328125
1576 0.0810546875
1577 -0.0126953125
1578 0.0283203125
1579 0.08203125
1580 0.0322265625
1581 -0.0634765625
1582 0.013671875
1583 0.068359375
1584 0.0185546875
1585 -0.13671875
1586 -0.01953125
1587 0.05078125
1588 0.015625
1589 -0.1005859375
1590 0.013671875
1591 0.078125
1592 0.0380859375
1593 -0.10546875
1594 -0.0595703125
1595 0.0068359375
1596 -0.0263671875
1597 -0.146484375
1598 -0.0166015625
1599 0.052734375
1600 0.017578125
1601 -0.0693359375
1602 0.0458984375
1603 0.1083984375
1604 0.060546875
1605 -0.0625
1606 -0.0244140625
1607 0.0419921875
1608 -0.001953125
1609 -0.111328125
1610 0.005859375
1611 0.076171875
1612 0.0322265625
1613 -0.0673828125
1614 -0.017578125
1615 0.044921875
1616 0.0
1617 -0.1279296875
1618 -0.00390625
1619 0.06640625
1620 0.0234375
1621 -0.1005859375
1622 -0.0537109375
1623 0.0126953125
1624 -0.025390625
1625 -0.1337890625
1626 -0.0439453125
1627 0.021484375
1628 -0.0185546875
1629 -0.1875
1630 -0.111328125
1631 -0.033203125
1632 -0.056640625
1633 -0.1767578125
1634 -0.0439453125
1635 0.033203125
1636 0.0009765625
1637 -0.09375
1638 -0.04296875
1639 0.0224609375
1640 -0.0126953125
1641 -0.1162109375
1642 0.0068359375
1643 0.076171875
1644 0.03515625
1645 -0.029296875
1646 0.080078125
1647 0.1376953125
1648 0.083984375
1649 -0.0068359375
1650 0.0302734375
1651 0.0869140625
1652 0.0361328125
1653 -0.05859375
1654 0.0224609375
1655 0.0751953125
1656 0.025390625
1657 -0.0595703125
1658 0.05078125
1659 0.1142578125
1660 0.064453125
1661 0.0087890625
1662 0.11328125
1663 0.1689453125
1664 0.109375
1665 0.0029296875
1666 0.1015625
1667 0.1572265625
1668 0.09765625
1669 -0.021484375
1670 0.080078125
1671 0.134765625
1672 0.0791015625
1673 -0.0615234375
1674 -0.021484375
1675 0.0380859375
1676 -0.0048828125
1677 -0.1240234375
1678 -0.005859375
1679 0.0615234375
1680 0.021484375
1681 -0.0498046875
1682 0.0595703125
1683 0.119140625
1684 0.0673828125
1685 -0.056640625
1686 -0.017578125
1687 0.041015625
1688 -0.001953125
1689 -0.1103515625
1690 0.005859375
1691 0.07421875
1692 0.03125
1693 -0.0703125
1694 -0.025390625
1695 0.033203125
1696 -0.0087890625
1697 -0.0966796875
1698 0.015625
1699 0.0830078125
1700 0.037109375
1701 -0.0087890625
1702 0.0947265625
1703 0.15234375
1704 0.09375
1705 0.0380859375
1706 0.1357421875
1707 0.189453125
1708 0.1240234375
1709 0.060546875
1710 0.1552734375
1711 0.20703125
1712 0.1357421875
1713 0.017578125
1714 0.109375
1715 0.1611328125
1716 0.0986328125
1717 -0.0654296875
1718 -0.0302734375
1719 0.025390625
1720 -0.017578125
1721 -0.130859375
1722 -0.046875
1723 0.0146484375
1724 -0.0263671875
1725 -0.1982421875
1726 -0.1220703125
1727 -0.048828125
1728 -0.0732421875
1729 -0.193359375
1730 -0.060546875
1731 0.013671875
1732 -0.015625
1733 -0.11328125
1734 -0.0615234375
1735 0.00390625
1736 -0.0322265625
1737 -0.146484375
1738 -0.0205078125
1739 0.048828125
1740 0.0087890625
1741 -0.0654296875
1742 0.044921875
1743 0.1064453125
1744 0.0546875
1745 -0.0439453125
1746 -0.0029296875
1747 0.056640625
1748 0.005859375
1749 -0.0869140625
1750 -0.00390625
1751 0.0537109375
1752 0.0
1753 -0.0927734375
1754 0.0234375
1755 0.0908203125
1756 0.0400390625
1757 -0.0234375
1758 0.0859375
1759 0.146484375
1760 0.0849609375
1761 0.0185546875
1762 0.123046875
1763 0.181640625
1764 0.109375
1765 0.04296875
1766 0.142578125
1767 0.201171875
1768 0.1240234375
1769 0.01171875
1770 0.1103515625
1771 0.166015625
1772 0.095703125
1773 -0.0302734375
1774 0.0703125
1775 0.126953125
1776 0.0654296875
1777 -0.080078125
1778 -0.0390625
1779 0.0234375
1780 -0.0244140625
1781 -0.1494140625
1782 -0.0234375
1783 0.0458984375
1784 0.0029296875
1785 -0.076171875
1786 0.0400390625
1787 0.10546875
1788 0.044921875
1789 -0.0791015625
1790 -0.0380859375
1791 0.0224609375
1792 -0.0224609375
1793 -0.1337890625
1794 -0.013671875
1795 0.0546875
1796 0.0078125
1797 -0.095703125
1798 -0.04296875
1799 0.0166015625
1800 -0.029296875
1801 -0.125
1802 -0.0029296875
1803 0.064453125
1804 0.017578125
1805 -0.0322265625
1806 0.0771484375
1807 0.138671875
1808 0.076171875
1809 0.009765625
1810 0.111328125
1811 0.169921875
1812 0.099609375
1813 0.0361328125
1814 0.1337890625
1815 0.1884765625
1816 0.1142578125
1817 -0.005859375
1818 0.091796875
1819 0.146484375
1820 0.0791015625
1821 -0.0869140625
1822 -0.0458984375
1823 0.0107421875
1824 -0.0341796875
1825 -0.1484375
1826 -0.0634765625
1827 0.0009765625
1828 -0.04296875
1829 -0.216796875
1830 -0.1376953125
1831 -0.0615234375
1832 -0.0888671875
1833 -0.208984375
1834 -0.076171875
1835 0.0029296875
1836 -0.03125
1837 -0.126953125
1838 -0.078125
1839 -0.0078125
1840 -0.0458984375
1841 -0.1875
1842 -0.060546875
1843 0.0146484375
1844 -0.01953125
1845 -0.1103515625
1846 0.0068359375
1847 0.0712890625
1848 0.0244140625
1849 -0.07421875
1850 -0.03125
1851 0.0302734375
1852 -0.0146484375
1853 -0.107421875
1854 -0.0234375
1855 0.03515625
1856 -0.013671875
1857 -0.109375
1858 0.0068359375
1859 0.0732421875
1860 0.025390625
1861 -0.0341796875
1862 0.0712890625
1863 0.1337890625
1864 0.072265625
1865 0.005859375
1866 0.10546875
1867 0.1630859375
1868 0.0947265625
1869 0.0322265625
1870 0.1318359375
1871 0.18359375
1872 0.11328125
1873 0.005859375
1874 0.103515625
1875 0.1533203125
1876 0.0888671875
1877 -0.0341796875
1878 0.0654296875
1879 0.119140625
1880 0.060546875
1881 -0.076171875
1882 -0.0380859375
1883 0.0224609375
1884 -0.0263671875
1885 -0.146484375
1886 -0.0283203125
1887 0.0400390625
1888 -0.0029296875
1889 -0.0771484375
1890 0.03125
1891 0.091796875
1892 0.0380859375
1893 -0.087890625
1894 -0.048828125
1895 0.009765625
1896 -0.029296875
1897 -0.1416015625
1898 -0.0224609375
1899 0.0439453125
1900 0.0029296875
1901 -0.1005859375
1902 -0.0537109375
1903 0.0068359375
1904 -0.0361328125
1905 -0.1279296875
1906 -0.01171875
1907 0.0556640625
1908 0.01171875
1909 -0.0361328125
1910 0.068359375
1911 0.1279296875
1912 0.0693359375
1913 0.0087890625
1914 0.109375
1915 0.1630859375
1916 0.09765625
1917 0.0361328125
1918 0.1298828125
1919 0.181640625
1920 0.1103515625
1921 -0.0078125
1922 0.0859375
1923 0.1357421875
1924 0.0732421875
1925 -0.0888671875
1926 -0.052734375
1927 0.001953125
1928 -0.0380859375
1929 -0.1494140625
1930 -0.068359375
1931 -0.0078125
1932 -0.0458984375
1933 -0.2158203125
1934 -0.1416015625
1935 -0.06640625
1936 -0.091796875
1937 -0.208984375
1938 -0.0791015625
1939 -0.0048828125
1940 -0.033203125
1941 -0.130859375
1942 -0.0810546875
1943 -0.0146484375
1944 -0.0498046875
1945 -0.158203125
1946 -0.037109375
1947 0.0302734375
1948 -0.005859375
1949 -0.076171875
1950 0.03125
1951 0.0908203125
1952 0.041015625
1953 -0.0498046875
1954 -0.013671875
1955 0.0400390625
1956 -0.00390625
1957 -0.095703125
1958 -0.0185546875
1959 0.0322265625
1960 -0.0107421875
1961 -0.103515625
1962 0.0068359375
1963 0.068359375
1964 0.025390625
1965 -0.0361328125
1966 0.0654296875
1967 0.119140625
1968 0.0673828125
1969 -0.001953125
1970 0.0947265625
1971 0.1455078125
1972 0.0869140625
1973 0.0283203125
1974 0.1181640625
1975 0.1689453125
1976 0.1064453125
1977 0.0029296875
1978 0.09375
1979 0.1435546875
1980 0.080078125
1981 -0.033203125
1982 0.05859375
1983 0.107421875
1984 0.0556640625
1985 -0.0859375
1986 -0.0498046875
1987 0.00390625
1988 -0.0341796875
1989 -0.1552734375
1990 -0.037109375
1991 0.0244140625
1992 -0.009765625
1993 -0.0947265625
1994 0.0126953125
1995 0.0712890625
1996 0.0283203125
1997 -0.09375
1998 -0.05859375
1999 -0.0009765625
2000 -0.0361328125
2001 -0.1416015625
2002 -0.0302734375
2003 0.033203125
2004 -0.001953125
2005 -0.1005859375
2006 -0.052734375
2007 0.0009765625
2008 -0.0341796875
2009 -0.1748046875
2010 -0.0537109375
2011 0.0146484375
2012 -0.017578125
2013 -0.142578125
2014 -0.0966796875
2015 -0.03515625
2016 -0.0634765625
2017 -0.16796875
2018 -0.083984375
2019 -0.01953125
2020 -0.0537109375
2021 -0.220703125
2022 -0.1455078125
2023 -0.0703125
2024 -0.0908203125
2025 -0.2041015625
2026 -0.076171875
2027 -0.001953125
2028 -0.0283203125
2029 -0.123046875
2030 -0.0751953125
2031 -0.0126953125
2032 -0.04296875
2033 -0.1904296875
2034 -0.06640625
2035 0.005859375
2036 -0.01953125
2037 -0.1171875
2038 -0.00390625
2039 0.060546875
2040 0.0224609375
2041 -0.0732421875
2042 -0.03515625
2043 0.0244140625
2044 -0.015625
2045 -0.1044921875
2046 -0.021484375
2047 0.033203125
2048 -0.0107421875
2049 -0.103515625
2050 0.0087890625
2051 0.0732421875
2052 0.029296875
2053 -0.0341796875
2054 0.0673828125
2055 0.1240234375
2056 0.0712890625
2057 0.0068359375
2058 0.1044921875
2059 0.1572265625
2060 0.09765625
2061 0.0390625
2062 0.130859375
2063 0.1787109375
2064 0.115234375
2065 0.0107421875
2066 0.099609375
2067 0.1494140625
2068 0.087890625
2069 -0.02734375
2070 0.06640625
2071 0.1162109375
2072 0.0625
2073 -0.07421875
2074 -0.037109375
2075 0.0185546875
2076 -0.0244140625
2077 -0.14453125
2078 -0.025390625
2079 0.0390625
2080 0.001953125
2081 -0.07421875
2082 0.033203125
2083 0.0947265625
2084 0.0419921875
2085 -0.0810546875
2086 -0.0439453125
2087 0.0166015625
2088 -0.025390625
2089 -0.1357421875
2090 -0.0205078125
2091 0.0478515625
2092 0.00390625
2093 -0.095703125
2094 -0.0498046875
2095 0.0078125
2096 -0.033203125
2097 -0.125
2098 -0.0087890625
2099 0.0546875
2100 0.013671875
2101 -0.033203125
2102 0.072265625
2103 0.1279296875
2104 0.0712890625
2105 0.0078125
2106 0.1044921875
2107 0.1591796875
2108 0.0947265625
2109 0.03515625
2110 0.1279296875
2111 0.1787109375
2112 0.1103515625
2113 -0.009765625
2114 0.083984375
2115 0.13671875
2116 0.07421875
2117 -0.0908203125
2118 -0.0537109375
2119 0.00390625
2120 -0.0380859375
2121 -0.15234375
2122 -0.0673828125
2123 -0.00390625
2124 -0.0458984375
2125 -0.216796875
2126 -0.140625
2127 -0.064453125
2128 -0.08984375
2129 -0.2080078125
2130 -0.078125
2131 -0.001953125
2132 -0.0322265625
2133 -0.1279296875
2134 -0.080078125
2135 -0.0126953125
2136 -0.0478515625
2137 -0.1591796875
2138 -0.0380859375
2139 0.033203125
2140 -0.0068359375
2141 -0.08203125
2142 0.029296875
2143 0.08984375
2144 0.0400390625
2145 -0.0546875
2146 -0.0107421875
2147 0.044921875
2148 -0.0048828125
2149 -0.0986328125
2150 -0.015625
2151 0.0390625
2152 -0.01171875
2153 -0.103515625
2154 0.009765625
2155 0.076171875
2156 0.0263671875
2157 -0.0361328125
2158 0.068359375
2159 0.126953125
2160 0.0673828125
2161 0.0009765625
2162 0.099609375
2163 0.1572265625
2164 0.0908203125
2165 0.0263671875
2166 0.1240234375
2167 0.1767578125
2168 0.107421875
2169 -0.001953125
2170 0.095703125
2171 0.1474609375
2172 0.0830078125
2173 -0.041015625
2174 0.0576171875
2175 0.111328125
2176 0.052734375
2177 -0.0888671875
2178 -0.05078125
2179 0.0087890625
2180 -0.03515625
2181 -0.158203125
2182 -0.037109375
2183 0.029296875
2184 -0.0107421875
2185 -0.0986328125
2186 0.0146484375
2187 0.0751953125
2188 0.0263671875
2189 -0.0947265625
2190 -0.0556640625
2191 0.0048828125
2192 -0.0341796875
2193 -0.14453125
2194 -0.025390625
2195 0.041015625
2196 -0.001953125
2197 -0.1005859375
2198 -0.0537109375
2199 0.0068359375
2200 -0.037109375
2201 -0.17578125
2202 -0.052734375
2203 0.0205078125
2204 -0.0185546875
2205 -0.1435546875
2206 -0.09765625
2207 -0.0263671875
2208 -0.064453125
2209 -0.1728515625
2210 -0.08203125
2211 -0.013671875
2212 -0.052734375
2213 -0.224609375
2214 -0.1416015625
2215 -0.0634765625
2216 -0.08984375
2217 -0.2099609375
2218 -0.0751953125
2219 0.00390625
2220 -0.0283203125
2221 -0.126953125
2222 -0.076171875
2223 -0.005859375
2224 -0.044921875
2225 -0.1982421875
2226 -0.0654296875
2227 0.013671875
2228 -0.021484375
2229 -0.125
2230 -0.0009765625
2231 0.0693359375
2232 0.01953125
2233 -0.0791015625
2234 -0.03125
2235 0.0322265625
2236 -0.015625
2237 -0.1103515625
2238 -0.021484375
2239 0.0390625
2240 -0.0126953125
2241 -0.1103515625
2242 0.0107421875
2243 0.08203125
2244 0.029296875
2245 -0.04296875
2246 0.0703125
2247 0.134765625
2248 0.0703125
2249 -0.0009765625
2250 0.1044921875
2251 0.166015625
2252 0.0947265625
2253 0.029296875
2254 0.130859375
2255 0.1884765625
2256 0.1123046875
2257 0.0029296875
2258 0.1044921875
2259 0.158203125
2260 0.0888671875
2261 -0.033203125
2262 0.0712890625
2263 0.1279296875
2264 0.0634765625
2265 -0.07421875
2266 -0.03125
2267 0.0302734375
2268 -0.0224609375
2269 -0.1474609375
2270 -0.0224609375
2271 0.0458984375
2272 0.0
2273 -0.078125
2274 0.0361328125
2275 0.099609375
2276 0.0419921875
2277 -0.0859375
2278 -0.044921875
2279 0.017578125
2280 -0.029296875
2281 -0.142578125
2282 -0.01953125
2283 0.05078125
2284 0.00390625
2285 -0.1005859375
2286 -0.048828125
2287 0.0126953125
2288 -0.0341796875
2289 -0.1318359375
2290 -0.0078125
2291 0.060546875
2292 0.01171875
2293 -0.037109375
2294 0.0712890625
2295 0.134765625
2296 0.0703125
2297 0.001953125
2298 0.1044921875
2299 0.1640625
2300 0.0947265625
2301 0.0302734375
2302 0.1279296875
2303 0.18359375
2304 0.1103515625
2305 -0.0126953125
2306 0.0859375
2307 0.1396484375
2308 0.0732421875
2309 -0.091796875
2310 -0.0517578125
2311 0.0087890625
2312 -0.0390625
2313 -0.154296875
2314 -0.0673828125
2315 -0.001953125
2316 -0.0478515625
2317 -0.2177734375
2318 -0.1416015625
2319 -0.0615234375
2320 -0.0927734375
2321 -0.2119140625
2322 -0.076171875
2323 0.00390625
2324 -0.0341796875
2325 -0.1328125
2326 -0.080078125
2327 -0.009765625
2328 -0.05078125
2329 -0.166015625
2330 -0.0380859375
2331 0.0341796875
2332 -0.0068359375
2333 -0.0849609375
2334 0.0302734375
2335 0.09375
2336 0.0390625
2337 -0.0546875
2338 -0.0126953125
2339 0.046875
2340 -0.005859375
2341 -0.0986328125
2342 -0.0166015625
2343 0.0400390625
2344 -0.0126953125
2345 -0.103515625
2346 0.0087890625
2347 0.078125
2348 0.0263671875
2349 -0.0380859375
2350 0.0703125
2351 0.1298828125
2352 0.068359375
2353 -0.0009765625
2354 0.1005859375
2355 0.158203125
2356 0.08984375
2357 0.025390625
2358 0.1240234375
2359 0.1806640625
2360 0.1064453125
2361 -0.0029296875
2362 0.09375
2363 0.15234375
2364 0.0791015625
2365 -0.0390625
2366 0.060546875
2367 0.1162109375
2368 0.0537109375
2369 -0.0849609375
2370 -0.044921875
2371 0.013671875
2372 -0.0322265625
2373 -0.1572265625
2374 -0.0341796875
2375 0.03515625
2376 -0.0068359375
2377 -0.0869140625
2378 0.025390625
2379 0.08984375
2380 0.0322265625
2381 -0.0859375
2382 -0.0458984375
2383 0.0166015625
2384 -0.0322265625
2385 -0.154296875
2386 -0.033203125
2387 0.037109375
2388 -0.005859375
2389 -0.1103515625
2390 -0.0615234375
2391 0.001953125
2392 -0.0419921875
2393 -0.15625
2394 -0.0341796875
2395 0.0380859375
2396 -0.0048828125
2397 -0.05078125
2398 0.0576171875
2399 0.1181640625
2400 0.060546875
2401 0.0009765625
2402 0.099609375
2403 0.15625
2404 0.0908203125
2405 0.0283203125
2406 0.1220703125
2407 0.17578125
2408 0.10546875
2409 -0.015625
2410 0.0791015625
2411 0.1328125
2412 0.068359375
2413 -0.0947265625
2414 -0.0556640625
2415 0.0029296875
2416 -0.04296875
2417 -0.158203125
2418 -0.07421875
2419 -0.0126953125
2420 -0.0517578125
2421 -0.2353515625
2422 -0.1572265625
2423 -0.0791015625
2424 -0.1025390625
2425 -0.2490234375
2426 -0.109375
2427 -0.0283203125
2428 -0.0546875
2429 -0.1328125
2430 -0.0126953125
2431 0.0556640625
2432 0.009765625
2433 -0.123046875
2434 -0.0810546875
2435 -0.0146484375
2436 -0.0517578125
2437 -0.169921875
2438 -0.0849609375
2439 -0.0185546875
2440 -0.0537109375
2441 -0.16015625
2442 -0.076171875
2443 -0.009765625
2444 -0.044921875
2445 -0.1630859375
2446 -0.0419921875
2447 0.025390625
2448 -0.0087890625
2449 -0.0966796875
2450 0.017578125
2451 0.080078125
2452 0.0322265625
2453 -0.0283203125
2454 0.0751953125
2455 0.1328125
2456 0.0732421875
2457 -0.0205078125
2458 0.0263671875
2459 0.076171875
2460 0.0185546875
2461 -0.111328125
2462 0.0
2463 0.0625
2464 0.0185546875
2465 -0.119140625
2466 -0.0791015625
2467 -0.015625
2468 -0.048828125
2469 -0.1640625
2470 -0.078125
2471 -0.0107421875
2472 -0.046875
2473 -0.162109375
2474 -0.076171875
2475 -0.01171875
2476 -0.0478515625
2477 -0.1865234375
2478 -0.0615234375
2479 0.01171875
2480 -0.0185546875
2481 -0.072265625
2482 0.037109375
2483 0.0986328125
2484 0.0498046875
2485 -0.0439453125
2486 0.0048828125
2487 0.0576171875
2488 0.0048828125
2489 -0.1240234375
2490 -0.0078125
2491 0.05859375
2492 0.0146484375
2493 -0.123046875
2494 -0.08203125
2495 -0.01171875
2496 -0.048828125
2497 -0.162109375
2498 -0.076171875
2499 -0.0048828125
2500 -0.04296875
2501 -0.158203125
2502 -0.0703125
2503 -0.001953125
2504 -0.041015625
2505 -0.1845703125
2506 -0.0546875
2507 0.0224609375
2508 -0.0126953125
2509 -0.0693359375
2510 0.0439453125
2511 0.107421875
2512 0.0556640625
2513 -0.0380859375
2514 0.0126953125
2515 0.06640625
2516 0.0107421875
2517 -0.119140625
2518 0.0
2519 0.064453125
2520 0.01953125
2521 -0.1181640625
2522 -0.0771484375
2523 -0.0068359375
2524 -0.04296875
2525 -0.158203125
2526 -0.0703125
2527 -0.00390625
2528 -0.0390625
2529 -0.15234375
2530 -0.06640625
2531 -0.0009765625
2532 -0.037109375
2533 -0.1796875
2534 -0.05078125
2535 0.0234375
2536 -0.0078125
2537 -0.0634765625
2538 0.048828125
2539 0.111328125
2540 0.060546875
2541 -0.0322265625
2542 0.0146484375
2543 0.0703125
2544 0.015625
2545 -0.1142578125
2546 0.001953125
2547 0.0673828125
2548 0.0234375
2549 -0.1142578125
2550 -0.072265625
2551 -0.0048828125
2552 -0.0390625
2553 -0.15234375
2554 -0.06640625
2555 -0.0009765625
2556 -0.033203125
2557 -0.146484375
2558 -0.0625
2559 -0.0009765625
2560 -0.03125
2561 -0.1708984375
2562 -0.044921875
2563 0.025390625
2564 -0.001953125
2565 -0.056640625
2566 0.052734375
2567 0.1123046875
2568 0.064453125
2569 -0.0263671875
2570 0.017578125
2571 0.0693359375
2572 0.01953125
2573 -0.1064453125
2574 0.005859375
2575 0.0673828125
2576 0.02734375
2577 -0.1083984375
2578 -0.0693359375
2579 -0.0048828125
2580 -0.0341796875
2581 -0.146484375
2582 -0.0625
2583 0.0009765625
2584 -0.0283203125
2585 -0.1416015625
2586 -0.05859375
2587 0.0048828125
2588 -0.0283203125
2589 -0.169921875
2590 -0.044921875
2591 0.0283203125
2592 -0.001953125
2593 -0.0546875
2594 0.0546875
2595 0.115234375
2596 0.068359375
2597 -0.025390625
2598 0.0224609375
2599 0.072265625
2600 0.0234375
2601 -0.1064453125
2602 0.009765625
2603 0.0712890625
2604 0.0302734375
2605 -0.1064453125
2606 -0.0654296875
2607 0.0
2608 -0.0322265625
2609 -0.14453125
2610 -0.0615234375
2611 0.005859375
2612 -0.02734375
2613 -0.1416015625
2614 -0.0576171875
2615 0.009765625
2616 -0.0263671875
2617 -0.16796875
2618 -0.0419921875
2619 0.03125
2620 0.0009765625
2621 -0.0537109375
2622 0.0576171875
2623 0.119140625
2624 0.068359375
2625 -0.0244140625
2626 0.0244140625
2627 0.0771484375
2628 0.025390625
2629 -0.103515625
2630 0.0107421875
2631 0.0732421875
2632 0.033203125
2633 -0.103515625
2634 -0.064453125
2635 0.0009765625
2636 -0.0302734375
2637 -0.142578125
2638 -0.05859375
2639 0.0068359375
2640 -0.0263671875
2641 -0.1376953125
2642 -0.0556640625
2643 0.0087890625
2644 -0.0244140625
2645 -0.1669921875
2646 -0.0400390625
2647 0.03125
2648 0.0048828125
2649 -0.05078125
2650 0.0595703125
2651 0.12109375
2652 0.0712890625
2653 -0.0205078125
2654 0.0263671875
2655 0.0771484375
2656 0.025390625
2657 -0.1015625
2658 0.0107421875
2659 0.0751953125
2660 0.03515625
2661 -0.1025390625
2662 -0.0634765625
2663 0.00390625
2664 -0.0283203125
2665 -0.1416015625
2666 -0.056640625
2667 0.009765625
2668 -0.0244140625
2669 -0.13671875
2670 -0.0537109375
2671 0.0107421875
2672 -0.021484375
2673 -0.1640625
2674 -0.0361328125
2675 0.037109375
2676 0.0068359375
2677 -0.0498046875
2678 0.0615234375
2679 0.1220703125
2680 0.0732421875
2681 -0.0205078125
2682 0.0283203125
2683 0.0810546875
2684 0.0283203125
2685 -0.099609375
2686 0.015625
2687 0.0810546875
2688 0.0380859375
2689 -0.099609375
2690 -0.0576171875
2691 0.0087890625
2692 -0.025390625
2693 -0.1396484375
2694 -0.052734375
2695 0.0126953125
2696 -0.021484375
2697 -0.1357421875
2698 -0.0498046875
2699 0.0146484375
2700 -0.0205078125
2701 -0.1630859375
2702 -0.0361328125
2703 0.0400390625
2704 0.005859375
2705 -0.048828125
2706 0.0625
2707 0.1279296875
2708 0.0732421875
2709 -0.01953125
2710 0.029296875
2711 0.083984375
2712 0.0283203125
2713 -0.1015625
2714 0.0146484375
2715 0.080078125
2716 0.037109375
2717 -0.099609375
2718 -0.05859375
2719 0.0068359375
2720 -0.0244140625
2721 -0.140625
2722 -0.0537109375
2723 0.0146484375
2724 -0.021484375
2725 -0.1357421875
2726 -0.048828125
2727 0.017578125
2728 -0.01953125
2729 -0.162109375
2730 -0.03515625
2731 0.041015625
2732 0.0078125
2733 -0.048828125
2734 0.064453125
2735 0.1279296875
2736 0.0732421875
2737 -0.01953125
2738 0.0302734375
2739 0.083984375
2740 0.0302734375
2741 -0.1005859375
2742 0.0166015625
2743 0.0810546875
2744 0.0400390625
2745 -0.09765625
2746 -0.0556640625
2747 0.0107421875
2748 -0.0244140625
2749 -0.1396484375
2750 -0.052734375
2751 0.015625
2752 -0.021484375
2753 -0.1357421875
2754 -0.048828125
2755 0.0185546875
2756 -0.01953125
2757 -0.1640625
2758 -0.033203125
2759 0.0400390625
2760 0.0078125
2761 -0.048828125
2762 0.0634765625
2763 0.126953125
2764 0.0732421875
2765 -0.0185546875
2766 0.03125
2767 0.08203125
2768 0.03125
2769 -0.0986328125
2770 0.0166015625
2771 0.0810546875
2772 0.0380859375
2773 -0.0986328125
2774 -0.0595703125
2775 0.0087890625
2776 -0.025390625
2777 -0.138671875
2778 -0.052734375
2779 0.0185546875
2780 -0.01953125
2781 -0.1357421875
2782 -0.0478515625
2783 0.017578125
2784 -0.0185546875
2785 -0.1611328125
2786 -0.0322265625
2787 0.0419921875
2788 0.009765625
2789 -0.044921875
2790 0.06640625
2791 0.1279296875
2792 0.0771484375
2793 -0.0166015625
2794 0.0341796875
2795 0.0849609375
2796 0.0322265625
2797 -0.095703125
2798 0.0185546875
2799 0.0830078125
2800 0.0400390625
2801 -0.0947265625
2802 -0.0556640625
2803 0.01171875
2804 -0.0224609375
2805 -0.1396484375
2806 -0.0517578125
2807 0.015625
2808 -0.0185546875
2809 -0.1337890625
2810 -0.0478515625
2811 0.01953125
2812 -0.01953125
2813 -0.1630859375
2814 -0.033203125
2815 0.04296875
2816 0.0078125
2817 -0.048828125
2818 0.064453125
2819 0.1318359375
2820 0.0751953125
2821 -0.0166015625
2822 0.033203125
2823 0.0888671875
2824 0.033203125
2825 -0.09765625
2826 0.01953125
2827 0.0849609375
2828 0.0390625
2829 -0.09765625
2830 -0.0546875
2831 0.01171875
2832 -0.0224609375
2833 -0.1376953125
2834 -0.048828125
2835 0.017578125
2836 -0.0185546875
2837 -0.1337890625
2838 -0.0458984375
2839 0.021484375
2840 -0.017578125
2841 -0.1591796875
2842 -0.0302734375
2843 0.0439453125
2844 0.0107421875
2845 -0.0439453125
2846 0.068359375
2847 0.130859375
2848 0.0791015625
2849 -0.0146484375
2850 0.0341796875
2851 0.0859375
2852 0.0341796875
2853 -0.0986328125
2854 0.0205078125
2855 0.083984375
2856 0.0400390625
2857 -0.09765625
2858 -0.0556640625
2859 0.0107421875
2860 -0.021484375
2861 -0.1376953125
2862 -0.05078125
2863 0.015625
2864 -0.017578125
2865 -0.1318359375
2866 -0.0458984375
2867 0.0185546875
2868 -0.0166015625
2869 -0.16015625
2870 -0.03125
2871 0.04296875
2872 0.009765625
2873 -0.0458984375
2874 0.0693359375
2875 0.1318359375
2876 0.078125
2877 -0.0166015625
2878 0.0341796875
2879 0.087890625
2880 0.0341796875
2881 -0.09765625
2882 0.0185546875
2883 0.0849609375
2884 0.041015625
2885 -0.0966796875
2886 -0.0537109375
2887 0.013671875
2888 -0.0224609375
2889 -0.1376953125
2890 -0.0498046875
2891 0.0224609375
2892 -0.017578125
2893 -0.1318359375
2894 -0.0439453125
2895 0.0234375
2896 -0.0146484375
2897 -0.15625
2898 -0.0283203125
2899 0.0478515625
2900 0.013671875
2901 -0.0458984375
2902 0.0712890625
2903 0.1357421875
2904 0.0791015625
2905 -0.0166015625
2906 0.0361328125
2907 0.091796875
2908 0.03515625
2909 -0.095703125
2910 0.0224609375
2911 0.0908203125
2912 0.0419921875
2913 -0.0927734375
2914 -0.0517578125
2915 0.0185546875
2916 -0.01953125
2917 -0.13671875
2918 -0.0478515625
2919 0.0234375
2920 -0.015625
2921 -0.1318359375
2922 -0.0419921875
2923 0.0234375
2924 -0.015625
2925 -0.1591796875
2926 -0.02734375
2927 0.048828125
2928 0.0126953125
2929 -0.0439453125
2930 0.0712890625
2931 0.134765625
2932 0.0791015625
2933 -0.0146484375
2934 0.0361328125
2935 0.091796875
2936 0.0341796875
2937 -0.09765625
2938 0.021484375
2939 0.0908203125
2940 0.04296875
2941 -0.0947265625
2942 -0.0517578125
2943 0.0166015625
2944 -0.0205078125
2945 -0.1337890625
2946 -0.0478515625
2947 0.021484375
2948 -0.015625
2949 -0.1318359375
2950 -0.04296875
2951 0.0224609375
2952 -0.013671875
2953 -0.158203125
2954 -0.029296875
2955 0.0478515625
2956 0.0126953125
2957 -0.0439453125
2958 0.0693359375
2959 0.134765625
2960 0.0791015625
2961 -0.013671875
2962 0.037109375
2963 0.091796875
2964 0.0341796875
2965 -0.0947265625
2966 0.0224609375
2967 0.0888671875
2968 0.044921875
2969 -0.0927734375
2970 -0.05078125
2971 0.0166015625
2972 -0.01953125
2973 -0.134765625
2974 -0.0458984375
2975 0.0224609375
2976 -0.015625
2977 -0.1298828125
2978 -0.0439453125
2979 0.021484375
2980 -0.0146484375
2981 -0.1572265625
2982 -0.029296875
2983 0.0458984375
2984 0.013671875
2985 -0.041015625
2986 0.0673828125
2987 0.134765625
2988 0.0810546875
2989 -0.0126953125
2990 0.0361328125
2991 0.0888671875
2992 0.0361328125
2993 -0.095703125
2994 0.021484375
2995 0.0859375
2996 0.0439453125
2997 -0.0947265625
2998 -0.0537109375
2999 0.0126953125
3000 -0.0205078125
3001 -0.134765625
3002 -0.0478515625
3003 0.01953125
3004 -0.0166015625
3005 -0.12890625
3006 -0.0439453125
3007 0.021484375
3008 -0.013671875
3009 -0.154296875
3010 -0.02734375
3011 0.044921875
3012 0.0146484375
3013 -0.0400390625
3014 0.072265625
3015 0.130859375
3016 0.08203125
3017 -0.0107421875
3018 0.0361328125
3019 0.0888671875
3020 0.037109375
3021 -0.091796875
3022 0.0224609375
3023 0.0869140625
3024 0.044921875
3025 -0.0908203125
3026 -0.0517578125
3027 0.0146484375
3028 -0.0185546875
3029 -0.1318359375
3030 -0.0478515625
3031 0.01953125
3032 -0.0146484375
3033 -0.12890625
3034 -0.04296875
3035 0.021484375
3036 -0.013671875
3037 -0.15625
3038 -0.02734375
3039 0.046875
3040 0.013671875
3041 -0.0419921875
3042 0.0703125
3043 0.1337890625
3044 0.08203125
3045 -0.013671875
3046 0.037109375
3047 0.0908203125
3048 0.0341796875
3049 -0.0947265625
3050 0.0205078125
3051 0.0859375
3052 0.04296875
3053 -0.0927734375
3054 -0.052734375
3055 0.013671875
3056 -0.021484375
3057 -0.134765625
3058 -0.046875
3059 0.01953125
3060 -0.015625
3061 -0.130859375
3062 -0.04296875
3063 0.021484375
3064 -0.0146484375
3065 -0.15625
3066 -0.0263671875
3067 0.0458984375
3068 0.013671875
3069 -0.041015625
3070 0.0693359375
3071 0.1337890625
3072 0.080078125
3073 -0.0126953125
3074 0.0380859375
3075 0.0908203125
3076 0.0380859375
3077 -0.091796875
3078 0.021484375
3079 0.087890625
3080 0.04296875
3081 -0.0927734375
3082 -0.0517578125
3083 0.015625
3084 -0.017578125
3085 -0.1337890625
3086 -0.0458984375
3087 0.021484375
3088 -0.0146484375
3089 -0.12890625
3090 -0.04296875
3091 0.0234375
3092 -0.013671875
3093 -0.158203125
3094 -0.029296875
3095 0.046875
3096 0.013671875
3097 -0.04296875
3098 0.068359375
3099 0.134765625
3100 0.0791015625
3101 -0.0126953125
3102 0.0361328125
3103 0.0908203125
3104 0.03515625
3105 -0.09765625
3106 0.0205078125
3107 0.0869140625
3108 0.0439453125
3109 -0.09375
3110 -0.05078125
3111 0.015625
3112 -0.0185546875
3113 -0.1337890625
3114 -0.046875
3115 0.0224609375
3116 -0.0146484375
3117 -0.1298828125
3118 -0.04296875
3119 0.0263671875
3120 -0.013671875
3121 -0.15625
3122 -0.0263671875
3123 0.05078125
3124 0.0146484375
3125 -0.0419921875
3126 0.0703125
3127 0.1357421875
3128 0.08203125
3129 -0.01171875
3130 0.0390625
3131 0.0927734375
3132 0.0380859375
3133 -0.0927734375
3134 0.0244140625
3135 0.0888671875
3136 0.046875
3137 -0.0908203125
3138 -0.048828125
3139 0.0185546875
3140 -0.017578125
3141 -0.1318359375
3142 -0.0458984375
3143 0.0224609375
3144 -0.0146484375
3145 -0.12890625
3146 -0.04296875
3147 0.0224609375
3148 -0.013671875
3149 -0.1591796875
3150 -0.029296875
3151 0.0458984375
3152 0.0146484375
3153 -0.04296875
3154 0.0712890625
3155 0.1337890625
3156 0.0810546875
3157 -0.0107421875
3158 0.0390625
3159 0.091796875
3160 0.037109375
3161 -0.095703125
3162 0.0224609375
3163 0.0908203125
3164 0.0439453125
3165 -0.091796875
3166 -0.0498046875
3167 0.0185546875
3168 -0.0185546875
3169 -0.1318359375
3170 -0.0458984375
3171 0.0234375
3172 -0.013671875
3173 -0.12890625
3174 -0.0419921875
3175 0.0234375
3176 -0.01171875
3177 -0.1552734375
3178 -0.0263671875
3179 0.0478515625
3180 0.0166015625
3181 -0.041015625
3182 0.0712890625
3183 0.134765625
3184 0.08203125
3185 -0.0126953125
3186 0.037109375
3187 0.0927734375
3188 0.037109375
3189 -0.0947265625
3190 0.0224609375
3191 0.0888671875
3192 0.0439453125
3193 -0.091796875
3194 -0.05078125
3195 0.017578125
3196 -0.0185546875
3197 -0.1337890625
3198 -0.044921875
3199 0.021484375
3200 -0.0146484375
3201 -0.1279296875
3202 -0.0419921875
3203 0.0224609375
3204 -0.0126953125
3205 -0.158203125
3206 -0.0283203125
3207 0.0458984375
3208 0.013671875
3209 -0.041015625
3210 0.0703125
3211 0.134765625
3212 0.08203125
3213 -0.009765625
3214 0.0380859375
3215 0.0908203125
3216 0.037109375
3217 -0.0947265625
3218 0.0205078125
3219 0.0859375
3220 0.044921875
3221 -0.091796875
3222 -0.05078125
3223 0.0126953125
3224 -0.0166015625
3225 -0.1298828125
3226 -0.046875
3227 0.0185546875
3228 -0.013671875
3229 -0.1259765625
3230 -0.04296875
3231 0.0205078125
3232 -0.0126953125
3233 -0.1533203125
3234 -0.0283203125
3235 0.0439453125
3236 0.0146484375
3237 -0.037109375
3238 0.0703125
3239 0.1298828125
3240 0.0830078125
3241 -0.0107421875
3242 0.037109375
3243 0.0869140625
3244 0.037109375
3245 -0.091796875
3246 0.0234375
3247 0.083984375
3248 0.0458984375
3249 -0.0888671875
3250 -0.0498046875
3251 0.013671875
3252 -0.0166015625
3253 -0.1298828125
3254 -0.046875
3255 0.01953125
3256 -0.013671875
3257 -0.1259765625
3258 -0.0439453125
3259 0.021484375
3260 -0.01171875
3261 -0.1552734375
3262 -0.0283203125
3263 0.044921875
3264 0.0146484375
3265 -0.0400390625
3266 0.0712890625
3267 0.1337890625
3268 0.0830078125
3269 -0.01171875
3270 0.037109375
3271 0.0888671875
3272 0.0390625
3273 -0.0927734375
3274 0.021484375
3275 0.087890625
3276 0.0439453125
3277 -0.0908203125
3278 -0.0517578125
3279 0.0146484375
3280 -0.017578125
3281 -0.130859375
3282 -0.0458984375
3283 0.021484375
3284 -0.013671875
3285 -0.1259765625
3286 -0.041015625
3287 0.0224609375
3288 -0.01171875
3289 -0.1318359375
3290 -0.0087890625
3291 0.0625
3292 0.0283203125
3293 -0.083984375
3294 -0.0361328125
3295 0.0263671875
3296 -0.0078125
3297 -0.166015625
3298 -0.0908203125
3299 -0.0146484375
3300 -0.041015625
3301 -0.1337890625
3302 -0.046875
3303 0.0234375
3304 -0.01171875
3305 -0.17578125
3306 -0.1123046875
3307 -0.0302734375
3308 -0.048828125
3309 -0.205078125
3310 -0.1259765625
3311 -0.04296875
3312 -0.05859375
3313 -0.1591796875
3314 -0.064453125
3315 0.0078125
3316 -0.0205078125
3317 -0.1162109375
3318 -0.029296875
3319 0.037109375
3320 -0.0009765625
3321 -0.107421875
3322 0.0146484375
3323 0.0810546875
3324 0.04296875
3325 -0.0751953125
3326 -0.0322265625
3327 0.033203125
3328 -0.0029296875
3329 -0.1142578125
3330 -0.03125
3331 0.037109375
3332 0.0009765625
3333 -0.1181640625
3334 -0.029296875
3335 0.03515625
3336 -0.0009765625
3337 -0.1083984375
3338 -0.021484375
3339 0.0439453125
3340 0.0068359375
3341 -0.0947265625
3342 -0.0166015625
3343 0.0517578125
3344 0.01171875
3345 -0.11328125
3346 -0.02734375
3347 0.037109375
3348 0.0
3349 -0.185546875
3350 -0.1103515625
3351 -0.0283203125
3352 -0.0498046875
3353 -0.2060546875
3354 -0.12890625
3355 -0.0556640625
3356 -0.048828125
3357 -0.140625
3358 -0.06640625
3359 -0.0107421875
3360 -0.0126953125
3361 -0.142578125
3362 -0.0703125
3363 -0.0146484375
3364 -0.015625
3365 -0.154296875
3366 -0.0419921875
3367 0.0205078125
3368 0.01953125
3369 -0.046875
3370 0.0458984375
3371 0.095703125
3372 0.0791015625
3373 0.029296875
3374 0.1142578125
3375 0.1572265625
3376 0.123046875
3377 0.0458984375
3378 0.0654296875
3379 0.1015625
3380 0.0732421875
3381 -0.0234375
3382 0.0283203125
3383 0.0673828125
3384 0.0458984375
3385 -0.0576171875
3386 0.005859375
3387 0.0439453125
3388 0.025390625
3389 -0.078125
3390 -0.013671875
3391 0.02734375
3392 0.0126953125
3393 -0.09765625
3394 0.0029296875
3395 0.0546875
3396 0.04296875
3397 -0.1025390625
3398 -0.07421875
3399 -0.0166015625
3400 -0.01953125
3401 -0.1962890625
3402 -0.13671875
3403 -0.0654296875
3404 -0.0537109375
3405 -0.1572265625
3406 -0.076171875
3407 -0.01953125
3408 -0.021484375
3409 -0.1611328125
3410 -0.0849609375
3411 -0.025390625
3412 -0.0244140625
3413 -0.1533203125
3414 -0.0400390625
3415 0.0234375
3416 0.0205078125
3417 -0.0576171875
3418 0.0361328125
3419 0.08984375
3420 0.072265625
3421 -0.005859375
3422 0.0791015625
3423 0.1240234375
3424 0.099609375
3425 0.01953125
3426 0.1025390625
3427 0.1416015625
3428 0.11328125
3429 0.0244140625
3430 0.103515625
3431 0.1435546875
3432 0.11328125
3433 0.0146484375
3434 0.0947265625
3435 0.1357421875
3436 0.10546875
3437 0.0009765625
3438 0.0830078125
3439 0.125
3440 0.09765625
3441 0.0380859375
3442 0.1171875
3443 0.15625
3444 0.1201171875
3445 0.0166015625
3446 0.0361328125
3447 0.0693359375
3448 0.0439453125
3449 -0.0654296875
3450 -0.009765625
3451 0.0341796875
3452 0.017578125
3453 -0.1240234375
3454 -0.0576171875
3455 -0.0078125
3456 -0.0166015625
3457 -0.14453125
3458 -0.0361328125
3459 0.0224609375
3460 0.0166015625
3461 -0.064453125
3462 0.0302734375
3463 0.080078125
3464 0.060546875
3465 -0.0263671875
3466 0.0595703125
3467 0.10546875
3468 0.0810546875
3469 -0.0205078125
3470 0.0625
3471 0.10546875
3472 0.0830078125
3473 -0.0283203125
3474 0.0576171875
3475 0.1015625
3476 0.0771484375
3477 0.0126953125
3478 0.0966796875
3479 0.130859375
3480 0.099609375
3481 -0.0205078125
3482 -0.0029296875
3483 0.037109375
3484 0.0146484375
3485 -0.140625
3486 -0.03515625
3487 0.0224609375
3488 0.0146484375
3489 -0.0947265625
3490 -0.0703125
3491 -0.017578125
3492 -0.0244140625
3493 -0.1220703125
3494 -0.015625
3495 0.0380859375
3496 0.02734375
3497 -0.0625
3498 -0.056640625
3499 -0.0029296875
3500 -0.01171875
3501 -0.099609375
3502 0.0009765625
3503 0.052734375
3504 0.0400390625
3505 -0.048828125
3506 -0.0244140625
3507 0.0234375
3508 0.005859375
3509 -0.0869140625
3510 -0.02734375
3511 0.0205078125
3512 0.0048828125
3513 -0.134765625
3514 -0.068359375
3515 -0.0166015625
3516 -0.0244140625
3517 -0.154296875
3518 -0.0849609375
3519 -0.02734375
3520 -0.029296875
3521 -0.18359375
3522 -0.0654296875
3523 -0.001953125
3524 -0.0009765625
3525 -0.0869140625
3526 0.0107421875
3527 0.064453125
3528 0.048828125
3529 -0.041015625
3530 0.0458984375
3531 0.0947265625
3532 0.0732421875
3533 -0.013671875
3534 0.0712890625
3535 0.11328125
3536 0.0888671875
3537 0.005859375
3538 0.0859375
3539 0.1259765625
3540 0.09765625
3541 0.009765625
3542 0.087890625
3543 0.126953125
3544 0.0986328125
3545 -0.0009765625
3546 0.078125
3547 0.1171875
3548 0.08984375
3549 -0.0205078125
3550 0.0615234375
3551 0.1025390625
3552 0.0771484375
3553 0.0048828125
3554 0.083984375
3555 0.1201171875
3556 0.091796875
3557 -0.03515625
3558 -0.021484375
3559 0.0224609375
3560 0.0068359375
3561 -0.09375
3562 0.00390625
3563 0.052734375
3564 0.0380859375
3565 -0.0126953125
3566 0.0732421875
3567 0.1142578125
3568 0.0859375
3569 0.0361328125
3570 0.11328125
3571 0.1484375
3572 0.1142578125
3573 0.0556640625
3574 0.1279296875
3575 0.16015625
3576 0.123046875
3577 0.0224609375
3578 0.0380859375
3579 0.0703125
3580 0.0390625
3581 -0.0771484375
3582 -0.02734375
3583 0.013671875
3584 -0.0048828125
3585 -0.123046875
3586 -0.0595703125
3587 -0.0107421875
3588 -0.0234375
3589 -0.1376953125
3590 -0.0751953125
3591 -0.025390625
3592 -0.0302734375
3593 -0.14453125
3594 -0.0771484375
3595 -0.025390625
3596 -0.03125
3597 -0.142578125
3598 -0.08203125
3599 -0.0302734375
3600 -0.0341796875
3601 -0.1708984375
3602 -0.1015625
3603 -0.04296875
3604 -0.0458984375
3605 -0.1494140625
3606 -0.0400390625
3607 0.015625
3608 0.009765625
3609 -0.12109375
3610 -0.0908203125
3611 -0.0341796875
3612 -0.03515625
3613 -0.1337890625
3614 -0.0673828125
3615 -0.0166015625
3616 -0.021484375
3617 -0.1240234375
3618 -0.0556640625
3619 -0.0107421875
3620 -0.01953125
3621 -0.12890625
3622 -0.0634765625
3623 -0.0126953125
3624 -0.0185546875
3625 -0.1708984375
3626 -0.0615234375
3627 -0.0029296875
3628 -0.0009765625
3629 -0.068359375
3630 0.0283203125
3631 0.0732421875
3632 0.05859375
3633 -0.0703125
3634 0.021484375
3635 0.06640625
3636 0.0537109375
3637 -0.0888671875
3638 -0.0693359375
3639 -0.0205078125
3640 -0.021484375
3641 -0.1845703125
3642 -0.11328125
3643 -0.0498046875
3644 -0.0439453125
3645 -0.1484375
3646 -0.0751953125
3647 -0.0234375
3648 -0.0263671875
3649 -0.1083984375
3650 -0.0078125
3651 0.0439453125
3652 0.0380859375
3653 -0.0537109375
3654 -0.0517578125
3655 0.0009765625
3656 -0.0048828125
3657 -0.1142578125
3658 -0.01171875
3659 0.041015625
3660 0.033203125
3661 -0.056640625
3662 0.0322265625
3663 0.08203125
3664 0.064453125
3665 -0.03515625
3666 -0.0146484375
3667 0.02734375
3668 0.0146484375
3669 -0.1025390625
3670 -0.0048828125
3671 0.044921875
3672 0.0361328125
3673 -0.1025390625
3674 -0.0751953125
3675 -0.0244140625
3676 -0.025390625
3677 -0.208984375
3678 -0.1298828125
3679 -0.064453125
3680 -0.0517578125
3681 -0.16015625
3682 -0.0849609375
3683 -0.03125
3684 -0.029296875
3685 -0.1611328125
3686 -0.0869140625
3687 -0.029296875
3688 -0.029296875
3689 -0.1884765625
3690 -0.068359375
3691 -0.005859375
3692 0.0
3693 -0.0517578125
3694 0.04296875
3695 0.0888671875
3696 0.0732421875
3697 -0.0048828125
3698 0.080078125
3699 0.1220703125
3700 0.0986328125
3701 0.00390625
3702 0.0869140625
3703 0.125
3704 0.1005859375
3705 0.041015625
3706 0.119140625
3707 0.154296875
3708 0.12109375
3709 0.033203125
3710 0.0458984375
3711 0.0810546875
3712 0.0537109375
3713 -0.04296875
3714 0.009765625
3715 0.0498046875
3716 0.0302734375
3717 -0.0751953125
3718 -0.017578125
3719 0.0244140625
3720 0.009765625
3721 -0.16015625
3722 -0.05078125
3723 0.0068359375
3724 0.005859375
3725 -0.13671875
3726 -0.1044921875
3727 -0.0478515625
3728 -0.0390625
3729 -0.2119140625
3730 -0.0888671875
3731 -0.021484375
3732 -0.0107421875
3733 -0.0625
3734 0.0322265625
3735 0.0791015625
3736 0.0634765625
3737 -0.0078125
3738 0.0751953125
3739 0.1171875
3740 0.09375
3741 0.0048828125
3742 0.0859375
3743 0.1259765625
3744 0.1005859375
3745 0.0498046875
3746 0.1259765625
3747 0.1611328125
3748 0.1279296875
3749 0.017578125
3750 0.0341796875
3751 0.068359375
3752 0.0439453125
3753 -0.1337890625
3754 -0.08203125
3755 -0.0263671875
3756 -0.0302734375
3757 -0.1298828125
3758 -0.068359375
3759 -0.013671875
3760 -0.0205078125
3761 -0.15625
3762 -0.0849609375
3763 -0.03125
3764 -0.033203125
3765 -0.16796875
3766 -0.0546875
3767 0.0048828125
3768 0.0068359375
3769 -0.0810546875
3770 0.015625
3771 0.0654296875
3772 0.0537109375
3773 -0.041015625
3774 0.046875
3775 0.09375
3776 0.07421875
3777 -0.015625
3778 0.06640625
3779 0.1103515625
3780 0.0849609375
3781 0.0009765625
3782 0.080078125
3783 0.1220703125
3784 0.0947265625
3785 0.00390625
3786 0.0830078125
3787 0.123046875
3788 0.095703125
3789 -0.021484375
3790 0.060546875
3791 0.1005859375
3792 0.0771484375
3793 -0.0107421875
3794 0.0693359375
3795 0.1103515625
3796 0.083984375
3797 0.0322265625
3798 0.1103515625
3799 0.146484375
3800 0.111328125
3801 0.0625
3802 0.1337890625
3803 0.16796875
3804 0.126953125
3805 0.0419921875
3806 0.060546875
3807 0.0888671875
3808 0.0546875
3809 -0.0673828125
3810 -0.0224609375
3811 0.0166015625
3812 0.0009765625
3813 -0.14453125
3814 -0.0810546875
3815 -0.0283203125
3816 -0.03515625
3817 -0.1435546875
3818 -0.0380859375
3819 0.0166015625
3820 0.0087890625
3821 -0.0302734375
3822 0.0556640625
3823 0.1015625
3824 0.07421875
3825 0.04296875
3826 0.119140625
3827 0.158203125
3828 0.119140625
3829 0.076171875
3830 0.146484375
3831 0.1826171875
3832 0.1376953125
3833 0.0791015625
3834 0.1484375
3835 0.1796875
3836 0.134765625
3837 0.083984375
3838 0.1533203125
3839 0.1845703125
3840 0.1376953125
3841 0.05859375
3842 0.078125
3843 0.103515625
3844 0.0634765625
3845 -0.0302734375
3846 0.0498046875
3847 0.0888671875
3848 0.05859375
3849 -0.033203125
3850 -0.0146484375
3851 0.0224609375
3852 -0.0009765625
3853 -0.103515625
3854 -0.0478515625
3855 -0.0029296875
3856 -0.0224609375
3857 -0.1162109375
3858 -0.056640625
3859 -0.0126953125
3860 -0.0263671875
3861 -0.1337890625
3862 -0.0693359375
3863 -0.0244140625
3864 -0.0361328125
3865 -0.1376953125
3866 -0.0703125
3867 -0.0244140625
3868 -0.0380859375
3869 -0.177734375
3870 -0.107421875
3871 -0.0537109375
3872 -0.0595703125
3873 -0.19140625
3874 -0.1162109375
3875 -0.060546875
3876 -0.0634765625
3877 -0.185546875
3878 -0.0771484375
3879 -0.0126953125
3880 -0.015625
3881 -0.080078125
3882 0.0126953125
3883 0.0615234375
3884 0.04296875
3885 -0.02734375
3886 0.056640625
3887 0.09765625
3888 0.0712890625
3889 0.0068359375
3890 0.083984375
3891 0.1220703125
3892 0.087890625
3893 0.01953125
3894 0.09375
3895 0.1298828125
3896 0.0947265625
3897 0.0380859375
3898 0.111328125
3899 0.1474609375
3900 0.1064453125
3901 0.03125
3902 0.046875
3903 0.078125
3904 0.04296875
3905 -0.056640625
3906 -0.001953125
3907 0.033203125
3908 0.0087890625
3909 -0.0927734375
3910 -0.033203125
3911 0.0048828125
3912 -0.0146484375
3913 -0.1005859375
3914 -0.00390625
3915 0.04296875
3916 0.0234375
3917 -0.0146484375
3918 0.0673828125
3919 0.109375
3920 0.076171875
3921 -0.021484375
3922 -0.0029296875
3923 0.0322265625
3924 0.005859375
3925 -0.150390625
3926 -0.0478515625
3927 0.0048828125
3928 -0.0068359375
3929 -0.1376953125
3930 -0.111328125
3931 -0.0546875
3932 -0.05859375
3933 -0.1650390625
3934 -0.052734375
3935 0.001953125
3936 -0.005859375
3937 -0.078125
3938 0.0166015625
3939 0.0634765625
3940 0.0400390625
3941 -0.052734375
3942 -0.03125
3943 0.0107421875
3944 -0.0087890625
3945 -0.1484375
3946 -0.0810546875
3947 -0.033203125
3948 -0.0439453125
3949 -0.1962890625
3950 -0.125
3951 -0.0654296875
3952 -0.0654296875
3953 -0.2001953125
3954 -0.1201171875
3955 -0.0615234375
3956 -0.0625
3957 -0.16015625
3958 -0.083984375
3959 -0.0302734375
3960 -0.0390625
3961 -0.1591796875
3962 -0.0517578125
3963 0.00390625
3964 -0.0029296875
3965 -0.1689453125
3966 -0.138671875
3967 -0.072265625
3968 -0.0693359375
3969 -0.18359375
3970 -0.109375
3971 -0.0478515625
3972 -0.0498046875
3973 -0.1298828125
3974 -0.0595703125
3975 -0.0087890625
3976 -0.01953125
3977 -0.1435546875
3978 -0.0703125
3979 -0.0224609375
3980 -0.029296875
3981 -0.177734375
3982 -0.0625
3983 0.0
3984 -0.0029296875
3985 -0.0439453125
3986 0.0498046875
3987 0.0966796875
3988 0.0712890625
3989 0.01953125
3990 0.1005859375
3991 0.140625
3992 0.10546875
3993 0.001953125
3994 0.0185546875
3995 0.0546875
3996 0.029296875
3997 -0.0947265625
3998 -0.0322265625
3999 -0.017578125
4000 0.029296875
4001 -0.033203125
4002 0.00390625
4003 0.0126953125
4004 0.0517578125
4005 0.021484375
4006 0.0498046875
4007 0.0517578125
4008 0.08203125
4009 0.0107421875
4010 -0.0322265625
4011 -0.02734375
4012 0.009765625
4013 -0.0556640625
4014 -0.0546875
4015 -0.044921875
4016 -0.0029296875
4017 -0.103515625
4018 -0.08984375
4019 -0.0791015625
4020 -0.029296875
4021 -0.1181640625
4022 -0.0615234375
4023 -0.0439453125
4024 0.0107421875
4025 -0.0380859375
4026 0.0
4027 0.0107421875
4028 0.0517578125
4029 -0.0009765625
4030 0.0283203125
4031 0.03515625
4032 0.0703125
4033 0.025390625
4034 0.048828125
4035 0.05078125
4036 0.083984375
4037 0.041015625
4038 0.0615234375
4039 0.0615234375
4040 0.0908203125
4041 0.0400390625
4042 0.05859375
4043 0.0595703125
4044 0.0888671875
4045 0.01171875
4046 0.0361328125
4047 0.037109375
4048 0.072265625
4049 0.0205078125
4050 0.0439453125
4051 0.0458984375
4052 0.080078125
4053 0.068359375
4054 0.0869140625
4055 0.0830078125
4056 0.1064453125
4057 0.09765625
4058 0.1103515625
4059 0.103515625
4060 0.1240234375
4061 0.080078125
4062 0.0390625
4063 0.029296875
4064 0.0517578125
4065 -0.0341796875
4066 -0.04296875
4067 -0.04296875
4068 -0.0029296875
4069 -0.1123046875
4070 -0.1015625
4071 -0.0859375
4072 -0.0380859375
4073 -0.10546875
4074 -0.0556640625
4075 -0.0419921875
4076 0.0068359375
4077 0.0087890625
4078 0.037109375
4079 0.041015625
4080 0.072265625
4081 0.0849609375
4082 0.1005859375
4083 0.09765625
4084 0.1201171875
4085 0.119140625
4086 0.126953125
4087 0.119140625
4088 0.13671875
4089 0.1220703125
4090 0.12890625
4091 0.1171875
4092 0.1357421875
4093 0.126953125
4094 0.1328125
4095 0.1201171875
4096 0.1376953125
4097 0.0986328125
4098 0.05859375
4099 0.04296875
4100 0.0625
4101 0.01171875
4102 0.0322265625
4103 0.0302734375
4104 0.0595703125
4105 0.00390625
4106 -0.03515625
4107 -0.0361328125
4108 -0.00390625
4109 -0.068359375
4110 -0.0673828125
4111 -0.0634765625
4112 -0.0224609375
4113 -0.0810546875
4114 -0.0751953125
4115 -0.0703125
4116 -0.0283203125
4117 -0.0986328125
4118 -0.08984375
4119 -0.08203125
4120 -0.037109375
4121 -0.1259765625
4122 -0.111328125
4123 -0.0966796875
4124 -0.048828125
4125 -0.1064453125
4126 -0.099609375
4127 -0.087890625
4128 -0.0400390625
4129 -0.0849609375
4130 -0.0771484375
4131 -0.068359375
4132 -0.0263671875
4133 -0.0908203125
4134 -0.0810546875
4135 -0.0712890625
4136 -0.0283203125
4137 -0.142578125
4138 -0.146484375
4139 -0.1240234375
4140 -0.064453125
4141 -0.125
4142 -0.111328125
4143 -0.0927734375
4144 -0.041015625
4145 -0.1083984375
4146 -0.09375
4147 -0.0810546875
4148 -0.033203125
4149 -0.080078125
4150 -0.0361328125
4151 -0.0205078125
4152 0.0244140625
4153 -0.02734375
4154 -0.083984375
4155 -0.06640625
4156 -0.01953125
4157 -0.0966796875
4158 -0.048828125
4159 -0.0322265625
4160 0.017578125
4161 -0.046875
4162 -0.009765625
4163 0.001953125
4164 0.044921875
4165 -0.0166015625
4166 -0.05078125
4167 -0.0458984375
4168 -0.0029296875
4169 -0.0810546875
4170 -0.0341796875
4171 -0.0244140625
4172 0.0224609375
4173 -0.0830078125
4174 -0.1103515625
4175 -0.09375
4176 -0.0400390625
4177 -0.1728515625
4178 -0.1455078125
4179 -0.1201171875
4180 -0.05859375
4181 -0.1357421875
4182 -0.111328125
4183 -0.0966796875
4184 -0.0390625
4185 -0.1103515625
4186 -0.0908203125
4187 -0.078125
4188 -0.0244140625
4189 -0.1328125
4190 -0.115234375
4191 -0.09375
4192 -0.0380859375
4193 -0.10546875
4194 -0.0888671875
4195 -0.0712890625
4196 -0.021484375
4197 -0.0986328125
4198 -0.087890625
4199 -0.0712890625
4200 -0.0205078125
4201 -0.1396484375
4202 -0.1162109375
4203 -0.0927734375
4204 -0.0341796875
4205 -0.1044921875
4206 -0.048828125
4207 -0.0302734375
4208 0.0224609375
4209 0.02734375
4210 0.0595703125
4211 0.0625
4212 0.09765625
4213 0.1083984375
4214 0.125
4215 0.1201171875
4216 0.1455078125
4217 0.146484375
4218 0.1533203125
4219 0.146484375
4220 0.1640625
4221 0.1494140625
4222 0.154296875
4223 0.14453125
4224 0.162109375
4225 0.1533203125
4226 0.1591796875
4227 0.1474609375
4228 0.1630859375
4229 0.125
4230 0.0849609375
4231 0.0693359375
4232 0.0888671875
4233 0.0380859375
4234 0.05859375
4235 0.0556640625
4236 0.0849609375
4237 0.0283203125
4238 -0.0087890625
4239 -0.0126953125
4240 0.0224609375
4241 -0.04296875
4242 -0.04296875
4243 -0.0400390625
4244 0.0009765625
4245 -0.056640625
4246 -0.052734375
4247 -0.0458984375
4248 -0.005859375
4249 -0.0771484375
4250 -0.068359375
4251 -0.0615234375
4252 -0.015625
4253 -0.10546875
4254 -0.08984375
4255 -0.078125
4256 -0.02734375
4257 -0.087890625
4258 -0.0791015625
4259 -0.0673828125
4260 -0.01953125
4261 -0.06640625
4262 -0.0576171875
4263 -0.0478515625
4264 -0.0087890625
4265 -0.072265625
4266 -0.060546875
4267 -0.05078125
4268 -0.009765625
4269 -0.1201171875
4270 -0.1279296875
4271 -0.10546875
4272 -0.046875
4273 -0.1064453125
4274 -0.0908203125
4275 -0.0751953125
4276 -0.0234375
4277 -0.091796875
4278 -0.0751953125
4279 -0.0654296875
4280 -0.0166015625
4281 -0.0625
4282 -0.01953125
4283 -0.00390625
4284 0.0400390625
4285 -0.013671875
4286 -0.0673828125
4287 -0.05078125
4288 -0.0048828125
4289 -0.0703125
4290 -0.0263671875
4291 -0.009765625
4292 0.03515625
4293 -0.0166015625
4294 0.0185546875
4295 0.02734375
4296 0.064453125
4297 0.00390625
4298 -0.0302734375
4299 -0.025390625
4300 0.015625
4301 -0.0625
4302 -0.0185546875
4303 -0.0078125
4304 0.0380859375
4305 -0.0556640625
4306 -0.0859375
4307 -0.0703125
4308 -0.0224609375
4309 -0.1552734375
4310 -0.12890625
4311 -0.103515625
4312 -0.046875
4313 -0.1181640625
4314 -0.0966796875
4315 -0.0791015625
4316 -0.0263671875
4317 -0.09765625
4318 -0.080078125
4319 -0.0654296875
4320 -0.013671875
4321 -0.1201171875
4322 -0.1025390625
4323 -0.0830078125
4324 -0.025390625
4325 -0.0947265625
4326 -0.0791015625
4327 -0.064453125
4328 -0.01171875
4329 -0.0908203125
4330 -0.0810546875
4331 -0.0625
4332 -0.0126953125
4333 -0.1298828125
4334 -0.111328125
4335 -0.083984375
4336 -0.0283203125
4337 -0.0966796875
4338 -0.041015625
4339 -0.021484375
4340 0.0302734375
4341 0.0361328125
4342 0.0654296875
4343 0.0712890625
4344 0.10546875
4345 0.1162109375
4346 0.1337890625
4347 0.12890625
4348 0.1533203125
4349 0.1513671875
4350 0.1611328125
4351 0.1533203125
4352 0.1708984375
4353 0.15625
4354 0.162109375
4355 0.15234375
4356 0.16796875
4357 0.162109375
4358 0.166015625
4359 0.154296875
4360 0.1708984375
4361 0.1318359375
4362 0.091796875
4363 0.0751953125
4364 0.0947265625
4365 0.0458984375
4366 0.0654296875
4367 0.0615234375
4368 0.0927734375
4369 0.03515625
4370 -0.0029296875
4371 -0.0048828125
4372 0.0302734375
4373 -0.037109375
4374 -0.037109375
4375 -0.0322265625
4376 0.0068359375
4377 -0.05078125
4378 -0.046875
4379 -0.0390625
4380 0.0
4381 -0.0703125
4382 -0.064453125
4383 -0.052734375
4384 -0.0107421875
4385 -0.0986328125
4386 -0.083984375
4387 -0.0703125
4388 -0.0244140625
4389 -0.0830078125
4390 -0.072265625
4391 -0.0615234375
4392 -0.0166015625
4393 -0.0634765625
4394 -0.0517578125
4395 -0.044921875
4396 -0.00390625
4397 -0.0673828125
4398 -0.056640625
4399 -0.0478515625
4400 -0.0048828125
4401 -0.1162109375
4402 -0.1240234375
4403 -0.099609375
4404 -0.0419921875
4405 -0.099609375
4406 -0.087890625
4407 -0.0693359375
4408 -0.017578125
4409 -0.0869140625
4410 -0.0693359375
4411 -0.060546875
4412 -0.0107421875
4413 -0.0576171875
4414 -0.01171875
4415 -0.001953125
4416 0.046875
4417 -0.0068359375
4418 -0.060546875
4419 -0.044921875
4420 0.0009765625
4421 -0.0673828125
4422 -0.021484375
4423 -0.0048828125
4424 0.0390625
4425 -0.0126953125
4426 0.021484375
4427 0.0322265625
4428 0.0703125
4429 0.0087890625
4430 -0.0263671875
4431 -0.0234375
4432 0.0185546875
4433 -0.0595703125
4434 -0.0146484375
4435 -0.005859375
4436 0.041015625
4437 -0.0556640625
4438 -0.0810546875
4439 -0.0693359375
4440 -0.0185546875
4441 -0.154296875
4442 -0.125
4443 -0.099609375
4444 -0.0419921875
4445 -0.1181640625
4446 -0.095703125
4447 -0.078125
4448 -0.025390625
4449 -0.0947265625
4450 -0.078125
4451 -0.0625
4452 -0.0107421875
4453 -0.1171875
4454 -0.1005859375
4455 -0.0791015625
4456 -0.0234375
4457 -0.0908203125
4458 -0.072265625
4459 -0.0595703125
4460 -0.0068359375
4461 -0.0869140625
4462 -0.0732421875
4463 -0.05859375
4464 -0.0087890625
4465 -0.126953125
4466 -0.1044921875
4467 -0.0810546875
4468 -0.0244140625
4469 -0.0927734375
4470 -0.0380859375
4471 -0.017578125
4472 0.0341796875
4473 0.0390625
4474 0.0693359375
4475 0.076171875
4476 0.1083984375
4477 0.1201171875
4478 0.1376953125
4479 0.1328125
4480 0.15625
4481 0.15625
4482 0.166015625
4483 0.15625
4484 0.17578125
4485 0.1611328125
4486 0.1669921875
4487 0.154296875
4488 0.171875
4489 0.166015625
4490 0.169921875
4491 0.1572265625
4492 0.1728515625
4493 0.1357421875
4494 0.0947265625
4495 0.080078125
4496 0.09765625
4497 0.0498046875
4498 0.0673828125
4499 0.0654296875
4500 0.0947265625
4501 0.0390625
4502 0.0009765625
4503 -0.001953125
4504 0.0322265625
4505 -0.0361328125
4506 -0.033203125
4507 -0.0302734375
4508 0.01171875
4509 -0.046875
4510 -0.0439453125
4511 -0.037109375
4512 0.0048828125
4513 -0.06640625
4514 -0.060546875
4515 -0.0517578125
4516 -0.0068359375
4517 -0.0947265625
4518 -0.08203125
4519 -0.06640625
4520 -0.0205078125
4521 -0.0791015625
4522 -0.0703125
4523 -0.0595703125
4524 -0.0126953125
4525 -0.0595703125
4526 -0.048828125
4527 -0.0419921875
4528 0.001953125
4529 -0.0634765625
4530 -0.0517578125
4531 -0.04296875
4532 -0.0009765625
4533 -0.1142578125
4534 -0.1201171875
4535 -0.09765625
4536 -0.0400390625
4537 -0.09765625
4538 -0.083984375
4539 -0.0673828125
4540 -0.015625
4541 -0.083984375
4542 -0.068359375
4543 -0.0576171875
4544 -0.009765625
4545 -0.0556640625
4546 -0.0107421875
4547 0.0029296875
4548 0.0478515625
4549 -0.0029296875
4550 -0.05859375
4551 -0.0419921875
4552 0.0029296875
4553 -0.064453125
4554 -0.0185546875
4555 -0.0029296875
4556 0.0439453125
4557 -0.009765625
4558 0.025390625
4559 0.03515625
4560 0.0732421875
4561 0.0126953125
4562 -0.0234375
4563 -0.017578125
4564 0.021484375
4565 -0.05859375
4566 -0.0146484375
4567 -0.001953125
4568 0.0439453125
4569 -0.052734375
4570 -0.08203125
4571 -0.06640625
4572 -0.0166015625
4573 -0.1533203125
4574 -0.123046875
4575 -0.0986328125
4576 -0.0390625
4577 -0.1162109375
4578 -0.0908203125
4579 -0.0751953125
4580 -0.0224609375
4581 -0.0908203125
4582 -0.07421875
4583 -0.05859375
4584 -0.0087890625
4585 -0.11328125
4586 -0.09765625
4587 -0.076171875
4588 -0.0205078125
4589 -0.0869140625
4590 -0.072265625
4591 -0.056640625
4592 -0.005859375
4593 -0.0859375
4594 -0.072265625
4595 -0.0576171875
4596 -0.0048828125
4597 -0.12890625
4598 -0.10546875
4599 -0.0810546875
4600 -0.0224609375
4601 -0.0927734375
4602 -0.03515625
4603 -0.015625
4604 0.0341796875
4605 0.0400390625
4606 0.0693359375
4607 0.0771484375
4608 0.1103515625
4609 0.123046875
4610 0.1376953125
4611 0.1376953125
4612 0.158203125
4613 0.1572265625
4614 0.16796875
4615 0.1611328125
4616 0.1767578125
4617 0.1611328125
4618 0.16796875
4619 0.1572265625
4620 0.173828125
4621 0.166015625
4622 0.1728515625
4623 0.16015625
4624 0.1767578125
4625 0.1376953125
4626 0.09765625
4627 0.08203125
4628 0.1005859375
4629 0.0498046875
4630 0.0703125
4631 0.0693359375
4632 0.0966796875
4633 0.0419921875
4634 0.001953125
4635 0.0009765625
4636 0.033203125
4637 -0.033203125
4638 -0.033203125
4639 -0.029296875
4640 0.01171875
4641 -0.0458984375
4642 -0.0400390625
4643 -0.03515625
4644 0.005859375
4645 -0.064453125
4646 -0.0576171875
4647 -0.0498046875
4648 -0.0048828125
4649 -0.0927734375
4650 -0.080078125
4651 -0.06640625
4652 -0.01953125
4653 -0.076171875
4654 -0.0693359375
4655 -0.0556640625
4656 -0.009765625
4657 -0.0556640625
4658 -0.0458984375
4659 -0.0390625
4660 0.0029296875
4661 -0.0634765625
4662 -0.05078125
4663 -0.04296875
4664 0.0
4665 -0.111328125
4666 -0.1181640625
4667 -0.0966796875
4668 -0.037109375
4669 -0.0966796875
4670 -0.0830078125
4671 -0.06640625
4672 -0.0166015625
4673 -0.08203125
4674 -0.06640625
4675 -0.0546875
4676 -0.0078125
4677 -0.0537109375
4678 -0.0107421875
4679 0.0048828125
4680 0.0478515625
4681 -0.0029296875
4682 -0.0595703125
4683 -0.04296875
4684 0.0029296875
4685 -0.0634765625
4686 -0.017578125
4687 -0.0048828125
4688 0.0439453125
4689 -0.0107421875
4690 0.025390625
4691 0.03515625
4692 0.07421875
4693 0.01171875
4694 -0.0234375
4695 -0.0185546875
4696 0.021484375
4697 -0.0546875
4698 -0.01171875
4699 0.001953125
4700 0.0458984375
4701 -0.048828125
4702 -0.0791015625
4703 -0.0634765625
4704 -0.013671875
4705 -0.1494140625
4706 -0.12109375
4707 -0.095703125
4708 -0.0380859375
4709 -0.1162109375
4710 -0.091796875
4711 -0.076171875
4712 -0.021484375
4713 -0.08984375
4714 -0.0732421875
4715 -0.0595703125
4716 -0.0068359375
4717 -0.11328125
4718 -0.09765625
4719 -0.0751953125
4720 -0.0185546875
4721 -0.0869140625
4722 -0.0712890625
4723 -0.0537109375
4724 -0.0048828125
4725 -0.0830078125
4726 -0.0712890625
4727 -0.056640625
4728 -0.0029296875
4729 -0.1181640625
4730 -0.0966796875
4731 -0.0751953125
4732 -0.017578125
4733 -0.087890625
4734 -0.0322265625
4735 -0.013671875
4736 0.0380859375
4737 0.0419921875
4738 0.07421875
4739 0.0791015625
4740 0.1123046875
4741 0.1240234375
4742 0.1396484375
4743 0.1376953125
4744 0.16015625
4745 0.1611328125
4746 0.1689453125
4747 0.1611328125
4748 0.1787109375
4749 0.1630859375
4750 0.169921875
4751 0.1572265625
4752 0.1748046875
4753 0.16796875
4754 0.1708984375
4755 0.1611328125
4756 0.177734375
4757 0.1376953125
4758 0.0986328125
4759 0.0810546875
4760 0.1005859375
4761 0.05078125
4762 0.072265625
4763 0.068359375
4764 0.0966796875
4765 0.04296875
4766 0.001953125
4767 -0.0009765625
4768 0.033203125
4769 -0.033203125
4770 -0.033203125
4771 -0.0283203125
4772 0.0126953125
4773 -0.044921875
4774 -0.041015625
4775 -0.0361328125
4776 0.0068359375
4777 -0.06640625
4778 -0.0576171875
4779 -0.0517578125
4780 -0.00390625
4781 -0.0927734375
4782 -0.0791015625
4783 -0.0654296875
4784 -0.0166015625
4785 -0.076171875
4786 -0.0673828125
4787 -0.056640625
4788 -0.0078125
4789 -0.0556640625
4790 -0.0458984375
4791 -0.0400390625
4792 0.00390625
4793 -0.060546875
4794 -0.05078125
4795 -0.041015625
4796 0.0029296875
4797 -0.11328125
4798 -0.1171875
4799 -0.0966796875
4800 -0.0380859375
4801 -0.095703125
4802 -0.0810546875
4803 -0.06640625
4804 -0.0126953125
4805 -0.0810546875
4806 -0.0654296875
4807 -0.0556640625
4808 -0.0068359375
4809 -0.052734375
4810 -0.0087890625
4811 0.005859375
4812 0.048828125
4813 -0.00390625
4814 -0.0576171875
4815 -0.041015625
4816 0.005859375
4817 -0.060546875
4818 -0.015625
4819 -0.0029296875
4820 0.0458984375
4821 -0.00390625
4822 0.029296875
4823 0.0380859375
4824 0.0771484375
4825 0.017578125
4826 -0.017578125
4827 -0.0146484375
4828 0.0263671875
4829 -0.0517578125
4830 -0.0087890625
4831 0.001953125
4832 0.046875
4833 -0.046875
4834 -0.0751953125
4835 -0.060546875
4836 -0.01171875
4837 -0.1435546875
4838 -0.1181640625
4839 -0.091796875
4840 -0.0361328125
4841 -0.1103515625
4842 -0.087890625
4843 -0.072265625
4844 -0.0185546875
4845 -0.0888671875
4846 -0.0712890625
4847 -0.0595703125
4848 -0.0068359375
4849 -0.11328125
4850 -0.0947265625
4851 -0.076171875
4852 -0.0185546875
4853 -0.0888671875
4854 -0.0712890625
4855 -0.056640625
4856 -0.005859375
4857 -0.0830078125
4858 -0.0732421875
4859 -0.056640625
4860 -0.00390625
4861 -0.119140625
4862 -0.0986328125
4863 -0.076171875
4864 -0.0185546875
4865 -0.087890625
4866 -0.0322265625
4867 -0.015625
4868 0.0380859375
4869 0.0419921875
4870 0.07421875
4871 0.078125
4872 0.1103515625
4873 0.123046875
4874 0.1376953125
4875 0.1357421875
4876 0.158203125
4877 0.1591796875
4878 0.1669921875
4879 0.1591796875
4880 0.177734375
4881 0.1630859375
4882 0.16796875
4883 0.1572265625
4884 0.1748046875
4885 0.1689453125
4886 0.171875
4887 0.1611328125
4888 0.1767578125
4889 0.138671875
4890 0.0966796875
4891 0.08203125
4892 0.1015625
4893 0.048828125
4894 0.0712890625
4895 0.068359375
4896 0.0986328125
4897 0.041015625
4898 0.0029296875
4899 0.0
4900 0.0341796875
4901 -0.0322265625
4902 -0.03125
4903 -0.0283203125
4904 0.01171875
4905 -0.0458984375
4906 -0.041015625
4907 -0.0341796875
4908 0.005859375
4909 -0.0654296875
4910 -0.05859375
4911 -0.05078125
4912 -0.0048828125
4913 -0.0947265625
4914 -0.080078125
4915 -0.064453125
4916 -0.017578125
4917 -0.0771484375
4918 -0.06640625
4919 -0.056640625
4920 -0.0087890625
4921 -0.05859375
4922 -0.0478515625
4923 -0.0400390625
4924 0.0029296875
4925 -0.0634765625
4926 -0.0517578125
4927 -0.0419921875
4928 -0.0009765625
4929 -0.111328125
4930 -0.119140625
4931 -0.0927734375
4932 -0.0361328125
4933 -0.095703125
4934 -0.08203125
4935 -0.0654296875
4936 -0.013671875
4937 -0.080078125
4938 -0.06640625
4939 -0.056640625
4940 -0.0068359375
4941 -0.0537109375
4942 -0.0087890625
4943 0.0048828125
4944 0.0498046875
4945 -0.001953125
4946 -0.0576171875
4947 -0.0400390625
4948 0.0048828125
4949 -0.0625
4950 -0.0185546875
4951 -0.0009765625
4952 0.04296875
4953 -0.005859375
4954 0.02734375
4955 0.0361328125
4956 0.076171875
4957 0.0166015625
4958 -0.01953125
4959 -0.0146484375
4960 0.0234375
4961 -0.0537109375
4962 -0.0078125
4963 0.0009765625
4964 0.0478515625
4965 -0.048828125
4966 -0.0771484375
4967 -0.0634765625
4968 -0.0146484375
4969 -0.146484375
4970 -0.119140625
4971 -0.095703125
4972 -0.0380859375
4973 -0.1142578125
4974 -0.0908203125
4975 -0.0732421875
4976 -0.021484375
4977 -0.0908203125
4978 -0.072265625
4979 -0.0576171875
4980 -0.0068359375
4981 -0.115234375
4982 -0.0966796875
4983 -0.0771484375
4984 -0.021484375
4985 -0.087890625
4986 -0.0703125
4987 -0.0546875
4988 -0.0048828125
4989 -0.083984375
4990 -0.072265625
4991 -0.0576171875
4992 -0.0048828125
4993 -0.1181640625
4994 -0.0986328125
4995 -0.0751953125
4996 -0.017578125
4997 -0.087890625
4998 -0.033203125
4999 -0.013671875
