x y
0 0.0263671875
1 -0.0908203125
2 -0.06640625
3 -0.015625
4 -0.0224609375
5 -0.4169921875
6 -0.076171875
7 -0.00390625
8 -0.0341796875
9 -0.1513671875
10 -0.0634765625
11 0.0068359375
12 -0.0244140625
13 -0.1337890625
14 -0.0078125
15 0.0654296875
16 0.029296875
17 -0.08203125
18 -0.060546875
19 0.013671875
20 -0.015625
21 -0.1435546875
22 -0.0166015625
23 0.05859375
24 0.02734375
25 -0.107421875
26 -0.0625
27 0.0078125
28 -0.01953125
29 -0.1357421875
30 -0.048828125
31 0.0224609375
32 -0.0107421875
33 -0.115234375
34 -0.029296875
35 0.037109375
36 0.0009765625
37 -0.1181640625
38 0.001953125
39 0.0712890625
40 0.037109375
41 -0.0498046875
42 0.0615234375
43 0.1240234375
44 0.0791015625
45 0.0146484375
46 0.119140625
47 0.1728515625
48 0.1181640625
49 0.0224609375
50 0.068359375
51 0.1162109375
52 0.060546875
53 -0.06640625
54 0.0419921875
55 0.103515625
56 0.0595703125
57 -0.076171875
58 -0.0400390625
59 0.0244140625
60 -0.0087890625
61 -0.1240234375
62 -0.041015625
63 0.0234375
64 -0.0087890625
65 -0.1240234375
66 -0.0380859375
67 0.025390625
68 -0.0078125
69 -0.150390625
70 -0.0244140625
71 0.048828125
72 0.01953125
73 -0.0361328125
74 0.0732421875
75 0.1357421875
76 0.0849609375
77 -0.0087890625
78 0.0390625
79 0.0908203125
80 0.0419921875
81 -0.0859375
82 0.0244140625
83 0.0869140625
84 0.0498046875
85 -0.0869140625
86 -0.048828125
87 0.0126953125
88 -0.013671875
89 -0.1259765625
90 -0.044921875
91 0.017578125
92 -0.009765625
93 -0.123046875
94 -0.0400390625
95 0.01953125
96 -0.0087890625
97 -0.1494140625
98 -0.0263671875
99 0.044921875
100 0.0185546875
101 -0.0341796875
102 0.0703125
103 0.130859375
104 0.083984375
105 -0.0078125
106 0.0390625
107 0.0859375
108 0.0419921875
109 -0.0869140625
110 0.0234375
111 0.083984375
112 0.0478515625
113 -0.087890625
114 -0.0517578125
115 0.0126953125
116 -0.0146484375
117 -0.1279296875
118 -0.0458984375
119 0.017578125
120 -0.01171875
121 -0.1220703125
122 -0.0439453125
123 0.017578125
124 -0.0087890625
125 -0.150390625
126 -0.0283203125
127 0.04296875
128 0.017578125
129 -0.03515625
130 0.0703125
131 0.126953125
132 0.0859375
133 -0.0087890625
134 0.037109375
135 0.0849609375
136 0.0400390625
137 -0.087890625
138 0.0234375
139 0.083984375
140 0.046875
141 -0.0908203125
142 -0.0537109375
143 0.01171875
144 -0.0166015625
145 -0.1279296875
146 -0.0458984375
147 0.0166015625
148 -0.0126953125
149 -0.1220703125
150 -0.044921875
151 0.01953125
152 -0.0107421875
153 -0.1484375
154 -0.025390625
155 0.0439453125
156 0.017578125
157 -0.0361328125
158 0.0712890625
159 0.1298828125
160 0.083984375
161 -0.0087890625
162 0.037109375
163 0.0869140625
164 0.0380859375
165 -0.0888671875
166 0.0224609375
167 0.0859375
168 0.0458984375
169 -0.0888671875
170 -0.0517578125
171 0.0146484375
172 -0.017578125
173 -0.1298828125
174 -0.0458984375
175 0.01953125
176 -0.0126953125
177 -0.1259765625
178 -0.04296875
179 0.01953125
180 -0.0107421875
181 -0.15234375
182 -0.0263671875
183 0.0458984375
184 0.0166015625
185 -0.0380859375
186 0.0703125
187 0.1328125
188 0.0830078125
189 -0.009765625
190 0.037109375
191 0.08984375
192 0.0380859375
193 -0.0908203125
194 0.021484375
195 0.087890625
196 0.0458984375
197 -0.0908203125
198 -0.0537109375
199 0.013671875
200 -0.0166015625
201 -0.1328125
202 -0.046875
203 0.0185546875
204 -0.0126953125
205 -0.12890625
206 -0.04296875
207 0.0205078125
208 -0.01171875
209 -0.15234375
210 -0.02734375
211 0.0439453125
212 0.0166015625
213 -0.037109375
214 0.0693359375
215 0.130859375
216 0.083984375
217 -0.009765625
218 0.0361328125
219 0.0849609375
220 0.0390625
221 -0.087890625
222 0.0224609375
223 0.083984375
224 0.046875
225 -0.0927734375
226 -0.052734375
227 0.01171875
228 -0.0166015625
229 -0.130859375
230 -0.0458984375
231 0.0185546875
232 -0.0126953125
233 -0.126953125
234 -0.0458984375
235 0.0205078125
236 -0.0107421875
237 -0.154296875
238 -0.029296875
239 0.044921875
240 0.013671875
241 -0.0400390625
242 0.0693359375
243 0.1328125
244 0.0810546875
245 -0.0126953125
246 0.0361328125
247 0.08984375
248 0.0380859375
249 -0.0927734375
250 0.021484375
251 0.0859375
252 0.0458984375
253 -0.091796875
254 -0.052734375
255 0.013671875
256 -0.0185546875
257 -0.1318359375
258 -0.048828125
259 0.01953125
260 -0.0146484375
261 -0.1259765625
262 -0.04296875
263 0.0234375
264 -0.0126953125
265 -0.15234375
266 -0.0263671875
267 0.0458984375
268 0.015625
269 -0.041015625
270 0.0712890625
271 0.1357421875
272 0.083984375
273 -0.0107421875
274 0.037109375
275 0.0908203125
276 0.0390625
277 -0.09375
278 0.0234375
279 0.08984375
280 0.0439453125
281 -0.0908203125
282 -0.048828125
283 0.0185546875
284 -0.0166015625
285 -0.1318359375
286 -0.0478515625
287 0.0224609375
288 -0.0126953125
289 -0.1279296875
290 -0.0419921875
291 0.0234375
292 -0.01171875
293 -0.15625
294 -0.0263671875
295 0.048828125
296 0.017578125
297 -0.0439453125
298 0.0703125
299 0.134765625
300 0.08203125
301 -0.0126953125
302 0.0361328125
303 0.0908203125
304 0.037109375
305 -0.0947265625
306 0.0224609375
307 0.0888671875
308 0.0439453125
309 -0.091796875
310 -0.0517578125
311 0.01953125
312 -0.017578125
313 -0.1328125
314 -0.0458984375
315 0.0234375
316 -0.013671875
317 -0.12890625
318 -0.0419921875
319 0.0263671875
320 -0.0107421875
321 -0.1552734375
322 -0.0283203125
323 0.046875
324 0.0146484375
325 -0.0400390625
326 0.0712890625
327 0.1337890625
328 0.0830078125
329 -0.0107421875
330 0.037109375
331 0.08984375
332 0.037109375
333 -0.091796875
334 0.0234375
335 0.0859375
336 0.046875
337 -0.091796875
338 -0.0517578125
339 0.015625
340 -0.017578125
341 -0.1318359375
342 -0.0458984375
343 0.0205078125
344 -0.0126953125
345 -0.12890625
346 -0.04296875
347 0.021484375
348 -0.0107421875
349 -0.158203125
350 -0.029296875
351 0.044921875
352 0.0126953125
353 -0.0419921875
354 0.0693359375
355 0.1328125
356 0.0810546875
357 -0.01171875
358 0.03515625
359 0.0888671875
360 0.037109375
361 -0.0966796875
362 0.021484375
363 0.0869140625
364 0.044921875
365 -0.0947265625
366 -0.0517578125
367 0.0185546875
368 -0.0185546875
369 -0.134765625
370 -0.046875
371 0.0224609375
372 -0.015625
373 -0.1298828125
374 -0.04296875
375 0.0263671875
376 -0.0146484375
377 -0.154296875
378 -0.0263671875
379 0.0498046875
380 0.015625
381 -0.0419921875
382 0.0712890625
383 0.13671875
384 0.0830078125
385 -0.013671875
386 0.037109375
387 0.0927734375
388 0.037109375
389 -0.0947265625
390 0.0234375
391 0.0908203125
392 0.0439453125
393 -0.0927734375
394 -0.0517578125
395 0.0185546875
396 -0.017578125
397 -0.1357421875
398 -0.0478515625
399 0.0244140625
400 -0.0166015625
401 -0.12890625
402 -0.0439453125
403 0.0263671875
404 -0.01171875
405 -0.1572265625
406 -0.0263671875
407 0.048828125
408 0.0146484375
409 -0.0458984375
410 0.0712890625
411 0.1376953125
412 0.08203125
413 -0.0126953125
414 0.0390625
415 0.0947265625
416 0.037109375
417 -0.0966796875
418 0.0224609375
419 0.091796875
420 0.0439453125
421 -0.0947265625
422 -0.052734375
423 0.01953125
424 -0.0205078125
425 -0.134765625
426 -0.0478515625
427 0.0234375
428 -0.015625
429 -0.1318359375
430 -0.0419921875
431 0.0263671875
432 -0.0126953125
433 -0.1572265625
434 -0.02734375
435 0.046875
436 0.015625
437 -0.0439453125
438 0.0712890625
439 0.13671875
440 0.08203125
441 -0.0126953125
442 0.037109375
443 0.09375
444 0.037109375
445 -0.095703125
446 0.0224609375
447 0.0908203125
448 0.0419921875
449 -0.0947265625
450 -0.052734375
451 0.017578125
452 -0.01953125
453 -0.13671875
454 -0.0478515625
455 0.0224609375
456 -0.0146484375
457 -0.130859375
458 -0.04296875
459 0.0234375
460 -0.0126953125
461 -0.1572265625
462 -0.0283203125
463 0.048828125
464 0.013671875
465 -0.0419921875
466 0.0703125
467 0.1357421875
468 0.08203125
469 -0.0107421875
470 0.037109375
471 0.0927734375
472 0.0380859375
473 -0.095703125
474 0.021484375
475 0.0888671875
476 0.04296875
477 -0.09375
478 -0.0517578125
479 0.017578125
480 -0.0185546875
481 -0.1337890625
482 -0.0458984375
483 0.0234375
484 -0.0146484375
485 -0.126953125
486 -0.04296875
487 0.025390625
488 -0.01171875
489 -0.154296875
490 -0.0263671875
491 0.0517578125
492 0.0146484375
493 -0.041015625
494 0.0712890625
495 0.13671875
496 0.0830078125
497 -0.0126953125
498 0.037109375
499 0.0927734375
500 0.0380859375
501 -0.0908203125
502 0.025390625
503 0.0908203125
504 0.0458984375
505 -0.08984375
506 -0.048828125
507 0.0185546875
508 -0.0166015625
509 -0.1337890625
510 -0.0458984375
511 0.0234375
512 -0.0126953125
513 -0.126953125
514 -0.0439453125
515 0.0234375
516 -0.01171875
517 -0.1533203125
518 -0.02734375
519 0.044921875
520 0.015625
521 -0.041015625
522 0.0712890625
523 0.1337890625
524 0.08203125
525 -0.0107421875
526 0.0380859375
527 0.08984375
528 0.0390625
529 -0.091796875
530 0.0234375
531 0.0888671875
532 0.046875
533 -0.08984375
534 -0.0517578125
535 0.0166015625
536 -0.0166015625
537 -0.130859375
538 -0.0458984375
539 0.0224609375
540 -0.0146484375
541 -0.1298828125
542 -0.044921875
543 0.0244140625
544 -0.013671875
545 -0.1572265625
546 -0.0283203125
547 0.0478515625
548 0.013671875
549 -0.0419921875
550 0.0703125
551 0.134765625
552 0.0830078125
553 -0.0126953125
554 0.0361328125
555 0.091796875
556 0.0380859375
557 -0.091796875
558 0.0224609375
559 0.08984375
560 0.044921875
561 -0.0908203125
562 -0.05078125
563 0.0185546875
564 -0.0166015625
565 -0.130859375
566 -0.046875
567 0.0224609375
568 -0.0126953125
569 -0.12890625
570 -0.0419921875
571 0.0244140625
572 -0.0126953125
573 -0.15625
574 -0.0263671875
575 0.048828125
576 0.0146484375
577 -0.041015625
578 0.0693359375
579 0.134765625
580 0.0810546875
581 -0.01171875
582 0.0361328125
583 0.091796875
584 0.037109375
585 -0.0927734375
586 0.021484375
587 0.0869140625
588 0.0458984375
589 -0.09375
590 -0.052734375
591 0.0126953125
592 -0.017578125
593 -0.1328125
594 -0.046875
595 0.0205078125
596 -0.0146484375
597 -0.126953125
598 -0.04296875
599 0.0234375
600 -0.0126953125
601 -0.1552734375
602 -0.0283203125
603 0.046875
604 0.0166015625
605 -0.0390625
606 0.0693359375
607 0.1357421875
608 0.0830078125
609 -0.0107421875
610 0.0380859375
611 0.091796875
612 0.0390625
613 -0.0927734375
614 0.0224609375
615 0.08984375
616 0.0458984375
617 -0.091796875
618 -0.0498046875
619 0.0185546875
620 -0.015625
621 -0.1337890625
622 -0.0458984375
623 0.0234375
624 -0.013671875
625 -0.12890625
626 -0.0419921875
627 0.0234375
628 -0.0146484375
629 -0.154296875
630 -0.02734375
631 0.0498046875
632 0.0146484375
633 -0.0419921875
634 0.0693359375
635 0.1337890625
636 0.08203125
637 -0.0126953125
638 0.0361328125
639 0.08984375
640 0.037109375
641 -0.0927734375
642 0.021484375
643 0.0859375
644 0.0458984375
645 -0.091796875
646 -0.052734375
647 0.013671875
648 -0.017578125
649 -0.1318359375
650 -0.048828125
651 0.0205078125
652 -0.013671875
653 -0.126953125
654 -0.0439453125
655 0.0234375
656 -0.01171875
657 -0.1552734375
658 -0.0283203125
659 0.044921875
660 0.0146484375
661 -0.0390625
662 0.0703125
663 0.134765625
664 0.0830078125
665 -0.009765625
666 0.0390625
667 0.0908203125
668 0.037109375
669 -0.09375
670 0.021484375
671 0.0908203125
672 0.0458984375
673 -0.091796875
674 -0.052734375
675 0.0166015625
676 -0.017578125
677 -0.1328125
678 -0.0458984375
679 0.0234375
680 -0.013671875
681 -0.1298828125
682 -0.04296875
683 0.0234375
684 -0.01171875
685 -0.158203125
686 -0.029296875
687 0.046875
688 0.013671875
689 -0.0419921875
690 0.0693359375
691 0.1337890625
692 0.0830078125
693 -0.01171875
694 0.0361328125
695 0.0908203125
696 0.0380859375
697 -0.0947265625
698 0.0224609375
699 0.0888671875
700 0.0458984375
701 -0.091796875
702 -0.0517578125
703 0.015625
704 -0.0166015625
705 -0.1328125
706 -0.046875
707 0.021484375
708 -0.0126953125
709 -0.1279296875
710 -0.041015625
711 0.0244140625
712 -0.0107421875
713 -0.154296875
714 -0.0263671875
715 0.048828125
716 0.0146484375
717 -0.0390625
718 0.0703125
719 0.134765625
720 0.083984375
721 -0.0107421875
722 0.0400390625
723 0.0927734375
724 0.0380859375
725 -0.091796875
726 0.0234375
727 0.08984375
728 0.0478515625
729 -0.0908203125
730 -0.048828125
731 0.0166015625
732 -0.015625
733 -0.1318359375
734 -0.044921875
735 0.0224609375
736 -0.0146484375
737 -0.12890625
738 -0.0439453125
739 0.025390625
740 -0.0126953125
741 -0.1552734375
742 -0.0283203125
743 0.0478515625
744 0.015625
745 -0.041015625
746 0.0703125
747 0.134765625
748 0.0830078125
749 -0.0126953125
750 0.0380859375
751 0.09375
752 0.0390625
753 -0.09375
754 0.0224609375
755 0.0888671875
756 0.0458984375
757 -0.08984375
758 -0.0498046875
759 0.0185546875
760 -0.0166015625
761 -0.130859375
762 -0.0458984375
763 0.0234375
764 -0.013671875
765 -0.1259765625
766 -0.04296875
767 0.025390625
768 -0.0126953125
769 -0.154296875
770 -0.02734375
771 0.046875
772 0.0146484375
773 -0.041015625
774 0.0693359375
775 0.1328125
776 0.083984375
777 -0.0107421875
778 0.037109375
779 0.0869140625
780 0.0380859375
781 -0.0908203125
782 0.021484375
783 0.083984375
784 0.044921875
785 -0.08984375
786 -0.0517578125
787 0.013671875
788 -0.0166015625
789 -0.1279296875
790 -0.046875
791 0.01953125
792 -0.013671875
793 -0.1259765625
794 -0.0439453125
795 0.0185546875
796 -0.01171875
797 -0.154296875
798 -0.0302734375
799 0.04296875
800 0.015625
801 -0.0400390625
802 0.0693359375
803 0.1298828125
804 0.0810546875
805 -0.0107421875
806 0.037109375
807 0.0888671875
808 0.037109375
809 -0.0927734375
810 0.0205078125
811 0.0859375
812 0.0458984375
813 -0.0908203125
814 -0.052734375
815 0.0146484375
816 -0.017578125
817 -0.130859375
818 -0.0478515625
819 0.0185546875
820 -0.0146484375
821 -0.126953125
822 -0.04296875
823 0.0224609375
824 -0.0126953125
825 -0.1533203125
826 -0.0263671875
827 0.044921875
828 0.0146484375
829 -0.0400390625
830 0.0703125
831 0.1328125
832 0.08203125
833 -0.0107421875
834 0.0361328125
835 0.0888671875
836 0.0380859375
837 -0.0927734375
838 0.021484375
839 0.0849609375
840 0.0439453125
841 -0.0927734375
842 -0.0517578125
843 0.015625
844 -0.017578125
845 -0.130859375
846 -0.046875
847 0.0234375
848 -0.0126953125
849 -0.1279296875
850 -0.0439453125
851 0.0224609375
852 -0.01171875
853 -0.154296875
854 -0.0283203125
855 0.048828125
856 0.0146484375
857 -0.041015625
858 0.0703125
859 0.134765625
860 0.0830078125
861 -0.0107421875
862 0.0361328125
863 0.0908203125
864 0.0380859375
865 -0.09375
866 0.0205078125
867 0.0869140625
868 0.046875
869 -0.091796875
870 -0.05078125
871 0.0146484375
872 -0.0185546875
873 -0.1337890625
874 -0.046875
875 0.021484375
876 -0.013671875
877 -0.12890625
878 -0.0439453125
879 0.0224609375
880 -0.0126953125
881 -0.154296875
882 -0.029296875
883 0.0458984375
884 0.0146484375
885 -0.041015625
886 0.0693359375
887 0.134765625
888 0.0830078125
889 -0.0126953125
890 0.0390625
891 0.0908203125
892 0.0390625
893 -0.0927734375
894 0.0224609375
895 0.0888671875
896 0.0439453125
897 -0.09375
898 -0.052734375
899 0.0146484375
900 -0.017578125
901 -0.1328125
902 -0.046875
903 0.021484375
904 -0.0126953125
905 -0.1279296875
906 -0.0439453125
907 0.0224609375
908 -0.01171875
909 -0.15625
910 -0.0283203125
911 0.044921875
912 0.015625
913 -0.0400390625
914 0.0703125
915 0.1318359375
916 0.0830078125
917 -0.01171875
918 0.037109375
919 0.08984375
920 0.0380859375
921 -0.09375
922 0.0185546875
923 0.0849609375
924 0.044921875
925 -0.0947265625
926 -0.0556640625
927 0.0126953125
928 -0.01953125
929 -0.1328125
930 -0.0478515625
931 0.0185546875
932 -0.0146484375
933 -0.1279296875
934 -0.0419921875
935 0.0205078125
936 -0.0126953125
937 -0.154296875
938 -0.02734375
939 0.0439453125
940 0.0166015625
941 -0.0390625
942 0.0703125
943 0.1318359375
944 0.0830078125
945 -0.0087890625
946 0.0361328125
947 0.087890625
948 0.0380859375
949 -0.0908203125
950 0.0234375
951 0.0888671875
952 0.046875
953 -0.091796875
954 -0.0517578125
955 0.013671875
956 -0.0166015625
957 -0.130859375
958 -0.046875
959 0.0205078125
960 -0.0126953125
961 -0.1279296875
962 -0.04296875
963 0.0224609375
964 -0.013671875
965 -0.15625
966 -0.0283203125
967 0.046875
968 0.0146484375
969 -0.041015625
970 0.0703125
971 0.1337890625
972 0.0810546875
973 -0.0126953125
974 0.0361328125
975 0.0908203125
976 0.0361328125
977 -0.09375
978 0.0224609375
979 0.0859375
980 0.0439453125
981 -0.09375
982 -0.0517578125
983 0.0146484375
984 -0.017578125
985 -0.134765625
986 -0.046875
987 0.0205078125
988 -0.013671875
989 -0.12890625
990 -0.0419921875
991 0.0224609375
992 -0.0107421875
993 -0.15625
994 -0.0283203125
995 0.0478515625
996 0.013671875
997 -0.0419921875
998 0.072265625
999 0.134765625
1000 0.0810546875
1001 -0.0126953125
1002 0.0380859375
1003 0.091796875
1004 0.0361328125
1005 -0.09375
1006 0.0244140625
1007 0.08984375
1008 0.044921875
1009 -0.09375
1010 -0.0517578125
1011 0.0166015625
1012 -0.01953125
1013 -0.1328125
1014 -0.046875
1015 0.0224609375
1016 -0.0146484375
1017 -0.1298828125
1018 -0.044921875
1019 0.0244140625
1020 -0.013671875
1021 -0.1611328125
1022 -0.029296875
1023 0.048828125
1024 0.013671875
1025 -0.044921875
1026 0.0693359375
1027 0.13671875
1028 0.0810546875
1029 -0.0146484375
1030 0.0380859375
1031 0.0927734375
1032 0.0380859375
1033 -0.09765625
1034 0.0224609375
1035 0.091796875
1036 0.0439453125
1037 -0.0966796875
1038 -0.0537109375
1039 0.01953125
1040 -0.0205078125
1041 -0.1357421875
1042 -0.0458984375
1043 0.025390625
1044 -0.0146484375
1045 -0.1318359375
1046 -0.0419921875
1047 0.0263671875
1048 -0.013671875
1049 -0.158203125
1050 -0.0263671875
1051 0.0498046875
1052 0.013671875
1053 -0.0439453125
1054 0.0732421875
1055 0.138671875
1056 0.08203125
1057 -0.0126953125
1058 0.0380859375
1059 0.0927734375
1060 0.037109375
1061 -0.09375
1062 0.0224609375
1063 0.0888671875
1064 0.044921875
1065 -0.09375
1066 -0.0537109375
1067 0.015625
1068 -0.0185546875
1069 -0.1357421875
1070 -0.0478515625
1071 0.0224609375
1072 -0.0146484375
1073 -0.1318359375
1074 -0.044921875
1075 0.0224609375
1076 -0.0126953125
1077 -0.158203125
1078 -0.0283203125
1079 0.048828125
1080 0.0146484375
1081 -0.04296875
1082 0.0703125
1083 0.1357421875
1084 0.08203125
1085 -0.0126953125
1086 0.037109375
1087 0.0927734375
1088 0.0380859375
1089 -0.095703125
1090 0.021484375
1091 0.08984375
1092 0.0439453125
1093 -0.0966796875
1094 -0.0537109375
1095 0.0146484375
1096 -0.01953125
1097 -0.134765625
1098 -0.046875
1099 0.0224609375
1100 -0.015625
1101 -0.1298828125
1102 -0.0419921875
1103 0.025390625
1104 -0.0126953125
1105 -0.1572265625
1106 -0.0302734375
1107 0.046875
1108 0.0146484375
1109 -0.041015625
1110 0.072265625
1111 0.1357421875
1112 0.0830078125
1113 -0.0107421875
1114 0.037109375
1115 0.0908203125
1116 0.0380859375
1117 -0.0947265625
1118 0.021484375
1119 0.0888671875
1120 0.044921875
1121 -0.095703125
1122 -0.0537109375
1123 0.0146484375
1124 -0.017578125
1125 -0.134765625
1126 -0.0478515625
1127 0.021484375
1128 -0.015625
1129 -0.130859375
1130 -0.0439453125
1131 0.0234375
1132 -0.013671875
1133 -0.1572265625
1134 -0.029296875
1135 0.048828125
1136 0.013671875
1137 -0.04296875
1138 0.0712890625
1139 0.1337890625
1140 0.0830078125
1141 -0.01171875
1142 0.0380859375
1143 0.0908203125
1144 0.0380859375
1145 -0.095703125
1146 0.0224609375
1147 0.0888671875
1148 0.044921875
1149 -0.0947265625
1150 -0.052734375
1151 0.017578125
1152 -0.0185546875
1153 -0.1328125
1154 -0.048828125
1155 0.0244140625
1156 -0.0146484375
1157 -0.126953125
1158 -0.0419921875
1159 0.0244140625
1160 -0.0126953125
1161 -0.15625
1162 -0.02734375
1163 0.0478515625
1164 0.0146484375
1165 -0.0419921875
1166 0.072265625
1167 0.1357421875
1168 0.0830078125
1169 -0.01171875
1170 0.0380859375
1171 0.091796875
1172 0.0400390625
1173 -0.091796875
1174 0.0224609375
1175 0.08984375
1176 0.046875
1177 -0.091796875
1178 -0.05078125
1179 0.0185546875
1180 -0.0166015625
1181 -0.130859375
1182 -0.0458984375
1183 0.0244140625
1184 -0.0126953125
1185 -0.1279296875
1186 -0.041015625
1187 0.0224609375
1188 -0.01171875
1189 -0.1552734375
1190 -0.02734375
1191 0.046875
1192 0.0166015625
1193 -0.0390625
1194 0.072265625
1195 0.134765625
1196 0.0830078125
1197 -0.0107421875
1198 0.037109375
1199 0.091796875
1200 0.0380859375
1201 -0.091796875
1202 0.0224609375
1203 0.087890625
1204 0.044921875
1205 -0.091796875
1206 -0.0517578125
1207 0.015625
1208 -0.017578125
1209 -0.1318359375
1210 -0.0458984375
1211 0.021484375
1212 -0.0126953125
1213 -0.12890625
1214 -0.0439453125
1215 0.0234375
1216 -0.01171875
1217 -0.15625
1218 -0.0283203125
1219 0.046875
1220 0.013671875
1221 -0.0390625
1222 0.0712890625
1223 0.1328125
1224 0.08203125
1225 -0.0107421875
1226 0.037109375
1227 0.0908203125
1228 0.0380859375
1229 -0.091796875
1230 0.0234375
1231 0.087890625
1232 0.0458984375
1233 -0.0908203125
1234 -0.0498046875
1235 0.013671875
1236 -0.0166015625
1237 -0.130859375
1238 -0.0458984375
1239 0.01953125
1240 -0.0126953125
1241 -0.125
1242 -0.0419921875
1243 0.021484375
1244 -0.01171875
1245 -0.1533203125
1246 -0.029296875
1247 0.044921875
1248 0.015625
1249 -0.0390625
1250 0.0712890625
1251 0.1328125
1252 0.0830078125
1253 -0.01171875
1254 0.0361328125
1255 0.08984375
1256 0.0380859375
1257 -0.0927734375
1258 0.0205078125
1259 0.0849609375
1260 0.046875
1261 -0.09375
1262 -0.052734375
1263 0.013671875
1264 -0.017578125
1265 -0.1337890625
1266 -0.046875
1267 0.01953125
1268 -0.013671875
1269 -0.1259765625
1270 -0.0439453125
1271 0.0244140625
1272 -0.0126953125
1273 -0.1533203125
1274 -0.02734375
1275 0.0478515625
1276 0.0146484375
1277 -0.0400390625
1278 0.0712890625
1279 0.13671875
1280 0.083984375
1281 -0.0107421875
1282 0.0380859375
1283 0.08984375
1284 0.0390625
1285 -0.0908203125
1286 0.0224609375
1287 0.0869140625
1288 0.0458984375
1289 -0.08984375
1290 -0.0517578125
1291 0.0146484375
1292 -0.0166015625
1293 -0.1298828125
1294 -0.046875
1295 0.021484375
1296 -0.0126953125
1297 -0.126953125
1298 -0.0419921875
1299 0.021484375
1300 -0.01171875
1301 -0.1533203125
1302 -0.0263671875
1303 0.044921875
1304 0.015625
1305 -0.0390625
1306 0.0712890625
1307 0.1318359375
1308 0.083984375
1309 -0.01171875
1310 0.03515625
1311 0.0888671875
1312 0.037109375
1313 -0.0927734375
1314 0.01953125
1315 0.0869140625
1316 0.044921875
1317 -0.0927734375
1318 -0.052734375
1319 0.0146484375
1320 -0.017578125
1321 -0.1328125
1322 -0.0458984375
1323 0.0205078125
1324 -0.013671875
1325 -0.1298828125
1326 -0.0419921875
1327 0.0244140625
1328 -0.0107421875
1329 -0.1552734375
1330 -0.02734375
1331 0.046875
1332 0.0146484375
1333 -0.041015625
1334 0.0712890625
1335 0.134765625
1336 0.0830078125
1337 -0.009765625
1338 0.0380859375
1339 0.0908203125
1340 0.0380859375
1341 -0.091796875
1342 0.0224609375
1343 0.087890625
1344 0.0478515625
1345 -0.09375
1346 -0.0537109375
1347 0.0107421875
1348 -0.017578125
1349 -0.1298828125
1350 -0.0478515625
1351 0.0146484375
1352 -0.0107421875
1353 -0.125
1354 -0.044921875
1355 0.017578125
1356 -0.0107421875
1357 -0.1533203125
1358 -0.0302734375
1359 0.041015625
1360 0.015625
1361 -0.0361328125
1362 0.068359375
1363 0.1298828125
1364 0.0830078125
1365 -0.009765625
1366 0.037109375
1367 0.0869140625
1368 0.0390625
1369 -0.091796875
1370 0.0205078125
1371 0.0830078125
1372 0.046875
1373 -0.091796875
1374 -0.052734375
1375 0.0126953125
1376 -0.017578125
1377 -0.130859375
1378 -0.0478515625
1379 0.01953125
1380 -0.0146484375
1381 -0.1259765625
1382 -0.0439453125
1383 0.021484375
1384 -0.0107421875
1385 -0.150390625
1386 -0.0263671875
1387 0.0458984375
1388 0.017578125
1389 -0.0361328125
1390 0.0712890625
1391 0.1328125
1392 0.0849609375
1393 -0.0087890625
1394 0.0380859375
1395 0.0869140625
1396 0.0419921875
1397 -0.087890625
1398 0.025390625
1399 0.087890625
1400 0.046875
1401 -0.08984375
1402 -0.05078125
1403 0.0146484375
1404 -0.0146484375
1405 -0.1298828125
1406 -0.046875
1407 0.01953125
1408 -0.013671875
1409 -0.1240234375
1410 -0.0439453125
1411 0.0205078125
1412 -0.0107421875
1413 -0.1533203125
1414 -0.0283203125
1415 0.0439453125
1416 0.015625
1417 -0.0380859375
1418 0.072265625
1419 0.1318359375
1420 0.083984375
1421 -0.0087890625
1422 0.037109375
1423 0.0888671875
1424 0.0390625
1425 -0.0888671875
1426 0.0224609375
1427 0.083984375
1428 0.046875
1429 -0.08984375
1430 -0.0517578125
1431 0.0126953125
1432 -0.0166015625
1433 -0.1298828125
1434 -0.046875
1435 0.01953125
1436 -0.0126953125
1437 -0.123046875
1438 -0.0400390625
1439 0.0224609375
1440 -0.009765625
1441 -0.1279296875
1442 -0.0087890625
1443 0.0634765625
1444 0.0302734375
1445 -0.0791015625
1446 -0.03125
1447 0.033203125
1448 -0.005859375
1449 -0.1201171875
1450 -0.0419921875
1451 0.0263671875
1452 -0.0078125
1453 -0.1279296875
1454 -0.044921875
1455 0.021484375
1456 -0.013671875
1457 -0.1787109375
1458 -0.0859375
1459 -0.017578125
1460 -0.0380859375
1461 -0.1962890625
1462 -0.0634765625
1463 0.01953125
1464 -0.001953125
1465 -0.078125
1466 0.041015625
1467 0.1064453125
1468 0.0625
1469 0.001953125
1470 0.10546875
1471 0.1650390625
1472 0.1083984375
1473 0.01171875
1474 0.0556640625
1475 0.1064453125
1476 0.052734375
1477 -0.0654296875
1478 0.04296875
1479 0.1064453125
1480 0.060546875
1481 -0.01953125
1482 0.0869140625
1483 0.1455078125
1484 0.091796875
1485 -0.0107421875
1486 0.03125
1487 0.0859375
1488 0.037109375
1489 -0.072265625
1490 0.0380859375
1491 0.1015625
1492 0.056640625
1493 -0.01171875
1494 0.0927734375
1495 0.1513671875
1496 0.09375
1497 -0.0087890625
1498 0.0302734375
1499 0.0888671875
1500 0.03515625
1501 -0.0634765625
1502 0.0146484375
1503 0.072265625
1504 0.0205078125
1505 -0.1435546875
1506 -0.0185546875
1507 0.052734375
1508 0.015625
1509 -0.103515625
1510 0.015625
1511 0.083984375
1512 0.0390625
1513 -0.107421875
1514 -0.0615234375
1515 0.009765625
1516 -0.0263671875
1517 -0.14453125
1518 -0.0166015625
1519 0.05859375
1520 0.017578125
1521 -0.0546875
1522 0.0595703125
1523 0.1259765625
1524 0.0703125
1525 -0.0546875
1526 -0.0146484375
1527 0.0458984375
1528 0.00390625
1529 -0.1083984375
1530 0.013671875
1531 0.08203125
1532 0.037109375
1533 -0.0634765625
1534 -0.0146484375
1535 0.044921875
1536 0.0009765625
1537 -0.091796875
1538 0.0234375
1539 0.091796875
1540 0.0458984375
1541 -0.005859375
1542 0.1005859375
1543 0.1611328125
1544 0.1005859375
1545 -0.0263671875
1546 0.0751953125
1547 0.1318359375
1548 0.0791015625
1549 -0.0888671875
1550 -0.048828125
1551 0.013671875
1552 -0.0234375
1553 -0.1337890625
1554 -0.0458984375
1555 0.015625
1556 -0.0185546875
1557 -0.1904296875
1558 -0.111328125
1559 -0.0361328125
1560 -0.05859375
1561 -0.1787109375
1562 -0.048828125
1563 0.0283203125
1564 -0.001953125
1565 -0.0966796875
1566 -0.048828125
1567 0.0185546875
1568 -0.0166015625
1569 -0.1162109375
1570 0.0009765625
1571 0.068359375
1572 0.0322265625
1573 -0.0322265625
1574 0.0732421875
1575 0.130859375
1576 0.080078125
1577 -0.01171875
1578 0.0283203125
1579 0.0830078125
1580 0.0322265625
1581 -0.0634765625
1582 0.0146484375
1583 0.0703125
1584 0.01953125
1585 -0.1396484375
1586 -0.021484375
1587 0.048828125
1588 0.015625
1589 -0.1005859375
1590 0.013671875
1591 0.080078125
1592 0.0390625
1593 -0.10546875
1594 -0.0615234375
1595 0.00390625
1596 -0.0263671875
1597 -0.1455078125
1598 -0.0205078125
1599 0.048828125
1600 0.0166015625
1601 -0.068359375
1602 0.044921875
1603 0.1064453125
1604 0.0615234375
1605 -0.0625
1606 -0.0234375
1607 0.037109375
1608 -0.0009765625
1609 -0.109375
1610 0.0078125
1611 0.0751953125
1612 0.03515625
1613 -0.0634765625
1614 -0.017578125
1615 0.0458984375
1616 0.0009765625
1617 -0.123046875
1618 -0.001953125
1619 0.0654296875
1620 0.0263671875
1621 -0.099609375
1622 -0.0546875
1623 0.009765625
1624 -0.0244140625
1625 -0.1337890625
1626 -0.044921875
1627 0.0166015625
1628 -0.0166015625
1629 -0.1884765625
1630 -0.1123046875
1631 -0.033203125
1632 -0.0576171875
1633 -0.1767578125
1634 -0.0439453125
1635 0.033203125
1636 0.001953125
1637 -0.0927734375
1638 -0.044921875
1639 0.0263671875
1640 -0.0126953125
1641 -0.1171875
1642 0.0068359375
1643 0.076171875
1644 0.03515625
1645 -0.033203125
1646 0.0791015625
1647 0.140625
1648 0.0849609375
1649 -0.0107421875
1650 0.0322265625
1651 0.0888671875
1652 0.03515625
1653 -0.05859375
1654 0.0205078125
1655 0.0791015625
1656 0.0244140625
1657 -0.05859375
1658 0.0517578125
1659 0.1162109375
1660 0.0654296875
1661 0.009765625
1662 0.11328125
1663 0.173828125
1664 0.111328125
1665 0.0029296875
1666 0.1025390625
1667 0.1552734375
1668 0.0986328125
1669 -0.0224609375
1670 0.078125
1671 0.1337890625
1672 0.080078125
1673 -0.0615234375
1674 -0.0224609375
1675 0.03515625
1676 -0.005859375
1677 -0.125
1678 -0.005859375
1679 0.060546875
1680 0.0234375
1681 -0.048828125
1682 0.05859375
1683 0.1171875
1684 0.0673828125
1685 -0.0556640625
1686 -0.0185546875
1687 0.0390625
1688 -0.0009765625
1689 -0.1103515625
1690 0.005859375
1691 0.0693359375
1692 0.0322265625
1693 -0.072265625
1694 -0.0244140625
1695 0.03125
1696 -0.0078125
1697 -0.099609375
1698 0.0146484375
1699 0.0810546875
1700 0.0380859375
1701 -0.0087890625
1702 0.0927734375
1703 0.1533203125
1704 0.0927734375
1705 0.0400390625
1706 0.1357421875
1707 0.189453125
1708 0.1220703125
1709 0.0595703125
1710 0.1552734375
1711 0.2080078125
1712 0.1357421875
1713 0.0146484375
1714 0.1103515625
1715 0.1650390625
1716 0.0966796875
1717 -0.068359375
1718 -0.0283203125
1719 0.03125
1720 -0.017578125
1721 -0.1337890625
1722 -0.0478515625
1723 0.01953125
1724 -0.02734375
1725 -0.2001953125
1726 -0.123046875
1727 -0.0419921875
1728 -0.07421875
1729 -0.193359375
1730 -0.0595703125
1731 0.0185546875
1732 -0.0166015625
1733 -0.11328125
1734 -0.0634765625
1735 0.0048828125
1736 -0.0322265625
1737 -0.1455078125
1738 -0.021484375
1739 0.048828125
1740 0.009765625
1741 -0.0673828125
1742 0.044921875
1743 0.1064453125
1744 0.052734375
1745 -0.046875
1746 -0.005859375
1747 0.0546875
1748 0.0068359375
1749 -0.0869140625
1750 -0.0048828125
1751 0.052734375
1752 0.001953125
1753 -0.091796875
1754 0.0224609375
1755 0.0888671875
1756 0.041015625
1757 -0.0205078125
1758 0.0869140625
1759 0.150390625
1760 0.0859375
1761 0.0224609375
1762 0.12109375
1763 0.1796875
1764 0.111328125
1765 0.0458984375
1766 0.142578125
1767 0.197265625
1768 0.1240234375
1769 0.0126953125
1770 0.107421875
1771 0.162109375
1772 0.0947265625
1773 -0.0283203125
1774 0.0703125
1775 0.1259765625
1776 0.0654296875
1777 -0.078125
1778 -0.0400390625
1779 0.0205078125
1780 -0.0224609375
1781 -0.146484375
1782 -0.025390625
1783 0.0439453125
1784 0.0029296875
1785 -0.0703125
1786 0.0390625
1787 0.099609375
1788 0.0478515625
1789 -0.078125
1790 -0.0400390625
1791 0.01953125
1792 -0.0224609375
1793 -0.1298828125
1794 -0.015625
1795 0.0498046875
1796 0.01171875
1797 -0.08984375
1798 -0.0458984375
1799 0.009765625
1800 -0.0263671875
1801 -0.1181640625
1802 -0.0048828125
1803 0.056640625
1804 0.021484375
1805 -0.02734375
1806 0.0751953125
1807 0.130859375
1808 0.0791015625
1809 0.017578125
1810 0.1103515625
1811 0.162109375
1812 0.1025390625
1813 0.0419921875
1814 0.1318359375
1815 0.181640625
1816 0.1162109375
1817 0.0
1818 0.0888671875
1819 0.13671875
1820 0.0810546875
1821 -0.083984375
1822 -0.0498046875
1823 0.0048828125
1824 -0.0341796875
1825 -0.14453125
1826 -0.0634765625
1827 -0.005859375
1828 -0.0419921875
1829 -0.2138671875
1830 -0.1376953125
1831 -0.06640625
1832 -0.0859375
1833 -0.205078125
1834 -0.076171875
1835 -0.00390625
1836 -0.029296875
1837 -0.125
1838 -0.0791015625
1839 -0.013671875
1840 -0.0458984375
1841 -0.18359375
1842 -0.0615234375
1843 0.0087890625
1844 -0.017578125
1845 -0.10546875
1846 0.005859375
1847 0.06640625
1848 0.02734375
1849 -0.0712890625
1850 -0.0302734375
1851 0.025390625
1852 -0.0126953125
1853 -0.1015625
1854 -0.0234375
1855 0.0302734375
1856 -0.009765625
1857 -0.10546875
1858 0.0048828125
1859 0.0673828125
1860 0.0263671875
1861 -0.029296875
1862 0.0703125
1863 0.1279296875
1864 0.0732421875
1865 0.009765625
1866 0.1044921875
1867 0.158203125
1868 0.0986328125
1869 0.0361328125
1870 0.1279296875
1871 0.1806640625
1872 0.1142578125
1873 0.0107421875
1874 0.099609375
1875 0.150390625
1876 0.0888671875
1877 -0.029296875
1878 0.0654296875
1879 0.1162109375
1880 0.0615234375
1881 -0.0771484375
1882 -0.0400390625
1883 0.015625
1884 -0.0244140625
1885 -0.1455078125
1886 -0.0302734375
1887 0.0361328125
1888 -0.001953125
1889 -0.0751953125
1890 0.029296875
1891 0.0908203125
1892 0.041015625
1893 -0.0869140625
1894 -0.0517578125
1895 0.0087890625
1896 -0.0283203125
1897 -0.1396484375
1898 -0.021484375
1899 0.0439453125
1900 0.0048828125
1901 -0.1005859375
1902 -0.052734375
1903 0.0068359375
1904 -0.0341796875
1905 -0.1279296875
1906 -0.0126953125
1907 0.0556640625
1908 0.0126953125
1909 -0.03515625
1910 0.0693359375
1911 0.1298828125
1912 0.068359375
1913 0.009765625
1914 0.107421875
1915 0.1640625
1916 0.0966796875
1917 0.0341796875
1918 0.1298828125
1919 0.185546875
1920 0.1123046875
1921 -0.01171875
1922 0.0849609375
1923 0.138671875
1924 0.0732421875
1925 -0.0927734375
1926 -0.0517578125
1927 0.0087890625
1928 -0.0390625
1929 -0.154296875
1930 -0.0673828125
1931 -0.00390625
1932 -0.0478515625
1933 -0.2197265625
1934 -0.14453125
1935 -0.064453125
1936 -0.0927734375
1937 -0.212890625
1938 -0.080078125
1939 -0.00390625
1940 -0.0341796875
1941 -0.1328125
1942 -0.0810546875
1943 -0.0126953125
1944 -0.0498046875
1945 -0.162109375
1946 -0.0361328125
1947 0.03515625
1948 -0.0048828125
1949 -0.080078125
1950 0.033203125
1951 0.0947265625
1952 0.0419921875
1953 -0.0537109375
1954 -0.013671875
1955 0.0458984375
1956 -0.005859375
1957 -0.0986328125
1958 -0.017578125
1959 0.0419921875
1960 -0.0107421875
1961 -0.1083984375
1962 0.005859375
1963 0.0732421875
1964 0.0244140625
1965 -0.041015625
1966 0.0654296875
1967 0.125
1968 0.06640625
1969 -0.0068359375
1970 0.0947265625
1971 0.1494140625
1972 0.0869140625
1973 0.0263671875
1974 0.1201171875
1975 0.1708984375
1976 0.1064453125
1977 0.0009765625
1978 0.091796875
1979 0.1435546875
1980 0.08203125
1981 -0.0361328125
1982 0.056640625
1983 0.109375
1984 0.052734375
1985 -0.0869140625
1986 -0.05078125
1987 0.00390625
1988 -0.03515625
1989 -0.1572265625
1990 -0.0390625
1991 0.02734375
1992 -0.0078125
1993 -0.0947265625
1994 0.0126953125
1995 0.07421875
1996 0.0283203125
1997 -0.09375
1998 -0.0595703125
1999 0.0009765625
2000 -0.03515625
2001 -0.14453125
2002 -0.0283203125
2003 0.037109375
2004 -0.001953125
2005 -0.1015625
2006 -0.0546875
2007 0.005859375
2008 -0.03515625
2009 -0.177734375
2010 -0.0546875
2011 0.015625
2012 -0.017578125
2013 -0.1435546875
2014 -0.0966796875
2015 -0.0302734375
2016 -0.0625
2017 -0.171875
2018 -0.083984375
2019 -0.017578125
2020 -0.0537109375
2021 -0.22265625
2022 -0.1455078125
2023 -0.0673828125
2024 -0.08984375
2025 -0.2080078125
2026 -0.0771484375
2027 0.0009765625
2028 -0.029296875
2029 -0.1259765625
2030 -0.0771484375
2031 -0.0087890625
2032 -0.0439453125
2033 -0.1982421875
2034 -0.06640625
2035 0.01171875
2036 -0.021484375
2037 -0.123046875
2038 -0.0009765625
2039 0.068359375
2040 0.0224609375
2041 -0.0771484375
2042 -0.0322265625
2043 0.033203125
2044 -0.015625
2045 -0.107421875
2046 -0.021484375
2047 0.041015625
2048 -0.01171875
2049 -0.10546875
2050 0.009765625
2051 0.0791015625
2052 0.0302734375
2053 -0.041015625
2054 0.0693359375
2055 0.130859375
2056 0.0712890625
2057 0.001953125
2058 0.1044921875
2059 0.162109375
2060 0.095703125
2061 0.0322265625
2062 0.130859375
2063 0.1865234375
2064 0.1142578125
2065 0.005859375
2066 0.1025390625
2067 0.1552734375
2068 0.0888671875
2069 -0.03125
2070 0.06640625
2071 0.12109375
2072 0.0625
2073 -0.0751953125
2074 -0.0361328125
2075 0.0234375
2076 -0.0234375
2077 -0.1484375
2078 -0.0263671875
2079 0.041015625
2080 -0.0009765625
2081 -0.0791015625
2082 0.03515625
2083 0.0966796875
2084 0.04296875
2085 -0.0830078125
2086 -0.0439453125
2087 0.0166015625
2088 -0.0263671875
2089 -0.138671875
2090 -0.0185546875
2091 0.0498046875
2092 0.005859375
2093 -0.0986328125
2094 -0.0498046875
2095 0.0146484375
2096 -0.0322265625
2097 -0.1298828125
2098 -0.009765625
2099 0.060546875
2100 0.0126953125
2101 -0.0361328125
2102 0.072265625
2103 0.134765625
2104 0.072265625
2105 0.0009765625
2106 0.1064453125
2107 0.1630859375
2108 0.09375
2109 0.03125
2110 0.1279296875
2111 0.18359375
2112 0.111328125
2113 -0.0087890625
2114 0.083984375
2115 0.1376953125
2116 0.07421875
2117 -0.0908203125
2118 -0.0546875
2119 0.0078125
2120 -0.0400390625
2121 -0.15234375
2122 -0.0673828125
2123 -0.00390625
2124 -0.0458984375
2125 -0.2197265625
2126 -0.142578125
2127 -0.06640625
2128 -0.0908203125
2129 -0.2119140625
2130 -0.078125
2131 -0.0009765625
2132 -0.0322265625
2133 -0.1298828125
2134 -0.080078125
2135 -0.009765625
2136 -0.048828125
2137 -0.162109375
2138 -0.037109375
2139 0.03515625
2140 -0.0068359375
2141 -0.083984375
2142 0.0302734375
2143 0.095703125
2144 0.0400390625
2145 -0.056640625
2146 -0.013671875
2147 0.0498046875
2148 -0.0048828125
2149 -0.1015625
2150 -0.015625
2151 0.04296875
2152 -0.01171875
2153 -0.1064453125
2154 0.0107421875
2155 0.0791015625
2156 0.02734375
2157 -0.0390625
2158 0.0703125
2159 0.1328125
2160 0.0693359375
2161 -0.0029296875
2162 0.099609375
2163 0.158203125
2164 0.0908203125
2165 0.025390625
2166 0.1240234375
2167 0.1826171875
2168 0.107421875
2169 -0.0029296875
2170 0.0947265625
2171 0.150390625
2172 0.08203125
2173 -0.0439453125
2174 0.0595703125
2175 0.115234375
2176 0.0537109375
2177 -0.0908203125
2178 -0.05078125
2179 0.009765625
2180 -0.0361328125
2181 -0.16015625
2182 -0.0380859375
2183 0.033203125
2184 -0.009765625
2185 -0.099609375
2186 0.013671875
2187 0.0791015625
2188 0.0263671875
2189 -0.09375
2190 -0.0556640625
2191 0.0107421875
2192 -0.0341796875
2193 -0.146484375
2194 -0.02734375
2195 0.0439453125
2196 0.0
2197 -0.1025390625
2198 -0.0517578125
2199 0.0107421875
2200 -0.03515625
2201 -0.1787109375
2202 -0.05078125
2203 0.021484375
2204 -0.0166015625
2205 -0.14453125
2206 -0.0966796875
2207 -0.025390625
2208 -0.064453125
2209 -0.1728515625
2210 -0.0830078125
2211 -0.0126953125
2212 -0.052734375
2213 -0.22265625
2214 -0.1435546875
2215 -0.064453125
2216 -0.0888671875
2217 -0.2109375
2218 -0.0751953125
2219 0.001953125
2220 -0.029296875
2221 -0.126953125
2222 -0.076171875
2223 -0.0068359375
2224 -0.04296875
2225 -0.1962890625
2226 -0.0654296875
2227 0.0107421875
2228 -0.0205078125
2229 -0.1201171875
2230 -0.001953125
2231 0.06640625
2232 0.0224609375
2233 -0.07421875
2234 -0.03125
2235 0.029296875
2236 -0.0146484375
2237 -0.1064453125
2238 -0.0224609375
2239 0.0361328125
2240 -0.01171875
2241 -0.1064453125
2242 0.009765625
2243 0.0751953125
2244 0.03125
2245 -0.0380859375
2246 0.0693359375
2247 0.1279296875
2248 0.072265625
2249 0.00390625
2250 0.103515625
2251 0.16015625
2252 0.0966796875
2253 0.03515625
2254 0.1298828125
2255 0.18359375
2256 0.115234375
2257 0.0087890625
2258 0.1025390625
2259 0.1533203125
2260 0.0908203125
2261 -0.02734375
2262 0.0703125
2263 0.123046875
2264 0.064453125
2265 -0.0712890625
2266 -0.0322265625
2267 0.0244140625
2268 -0.01953125
2269 -0.146484375
2270 -0.0244140625
2271 0.0439453125
2272 0.0009765625
2273 -0.0771484375
2274 0.03515625
2275 0.099609375
2276 0.0419921875
2277 -0.0849609375
2278 -0.046875
2279 0.0185546875
2280 -0.0283203125
2281 -0.1396484375
2282 -0.01953125
2283 0.0498046875
2284 0.005859375
2285 -0.0986328125
2286 -0.0478515625
2287 0.01171875
2288 -0.03125
2289 -0.126953125
2290 -0.009765625
2291 0.05859375
2292 0.0146484375
2293 -0.0341796875
2294 0.0732421875
2295 0.130859375
2296 0.0732421875
2297 0.0048828125
2298 0.1044921875
2299 0.16015625
2300 0.0947265625
2301 0.033203125
2302 0.1279296875
2303 0.18359375
2304 0.111328125
2305 -0.0087890625
2306 0.0849609375
2307 0.13671875
2308 0.07421875
2309 -0.09375
2310 -0.0537109375
2311 0.00390625
2312 -0.037109375
2313 -0.1533203125
2314 -0.0673828125
2315 -0.005859375
2316 -0.0458984375
2317 -0.21875
2318 -0.142578125
2319 -0.064453125
2320 -0.0908203125
2321 -0.2099609375
2322 -0.0791015625
2323 -0.001953125
2324 -0.0322265625
2325 -0.1298828125
2326 -0.0810546875
2327 -0.01171875
2328 -0.048828125
2329 -0.1611328125
2330 -0.0380859375
2331 0.033203125
2332 -0.0048828125
2333 -0.08203125
2334 0.0302734375
2335 0.0927734375
2336 0.041015625
2337 -0.0546875
2338 -0.0126953125
2339 0.044921875
2340 -0.0048828125
2341 -0.0966796875
2342 -0.0185546875
2343 0.0390625
2344 -0.009765625
2345 -0.1015625
2346 0.0078125
2347 0.07421875
2348 0.02734375
2349 -0.0361328125
2350 0.068359375
2351 0.1279296875
2352 0.0703125
2353 0.0
2354 0.099609375
2355 0.1552734375
2356 0.0908203125
2357 0.0283203125
2358 0.1240234375
2359 0.1767578125
2360 0.1083984375
2361 0.001953125
2362 0.0947265625
2363 0.14453125
2364 0.0830078125
2365 -0.0390625
2366 0.05859375
2367 0.1123046875
2368 0.0537109375
2369 -0.0849609375
2370 -0.048828125
2371 0.0126953125
2372 -0.033203125
2373 -0.154296875
2374 -0.0361328125
2375 0.03125
2376 -0.0068359375
2377 -0.0810546875
2378 0.025390625
2379 0.0830078125
2380 0.037109375
2381 -0.08203125
2382 -0.044921875
2383 0.0087890625
2384 -0.02734375
2385 -0.1484375
2386 -0.0341796875
2387 0.033203125
2388 -0.0048828125
2389 -0.1083984375
2390 -0.0634765625
2391 -0.00390625
2392 -0.041015625
2393 -0.1513671875
2394 -0.0361328125
2395 0.033203125
2396 -0.0029296875
2397 -0.0478515625
2398 0.0556640625
2399 0.1142578125
2400 0.060546875
2401 0.0029296875
2402 0.0986328125
2403 0.15234375
2404 0.091796875
2405 0.03125
2406 0.12109375
2407 0.173828125
2408 0.1064453125
2409 -0.0126953125
2410 0.0771484375
2411 0.1259765625
2412 0.068359375
2413 -0.09375
2414 -0.05859375
2415 -0.00390625
2416 -0.0419921875
2417 -0.15625
2418 -0.0771484375
2419 -0.0205078125
2420 -0.0517578125
2421 -0.2333984375
2422 -0.1572265625
2423 -0.083984375
2424 -0.1005859375
2425 -0.24609375
2426 -0.1103515625
2427 -0.0322265625
2428 -0.0517578125
2429 -0.12890625
2430 -0.013671875
2431 0.0537109375
2432 0.01171875
2433 -0.1220703125
2434 -0.083984375
2435 -0.017578125
2436 -0.0517578125
2437 -0.1689453125
2438 -0.087890625
2439 -0.01953125
2440 -0.052734375
2441 -0.158203125
2442 -0.076171875
2443 -0.0126953125
2444 -0.044921875
2445 -0.1640625
2446 -0.0419921875
2447 0.025390625
2448 -0.0068359375
2449 -0.0947265625
2450 0.0146484375
2451 0.076171875
2452 0.033203125
2453 -0.02734375
2454 0.0732421875
2455 0.1298828125
2456 0.0732421875
2457 -0.021484375
2458 0.0244140625
2459 0.0712890625
2460 0.0185546875
2461 -0.109375
2462 -0.0009765625
2463 0.060546875
2464 0.0166015625
2465 -0.1201171875
2466 -0.080078125
2467 -0.015625
2468 -0.0478515625
2469 -0.1640625
2470 -0.080078125
2471 -0.0126953125
2472 -0.046875
2473 -0.1611328125
2474 -0.076171875
2475 -0.01171875
2476 -0.046875
2477 -0.1875
2478 -0.060546875
2479 0.013671875
2480 -0.0185546875
2481 -0.0732421875
2482 0.037109375
2483 0.099609375
2484 0.0498046875
2485 -0.0419921875
2486 0.0048828125
2487 0.05859375
2488 0.005859375
2489 -0.1240234375
2490 -0.0078125
2491 0.056640625
2492 0.015625
2493 -0.123046875
2494 -0.0810546875
2495 -0.013671875
2496 -0.0458984375
2497 -0.1630859375
2498 -0.076171875
2499 -0.0078125
2500 -0.0439453125
2501 -0.1572265625
2502 -0.072265625
2503 -0.0048828125
2504 -0.0419921875
2505 -0.1826171875
2506 -0.0546875
2507 0.0205078125
2508 -0.01171875
2509 -0.0673828125
2510 0.0419921875
2511 0.10546875
2512 0.0556640625
2513 -0.037109375
2514 0.0107421875
2515 0.0595703125
2516 0.01171875
2517 -0.1171875
2518 -0.0009765625
2519 0.060546875
2520 0.0205078125
2521 -0.1181640625
2522 -0.0771484375
2523 -0.01171875
2524 -0.04296875
2525 -0.15625
2526 -0.072265625
2527 -0.0029296875
2528 -0.0361328125
2529 -0.150390625
2530 -0.068359375
2531 -0.0029296875
2532 -0.0361328125
2533 -0.1767578125
2534 -0.05078125
2535 0.0205078125
2536 -0.005859375
2537 -0.0615234375
2538 0.0478515625
2539 0.109375
2540 0.060546875
2541 -0.0322265625
2542 0.015625
2543 0.0673828125
2544 0.017578125
2545 -0.1123046875
2546 0.0
2547 0.06640625
2548 0.0263671875
2549 -0.1123046875
2550 -0.0751953125
2551 -0.0068359375
2552 -0.0380859375
2553 -0.1533203125
2554 -0.068359375
2555 0.0009765625
2556 -0.0341796875
2557 -0.1484375
2558 -0.0634765625
2559 0.0
2560 -0.033203125
2561 -0.17578125
2562 -0.046875
2563 0.0263671875
2564 -0.00390625
2565 -0.05859375
2566 0.052734375
2567 0.115234375
2568 0.0615234375
2569 -0.0302734375
2570 0.01953125
2571 0.072265625
2572 0.01953125
2573 -0.1083984375
2574 0.005859375
2575 0.0712890625
2576 0.029296875
2577 -0.107421875
2578 -0.0693359375
2579 -0.001953125
2580 -0.033203125
2581 -0.1494140625
2582 -0.064453125
2583 0.005859375
2584 -0.0283203125
2585 -0.1455078125
2586 -0.0595703125
2587 0.0068359375
2588 -0.0283203125
2589 -0.173828125
2590 -0.0439453125
2591 0.033203125
2592 -0.001953125
2593 -0.0595703125
2594 0.0546875
2595 0.1220703125
2596 0.0654296875
2597 -0.0302734375
2598 0.0224609375
2599 0.0810546875
2600 0.021484375
2601 -0.1123046875
2602 0.0087890625
2603 0.0771484375
2604 0.029296875
2605 -0.1123046875
2606 -0.0654296875
2607 0.00390625
2608 -0.03515625
2609 -0.150390625
2610 -0.0595703125
2611 0.0107421875
2612 -0.02734375
2613 -0.146484375
2614 -0.056640625
2615 0.0146484375
2616 -0.0283203125
2617 -0.1728515625
2618 -0.04296875
2619 0.0380859375
2620 0.0
2621 -0.0576171875
2622 0.0576171875
2623 0.125
2624 0.0673828125
2625 -0.0263671875
2626 0.025390625
2627 0.0791015625
2628 0.0234375
2629 -0.109375
2630 0.0126953125
2631 0.0791015625
2632 0.033203125
2633 -0.107421875
2634 -0.0625
2635 0.0068359375
2636 -0.029296875
2637 -0.1474609375
2638 -0.0576171875
2639 0.01171875
2640 -0.0263671875
2641 -0.1435546875
2642 -0.0546875
2643 0.0146484375
2644 -0.025390625
2645 -0.1708984375
2646 -0.0390625
2647 0.0390625
2648 0.0029296875
2649 -0.0556640625
2650 0.0595703125
2651 0.125
2652 0.0712890625
2653 -0.0263671875
2654 0.02734375
2655 0.0810546875
2656 0.025390625
2657 -0.1083984375
2658 0.0126953125
2659 0.0791015625
2660 0.033203125
2661 -0.1044921875
2662 -0.0634765625
2663 0.0078125
2664 -0.029296875
2665 -0.1435546875
2666 -0.0576171875
2667 0.013671875
2668 -0.0234375
2669 -0.1376953125
2670 -0.05078125
2671 0.0146484375
2672 -0.0224609375
2673 -0.166015625
2674 -0.0361328125
2675 0.0380859375
2676 0.005859375
2677 -0.0517578125
2678 0.0625
2679 0.1259765625
2680 0.07421875
2681 -0.0224609375
2682 0.0302734375
2683 0.0849609375
2684 0.029296875
2685 -0.1025390625
2686 0.015625
2687 0.0849609375
2688 0.037109375
2689 -0.0986328125
2690 -0.05859375
2691 0.01171875
2692 -0.0263671875
2693 -0.140625
2694 -0.052734375
2695 0.017578125
2696 -0.0224609375
2697 -0.138671875
2698 -0.0498046875
2699 0.017578125
2700 -0.0205078125
2701 -0.1669921875
2702 -0.0361328125
2703 0.0400390625
2704 0.005859375
2705 -0.05078125
2706 0.0625
2707 0.1279296875
2708 0.0732421875
2709 -0.01953125
2710 0.0283203125
2711 0.0859375
2712 0.029296875
2713 -0.1025390625
2714 0.0146484375
2715 0.0830078125
2716 0.037109375
2717 -0.099609375
2718 -0.05859375
2719 0.009765625
2720 -0.0244140625
2721 -0.1416015625
2722 -0.052734375
2723 0.015625
2724 -0.0205078125
2725 -0.1357421875
2726 -0.048828125
2727 0.017578125
2728 -0.0185546875
2729 -0.1630859375
2730 -0.03515625
2731 0.0419921875
2732 0.0078125
2733 -0.048828125
2734 0.0634765625
2735 0.130859375
2736 0.0751953125
2737 -0.017578125
2738 0.03125
2739 0.0849609375
2740 0.03125
2741 -0.099609375
2742 0.017578125
2743 0.0849609375
2744 0.0380859375
2745 -0.0986328125
2746 -0.0556640625
2747 0.009765625
2748 -0.0224609375
2749 -0.140625
2750 -0.0517578125
2751 0.015625
2752 -0.0205078125
2753 -0.1337890625
2754 -0.0498046875
2755 0.017578125
2756 -0.01953125
2757 -0.1630859375
2758 -0.0361328125
2759 0.041015625
2760 0.0078125
2761 -0.0458984375
2762 0.0634765625
2763 0.1279296875
2764 0.0771484375
2765 -0.0185546875
2766 0.03125
2767 0.0849609375
2768 0.0322265625
2769 -0.099609375
2770 0.0166015625
2771 0.08203125
2772 0.041015625
2773 -0.09765625
2774 -0.05859375
2775 0.0107421875
2776 -0.0244140625
2777 -0.138671875
2778 -0.0537109375
2779 0.015625
2780 -0.0185546875
2781 -0.1337890625
2782 -0.0498046875
2783 0.0205078125
2784 -0.017578125
2785 -0.1611328125
2786 -0.0322265625
2787 0.0419921875
2788 0.009765625
2789 -0.0458984375
2790 0.0654296875
2791 0.1298828125
2792 0.0771484375
2793 -0.017578125
2794 0.0341796875
2795 0.0849609375
2796 0.033203125
2797 -0.0986328125
2798 0.0185546875
2799 0.083984375
2800 0.0380859375
2801 -0.0966796875
2802 -0.056640625
2803 0.01171875
2804 -0.0224609375
2805 -0.1357421875
2806 -0.0517578125
2807 0.017578125
2808 -0.017578125
2809 -0.1337890625
2810 -0.046875
2811 0.0185546875
2812 -0.015625
2813 -0.1630859375
2814 -0.033203125
2815 0.04296875
2816 0.0107421875
2817 -0.046875
2818 0.0673828125
2819 0.1328125
2820 0.078125
2821 -0.017578125
2822 0.0322265625
2823 0.08984375
2824 0.033203125
2825 -0.099609375
2826 0.0185546875
2827 0.0869140625
2828 0.041015625
2829 -0.0966796875
2830 -0.056640625
2831 0.015625
2832 -0.0224609375
2833 -0.1396484375
2834 -0.0498046875
2835 0.01953125
2836 -0.017578125
2837 -0.1337890625
2838 -0.0458984375
2839 0.0224609375
2840 -0.0166015625
2841 -0.1611328125
2842 -0.0302734375
2843 0.0458984375
2844 0.0107421875
2845 -0.046875
2846 0.0654296875
2847 0.1337890625
2848 0.0771484375
2849 -0.015625
2850 0.033203125
2851 0.0869140625
2852 0.0341796875
2853 -0.0966796875
2854 0.0185546875
2855 0.083984375
2856 0.0419921875
2857 -0.09765625
2858 -0.0556640625
2859 0.01171875
2860 -0.0205078125
2861 -0.1376953125
2862 -0.0498046875
2863 0.0205078125
2864 -0.015625
2865 -0.1328125
2866 -0.0458984375
2867 0.0205078125
2868 -0.0166015625
2869 -0.16015625
2870 -0.03125
2871 0.0439453125
2872 0.01171875
2873 -0.0439453125
2874 0.0673828125
2875 0.134765625
2876 0.0810546875
2877 -0.015625
2878 0.0341796875
2879 0.0888671875
2880 0.03515625
2881 -0.09765625
2882 0.01953125
2883 0.0859375
2884 0.04296875
2885 -0.095703125
2886 -0.0537109375
2887 0.0107421875
2888 -0.01953125
2889 -0.1337890625
2890 -0.0498046875
2891 0.017578125
2892 -0.0146484375
2893 -0.1298828125
2894 -0.0458984375
2895 0.0205078125
2896 -0.015625
2897 -0.1533203125
2898 -0.029296875
2899 0.0458984375
2900 0.013671875
2901 -0.0419921875
2902 0.068359375
2903 0.1298828125
2904 0.08203125
2905 -0.01171875
2906 0.03515625
2907 0.087890625
2908 0.0361328125
2909 -0.09375
2910 0.0224609375
2911 0.087890625
2912 0.0458984375
2913 -0.0908203125
2914 -0.052734375
2915 0.0146484375
2916 -0.0185546875
2917 -0.130859375
2918 -0.048828125
2919 0.017578125
2920 -0.013671875
2921 -0.126953125
2922 -0.0439453125
2923 0.0185546875
2924 -0.0126953125
2925 -0.1552734375
2926 -0.029296875
2927 0.0439453125
2928 0.0146484375
2929 -0.0400390625
2930 0.068359375
2931 0.126953125
2932 0.08203125
2933 -0.0107421875
2934 0.0361328125
2935 0.083984375
2936 0.037109375
2937 -0.0888671875
2938 0.0205078125
2939 0.0810546875
2940 0.0458984375
2941 -0.08984375
2942 -0.0546875
2943 0.009765625
2944 -0.01953125
2945 -0.1318359375
2946 -0.05078125
2947 0.0146484375
2948 -0.0146484375
2949 -0.126953125
2950 -0.044921875
2951 0.0166015625
2952 -0.01171875
2953 -0.15234375
2954 -0.0283203125
2955 0.0419921875
2956 0.015625
2957 -0.0380859375
2958 0.0693359375
2959 0.12890625
2960 0.0830078125
2961 -0.0107421875
2962 0.0341796875
2963 0.0849609375
2964 0.037109375
2965 -0.0888671875
2966 0.0205078125
2967 0.083984375
2968 0.0458984375
2969 -0.0927734375
2970 -0.052734375
2971 0.009765625
2972 -0.017578125
2973 -0.1298828125
2974 -0.048828125
2975 0.015625
2976 -0.013671875
2977 -0.1279296875
2978 -0.044921875
2979 0.0185546875
2980 -0.0146484375
2981 -0.1533203125
2982 -0.0302734375
2983 0.04296875
2984 0.0126953125
2985 -0.0400390625
2986 0.0673828125
2987 0.12890625
2988 0.0810546875
2989 -0.01171875
2990 0.0341796875
2991 0.0859375
2992 0.03515625
2993 -0.0947265625
2994 0.0205078125
2995 0.0849609375
2996 0.0439453125
2997 -0.09375
2998 -0.0546875
2999 0.0107421875
3000 -0.017578125
3001 -0.130859375
3002 -0.048828125
3003 0.017578125
3004 -0.015625
3005 -0.12890625
3006 -0.044921875
3007 0.021484375
3008 -0.0126953125
3009 -0.15234375
3010 -0.0283203125
3011 0.0458984375
3012 0.015625
3013 -0.041015625
3014 0.068359375
3015 0.1328125
3016 0.08203125
3017 -0.01171875
3018 0.037109375
3019 0.0888671875
3020 0.037109375
3021 -0.091796875
3022 0.0224609375
3023 0.0869140625
3024 0.046875
3025 -0.0908203125
3026 -0.0537109375
3027 0.013671875
3028 -0.01953125
3029 -0.1318359375
3030 -0.048828125
3031 0.0205078125
3032 -0.0146484375
3033 -0.12890625
3034 -0.044921875
3035 0.0205078125
3036 -0.015625
3037 -0.1572265625
3038 -0.0302734375
3039 0.0439453125
3040 0.013671875
3041 -0.0419921875
3042 0.068359375
3043 0.1318359375
3044 0.0810546875
3045 -0.0126953125
3046 0.0361328125
3047 0.087890625
3048 0.037109375
3049 -0.09375
3050 0.01953125
3051 0.0869140625
3052 0.0439453125
3053 -0.091796875
3054 -0.0517578125
3055 0.0146484375
3056 -0.0185546875
3057 -0.1328125
3058 -0.048828125
3059 0.01953125
3060 -0.015625
3061 -0.12890625
3062 -0.04296875
3063 0.021484375
3064 -0.013671875
3065 -0.1552734375
3066 -0.0283203125
3067 0.044921875
3068 0.0146484375
3069 -0.0400390625
3070 0.0693359375
3071 0.1318359375
3072 0.0830078125
3073 -0.0107421875
3074 0.0361328125
3075 0.0888671875
3076 0.037109375
3077 -0.0908203125
3078 0.021484375
3079 0.0859375
3080 0.0458984375
3081 -0.091796875
3082 -0.0537109375
3083 0.01171875
3084 -0.0185546875
3085 -0.1328125
3086 -0.048828125
3087 0.0185546875
3088 -0.015625
3089 -0.12890625
3090 -0.044921875
3091 0.0205078125
3092 -0.0126953125
3093 -0.15625
3094 -0.029296875
3095 0.0439453125
3096 0.013671875
3097 -0.0419921875
3098 0.0693359375
3099 0.1318359375
3100 0.08203125
3101 -0.01171875
3102 0.0361328125
3103 0.0908203125
3104 0.0380859375
3105 -0.095703125
3106 0.0205078125
3107 0.0869140625
3108 0.0439453125
3109 -0.0947265625
3110 -0.052734375
3111 0.0146484375
3112 -0.0185546875
3113 -0.1328125
3114 -0.0458984375
3115 0.01953125
3116 -0.0146484375
3117 -0.12890625
3118 -0.04296875
3119 0.0234375
3120 -0.01171875
3121 -0.1552734375
3122 -0.0263671875
3123 0.0478515625
3124 0.013671875
3125 -0.0400390625
3126 0.0703125
3127 0.1337890625
3128 0.0830078125
3129 -0.0126953125
3130 0.0361328125
3131 0.0888671875
3132 0.037109375
3133 -0.0947265625
3134 0.021484375
3135 0.0869140625
3136 0.044921875
3137 -0.0908203125
3138 -0.0517578125
3139 0.015625
3140 -0.0185546875
3141 -0.130859375
3142 -0.046875
3143 0.021484375
3144 -0.0146484375
3145 -0.126953125
3146 -0.0419921875
3147 0.0224609375
3148 -0.01171875
3149 -0.1552734375
3150 -0.0283203125
3151 0.0478515625
3152 0.013671875
3153 -0.041015625
3154 0.0703125
3155 0.1318359375
3156 0.0830078125
3157 -0.01171875
3158 0.037109375
3159 0.0908203125
3160 0.037109375
3161 -0.0927734375
3162 0.021484375
3163 0.0869140625
3164 0.044921875
3165 -0.08984375
3166 -0.0517578125
3167 0.017578125
3168 -0.017578125
3169 -0.130859375
3170 -0.0458984375
3171 0.0205078125
3172 -0.0146484375
3173 -0.12890625
3174 -0.04296875
3175 0.021484375
3176 -0.01171875
3177 -0.15625
3178 -0.02734375
3179 0.044921875
3180 0.0146484375
3181 -0.041015625
3182 0.0693359375
3183 0.1337890625
3184 0.0830078125
3185 -0.0126953125
3186 0.037109375
3187 0.0888671875
3188 0.037109375
3189 -0.0927734375
3190 0.021484375
3191 0.0888671875
3192 0.044921875
3193 -0.0908203125
3194 -0.0517578125
3195 0.0185546875
3196 -0.017578125
3197 -0.1337890625
3198 -0.0458984375
3199 0.0244140625
3200 -0.0146484375
3201 -0.12890625
3202 -0.0419921875
3203 0.025390625
3204 -0.01171875
3205 -0.158203125
3206 -0.0283203125
3207 0.048828125
3208 0.013671875
3209 -0.044921875
3210 0.0712890625
3211 0.13671875
3212 0.0810546875
3213 -0.013671875
3214 0.037109375
3215 0.0947265625
3216 0.037109375
3217 -0.095703125
3218 0.01953125
3219 0.0888671875
3220 0.044921875
3221 -0.0947265625
3222 -0.0517578125
3223 0.017578125
3224 -0.0166015625
3225 -0.13671875
3226 -0.0458984375
3227 0.0234375
3228 -0.015625
3229 -0.1328125
3230 -0.04296875
3231 0.0263671875
3232 -0.0146484375
3233 -0.158203125
3234 -0.029296875
3235 0.048828125
3236 0.0126953125
3237 -0.0439453125
3238 0.0703125
3239 0.1376953125
3240 0.0830078125
3241 -0.013671875
3242 0.0380859375
3243 0.091796875
3244 0.037109375
3245 -0.095703125
3246 0.0234375
3247 0.0908203125
3248 0.0458984375
3249 -0.091796875
3250 -0.048828125
3251 0.0185546875
3252 -0.0185546875
3253 -0.134765625
3254 -0.044921875
3255 0.0263671875
3256 -0.0146484375
3257 -0.12890625
3258 -0.04296875
3259 0.025390625
3260 -0.0126953125
3261 -0.1572265625
3262 -0.02734375
3263 0.048828125
3264 0.0126953125
3265 -0.04296875
3266 0.0712890625
3267 0.13671875
3268 0.0830078125
3269 -0.013671875
3270 0.0380859375
3271 0.0927734375
3272 0.0380859375
3273 -0.0966796875
3274 0.021484375
3275 0.0888671875
3276 0.044921875
3277 -0.0947265625
3278 -0.052734375
3279 0.017578125
3280 -0.0185546875
3281 -0.134765625
3282 -0.046875
3283 0.0224609375
3284 -0.013671875
3285 -0.126953125
3286 -0.041015625
3287 0.02734375
3288 -0.0107421875
3289 -0.1328125
3290 -0.0078125
3291 0.064453125
3292 0.029296875
3293 -0.083984375
3294 -0.03515625
3295 0.0302734375
3296 -0.0087890625
3297 -0.1669921875
3298 -0.08984375
3299 -0.0146484375
3300 -0.041015625
3301 -0.1337890625
3302 -0.046875
3303 0.0224609375
3304 -0.009765625
3305 -0.177734375
3306 -0.11328125
3307 -0.029296875
3308 -0.0478515625
3309 -0.203125
3310 -0.125
3311 -0.0390625
3312 -0.0576171875
3313 -0.1591796875
3314 -0.0654296875
3315 0.005859375
3316 -0.0224609375
3317 -0.1142578125
3318 -0.0283203125
3319 0.0380859375
3320 0.001953125
3321 -0.107421875
3322 0.013671875
3323 0.0830078125
3324 0.044921875
3325 -0.0771484375
3326 -0.03515625
3327 0.0322265625
3328 -0.0009765625
3329 -0.115234375
3330 -0.0322265625
3331 0.037109375
3332 0.001953125
3333 -0.115234375
3334 -0.0302734375
3335 0.03515625
3336 0.0009765625
3337 -0.10546875
3338 -0.021484375
3339 0.0419921875
3340 0.0087890625
3341 -0.0927734375
3342 -0.0146484375
3343 0.0498046875
3344 0.0146484375
3345 -0.111328125
3346 -0.02734375
3347 0.0341796875
3348 0.0009765625
3349 -0.1845703125
3350 -0.1103515625
3351 -0.0302734375
3352 -0.0478515625
3353 -0.2041015625
3354 -0.1279296875
3355 -0.0556640625
3356 -0.048828125
3357 -0.138671875
3358 -0.0654296875
3359 -0.01171875
3360 -0.0126953125
3361 -0.142578125
3362 -0.0693359375
3363 -0.0146484375
3364 -0.015625
3365 -0.1552734375
3366 -0.0419921875
3367 0.0224609375
3368 0.021484375
3369 -0.0478515625
3370 0.046875
3371 0.0986328125
3372 0.0791015625
3373 0.029296875
3374 0.1123046875
3375 0.15625
3376 0.1240234375
3377 0.046875
3378 0.0654296875
3379 0.1025390625
3380 0.072265625
3381 -0.0224609375
3382 0.0283203125
3383 0.068359375
3384 0.046875
3385 -0.0556640625
3386 0.0068359375
3387 0.046875
3388 0.0263671875
3389 -0.0751953125
3390 -0.0126953125
3391 0.029296875
3392 0.015625
3393 -0.0966796875
3394 0.0029296875
3395 0.0546875
3396 0.0458984375
3397 -0.1015625
3398 -0.0751953125
3399 -0.0185546875
3400 -0.0185546875
3401 -0.1943359375
3402 -0.1357421875
3403 -0.0654296875
3404 -0.0537109375
3405 -0.154296875
3406 -0.0771484375
3407 -0.0205078125
3408 -0.0185546875
3409 -0.16015625
3410 -0.0849609375
3411 -0.0283203125
3412 -0.021484375
3413 -0.1513671875
3414 -0.041015625
3415 0.0224609375
3416 0.0234375
3417 -0.056640625
3418 0.0361328125
3419 0.087890625
3420 0.0732421875
3421 -0.0048828125
3422 0.078125
3423 0.1220703125
3424 0.1005859375
3425 0.0205078125
3426 0.099609375
3427 0.1396484375
3428 0.115234375
3429 0.0263671875
3430 0.1044921875
3431 0.142578125
3432 0.1142578125
3433 0.017578125
3434 0.095703125
3435 0.134765625
3436 0.107421875
3437 0.0029296875
3438 0.08203125
3439 0.1240234375
3440 0.0986328125
3441 0.0419921875
3442 0.1171875
3443 0.154296875
3444 0.1220703125
3445 0.0185546875
3446 0.03515625
3447 0.0673828125
3448 0.0439453125
3449 -0.0634765625
3450 -0.0107421875
3451 0.033203125
3452 0.0185546875
3453 -0.125
3454 -0.05859375
3455 -0.009765625
3456 -0.013671875
3457 -0.142578125
3458 -0.0361328125
3459 0.021484375
3460 0.0166015625
3461 -0.0615234375
3462 0.0283203125
3463 0.078125
3464 0.0615234375
3465 -0.025390625
3466 0.0576171875
3467 0.103515625
3468 0.0810546875
3469 -0.0185546875
3470 0.0625
3471 0.103515625
3472 0.0830078125
3473 -0.0263671875
3474 0.0556640625
3475 0.095703125
3476 0.0791015625
3477 0.0146484375
3478 0.095703125
3479 0.130859375
3480 0.1025390625
3481 -0.0205078125
3482 -0.00390625
3483 0.0341796875
3484 0.017578125
3485 -0.1396484375
3486 -0.03515625
3487 0.0234375
3488 0.0146484375
3489 -0.0947265625
3490 -0.0712890625
3491 -0.01953125
3492 -0.0244140625
3493 -0.1201171875
3494 -0.0166015625
3495 0.0380859375
3496 0.0283203125
3497 -0.0615234375
3498 -0.05859375
3499 -0.0048828125
3500 -0.0107421875
3501 -0.0966796875
3502 0.0009765625
3503 0.0537109375
3504 0.0400390625
3505 -0.0478515625
3506 -0.025390625
3507 0.0224609375
3508 0.0068359375
3509 -0.0869140625
3510 -0.0302734375
3511 0.01953125
3512 0.0048828125
3513 -0.134765625
3514 -0.0712890625
3515 -0.017578125
3516 -0.0224609375
3517 -0.154296875
3518 -0.0859375
3519 -0.0283203125
3520 -0.029296875
3521 -0.1826171875
3522 -0.068359375
3523 -0.0029296875
3524 -0.0009765625
3525 -0.0869140625
3526 0.0107421875
3527 0.0625
3528 0.048828125
3529 -0.0400390625
3530 0.046875
3531 0.095703125
3532 0.0732421875
3533 -0.0126953125
3534 0.0703125
3535 0.1142578125
3536 0.087890625
3537 0.0078125
3538 0.0859375
3539 0.126953125
3540 0.0986328125
3541 0.009765625
3542 0.0869140625
3543 0.1259765625
3544 0.0986328125
3545 -0.0009765625
3546 0.0771484375
3547 0.1162109375
3548 0.0908203125
3549 -0.0205078125
3550 0.060546875
3551 0.1025390625
3552 0.078125
3553 0.0048828125
3554 0.08203125
3555 0.12109375
3556 0.091796875
3557 -0.03515625
3558 -0.0224609375
3559 0.0234375
3560 0.0078125
3561 -0.0927734375
3562 0.0029296875
3563 0.0517578125
3564 0.0380859375
3565 -0.0126953125
3566 0.072265625
3567 0.1123046875
3568 0.087890625
3569 0.03515625
3570 0.1103515625
3571 0.146484375
3572 0.11328125
3573 0.0556640625
3574 0.126953125
3575 0.16015625
3576 0.123046875
3577 0.021484375
3578 0.037109375
3579 0.0703125
3580 0.0400390625
3581 -0.0771484375
3582 -0.02734375
3583 0.013671875
3584 -0.0029296875
3585 -0.12109375
3586 -0.060546875
3587 -0.0146484375
3588 -0.0244140625
3589 -0.1376953125
3590 -0.0751953125
3591 -0.0234375
3592 -0.03125
3593 -0.1435546875
3594 -0.078125
3595 -0.025390625
3596 -0.033203125
3597 -0.142578125
3598 -0.08203125
3599 -0.0283203125
3600 -0.0341796875
3601 -0.169921875
3602 -0.1025390625
3603 -0.044921875
3604 -0.0458984375
3605 -0.1474609375
3606 -0.0419921875
3607 0.0166015625
3608 0.009765625
3609 -0.12109375
3610 -0.091796875
3611 -0.0341796875
3612 -0.0361328125
3613 -0.13671875
3614 -0.0703125
3615 -0.017578125
3616 -0.0224609375
3617 -0.1279296875
3618 -0.0546875
3619 -0.01171875
3620 -0.0205078125
3621 -0.1298828125
3622 -0.0625
3623 -0.01171875
3624 -0.0185546875
3625 -0.1728515625
3626 -0.0615234375
3627 -0.001953125
3628 -0.0009765625
3629 -0.0654296875
3630 0.02734375
3631 0.0751953125
3632 0.05859375
3633 -0.068359375
3634 0.021484375
3635 0.0673828125
3636 0.052734375
3637 -0.08984375
3638 -0.068359375
3639 -0.0185546875
3640 -0.021484375
3641 -0.185546875
3642 -0.1123046875
3643 -0.0517578125
3644 -0.044921875
3645 -0.1484375
3646 -0.076171875
3647 -0.0224609375
3648 -0.0263671875
3649 -0.1103515625
3650 -0.0087890625
3651 0.0458984375
3652 0.0361328125
3653 -0.0537109375
3654 -0.0537109375
3655 0.0029296875
3656 -0.00390625
3657 -0.1162109375
3658 -0.0146484375
3659 0.041015625
3660 0.033203125
3661 -0.0556640625
3662 0.03515625
3663 0.0849609375
3664 0.06640625
3665 -0.0283203125
3666 -0.0078125
3667 0.0341796875
3668 0.017578125
3669 -0.0966796875
3670 0.0
3671 0.0517578125
3672 0.0390625
3673 -0.0927734375
3674 -0.068359375
3675 -0.0166015625
3676 -0.021484375
3677 -0.19921875
3678 -0.1220703125
3679 -0.0556640625
3680 -0.048828125
3681 -0.158203125
3682 -0.0849609375
3683 -0.029296875
3684 -0.0283203125
3685 -0.154296875
3686 -0.0791015625
3687 -0.0224609375
3688 -0.025390625
3689 -0.1806640625
3690 -0.0634765625
3691 0.0009765625
3692 0.001953125
3693 -0.048828125
3694 0.0439453125
3695 0.09375
3696 0.07421875
3697 -0.0029296875
3698 0.0810546875
3699 0.125
3700 0.1005859375
3701 0.00390625
3702 0.0859375
3703 0.126953125
3704 0.1015625
3705 0.0380859375
3706 0.1181640625
3707 0.154296875
3708 0.1201171875
3709 0.029296875
3710 0.044921875
3711 0.080078125
3712 0.0517578125
3713 -0.044921875
3714 0.0087890625
3715 0.0517578125
3716 0.029296875
3717 -0.0771484375
3718 -0.0185546875
3719 0.0244140625
3720 0.0078125
3721 -0.1591796875
3722 -0.048828125
3723 0.0078125
3724 0.0048828125
3725 -0.1376953125
3726 -0.1064453125
3727 -0.044921875
3728 -0.04296875
3729 -0.212890625
3730 -0.0888671875
3731 -0.017578125
3732 -0.009765625
3733 -0.0654296875
3734 0.033203125
3735 0.080078125
3736 0.0634765625
3737 -0.009765625
3738 0.076171875
3739 0.119140625
3740 0.0927734375
3741 0.005859375
3742 0.087890625
3743 0.1279296875
3744 0.099609375
3745 0.05078125
3746 0.1279296875
3747 0.162109375
3748 0.1279296875
3749 0.017578125
3750 0.03515625
3751 0.0693359375
3752 0.0439453125
3753 -0.1357421875
3754 -0.08203125
3755 -0.0283203125
3756 -0.029296875
3757 -0.1337890625
3758 -0.068359375
3759 -0.013671875
3760 -0.0224609375
3761 -0.1611328125
3762 -0.087890625
3763 -0.03125
3764 -0.0361328125
3765 -0.166015625
3766 -0.0546875
3767 0.0087890625
3768 0.0068359375
3769 -0.0830078125
3770 0.013671875
3771 0.068359375
3772 0.0517578125
3773 -0.04296875
3774 0.046875
3775 0.095703125
3776 0.0732421875
3777 -0.01953125
3778 0.06640625
3779 0.1123046875
3780 0.083984375
3781 -0.005859375
3782 0.0751953125
3783 0.1181640625
3784 0.0888671875
3785 -0.005859375
3786 0.0751953125
3787 0.1162109375
3788 0.0888671875
3789 -0.0283203125
3790 0.0556640625
3791 0.099609375
3792 0.0732421875
3793 -0.015625
3794 0.0673828125
3795 0.1103515625
3796 0.083984375
3797 0.029296875
3798 0.109375
3799 0.1474609375
3800 0.1103515625
3801 0.0576171875
3802 0.134765625
3803 0.16796875
3804 0.126953125
3805 0.0419921875
3806 0.0625
3807 0.091796875
3808 0.0546875
3809 -0.0673828125
3810 -0.021484375
3811 0.021484375
3812 0.0
3813 -0.14453125
3814 -0.08203125
3815 -0.02734375
3816 -0.0341796875
3817 -0.1455078125
3818 -0.0361328125
3819 0.0185546875
3820 0.009765625
3821 -0.0322265625
3822 0.0576171875
3823 0.1025390625
3824 0.076171875
3825 0.0419921875
3826 0.1181640625
3827 0.15625
3828 0.12109375
3829 0.0751953125
3830 0.1474609375
3831 0.1845703125
3832 0.1376953125
3833 0.0771484375
3834 0.1494140625
3835 0.181640625
3836 0.1337890625
3837 0.0830078125
3838 0.15234375
3839 0.185546875
3840 0.1376953125
3841 0.0576171875
3842 0.078125
3843 0.10546875
3844 0.0634765625
3845 -0.0322265625
3846 0.05078125
3847 0.08984375
3848 0.060546875
3849 -0.0361328125
3850 -0.015625
3851 0.0234375
3852 -0.00390625
3853 -0.107421875
3854 -0.048828125
3855 -0.0029296875
3856 -0.021484375
3857 -0.1201171875
3858 -0.0595703125
3859 -0.01171875
3860 -0.0283203125
3861 -0.1357421875
3862 -0.0703125
3863 -0.0244140625
3864 -0.0361328125
3865 -0.1376953125
3866 -0.0703125
3867 -0.0224609375
3868 -0.0361328125
3869 -0.1796875
3870 -0.10546875
3871 -0.052734375
3872 -0.05859375
3873 -0.1982421875
3874 -0.1220703125
3875 -0.0634765625
3876 -0.0654296875
3877 -0.1884765625
3878 -0.078125
3879 -0.013671875
3880 -0.0166015625
3881 -0.080078125
3882 0.0126953125
3883 0.0625
3884 0.0439453125
3885 -0.0283203125
3886 0.056640625
3887 0.09765625
3888 0.0712890625
3889 0.0029296875
3890 0.0791015625
3891 0.119140625
3892 0.087890625
3893 0.015625
3894 0.08984375
3895 0.1259765625
3896 0.0927734375
3897 0.03515625
3898 0.1083984375
3899 0.14453125
3900 0.1044921875
3901 0.02734375
3902 0.044921875
3903 0.078125
3904 0.0419921875
3905 -0.0576171875
3906 -0.0048828125
3907 0.033203125
3908 0.0068359375
3909 -0.09375
3910 -0.0341796875
3911 0.00390625
3912 -0.0146484375
3913 -0.09765625
3914 -0.00390625
3915 0.04296875
3916 0.0263671875
3917 -0.013671875
3918 0.0703125
3919 0.109375
3920 0.0791015625
3921 -0.0205078125
3922 -0.001953125
3923 0.03125
3924 0.0068359375
3925 -0.1484375
3926 -0.0478515625
3927 0.005859375
3928 -0.0048828125
3929 -0.1376953125
3930 -0.111328125
3931 -0.0546875
3932 -0.0576171875
3933 -0.1630859375
3934 -0.052734375
3935 0.001953125
3936 -0.00390625
3937 -0.0771484375
3938 0.0166015625
3939 0.0615234375
3940 0.041015625
3941 -0.052734375
3942 -0.0322265625
3943 0.0107421875
3944 -0.0068359375
3945 -0.1484375
3946 -0.0810546875
3947 -0.0341796875
3948 -0.0439453125
3949 -0.1953125
3950 -0.1259765625
3951 -0.064453125
3952 -0.064453125
3953 -0.19921875
3954 -0.1220703125
3955 -0.0634765625
3956 -0.0625
3957 -0.158203125
3958 -0.08203125
3959 -0.0302734375
3960 -0.037109375
3961 -0.16015625
3962 -0.0498046875
3963 0.005859375
3964 -0.0009765625
3965 -0.166015625
3966 -0.1376953125
3967 -0.0712890625
3968 -0.068359375
3969 -0.1826171875
3970 -0.111328125
3971 -0.0478515625
3972 -0.0498046875
3973 -0.12890625
3974 -0.060546875
3975 -0.0078125
3976 -0.0205078125
3977 -0.1416015625
3978 -0.0712890625
3979 -0.0224609375
3980 -0.02734375
3981 -0.17578125
3982 -0.0634765625
3983 0.0
3984 -0.0009765625
3985 -0.041015625
3986 0.048828125
3987 0.09765625
3988 0.0732421875
3989 0.01953125
3990 0.1005859375
3991 0.1396484375
3992 0.1064453125
3993 0.001953125
3994 0.0185546875
3995 0.052734375
3996 0.029296875
3997 -0.091796875
3998 -0.03125
3999 -0.0185546875
4000 0.02734375
4001 -0.03125
4002 0.0048828125
4003 0.013671875
4004 0.052734375
4005 0.0244140625
4006 0.0517578125
4007 0.0517578125
4008 0.0859375
4009 0.0107421875
4010 -0.029296875
4011 -0.02734375
4012 0.0126953125
4013 -0.0537109375
4014 -0.0537109375
4015 -0.044921875
4016 -0.00390625
4017 -0.1015625
4018 -0.087890625
4019 -0.076171875
4020 -0.029296875
4021 -0.11328125
4022 -0.0595703125
4023 -0.0400390625
4024 0.0107421875
4025 -0.0380859375
4026 0.0
4027 0.0087890625
4028 0.0517578125
4029 -0.0009765625
4030 0.0283203125
4031 0.0341796875
4032 0.0712890625
4033 0.0263671875
4034 0.0478515625
4035 0.05078125
4036 0.0849609375
4037 0.037109375
4038 0.05859375
4039 0.0576171875
4040 0.08984375
4041 0.0341796875
4042 0.0517578125
4043 0.0537109375
4044 0.083984375
4045 0.0087890625
4046 0.0341796875
4047 0.0341796875
4048 0.068359375
4049 0.0185546875
4050 0.0439453125
4051 0.044921875
4052 0.078125
4053 0.0673828125
4054 0.0859375
4055 0.08203125
4056 0.1064453125
4057 0.1005859375
4058 0.1103515625
4059 0.1025390625
4060 0.125
4061 0.0810546875
4062 0.041015625
4063 0.03125
4064 0.0537109375
4065 -0.0302734375
4066 -0.0400390625
4067 -0.0400390625
4068 0.0
4069 -0.109375
4070 -0.1005859375
4071 -0.0869140625
4072 -0.0361328125
4073 -0.10546875
4074 -0.0556640625
4075 -0.0419921875
4076 0.0078125
4077 0.0107421875
4078 0.037109375
4079 0.0419921875
4080 0.07421875
4081 0.0859375
4082 0.099609375
4083 0.09765625
4084 0.1181640625
4085 0.1201171875
4086 0.126953125
4087 0.1201171875
4088 0.138671875
4089 0.1220703125
4090 0.126953125
4091 0.115234375
4092 0.134765625
4093 0.1259765625
4094 0.1318359375
4095 0.1201171875
4096 0.13671875
4097 0.0966796875
4098 0.05859375
4099 0.0419921875
4100 0.060546875
4101 0.0107421875
4102 0.03125
4103 0.0283203125
4104 0.0595703125
4105 0.00390625
4106 -0.0341796875
4107 -0.0361328125
4108 -0.0009765625
4109 -0.068359375
4110 -0.068359375
4111 -0.0634765625
4112 -0.0234375
4113 -0.08203125
4114 -0.0771484375
4115 -0.0703125
4116 -0.02734375
4117 -0.1005859375
4118 -0.0908203125
4119 -0.083984375
4120 -0.037109375
4121 -0.1259765625
4122 -0.1103515625
4123 -0.09765625
4124 -0.0498046875
4125 -0.1083984375
4126 -0.099609375
4127 -0.0888671875
4128 -0.041015625
4129 -0.0869140625
4130 -0.0771484375
4131 -0.068359375
4132 -0.02734375
4133 -0.0908203125
4134 -0.0810546875
4135 -0.0712890625
4136 -0.02734375
4137 -0.142578125
4138 -0.146484375
4139 -0.125
4140 -0.0654296875
4141 -0.126953125
4142 -0.111328125
4143 -0.0947265625
4144 -0.041015625
4145 -0.109375
4146 -0.09375
4147 -0.0830078125
4148 -0.0361328125
4149 -0.0791015625
4150 -0.03515625
4151 -0.021484375
4152 0.0224609375
4153 -0.0283203125
4154 -0.0830078125
4155 -0.06640625
4156 -0.0185546875
4157 -0.0947265625
4158 -0.0478515625
4159 -0.03125
4160 0.0185546875
4161 -0.0390625
4162 -0.00390625
4163 0.005859375
4164 0.0478515625
4165 -0.0078125
4166 -0.0419921875
4167 -0.0390625
4168 0.0029296875
4169 -0.0751953125
4170 -0.03125
4171 -0.0205078125
4172 0.025390625
4173 -0.076171875
4174 -0.10546875
4175 -0.087890625
4176 -0.037109375
4177 -0.166015625
4178 -0.140625
4179 -0.1123046875
4180 -0.0556640625
4181 -0.1279296875
4182 -0.10546875
4183 -0.0888671875
4184 -0.0380859375
4185 -0.1103515625
4186 -0.091796875
4187 -0.078125
4188 -0.025390625
4189 -0.1357421875
4190 -0.115234375
4191 -0.0966796875
4192 -0.0380859375
4193 -0.1064453125
4194 -0.0908203125
4195 -0.0732421875
4196 -0.0234375
4197 -0.1005859375
4198 -0.0888671875
4199 -0.072265625
4200 -0.021484375
4201 -0.1298828125
4202 -0.1103515625
4203 -0.0888671875
4204 -0.033203125
4205 -0.1005859375
4206 -0.0478515625
4207 -0.029296875
4208 0.0234375
4209 0.029296875
4210 0.0576171875
4211 0.0625
4212 0.0966796875
4213 0.1083984375
4214 0.125
4215 0.1201171875
4216 0.14453125
4217 0.14453125
4218 0.15234375
4219 0.1455078125
4220 0.1630859375
4221 0.1484375
4222 0.154296875
4223 0.1435546875
4224 0.16015625
4225 0.154296875
4226 0.1572265625
4227 0.146484375
4228 0.1640625
4229 0.1240234375
4230 0.0830078125
4231 0.0673828125
4232 0.087890625
4233 0.0361328125
4234 0.056640625
4235 0.0546875
4236 0.0849609375
4237 0.0263671875
4238 -0.0107421875
4239 -0.0146484375
4240 0.0205078125
4241 -0.0458984375
4242 -0.046875
4243 -0.041015625
4244 0.0
4245 -0.0576171875
4246 -0.0537109375
4247 -0.0478515625
4248 -0.0068359375
4249 -0.0771484375
4250 -0.0693359375
4251 -0.0634765625
4252 -0.0146484375
4253 -0.10546875
4254 -0.091796875
4255 -0.0791015625
4256 -0.0302734375
4257 -0.0888671875
4258 -0.0791015625
4259 -0.0673828125
4260 -0.021484375
4261 -0.0693359375
4262 -0.05859375
4263 -0.0498046875
4264 -0.009765625
4265 -0.072265625
4266 -0.0615234375
4267 -0.052734375
4268 -0.0107421875
4269 -0.1201171875
4270 -0.12890625
4271 -0.1044921875
4272 -0.048828125
4273 -0.10546875
4274 -0.091796875
4275 -0.076171875
4276 -0.0224609375
4277 -0.091796875
4278 -0.076171875
4279 -0.064453125
4280 -0.017578125
4281 -0.064453125
4282 -0.0205078125
4283 -0.0048828125
4284 0.0400390625
4285 -0.0146484375
4286 -0.068359375
4287 -0.05078125
4288 -0.005859375
4289 -0.07421875
4290 -0.0283203125
4291 -0.0107421875
4292 0.033203125
4293 -0.013671875
4294 0.0205078125
4295 0.0302734375
4296 0.068359375
4297 0.01171875
4298 -0.0234375
4299 -0.01953125
4300 0.01953125
4301 -0.0595703125
4302 -0.0146484375
4303 -0.0048828125
4304 0.0390625
4305 -0.0498046875
4306 -0.078125
4307 -0.06640625
4308 -0.01953125
4309 -0.1494140625
4310 -0.1220703125
4311 -0.0986328125
4312 -0.0419921875
4313 -0.115234375
4314 -0.09375
4315 -0.076171875
4316 -0.02734375
4317 -0.095703125
4318 -0.080078125
4319 -0.064453125
4320 -0.015625
4321 -0.12109375
4322 -0.1025390625
4323 -0.083984375
4324 -0.0283203125
4325 -0.0966796875
4326 -0.0810546875
4327 -0.0625
4328 -0.01171875
4329 -0.091796875
4330 -0.080078125
4331 -0.0634765625
4332 -0.0126953125
4333 -0.12109375
4334 -0.1025390625
4335 -0.0771484375
4336 -0.0244140625
4337 -0.091796875
4338 -0.0390625
4339 -0.017578125
4340 0.03125
4341 0.0361328125
4342 0.06640625
4343 0.072265625
4344 0.1044921875
4345 0.115234375
4346 0.1337890625
4347 0.1298828125
4348 0.1533203125
4349 0.1513671875
4350 0.1611328125
4351 0.1533203125
4352 0.1708984375
4353 0.1552734375
4354 0.162109375
4355 0.1513671875
4356 0.166015625
4357 0.1611328125
4358 0.1650390625
4359 0.154296875
4360 0.1708984375
4361 0.1318359375
4362 0.0908203125
4363 0.0751953125
4364 0.0947265625
4365 0.04296875
4366 0.064453125
4367 0.0625
4368 0.091796875
4369 0.0361328125
4370 -0.0029296875
4371 -0.005859375
4372 0.029296875
4373 -0.0390625
4374 -0.0380859375
4375 -0.0341796875
4376 0.005859375
4377 -0.052734375
4378 -0.0498046875
4379 -0.0419921875
4380 -0.0029296875
4381 -0.0732421875
4382 -0.06640625
4383 -0.0556640625
4384 -0.01171875
4385 -0.1005859375
4386 -0.0869140625
4387 -0.0703125
4388 -0.0244140625
4389 -0.0830078125
4390 -0.0732421875
4391 -0.0615234375
4392 -0.0146484375
4393 -0.0634765625
4394 -0.0517578125
4395 -0.044921875
4396 -0.001953125
4397 -0.0673828125
4398 -0.056640625
4399 -0.0478515625
4400 -0.0048828125
4401 -0.1162109375
4402 -0.123046875
4403 -0.099609375
4404 -0.0419921875
4405 -0.1005859375
4406 -0.0859375
4407 -0.0703125
4408 -0.01953125
4409 -0.083984375
4410 -0.0712890625
4411 -0.0615234375
4412 -0.013671875
4413 -0.0576171875
4414 -0.0146484375
4415 -0.001953125
4416 0.044921875
4417 -0.0068359375
4418 -0.0634765625
4419 -0.046875
4420 0.0029296875
4421 -0.0673828125
4422 -0.0224609375
4423 -0.0068359375
4424 0.0400390625
4425 -0.005859375
4426 0.0263671875
4427 0.0361328125
4428 0.0732421875
4429 0.0185546875
4430 -0.017578125
4431 -0.013671875
4432 0.0234375
4433 -0.052734375
4434 -0.01171875
4435 -0.0009765625
4436 0.044921875
4437 -0.0458984375
4438 -0.07421875
4439 -0.0634765625
4440 -0.013671875
4441 -0.14453125
4442 -0.1162109375
4443 -0.0947265625
4444 -0.0380859375
4445 -0.1123046875
4446 -0.08984375
4447 -0.072265625
4448 -0.021484375
4449 -0.09375
4450 -0.0771484375
4451 -0.0615234375
4452 -0.0107421875
4453 -0.119140625
4454 -0.1025390625
4455 -0.0791015625
4456 -0.025390625
4457 -0.091796875
4458 -0.076171875
4459 -0.0615234375
4460 -0.009765625
4461 -0.0888671875
4462 -0.0751953125
4463 -0.0615234375
4464 -0.0068359375
4465 -0.119140625
4466 -0.0986328125
4467 -0.0771484375
4468 -0.01953125
4469 -0.0888671875
4470 -0.0361328125
4471 -0.017578125
4472 0.03515625
4473 0.0400390625
4474 0.068359375
4475 0.0751953125
4476 0.107421875
4477 0.1201171875
4478 0.134765625
4479 0.1337890625
4480 0.154296875
4481 0.1552734375
4482 0.1630859375
4483 0.1552734375
4484 0.1728515625
4485 0.158203125
4486 0.1650390625
4487 0.15234375
4488 0.1708984375
4489 0.1630859375
4490 0.1689453125
4491 0.1552734375
4492 0.171875
4493 0.1328125
4494 0.09375
4495 0.0771484375
4496 0.0966796875
4497 0.0478515625
4498 0.06640625
4499 0.064453125
4500 0.09375
4501 0.0380859375
4502 -0.0009765625
4503 -0.00390625
4504 0.0322265625
4505 -0.0361328125
4506 -0.0361328125
4507 -0.033203125
4508 0.009765625
4509 -0.048828125
4510 -0.0439453125
4511 -0.0390625
4512 0.0048828125
4513 -0.0693359375
4514 -0.0615234375
4515 -0.0537109375
4516 -0.0078125
4517 -0.095703125
4518 -0.083984375
4519 -0.068359375
4520 -0.0205078125
4521 -0.080078125
4522 -0.0732421875
4523 -0.060546875
4524 -0.0126953125
4525 -0.0615234375
4526 -0.0498046875
4527 -0.04296875
4528 -0.0009765625
4529 -0.06640625
4530 -0.0537109375
4531 -0.0458984375
4532 -0.001953125
4533 -0.1162109375
4534 -0.119140625
4535 -0.09765625
4536 -0.0400390625
4537 -0.09765625
4538 -0.0830078125
4539 -0.068359375
4540 -0.017578125
4541 -0.083984375
4542 -0.0673828125
4543 -0.0576171875
4544 -0.009765625
4545 -0.0537109375
4546 -0.0126953125
4547 0.0009765625
4548 0.046875
4549 -0.0078125
4550 -0.0595703125
4551 -0.0458984375
4552 0.0048828125
4553 -0.064453125
4554 -0.017578125
4555 -0.0048828125
4556 0.04296875
4557 -0.0048828125
4558 0.029296875
4559 0.0361328125
4560 0.076171875
4561 0.0185546875
4562 -0.0166015625
4563 -0.013671875
4564 0.0244140625
4565 -0.0517578125
4566 -0.009765625
4567 0.0
4568 0.044921875
4569 -0.0478515625
4570 -0.0771484375
4571 -0.064453125
4572 -0.01171875
4573 -0.146484375
4574 -0.1181640625
4575 -0.095703125
4576 -0.0361328125
4577 -0.1103515625
4578 -0.087890625
4579 -0.072265625
4580 -0.0205078125
4581 -0.091796875
4582 -0.07421875
4583 -0.060546875
4584 -0.009765625
4585 -0.115234375
4586 -0.095703125
4587 -0.0771484375
4588 -0.021484375
4589 -0.087890625
4590 -0.0732421875
4591 -0.056640625
4592 -0.0068359375
4593 -0.083984375
4594 -0.0732421875
4595 -0.05859375
4596 -0.0078125
4597 -0.1171875
4598 -0.09765625
4599 -0.0732421875
4600 -0.0166015625
4601 -0.0869140625
4602 -0.0322265625
4603 -0.015625
4604 0.0380859375
4605 0.04296875
4606 0.0712890625
4607 0.0751953125
4608 0.1103515625
4609 0.1220703125
4610 0.13671875
4611 0.134765625
4612 0.1591796875
4613 0.15625
4614 0.166015625
4615 0.1572265625
4616 0.1767578125
4617 0.16015625
4618 0.1669921875
4619 0.1552734375
4620 0.171875
4621 0.166015625
4622 0.1708984375
4623 0.158203125
4624 0.173828125
4625 0.134765625
4626 0.095703125
4627 0.078125
4628 0.0986328125
4629 0.0498046875
4630 0.068359375
4631 0.0673828125
4632 0.095703125
4633 0.0390625
4634 0.0
4635 -0.0029296875
4636 0.0322265625
4637 -0.033203125
4638 -0.0341796875
4639 -0.0302734375
4640 0.0107421875
4641 -0.0478515625
4642 -0.0439453125
4643 -0.037109375
4644 0.005859375
4645 -0.0673828125
4646 -0.0595703125
4647 -0.0517578125
4648 -0.005859375
4649 -0.0947265625
4650 -0.0810546875
4651 -0.0673828125
4652 -0.01953125
4653 -0.078125
4654 -0.0703125
4655 -0.0576171875
4656 -0.01171875
4657 -0.0576171875
4658 -0.0498046875
4659 -0.0400390625
4660 0.0029296875
4661 -0.0634765625
4662 -0.0537109375
4663 -0.0439453125
4664 -0.0009765625
4665 -0.1162109375
4666 -0.1201171875
4667 -0.099609375
4668 -0.0400390625
4669 -0.1005859375
4670 -0.083984375
4671 -0.068359375
4672 -0.0166015625
4673 -0.083984375
4674 -0.0703125
4675 -0.0595703125
4676 -0.0107421875
4677 -0.0556640625
4678 -0.0126953125
4679 0.0029296875
4680 0.0478515625
4681 -0.0048828125
4682 -0.0595703125
4683 -0.0419921875
4684 0.00390625
4685 -0.064453125
4686 -0.017578125
4687 -0.0029296875
4688 0.04296875
4689 -0.00390625
4690 0.029296875
4691 0.037109375
4692 0.0771484375
4693 0.01953125
4694 -0.015625
4695 -0.0126953125
4696 0.02734375
4697 -0.052734375
4698 -0.009765625
4699 0.0009765625
4700 0.0458984375
4701 -0.044921875
4702 -0.0751953125
4703 -0.060546875
4704 -0.0126953125
4705 -0.1435546875
4706 -0.1181640625
4707 -0.091796875
4708 -0.0361328125
4709 -0.1103515625
4710 -0.087890625
4711 -0.0712890625
4712 -0.01953125
4713 -0.091796875
4714 -0.0751953125
4715 -0.0595703125
4716 -0.0078125
4717 -0.1171875
4718 -0.09765625
4719 -0.078125
4720 -0.0224609375
4721 -0.08984375
4722 -0.07421875
4723 -0.056640625
4724 -0.005859375
4725 -0.083984375
4726 -0.0732421875
4727 -0.0576171875
4728 -0.0048828125
4729 -0.1162109375
4730 -0.0986328125
4731 -0.07421875
4732 -0.01953125
4733 -0.087890625
4734 -0.0322265625
4735 -0.0146484375
4736 0.0380859375
4737 0.0419921875
4738 0.0732421875
4739 0.0771484375
4740 0.1103515625
4741 0.123046875
4742 0.1376953125
4743 0.134765625
4744 0.158203125
4745 0.1591796875
4746 0.166015625
4747 0.158203125
4748 0.177734375
4749 0.162109375
4750 0.1669921875
4751 0.1572265625
4752 0.1728515625
4753 0.166015625
4754 0.171875
4755 0.16015625
4756 0.17578125
4757 0.13671875
4758 0.095703125
4759 0.0810546875
4760 0.1005859375
4761 0.046875
4762 0.0693359375
4763 0.0654296875
4764 0.0966796875
4765 0.0380859375
4766 -0.0009765625
4767 -0.0029296875
4768 0.03125
4769 -0.03515625
4770 -0.03515625
4771 -0.029296875
4772 0.0087890625
4773 -0.046875
4774 -0.04296875
4775 -0.0361328125
4776 0.0029296875
4777 -0.06640625
4778 -0.0595703125
4779 -0.0498046875
4780 -0.0048828125
4781 -0.095703125
4782 -0.08203125
4783 -0.06640625
4784 -0.0185546875
4785 -0.078125
4786 -0.0693359375
4787 -0.0576171875
4788 -0.0107421875
4789 -0.056640625
4790 -0.048828125
4791 -0.0400390625
4792 0.0009765625
4793 -0.0625
4794 -0.052734375
4795 -0.0419921875
4796 0.0
4797 -0.111328125
4798 -0.1181640625
4799 -0.095703125
4800 -0.037109375
4801 -0.0966796875
4802 -0.083984375
4803 -0.0673828125
4804 -0.0146484375
4805 -0.0830078125
4806 -0.0673828125
4807 -0.056640625
4808 -0.0087890625
4809 -0.0556640625
4810 -0.009765625
4811 0.001953125
4812 0.0478515625
4813 -0.005859375
4814 -0.0595703125
4815 -0.04296875
4816 0.0029296875
4817 -0.0634765625
4818 -0.01953125
4819 -0.0029296875
4820 0.04296875
4821 -0.0048828125
4822 0.02734375
4823 0.037109375
4824 0.0771484375
4825 0.0185546875
4826 -0.0166015625
4827 -0.0126953125
4828 0.0263671875
4829 -0.0498046875
4830 -0.005859375
4831 0.001953125
4832 0.0498046875
4833 -0.04296875
4834 -0.0712890625
4835 -0.0595703125
4836 -0.01171875
4837 -0.142578125
4838 -0.1162109375
4839 -0.08984375
4840 -0.0361328125
4841 -0.109375
4842 -0.0869140625
4843 -0.0693359375
4844 -0.01953125
4845 -0.0908203125
4846 -0.0732421875
4847 -0.0595703125
4848 -0.0068359375
4849 -0.115234375
4850 -0.095703125
4851 -0.0771484375
4852 -0.021484375
4853 -0.087890625
4854 -0.0712890625
4855 -0.0546875
4856 -0.0068359375
4857 -0.0849609375
4858 -0.0732421875
4859 -0.0576171875
4860 -0.005859375
4861 -0.1083984375
4862 -0.091796875
4863 -0.0673828125
4864 -0.0146484375
4865 -0.0830078125
4866 -0.03125
4867 -0.0107421875
4868 0.0390625
4869 0.0439453125
4870 0.0732421875
4871 0.0791015625
4872 0.111328125
4873 0.1220703125
4874 0.1396484375
4875 0.1376953125
4876 0.1591796875
4877 0.1572265625
4878 0.1669921875
4879 0.1611328125
4880 0.177734375
4881 0.162109375
4882 0.1689453125
4883 0.1572265625
4884 0.173828125
4885 0.166015625
4886 0.171875
4887 0.16015625
4888 0.1748046875
4889 0.13671875
4890 0.0966796875
4891 0.08203125
4892 0.0986328125
4893 0.0478515625
4894 0.0693359375
4895 0.0673828125
4896 0.0966796875
4897 0.041015625
4898 0.001953125
4899 0.0
4900 0.03125
4901 -0.0341796875
4902 -0.033203125
4903 -0.029296875
4904 0.009765625
4905 -0.046875
4906 -0.04296875
4907 -0.03515625
4908 0.001953125
4909 -0.0673828125
4910 -0.060546875
4911 -0.05078125
4912 -0.0078125
4913 -0.09375
4914 -0.0810546875
4915 -0.06640625
4916 -0.01953125
4917 -0.078125
4918 -0.0703125
4919 -0.0576171875
4920 -0.01171875
4921 -0.05859375
4922 -0.046875
4923 -0.0400390625
4924 0.0029296875
4925 -0.0625
4926 -0.0517578125
4927 -0.0419921875
4928 0.0
4929 -0.1123046875
4930 -0.1181640625
4931 -0.0947265625
4932 -0.0390625
4933 -0.0966796875
4934 -0.0830078125
4935 -0.0634765625
4936 -0.0146484375
4937 -0.0830078125
4938 -0.0673828125
4939 -0.0556640625
4940 -0.0087890625
4941 -0.0546875
4942 -0.009765625
4943 0.0048828125
4944 0.0478515625
4945 -0.0029296875
4946 -0.0576171875
4947 -0.0419921875
4948 0.0048828125
4949 -0.0625
4950 -0.0166015625
4951 -0.001953125
4952 0.04296875
4953 -0.0009765625
4954 0.033203125
4955 0.041015625
4956 0.078125
4957 0.0283203125
4958 -0.01171875
4959 -0.0087890625
4960 0.0283203125
4961 -0.0478515625
4962 -0.00390625
4963 0.0048828125
4964 0.0498046875
4965 -0.0390625
4966 -0.068359375
4967 -0.0576171875
4968 -0.0087890625
4969 -0.13671875
4970 -0.1123046875
4971 -0.0888671875
4972 -0.033203125
4973 -0.10546875
4974 -0.0849609375
4975 -0.0673828125
4976 -0.0185546875
4977 -0.08984375
4978 -0.07421875
4979 -0.0576171875
4980 -0.0087890625
4981 -0.1142578125
4982 -0.09765625
4983 -0.0751953125
4984 -0.0205078125
4985 -0.0888671875
4986 -0.072265625
4987 -0.056640625
4988 -0.005859375
4989 -0.083984375
4990 -0.0732421875
4991 -0.0576171875
4992 -0.0048828125
4993 -0.111328125
4994 -0.0908203125
4995 -0.0703125
4996 -0.0146484375
4997 -0.0849609375
4998 -0.0322265625
4999 -0.0126953125
