x y
0 0.0283203125
1 -0.0908203125
2 -0.0693359375
3 -0.0205078125
4 -0.01953125
5 -0.3984375
6 -0.0771484375
7 -0.01171875
8 -0.0322265625
9 -0.1484375
10 -0.0654296875
11 0.0
12 -0.0224609375
13 -0.12890625
14 -0.0087890625
15 0.060546875
16 0.0302734375
17 -0.0791015625
18 -0.0634765625
19 0.0078125
20 -0.0146484375
21 -0.140625
22 -0.0166015625
23 0.0546875
24 0.029296875
25 -0.103515625
26 -0.0625
27 0.005859375
28 -0.01953125
29 -0.1328125
30 -0.048828125
31 0.01953125
32 -0.0087890625
33 -0.1123046875
34 -0.03125
35 0.033203125
36 0.0009765625
37 -0.1142578125
38 0.0029296875
39 0.0693359375
40 0.0380859375
41 -0.0478515625
42 0.060546875
43 0.1201171875
44 0.0791015625
45 0.017578125
46 0.1171875
47 0.169921875
48 0.1181640625
49 0.0234375
50 0.06640625
51 0.11328125
52 0.0625
53 -0.06640625
54 0.041015625
55 0.099609375
56 0.0595703125
57 -0.078125
58 -0.0400390625
59 0.021484375
60 -0.0087890625
61 -0.123046875
62 -0.041015625
63 0.0244140625
64 -0.0078125
65 -0.1220703125
66 -0.0390625
67 0.0234375
68 -0.0078125
69 -0.1494140625
70 -0.0244140625
71 0.0478515625
72 0.021484375
73 -0.03515625
74 0.072265625
75 0.134765625
76 0.0859375
77 -0.0087890625
78 0.0400390625
79 0.0908203125
80 0.041015625
81 -0.0888671875
82 0.0244140625
83 0.08984375
84 0.0478515625
85 -0.0888671875
86 -0.0498046875
87 0.0146484375
88 -0.015625
89 -0.1298828125
90 -0.044921875
91 0.0224609375
92 -0.0107421875
93 -0.1259765625
94 -0.0400390625
95 0.0244140625
96 -0.0087890625
97 -0.15234375
98 -0.0263671875
99 0.046875
100 0.0185546875
101 -0.0390625
102 0.072265625
103 0.134765625
104 0.083984375
105 -0.009765625
106 0.0380859375
107 0.091796875
108 0.0380859375
109 -0.0908203125
110 0.0234375
111 0.0888671875
112 0.048828125
113 -0.091796875
114 -0.05078125
115 0.0166015625
116 -0.015625
117 -0.130859375
118 -0.0458984375
119 0.01953125
120 -0.0126953125
121 -0.1259765625
122 -0.04296875
123 0.0224609375
124 -0.009765625
125 -0.1533203125
126 -0.029296875
127 0.044921875
128 0.0166015625
129 -0.037109375
130 0.0712890625
131 0.1328125
132 0.0849609375
133 -0.0107421875
134 0.0380859375
135 0.087890625
136 0.0400390625
137 -0.0927734375
138 0.0234375
139 0.087890625
140 0.046875
141 -0.091796875
142 -0.052734375
143 0.0126953125
144 -0.017578125
145 -0.1318359375
146 -0.0478515625
147 0.01953125
148 -0.0146484375
149 -0.126953125
150 -0.0439453125
151 0.021484375
152 -0.01171875
153 -0.1533203125
154 -0.0263671875
155 0.0458984375
156 0.017578125
157 -0.0390625
158 0.0712890625
159 0.1318359375
160 0.083984375
161 -0.0107421875
162 0.037109375
163 0.08984375
164 0.0400390625
165 -0.0888671875
166 0.0234375
167 0.087890625
168 0.048828125
169 -0.091796875
170 -0.052734375
171 0.0146484375
172 -0.0166015625
173 -0.130859375
174 -0.048828125
175 0.0185546875
176 -0.013671875
177 -0.1279296875
178 -0.0439453125
179 0.01953125
180 -0.01171875
181 -0.1552734375
182 -0.0263671875
183 0.046875
184 0.017578125
185 -0.0400390625
186 0.0712890625
187 0.134765625
188 0.083984375
189 -0.0107421875
190 0.0361328125
191 0.0908203125
192 0.0380859375
193 -0.091796875
194 0.0224609375
195 0.087890625
196 0.046875
197 -0.0947265625
198 -0.0537109375
199 0.015625
200 -0.017578125
201 -0.1337890625
202 -0.0458984375
203 0.01953125
204 -0.013671875
205 -0.1298828125
206 -0.04296875
207 0.021484375
208 -0.0126953125
209 -0.15625
210 -0.0263671875
211 0.0458984375
212 0.0166015625
213 -0.0400390625
214 0.0712890625
215 0.1318359375
216 0.0830078125
217 -0.009765625
218 0.037109375
219 0.0908203125
220 0.0390625
221 -0.091796875
222 0.021484375
223 0.087890625
224 0.0458984375
225 -0.0927734375
226 -0.0517578125
227 0.013671875
228 -0.017578125
229 -0.1337890625
230 -0.0458984375
231 0.0205078125
232 -0.013671875
233 -0.12890625
234 -0.0439453125
235 0.0224609375
236 -0.0126953125
237 -0.1552734375
238 -0.029296875
239 0.046875
240 0.0146484375
241 -0.0419921875
242 0.0703125
243 0.1328125
244 0.08203125
245 -0.0107421875
246 0.037109375
247 0.0888671875
248 0.037109375
249 -0.09375
250 0.021484375
251 0.0849609375
252 0.044921875
253 -0.09375
254 -0.052734375
255 0.0126953125
256 -0.0185546875
257 -0.1318359375
258 -0.0478515625
259 0.0185546875
260 -0.013671875
261 -0.126953125
262 -0.0439453125
263 0.021484375
264 -0.0126953125
265 -0.1533203125
266 -0.02734375
267 0.046875
268 0.0166015625
269 -0.0400390625
270 0.0712890625
271 0.1337890625
272 0.0830078125
273 -0.0126953125
274 0.0390625
275 0.0908203125
276 0.0400390625
277 -0.091796875
278 0.0244140625
279 0.0888671875
280 0.046875
281 -0.0908203125
282 -0.05078125
283 0.017578125
284 -0.015625
285 -0.1318359375
286 -0.0458984375
287 0.0234375
288 -0.0126953125
289 -0.130859375
290 -0.0419921875
291 0.02734375
292 -0.0126953125
293 -0.1591796875
294 -0.0283203125
295 0.0498046875
296 0.013671875
297 -0.0458984375
298 0.0712890625
299 0.1376953125
300 0.0810546875
301 -0.015625
302 0.0390625
303 0.09375
304 0.0361328125
305 -0.0966796875
306 0.0234375
307 0.0927734375
308 0.0439453125
309 -0.0947265625
310 -0.05078125
311 0.0205078125
312 -0.0185546875
313 -0.134765625
314 -0.044921875
315 0.025390625
316 -0.013671875
317 -0.130859375
318 -0.04296875
319 0.0263671875
320 -0.01171875
321 -0.16015625
322 -0.0263671875
323 0.05078125
324 0.015625
325 -0.046875
326 0.0712890625
327 0.138671875
328 0.0810546875
329 -0.0146484375
330 0.037109375
331 0.0966796875
332 0.0380859375
333 -0.0966796875
334 0.0234375
335 0.09375
336 0.044921875
337 -0.0947265625
338 -0.05078125
339 0.021484375
340 -0.017578125
341 -0.13671875
342 -0.0458984375
343 0.0244140625
344 -0.015625
345 -0.1328125
346 -0.04296875
347 0.0263671875
348 -0.013671875
349 -0.162109375
350 -0.029296875
351 0.048828125
352 0.0126953125
353 -0.044921875
354 0.0693359375
355 0.138671875
356 0.08203125
357 -0.013671875
358 0.037109375
359 0.0947265625
360 0.037109375
361 -0.0966796875
362 0.0224609375
363 0.091796875
364 0.044921875
365 -0.095703125
366 -0.052734375
367 0.0166015625
368 -0.0185546875
369 -0.1376953125
370 -0.0458984375
371 0.0244140625
372 -0.013671875
373 -0.1318359375
374 -0.04296875
375 0.025390625
376 -0.013671875
377 -0.15625
378 -0.0283203125
379 0.0517578125
380 0.0166015625
381 -0.0419921875
382 0.072265625
383 0.13671875
384 0.0830078125
385 -0.0126953125
386 0.0380859375
387 0.0927734375
388 0.0380859375
389 -0.0966796875
390 0.0244140625
391 0.0888671875
392 0.0458984375
393 -0.09375
394 -0.0517578125
395 0.0166015625
396 -0.0185546875
397 -0.1357421875
398 -0.046875
399 0.021484375
400 -0.0146484375
401 -0.12890625
402 -0.0458984375
403 0.0234375
404 -0.013671875
405 -0.1533203125
406 -0.0263671875
407 0.0498046875
408 0.015625
409 -0.0419921875
410 0.072265625
411 0.134765625
412 0.0830078125
413 -0.013671875
414 0.0380859375
415 0.091796875
416 0.0380859375
417 -0.095703125
418 0.021484375
419 0.0888671875
420 0.044921875
421 -0.0927734375
422 -0.052734375
423 0.0166015625
424 -0.0185546875
425 -0.1337890625
426 -0.0458984375
427 0.0224609375
428 -0.013671875
429 -0.12890625
430 -0.0439453125
431 0.0205078125
432 -0.0126953125
433 -0.154296875
434 -0.0283203125
435 0.044921875
436 0.0166015625
437 -0.0419921875
438 0.0693359375
439 0.1328125
440 0.0810546875
441 -0.01171875
442 0.03515625
443 0.0888671875
444 0.0380859375
445 -0.09375
446 0.021484375
447 0.087890625
448 0.044921875
449 -0.0927734375
450 -0.052734375
451 0.015625
452 -0.017578125
453 -0.1337890625
454 -0.048828125
455 0.0205078125
456 -0.013671875
457 -0.130859375
458 -0.04296875
459 0.025390625
460 -0.0126953125
461 -0.1591796875
462 -0.029296875
463 0.046875
464 0.015625
465 -0.041015625
466 0.0693359375
467 0.134765625
468 0.08203125
469 -0.0126953125
470 0.0361328125
471 0.0908203125
472 0.037109375
473 -0.095703125
474 0.021484375
475 0.0869140625
476 0.0458984375
477 -0.09375
478 -0.0537109375
479 0.0146484375
480 -0.017578125
481 -0.1328125
482 -0.046875
483 0.0205078125
484 -0.0126953125
485 -0.1279296875
486 -0.0419921875
487 0.021484375
488 -0.01171875
489 -0.1533203125
490 -0.02734375
491 0.0478515625
492 0.0146484375
493 -0.0390625
494 0.0703125
495 0.1328125
496 0.0830078125
497 -0.0087890625
498 0.037109375
499 0.087890625
500 0.0400390625
501 -0.08984375
502 0.0244140625
503 0.0849609375
504 0.048828125
505 -0.0888671875
506 -0.048828125
507 0.015625
508 -0.013671875
509 -0.1298828125
510 -0.044921875
511 0.01953125
512 -0.01171875
513 -0.125
514 -0.04296875
515 0.021484375
516 -0.01171875
517 -0.15234375
518 -0.029296875
519 0.0458984375
520 0.017578125
521 -0.0380859375
522 0.0712890625
523 0.1318359375
524 0.083984375
525 -0.009765625
526 0.0361328125
527 0.0859375
528 0.0390625
529 -0.087890625
530 0.021484375
531 0.08203125
532 0.0478515625
533 -0.0888671875
534 -0.0517578125
535 0.0107421875
536 -0.0166015625
537 -0.1318359375
538 -0.0498046875
539 0.0166015625
540 -0.013671875
541 -0.1259765625
542 -0.0439453125
543 0.0185546875
544 -0.01171875
545 -0.1533203125
546 -0.0283203125
547 0.0439453125
548 0.017578125
549 -0.0380859375
550 0.0703125
551 0.130859375
552 0.0849609375
553 -0.0107421875
554 0.037109375
555 0.087890625
556 0.0380859375
557 -0.0908203125
558 0.021484375
559 0.0849609375
560 0.0478515625
561 -0.0888671875
562 -0.052734375
563 0.013671875
564 -0.0166015625
565 -0.1298828125
566 -0.0478515625
567 0.0185546875
568 -0.01171875
569 -0.1240234375
570 -0.04296875
571 0.0205078125
572 -0.0107421875
573 -0.1533203125
574 -0.029296875
575 0.041015625
576 0.015625
577 -0.037109375
578 0.0693359375
579 0.130859375
580 0.083984375
581 -0.0107421875
582 0.0361328125
583 0.087890625
584 0.0390625
585 -0.091796875
586 0.0205078125
587 0.0849609375
588 0.046875
589 -0.091796875
590 -0.052734375
591 0.01171875
592 -0.017578125
593 -0.1318359375
594 -0.0478515625
595 0.0185546875
596 -0.0126953125
597 -0.126953125
598 -0.0419921875
599 0.0185546875
600 -0.0107421875
601 -0.1494140625
602 -0.0263671875
603 0.0439453125
604 0.0166015625
605 -0.0361328125
606 0.0712890625
607 0.1279296875
608 0.083984375
609 -0.0078125
610 0.0361328125
611 0.0869140625
612 0.0390625
613 -0.0888671875
614 0.0234375
615 0.08203125
616 0.0478515625
617 -0.0908203125
618 -0.0517578125
619 0.0107421875
620 -0.0166015625
621 -0.1298828125
622 -0.0478515625
623 0.017578125
624 -0.0126953125
625 -0.126953125
626 -0.044921875
627 0.021484375
628 -0.0107421875
629 -0.15234375
630 -0.0283203125
631 0.0439453125
632 0.0166015625
633 -0.0390625
634 0.068359375
635 0.1298828125
636 0.0830078125
637 -0.009765625
638 0.03515625
639 0.0859375
640 0.0380859375
641 -0.091796875
642 0.021484375
643 0.083984375
644 0.0458984375
645 -0.0908203125
646 -0.0537109375
647 0.01171875
648 -0.017578125
649 -0.130859375
650 -0.0478515625
651 0.01953125
652 -0.013671875
653 -0.1279296875
654 -0.0439453125
655 0.0224609375
656 -0.013671875
657 -0.15625
658 -0.02734375
659 0.048828125
660 0.015625
661 -0.0400390625
662 0.0703125
663 0.1337890625
664 0.08203125
665 -0.0107421875
666 0.0380859375
667 0.0908203125
668 0.0380859375
669 -0.091796875
670 0.021484375
671 0.087890625
672 0.044921875
673 -0.091796875
674 -0.0517578125
675 0.0146484375
676 -0.0185546875
677 -0.1318359375
678 -0.0478515625
679 0.01953125
680 -0.0146484375
681 -0.126953125
682 -0.0439453125
683 0.01953125
684 -0.013671875
685 -0.1591796875
686 -0.029296875
687 0.0439453125
688 0.013671875
689 -0.0439453125
690 0.0712890625
691 0.134765625
692 0.08203125
693 -0.013671875
694 0.0361328125
695 0.091796875
696 0.037109375
697 -0.0966796875
698 0.021484375
699 0.08984375
700 0.044921875
701 -0.0927734375
702 -0.052734375
703 0.017578125
704 -0.0185546875
705 -0.1337890625
706 -0.0478515625
707 0.0244140625
708 -0.0146484375
709 -0.130859375
710 -0.0419921875
711 0.0244140625
712 -0.01171875
713 -0.158203125
714 -0.025390625
715 0.048828125
716 0.015625
717 -0.0439453125
718 0.0712890625
719 0.1376953125
720 0.08203125
721 -0.0126953125
722 0.0380859375
723 0.0947265625
724 0.0361328125
725 -0.095703125
726 0.0234375
727 0.0908203125
728 0.0458984375
729 -0.0927734375
730 -0.048828125
731 0.0185546875
732 -0.017578125
733 -0.1357421875
734 -0.044921875
735 0.0234375
736 -0.013671875
737 -0.1328125
738 -0.0419921875
739 0.02734375
740 -0.0126953125
741 -0.16015625
742 -0.0283203125
743 0.05078125
744 0.013671875
745 -0.0439453125
746 0.0703125
747 0.138671875
748 0.0830078125
749 -0.013671875
750 0.0380859375
751 0.0927734375
752 0.037109375
753 -0.0986328125
754 0.0234375
755 0.091796875
756 0.0458984375
757 -0.09375
758 -0.0498046875
759 0.0205078125
760 -0.0185546875
761 -0.1337890625
762 -0.044921875
763 0.025390625
764 -0.0146484375
765 -0.130859375
766 -0.0419921875
767 0.0263671875
768 -0.013671875
769 -0.1591796875
770 -0.02734375
771 0.0517578125
772 0.0146484375
773 -0.044921875
774 0.0712890625
775 0.138671875
776 0.08203125
777 -0.015625
778 0.0361328125
779 0.09375
780 0.0380859375
781 -0.0986328125
782 0.021484375
783 0.0908203125
784 0.044921875
785 -0.09375
786 -0.05078125
787 0.0185546875
788 -0.0185546875
789 -0.1357421875
790 -0.0458984375
791 0.0234375
792 -0.013671875
793 -0.130859375
794 -0.0439453125
795 0.029296875
796 -0.0126953125
797 -0.16015625
798 -0.0283203125
799 0.048828125
800 0.0146484375
801 -0.044921875
802 0.0712890625
803 0.134765625
804 0.08203125
805 -0.013671875
806 0.0380859375
807 0.0908203125
808 0.037109375
809 -0.0966796875
810 0.0224609375
811 0.087890625
812 0.044921875
813 -0.0927734375
814 -0.0517578125
815 0.0146484375
816 -0.0185546875
817 -0.1318359375
818 -0.0478515625
819 0.01953125
820 -0.0126953125
821 -0.12890625
822 -0.04296875
823 0.01953125
824 -0.0107421875
825 -0.15625
826 -0.02734375
827 0.0458984375
828 0.0166015625
829 -0.04296875
830 0.0703125
831 0.134765625
832 0.08203125
833 -0.0146484375
834 0.0380859375
835 0.0927734375
836 0.037109375
837 -0.0966796875
838 0.0224609375
839 0.0908203125
840 0.0458984375
841 -0.0927734375
842 -0.0517578125
843 0.01953125
844 -0.017578125
845 -0.1357421875
846 -0.0458984375
847 0.0224609375
848 -0.013671875
849 -0.1298828125
850 -0.04296875
851 0.025390625
852 -0.01171875
853 -0.1572265625
854 -0.0283203125
855 0.0498046875
856 0.013671875
857 -0.04296875
858 0.0732421875
859 0.13671875
860 0.0830078125
861 -0.0107421875
862 0.0380859375
863 0.0927734375
864 0.0380859375
865 -0.095703125
866 0.0205078125
867 0.0888671875
868 0.044921875
869 -0.0927734375
870 -0.0517578125
871 0.0166015625
872 -0.0166015625
873 -0.1357421875
874 -0.046875
875 0.0205078125
876 -0.0146484375
877 -0.1298828125
878 -0.0439453125
879 0.0234375
880 -0.0126953125
881 -0.158203125
882 -0.02734375
883 0.048828125
884 0.0146484375
885 -0.0419921875
886 0.072265625
887 0.1357421875
888 0.083984375
889 -0.0126953125
890 0.037109375
891 0.09375
892 0.0380859375
893 -0.0966796875
894 0.0234375
895 0.08984375
896 0.044921875
897 -0.09375
898 -0.048828125
899 0.0185546875
900 -0.017578125
901 -0.1357421875
902 -0.0478515625
903 0.0234375
904 -0.013671875
905 -0.1318359375
906 -0.0439453125
907 0.0263671875
908 -0.013671875
909 -0.158203125
910 -0.029296875
911 0.0498046875
912 0.013671875
913 -0.044921875
914 0.0712890625
915 0.13671875
916 0.08203125
917 -0.013671875
918 0.037109375
919 0.091796875
920 0.0390625
921 -0.099609375
922 0.0205078125
923 0.0888671875
924 0.0439453125
925 -0.0966796875
926 -0.0546875
927 0.0166015625
928 -0.01953125
929 -0.1357421875
930 -0.0478515625
931 0.025390625
932 -0.013671875
933 -0.1298828125
934 -0.04296875
935 0.0263671875
936 -0.0107421875
937 -0.1572265625
938 -0.0263671875
939 0.0517578125
940 0.015625
941 -0.0419921875
942 0.0732421875
943 0.134765625
944 0.0849609375
945 -0.01171875
946 0.0380859375
947 0.08984375
948 0.0390625
949 -0.08984375
950 0.0224609375
951 0.0869140625
952 0.046875
953 -0.08984375
954 -0.0517578125
955 0.0166015625
956 -0.0166015625
957 -0.130859375
958 -0.0458984375
959 0.0185546875
960 -0.01171875
961 -0.126953125
962 -0.04296875
963 0.021484375
964 -0.0107421875
965 -0.15625
966 -0.029296875
967 0.044921875
968 0.015625
969 -0.0419921875
970 0.0703125
971 0.1337890625
972 0.0830078125
973 -0.01171875
974 0.0361328125
975 0.0888671875
976 0.0380859375
977 -0.0927734375
978 0.0224609375
979 0.0869140625
980 0.046875
981 -0.0927734375
982 -0.052734375
983 0.01171875
984 -0.0166015625
985 -0.130859375
986 -0.046875
987 0.0166015625
988 -0.0107421875
989 -0.1259765625
990 -0.0439453125
991 0.0185546875
992 -0.0107421875
993 -0.1513671875
994 -0.0283203125
995 0.0419921875
996 0.017578125
997 -0.037109375
998 0.0703125
999 0.12890625
1000 0.083984375
1001 -0.0087890625
1002 0.037109375
1003 0.0869140625
1004 0.0390625
1005 -0.0908203125
1006 0.0224609375
1007 0.0849609375
1008 0.046875
1009 -0.091796875
1010 -0.052734375
1011 0.01171875
1012 -0.0146484375
1013 -0.1318359375
1014 -0.0478515625
1015 0.0185546875
1016 -0.013671875
1017 -0.1279296875
1018 -0.0458984375
1019 0.01953125
1020 -0.01171875
1021 -0.1552734375
1022 -0.0302734375
1023 0.0439453125
1024 0.013671875
1025 -0.0400390625
1026 0.0712890625
1027 0.1318359375
1028 0.083984375
1029 -0.0087890625
1030 0.037109375
1031 0.087890625
1032 0.0390625
1033 -0.091796875
1034 0.0224609375
1035 0.083984375
1036 0.0458984375
1037 -0.0927734375
1038 -0.0556640625
1039 0.0087890625
1040 -0.017578125
1041 -0.1328125
1042 -0.048828125
1043 0.017578125
1044 -0.0126953125
1045 -0.1259765625
1046 -0.0439453125
1047 0.0205078125
1048 -0.01171875
1049 -0.1513671875
1050 -0.02734375
1051 0.044921875
1052 0.017578125
1053 -0.037109375
1054 0.0732421875
1055 0.1337890625
1056 0.0849609375
1057 -0.0078125
1058 0.0390625
1059 0.0888671875
1060 0.0390625
1061 -0.08984375
1062 0.0224609375
1063 0.0869140625
1064 0.046875
1065 -0.091796875
1066 -0.0537109375
1067 0.0126953125
1068 -0.017578125
1069 -0.1318359375
1070 -0.048828125
1071 0.017578125
1072 -0.0126953125
1073 -0.12890625
1074 -0.0439453125
1075 0.0205078125
1076 -0.01171875
1077 -0.154296875
1078 -0.0283203125
1079 0.0439453125
1080 0.015625
1081 -0.037109375
1082 0.0693359375
1083 0.1337890625
1084 0.0830078125
1085 -0.0107421875
1086 0.037109375
1087 0.08984375
1088 0.0380859375
1089 -0.0908203125
1090 0.0205078125
1091 0.0869140625
1092 0.0458984375
1093 -0.09375
1094 -0.0537109375
1095 0.009765625
1096 -0.017578125
1097 -0.1328125
1098 -0.0478515625
1099 0.01953125
1100 -0.01171875
1101 -0.126953125
1102 -0.0419921875
1103 0.0185546875
1104 -0.009765625
1105 -0.1552734375
1106 -0.029296875
1107 0.044921875
1108 0.015625
1109 -0.0400390625
1110 0.0693359375
1111 0.1328125
1112 0.0830078125
1113 -0.0107421875
1114 0.0361328125
1115 0.087890625
1116 0.0380859375
1117 -0.091796875
1118 0.0205078125
1119 0.0830078125
1120 0.046875
1121 -0.09375
1122 -0.052734375
1123 0.0107421875
1124 -0.017578125
1125 -0.1298828125
1126 -0.0458984375
1127 0.017578125
1128 -0.01171875
1129 -0.1259765625
1130 -0.044921875
1131 0.0205078125
1132 -0.01171875
1133 -0.15625
1134 -0.029296875
1135 0.0419921875
1136 0.0146484375
1137 -0.0380859375
1138 0.0693359375
1139 0.130859375
1140 0.083984375
1141 -0.009765625
1142 0.037109375
1143 0.0859375
1144 0.0390625
1145 -0.0927734375
1146 0.0224609375
1147 0.0859375
1148 0.046875
1149 -0.0927734375
1150 -0.0537109375
1151 0.0126953125
1152 -0.017578125
1153 -0.130859375
1154 -0.048828125
1155 0.0185546875
1156 -0.013671875
1157 -0.1240234375
1158 -0.04296875
1159 0.0205078125
1160 -0.0107421875
1161 -0.1552734375
1162 -0.0283203125
1163 0.0458984375
1164 0.0146484375
1165 -0.0400390625
1166 0.0703125
1167 0.1328125
1168 0.0859375
1169 -0.009765625
1170 0.0390625
1171 0.08984375
1172 0.0380859375
1173 -0.0888671875
1174 0.0234375
1175 0.0869140625
1176 0.046875
1177 -0.0888671875
1178 -0.052734375
1179 0.015625
1180 -0.0166015625
1181 -0.1279296875
1182 -0.0478515625
1183 0.0185546875
1184 -0.01171875
1185 -0.1259765625
1186 -0.0439453125
1187 0.01953125
1188 -0.009765625
1189 -0.154296875
1190 -0.0283203125
1191 0.0419921875
1192 0.017578125
1193 -0.0380859375
1194 0.0703125
1195 0.1328125
1196 0.083984375
1197 -0.009765625
1198 0.037109375
1199 0.087890625
1200 0.0380859375
1201 -0.091796875
1202 0.021484375
1203 0.0869140625
1204 0.046875
1205 -0.0927734375
1206 -0.052734375
1207 0.0146484375
1208 -0.017578125
1209 -0.1337890625
1210 -0.0478515625
1211 0.0205078125
1212 -0.013671875
1213 -0.1298828125
1214 -0.0439453125
1215 0.0205078125
1216 -0.0107421875
1217 -0.1552734375
1218 -0.02734375
1219 0.046875
1220 0.0146484375
1221 -0.041015625
1222 0.0693359375
1223 0.1337890625
1224 0.083984375
1225 -0.0107421875
1226 0.0361328125
1227 0.091796875
1228 0.0380859375
1229 -0.09375
1230 0.0205078125
1231 0.0888671875
1232 0.0458984375
1233 -0.09375
1234 -0.0517578125
1235 0.0166015625
1236 -0.0166015625
1237 -0.1337890625
1238 -0.0458984375
1239 0.021484375
1240 -0.01171875
1241 -0.1298828125
1242 -0.04296875
1243 0.0234375
1244 -0.01171875
1245 -0.1572265625
1246 -0.0302734375
1247 0.0458984375
1248 0.0146484375
1249 -0.0400390625
1250 0.0703125
1251 0.1337890625
1252 0.083984375
1253 -0.01171875
1254 0.037109375
1255 0.0908203125
1256 0.037109375
1257 -0.0947265625
1258 0.021484375
1259 0.0869140625
1260 0.044921875
1261 -0.0966796875
1262 -0.0537109375
1263 0.0146484375
1264 -0.0185546875
1265 -0.1357421875
1266 -0.046875
1267 0.0224609375
1268 -0.0146484375
1269 -0.12890625
1270 -0.0439453125
1271 0.0244140625
1272 -0.0107421875
1273 -0.1552734375
1274 -0.0283203125
1275 0.0498046875
1276 0.0166015625
1277 -0.0419921875
1278 0.072265625
1279 0.134765625
1280 0.0830078125
1281 -0.01171875
1282 0.0400390625
1283 0.0908203125
1284 0.0380859375
1285 -0.0927734375
1286 0.0224609375
1287 0.0869140625
1288 0.046875
1289 -0.0927734375
1290 -0.052734375
1291 0.0166015625
1292 -0.017578125
1293 -0.1337890625
1294 -0.046875
1295 0.0234375
1296 -0.013671875
1297 -0.130859375
1298 -0.04296875
1299 0.02734375
1300 -0.0126953125
1301 -0.1591796875
1302 -0.0263671875
1303 0.048828125
1304 0.0126953125
1305 -0.0458984375
1306 0.072265625
1307 0.1376953125
1308 0.083984375
1309 -0.0146484375
1310 0.0380859375
1311 0.09375
1312 0.0380859375
1313 -0.09765625
1314 0.021484375
1315 0.0888671875
1316 0.0439453125
1317 -0.09375
1318 -0.052734375
1319 0.017578125
1320 -0.01953125
1321 -0.1357421875
1322 -0.046875
1323 0.0244140625
1324 -0.0126953125
1325 -0.130859375
1326 -0.0419921875
1327 0.0224609375
1328 -0.0126953125
1329 -0.1591796875
1330 -0.02734375
1331 0.0478515625
1332 0.0166015625
1333 -0.04296875
1334 0.072265625
1335 0.1376953125
1336 0.083984375
1337 -0.0126953125
1338 0.0380859375
1339 0.0947265625
1340 0.0380859375
1341 -0.0966796875
1342 0.0224609375
1343 0.091796875
1344 0.044921875
1345 -0.09375
1346 -0.0517578125
1347 0.017578125
1348 -0.0185546875
1349 -0.1376953125
1350 -0.046875
1351 0.0234375
1352 -0.013671875
1353 -0.1328125
1354 -0.04296875
1355 0.025390625
1356 -0.013671875
1357 -0.1630859375
1358 -0.0302734375
1359 0.048828125
1360 0.01171875
1361 -0.0439453125
1362 0.0703125
1363 0.13671875
1364 0.08203125
1365 -0.0126953125
1366 0.0361328125
1367 0.0947265625
1368 0.0380859375
1369 -0.09765625
1370 0.021484375
1371 0.0908203125
1372 0.044921875
1373 -0.095703125
1374 -0.052734375
1375 0.015625
1376 -0.0185546875
1377 -0.134765625
1378 -0.044921875
1379 0.025390625
1380 -0.0126953125
1381 -0.1298828125
1382 -0.04296875
1383 0.025390625
1384 -0.01171875
1385 -0.1552734375
1386 -0.0263671875
1387 0.0517578125
1388 0.0166015625
1389 -0.041015625
1390 0.0732421875
1391 0.13671875
1392 0.083984375
1393 -0.0107421875
1394 0.0400390625
1395 0.091796875
1396 0.0400390625
1397 -0.0927734375
1398 0.0234375
1399 0.0888671875
1400 0.048828125
1401 -0.091796875
1402 -0.048828125
1403 0.0166015625
1404 -0.0185546875
1405 -0.1337890625
1406 -0.044921875
1407 0.0224609375
1408 -0.0126953125
1409 -0.1279296875
1410 -0.04296875
1411 0.0234375
1412 -0.0107421875
1413 -0.1552734375
1414 -0.0283203125
1415 0.0458984375
1416 0.0166015625
1417 -0.0419921875
1418 0.072265625
1419 0.1357421875
1420 0.083984375
1421 -0.01171875
1422 0.0390625
1423 0.0908203125
1424 0.0380859375
1425 -0.09375
1426 0.0234375
1427 0.0888671875
1428 0.0458984375
1429 -0.091796875
1430 -0.0517578125
1431 0.0166015625
1432 -0.017578125
1433 -0.1318359375
1434 -0.0458984375
1435 0.0224609375
1436 -0.013671875
1437 -0.1259765625
1438 -0.0400390625
1439 0.0234375
1440 -0.0087890625
1441 -0.1298828125
1442 -0.005859375
1443 0.0625
1444 0.0302734375
1445 -0.0810546875
1446 -0.0302734375
1447 0.03125
1448 -0.005859375
1449 -0.1220703125
1450 -0.04296875
1451 0.0263671875
1452 -0.009765625
1453 -0.1298828125
1454 -0.0458984375
1455 0.021484375
1456 -0.0146484375
1457 -0.1787109375
1458 -0.0869140625
1459 -0.015625
1460 -0.0390625
1461 -0.197265625
1462 -0.0634765625
1463 0.017578125
1464 -0.0029296875
1465 -0.0771484375
1466 0.0419921875
1467 0.1083984375
1468 0.0654296875
1469 0.0029296875
1470 0.107421875
1471 0.166015625
1472 0.1103515625
1473 0.013671875
1474 0.056640625
1475 0.1064453125
1476 0.052734375
1477 -0.068359375
1478 0.0458984375
1479 0.107421875
1480 0.060546875
1481 -0.021484375
1482 0.0869140625
1483 0.1494140625
1484 0.0908203125
1485 -0.01171875
1486 0.0322265625
1487 0.08984375
1488 0.03515625
1489 -0.0751953125
1490 0.0400390625
1491 0.103515625
1492 0.056640625
1493 -0.0146484375
1494 0.095703125
1495 0.1533203125
1496 0.09375
1497 -0.009765625
1498 0.03125
1499 0.0888671875
1500 0.03515625
1501 -0.064453125
1502 0.017578125
1503 0.072265625
1504 0.021484375
1505 -0.140625
1506 -0.01953125
1507 0.052734375
1508 0.0166015625
1509 -0.1025390625
1510 0.0146484375
1511 0.0810546875
1512 0.0400390625
1513 -0.1044921875
1514 -0.0615234375
1515 0.0087890625
1516 -0.0244140625
1517 -0.1455078125
1518 -0.017578125
1519 0.0537109375
1520 0.017578125
1521 -0.052734375
1522 0.060546875
1523 0.123046875
1524 0.072265625
1525 -0.0537109375
1526 -0.015625
1527 0.044921875
1528 0.0048828125
1529 -0.1044921875
1530 0.01171875
1531 0.0810546875
1532 0.0380859375
1533 -0.064453125
1534 -0.0146484375
1535 0.0439453125
1536 0.001953125
1537 -0.091796875
1538 0.0263671875
1539 0.09375
1540 0.0478515625
1541 -0.005859375
1542 0.099609375
1543 0.1611328125
1544 0.1015625
1545 -0.02734375
1546 0.0751953125
1547 0.1337890625
1548 0.0771484375
1549 -0.0888671875
1550 -0.0478515625
1551 0.0166015625
1552 -0.0224609375
1553 -0.134765625
1554 -0.046875
1555 0.0185546875
1556 -0.0205078125
1557 -0.1923828125
1558 -0.1123046875
1559 -0.03515625
1560 -0.060546875
1561 -0.1826171875
1562 -0.046875
1563 0.0302734375
1564 -0.0009765625
1565 -0.09765625
1566 -0.048828125
1567 0.021484375
1568 -0.0166015625
1569 -0.1201171875
1570 0.0029296875
1571 0.0732421875
1572 0.0322265625
1573 -0.03515625
1574 0.0751953125
1575 0.1357421875
1576 0.0810546875
1577 -0.013671875
1578 0.0302734375
1579 0.0869140625
1580 0.0322265625
1581 -0.06640625
1582 0.0166015625
1583 0.0712890625
1584 0.0205078125
1585 -0.1416015625
1586 -0.0205078125
1587 0.0498046875
1588 0.015625
1589 -0.103515625
1590 0.013671875
1591 0.080078125
1592 0.0380859375
1593 -0.1064453125
1594 -0.0634765625
1595 0.0068359375
1596 -0.02734375
1597 -0.1474609375
1598 -0.0205078125
1599 0.0517578125
1600 0.017578125
1601 -0.068359375
1602 0.0439453125
1603 0.1103515625
1604 0.060546875
1605 -0.0625
1606 -0.0244140625
1607 0.0400390625
1608 0.0009765625
1609 -0.1123046875
1610 0.0078125
1611 0.080078125
1612 0.03515625
1613 -0.0654296875
1614 -0.0166015625
1615 0.044921875
1616 0.0
1617 -0.125
1618 -0.001953125
1619 0.068359375
1620 0.0263671875
1621 -0.0986328125
1622 -0.0537109375
1623 0.009765625
1624 -0.0234375
1625 -0.1337890625
1626 -0.044921875
1627 0.0205078125
1628 -0.0166015625
1629 -0.1884765625
1630 -0.1083984375
1631 -0.0322265625
1632 -0.056640625
1633 -0.173828125
1634 -0.04296875
1635 0.0341796875
1636 0.0029296875
1637 -0.0927734375
1638 -0.044921875
1639 0.0234375
1640 -0.01171875
1641 -0.1142578125
1642 0.0048828125
1643 0.0751953125
1644 0.03515625
1645 -0.0302734375
1646 0.0791015625
1647 0.138671875
1648 0.0869140625
1649 -0.009765625
1650 0.0322265625
1651 0.0849609375
1652 0.0380859375
1653 -0.0556640625
1654 0.0205078125
1655 0.072265625
1656 0.02734375
1657 -0.0556640625
1658 0.05078125
1659 0.1123046875
1660 0.0673828125
1661 0.0146484375
1662 0.111328125
1663 0.166015625
1664 0.1103515625
1665 0.005859375
1666 0.1015625
1667 0.1513671875
1668 0.099609375
1669 -0.017578125
1670 0.076171875
1671 0.12890625
1672 0.0830078125
1673 -0.0595703125
1674 -0.0234375
1675 0.0322265625
1676 -0.0029296875
1677 -0.1220703125
1678 -0.0068359375
1679 0.05859375
1680 0.025390625
1681 -0.046875
1682 0.0576171875
1683 0.1162109375
1684 0.0703125
1685 -0.0546875
1686 -0.021484375
1687 0.0361328125
1688 0.0009765625
1689 -0.1083984375
1690 0.00390625
1691 0.0673828125
1692 0.03125
1693 -0.0712890625
1694 -0.025390625
1695 0.0283203125
1696 -0.005859375
1697 -0.0966796875
1698 0.015625
1699 0.0791015625
1700 0.0400390625
1701 -0.005859375
1702 0.09375
1703 0.1513671875
1704 0.095703125
1705 0.0419921875
1706 0.1357421875
1707 0.1884765625
1708 0.1259765625
1709 0.0634765625
1710 0.154296875
1711 0.203125
1712 0.13671875
1713 0.0205078125
1714 0.109375
1715 0.158203125
1716 0.1005859375
1717 -0.0654296875
1718 -0.03125
1719 0.0224609375
1720 -0.015625
1721 -0.126953125
1722 -0.0478515625
1723 0.009765625
1724 -0.025390625
1725 -0.197265625
1726 -0.1259765625
1727 -0.0537109375
1728 -0.072265625
1729 -0.1875
1730 -0.0615234375
1731 0.0126953125
1732 -0.0126953125
1733 -0.1103515625
1734 -0.064453125
1735 -0.0009765625
1736 -0.029296875
1737 -0.142578125
1738 -0.0244140625
1739 0.0419921875
1740 0.01171875
1741 -0.064453125
1742 0.0419921875
1743 0.1005859375
1744 0.0576171875
1745 -0.04296875
1746 -0.00390625
1747 0.0498046875
1748 0.0068359375
1749 -0.0849609375
1750 -0.0068359375
1751 0.0478515625
1752 0.0029296875
1753 -0.0869140625
1754 0.0224609375
1755 0.0859375
1756 0.04296875
1757 -0.017578125
1758 0.0849609375
1759 0.1416015625
1760 0.0869140625
1761 0.025390625
1762 0.1220703125
1763 0.1748046875
1764 0.1123046875
1765 0.05078125
1766 0.142578125
1767 0.1923828125
1768 0.1259765625
1769 0.0185546875
1770 0.109375
1771 0.158203125
1772 0.0966796875
1773 -0.025390625
1774 0.0673828125
1775 0.1201171875
1776 0.0654296875
1777 -0.0771484375
1778 -0.0400390625
1779 0.017578125
1780 -0.0234375
1781 -0.146484375
1782 -0.0263671875
1783 0.0400390625
1784 0.00390625
1785 -0.072265625
1786 0.0380859375
1787 0.0986328125
1788 0.046875
1789 -0.0791015625
1790 -0.0400390625
1791 0.0185546875
1792 -0.021484375
1793 -0.1318359375
1794 -0.0166015625
1795 0.0517578125
1796 0.0107421875
1797 -0.091796875
1798 -0.046875
1799 0.0126953125
1800 -0.025390625
1801 -0.119140625
1802 -0.00390625
1803 0.0625
1804 0.01953125
1805 -0.029296875
1806 0.076171875
1807 0.1328125
1808 0.0771484375
1809 0.01171875
1810 0.1103515625
1811 0.166015625
1812 0.1015625
1813 0.037109375
1814 0.1337890625
1815 0.1865234375
1816 0.1162109375
1817 -0.0029296875
1818 0.08984375
1819 0.14453125
1820 0.0791015625
1821 -0.0849609375
1822 -0.048828125
1823 0.009765625
1824 -0.0341796875
1825 -0.146484375
1826 -0.0634765625
1827 -0.0029296875
1828 -0.0419921875
1829 -0.216796875
1830 -0.140625
1831 -0.064453125
1832 -0.087890625
1833 -0.2109375
1834 -0.0771484375
1835 0.001953125
1836 -0.029296875
1837 -0.12890625
1838 -0.0791015625
1839 -0.009765625
1840 -0.044921875
1841 -0.189453125
1842 -0.0625
1843 0.0146484375
1844 -0.0185546875
1845 -0.111328125
1846 0.0048828125
1847 0.072265625
1848 0.0263671875
1849 -0.0732421875
1850 -0.0302734375
1851 0.0302734375
1852 -0.013671875
1853 -0.1064453125
1854 -0.0234375
1855 0.0322265625
1856 -0.01171875
1857 -0.1103515625
1858 0.005859375
1859 0.072265625
1860 0.0283203125
1861 -0.03515625
1862 0.0712890625
1863 0.1318359375
1864 0.07421875
1865 0.0048828125
1866 0.10546875
1867 0.162109375
1868 0.0966796875
1869 0.0322265625
1870 0.1298828125
1871 0.1845703125
1872 0.115234375
1873 0.0029296875
1874 0.1025390625
1875 0.1552734375
1876 0.0888671875
1877 -0.03515625
1878 0.0654296875
1879 0.1220703125
1880 0.0615234375
1881 -0.080078125
1882 -0.0390625
1883 0.0205078125
1884 -0.0263671875
1885 -0.1513671875
1886 -0.029296875
1887 0.0400390625
1888 -0.001953125
1889 -0.080078125
1890 0.03125
1891 0.09375
1892 0.041015625
1893 -0.08984375
1894 -0.05078125
1895 0.013671875
1896 -0.03125
1897 -0.14453125
1898 -0.021484375
1899 0.046875
1900 0.00390625
1901 -0.1025390625
1902 -0.0517578125
1903 0.0107421875
1904 -0.0361328125
1905 -0.1318359375
1906 -0.0107421875
1907 0.0595703125
1908 0.0107421875
1909 -0.0390625
1910 0.0693359375
1911 0.1328125
1912 0.0693359375
1913 0.005859375
1914 0.1083984375
1915 0.1689453125
1916 0.09765625
1917 0.0322265625
1918 0.1298828125
1919 0.1865234375
1920 0.1123046875
1921 -0.01171875
1922 0.0859375
1923 0.1396484375
1924 0.0732421875
1925 -0.0927734375
1926 -0.0517578125
1927 0.0078125
1928 -0.0380859375
1929 -0.15625
1930 -0.068359375
1931 -0.0029296875
1932 -0.048828125
1933 -0.2216796875
1934 -0.1455078125
1935 -0.0654296875
1936 -0.09375
1937 -0.21484375
1938 -0.080078125
1939 0.0
1940 -0.033203125
1941 -0.1337890625
1942 -0.08203125
1943 -0.013671875
1944 -0.05078125
1945 -0.162109375
1946 -0.037109375
1947 0.037109375
1948 -0.0048828125
1949 -0.0830078125
1950 0.0341796875
1951 0.0966796875
1952 0.0419921875
1953 -0.0546875
1954 -0.01171875
1955 0.0478515625
1956 -0.005859375
1957 -0.1005859375
1958 -0.017578125
1959 0.041015625
1960 -0.0107421875
1961 -0.1103515625
1962 0.0068359375
1963 0.076171875
1964 0.0224609375
1965 -0.0419921875
1966 0.0654296875
1967 0.126953125
1968 0.0673828125
1969 -0.0078125
1970 0.0947265625
1971 0.1533203125
1972 0.087890625
1973 0.021484375
1974 0.12109375
1975 0.1767578125
1976 0.10546875
1977 -0.0029296875
1978 0.09375
1979 0.1484375
1980 0.0810546875
1981 -0.0390625
1982 0.05859375
1983 0.11328125
1984 0.052734375
1985 -0.08984375
1986 -0.0517578125
1987 0.0107421875
1988 -0.03515625
1989 -0.1630859375
1990 -0.037109375
1991 0.0302734375
1992 -0.0107421875
1993 -0.1005859375
1994 0.0146484375
1995 0.080078125
1996 0.0283203125
1997 -0.09765625
1998 -0.0576171875
1999 0.0048828125
2000 -0.037109375
2001 -0.1494140625
2002 -0.0283203125
2003 0.041015625
2004 -0.0029296875
2005 -0.1044921875
2006 -0.0537109375
2007 0.0087890625
2008 -0.0361328125
2009 -0.1806640625
2010 -0.052734375
2011 0.01953125
2012 -0.017578125
2013 -0.146484375
2014 -0.09765625
2015 -0.029296875
2016 -0.0615234375
2017 -0.1728515625
2018 -0.08203125
2019 -0.017578125
2020 -0.05078125
2021 -0.2255859375
2022 -0.1455078125
2023 -0.06640625
2024 -0.0888671875
2025 -0.2119140625
2026 -0.078125
2027 0.001953125
2028 -0.029296875
2029 -0.1259765625
2030 -0.0771484375
2031 -0.005859375
2032 -0.0439453125
2033 -0.197265625
2034 -0.06640625
2035 0.009765625
2036 -0.0205078125
2037 -0.1201171875
2038 -0.001953125
2039 0.0654296875
2040 0.0244140625
2041 -0.0751953125
2042 -0.0322265625
2043 0.0302734375
2044 -0.0126953125
2045 -0.1044921875
2046 -0.0224609375
2047 0.037109375
2048 -0.0107421875
2049 -0.10546875
2050 0.009765625
2051 0.0771484375
2052 0.03125
2053 -0.0361328125
2054 0.068359375
2055 0.1279296875
2056 0.072265625
2057 0.00390625
2058 0.103515625
2059 0.16015625
2060 0.0986328125
2061 0.0341796875
2062 0.12890625
2063 0.1806640625
2064 0.1171875
2065 0.01171875
2066 0.1015625
2067 0.1494140625
2068 0.08984375
2069 -0.0283203125
2070 0.0654296875
2071 0.1162109375
2072 0.0615234375
2073 -0.07421875
2074 -0.0390625
2075 0.0166015625
2076 -0.0224609375
2077 -0.142578125
2078 -0.0263671875
2079 0.0361328125
2080 0.0009765625
2081 -0.072265625
2082 0.0341796875
2083 0.0927734375
2084 0.044921875
2085 -0.080078125
2086 -0.044921875
2087 0.01171875
2088 -0.0244140625
2089 -0.1337890625
2090 -0.01953125
2091 0.0458984375
2092 0.0068359375
2093 -0.095703125
2094 -0.0517578125
2095 0.0048828125
2096 -0.0322265625
2097 -0.123046875
2098 -0.0107421875
2099 0.0517578125
2100 0.0146484375
2101 -0.0283203125
2102 0.0693359375
2103 0.123046875
2104 0.07421875
2105 0.0107421875
2106 0.1044921875
2107 0.1533203125
2108 0.0966796875
2109 0.0390625
2110 0.126953125
2111 0.173828125
2112 0.1123046875
2113 -0.0029296875
2114 0.0830078125
2115 0.130859375
2116 0.076171875
2117 -0.0888671875
2118 -0.0556640625
2119 -0.001953125
2120 -0.037109375
2121 -0.146484375
2122 -0.068359375
2123 -0.01171875
2124 -0.044921875
2125 -0.21875
2126 -0.1435546875
2127 -0.0712890625
2128 -0.0908203125
2129 -0.205078125
2130 -0.0791015625
2131 -0.0078125
2132 -0.0322265625
2133 -0.126953125
2134 -0.08203125
2135 -0.017578125
2136 -0.046875
2137 -0.1552734375
2138 -0.0390625
2139 0.02734375
2140 -0.0029296875
2141 -0.0751953125
2142 0.029296875
2143 0.0859375
2144 0.0419921875
2145 -0.05078125
2146 -0.013671875
2147 0.0380859375
2148 -0.0029296875
2149 -0.0927734375
2150 -0.0185546875
2151 0.03125
2152 -0.0087890625
2153 -0.09765625
2154 0.0087890625
2155 0.0693359375
2156 0.03125
2157 -0.0322265625
2158 0.0673828125
2159 0.123046875
2160 0.0703125
2161 0.0048828125
2162 0.0986328125
2163 0.15234375
2164 0.0927734375
2165 0.0322265625
2166 0.1220703125
2167 0.1728515625
2168 0.109375
2169 0.00390625
2170 0.09375
2171 0.1435546875
2172 0.08203125
2173 -0.037109375
2174 0.056640625
2175 0.1083984375
2176 0.0556640625
2177 -0.0888671875
2178 -0.05078125
2179 0.0048828125
2180 -0.033203125
2181 -0.154296875
2182 -0.0390625
2183 0.0263671875
2184 -0.0078125
2185 -0.0947265625
2186 0.0126953125
2187 0.0751953125
2188 0.0283203125
2189 -0.0908203125
2190 -0.0556640625
2191 0.0029296875
2192 -0.033203125
2193 -0.1416015625
2194 -0.02734375
2195 0.0380859375
2196 0.0009765625
2197 -0.099609375
2198 -0.05078125
2199 0.0048828125
2200 -0.033203125
2201 -0.173828125
2202 -0.052734375
2203 0.0166015625
2204 -0.015625
2205 -0.142578125
2206 -0.09765625
2207 -0.03125
2208 -0.0634765625
2209 -0.1689453125
2210 -0.083984375
2211 -0.0185546875
2212 -0.05078125
2213 -0.22265625
2214 -0.14453125
2215 -0.0693359375
2216 -0.087890625
2217 -0.2080078125
2218 -0.0771484375
2219 -0.0029296875
2220 -0.02734375
2221 -0.125
2222 -0.0771484375
2223 -0.0126953125
2224 -0.04296875
2225 -0.1953125
2226 -0.0654296875
2227 0.005859375
2228 -0.0205078125
2229 -0.1162109375
2230 -0.00390625
2231 0.060546875
2232 0.0234375
2233 -0.0732421875
2234 -0.033203125
2235 0.0263671875
2236 -0.0126953125
2237 -0.1025390625
2238 -0.0234375
2239 0.033203125
2240 -0.0107421875
2241 -0.103515625
2242 0.0078125
2243 0.072265625
2244 0.03125
2245 -0.0361328125
2246 0.06640625
2247 0.1240234375
2248 0.0732421875
2249 0.005859375
2250 0.1015625
2251 0.1572265625
2252 0.09765625
2253 0.0361328125
2254 0.12890625
2255 0.1826171875
2256 0.115234375
2257 0.0107421875
2258 0.1025390625
2259 0.154296875
2260 0.08984375
2261 -0.025390625
2262 0.0693359375
2263 0.12109375
2264 0.064453125
2265 -0.0703125
2266 -0.0341796875
2267 0.021484375
2268 -0.0205078125
2269 -0.1416015625
2270 -0.025390625
2271 0.0390625
2272 0.001953125
2273 -0.072265625
2274 0.0341796875
2275 0.09375
2276 0.0439453125
2277 -0.0830078125
2278 -0.0478515625
2279 0.01171875
2280 -0.02734375
2281 -0.1328125
2282 -0.01953125
2283 0.046875
2284 0.0068359375
2285 -0.09765625
2286 -0.05078125
2287 0.0078125
2288 -0.0322265625
2289 -0.126953125
2290 -0.009765625
2291 0.0576171875
2292 0.0146484375
2293 -0.03515625
2294 0.072265625
2295 0.1328125
2296 0.0732421875
2297 0.00390625
2298 0.1044921875
2299 0.1640625
2300 0.09375
2301 0.0322265625
2302 0.12890625
2303 0.1845703125
2304 0.1103515625
2305 -0.009765625
2306 0.0849609375
2307 0.1396484375
2308 0.07421875
2309 -0.0927734375
2310 -0.052734375
2311 0.0048828125
2312 -0.0400390625
2313 -0.1552734375
2314 -0.068359375
2315 -0.005859375
2316 -0.046875
2317 -0.21875
2318 -0.1416015625
2319 -0.0673828125
2320 -0.0927734375
2321 -0.2119140625
2322 -0.0791015625
2323 -0.001953125
2324 -0.0322265625
2325 -0.130859375
2326 -0.0830078125
2327 -0.0107421875
2328 -0.048828125
2329 -0.1611328125
2330 -0.0380859375
2331 0.0341796875
2332 -0.005859375
2333 -0.0830078125
2334 0.0302734375
2335 0.0927734375
2336 0.041015625
2337 -0.0556640625
2338 -0.0126953125
2339 0.0458984375
2340 -0.0048828125
2341 -0.1005859375
2342 -0.0166015625
2343 0.0419921875
2344 -0.01171875
2345 -0.107421875
2346 0.009765625
2347 0.0791015625
2348 0.0263671875
2349 -0.0380859375
2350 0.0693359375
2351 0.1318359375
2352 0.0673828125
2353 -0.0029296875
2354 0.1015625
2355 0.1591796875
2356 0.091796875
2357 0.025390625
2358 0.1240234375
2359 0.181640625
2360 0.1083984375
2361 -0.0029296875
2362 0.0947265625
2363 0.1484375
2364 0.08203125
2365 -0.041015625
2366 0.0595703125
2367 0.1142578125
2368 0.0537109375
2369 -0.0859375
2370 -0.046875
2371 0.0146484375
2372 -0.0361328125
2373 -0.158203125
2374 -0.0361328125
2375 0.037109375
2376 -0.0087890625
2377 -0.0869140625
2378 0.0263671875
2379 0.091796875
2380 0.0361328125
2381 -0.0859375
2382 -0.044921875
2383 0.015625
2384 -0.029296875
2385 -0.154296875
2386 -0.033203125
2387 0.037109375
2388 -0.0048828125
2389 -0.111328125
2390 -0.0625
2391 0.001953125
2392 -0.0419921875
2393 -0.15625
2394 -0.033203125
2395 0.0400390625
2396 -0.00390625
2397 -0.05078125
2398 0.0556640625
2399 0.1201171875
2400 0.060546875
2401 -0.0029296875
2402 0.1005859375
2403 0.1591796875
2404 0.091796875
2405 0.025390625
2406 0.1240234375
2407 0.177734375
2408 0.1064453125
2409 -0.0185546875
2410 0.080078125
2411 0.1318359375
2412 0.068359375
2413 -0.0966796875
2414 -0.0595703125
2415 0.0009765625
2416 -0.04296875
2417 -0.1591796875
2418 -0.0771484375
2419 -0.01171875
2420 -0.0517578125
2421 -0.2353515625
2422 -0.1572265625
2423 -0.0791015625
2424 -0.1015625
2425 -0.2509765625
2426 -0.111328125
2427 -0.02734375
2428 -0.0537109375
2429 -0.134765625
2430 -0.01171875
2431 0.0576171875
2432 0.0126953125
2433 -0.1240234375
2434 -0.0810546875
2435 -0.0146484375
2436 -0.05078125
2437 -0.1748046875
2438 -0.0859375
2439 -0.0166015625
2440 -0.052734375
2441 -0.1630859375
2442 -0.076171875
2443 -0.005859375
2444 -0.0458984375
2445 -0.166015625
2446 -0.041015625
2447 0.0283203125
2448 -0.0087890625
2449 -0.0986328125
2450 0.017578125
2451 0.0810546875
2452 0.0322265625
2453 -0.03125
2454 0.0751953125
2455 0.1337890625
2456 0.0732421875
2457 -0.0244140625
2458 0.0244140625
2459 0.0751953125
2460 0.017578125
2461 -0.111328125
2462 0.0
2463 0.0654296875
2464 0.017578125
2465 -0.1201171875
2466 -0.0810546875
2467 -0.013671875
2468 -0.048828125
2469 -0.166015625
2470 -0.0791015625
2471 -0.0107421875
2472 -0.046875
2473 -0.1640625
2474 -0.076171875
2475 -0.0078125
2476 -0.0439453125
2477 -0.193359375
2478 -0.060546875
2479 0.013671875
2480 -0.017578125
2481 -0.07421875
2482 0.037109375
2483 0.1025390625
2484 0.0478515625
2485 -0.044921875
2486 0.005859375
2487 0.05859375
2488 0.0048828125
2489 -0.125
2490 -0.0068359375
2491 0.05859375
2492 0.0146484375
2493 -0.1240234375
2494 -0.083984375
2495 -0.015625
2496 -0.0478515625
2497 -0.1630859375
2498 -0.076171875
2499 -0.009765625
2500 -0.041015625
2501 -0.158203125
2502 -0.072265625
2503 -0.0068359375
2504 -0.041015625
2505 -0.18359375
2506 -0.056640625
2507 0.0185546875
2508 -0.0126953125
2509 -0.0654296875
2510 0.04296875
2511 0.1044921875
2512 0.056640625
2513 -0.0361328125
2514 0.0107421875
2515 0.0615234375
2516 0.0126953125
2517 -0.1171875
2518 -0.001953125
2519 0.0615234375
2520 0.0224609375
2521 -0.1162109375
2522 -0.076171875
2523 -0.0107421875
2524 -0.041015625
2525 -0.15625
2526 -0.0712890625
2527 -0.0048828125
2528 -0.037109375
2529 -0.1513671875
2530 -0.0673828125
2531 -0.001953125
2532 -0.0341796875
2533 -0.177734375
2534 -0.05078125
2535 0.0244140625
2536 -0.005859375
2537 -0.0615234375
2538 0.048828125
2539 0.1103515625
2540 0.060546875
2541 -0.033203125
2542 0.0166015625
2543 0.068359375
2544 0.0185546875
2545 -0.115234375
2546 0.00390625
2547 0.06640625
2548 0.025390625
2549 -0.1142578125
2550 -0.07421875
2551 -0.005859375
2552 -0.0400390625
2553 -0.154296875
2554 -0.0693359375
2555 0.0009765625
2556 -0.0341796875
2557 -0.1455078125
2558 -0.0634765625
2559 0.001953125
2560 -0.03125
2561 -0.173828125
2562 -0.0458984375
2563 0.0283203125
2564 -0.001953125
2565 -0.0595703125
2566 0.0537109375
2567 0.1162109375
2568 0.0654296875
2569 -0.0302734375
2570 0.0205078125
2571 0.0751953125
2572 0.0224609375
2573 -0.1103515625
2574 0.005859375
2575 0.07421875
2576 0.029296875
2577 -0.109375
2578 -0.0673828125
2579 0.0
2580 -0.0341796875
2581 -0.150390625
2582 -0.0625
2583 0.00390625
2584 -0.029296875
2585 -0.146484375
2586 -0.0595703125
2587 0.0078125
2588 -0.02734375
2589 -0.171875
2590 -0.04296875
2591 0.033203125
2592 0.0
2593 -0.056640625
2594 0.0546875
2595 0.119140625
2596 0.06640625
2597 -0.0263671875
2598 0.0224609375
2599 0.078125
2600 0.0224609375
2601 -0.1083984375
2602 0.005859375
2603 0.07421875
2604 0.0322265625
2605 -0.1083984375
2606 -0.0673828125
2607 0.0
2608 -0.0322265625
2609 -0.1494140625
2610 -0.0615234375
2611 0.0068359375
2612 -0.02734375
2613 -0.14453125
2614 -0.056640625
2615 0.0087890625
2616 -0.025390625
2617 -0.1669921875
2618 -0.0419921875
2619 0.029296875
2620 0.0029296875
2621 -0.0517578125
2622 0.0576171875
2623 0.1171875
2624 0.0703125
2625 -0.0224609375
2626 0.0234375
2627 0.07421875
2628 0.0263671875
2629 -0.1044921875
2630 0.0107421875
2631 0.0712890625
2632 0.03515625
2633 -0.1044921875
2634 -0.064453125
2635 -0.0009765625
2636 -0.0283203125
2637 -0.1416015625
2638 -0.05859375
2639 0.00390625
2640 -0.0244140625
2641 -0.138671875
2642 -0.0556640625
2643 0.0068359375
2644 -0.0224609375
2645 -0.1650390625
2646 -0.04296875
2647 0.0302734375
2648 0.0048828125
2649 -0.048828125
2650 0.05859375
2651 0.1171875
2652 0.0703125
2653 -0.021484375
2654 0.0244140625
2655 0.0751953125
2656 0.0283203125
2657 -0.1015625
2658 0.01171875
2659 0.07421875
2660 0.037109375
2661 -0.1005859375
2662 -0.0634765625
2663 0.001953125
2664 -0.0283203125
2665 -0.140625
2666 -0.05859375
2667 0.0078125
2668 -0.021484375
2669 -0.134765625
2670 -0.0537109375
2671 0.0107421875
2672 -0.0205078125
2673 -0.162109375
2674 -0.037109375
2675 0.03515625
2676 0.0068359375
2677 -0.0458984375
2678 0.0615234375
2679 0.12109375
2680 0.076171875
2681 -0.0185546875
2682 0.029296875
2683 0.0791015625
2684 0.03125
2685 -0.0966796875
2686 0.0146484375
2687 0.076171875
2688 0.0390625
2689 -0.095703125
2690 -0.0595703125
2691 0.0029296875
2692 -0.0234375
2693 -0.1357421875
2694 -0.0556640625
2695 0.0087890625
2696 -0.01953125
2697 -0.134765625
2698 -0.0517578125
2699 0.009765625
2700 -0.0185546875
2701 -0.1630859375
2702 -0.037109375
2703 0.0322265625
2704 0.0078125
2705 -0.0458984375
2706 0.0625
2707 0.123046875
2708 0.076171875
2709 -0.0166015625
2710 0.0283203125
2711 0.080078125
2712 0.0302734375
2713 -0.0986328125
2714 0.0146484375
2715 0.0791015625
2716 0.0390625
2717 -0.095703125
2718 -0.0595703125
2719 0.0048828125
2720 -0.0234375
2721 -0.1357421875
2722 -0.0537109375
2723 0.009765625
2724 -0.017578125
2725 -0.1337890625
2726 -0.048828125
2727 0.013671875
2728 -0.0166015625
2729 -0.1611328125
2730 -0.0341796875
2731 0.0380859375
2732 0.0087890625
2733 -0.044921875
2734 0.0634765625
2735 0.126953125
2736 0.076171875
2737 -0.015625
2738 0.029296875
2739 0.0830078125
2740 0.0322265625
2741 -0.09765625
2742 0.017578125
2743 0.080078125
2744 0.041015625
2745 -0.099609375
2746 -0.05859375
2747 0.0068359375
2748 -0.0224609375
2749 -0.13671875
2750 -0.0537109375
2751 0.0126953125
2752 -0.017578125
2753 -0.134765625
2754 -0.0498046875
2755 0.0166015625
2756 -0.017578125
2757 -0.162109375
2758 -0.0361328125
2759 0.0390625
2760 0.0087890625
2761 -0.044921875
2762 0.064453125
2763 0.126953125
2764 0.078125
2765 -0.0166015625
2766 0.0302734375
2767 0.08203125
2768 0.033203125
2769 -0.099609375
2770 0.0166015625
2771 0.080078125
2772 0.041015625
2773 -0.099609375
2774 -0.0576171875
2775 0.0078125
2776 -0.021484375
2777 -0.1376953125
2778 -0.052734375
2779 0.0166015625
2780 -0.0185546875
2781 -0.1328125
2782 -0.048828125
2783 0.01953125
2784 -0.017578125
2785 -0.16015625
2786 -0.033203125
2787 0.041015625
2788 0.01171875
2789 -0.0478515625
2790 0.0654296875
2791 0.1298828125
2792 0.080078125
2793 -0.0166015625
2794 0.0322265625
2795 0.0869140625
2796 0.0341796875
2797 -0.0986328125
2798 0.017578125
2799 0.0830078125
2800 0.041015625
2801 -0.0986328125
2802 -0.056640625
2803 0.0126953125
2804 -0.021484375
2805 -0.1376953125
2806 -0.05078125
2807 0.017578125
2808 -0.017578125
2809 -0.1318359375
2810 -0.048828125
2811 0.0166015625
2812 -0.0166015625
2813 -0.1611328125
2814 -0.0341796875
2815 0.0380859375
2816 0.0126953125
2817 -0.0439453125
2818 0.0673828125
2819 0.126953125
2820 0.0791015625
2821 -0.0146484375
2822 0.033203125
2823 0.0849609375
2824 0.0341796875
2825 -0.0966796875
2826 0.017578125
2827 0.0849609375
2828 0.041015625
2829 -0.095703125
2830 -0.0576171875
2831 0.0107421875
2832 -0.021484375
2833 -0.134765625
2834 -0.0517578125
2835 0.013671875
2836 -0.015625
2837 -0.1328125
2838 -0.0478515625
2839 0.017578125
2840 -0.0146484375
2841 -0.16015625
2842 -0.033203125
2843 0.0400390625
2844 0.0126953125
2845 -0.044921875
2846 0.0654296875
2847 0.12890625
2848 0.0791015625
2849 -0.0146484375
2850 0.033203125
2851 0.087890625
2852 0.0341796875
2853 -0.0966796875
2854 0.01953125
2855 0.083984375
2856 0.0419921875
2857 -0.095703125
2858 -0.056640625
2859 0.0107421875
2860 -0.01953125
2861 -0.1357421875
2862 -0.05078125
2863 0.0166015625
2864 -0.015625
2865 -0.1318359375
2866 -0.044921875
2867 0.0185546875
2868 -0.0166015625
2869 -0.1591796875
2870 -0.033203125
2871 0.04296875
2872 0.0107421875
2873 -0.04296875
2874 0.06640625
2875 0.1318359375
2876 0.0810546875
2877 -0.013671875
2878 0.033203125
2879 0.0849609375
2880 0.0341796875
2881 -0.09765625
2882 0.017578125
2883 0.0830078125
2884 0.0419921875
2885 -0.095703125
2886 -0.0556640625
2887 0.0107421875
2888 -0.0205078125
2889 -0.13671875
2890 -0.0517578125
2891 0.01953125
2892 -0.0166015625
2893 -0.130859375
2894 -0.0458984375
2895 0.0205078125
2896 -0.015625
2897 -0.15625
2898 -0.029296875
2899 0.0458984375
2900 0.013671875
2901 -0.0419921875
2902 0.0693359375
2903 0.1318359375
2904 0.0810546875
2905 -0.0146484375
2906 0.0361328125
2907 0.0908203125
2908 0.0361328125
2909 -0.0947265625
2910 0.0244140625
2911 0.0888671875
2912 0.0439453125
2913 -0.0927734375
2914 -0.0517578125
2915 0.0146484375
2916 -0.01953125
2917 -0.1337890625
2918 -0.048828125
2919 0.0205078125
2920 -0.015625
2921 -0.130859375
2922 -0.044921875
2923 0.021484375
2924 -0.013671875
2925 -0.1591796875
2926 -0.02734375
2927 0.0458984375
2928 0.013671875
2929 -0.04296875
2930 0.0693359375
2931 0.1318359375
2932 0.08203125
2933 -0.013671875
2934 0.0361328125
2935 0.08984375
2936 0.03515625
2937 -0.0966796875
2938 0.0205078125
2939 0.0869140625
2940 0.0439453125
2941 -0.0947265625
2942 -0.0546875
2943 0.0146484375
2944 -0.0185546875
2945 -0.1357421875
2946 -0.048828125
2947 0.021484375
2948 -0.0166015625
2949 -0.1337890625
2950 -0.044921875
2951 0.0224609375
2952 -0.0146484375
2953 -0.1591796875
2954 -0.02734375
2955 0.048828125
2956 0.0126953125
2957 -0.0439453125
2958 0.0703125
2959 0.1337890625
2960 0.08203125
2961 -0.0126953125
2962 0.0361328125
2963 0.08984375
2964 0.037109375
2965 -0.095703125
2966 0.0205078125
2967 0.087890625
2968 0.0439453125
2969 -0.0927734375
2970 -0.052734375
2971 0.017578125
2972 -0.0205078125
2973 -0.134765625
2974 -0.0478515625
2975 0.021484375
2976 -0.015625
2977 -0.1328125
2978 -0.04296875
2979 0.0224609375
2980 -0.0126953125
2981 -0.16015625
2982 -0.0283203125
2983 0.048828125
2984 0.013671875
2985 -0.046875
2986 0.0693359375
2987 0.13671875
2988 0.0810546875
2989 -0.015625
2990 0.037109375
2991 0.0947265625
2992 0.0341796875
2993 -0.0986328125
2994 0.01953125
2995 0.08984375
2996 0.04296875
2997 -0.0966796875
2998 -0.052734375
2999 0.0146484375
3000 -0.01953125
3001 -0.1376953125
3002 -0.046875
3003 0.0234375
3004 -0.0146484375
3005 -0.1318359375
3006 -0.04296875
3007 0.0244140625
3008 -0.013671875
3009 -0.1572265625
3010 -0.0283203125
3011 0.0498046875
3012 0.013671875
3013 -0.04296875
3014 0.0703125
3015 0.1357421875
3016 0.0810546875
3017 -0.013671875
3018 0.037109375
3019 0.09375
3020 0.0361328125
3021 -0.095703125
3022 0.0224609375
3023 0.0888671875
3024 0.0458984375
3025 -0.09375
3026 -0.0517578125
3027 0.015625
3028 -0.0166015625
3029 -0.13671875
3030 -0.048828125
3031 0.0205078125
3032 -0.015625
3033 -0.1318359375
3034 -0.044921875
3035 0.0224609375
3036 -0.0146484375
3037 -0.1591796875
3038 -0.029296875
3039 0.048828125
3040 0.0126953125
3041 -0.0439453125
3042 0.0703125
3043 0.134765625
3044 0.0810546875
3045 -0.013671875
3046 0.037109375
3047 0.0908203125
3048 0.037109375
3049 -0.0966796875
3050 0.0244140625
3051 0.08984375
3052 0.044921875
3053 -0.09375
3054 -0.0546875
3055 0.017578125
3056 -0.01953125
3057 -0.134765625
3058 -0.0478515625
3059 0.021484375
3060 -0.0146484375
3061 -0.1298828125
3062 -0.0439453125
3063 0.0224609375
3064 -0.013671875
3065 -0.158203125
3066 -0.0283203125
3067 0.0478515625
3068 0.015625
3069 -0.0439453125
3070 0.0712890625
3071 0.1337890625
3072 0.0830078125
3073 -0.0126953125
3074 0.0361328125
3075 0.08984375
3076 0.0380859375
3077 -0.0947265625
3078 0.021484375
3079 0.087890625
3080 0.0439453125
3081 -0.09375
3082 -0.0537109375
3083 0.015625
3084 -0.01953125
3085 -0.134765625
3086 -0.048828125
3087 0.021484375
3088 -0.0146484375
3089 -0.1318359375
3090 -0.0439453125
3091 0.0224609375
3092 -0.0126953125
3093 -0.1591796875
3094 -0.0283203125
3095 0.044921875
3096 0.0146484375
3097 -0.0419921875
3098 0.0693359375
3099 0.1337890625
3100 0.0830078125
3101 -0.0126953125
3102 0.0361328125
3103 0.0908203125
3104 0.037109375
3105 -0.0947265625
3106 0.0205078125
3107 0.087890625
3108 0.0439453125
3109 -0.0927734375
3110 -0.052734375
3111 0.0146484375
3112 -0.017578125
3113 -0.1357421875
3114 -0.0458984375
3115 0.021484375
3116 -0.0126953125
3117 -0.1298828125
3118 -0.04296875
3119 0.025390625
3120 -0.0107421875
3121 -0.15625
3122 -0.0283203125
3123 0.048828125
3124 0.0146484375
3125 -0.041015625
3126 0.0712890625
3127 0.1376953125
3128 0.0830078125
3129 -0.013671875
3130 0.037109375
3131 0.0927734375
3132 0.037109375
3133 -0.0947265625
3134 0.021484375
3135 0.087890625
3136 0.044921875
3137 -0.091796875
3138 -0.0498046875
3139 0.0185546875
3140 -0.015625
3141 -0.1328125
3142 -0.044921875
3143 0.0205078125
3144 -0.0146484375
3145 -0.1279296875
3146 -0.0419921875
3147 0.0234375
3148 -0.0126953125
3149 -0.1572265625
3150 -0.0283203125
3151 0.046875
3152 0.0146484375
3153 -0.041015625
3154 0.0712890625
3155 0.1328125
3156 0.083984375
3157 -0.0126953125
3158 0.037109375
3159 0.0888671875
3160 0.0380859375
3161 -0.0947265625
3162 0.021484375
3163 0.0888671875
3164 0.0478515625
3165 -0.08984375
3166 -0.0517578125
3167 0.017578125
3168 -0.0166015625
3169 -0.1328125
3170 -0.0478515625
3171 0.0234375
3172 -0.013671875
3173 -0.1279296875
3174 -0.0419921875
3175 0.0244140625
3176 -0.0126953125
3177 -0.1572265625
3178 -0.0283203125
3179 0.0478515625
3180 0.015625
3181 -0.041015625
3182 0.0712890625
3183 0.1337890625
3184 0.0830078125
3185 -0.0126953125
3186 0.0380859375
3187 0.08984375
3188 0.0380859375
3189 -0.09375
3190 0.0234375
3191 0.0888671875
3192 0.044921875
3193 -0.0908203125
3194 -0.0517578125
3195 0.0166015625
3196 -0.0166015625
3197 -0.1298828125
3198 -0.046875
3199 0.0205078125
3200 -0.013671875
3201 -0.1279296875
3202 -0.0439453125
3203 0.01953125
3204 -0.0107421875
3205 -0.15625
3206 -0.029296875
3207 0.04296875
3208 0.015625
3209 -0.0400390625
3210 0.068359375
3211 0.1328125
3212 0.083984375
3213 -0.01171875
3214 0.037109375
3215 0.0908203125
3216 0.037109375
3217 -0.0927734375
3218 0.0205078125
3219 0.087890625
3220 0.0458984375
3221 -0.09375
3222 -0.0517578125
3223 0.0146484375
3224 -0.0185546875
3225 -0.134765625
3226 -0.0478515625
3227 0.021484375
3228 -0.013671875
3229 -0.130859375
3230 -0.0439453125
3231 0.0224609375
3232 -0.0126953125
3233 -0.15625
3234 -0.0263671875
3235 0.0478515625
3236 0.0146484375
3237 -0.0419921875
3238 0.0712890625
3239 0.13671875
3240 0.0830078125
3241 -0.01171875
3242 0.0380859375
3243 0.09375
3244 0.0380859375
3245 -0.091796875
3246 0.0234375
3247 0.0869140625
3248 0.046875
3249 -0.091796875
3250 -0.0498046875
3251 0.0146484375
3252 -0.0166015625
3253 -0.130859375
3254 -0.044921875
3255 0.0224609375
3256 -0.0126953125
3257 -0.126953125
3258 -0.04296875
3259 0.0224609375
3260 -0.009765625
3261 -0.1552734375
3262 -0.029296875
3263 0.0458984375
3264 0.015625
3265 -0.0400390625
3266 0.0703125
3267 0.1357421875
3268 0.083984375
3269 -0.0126953125
3270 0.0361328125
3271 0.0888671875
3272 0.0380859375
3273 -0.0947265625
3274 0.021484375
3275 0.0859375
3276 0.04296875
3277 -0.09375
3278 -0.05078125
3279 0.0166015625
3280 -0.017578125
3281 -0.1337890625
3282 -0.046875
3283 0.021484375
3284 -0.013671875
3285 -0.1259765625
3286 -0.041015625
3287 0.025390625
3288 -0.0107421875
3289 -0.1298828125
3290 -0.0087890625
3291 0.06640625
3292 0.029296875
3293 -0.083984375
3294 -0.0361328125
3295 0.029296875
3296 -0.0068359375
3297 -0.1669921875
3298 -0.0908203125
3299 -0.0146484375
3300 -0.0390625
3301 -0.134765625
3302 -0.046875
3303 0.0224609375
3304 -0.009765625
3305 -0.1787109375
3306 -0.1142578125
3307 -0.02734375
3308 -0.0498046875
3309 -0.20703125
3310 -0.1259765625
3311 -0.0390625
3312 -0.0576171875
3313 -0.16015625
3314 -0.06640625
3315 0.0078125
3316 -0.0205078125
3317 -0.1171875
3318 -0.029296875
3319 0.0380859375
3320 0.001953125
3321 -0.109375
3322 0.013671875
3323 0.08203125
3324 0.0458984375
3325 -0.076171875
3326 -0.033203125
3327 0.0322265625
3328 -0.0009765625
3329 -0.1142578125
3330 -0.033203125
3331 0.03515625
3332 0.0029296875
3333 -0.1162109375
3334 -0.0322265625
3335 0.03515625
3336 0.0009765625
3337 -0.10546875
3338 -0.021484375
3339 0.0439453125
3340 0.009765625
3341 -0.09375
3342 -0.015625
3343 0.05078125
3344 0.0146484375
3345 -0.1123046875
3346 -0.029296875
3347 0.03515625
3348 0.0009765625
3349 -0.1865234375
3350 -0.1103515625
3351 -0.029296875
3352 -0.046875
3353 -0.2060546875
3354 -0.130859375
3355 -0.0537109375
3356 -0.0478515625
3357 -0.1376953125
3358 -0.0654296875
3359 -0.009765625
3360 -0.0126953125
3361 -0.142578125
3362 -0.0703125
3363 -0.015625
3364 -0.0146484375
3365 -0.154296875
3366 -0.0419921875
3367 0.0185546875
3368 0.021484375
3369 -0.0458984375
3370 0.0478515625
3371 0.095703125
3372 0.080078125
3373 0.03125
3374 0.1123046875
3375 0.154296875
3376 0.125
3377 0.048828125
3378 0.064453125
3379 0.099609375
3380 0.0732421875
3381 -0.0185546875
3382 0.0263671875
3383 0.064453125
3384 0.0478515625
3385 -0.052734375
3386 0.005859375
3387 0.0419921875
3388 0.0283203125
3389 -0.07421875
3390 -0.0146484375
3391 0.025390625
3392 0.015625
3393 -0.095703125
3394 0.001953125
3395 0.0537109375
3396 0.0458984375
3397 -0.103515625
3398 -0.076171875
3399 -0.01953125
3400 -0.0185546875
3401 -0.1962890625
3402 -0.1376953125
3403 -0.06640625
3404 -0.0546875
3405 -0.154296875
3406 -0.0771484375
3407 -0.0205078125
3408 -0.01953125
3409 -0.1611328125
3410 -0.0859375
3411 -0.0283203125
3412 -0.0234375
3413 -0.1533203125
3414 -0.041015625
3415 0.021484375
3416 0.0234375
3417 -0.05859375
3418 0.0361328125
3419 0.0869140625
3420 0.07421875
3421 -0.0048828125
3422 0.0791015625
3423 0.123046875
3424 0.1005859375
3425 0.0224609375
3426 0.1005859375
3427 0.1396484375
3428 0.1162109375
3429 0.02734375
3430 0.1025390625
3431 0.1416015625
3432 0.1162109375
3433 0.0185546875
3434 0.095703125
3435 0.1337890625
3436 0.1083984375
3437 0.0029296875
3438 0.083984375
3439 0.123046875
3440 0.099609375
3441 0.041015625
3442 0.1162109375
3443 0.15234375
3444 0.1220703125
3445 0.0185546875
3446 0.03515625
3447 0.0673828125
3448 0.044921875
3449 -0.064453125
3450 -0.009765625
3451 0.0322265625
3452 0.017578125
3453 -0.125
3454 -0.0595703125
3455 -0.0107421875
3456 -0.013671875
3457 -0.14453125
3458 -0.0361328125
3459 0.021484375
3460 0.017578125
3461 -0.0634765625
3462 0.029296875
3463 0.080078125
3464 0.0625
3465 -0.02734375
3466 0.05859375
3467 0.1044921875
3468 0.0810546875
3469 -0.021484375
3470 0.0615234375
3471 0.107421875
3472 0.0830078125
3473 -0.0263671875
3474 0.056640625
3475 0.1005859375
3476 0.0771484375
3477 0.0146484375
3478 0.0947265625
3479 0.1318359375
3480 0.1025390625
3481 -0.01953125
3482 -0.001953125
3483 0.037109375
3484 0.017578125
3485 -0.1396484375
3486 -0.0341796875
3487 0.0224609375
3488 0.0166015625
3489 -0.095703125
3490 -0.0703125
3491 -0.01953125
3492 -0.0244140625
3493 -0.12109375
3494 -0.0166015625
3495 0.037109375
3496 0.029296875
3497 -0.0615234375
3498 -0.0595703125
3499 -0.0048828125
3500 -0.01171875
3501 -0.09765625
3502 0.001953125
3503 0.0517578125
3504 0.041015625
3505 -0.048828125
3506 -0.0224609375
3507 0.0205078125
3508 0.0078125
3509 -0.0869140625
3510 -0.0283203125
3511 0.017578125
3512 0.0048828125
3513 -0.13671875
3514 -0.072265625
3515 -0.01953125
3516 -0.0234375
3517 -0.1533203125
3518 -0.0859375
3519 -0.0283203125
3520 -0.0302734375
3521 -0.181640625
3522 -0.06640625
3523 -0.00390625
3524 -0.0009765625
3525 -0.0869140625
3526 0.009765625
3527 0.0634765625
3528 0.0517578125
3529 -0.0390625
3530 0.0498046875
3531 0.095703125
3532 0.076171875
3533 -0.01171875
3534 0.0693359375
3535 0.11328125
3536 0.0888671875
3537 0.0087890625
3538 0.0859375
3539 0.1279296875
3540 0.0986328125
3541 0.009765625
3542 0.087890625
3543 0.1259765625
3544 0.0986328125
3545 -0.0009765625
3546 0.0771484375
3547 0.1181640625
3548 0.08984375
3549 -0.01953125
3550 0.0625
3551 0.1015625
3552 0.0791015625
3553 0.00390625
3554 0.0849609375
3555 0.1201171875
3556 0.091796875
3557 -0.0361328125
3558 -0.0224609375
3559 0.0234375
3560 0.0048828125
3561 -0.0927734375
3562 0.0029296875
3563 0.052734375
3564 0.037109375
3565 -0.01171875
3566 0.072265625
3567 0.111328125
3568 0.0859375
3569 0.0341796875
3570 0.1123046875
3571 0.150390625
3572 0.1123046875
3573 0.0546875
3574 0.12890625
3575 0.162109375
3576 0.123046875
3577 0.0234375
3578 0.037109375
3579 0.072265625
3580 0.0400390625
3581 -0.080078125
3582 -0.0283203125
3583 0.0146484375
3584 -0.0029296875
3585 -0.123046875
3586 -0.060546875
3587 -0.01171875
3588 -0.0244140625
3589 -0.1376953125
3590 -0.0751953125
3591 -0.0244140625
3592 -0.03125
3593 -0.1474609375
3594 -0.078125
3595 -0.0244140625
3596 -0.0322265625
3597 -0.1455078125
3598 -0.08203125
3599 -0.0283203125
3600 -0.0341796875
3601 -0.1728515625
3602 -0.103515625
3603 -0.0439453125
3604 -0.044921875
3605 -0.150390625
3606 -0.0419921875
3607 0.0166015625
3608 0.0087890625
3609 -0.1201171875
3610 -0.0927734375
3611 -0.0341796875
3612 -0.0380859375
3613 -0.13671875
3614 -0.0693359375
3615 -0.0166015625
3616 -0.0224609375
3617 -0.1259765625
3618 -0.0546875
3619 -0.0107421875
3620 -0.0185546875
3621 -0.130859375
3622 -0.0634765625
3623 -0.0126953125
3624 -0.017578125
3625 -0.173828125
3626 -0.0615234375
3627 -0.0009765625
3628 0.0
3629 -0.0673828125
3630 0.02734375
3631 0.076171875
3632 0.0595703125
3633 -0.0693359375
3634 0.0224609375
3635 0.0673828125
3636 0.052734375
3637 -0.0908203125
3638 -0.0703125
3639 -0.01953125
3640 -0.0205078125
3641 -0.1884765625
3642 -0.11328125
3643 -0.05078125
3644 -0.044921875
3645 -0.1513671875
3646 -0.0751953125
3647 -0.0234375
3648 -0.025390625
3649 -0.1103515625
3650 -0.0087890625
3651 0.0458984375
3652 0.0361328125
3653 -0.0537109375
3654 -0.0537109375
3655 0.001953125
3656 -0.005859375
3657 -0.115234375
3658 -0.0146484375
3659 0.041015625
3660 0.0341796875
3661 -0.0595703125
3662 0.0341796875
3663 0.08203125
3664 0.06640625
3665 -0.037109375
3666 -0.0146484375
3667 0.0283203125
3668 0.015625
3669 -0.1064453125
3670 -0.0078125
3671 0.04296875
3672 0.03515625
3673 -0.103515625
3674 -0.0791015625
3675 -0.0234375
3676 -0.0263671875
3677 -0.2099609375
3678 -0.1318359375
3679 -0.064453125
3680 -0.0537109375
3681 -0.1611328125
3682 -0.087890625
3683 -0.0322265625
3684 -0.02734375
3685 -0.1650390625
3686 -0.0869140625
3687 -0.0322265625
3688 -0.0283203125
3689 -0.19140625
3690 -0.0693359375
3691 -0.0068359375
3692 -0.001953125
3693 -0.0537109375
3694 0.0419921875
3695 0.0888671875
3696 0.072265625
3697 -0.00390625
3698 0.080078125
3699 0.1240234375
3700 0.1005859375
3701 0.005859375
3702 0.087890625
3703 0.1259765625
3704 0.1025390625
3705 0.0400390625
3706 0.1171875
3707 0.1533203125
3708 0.1220703125
3709 0.0322265625
3710 0.0458984375
3711 0.080078125
3712 0.0556640625
3713 -0.04296875
3714 0.009765625
3715 0.0478515625
3716 0.0302734375
3717 -0.076171875
3718 -0.017578125
3719 0.0234375
3720 0.0107421875
3721 -0.158203125
3722 -0.0498046875
3723 0.0068359375
3724 0.0068359375
3725 -0.1357421875
3726 -0.10546875
3727 -0.046875
3728 -0.041015625
3729 -0.21484375
3730 -0.0888671875
3731 -0.0185546875
3732 -0.0107421875
3733 -0.0625
3734 0.03515625
3735 0.0810546875
3736 0.064453125
3737 -0.0087890625
3738 0.0751953125
3739 0.1181640625
3740 0.0947265625
3741 0.0048828125
3742 0.0849609375
3743 0.1279296875
3744 0.099609375
3745 0.052734375
3746 0.126953125
3747 0.1640625
3748 0.1279296875
3749 0.0185546875
3750 0.033203125
3751 0.0693359375
3752 0.044921875
3753 -0.1357421875
3754 -0.0830078125
3755 -0.0283203125
3756 -0.02734375
3757 -0.1328125
3758 -0.0673828125
3759 -0.0126953125
3760 -0.0185546875
3761 -0.16015625
3762 -0.0859375
3763 -0.03125
3764 -0.0341796875
3765 -0.169921875
3766 -0.0556640625
3767 0.0068359375
3768 0.005859375
3769 -0.0791015625
3770 0.0166015625
3771 0.0712890625
3772 0.0546875
3773 -0.03515625
3774 0.048828125
3775 0.095703125
3776 0.076171875
3777 -0.0126953125
3778 0.0693359375
3779 0.11328125
3780 0.087890625
3781 -0.00390625
3782 0.0771484375
3783 0.1181640625
3784 0.091796875
3785 -0.005859375
3786 0.0732421875
3787 0.115234375
3788 0.087890625
3789 -0.0283203125
3790 0.052734375
3791 0.0947265625
3792 0.0732421875
3793 -0.013671875
3794 0.064453125
3795 0.1083984375
3796 0.083984375
3797 0.0302734375
3798 0.1083984375
3799 0.1435546875
3800 0.11328125
3801 0.0615234375
3802 0.1328125
3803 0.1650390625
3804 0.1298828125
3805 0.0419921875
3806 0.0595703125
3807 0.0869140625
3808 0.056640625
3809 -0.0693359375
3810 -0.0244140625
3811 0.0146484375
3812 0.0
3813 -0.14453125
3814 -0.0830078125
3815 -0.029296875
3816 -0.033203125
3817 -0.142578125
3818 -0.037109375
3819 0.015625
3820 0.0126953125
3821 -0.029296875
3822 0.056640625
3823 0.1005859375
3824 0.078125
3825 0.044921875
3826 0.12109375
3827 0.1572265625
3828 0.1220703125
3829 0.078125
3830 0.1484375
3831 0.1826171875
3832 0.140625
3833 0.08203125
3834 0.1474609375
3835 0.1796875
3836 0.13671875
3837 0.0869140625
3838 0.154296875
3839 0.18359375
3840 0.1396484375
3841 0.0595703125
3842 0.0791015625
3843 0.1025390625
3844 0.06640625
3845 -0.029296875
3846 0.0498046875
3847 0.0888671875
3848 0.0615234375
3849 -0.0341796875
3850 -0.015625
3851 0.01953125
3852 -0.0009765625
3853 -0.103515625
3854 -0.0498046875
3855 -0.005859375
3856 -0.0205078125
3857 -0.1162109375
3858 -0.05859375
3859 -0.013671875
3860 -0.025390625
3861 -0.1318359375
3862 -0.0712890625
3863 -0.02734375
3864 -0.0341796875
3865 -0.1357421875
3866 -0.0712890625
3867 -0.0224609375
3868 -0.0322265625
3869 -0.17578125
3870 -0.10546875
3871 -0.0537109375
3872 -0.0576171875
3873 -0.1962890625
3874 -0.12109375
3875 -0.064453125
3876 -0.064453125
3877 -0.18359375
3878 -0.0751953125
3879 -0.01171875
3880 -0.0146484375
3881 -0.0771484375
3882 0.013671875
3883 0.0634765625
3884 0.0458984375
3885 -0.025390625
3886 0.0546875
3887 0.0986328125
3888 0.0732421875
3889 0.0048828125
3890 0.0810546875
3891 0.1181640625
3892 0.08984375
3893 0.01171875
3894 0.0859375
3895 0.1240234375
3896 0.0927734375
3897 0.0322265625
3898 0.10546875
3899 0.1416015625
3900 0.1044921875
3901 0.0263671875
3902 0.0419921875
3903 0.0751953125
3904 0.0419921875
3905 -0.056640625
3906 -0.0048828125
3907 0.03515625
3908 0.0078125
3909 -0.09375
3910 -0.03515625
3911 0.00390625
3912 -0.013671875
3913 -0.0966796875
3914 -0.0029296875
3915 0.044921875
3916 0.02734375
3917 -0.0126953125
3918 0.0693359375
3919 0.1103515625
3920 0.078125
3921 -0.0185546875
3922 -0.001953125
3923 0.03125
3924 0.0087890625
3925 -0.1474609375
3926 -0.0478515625
3927 0.0029296875
3928 -0.00390625
3929 -0.13671875
3930 -0.1123046875
3931 -0.0546875
3932 -0.056640625
3933 -0.1611328125
3934 -0.0546875
3935 0.0009765625
3936 -0.0029296875
3937 -0.0751953125
3938 0.017578125
3939 0.0615234375
3940 0.0439453125
3941 -0.05078125
3942 -0.0322265625
3943 0.0107421875
3944 -0.005859375
3945 -0.1474609375
3946 -0.08203125
3947 -0.0361328125
3948 -0.04296875
3949 -0.1962890625
3950 -0.126953125
3951 -0.0634765625
3952 -0.0654296875
3953 -0.197265625
3954 -0.12109375
3955 -0.0615234375
3956 -0.0615234375
3957 -0.1572265625
3958 -0.0810546875
3959 -0.0302734375
3960 -0.037109375
3961 -0.1572265625
3962 -0.05078125
3963 0.00390625
3964 0.0009765625
3965 -0.1669921875
3966 -0.13671875
3967 -0.0751953125
3968 -0.068359375
3969 -0.181640625
3970 -0.111328125
3971 -0.0498046875
3972 -0.0478515625
3973 -0.1279296875
3974 -0.0595703125
3975 -0.0087890625
3976 -0.017578125
3977 -0.1396484375
3978 -0.0712890625
3979 -0.0224609375
3980 -0.02734375
3981 -0.17578125
3982 -0.0634765625
3983 0.0
3984 0.0
3985 -0.04296875
3986 0.048828125
3987 0.095703125
3988 0.076171875
3989 0.01953125
3990 0.099609375
3991 0.138671875
3992 0.107421875
3993 0.0009765625
3994 0.0166015625
3995 0.0517578125
3996 0.029296875
3997 -0.09375
3998 -0.0341796875
3999 -0.017578125
4000 0.02734375
4001 -0.0322265625
4002 0.0029296875
4003 0.0126953125
4004 0.0537109375
4005 0.025390625
4006 0.0517578125
4007 0.0537109375
4008 0.0859375
4009 0.01171875
4010 -0.0283203125
4011 -0.02734375
4012 0.0126953125
4013 -0.0546875
4014 -0.0546875
4015 -0.044921875
4016 -0.0029296875
4017 -0.103515625
4018 -0.08984375
4019 -0.078125
4020 -0.02734375
4021 -0.115234375
4022 -0.0625
4023 -0.04296875
4024 0.009765625
4025 -0.03515625
4026 0.0009765625
4027 0.01171875
4028 0.0537109375
4029 0.001953125
4030 0.0302734375
4031 0.037109375
4032 0.0732421875
4033 0.0263671875
4034 0.0517578125
4035 0.052734375
4036 0.0859375
4037 0.0361328125
4038 0.05859375
4039 0.0576171875
4040 0.0888671875
4041 0.03515625
4042 0.0556640625
4043 0.0556640625
4044 0.0859375
4045 0.009765625
4046 0.0341796875
4047 0.0361328125
4048 0.0693359375
4049 0.01953125
4050 0.04296875
4051 0.0439453125
4052 0.080078125
4053 0.0693359375
4054 0.0869140625
4055 0.0810546875
4056 0.1083984375
4057 0.099609375
4058 0.1142578125
4059 0.103515625
4060 0.1259765625
4061 0.0791015625
4062 0.0390625
4063 0.0302734375
4064 0.0537109375
4065 -0.03515625
4066 -0.0439453125
4067 -0.04296875
4068 -0.0029296875
4069 -0.1083984375
4070 -0.1015625
4071 -0.0869140625
4072 -0.037109375
4073 -0.1083984375
4074 -0.056640625
4075 -0.041015625
4076 0.0087890625
4077 0.009765625
4078 0.0380859375
4079 0.04296875
4080 0.0751953125
4081 0.0859375
4082 0.1005859375
4083 0.09765625
4084 0.1201171875
4085 0.1201171875
4086 0.1279296875
4087 0.123046875
4088 0.138671875
4089 0.123046875
4090 0.1298828125
4091 0.1181640625
4092 0.134765625
4093 0.126953125
4094 0.1318359375
4095 0.1220703125
4096 0.1376953125
4097 0.0986328125
4098 0.05859375
4099 0.0439453125
4100 0.0625
4101 0.0107421875
4102 0.033203125
4103 0.03125
4104 0.0595703125
4105 0.005859375
4106 -0.0341796875
4107 -0.0341796875
4108 -0.0009765625
4109 -0.0693359375
4110 -0.0673828125
4111 -0.0615234375
4112 -0.0234375
4113 -0.08203125
4114 -0.0771484375
4115 -0.0673828125
4116 -0.02734375
4117 -0.099609375
4118 -0.0908203125
4119 -0.0830078125
4120 -0.037109375
4121 -0.126953125
4122 -0.111328125
4123 -0.0966796875
4124 -0.048828125
4125 -0.1083984375
4126 -0.1005859375
4127 -0.0859375
4128 -0.0400390625
4129 -0.0869140625
4130 -0.0771484375
4131 -0.0673828125
4132 -0.025390625
4133 -0.09375
4134 -0.0810546875
4135 -0.0693359375
4136 -0.02734375
4137 -0.1416015625
4138 -0.1484375
4139 -0.123046875
4140 -0.06640625
4141 -0.126953125
4142 -0.1123046875
4143 -0.09375
4144 -0.041015625
4145 -0.109375
4146 -0.09375
4147 -0.0810546875
4148 -0.033203125
4149 -0.080078125
4150 -0.03515625
4151 -0.0205078125
4152 0.0244140625
4153 -0.025390625
4154 -0.0810546875
4155 -0.06640625
4156 -0.01953125
4157 -0.0947265625
4158 -0.046875
4159 -0.0302734375
4160 0.0166015625
4161 -0.0390625
4162 -0.00390625
4163 0.0078125
4164 0.0478515625
4165 -0.0166015625
4166 -0.05078125
4167 -0.044921875
4168 -0.0009765625
4169 -0.083984375
4170 -0.0361328125
4171 -0.0234375
4172 0.0234375
4173 -0.0888671875
4174 -0.1142578125
4175 -0.09765625
4176 -0.0439453125
4177 -0.1796875
4178 -0.1484375
4179 -0.119140625
4180 -0.0625
4181 -0.140625
4182 -0.115234375
4183 -0.0947265625
4184 -0.04296875
4185 -0.115234375
4186 -0.0966796875
4187 -0.08203125
4188 -0.02734375
4189 -0.1357421875
4190 -0.115234375
4191 -0.0966796875
4192 -0.037109375
4193 -0.1064453125
4194 -0.0888671875
4195 -0.0732421875
4196 -0.021484375
4197 -0.1005859375
4198 -0.0888671875
4199 -0.0732421875
4200 -0.021484375
4201 -0.130859375
4202 -0.111328125
4203 -0.0888671875
4204 -0.03125
4205 -0.1005859375
4206 -0.0458984375
4207 -0.02734375
4208 0.0244140625
4209 0.0302734375
4210 0.0595703125
4211 0.0634765625
4212 0.099609375
4213 0.1123046875
4214 0.126953125
4215 0.123046875
4216 0.146484375
4217 0.1474609375
4218 0.1552734375
4219 0.1474609375
4220 0.1650390625
4221 0.1513671875
4222 0.1572265625
4223 0.1455078125
4224 0.1630859375
4225 0.15625
4226 0.1591796875
4227 0.1494140625
4228 0.1640625
4229 0.1259765625
4230 0.0859375
4231 0.0693359375
4232 0.0869140625
4233 0.037109375
4234 0.05859375
4235 0.0546875
4236 0.0869140625
4237 0.0283203125
4238 -0.009765625
4239 -0.0126953125
4240 0.0224609375
4241 -0.044921875
4242 -0.0439453125
4243 -0.0400390625
4244 0.0
4245 -0.056640625
4246 -0.0537109375
4247 -0.046875
4248 -0.005859375
4249 -0.0751953125
4250 -0.068359375
4251 -0.0595703125
4252 -0.015625
4253 -0.103515625
4254 -0.08984375
4255 -0.0771484375
4256 -0.0283203125
4257 -0.087890625
4258 -0.080078125
4259 -0.0673828125
4260 -0.01953125
4261 -0.0673828125
4262 -0.056640625
4263 -0.0498046875
4264 -0.0048828125
4265 -0.0712890625
4266 -0.060546875
4267 -0.0517578125
4268 -0.0087890625
4269 -0.1220703125
4270 -0.1279296875
4271 -0.10546875
4272 -0.0478515625
4273 -0.1044921875
4274 -0.0908203125
4275 -0.072265625
4276 -0.0224609375
4277 -0.091796875
4278 -0.0751953125
4279 -0.06640625
4280 -0.017578125
4281 -0.0634765625
4282 -0.01953125
4283 -0.0068359375
4284 0.0380859375
4285 -0.0126953125
4286 -0.0673828125
4287 -0.0537109375
4288 -0.0048828125
4289 -0.0712890625
4290 -0.02734375
4291 -0.0107421875
4292 0.0361328125
4293 -0.009765625
4294 0.0224609375
4295 0.033203125
4296 0.0703125
4297 0.009765625
4298 -0.029296875
4299 -0.0234375
4300 0.017578125
4301 -0.0654296875
4302 -0.0205078125
4303 -0.0087890625
4304 0.0380859375
4305 -0.0615234375
4306 -0.0888671875
4307 -0.07421875
4308 -0.0224609375
4309 -0.1591796875
4310 -0.1298828125
4311 -0.103515625
4312 -0.0458984375
4313 -0.1240234375
4314 -0.0986328125
4315 -0.0810546875
4316 -0.0302734375
4317 -0.1015625
4318 -0.0830078125
4319 -0.0673828125
4320 -0.015625
4321 -0.1220703125
4322 -0.103515625
4323 -0.0830078125
4324 -0.0263671875
4325 -0.0966796875
4326 -0.0791015625
4327 -0.0625
4328 -0.0107421875
4329 -0.09375
4330 -0.0791015625
4331 -0.064453125
4332 -0.0107421875
4333 -0.126953125
4334 -0.1044921875
4335 -0.0830078125
4336 -0.025390625
4337 -0.0927734375
4338 -0.0380859375
4339 -0.0185546875
4340 0.0322265625
4341 0.0390625
4342 0.068359375
4343 0.0732421875
4344 0.1064453125
4345 0.1181640625
4346 0.1337890625
4347 0.1318359375
4348 0.1552734375
4349 0.154296875
4350 0.1630859375
4351 0.154296875
4352 0.1728515625
4353 0.158203125
4354 0.1630859375
4355 0.1533203125
4356 0.169921875
4357 0.162109375
4358 0.16796875
4359 0.1572265625
4360 0.1708984375
4361 0.134765625
4362 0.091796875
4363 0.0791015625
4364 0.0966796875
4365 0.0458984375
4366 0.0654296875
4367 0.0654296875
4368 0.091796875
4369 0.037109375
4370 -0.0009765625
4371 -0.00390625
4372 0.0302734375
4373 -0.0390625
4374 -0.037109375
4375 -0.0341796875
4376 0.005859375
4377 -0.0517578125
4378 -0.046875
4379 -0.041015625
4380 0.0
4381 -0.0712890625
4382 -0.064453125
4383 -0.0546875
4384 -0.0087890625
4385 -0.0966796875
4386 -0.0859375
4387 -0.0703125
4388 -0.0224609375
4389 -0.080078125
4390 -0.072265625
4391 -0.0625
4392 -0.0146484375
4393 -0.0625
4394 -0.0517578125
4395 -0.0439453125
4396 -0.0009765625
4397 -0.0673828125
4398 -0.0556640625
4399 -0.0458984375
4400 -0.0009765625
4401 -0.1181640625
4402 -0.1220703125
4403 -0.099609375
4404 -0.0419921875
4405 -0.099609375
4406 -0.087890625
4407 -0.0693359375
4408 -0.0185546875
4409 -0.0849609375
4410 -0.0703125
4411 -0.05859375
4412 -0.0107421875
4413 -0.0556640625
4414 -0.013671875
4415 -0.0009765625
4416 0.0458984375
4417 -0.0068359375
4418 -0.060546875
4419 -0.046875
4420 0.001953125
4421 -0.0654296875
4422 -0.01953125
4423 -0.0078125
4424 0.0419921875
4425 -0.009765625
4426 0.0244140625
4427 0.033203125
4428 0.0732421875
4429 0.009765625
4430 -0.0283203125
4431 -0.0224609375
4432 0.0205078125
4433 -0.060546875
4434 -0.017578125
4435 -0.0068359375
4436 0.041015625
4437 -0.0595703125
4438 -0.0869140625
4439 -0.072265625
4440 -0.0205078125
4441 -0.15625
4442 -0.1259765625
4443 -0.1015625
4444 -0.041015625
4445 -0.1240234375
4446 -0.0986328125
4447 -0.080078125
4448 -0.025390625
4449 -0.099609375
4450 -0.0791015625
4451 -0.0634765625
4452 -0.01171875
4453 -0.1201171875
4454 -0.1025390625
4455 -0.080078125
4456 -0.025390625
4457 -0.0908203125
4458 -0.07421875
4459 -0.05859375
4460 -0.0078125
4461 -0.087890625
4462 -0.076171875
4463 -0.060546875
4464 -0.0068359375
4465 -0.1240234375
4466 -0.0986328125
4467 -0.0771484375
4468 -0.0205078125
4469 -0.08984375
4470 -0.033203125
4471 -0.015625
4472 0.03515625
4473 0.0400390625
4474 0.0703125
4475 0.0751953125
4476 0.109375
4477 0.123046875
4478 0.1376953125
4479 0.134765625
4480 0.1572265625
4481 0.1572265625
4482 0.166015625
4483 0.158203125
4484 0.1767578125
4485 0.1591796875
4486 0.1669921875
4487 0.1572265625
4488 0.1708984375
4489 0.1640625
4490 0.169921875
4491 0.16015625
4492 0.1767578125
4493 0.1357421875
4494 0.0947265625
4495 0.0810546875
4496 0.09765625
4497 0.0478515625
4498 0.0673828125
4499 0.06640625
4500 0.095703125
4501 0.041015625
4502 0.0
4503 -0.001953125
4504 0.0322265625
4505 -0.03515625
4506 -0.0341796875
4507 -0.029296875
4508 0.0107421875
4509 -0.046875
4510 -0.0439453125
4511 -0.0361328125
4512 0.0029296875
4513 -0.06640625
4514 -0.0595703125
4515 -0.0517578125
4516 -0.0068359375
4517 -0.0966796875
4518 -0.0830078125
4519 -0.0654296875
4520 -0.01953125
4521 -0.080078125
4522 -0.072265625
4523 -0.0595703125
4524 -0.013671875
4525 -0.0595703125
4526 -0.0498046875
4527 -0.041015625
4528 0.0009765625
4529 -0.064453125
4530 -0.0537109375
4531 -0.0439453125
4532 -0.0009765625
4533 -0.1142578125
4534 -0.119140625
4535 -0.09765625
4536 -0.037109375
4537 -0.0986328125
4538 -0.083984375
4539 -0.0673828125
4540 -0.0146484375
4541 -0.083984375
4542 -0.0673828125
4543 -0.0556640625
4544 -0.0107421875
4545 -0.0556640625
4546 -0.0107421875
4547 0.0029296875
4548 0.048828125
4549 -0.005859375
4550 -0.060546875
4551 -0.041015625
4552 0.0029296875
4553 -0.0654296875
4554 -0.0185546875
4555 -0.0029296875
4556 0.0439453125
4557 -0.0048828125
4558 0.029296875
4559 0.037109375
4560 0.0771484375
4561 0.0126953125
4562 -0.0234375
4563 -0.0185546875
4564 0.021484375
4565 -0.0615234375
4566 -0.0166015625
4567 -0.00390625
4568 0.041015625
4569 -0.05859375
4570 -0.0869140625
4571 -0.0703125
4572 -0.021484375
4573 -0.15625
4574 -0.1279296875
4575 -0.1015625
4576 -0.041015625
4577 -0.1201171875
4578 -0.0947265625
4579 -0.0771484375
4580 -0.0244140625
4581 -0.095703125
4582 -0.0771484375
4583 -0.0625
4584 -0.009765625
4585 -0.1142578125
4586 -0.09765625
4587 -0.076171875
4588 -0.01953125
4589 -0.0888671875
4590 -0.07421875
4591 -0.0576171875
4592 -0.005859375
4593 -0.0869140625
4594 -0.07421875
4595 -0.056640625
4596 -0.0048828125
4597 -0.123046875
4598 -0.099609375
4599 -0.0771484375
4600 -0.0185546875
4601 -0.08984375
4602 -0.0322265625
4603 -0.013671875
4604 0.0400390625
4605 0.0439453125
4606 0.07421875
4607 0.078125
4608 0.1123046875
4609 0.1240234375
4610 0.140625
4611 0.13671875
4612 0.16015625
4613 0.1591796875
4614 0.1689453125
4615 0.1611328125
4616 0.1787109375
4617 0.162109375
4618 0.16796875
4619 0.158203125
4620 0.173828125
4621 0.166015625
4622 0.1708984375
4623 0.16015625
4624 0.1767578125
4625 0.138671875
4626 0.0966796875
4627 0.08203125
4628 0.1015625
4629 0.0498046875
4630 0.0712890625
4631 0.0673828125
4632 0.0986328125
4633 0.0419921875
4634 0.001953125
4635 0.0
4636 0.0341796875
4637 -0.0322265625
4638 -0.0322265625
4639 -0.0283203125
4640 0.01171875
4641 -0.044921875
4642 -0.041015625
4643 -0.0341796875
4644 0.005859375
4645 -0.0654296875
4646 -0.0595703125
4647 -0.0498046875
4648 -0.0048828125
4649 -0.0927734375
4650 -0.078125
4651 -0.06640625
4652 -0.0185546875
4653 -0.078125
4654 -0.068359375
4655 -0.056640625
4656 -0.01171875
4657 -0.0576171875
4658 -0.0478515625
4659 -0.0390625
4660 0.0029296875
4661 -0.0615234375
4662 -0.052734375
4663 -0.0419921875
4664 0.0
4665 -0.1142578125
4666 -0.12109375
4667 -0.099609375
4668 -0.0400390625
4669 -0.0986328125
4670 -0.083984375
4671 -0.0673828125
4672 -0.0146484375
4673 -0.0830078125
4674 -0.06640625
4675 -0.056640625
4676 -0.0068359375
4677 -0.0546875
4678 -0.0107421875
4679 0.0029296875
4680 0.048828125
4681 -0.00390625
4682 -0.05859375
4683 -0.041015625
4684 0.0048828125
4685 -0.0625
4686 -0.017578125
4687 -0.0009765625
4688 0.044921875
4689 -0.0048828125
4690 0.029296875
4691 0.0400390625
4692 0.078125
4693 0.01171875
4694 -0.0224609375
4695 -0.0185546875
4696 0.0234375
4697 -0.05859375
4698 -0.01171875
4699 -0.0009765625
4700 0.044921875
4701 -0.0556640625
4702 -0.0830078125
4703 -0.068359375
4704 -0.017578125
4705 -0.154296875
4706 -0.125
4707 -0.09765625
4708 -0.0390625
4709 -0.119140625
4710 -0.0966796875
4711 -0.0771484375
4712 -0.0234375
4713 -0.09765625
4714 -0.0791015625
4715 -0.0634765625
4716 -0.009765625
4717 -0.1171875
4718 -0.09765625
4719 -0.0791015625
4720 -0.01953125
4721 -0.08984375
4722 -0.072265625
4723 -0.056640625
4724 -0.0048828125
4725 -0.083984375
4726 -0.0712890625
4727 -0.056640625
4728 -0.00390625
4729 -0.1162109375
4730 -0.095703125
4731 -0.0712890625
4732 -0.0166015625
4733 -0.0849609375
4734 -0.0302734375
4735 -0.0107421875
4736 0.041015625
4737 0.044921875
4738 0.0751953125
4739 0.0810546875
4740 0.1142578125
4741 0.125
4742 0.140625
4743 0.1376953125
4744 0.16015625
4745 0.16015625
4746 0.169921875
4747 0.162109375
4748 0.1796875
4749 0.1630859375
4750 0.1708984375
4751 0.158203125
4752 0.17578125
4753 0.16796875
4754 0.173828125
4755 0.162109375
4756 0.177734375
4757 0.1396484375
4758 0.0986328125
4759 0.0810546875
4760 0.1005859375
4761 0.048828125
4762 0.0703125
4763 0.0673828125
4764 0.09765625
4765 0.041015625
4766 0.0029296875
4767 0.0
4768 0.0361328125
4769 -0.0322265625
4770 -0.033203125
4771 -0.0283203125
4772 0.01171875
4773 -0.044921875
4774 -0.0419921875
4775 -0.0341796875
4776 0.005859375
4777 -0.0634765625
4778 -0.05859375
4779 -0.0478515625
4780 -0.00390625
4781 -0.0927734375
4782 -0.080078125
4783 -0.06640625
4784 -0.0166015625
4785 -0.0771484375
4786 -0.0673828125
4787 -0.056640625
4788 -0.0087890625
4789 -0.056640625
4790 -0.044921875
4791 -0.0380859375
4792 0.00390625
4793 -0.060546875
4794 -0.0517578125
4795 -0.041015625
4796 0.001953125
4797 -0.111328125
4798 -0.119140625
4799 -0.095703125
4800 -0.037109375
4801 -0.0947265625
4802 -0.08203125
4803 -0.064453125
4804 -0.0126953125
4805 -0.08203125
4806 -0.0673828125
4807 -0.0576171875
4808 -0.0087890625
4809 -0.0537109375
4810 -0.009765625
4811 0.0029296875
4812 0.048828125
4813 -0.00390625
4814 -0.05859375
4815 -0.04296875
4816 0.005859375
4817 -0.0625
4818 -0.017578125
4819 -0.001953125
4820 0.0439453125
4821 -0.0009765625
4822 0.03125
4823 0.0419921875
4824 0.0791015625
4825 0.0166015625
4826 -0.01953125
4827 -0.015625
4828 0.025390625
4829 -0.0576171875
4830 -0.0107421875
4831 -0.001953125
4832 0.0458984375
4833 -0.0546875
4834 -0.080078125
4835 -0.06640625
4836 -0.015625
4837 -0.1513671875
4838 -0.1240234375
4839 -0.09765625
4840 -0.0380859375
4841 -0.1181640625
4842 -0.09375
4843 -0.0751953125
4844 -0.0224609375
4845 -0.0947265625
4846 -0.0791015625
4847 -0.0615234375
4848 -0.009765625
4849 -0.1142578125
4850 -0.0966796875
4851 -0.0771484375
4852 -0.0185546875
4853 -0.0908203125
4854 -0.0732421875
4855 -0.0556640625
4856 -0.005859375
4857 -0.0859375
4858 -0.0732421875
4859 -0.0576171875
4860 -0.00390625
4861 -0.1201171875
4862 -0.0986328125
4863 -0.076171875
4864 -0.01953125
4865 -0.0859375
4866 -0.0322265625
4867 -0.01171875
4868 0.0390625
4869 0.044921875
4870 0.07421875
4871 0.080078125
4872 0.11328125
4873 0.125
4874 0.140625
4875 0.1376953125
4876 0.1611328125
4877 0.1611328125
4878 0.169921875
4879 0.16015625
4880 0.1806640625
4881 0.1640625
4882 0.171875
4883 0.1591796875
4884 0.17578125
4885 0.16796875
4886 0.171875
4887 0.1630859375
4888 0.177734375
4889 0.1396484375
4890 0.0986328125
4891 0.08203125
4892 0.1015625
4893 0.0546875
4894 0.0712890625
4895 0.0673828125
4896 0.1005859375
4897 0.041015625
4898 0.0048828125
4899 0.0
4900 0.0361328125
4901 -0.0322265625
4902 -0.0302734375
4903 -0.02734375
4904 0.013671875
4905 -0.0458984375
4906 -0.0439453125
4907 -0.03515625
4908 0.005859375
4909 -0.0654296875
4910 -0.0576171875
4911 -0.05078125
4912 -0.0048828125
4913 -0.0927734375
4914 -0.080078125
4915 -0.0634765625
4916 -0.0166015625
4917 -0.0751953125
4918 -0.0673828125
4919 -0.0576171875
4920 -0.0087890625
4921 -0.056640625
4922 -0.0458984375
4923 -0.0380859375
4924 0.0029296875
4925 -0.0615234375
4926 -0.0498046875
4927 -0.041015625
4928 0.0009765625
4929 -0.11328125
4930 -0.119140625
4931 -0.0947265625
4932 -0.0361328125
4933 -0.095703125
4934 -0.0830078125
4935 -0.0654296875
4936 -0.013671875
4937 -0.0810546875
4938 -0.06640625
4939 -0.0546875
4940 -0.0048828125
4941 -0.0537109375
4942 -0.0087890625
4943 0.00390625
4944 0.048828125
4945 -0.0029296875
4946 -0.056640625
4947 -0.041015625
4948 0.005859375
4949 -0.0634765625
4950 -0.0166015625
4951 -0.001953125
4952 0.0458984375
4953 -0.00390625
4954 0.0302734375
4955 0.0390625
4956 0.076171875
4957 0.01171875
4958 -0.0244140625
4959 -0.0166015625
4960 0.0234375
4961 -0.0595703125
4962 -0.013671875
4963 -0.0029296875
4964 0.044921875
4965 -0.0546875
4966 -0.08203125
4967 -0.068359375
4968 -0.015625
4969 -0.15234375
4970 -0.123046875
4971 -0.09765625
4972 -0.0390625
4973 -0.12109375
4974 -0.0947265625
4975 -0.0771484375
4976 -0.0244140625
4977 -0.095703125
4978 -0.078125
4979 -0.0615234375
4980 -0.0087890625
4981 -0.1162109375
4982 -0.0986328125
4983 -0.076171875
4984 -0.01953125
4985 -0.087890625
4986 -0.0712890625
4987 -0.0556640625
4988 -0.00390625
4989 -0.083984375
4990 -0.072265625
4991 -0.056640625
4992 -0.001953125
4993 -0.1181640625
4994 -0.0966796875
4995 -0.0732421875
4996 -0.015625
4997 -0.0869140625
4998 -0.0322265625
4999 -0.0126953125
