x y
0 0.02734375
1 -0.0908203125
2 -0.068359375
3 -0.0185546875
4 -0.0205078125
5 -0.4130859375
6 -0.076171875
7 -0.0068359375
8 -0.033203125
9 -0.1494140625
10 -0.0625
11 0.0048828125
12 -0.0234375
13 -0.130859375
14 -0.0087890625
15 0.064453125
16 0.029296875
17 -0.0791015625
18 -0.060546875
19 0.013671875
20 -0.015625
21 -0.142578125
22 -0.017578125
23 0.0576171875
24 0.0263671875
25 -0.1064453125
26 -0.0615234375
27 0.0087890625
28 -0.01953125
29 -0.1337890625
30 -0.0478515625
31 0.021484375
32 -0.01171875
33 -0.115234375
34 -0.03125
35 0.0361328125
36 -0.0009765625
37 -0.1181640625
38 0.0029296875
39 0.07421875
40 0.037109375
41 -0.0517578125
42 0.060546875
43 0.1240234375
44 0.0771484375
45 0.013671875
46 0.1171875
47 0.1748046875
48 0.1171875
49 0.0205078125
50 0.0673828125
51 0.1162109375
52 0.0595703125
53 -0.068359375
54 0.0419921875
55 0.10546875
56 0.05859375
57 -0.0771484375
58 -0.0400390625
59 0.0244140625
60 -0.009765625
61 -0.12109375
62 -0.0390625
63 0.029296875
64 -0.0087890625
65 -0.123046875
66 -0.037109375
67 0.02734375
68 -0.0078125
69 -0.154296875
70 -0.0234375
71 0.0517578125
72 0.0166015625
73 -0.041015625
74 0.0751953125
75 0.138671875
76 0.0830078125
77 -0.009765625
78 0.041015625
79 0.0966796875
80 0.0390625
81 -0.0908203125
82 0.025390625
83 0.0927734375
84 0.046875
85 -0.0888671875
86 -0.048828125
87 0.01953125
88 -0.0166015625
89 -0.1337890625
90 -0.044921875
91 0.025390625
92 -0.0107421875
93 -0.1279296875
94 -0.0419921875
95 0.0263671875
96 -0.01171875
97 -0.1572265625
98 -0.02734375
99 0.05078125
100 0.0146484375
101 -0.041015625
102 0.072265625
103 0.13671875
104 0.0830078125
105 -0.01171875
106 0.0390625
107 0.0947265625
108 0.0380859375
109 -0.0908203125
110 0.025390625
111 0.0908203125
112 0.046875
113 -0.0908203125
114 -0.0498046875
115 0.017578125
116 -0.015625
117 -0.1318359375
118 -0.044921875
119 0.0205078125
120 -0.01171875
121 -0.126953125
122 -0.041015625
123 0.0224609375
124 -0.01171875
125 -0.154296875
126 -0.02734375
127 0.046875
128 0.015625
129 -0.0390625
130 0.0693359375
131 0.1337890625
132 0.0849609375
133 -0.009765625
134 0.037109375
135 0.08984375
136 0.0390625
137 -0.0908203125
138 0.0234375
139 0.0859375
140 0.0478515625
141 -0.0927734375
142 -0.052734375
143 0.013671875
144 -0.0185546875
145 -0.1318359375
146 -0.0478515625
147 0.0205078125
148 -0.0146484375
149 -0.126953125
150 -0.04296875
151 0.0234375
152 -0.0126953125
153 -0.1533203125
154 -0.02734375
155 0.05078125
156 0.0166015625
157 -0.0390625
158 0.072265625
159 0.1357421875
160 0.083984375
161 -0.01171875
162 0.0390625
163 0.0927734375
164 0.0380859375
165 -0.0908203125
166 0.025390625
167 0.0908203125
168 0.046875
169 -0.091796875
170 -0.05078125
171 0.017578125
172 -0.017578125
173 -0.1318359375
174 -0.0458984375
175 0.0224609375
176 -0.013671875
177 -0.1259765625
178 -0.0419921875
179 0.0224609375
180 -0.0126953125
181 -0.154296875
182 -0.025390625
183 0.0498046875
184 0.0146484375
185 -0.041015625
186 0.072265625
187 0.1357421875
188 0.08203125
189 -0.0126953125
190 0.037109375
191 0.0927734375
192 0.0361328125
193 -0.09375
194 0.021484375
195 0.087890625
196 0.044921875
197 -0.0947265625
198 -0.0517578125
199 0.0166015625
200 -0.017578125
201 -0.1337890625
202 -0.046875
203 0.0205078125
204 -0.0126953125
205 -0.12890625
206 -0.0419921875
207 0.025390625
208 -0.0126953125
209 -0.15625
210 -0.02734375
211 0.0478515625
212 0.0146484375
213 -0.0419921875
214 0.0712890625
215 0.1357421875
216 0.08203125
217 -0.01171875
218 0.0361328125
219 0.0908203125
220 0.037109375
221 -0.09375
222 0.0224609375
223 0.08984375
224 0.0458984375
225 -0.091796875
226 -0.0517578125
227 0.013671875
228 -0.017578125
229 -0.1318359375
230 -0.0478515625
231 0.0185546875
232 -0.013671875
233 -0.1279296875
234 -0.04296875
235 0.01953125
236 -0.01171875
237 -0.15625
238 -0.029296875
239 0.0439453125
240 0.0146484375
241 -0.0390625
242 0.068359375
243 0.1318359375
244 0.08203125
245 -0.0107421875
246 0.0361328125
247 0.087890625
248 0.037109375
249 -0.09375
250 0.0205078125
251 0.0849609375
252 0.0439453125
253 -0.0927734375
254 -0.052734375
255 0.0146484375
256 -0.017578125
257 -0.1337890625
258 -0.0458984375
259 0.0205078125
260 -0.013671875
261 -0.1259765625
262 -0.0419921875
263 0.0224609375
264 -0.0107421875
265 -0.1533203125
266 -0.02734375
267 0.0478515625
268 0.0166015625
269 -0.0390625
270 0.0712890625
271 0.134765625
272 0.083984375
273 -0.0107421875
274 0.0380859375
275 0.0888671875
276 0.0380859375
277 -0.091796875
278 0.0244140625
279 0.0888671875
280 0.0478515625
281 -0.0908203125
282 -0.05078125
283 0.0166015625
284 -0.0166015625
285 -0.1318359375
286 -0.0478515625
287 0.0185546875
288 -0.013671875
289 -0.1279296875
290 -0.0439453125
291 0.0224609375
292 -0.01171875
293 -0.154296875
294 -0.029296875
295 0.0458984375
296 0.0146484375
297 -0.04296875
298 0.0703125
299 0.1337890625
300 0.08203125
301 -0.013671875
302 0.0390625
303 0.09375
304 0.037109375
305 -0.0947265625
306 0.0234375
307 0.08984375
308 0.044921875
309 -0.091796875
310 -0.0517578125
311 0.01953125
312 -0.017578125
313 -0.134765625
314 -0.0458984375
315 0.025390625
316 -0.015625
317 -0.130859375
318 -0.041015625
319 0.02734375
320 -0.013671875
321 -0.158203125
322 -0.0263671875
323 0.048828125
324 0.013671875
325 -0.0419921875
326 0.0712890625
327 0.1357421875
328 0.083984375
329 -0.013671875
330 0.037109375
331 0.09375
332 0.0361328125
333 -0.0947265625
334 0.021484375
335 0.091796875
336 0.0439453125
337 -0.09375
338 -0.0517578125
339 0.0185546875
340 -0.0185546875
341 -0.134765625
342 -0.0458984375
343 0.0224609375
344 -0.0146484375
345 -0.130859375
346 -0.0419921875
347 0.0244140625
348 -0.013671875
349 -0.158203125
350 -0.0263671875
351 0.0498046875
352 0.0126953125
353 -0.0439453125
354 0.0693359375
355 0.13671875
356 0.0810546875
357 -0.0126953125
358 0.037109375
359 0.09375
360 0.0380859375
361 -0.09375
362 0.0224609375
363 0.087890625
364 0.0439453125
365 -0.095703125
366 -0.0517578125
367 0.017578125
368 -0.0185546875
369 -0.134765625
370 -0.046875
371 0.0224609375
372 -0.0126953125
373 -0.12890625
374 -0.04296875
375 0.025390625
376 -0.0146484375
377 -0.1552734375
378 -0.0263671875
379 0.048828125
380 0.0146484375
381 -0.041015625
382 0.0712890625
383 0.13671875
384 0.0810546875
385 -0.0126953125
386 0.0361328125
387 0.0908203125
388 0.037109375
389 -0.0947265625
390 0.0234375
391 0.08984375
392 0.0458984375
393 -0.0927734375
394 -0.05078125
395 0.015625
396 -0.017578125
397 -0.1328125
398 -0.046875
399 0.0224609375
400 -0.015625
401 -0.1298828125
402 -0.04296875
403 0.025390625
404 -0.0126953125
405 -0.1572265625
406 -0.02734375
407 0.0498046875
408 0.0146484375
409 -0.0439453125
410 0.0712890625
411 0.1376953125
412 0.0810546875
413 -0.013671875
414 0.037109375
415 0.09375
416 0.037109375
417 -0.095703125
418 0.0234375
419 0.0908203125
420 0.0439453125
421 -0.09375
422 -0.0517578125
423 0.017578125
424 -0.0185546875
425 -0.134765625
426 -0.0478515625
427 0.021484375
428 -0.0146484375
429 -0.12890625
430 -0.0439453125
431 0.021484375
432 -0.013671875
433 -0.154296875
434 -0.029296875
435 0.044921875
436 0.015625
437 -0.041015625
438 0.0712890625
439 0.1318359375
440 0.08203125
441 -0.0126953125
442 0.0361328125
443 0.0888671875
444 0.037109375
445 -0.0927734375
446 0.0234375
447 0.0869140625
448 0.044921875
449 -0.0927734375
450 -0.052734375
451 0.0126953125
452 -0.017578125
453 -0.1318359375
454 -0.048828125
455 0.0166015625
456 -0.013671875
457 -0.126953125
458 -0.0439453125
459 0.0166015625
460 -0.01171875
461 -0.154296875
462 -0.0302734375
463 0.041015625
464 0.0166015625
465 -0.0380859375
466 0.0693359375
467 0.12890625
468 0.083984375
469 -0.0087890625
470 0.0361328125
471 0.0869140625
472 0.0380859375
473 -0.0908203125
474 0.021484375
475 0.083984375
476 0.044921875
477 -0.0927734375
478 -0.0537109375
479 0.009765625
480 -0.017578125
481 -0.1318359375
482 -0.046875
483 0.015625
484 -0.0146484375
485 -0.1259765625
486 -0.0419921875
487 0.01953125
488 -0.0107421875
489 -0.150390625
490 -0.02734375
491 0.044921875
492 0.0166015625
493 -0.037109375
494 0.0703125
495 0.1318359375
496 0.0830078125
497 -0.0087890625
498 0.0380859375
499 0.0888671875
500 0.0390625
501 -0.0888671875
502 0.0244140625
503 0.0859375
504 0.0478515625
505 -0.0888671875
506 -0.05078125
507 0.0126953125
508 -0.015625
509 -0.1259765625
510 -0.0458984375
511 0.0185546875
512 -0.01171875
513 -0.126953125
514 -0.0439453125
515 0.01953125
516 -0.01171875
517 -0.1513671875
518 -0.02734375
519 0.0458984375
520 0.0146484375
521 -0.0380859375
522 0.0703125
523 0.1337890625
524 0.0830078125
525 -0.009765625
526 0.0380859375
527 0.087890625
528 0.0380859375
529 -0.0908203125
530 0.0234375
531 0.0849609375
532 0.044921875
533 -0.08984375
534 -0.0517578125
535 0.013671875
536 -0.0166015625
537 -0.130859375
538 -0.0458984375
539 0.0185546875
540 -0.0146484375
541 -0.1259765625
542 -0.04296875
543 0.021484375
544 -0.0107421875
545 -0.1533203125
546 -0.0283203125
547 0.044921875
548 0.015625
549 -0.0390625
550 0.0703125
551 0.130859375
552 0.083984375
553 -0.01171875
554 0.037109375
555 0.0888671875
556 0.0390625
557 -0.091796875
558 0.0244140625
559 0.0888671875
560 0.0458984375
561 -0.08984375
562 -0.0517578125
563 0.0146484375
564 -0.0166015625
565 -0.130859375
566 -0.0478515625
567 0.0205078125
568 -0.013671875
569 -0.1279296875
570 -0.04296875
571 0.021484375
572 -0.0107421875
573 -0.1572265625
574 -0.029296875
575 0.04296875
576 0.013671875
577 -0.0419921875
578 0.0703125
579 0.1328125
580 0.080078125
581 -0.0126953125
582 0.0361328125
583 0.0888671875
584 0.0380859375
585 -0.09375
586 0.0205078125
587 0.0869140625
588 0.044921875
589 -0.0908203125
590 -0.0517578125
591 0.013671875
592 -0.0185546875
593 -0.1328125
594 -0.0478515625
595 0.0185546875
596 -0.0126953125
597 -0.12890625
598 -0.0419921875
599 0.021484375
600 -0.0107421875
601 -0.1533203125
602 -0.02734375
603 0.046875
604 0.015625
605 -0.0400390625
606 0.0703125
607 0.1337890625
608 0.0830078125
609 -0.0087890625
610 0.037109375
611 0.08984375
612 0.037109375
613 -0.0908203125
614 0.0224609375
615 0.0859375
616 0.0458984375
617 -0.0908203125
618 -0.0517578125
619 0.013671875
620 -0.017578125
621 -0.130859375
622 -0.0478515625
623 0.0185546875
624 -0.0146484375
625 -0.1259765625
626 -0.0439453125
627 0.017578125
628 -0.0126953125
629 -0.1513671875
630 -0.029296875
631 0.0458984375
632 0.0166015625
633 -0.0390625
634 0.0693359375
635 0.1318359375
636 0.0830078125
637 -0.0107421875
638 0.0361328125
639 0.0888671875
640 0.0390625
641 -0.09375
642 0.0224609375
643 0.0869140625
644 0.0458984375
645 -0.0927734375
646 -0.0517578125
647 0.0146484375
648 -0.017578125
649 -0.1337890625
650 -0.046875
651 0.01953125
652 -0.0146484375
653 -0.1279296875
654 -0.0439453125
655 0.0244140625
656 -0.013671875
657 -0.154296875
658 -0.0283203125
659 0.0458984375
660 0.015625
661 -0.0400390625
662 0.0703125
663 0.1337890625
664 0.083984375
665 -0.01171875
666 0.037109375
667 0.0888671875
668 0.0380859375
669 -0.09375
670 0.0224609375
671 0.0869140625
672 0.0439453125
673 -0.091796875
674 -0.0537109375
675 0.01171875
676 -0.0185546875
677 -0.1298828125
678 -0.048828125
679 0.01953125
680 -0.013671875
681 -0.126953125
682 -0.044921875
683 0.01953125
684 -0.01171875
685 -0.1572265625
686 -0.0283203125
687 0.044921875
688 0.0146484375
689 -0.041015625
690 0.0703125
691 0.1318359375
692 0.083984375
693 -0.0126953125
694 0.0361328125
695 0.08984375
696 0.0380859375
697 -0.09375
698 0.021484375
699 0.0859375
700 0.04296875
701 -0.08984375
702 -0.0517578125
703 0.017578125
704 -0.017578125
705 -0.1318359375
706 -0.0458984375
707 0.0185546875
708 -0.013671875
709 -0.1259765625
710 -0.0419921875
711 0.0224609375
712 -0.01171875
713 -0.15234375
714 -0.0244140625
715 0.0458984375
716 0.0146484375
717 -0.037109375
718 0.0693359375
719 0.130859375
720 0.08203125
721 -0.0107421875
722 0.0361328125
723 0.0869140625
724 0.037109375
725 -0.0869140625
726 0.0224609375
727 0.0849609375
728 0.046875
729 -0.0888671875
730 -0.048828125
731 0.013671875
732 -0.0166015625
733 -0.12890625
734 -0.0458984375
735 0.01953125
736 -0.0107421875
737 -0.1240234375
738 -0.0439453125
739 0.021484375
740 -0.01171875
741 -0.1533203125
742 -0.029296875
743 0.0439453125
744 0.015625
745 -0.0380859375
746 0.0703125
747 0.130859375
748 0.08203125
749 -0.0087890625
750 0.037109375
751 0.087890625
752 0.0390625
753 -0.0908203125
754 0.0224609375
755 0.0859375
756 0.044921875
757 -0.0908203125
758 -0.048828125
759 0.0146484375
760 -0.0166015625
761 -0.1298828125
762 -0.0458984375
763 0.0185546875
764 -0.013671875
765 -0.126953125
766 -0.04296875
767 0.021484375
768 -0.0126953125
769 -0.154296875
770 -0.0283203125
771 0.044921875
772 0.0126953125
773 -0.0380859375
774 0.0693359375
775 0.1328125
776 0.08203125
777 -0.0107421875
778 0.037109375
779 0.0888671875
780 0.0380859375
781 -0.091796875
782 0.0224609375
783 0.087890625
784 0.0458984375
785 -0.0908203125
786 -0.0498046875
787 0.017578125
788 -0.0166015625
789 -0.1337890625
790 -0.046875
791 0.0234375
792 -0.013671875
793 -0.1298828125
794 -0.04296875
795 0.025390625
796 -0.013671875
797 -0.1572265625
798 -0.029296875
799 0.046875
800 0.013671875
801 -0.0439453125
802 0.0703125
803 0.134765625
804 0.08203125
805 -0.0146484375
806 0.0380859375
807 0.0927734375
808 0.0361328125
809 -0.0966796875
810 0.021484375
811 0.08984375
812 0.04296875
813 -0.0947265625
814 -0.0537109375
815 0.0185546875
816 -0.0205078125
817 -0.134765625
818 -0.046875
819 0.025390625
820 -0.0166015625
821 -0.130859375
822 -0.0439453125
823 0.0263671875
824 -0.013671875
825 -0.1572265625
826 -0.025390625
827 0.0498046875
828 0.0146484375
829 -0.04296875
830 0.072265625
831 0.13671875
832 0.0830078125
833 -0.0107421875
834 0.037109375
835 0.091796875
836 0.0361328125
837 -0.0947265625
838 0.0224609375
839 0.0908203125
840 0.044921875
841 -0.0927734375
842 -0.05078125
843 0.01953125
844 -0.0185546875
845 -0.134765625
846 -0.046875
847 0.0234375
848 -0.0146484375
849 -0.1298828125
850 -0.0419921875
851 0.0244140625
852 -0.013671875
853 -0.158203125
854 -0.0263671875
855 0.0498046875
856 0.013671875
857 -0.0439453125
858 0.0712890625
859 0.13671875
860 0.0810546875
861 -0.0146484375
862 0.0341796875
863 0.0927734375
864 0.03515625
865 -0.09765625
866 0.021484375
867 0.0888671875
868 0.04296875
869 -0.09375
870 -0.05078125
871 0.0166015625
872 -0.0185546875
873 -0.134765625
874 -0.0458984375
875 0.0224609375
876 -0.0146484375
877 -0.1298828125
878 -0.04296875
879 0.02734375
880 -0.013671875
881 -0.1572265625
882 -0.029296875
883 0.048828125
884 0.013671875
885 -0.04296875
886 0.0712890625
887 0.13671875
888 0.0830078125
889 -0.013671875
890 0.037109375
891 0.0908203125
892 0.0380859375
893 -0.095703125
894 0.0224609375
895 0.0888671875
896 0.044921875
897 -0.0947265625
898 -0.05078125
899 0.017578125
900 -0.017578125
901 -0.1337890625
902 -0.046875
903 0.0224609375
904 -0.0146484375
905 -0.12890625
906 -0.0439453125
907 0.0224609375
908 -0.0146484375
909 -0.1572265625
910 -0.0302734375
911 0.0458984375
912 0.013671875
913 -0.0419921875
914 0.0703125
915 0.1337890625
916 0.08203125
917 -0.01171875
918 0.0361328125
919 0.08984375
920 0.0380859375
921 -0.0966796875
922 0.021484375
923 0.0869140625
924 0.0439453125
925 -0.0966796875
926 -0.052734375
927 0.017578125
928 -0.01953125
929 -0.1337890625
930 -0.0478515625
931 0.0224609375
932 -0.0146484375
933 -0.1279296875
934 -0.0419921875
935 0.0244140625
936 -0.013671875
937 -0.1552734375
938 -0.0263671875
939 0.0458984375
940 0.0146484375
941 -0.041015625
942 0.0703125
943 0.1337890625
944 0.083984375
945 -0.009765625
946 0.0390625
947 0.0908203125
948 0.037109375
949 -0.0908203125
950 0.0244140625
951 0.0908203125
952 0.0458984375
953 -0.0908203125
954 -0.052734375
955 0.0166015625
956 -0.017578125
957 -0.134765625
958 -0.0478515625
959 0.021484375
960 -0.0146484375
961 -0.1298828125
962 -0.04296875
963 0.0224609375
964 -0.013671875
965 -0.158203125
966 -0.02734375
967 0.046875
968 0.0146484375
969 -0.041015625
970 0.0712890625
971 0.1337890625
972 0.08203125
973 -0.0107421875
974 0.037109375
975 0.0908203125
976 0.0361328125
977 -0.091796875
978 0.0224609375
979 0.087890625
980 0.0458984375
981 -0.091796875
982 -0.052734375
983 0.013671875
984 -0.0166015625
985 -0.1337890625
986 -0.0458984375
987 0.0205078125
988 -0.01171875
989 -0.126953125
990 -0.04296875
991 0.0244140625
992 -0.01171875
993 -0.15625
994 -0.029296875
995 0.046875
996 0.0146484375
997 -0.0419921875
998 0.0703125
999 0.1357421875
1000 0.0830078125
1001 -0.0107421875
1002 0.037109375
1003 0.08984375
1004 0.0380859375
1005 -0.09375
1006 0.0224609375
1007 0.08984375
1008 0.0458984375
1009 -0.09375
1010 -0.052734375
1011 0.0146484375
1012 -0.017578125
1013 -0.1318359375
1014 -0.0478515625
1015 0.0205078125
1016 -0.013671875
1017 -0.12890625
1018 -0.04296875
1019 0.0205078125
1020 -0.01171875
1021 -0.1552734375
1022 -0.029296875
1023 0.0458984375
1024 0.0146484375
1025 -0.041015625
1026 0.0693359375
1027 0.1337890625
1028 0.0830078125
1029 -0.01171875
1030 0.0361328125
1031 0.0908203125
1032 0.0380859375
1033 -0.0947265625
1034 0.0205078125
1035 0.0869140625
1036 0.044921875
1037 -0.09375
1038 -0.0517578125
1039 0.0146484375
1040 -0.0205078125
1041 -0.1337890625
1042 -0.0478515625
1043 0.021484375
1044 -0.0146484375
1045 -0.1298828125
1046 -0.0439453125
1047 0.0234375
1048 -0.01171875
1049 -0.154296875
1050 -0.02734375
1051 0.0478515625
1052 0.015625
1053 -0.041015625
1054 0.0703125
1055 0.134765625
1056 0.08203125
1057 -0.0107421875
1058 0.037109375
1059 0.08984375
1060 0.0400390625
1061 -0.091796875
1062 0.0224609375
1063 0.0888671875
1064 0.044921875
1065 -0.0927734375
1066 -0.052734375
1067 0.0146484375
1068 -0.0166015625
1069 -0.130859375
1070 -0.046875
1071 0.0224609375
1072 -0.013671875
1073 -0.1279296875
1074 -0.0439453125
1075 0.021484375
1076 -0.0126953125
1077 -0.1552734375
1078 -0.0263671875
1079 0.0458984375
1080 0.015625
1081 -0.0400390625
1082 0.0712890625
1083 0.1337890625
1084 0.0830078125
1085 -0.009765625
1086 0.037109375
1087 0.0927734375
1088 0.0380859375
1089 -0.0927734375
1090 0.021484375
1091 0.0888671875
1092 0.044921875
1093 -0.0927734375
1094 -0.052734375
1095 0.015625
1096 -0.017578125
1097 -0.134765625
1098 -0.0478515625
1099 0.0224609375
1100 -0.0146484375
1101 -0.1298828125
1102 -0.0439453125
1103 0.0224609375
1104 -0.01171875
1105 -0.15625
1106 -0.029296875
1107 0.0478515625
1108 0.0146484375
1109 -0.0419921875
1110 0.0712890625
1111 0.1376953125
1112 0.08203125
1113 -0.0107421875
1114 0.037109375
1115 0.0927734375
1116 0.037109375
1117 -0.0927734375
1118 0.0224609375
1119 0.08984375
1120 0.0458984375
1121 -0.0947265625
1122 -0.052734375
1123 0.0166015625
1124 -0.017578125
1125 -0.1328125
1126 -0.0478515625
1127 0.0224609375
1128 -0.013671875
1129 -0.1298828125
1130 -0.0439453125
1131 0.0234375
1132 -0.013671875
1133 -0.1572265625
1134 -0.029296875
1135 0.0478515625
1136 0.013671875
1137 -0.0400390625
1138 0.0693359375
1139 0.1318359375
1140 0.08203125
1141 -0.01171875
1142 0.037109375
1143 0.08984375
1144 0.0390625
1145 -0.0947265625
1146 0.0224609375
1147 0.0869140625
1148 0.0439453125
1149 -0.09375
1150 -0.0537109375
1151 0.013671875
1152 -0.0185546875
1153 -0.1337890625
1154 -0.046875
1155 0.021484375
1156 -0.013671875
1157 -0.1259765625
1158 -0.04296875
1159 0.0244140625
1160 -0.01171875
1161 -0.154296875
1162 -0.02734375
1163 0.0478515625
1164 0.0146484375
1165 -0.0400390625
1166 0.072265625
1167 0.1337890625
1168 0.0830078125
1169 -0.0107421875
1170 0.0390625
1171 0.0908203125
1172 0.0390625
1173 -0.0908203125
1174 0.025390625
1175 0.087890625
1176 0.046875
1177 -0.0908203125
1178 -0.05078125
1179 0.017578125
1180 -0.0166015625
1181 -0.1298828125
1182 -0.0458984375
1183 0.0224609375
1184 -0.01171875
1185 -0.125
1186 -0.04296875
1187 0.021484375
1188 -0.0126953125
1189 -0.1552734375
1190 -0.02734375
1191 0.0439453125
1192 0.0146484375
1193 -0.0400390625
1194 0.0703125
1195 0.1318359375
1196 0.0849609375
1197 -0.009765625
1198 0.037109375
1199 0.087890625
1200 0.0390625
1201 -0.091796875
1202 0.021484375
1203 0.0849609375
1204 0.0458984375
1205 -0.0908203125
1206 -0.0537109375
1207 0.015625
1208 -0.015625
1209 -0.1298828125
1210 -0.046875
1211 0.017578125
1212 -0.0107421875
1213 -0.125
1214 -0.0419921875
1215 0.01953125
1216 -0.0087890625
1217 -0.15234375
1218 -0.0283203125
1219 0.04296875
1220 0.015625
1221 -0.0380859375
1222 0.0693359375
1223 0.130859375
1224 0.08203125
1225 -0.009765625
1226 0.037109375
1227 0.0888671875
1228 0.0380859375
1229 -0.0888671875
1230 0.0224609375
1231 0.0869140625
1232 0.046875
1233 -0.0908203125
1234 -0.0517578125
1235 0.01171875
1236 -0.0146484375
1237 -0.1298828125
1238 -0.0478515625
1239 0.0166015625
1240 -0.0126953125
1241 -0.1259765625
1242 -0.0439453125
1243 0.0185546875
1244 -0.01171875
1245 -0.154296875
1246 -0.0302734375
1247 0.041015625
1248 0.0146484375
1249 -0.0390625
1250 0.0693359375
1251 0.12890625
1252 0.08203125
1253 -0.0107421875
1254 0.0361328125
1255 0.087890625
1256 0.0380859375
1257 -0.0927734375
1258 0.01953125
1259 0.083984375
1260 0.0458984375
1261 -0.09375
1262 -0.0537109375
1263 0.01171875
1264 -0.0166015625
1265 -0.1318359375
1266 -0.0478515625
1267 0.0185546875
1268 -0.013671875
1269 -0.126953125
1270 -0.0419921875
1271 0.021484375
1272 -0.01171875
1273 -0.15234375
1274 -0.02734375
1275 0.0478515625
1276 0.0146484375
1277 -0.0390625
1278 0.072265625
1279 0.1337890625
1280 0.0849609375
1281 -0.009765625
1282 0.0380859375
1283 0.087890625
1284 0.0400390625
1285 -0.0908203125
1286 0.0224609375
1287 0.087890625
1288 0.046875
1289 -0.091796875
1290 -0.052734375
1291 0.015625
1292 -0.0185546875
1293 -0.1337890625
1294 -0.046875
1295 0.0205078125
1296 -0.0146484375
1297 -0.1298828125
1298 -0.044921875
1299 0.0234375
1300 -0.0126953125
1301 -0.1552734375
1302 -0.02734375
1303 0.046875
1304 0.0166015625
1305 -0.041015625
1306 0.0703125
1307 0.1328125
1308 0.08203125
1309 -0.01171875
1310 0.0390625
1311 0.091796875
1312 0.0390625
1313 -0.095703125
1314 0.021484375
1315 0.087890625
1316 0.0439453125
1317 -0.0947265625
1318 -0.0537109375
1319 0.0166015625
1320 -0.017578125
1321 -0.1328125
1322 -0.0478515625
1323 0.0205078125
1324 -0.0146484375
1325 -0.1279296875
1326 -0.0419921875
1327 0.0224609375
1328 -0.0126953125
1329 -0.15625
1330 -0.02734375
1331 0.0458984375
1332 0.0166015625
1333 -0.0400390625
1334 0.0703125
1335 0.134765625
1336 0.083984375
1337 -0.01171875
1338 0.037109375
1339 0.0908203125
1340 0.0380859375
1341 -0.09375
1342 0.01953125
1343 0.087890625
1344 0.0439453125
1345 -0.09375
1346 -0.0546875
1347 0.013671875
1348 -0.01953125
1349 -0.134765625
1350 -0.0478515625
1351 0.0205078125
1352 -0.0146484375
1353 -0.12890625
1354 -0.04296875
1355 0.0205078125
1356 -0.01171875
1357 -0.15625
1358 -0.029296875
1359 0.0458984375
1360 0.013671875
1361 -0.041015625
1362 0.0703125
1363 0.1337890625
1364 0.08203125
1365 -0.0107421875
1366 0.037109375
1367 0.0908203125
1368 0.0380859375
1369 -0.09375
1370 0.021484375
1371 0.0869140625
1372 0.044921875
1373 -0.0927734375
1374 -0.052734375
1375 0.013671875
1376 -0.017578125
1377 -0.1337890625
1378 -0.046875
1379 0.01953125
1380 -0.0146484375
1381 -0.1279296875
1382 -0.0419921875
1383 0.025390625
1384 -0.01171875
1385 -0.1533203125
1386 -0.0283203125
1387 0.048828125
1388 0.015625
1389 -0.0400390625
1390 0.0712890625
1391 0.134765625
1392 0.0830078125
1393 -0.01171875
1394 0.0380859375
1395 0.08984375
1396 0.0390625
1397 -0.091796875
1398 0.0244140625
1399 0.0888671875
1400 0.048828125
1401 -0.091796875
1402 -0.048828125
1403 0.0185546875
1404 -0.015625
1405 -0.1318359375
1406 -0.044921875
1407 0.0244140625
1408 -0.013671875
1409 -0.1259765625
1410 -0.0439453125
1411 0.025390625
1412 -0.0126953125
1413 -0.154296875
1414 -0.02734375
1415 0.0478515625
1416 0.0146484375
1417 -0.0400390625
1418 0.0712890625
1419 0.134765625
1420 0.083984375
1421 -0.0107421875
1422 0.0380859375
1423 0.0908203125
1424 0.0400390625
1425 -0.0908203125
1426 0.0224609375
1427 0.0869140625
1428 0.0458984375
1429 -0.0908203125
1430 -0.0517578125
1431 0.0166015625
1432 -0.017578125
1433 -0.1328125
1434 -0.046875
1435 0.0224609375
1436 -0.0126953125
1437 -0.1259765625
1438 -0.041015625
1439 0.0224609375
1440 -0.009765625
1441 -0.1318359375
1442 -0.0078125
1443 0.0634765625
1444 0.0283203125
1445 -0.08203125
1446 -0.0302734375
1447 0.0322265625
1448 -0.005859375
1449 -0.1201171875
1450 -0.0419921875
1451 0.0263671875
1452 -0.0078125
1453 -0.12890625
1454 -0.0439453125
1455 0.0224609375
1456 -0.0126953125
1457 -0.17578125
1458 -0.0859375
1459 -0.015625
1460 -0.0390625
1461 -0.1962890625
1462 -0.0625
1463 0.01953125
1464 -0.0029296875
1465 -0.0771484375
1466 0.041015625
1467 0.1064453125
1468 0.064453125
1469 0.0009765625
1470 0.10546875
1471 0.1650390625
1472 0.1083984375
1473 0.0126953125
1474 0.0546875
1475 0.1044921875
1476 0.05078125
1477 -0.0634765625
1478 0.044921875
1479 0.1064453125
1480 0.0595703125
1481 -0.0185546875
1482 0.0859375
1483 0.142578125
1484 0.0927734375
1485 -0.009765625
1486 0.0302734375
1487 0.083984375
1488 0.03515625
1489 -0.0712890625
1490 0.037109375
1491 0.099609375
1492 0.056640625
1493 -0.009765625
1494 0.0927734375
1495 0.1494140625
1496 0.0947265625
1497 -0.005859375
1498 0.0302734375
1499 0.083984375
1500 0.0361328125
1501 -0.0625
1502 0.0166015625
1503 0.0703125
1504 0.021484375
1505 -0.138671875
1506 -0.0185546875
1507 0.05078125
1508 0.0166015625
1509 -0.099609375
1510 0.015625
1511 0.080078125
1512 0.0400390625
1513 -0.10546875
1514 -0.0615234375
1515 0.0048828125
1516 -0.0244140625
1517 -0.1435546875
1518 -0.0166015625
1519 0.0556640625
1520 0.017578125
1521 -0.05078125
1522 0.05859375
1523 0.123046875
1524 0.072265625
1525 -0.052734375
1526 -0.015625
1527 0.0439453125
1528 0.0048828125
1529 -0.1044921875
1530 0.01171875
1531 0.078125
1532 0.037109375
1533 -0.064453125
1534 -0.0166015625
1535 0.041015625
1536 0.0009765625
1537 -0.091796875
1538 0.0244140625
1539 0.08984375
1540 0.046875
1541 -0.0048828125
1542 0.099609375
1543 0.1591796875
1544 0.1005859375
1545 -0.0263671875
1546 0.0751953125
1547 0.1328125
1548 0.078125
1549 -0.087890625
1550 -0.0478515625
1551 0.0166015625
1552 -0.0224609375
1553 -0.1328125
1554 -0.044921875
1555 0.0166015625
1556 -0.0185546875
1557 -0.189453125
1558 -0.1123046875
1559 -0.0361328125
1560 -0.0595703125
1561 -0.1796875
1562 -0.0478515625
1563 0.0283203125
1564 -0.0009765625
1565 -0.0986328125
1566 -0.0498046875
1567 0.01953125
1568 -0.0166015625
1569 -0.119140625
1570 0.0009765625
1571 0.0712890625
1572 0.03125
1573 -0.03515625
1574 0.07421875
1575 0.1357421875
1576 0.080078125
1577 -0.0126953125
1578 0.029296875
1579 0.0830078125
1580 0.033203125
1581 -0.06640625
1582 0.0146484375
1583 0.068359375
1584 0.01953125
1585 -0.1435546875
1586 -0.0205078125
1587 0.0498046875
1588 0.0146484375
1589 -0.103515625
1590 0.013671875
1591 0.080078125
1592 0.037109375
1593 -0.1044921875
1594 -0.0615234375
1595 0.0087890625
1596 -0.02734375
1597 -0.14453125
1598 -0.01953125
1599 0.0537109375
1600 0.017578125
1601 -0.068359375
1602 0.0439453125
1603 0.1083984375
1604 0.0625
1605 -0.0615234375
1606 -0.0224609375
1607 0.037109375
1608 0.0
1609 -0.1103515625
1610 0.0078125
1611 0.07421875
1612 0.0341796875
1613 -0.0625
1614 -0.0166015625
1615 0.0439453125
1616 0.0
1617 -0.1240234375
1618 -0.0048828125
1619 0.0654296875
1620 0.02734375
1621 -0.099609375
1622 -0.0537109375
1623 0.0107421875
1624 -0.0224609375
1625 -0.1328125
1626 -0.0458984375
1627 0.0185546875
1628 -0.0166015625
1629 -0.1904296875
1630 -0.1123046875
1631 -0.03515625
1632 -0.0576171875
1633 -0.1767578125
1634 -0.0439453125
1635 0.03125
1636 0.0029296875
1637 -0.0927734375
1638 -0.044921875
1639 0.0244140625
1640 -0.0126953125
1641 -0.11328125
1642 0.005859375
1643 0.0751953125
1644 0.0361328125
1645 -0.0302734375
1646 0.080078125
1647 0.1376953125
1648 0.0859375
1649 -0.009765625
1650 0.0322265625
1651 0.087890625
1652 0.0361328125
1653 -0.0576171875
1654 0.0205078125
1655 0.0771484375
1656 0.0263671875
1657 -0.0595703125
1658 0.0517578125
1659 0.1181640625
1660 0.06640625
1661 0.0078125
1662 0.111328125
1663 0.17578125
1664 0.109375
1665 0.0009765625
1666 0.1025390625
1667 0.16015625
1668 0.09765625
1669 -0.0244140625
1670 0.078125
1671 0.13671875
1672 0.0791015625
1673 -0.0615234375
1674 -0.021484375
1675 0.0390625
1676 -0.0048828125
1677 -0.1279296875
1678 -0.0068359375
1679 0.0625
1680 0.0224609375
1681 -0.0517578125
1682 0.05859375
1683 0.1201171875
1684 0.06640625
1685 -0.0576171875
1686 -0.01953125
1687 0.0419921875
1688 -0.001953125
1689 -0.111328125
1690 0.0048828125
1691 0.07421875
1692 0.0302734375
1693 -0.072265625
1694 -0.025390625
1695 0.037109375
1696 -0.0087890625
1697 -0.1005859375
1698 0.0166015625
1699 0.0830078125
1700 0.0380859375
1701 -0.009765625
1702 0.0927734375
1703 0.1533203125
1704 0.09375
1705 0.037109375
1706 0.13671875
1707 0.1923828125
1708 0.123046875
1709 0.060546875
1710 0.154296875
1711 0.208984375
1712 0.13671875
1713 0.0146484375
1714 0.109375
1715 0.162109375
1716 0.0986328125
1717 -0.0673828125
1718 -0.029296875
1719 0.0263671875
1720 -0.0166015625
1721 -0.1298828125
1722 -0.0458984375
1723 0.0107421875
1724 -0.02734375
1725 -0.19921875
1726 -0.1259765625
1727 -0.052734375
1728 -0.0732421875
1729 -0.189453125
1730 -0.0625
1731 0.009765625
1732 -0.0126953125
1733 -0.1083984375
1734 -0.064453125
1735 -0.001953125
1736 -0.0302734375
1737 -0.140625
1738 -0.021484375
1739 0.04296875
1740 0.01171875
1741 -0.064453125
1742 0.0439453125
1743 0.1015625
1744 0.056640625
1745 -0.041015625
1746 -0.0029296875
1747 0.052734375
1748 0.0068359375
1749 -0.083984375
1750 -0.005859375
1751 0.046875
1752 0.0029296875
1753 -0.0869140625
1754 0.021484375
1755 0.083984375
1756 0.04296875
1757 -0.0146484375
1758 0.0849609375
1759 0.1396484375
1760 0.0859375
1761 0.0263671875
1762 0.1201171875
1763 0.173828125
1764 0.1103515625
1765 0.0498046875
1766 0.1416015625
1767 0.19140625
1768 0.126953125
1769 0.01953125
1770 0.107421875
1771 0.15625
1772 0.095703125
1773 -0.025390625
1774 0.0673828125
1775 0.1201171875
1776 0.064453125
1777 -0.0771484375
1778 -0.0419921875
1779 0.015625
1780 -0.0244140625
1781 -0.142578125
1782 -0.02734375
1783 0.0400390625
1784 0.00390625
1785 -0.0673828125
1786 0.037109375
1787 0.09765625
1788 0.0478515625
1789 -0.076171875
1790 -0.0400390625
1791 0.017578125
1792 -0.0205078125
1793 -0.1298828125
1794 -0.0146484375
1795 0.05078125
1796 0.0107421875
1797 -0.091796875
1798 -0.044921875
1799 0.0146484375
1800 -0.0263671875
1801 -0.119140625
1802 -0.0048828125
1803 0.0615234375
1804 0.0185546875
1805 -0.0283203125
1806 0.076171875
1807 0.1337890625
1808 0.0771484375
1809 0.0146484375
1810 0.111328125
1811 0.1640625
1812 0.1015625
1813 0.0400390625
1814 0.1328125
1815 0.1845703125
1816 0.11328125
1817 -0.00390625
1818 0.0908203125
1819 0.142578125
1820 0.078125
1821 -0.0869140625
1822 -0.048828125
1823 0.0107421875
1824 -0.0361328125
1825 -0.1484375
1826 -0.064453125
1827 0.0009765625
1828 -0.04296875
1829 -0.216796875
1830 -0.1396484375
1831 -0.0595703125
1832 -0.0888671875
1833 -0.2119140625
1834 -0.0751953125
1835 0.0029296875
1836 -0.0283203125
1837 -0.1279296875
1838 -0.078125
1839 -0.0068359375
1840 -0.0458984375
1841 -0.189453125
1842 -0.060546875
1843 0.0166015625
1844 -0.0185546875
1845 -0.1123046875
1846 0.0068359375
1847 0.0751953125
1848 0.0244140625
1849 -0.0751953125
1850 -0.0302734375
1851 0.033203125
1852 -0.0146484375
1853 -0.1083984375
1854 -0.0244140625
1855 0.0380859375
1856 -0.0126953125
1857 -0.1103515625
1858 0.005859375
1859 0.072265625
1860 0.0263671875
1861 -0.037109375
1862 0.072265625
1863 0.1337890625
1864 0.072265625
1865 0.0029296875
1866 0.1044921875
1867 0.1611328125
1868 0.0966796875
1869 0.03125
1870 0.1279296875
1871 0.185546875
1872 0.111328125
1873 0.0048828125
1874 0.099609375
1875 0.1533203125
1876 0.087890625
1877 -0.033203125
1878 0.0654296875
1879 0.119140625
1880 0.0615234375
1881 -0.0791015625
1882 -0.0400390625
1883 0.0205078125
1884 -0.0263671875
1885 -0.1513671875
1886 -0.0302734375
1887 0.0400390625
1888 -0.0029296875
1889 -0.0791015625
1890 0.0302734375
1891 0.09375
1892 0.0390625
1893 -0.0888671875
1894 -0.048828125
1895 0.01171875
1896 -0.029296875
1897 -0.142578125
1898 -0.0224609375
1899 0.044921875
1900 0.0029296875
1901 -0.1025390625
1902 -0.05078125
1903 0.0078125
1904 -0.0341796875
1905 -0.12890625
1906 -0.0107421875
1907 0.0556640625
1908 0.0107421875
1909 -0.03515625
1910 0.068359375
1911 0.12890625
1912 0.0703125
1913 0.009765625
1914 0.107421875
1915 0.1640625
1916 0.0966796875
1917 0.0341796875
1918 0.12890625
1919 0.181640625
1920 0.1103515625
1921 -0.0107421875
1922 0.0849609375
1923 0.134765625
1924 0.0732421875
1925 -0.091796875
1926 -0.052734375
1927 0.0029296875
1928 -0.0380859375
1929 -0.15234375
1930 -0.0693359375
1931 -0.0078125
1932 -0.0458984375
1933 -0.21875
1934 -0.1435546875
1935 -0.06640625
1936 -0.091796875
1937 -0.208984375
1938 -0.0810546875
1939 -0.00390625
1940 -0.033203125
1941 -0.1318359375
1942 -0.08203125
1943 -0.015625
1944 -0.05078125
1945 -0.16015625
1946 -0.0361328125
1947 0.033203125
1948 -0.0048828125
1949 -0.0791015625
1950 0.0322265625
1951 0.09375
1952 0.041015625
1953 -0.0537109375
1954 -0.013671875
1955 0.0439453125
1956 -0.0048828125
1957 -0.09765625
1958 -0.017578125
1959 0.0390625
1960 -0.01171875
1961 -0.1064453125
1962 0.0048828125
1963 0.0712890625
1964 0.0244140625
1965 -0.041015625
1966 0.0654296875
1967 0.1240234375
1968 0.06640625
1969 -0.005859375
1970 0.09375
1971 0.1484375
1972 0.0859375
1973 0.025390625
1974 0.1201171875
1975 0.171875
1976 0.1064453125
1977 -0.001953125
1978 0.09375
1979 0.14453125
1980 0.0810546875
1981 -0.037109375
1982 0.05859375
1983 0.115234375
1984 0.0546875
1985 -0.0888671875
1986 -0.0517578125
1987 0.0107421875
1988 -0.0341796875
1989 -0.16015625
1990 -0.037109375
1991 0.0302734375
1992 -0.009765625
1993 -0.0986328125
1994 0.015625
1995 0.078125
1996 0.0263671875
1997 -0.0966796875
1998 -0.056640625
1999 0.0048828125
2000 -0.0361328125
2001 -0.1455078125
2002 -0.0283203125
2003 0.0380859375
2004 -0.001953125
2005 -0.1025390625
2006 -0.0546875
2007 0.0068359375
2008 -0.0361328125
2009 -0.177734375
2010 -0.0537109375
2011 0.015625
2012 -0.0185546875
2013 -0.146484375
2014 -0.09765625
2015 -0.033203125
2016 -0.0654296875
2017 -0.173828125
2018 -0.083984375
2019 -0.017578125
2020 -0.052734375
2021 -0.2236328125
2022 -0.146484375
2023 -0.06640625
2024 -0.08984375
2025 -0.2080078125
2026 -0.0771484375
2027 0.0009765625
2028 -0.0302734375
2029 -0.125
2030 -0.076171875
2031 -0.0078125
2032 -0.04296875
2033 -0.1953125
2034 -0.0654296875
2035 0.0087890625
2036 -0.01953125
2037 -0.119140625
2038 -0.001953125
2039 0.0634765625
2040 0.0234375
2041 -0.07421875
2042 -0.033203125
2043 0.02734375
2044 -0.0126953125
2045 -0.10546875
2046 -0.0234375
2047 0.0361328125
2048 -0.0107421875
2049 -0.1044921875
2050 0.0078125
2051 0.0771484375
2052 0.0302734375
2053 -0.0380859375
2054 0.06640625
2055 0.1298828125
2056 0.072265625
2057 0.0029296875
2058 0.1025390625
2059 0.1591796875
2060 0.0966796875
2061 0.0322265625
2062 0.1298828125
2063 0.1845703125
2064 0.11328125
2065 0.0048828125
2066 0.1015625
2067 0.154296875
2068 0.0888671875
2069 -0.033203125
2070 0.0654296875
2071 0.1220703125
2072 0.0615234375
2073 -0.078125
2074 -0.037109375
2075 0.0234375
2076 -0.025390625
2077 -0.1474609375
2078 -0.0263671875
2079 0.0458984375
2080 0.0
2081 -0.0791015625
2082 0.03515625
2083 0.09765625
2084 0.04296875
2085 -0.0830078125
2086 -0.04296875
2087 0.017578125
2088 -0.025390625
2089 -0.138671875
2090 -0.0185546875
2091 0.0498046875
2092 0.0068359375
2093 -0.09765625
2094 -0.0498046875
2095 0.01171875
2096 -0.0322265625
2097 -0.1279296875
2098 -0.0107421875
2099 0.05859375
2100 0.0146484375
2101 -0.0341796875
2102 0.0712890625
2103 0.1328125
2104 0.072265625
2105 0.00390625
2106 0.103515625
2107 0.1630859375
2108 0.0947265625
2109 0.0302734375
2110 0.12890625
2111 0.1826171875
2112 0.111328125
2113 -0.0126953125
2114 0.083984375
2115 0.1376953125
2116 0.0732421875
2117 -0.091796875
2118 -0.0546875
2119 0.0048828125
2120 -0.0400390625
2121 -0.1533203125
2122 -0.0673828125
2123 -0.0029296875
2124 -0.0458984375
2125 -0.2197265625
2126 -0.1396484375
2127 -0.064453125
2128 -0.0908203125
2129 -0.2119140625
2130 -0.076171875
2131 -0.0009765625
2132 -0.03125
2133 -0.1298828125
2134 -0.0791015625
2135 -0.0126953125
2136 -0.0478515625
2137 -0.1611328125
2138 -0.0380859375
2139 0.033203125
2140 -0.005859375
2141 -0.08203125
2142 0.029296875
2143 0.0927734375
2144 0.041015625
2145 -0.052734375
2146 -0.013671875
2147 0.0439453125
2148 -0.0029296875
2149 -0.09765625
2150 -0.017578125
2151 0.0380859375
2152 -0.0107421875
2153 -0.1025390625
2154 0.0107421875
2155 0.0732421875
2156 0.0283203125
2157 -0.0361328125
2158 0.068359375
2159 0.1279296875
2160 0.0673828125
2161 0.0
2162 0.099609375
2163 0.1552734375
2164 0.0908203125
2165 0.029296875
2166 0.123046875
2167 0.1806640625
2168 0.1083984375
2169 0.001953125
2170 0.0947265625
2171 0.1474609375
2172 0.0810546875
2173 -0.0419921875
2174 0.0576171875
2175 0.1123046875
2176 0.0537109375
2177 -0.0888671875
2178 -0.05078125
2179 0.0078125
2180 -0.033203125
2181 -0.15625
2182 -0.037109375
2183 0.0283203125
2184 -0.0087890625
2185 -0.095703125
2186 0.0126953125
2187 0.0771484375
2188 0.02734375
2189 -0.0908203125
2190 -0.0556640625
2191 0.0068359375
2192 -0.0341796875
2193 -0.1435546875
2194 -0.02734375
2195 0.041015625
2196 0.0009765625
2197 -0.1015625
2198 -0.0517578125
2199 0.0078125
2200 -0.0341796875
2201 -0.1767578125
2202 -0.052734375
2203 0.0185546875
2204 -0.0166015625
2205 -0.14453125
2206 -0.0986328125
2207 -0.0302734375
2208 -0.0634765625
2209 -0.1728515625
2210 -0.083984375
2211 -0.013671875
2212 -0.0537109375
2213 -0.22265625
2214 -0.1435546875
2215 -0.0634765625
2216 -0.08984375
2217 -0.2099609375
2218 -0.0751953125
2219 0.0009765625
2220 -0.02734375
2221 -0.1259765625
2222 -0.076171875
2223 -0.0068359375
2224 -0.04296875
2225 -0.1953125
2226 -0.0654296875
2227 0.0107421875
2228 -0.0205078125
2229 -0.119140625
2230 -0.001953125
2231 0.0673828125
2232 0.021484375
2233 -0.07421875
2234 -0.03125
2235 0.03125
2236 -0.0146484375
2237 -0.10546875
2238 -0.021484375
2239 0.037109375
2240 -0.009765625
2241 -0.1044921875
2242 0.009765625
2243 0.0751953125
2244 0.0302734375
2245 -0.0380859375
2246 0.06640625
2247 0.12890625
2248 0.0732421875
2249 0.0029296875
2250 0.103515625
2251 0.16015625
2252 0.0966796875
2253 0.0341796875
2254 0.1279296875
2255 0.1845703125
2256 0.11328125
2257 0.0068359375
2258 0.1015625
2259 0.154296875
2260 0.087890625
2261 -0.0283203125
2262 0.0693359375
2263 0.1220703125
2264 0.0634765625
2265 -0.0703125
2266 -0.033203125
2267 0.0234375
2268 -0.0205078125
2269 -0.142578125
2270 -0.0244140625
2271 0.0419921875
2272 0.001953125
2273 -0.0732421875
2274 0.0341796875
2275 0.0947265625
2276 0.0439453125
2277 -0.0830078125
2278 -0.046875
2279 0.013671875
2280 -0.025390625
2281 -0.13671875
2282 -0.01953125
2283 0.046875
2284 0.0068359375
2285 -0.09765625
2286 -0.0498046875
2287 0.009765625
2288 -0.03125
2289 -0.126953125
2290 -0.009765625
2291 0.056640625
2292 0.013671875
2293 -0.03125
2294 0.072265625
2295 0.12890625
2296 0.072265625
2297 0.0068359375
2298 0.103515625
2299 0.1552734375
2300 0.095703125
2301 0.0341796875
2302 0.1259765625
2303 0.1787109375
2304 0.1103515625
2305 -0.0068359375
2306 0.0830078125
2307 0.1298828125
2308 0.0732421875
2309 -0.0908203125
2310 -0.0546875
2311 -0.001953125
2312 -0.037109375
2313 -0.1494140625
2314 -0.0673828125
2315 -0.009765625
2316 -0.044921875
2317 -0.2158203125
2318 -0.1416015625
2319 -0.068359375
2320 -0.0888671875
2321 -0.208984375
2322 -0.080078125
2323 -0.0029296875
2324 -0.0322265625
2325 -0.126953125
2326 -0.0830078125
2327 -0.015625
2328 -0.0478515625
2329 -0.158203125
2330 -0.0380859375
2331 0.0283203125
2332 -0.005859375
2333 -0.0791015625
2334 0.029296875
2335 0.08984375
2336 0.041015625
2337 -0.0537109375
2338 -0.01171875
2339 0.0439453125
2340 -0.00390625
2341 -0.0966796875
2342 -0.017578125
2343 0.037109375
2344 -0.0107421875
2345 -0.1015625
2346 0.0087890625
2347 0.0732421875
2348 0.0263671875
2349 -0.0341796875
2350 0.06640625
2351 0.125
2352 0.0693359375
2353 0.001953125
2354 0.09765625
2355 0.150390625
2356 0.08984375
2357 0.029296875
2358 0.123046875
2359 0.173828125
2360 0.1083984375
2361 0.0009765625
2362 0.0947265625
2363 0.1435546875
2364 0.0830078125
2365 -0.03515625
2366 0.0595703125
2367 0.1123046875
2368 0.056640625
2369 -0.08203125
2370 -0.046875
2371 0.009765625
2372 -0.0322265625
2373 -0.1494140625
2374 -0.0341796875
2375 0.02734375
2376 -0.005859375
2377 -0.0791015625
2378 0.025390625
2379 0.0810546875
2380 0.037109375
2381 -0.0810546875
2382 -0.046875
2383 0.0087890625
2384 -0.02734375
2385 -0.146484375
2386 -0.033203125
2387 0.029296875
2388 -0.00390625
2389 -0.107421875
2390 -0.0634765625
2391 -0.0048828125
2392 -0.0400390625
2393 -0.1513671875
2394 -0.0361328125
2395 0.03125
2396 -0.00390625
2397 -0.048828125
2398 0.0537109375
2399 0.111328125
2400 0.05859375
2401 0.0009765625
2402 0.0966796875
2403 0.1494140625
2404 0.08984375
2405 0.0302734375
2406 0.12109375
2407 0.1708984375
2408 0.1064453125
2409 -0.013671875
2410 0.0771484375
2411 0.126953125
2412 0.0673828125
2413 -0.0927734375
2414 -0.05859375
2415 -0.001953125
2416 -0.04296875
2417 -0.1572265625
2418 -0.076171875
2419 -0.0166015625
2420 -0.052734375
2421 -0.232421875
2422 -0.15625
2423 -0.08203125
2424 -0.1015625
2425 -0.24609375
2426 -0.111328125
2427 -0.03125
2428 -0.0517578125
2429 -0.1298828125
2430 -0.013671875
2431 0.0537109375
2432 0.0126953125
2433 -0.1220703125
2434 -0.0830078125
2435 -0.0205078125
2436 -0.05078125
2437 -0.1708984375
2438 -0.0869140625
2439 -0.01953125
2440 -0.0537109375
2441 -0.1591796875
2442 -0.076171875
2443 -0.0107421875
2444 -0.0458984375
2445 -0.1640625
2446 -0.04296875
2447 0.0234375
2448 -0.0087890625
2449 -0.095703125
2450 0.015625
2451 0.0771484375
2452 0.033203125
2453 -0.0283203125
2454 0.0732421875
2455 0.130859375
2456 0.0732421875
2457 -0.021484375
2458 0.025390625
2459 0.0751953125
2460 0.0166015625
2461 -0.1083984375
2462 -0.001953125
2463 0.0625
2464 0.0185546875
2465 -0.119140625
2466 -0.0810546875
2467 -0.013671875
2468 -0.0478515625
2469 -0.1640625
2470 -0.0791015625
2471 -0.0126953125
2472 -0.044921875
2473 -0.162109375
2474 -0.076171875
2475 -0.0107421875
2476 -0.0439453125
2477 -0.1884765625
2478 -0.0625
2479 0.0126953125
2480 -0.017578125
2481 -0.0732421875
2482 0.037109375
2483 0.1015625
2484 0.0498046875
2485 -0.0419921875
2486 0.005859375
2487 0.0595703125
2488 0.005859375
2489 -0.125
2490 -0.0068359375
2491 0.056640625
2492 0.0146484375
2493 -0.125
2494 -0.08203125
2495 -0.015625
2496 -0.048828125
2497 -0.1650390625
2498 -0.076171875
2499 -0.0078125
2500 -0.044921875
2501 -0.158203125
2502 -0.072265625
2503 -0.00390625
2504 -0.0419921875
2505 -0.1845703125
2506 -0.0537109375
2507 0.01953125
2508 -0.0126953125
2509 -0.068359375
2510 0.04296875
2511 0.1064453125
2512 0.0556640625
2513 -0.037109375
2514 0.0107421875
2515 0.0634765625
2516 0.01171875
2517 -0.1181640625
2518 -0.001953125
2519 0.0615234375
2520 0.0224609375
2521 -0.1162109375
2522 -0.0771484375
2523 -0.009765625
2524 -0.0419921875
2525 -0.15625
2526 -0.0712890625
2527 -0.001953125
2528 -0.0380859375
2529 -0.154296875
2530 -0.06640625
2531 0.0
2532 -0.0361328125
2533 -0.1796875
2534 -0.0517578125
2535 0.025390625
2536 -0.0078125
2537 -0.064453125
2538 0.0478515625
2539 0.111328125
2540 0.060546875
2541 -0.03515625
2542 0.015625
2543 0.0673828125
2544 0.0146484375
2545 -0.1171875
2546 0.001953125
2547 0.06640625
2548 0.0224609375
2549 -0.115234375
2550 -0.07421875
2551 -0.00390625
2552 -0.0390625
2553 -0.1533203125
2554 -0.068359375
2555 0.001953125
2556 -0.033203125
2557 -0.1484375
2558 -0.0625
2559 0.0048828125
2560 -0.033203125
2561 -0.1767578125
2562 -0.0458984375
2563 0.0302734375
2564 -0.00390625
2565 -0.060546875
2566 0.0537109375
2567 0.1181640625
2568 0.0634765625
2569 -0.0322265625
2570 0.01953125
2571 0.0791015625
2572 0.0205078125
2573 -0.1142578125
2574 0.0078125
2575 0.0791015625
2576 0.02734375
2577 -0.111328125
2578 -0.068359375
2579 0.0068359375
2580 -0.037109375
2581 -0.15234375
2582 -0.0625
2583 0.0107421875
2584 -0.03125
2585 -0.150390625
2586 -0.05859375
2587 0.01171875
2588 -0.0302734375
2589 -0.1787109375
2590 -0.0439453125
2591 0.0361328125
2592 -0.0029296875
2593 -0.0615234375
2594 0.0556640625
2595 0.123046875
2596 0.0654296875
2597 -0.029296875
2598 0.0224609375
2599 0.080078125
2600 0.021484375
2601 -0.111328125
2602 0.0078125
2603 0.078125
2604 0.0302734375
2605 -0.1103515625
2606 -0.06640625
2607 0.0048828125
2608 -0.033203125
2609 -0.1494140625
2610 -0.0595703125
2611 0.01171875
2612 -0.0283203125
2613 -0.146484375
2614 -0.056640625
2615 0.013671875
2616 -0.0263671875
2617 -0.173828125
2618 -0.041015625
2619 0.0380859375
2620 0.0009765625
2621 -0.05859375
2622 0.0576171875
2623 0.126953125
2624 0.068359375
2625 -0.025390625
2626 0.025390625
2627 0.080078125
2628 0.0244140625
2629 -0.1083984375
2630 0.0107421875
2631 0.080078125
2632 0.0341796875
2633 -0.109375
2634 -0.0634765625
2635 0.0048828125
2636 -0.03125
2637 -0.1494140625
2638 -0.0576171875
2639 0.0126953125
2640 -0.02734375
2641 -0.14453125
2642 -0.0556640625
2643 0.013671875
2644 -0.025390625
2645 -0.1708984375
2646 -0.041015625
2647 0.0390625
2648 0.0009765625
2649 -0.056640625
2650 0.060546875
2651 0.1259765625
2652 0.0703125
2653 -0.025390625
2654 0.0283203125
2655 0.083984375
2656 0.02734375
2657 -0.107421875
2658 0.01171875
2659 0.078125
2660 0.0361328125
2661 -0.103515625
2662 -0.0625
2663 0.005859375
2664 -0.029296875
2665 -0.14453125
2666 -0.0576171875
2667 0.0126953125
2668 -0.0244140625
2669 -0.1376953125
2670 -0.0517578125
2671 0.017578125
2672 -0.0205078125
2673 -0.166015625
2674 -0.0341796875
2675 0.0390625
2676 0.0068359375
2677 -0.052734375
2678 0.0615234375
2679 0.126953125
2680 0.07421875
2681 -0.021484375
2682 0.0302734375
2683 0.083984375
2684 0.0283203125
2685 -0.1025390625
2686 0.0146484375
2687 0.0830078125
2688 0.037109375
2689 -0.1005859375
2690 -0.0595703125
2691 0.0107421875
2692 -0.02734375
2693 -0.142578125
2694 -0.0537109375
2695 0.0146484375
2696 -0.0224609375
2697 -0.13671875
2698 -0.0498046875
2699 0.0166015625
2700 -0.01953125
2701 -0.166015625
2702 -0.0341796875
2703 0.041015625
2704 0.0068359375
2705 -0.0498046875
2706 0.0634765625
2707 0.1279296875
2708 0.0751953125
2709 -0.01953125
2710 0.029296875
2711 0.083984375
2712 0.0302734375
2713 -0.1025390625
2714 0.0146484375
2715 0.08203125
2716 0.0361328125
2717 -0.0986328125
2718 -0.05859375
2719 0.0126953125
2720 -0.025390625
2721 -0.140625
2722 -0.052734375
2723 0.015625
2724 -0.01953125
2725 -0.1357421875
2726 -0.048828125
2727 0.0166015625
2728 -0.0185546875
2729 -0.162109375
2730 -0.0341796875
2731 0.0390625
2732 0.0068359375
2733 -0.0458984375
2734 0.0615234375
2735 0.1259765625
2736 0.0751953125
2737 -0.0166015625
2738 0.029296875
2739 0.0810546875
2740 0.033203125
2741 -0.095703125
2742 0.015625
2743 0.0791015625
2744 0.041015625
2745 -0.095703125
2746 -0.056640625
2747 0.005859375
2748 -0.0224609375
2749 -0.134765625
2750 -0.0517578125
2751 0.013671875
2752 -0.017578125
2753 -0.1337890625
2754 -0.048828125
2755 0.015625
2756 -0.0185546875
2757 -0.16015625
2758 -0.0361328125
2759 0.0390625
2760 0.009765625
2761 -0.044921875
2762 0.0625
2763 0.1279296875
2764 0.076171875
2765 -0.017578125
2766 0.03125
2767 0.08203125
2768 0.033203125
2769 -0.0986328125
2770 0.0166015625
2771 0.0791015625
2772 0.0400390625
2773 -0.09765625
2774 -0.056640625
2775 0.0078125
2776 -0.0224609375
2777 -0.13671875
2778 -0.052734375
2779 0.0126953125
2780 -0.0185546875
2781 -0.1318359375
2782 -0.05078125
2783 0.015625
2784 -0.0166015625
2785 -0.158203125
2786 -0.033203125
2787 0.0380859375
2788 0.0087890625
2789 -0.044921875
2790 0.0654296875
2791 0.126953125
2792 0.0791015625
2793 -0.015625
2794 0.0341796875
2795 0.083984375
2796 0.0341796875
2797 -0.0966796875
2798 0.017578125
2799 0.08203125
2800 0.041015625
2801 -0.095703125
2802 -0.056640625
2803 0.0107421875
2804 -0.0224609375
2805 -0.134765625
2806 -0.05078125
2807 0.017578125
2808 -0.0166015625
2809 -0.1318359375
2810 -0.0478515625
2811 0.0166015625
2812 -0.0166015625
2813 -0.1611328125
2814 -0.033203125
2815 0.0400390625
2816 0.01171875
2817 -0.0458984375
2818 0.0654296875
2819 0.1298828125
2820 0.0791015625
2821 -0.0166015625
2822 0.033203125
2823 0.0869140625
2824 0.033203125
2825 -0.0966796875
2826 0.017578125
2827 0.0830078125
2828 0.0400390625
2829 -0.095703125
2830 -0.05859375
2831 0.009765625
2832 -0.021484375
2833 -0.1357421875
2834 -0.0517578125
2835 0.0126953125
2836 -0.017578125
2837 -0.1318359375
2838 -0.0478515625
2839 0.017578125
2840 -0.0146484375
2841 -0.158203125
2842 -0.03125
2843 0.0419921875
2844 0.0126953125
2845 -0.0419921875
2846 0.0673828125
2847 0.130859375
2848 0.0791015625
2849 -0.013671875
2850 0.033203125
2851 0.0859375
2852 0.03515625
2853 -0.095703125
2854 0.0185546875
2855 0.083984375
2856 0.0419921875
2857 -0.095703125
2858 -0.0556640625
2859 0.0107421875
2860 -0.0205078125
2861 -0.1357421875
2862 -0.0498046875
2863 0.0166015625
2864 -0.0166015625
2865 -0.1298828125
2866 -0.0458984375
2867 0.015625
2868 -0.015625
2869 -0.1572265625
2870 -0.03125
2871 0.0419921875
2872 0.0107421875
2873 -0.041015625
2874 0.0654296875
2875 0.12890625
2876 0.080078125
2877 -0.013671875
2878 0.033203125
2879 0.0859375
2880 0.0341796875
2881 -0.09765625
2882 0.017578125
2883 0.0830078125
2884 0.0419921875
2885 -0.09765625
2886 -0.0546875
2887 0.0107421875
2888 -0.01953125
2889 -0.134765625
2890 -0.05078125
2891 0.0166015625
2892 -0.015625
2893 -0.12890625
2894 -0.044921875
2895 0.0224609375
2896 -0.0146484375
2897 -0.1533203125
2898 -0.0283203125
2899 0.0458984375
2900 0.013671875
2901 -0.0419921875
2902 0.0703125
2903 0.1318359375
2904 0.080078125
2905 -0.013671875
2906 0.037109375
2907 0.0859375
2908 0.037109375
2909 -0.091796875
2910 0.0234375
2911 0.087890625
2912 0.044921875
2913 -0.091796875
2914 -0.0517578125
2915 0.0166015625
2916 -0.0185546875
2917 -0.1328125
2918 -0.048828125
2919 0.0205078125
2920 -0.015625
2921 -0.12890625
2922 -0.044921875
2923 0.021484375
2924 -0.013671875
2925 -0.158203125
2926 -0.029296875
2927 0.044921875
2928 0.0126953125
2929 -0.0439453125
2930 0.068359375
2931 0.1318359375
2932 0.0810546875
2933 -0.0166015625
2934 0.0361328125
2935 0.08984375
2936 0.0361328125
2937 -0.095703125
2938 0.021484375
2939 0.0869140625
2940 0.0439453125
2941 -0.09375
2942 -0.0537109375
2943 0.0166015625
2944 -0.0185546875
2945 -0.1328125
2946 -0.048828125
2947 0.0185546875
2948 -0.0146484375
2949 -0.130859375
2950 -0.0439453125
2951 0.0205078125
2952 -0.013671875
2953 -0.15625
2954 -0.02734375
2955 0.0439453125
2956 0.015625
2957 -0.041015625
2958 0.0693359375
2959 0.130859375
2960 0.0810546875
2961 -0.0126953125
2962 0.037109375
2963 0.087890625
2964 0.03515625
2965 -0.0927734375
2966 0.021484375
2967 0.0849609375
2968 0.0439453125
2969 -0.0927734375
2970 -0.0556640625
2971 0.01171875
2972 -0.0185546875
2973 -0.1357421875
2974 -0.0478515625
2975 0.0185546875
2976 -0.015625
2977 -0.1328125
2978 -0.044921875
2979 0.0205078125
2980 -0.0146484375
2981 -0.1572265625
2982 -0.03125
2983 0.0458984375
2984 0.0126953125
2985 -0.0419921875
2986 0.0693359375
2987 0.1337890625
2988 0.0810546875
2989 -0.0126953125
2990 0.0361328125
2991 0.0908203125
2992 0.037109375
2993 -0.095703125
2994 0.0205078125
2995 0.0859375
2996 0.0439453125
2997 -0.0947265625
2998 -0.0537109375
2999 0.0126953125
3000 -0.0185546875
3001 -0.1357421875
3002 -0.046875
3003 0.01953125
3004 -0.0146484375
3005 -0.130859375
3006 -0.0439453125
3007 0.025390625
3008 -0.0146484375
3009 -0.1572265625
3010 -0.029296875
3011 0.0478515625
3012 0.013671875
3013 -0.0419921875
3014 0.0693359375
3015 0.1357421875
3016 0.0810546875
3017 -0.013671875
3018 0.0361328125
3019 0.08984375
3020 0.037109375
3021 -0.0966796875
3022 0.0224609375
3023 0.0888671875
3024 0.044921875
3025 -0.095703125
3026 -0.0537109375
3027 0.0166015625
3028 -0.01953125
3029 -0.134765625
3030 -0.0478515625
3031 0.0234375
3032 -0.0146484375
3033 -0.1298828125
3034 -0.0458984375
3035 0.025390625
3036 -0.0146484375
3037 -0.158203125
3038 -0.029296875
3039 0.0478515625
3040 0.013671875
3041 -0.0439453125
3042 0.0703125
3043 0.134765625
3044 0.0810546875
3045 -0.0146484375
3046 0.0361328125
3047 0.08984375
3048 0.0361328125
3049 -0.0947265625
3050 0.0224609375
3051 0.087890625
3052 0.04296875
3053 -0.09375
3054 -0.0537109375
3055 0.015625
3056 -0.0185546875
3057 -0.1328125
3058 -0.0478515625
3059 0.0205078125
3060 -0.013671875
3061 -0.130859375
3062 -0.0439453125
3063 0.0224609375
3064 -0.0146484375
3065 -0.1591796875
3066 -0.0283203125
3067 0.0478515625
3068 0.013671875
3069 -0.0458984375
3070 0.0712890625
3071 0.134765625
3072 0.080078125
3073 -0.0146484375
3074 0.03515625
3075 0.0908203125
3076 0.0361328125
3077 -0.095703125
3078 0.0205078125
3079 0.0888671875
3080 0.04296875
3081 -0.0947265625
3082 -0.0537109375
3083 0.017578125
3084 -0.0185546875
3085 -0.1357421875
3086 -0.0478515625
3087 0.021484375
3088 -0.0146484375
3089 -0.130859375
3090 -0.04296875
3091 0.0234375
3092 -0.013671875
3093 -0.158203125
3094 -0.02734375
3095 0.0458984375
3096 0.0126953125
3097 -0.0439453125
3098 0.068359375
3099 0.1337890625
3100 0.08203125
3101 -0.01171875
3102 0.0361328125
3103 0.0908203125
3104 0.0361328125
3105 -0.095703125
3106 0.0205078125
3107 0.087890625
3108 0.0439453125
3109 -0.09375
3110 -0.0537109375
3111 0.0126953125
3112 -0.017578125
3113 -0.1328125
3114 -0.0458984375
3115 0.0224609375
3116 -0.013671875
3117 -0.1298828125
3118 -0.0419921875
3119 0.0224609375
3120 -0.0126953125
3121 -0.15625
3122 -0.0283203125
3123 0.046875
3124 0.013671875
3125 -0.0400390625
3126 0.0703125
3127 0.1337890625
3128 0.0830078125
3129 -0.01171875
3130 0.037109375
3131 0.08984375
3132 0.0390625
3133 -0.091796875
3134 0.0224609375
3135 0.087890625
3136 0.046875
3137 -0.091796875
3138 -0.0478515625
3139 0.017578125
3140 -0.015625
3141 -0.130859375
3142 -0.0458984375
3143 0.0234375
3144 -0.0146484375
3145 -0.1279296875
3146 -0.0419921875
3147 0.0234375
3148 -0.0146484375
3149 -0.1572265625
3150 -0.0283203125
3151 0.0478515625
3152 0.0146484375
3153 -0.041015625
3154 0.0712890625
3155 0.1328125
3156 0.0830078125
3157 -0.0126953125
3158 0.0380859375
3159 0.0908203125
3160 0.0380859375
3161 -0.09375
3162 0.021484375
3163 0.087890625
3164 0.0458984375
3165 -0.09375
3166 -0.052734375
3167 0.0166015625
3168 -0.017578125
3169 -0.1337890625
3170 -0.048828125
3171 0.01953125
3172 -0.013671875
3173 -0.1259765625
3174 -0.04296875
3175 0.0224609375
3176 -0.0126953125
3177 -0.1552734375
3178 -0.029296875
3179 0.0458984375
3180 0.017578125
3181 -0.0400390625
3182 0.0712890625
3183 0.134765625
3184 0.0830078125
3185 -0.01171875
3186 0.0380859375
3187 0.0908203125
3188 0.0390625
3189 -0.091796875
3190 0.0234375
3191 0.0888671875
3192 0.044921875
3193 -0.0908203125
3194 -0.05078125
3195 0.017578125
3196 -0.017578125
3197 -0.1318359375
3198 -0.046875
3199 0.0234375
3200 -0.013671875
3201 -0.1298828125
3202 -0.04296875
3203 0.0244140625
3204 -0.013671875
3205 -0.158203125
3206 -0.0283203125
3207 0.0478515625
3208 0.015625
3209 -0.0419921875
3210 0.0712890625
3211 0.1357421875
3212 0.08203125
3213 -0.013671875
3214 0.0361328125
3215 0.0908203125
3216 0.0361328125
3217 -0.095703125
3218 0.0205078125
3219 0.0888671875
3220 0.044921875
3221 -0.0947265625
3222 -0.0517578125
3223 0.0166015625
3224 -0.017578125
3225 -0.1337890625
3226 -0.046875
3227 0.0224609375
3228 -0.013671875
3229 -0.1298828125
3230 -0.04296875
3231 0.0263671875
3232 -0.0107421875
3233 -0.15625
3234 -0.02734375
3235 0.0478515625
3236 0.0146484375
3237 -0.041015625
3238 0.0712890625
3239 0.1357421875
3240 0.0830078125
3241 -0.0107421875
3242 0.0361328125
3243 0.08984375
3244 0.0380859375
3245 -0.0908203125
3246 0.0244140625
3247 0.0888671875
3248 0.046875
3249 -0.091796875
3250 -0.05078125
3251 0.0185546875
3252 -0.0166015625
3253 -0.1318359375
3254 -0.0458984375
3255 0.0224609375
3256 -0.01171875
3257 -0.1279296875
3258 -0.0439453125
3259 0.0234375
3260 -0.0126953125
3261 -0.158203125
3262 -0.0302734375
3263 0.048828125
3264 0.0146484375
3265 -0.04296875
3266 0.0703125
3267 0.1357421875
3268 0.08203125
3269 -0.0126953125
3270 0.0361328125
3271 0.091796875
3272 0.0380859375
3273 -0.0947265625
3274 0.021484375
3275 0.0888671875
3276 0.0439453125
3277 -0.091796875
3278 -0.05078125
3279 0.0166015625
3280 -0.0185546875
3281 -0.1328125
3282 -0.046875
3283 0.0205078125
3284 -0.0126953125
3285 -0.1240234375
3286 -0.0400390625
3287 0.025390625
3288 -0.009765625
3289 -0.130859375
3290 -0.0087890625
3291 0.064453125
3292 0.0283203125
3293 -0.0830078125
3294 -0.037109375
3295 0.0302734375
3296 -0.0078125
3297 -0.166015625
3298 -0.0908203125
3299 -0.0166015625
3300 -0.041015625
3301 -0.134765625
3302 -0.0478515625
3303 0.0234375
3304 -0.009765625
3305 -0.177734375
3306 -0.11328125
3307 -0.03125
3308 -0.048828125
3309 -0.2060546875
3310 -0.126953125
3311 -0.0400390625
3312 -0.0576171875
3313 -0.16015625
3314 -0.06640625
3315 0.0068359375
3316 -0.0234375
3317 -0.115234375
3318 -0.0283203125
3319 0.0380859375
3320 0.001953125
3321 -0.107421875
3322 0.013671875
3323 0.083984375
3324 0.044921875
3325 -0.076171875
3326 -0.0322265625
3327 0.0361328125
3328 -0.001953125
3329 -0.115234375
3330 -0.0322265625
3331 0.0400390625
3332 0.0009765625
3333 -0.1171875
3334 -0.03125
3335 0.0380859375
3336 -0.0009765625
3337 -0.1064453125
3338 -0.0205078125
3339 0.046875
3340 0.0078125
3341 -0.0947265625
3342 -0.015625
3343 0.052734375
3344 0.0126953125
3345 -0.1142578125
3346 -0.02734375
3347 0.0361328125
3348 0.0
3349 -0.185546875
3350 -0.111328125
3351 -0.0283203125
3352 -0.048828125
3353 -0.205078125
3354 -0.130859375
3355 -0.0546875
3356 -0.048828125
3357 -0.140625
3358 -0.0673828125
3359 -0.0107421875
3360 -0.013671875
3361 -0.14453125
3362 -0.0693359375
3363 -0.017578125
3364 -0.0166015625
3365 -0.15625
3366 -0.0419921875
3367 0.01953125
3368 0.0205078125
3369 -0.0478515625
3370 0.0458984375
3371 0.095703125
3372 0.078125
3373 0.03125
3374 0.1123046875
3375 0.1552734375
3376 0.1240234375
3377 0.046875
3378 0.064453125
3379 0.1015625
3380 0.0732421875
3381 -0.0205078125
3382 0.02734375
3383 0.068359375
3384 0.0478515625
3385 -0.0546875
3386 0.005859375
3387 0.044921875
3388 0.02734375
3389 -0.0751953125
3390 -0.013671875
3391 0.0283203125
3392 0.0166015625
3393 -0.09765625
3394 0.001953125
3395 0.056640625
3396 0.0439453125
3397 -0.1025390625
3398 -0.0751953125
3399 -0.015625
3400 -0.0205078125
3401 -0.197265625
3402 -0.1376953125
3403 -0.064453125
3404 -0.0546875
3405 -0.1572265625
3406 -0.078125
3407 -0.0205078125
3408 -0.0205078125
3409 -0.162109375
3410 -0.0849609375
3411 -0.0263671875
3412 -0.0234375
3413 -0.1552734375
3414 -0.0380859375
3415 0.0234375
3416 0.021484375
3417 -0.05859375
3418 0.03515625
3419 0.0888671875
3420 0.0732421875
3421 -0.0048828125
3422 0.0791015625
3423 0.125
3424 0.1005859375
3425 0.0224609375
3426 0.1005859375
3427 0.140625
3428 0.1142578125
3429 0.02734375
3430 0.1025390625
3431 0.1396484375
3432 0.1162109375
3433 0.0185546875
3434 0.09375
3435 0.1318359375
3436 0.1083984375
3437 0.005859375
3438 0.08203125
3439 0.1220703125
3440 0.099609375
3441 0.041015625
3442 0.1162109375
3443 0.1513671875
3444 0.1220703125
3445 0.017578125
3446 0.0341796875
3447 0.0673828125
3448 0.0439453125
3449 -0.0634765625
3450 -0.01171875
3451 0.03125
3452 0.0185546875
3453 -0.125
3454 -0.060546875
3455 -0.01171875
3456 -0.015625
3457 -0.1455078125
3458 -0.037109375
3459 0.01953125
3460 0.0166015625
3461 -0.0625
3462 0.0283203125
3463 0.0771484375
3464 0.0615234375
3465 -0.0244140625
3466 0.0576171875
3467 0.103515625
3468 0.0810546875
3469 -0.017578125
3470 0.060546875
3471 0.1044921875
3472 0.0830078125
3473 -0.0244140625
3474 0.056640625
3475 0.0986328125
3476 0.078125
3477 0.0166015625
3478 0.0947265625
3479 0.1298828125
3480 0.1025390625
3481 -0.0205078125
3482 -0.0029296875
3483 0.033203125
3484 0.0185546875
3485 -0.138671875
3486 -0.0361328125
3487 0.01953125
3488 0.0146484375
3489 -0.0947265625
3490 -0.0712890625
3491 -0.01953125
3492 -0.0244140625
3493 -0.119140625
3494 -0.017578125
3495 0.037109375
3496 0.0283203125
3497 -0.0615234375
3498 -0.0595703125
3499 -0.0048828125
3500 -0.009765625
3501 -0.0986328125
3502 0.0009765625
3503 0.0498046875
3504 0.041015625
3505 -0.0478515625
3506 -0.0244140625
3507 0.0205078125
3508 0.005859375
3509 -0.0859375
3510 -0.029296875
3511 0.0185546875
3512 0.00390625
3513 -0.1337890625
3514 -0.0703125
3515 -0.01953125
3516 -0.0234375
3517 -0.1513671875
3518 -0.0849609375
3519 -0.029296875
3520 -0.0283203125
3521 -0.1806640625
3522 -0.0673828125
3523 -0.00390625
3524 0.0
3525 -0.0859375
3526 0.0107421875
3527 0.064453125
3528 0.05078125
3529 -0.0390625
3530 0.0478515625
3531 0.0947265625
3532 0.07421875
3533 -0.0107421875
3534 0.0703125
3535 0.11328125
3536 0.087890625
3537 0.0078125
3538 0.0859375
3539 0.1259765625
3540 0.09765625
3541 0.009765625
3542 0.0869140625
3543 0.1259765625
3544 0.0966796875
3545 -0.001953125
3546 0.0751953125
3547 0.1162109375
3548 0.0888671875
3549 -0.021484375
3550 0.0615234375
3551 0.1015625
3552 0.076171875
3553 0.0009765625
3554 0.083984375
3555 0.119140625
3556 0.0908203125
3557 -0.0361328125
3558 -0.021484375
3559 0.0224609375
3560 0.0048828125
3561 -0.0927734375
3562 0.0029296875
3563 0.052734375
3564 0.037109375
3565 -0.0126953125
3566 0.0732421875
3567 0.11328125
3568 0.083984375
3569 0.0361328125
3570 0.11328125
3571 0.1474609375
3572 0.11328125
3573 0.0537109375
3574 0.1279296875
3575 0.162109375
3576 0.123046875
3577 0.021484375
3578 0.037109375
3579 0.068359375
3580 0.0400390625
3581 -0.078125
3582 -0.0283203125
3583 0.0146484375
3584 -0.0029296875
3585 -0.12109375
3586 -0.060546875
3587 -0.013671875
3588 -0.0244140625
3589 -0.13671875
3590 -0.0751953125
3591 -0.0244140625
3592 -0.0322265625
3593 -0.1455078125
3594 -0.0771484375
3595 -0.025390625
3596 -0.0322265625
3597 -0.14453125
3598 -0.08203125
3599 -0.0302734375
3600 -0.03515625
3601 -0.173828125
3602 -0.1025390625
3603 -0.0439453125
3604 -0.0478515625
3605 -0.150390625
3606 -0.0419921875
3607 0.0146484375
3608 0.0078125
3609 -0.119140625
3610 -0.091796875
3611 -0.03515625
3612 -0.037109375
3613 -0.1357421875
3614 -0.068359375
3615 -0.0146484375
3616 -0.0224609375
3617 -0.1279296875
3618 -0.0556640625
3619 -0.009765625
3620 -0.0205078125
3621 -0.1318359375
3622 -0.0625
3623 -0.0107421875
3624 -0.0205078125
3625 -0.1728515625
3626 -0.0595703125
3627 -0.0009765625
3628 -0.0029296875
3629 -0.0673828125
3630 0.02734375
3631 0.0791015625
3632 0.0576171875
3633 -0.0703125
3634 0.0234375
3635 0.068359375
3636 0.0517578125
3637 -0.0908203125
3638 -0.0693359375
3639 -0.017578125
3640 -0.0234375
3641 -0.189453125
3642 -0.1123046875
3643 -0.048828125
3644 -0.046875
3645 -0.1513671875
3646 -0.0771484375
3647 -0.0224609375
3648 -0.0283203125
3649 -0.11328125
3650 -0.0087890625
3651 0.044921875
3652 0.0361328125
3653 -0.0546875
3654 -0.0546875
3655 0.0029296875
3656 -0.005859375
3657 -0.1162109375
3658 -0.0126953125
3659 0.041015625
3660 0.0322265625
3661 -0.05859375
3662 0.0322265625
3663 0.0810546875
3664 0.06640625
3665 -0.0361328125
3666 -0.0146484375
3667 0.0283203125
3668 0.015625
3669 -0.1044921875
3670 -0.0048828125
3671 0.0458984375
3672 0.0361328125
3673 -0.1005859375
3674 -0.07421875
3675 -0.0205078125
3676 -0.025390625
3677 -0.2099609375
3678 -0.130859375
3679 -0.05859375
3680 -0.0537109375
3681 -0.162109375
3682 -0.0859375
3683 -0.029296875
3684 -0.0302734375
3685 -0.1650390625
3686 -0.0849609375
3687 -0.02734375
3688 -0.0302734375
3689 -0.1904296875
3690 -0.0693359375
3691 -0.0048828125
3692 -0.001953125
3693 -0.056640625
3694 0.0419921875
3695 0.0888671875
3696 0.0703125
3697 -0.0068359375
3698 0.080078125
3699 0.1240234375
3700 0.0986328125
3701 0.0029296875
3702 0.0859375
3703 0.126953125
3704 0.1025390625
3705 0.0390625
3706 0.1181640625
3707 0.15625
3708 0.12109375
3709 0.0302734375
3710 0.046875
3711 0.0830078125
3712 0.0546875
3713 -0.0458984375
3714 0.0087890625
3715 0.05078125
3716 0.0283203125
3717 -0.0771484375
3718 -0.0166015625
3719 0.025390625
3720 0.009765625
3721 -0.1611328125
3722 -0.048828125
3723 0.0107421875
3724 0.005859375
3725 -0.1376953125
3726 -0.1064453125
3727 -0.0439453125
3728 -0.0419921875
3729 -0.2177734375
3730 -0.08984375
3731 -0.017578125
3732 -0.01171875
3733 -0.064453125
3734 0.0341796875
3735 0.08203125
3736 0.0634765625
3737 -0.01171875
3738 0.076171875
3739 0.119140625
3740 0.091796875
3741 0.0
3742 0.0849609375
3743 0.1279296875
3744 0.09765625
3745 0.0478515625
3746 0.125
3747 0.1630859375
3748 0.1259765625
3749 0.015625
3750 0.03125
3751 0.068359375
3752 0.0419921875
3753 -0.13671875
3754 -0.083984375
3755 -0.0283203125
3756 -0.0283203125
3757 -0.1337890625
3758 -0.06640625
3759 -0.01171875
3760 -0.01953125
3761 -0.1591796875
3762 -0.0859375
3763 -0.0302734375
3764 -0.0341796875
3765 -0.16796875
3766 -0.0556640625
3767 0.0068359375
3768 0.005859375
3769 -0.083984375
3770 0.013671875
3771 0.06640625
3772 0.0517578125
3773 -0.041015625
3774 0.0478515625
3775 0.0947265625
3776 0.0732421875
3777 -0.015625
3778 0.0673828125
3779 0.109375
3780 0.0859375
3781 -0.005859375
3782 0.0751953125
3783 0.1171875
3784 0.0908203125
3785 -0.0048828125
3786 0.072265625
3787 0.115234375
3788 0.0869140625
3789 -0.0283203125
3790 0.0537109375
3791 0.0947265625
3792 0.07421875
3793 -0.0146484375
3794 0.0654296875
3795 0.107421875
3796 0.083984375
3797 0.03125
3798 0.1083984375
3799 0.1455078125
3800 0.11328125
3801 0.0615234375
3802 0.1337890625
3803 0.1669921875
3804 0.1279296875
3805 0.041015625
3806 0.0595703125
3807 0.0908203125
3808 0.0556640625
3809 -0.0712890625
3810 -0.0234375
3811 0.0166015625
3812 0.0
3813 -0.1435546875
3814 -0.08203125
3815 -0.02734375
3816 -0.0341796875
3817 -0.142578125
3818 -0.0361328125
3819 0.0166015625
3820 0.0107421875
3821 -0.0283203125
3822 0.05859375
3823 0.1025390625
3824 0.0771484375
3825 0.044921875
3826 0.12109375
3827 0.16015625
3828 0.12109375
3829 0.0791015625
3830 0.1474609375
3831 0.181640625
3832 0.1416015625
3833 0.080078125
3834 0.1474609375
3835 0.1787109375
3836 0.1357421875
3837 0.0859375
3838 0.15234375
3839 0.1826171875
3840 0.1376953125
3841 0.05859375
3842 0.078125
3843 0.1015625
3844 0.0634765625
3845 -0.0283203125
3846 0.05078125
3847 0.087890625
3848 0.0615234375
3849 -0.0341796875
3850 -0.0146484375
3851 0.0205078125
3852 0.0
3853 -0.1044921875
3854 -0.0478515625
3855 -0.00390625
3856 -0.01953125
3857 -0.115234375
3858 -0.056640625
3859 -0.01171875
3860 -0.02734375
3861 -0.1298828125
3862 -0.0712890625
3863 -0.025390625
3864 -0.0341796875
3865 -0.134765625
3866 -0.0703125
3867 -0.0224609375
3868 -0.03515625
3869 -0.17578125
3870 -0.1044921875
3871 -0.0537109375
3872 -0.056640625
3873 -0.1982421875
3874 -0.123046875
3875 -0.06640625
3876 -0.06640625
3877 -0.1875
3878 -0.078125
3879 -0.0146484375
3880 -0.015625
3881 -0.0771484375
3882 0.0126953125
3883 0.0615234375
3884 0.044921875
3885 -0.02734375
3886 0.0546875
3887 0.09765625
3888 0.0712890625
3889 -0.0009765625
3890 0.0791015625
3891 0.119140625
3892 0.0859375
3893 0.013671875
3894 0.08984375
3895 0.12890625
3896 0.0927734375
3897 0.0341796875
3898 0.109375
3899 0.1455078125
3900 0.1083984375
3901 0.029296875
3902 0.0458984375
3903 0.0791015625
3904 0.0419921875
3905 -0.0556640625
3906 -0.0009765625
3907 0.037109375
3908 0.0087890625
3909 -0.0927734375
3910 -0.0341796875
3911 0.0068359375
3912 -0.0126953125
3913 -0.09765625
3914 -0.0029296875
3915 0.0439453125
3916 0.02734375
3917 -0.01171875
3918 0.0703125
3919 0.111328125
3920 0.0791015625
3921 -0.01953125
3922 -0.0009765625
3923 0.0341796875
3924 0.0087890625
3925 -0.1494140625
3926 -0.048828125
3927 0.0068359375
3928 -0.00390625
3929 -0.134765625
3930 -0.1103515625
3931 -0.0546875
3932 -0.0576171875
3933 -0.1640625
3934 -0.0546875
3935 0.0009765625
3936 -0.005859375
3937 -0.078125
3938 0.0166015625
3939 0.0625
3940 0.04296875
3941 -0.052734375
3942 -0.033203125
3943 0.01171875
3944 -0.0078125
3945 -0.1474609375
3946 -0.0810546875
3947 -0.0341796875
3948 -0.0419921875
3949 -0.193359375
3950 -0.125
3951 -0.064453125
3952 -0.0625
3953 -0.1962890625
3954 -0.1201171875
3955 -0.0625
3956 -0.060546875
3957 -0.15625
3958 -0.08203125
3959 -0.03125
3960 -0.0361328125
3961 -0.1572265625
3962 -0.0498046875
3963 0.0048828125
3964 0.0009765625
3965 -0.166015625
3966 -0.13671875
3967 -0.0732421875
3968 -0.0673828125
3969 -0.181640625
3970 -0.111328125
3971 -0.05078125
3972 -0.0478515625
3973 -0.1279296875
3974 -0.060546875
3975 -0.0078125
3976 -0.0166015625
3977 -0.140625
3978 -0.0712890625
3979 -0.021484375
3980 -0.0283203125
3981 -0.17578125
3982 -0.064453125
3983 -0.0009765625
3984 0.0
3985 -0.0419921875
3986 0.048828125
3987 0.0947265625
3988 0.07421875
3989 0.021484375
3990 0.1005859375
3991 0.138671875
3992 0.107421875
3993 0.0
3994 0.017578125
3995 0.0517578125
3996 0.029296875
3997 -0.0927734375
3998 -0.0341796875
3999 -0.017578125
4000 0.0283203125
4001 -0.033203125
4002 0.0029296875
4003 0.01171875
4004 0.0537109375
4005 0.0234375
4006 0.048828125
4007 0.05078125
4008 0.0849609375
4009 0.0107421875
4010 -0.029296875
4011 -0.0283203125
4012 0.01171875
4013 -0.0537109375
4014 -0.0546875
4015 -0.046875
4016 -0.0029296875
4017 -0.1025390625
4018 -0.08984375
4019 -0.078125
4020 -0.0283203125
4021 -0.115234375
4022 -0.0615234375
4023 -0.04296875
4024 0.0087890625
4025 -0.0400390625
4026 -0.0029296875
4027 0.0078125
4028 0.0498046875
4029 -0.0009765625
4030 0.02734375
4031 0.033203125
4032 0.0712890625
4033 0.0244140625
4034 0.0478515625
4035 0.05078125
4036 0.0830078125
4037 0.0341796875
4038 0.0546875
4039 0.056640625
4040 0.0888671875
4041 0.033203125
4042 0.0537109375
4043 0.0546875
4044 0.0849609375
4045 0.0087890625
4046 0.0341796875
4047 0.0361328125
4048 0.0712890625
4049 0.01953125
4050 0.04296875
4051 0.044921875
4052 0.078125
4053 0.068359375
4054 0.0869140625
4055 0.08203125
4056 0.107421875
4057 0.1005859375
4058 0.1103515625
4059 0.103515625
4060 0.1259765625
4061 0.0791015625
4062 0.0400390625
4063 0.0283203125
4064 0.052734375
4065 -0.03515625
4066 -0.04296875
4067 -0.0419921875
4068 -0.0048828125
4069 -0.111328125
4070 -0.1015625
4071 -0.087890625
4072 -0.037109375
4073 -0.1064453125
4074 -0.0556640625
4075 -0.0419921875
4076 0.0078125
4077 0.009765625
4078 0.0380859375
4079 0.0400390625
4080 0.07421875
4081 0.0849609375
4082 0.099609375
4083 0.0966796875
4084 0.119140625
4085 0.1201171875
4086 0.126953125
4087 0.1201171875
4088 0.138671875
4089 0.123046875
4090 0.1279296875
4091 0.1171875
4092 0.134765625
4093 0.1298828125
4094 0.1337890625
4095 0.1201171875
4096 0.138671875
4097 0.0986328125
4098 0.0576171875
4099 0.04296875
4100 0.0634765625
4101 0.01171875
4102 0.03515625
4103 0.0322265625
4104 0.0595703125
4105 0.005859375
4106 -0.033203125
4107 -0.03515625
4108 -0.001953125
4109 -0.068359375
4110 -0.0673828125
4111 -0.0634765625
4112 -0.0234375
4113 -0.0791015625
4114 -0.0751953125
4115 -0.068359375
4116 -0.0283203125
4117 -0.09765625
4118 -0.0908203125
4119 -0.0830078125
4120 -0.037109375
4121 -0.1259765625
4122 -0.111328125
4123 -0.0966796875
4124 -0.048828125
4125 -0.1083984375
4126 -0.099609375
4127 -0.087890625
4128 -0.0419921875
4129 -0.0888671875
4130 -0.0771484375
4131 -0.068359375
4132 -0.0263671875
4133 -0.091796875
4134 -0.0810546875
4135 -0.0712890625
4136 -0.02734375
4137 -0.140625
4138 -0.146484375
4139 -0.123046875
4140 -0.0654296875
4141 -0.1259765625
4142 -0.111328125
4143 -0.091796875
4144 -0.041015625
4145 -0.1083984375
4146 -0.0927734375
4147 -0.08203125
4148 -0.033203125
4149 -0.0810546875
4150 -0.03515625
4151 -0.0205078125
4152 0.0234375
4153 -0.025390625
4154 -0.0830078125
4155 -0.064453125
4156 -0.0185546875
4157 -0.0947265625
4158 -0.046875
4159 -0.0283203125
4160 0.017578125
4161 -0.0419921875
4162 -0.0048828125
4163 0.0068359375
4164 0.046875
4165 -0.013671875
4166 -0.0478515625
4167 -0.04296875
4168 0.0
4169 -0.0830078125
4170 -0.03515625
4171 -0.0234375
4172 0.0224609375
4173 -0.0830078125
4174 -0.1103515625
4175 -0.0927734375
4176 -0.041015625
4177 -0.173828125
4178 -0.146484375
4179 -0.1181640625
4180 -0.060546875
4181 -0.1357421875
4182 -0.1142578125
4183 -0.091796875
4184 -0.041015625
4185 -0.115234375
4186 -0.0966796875
4187 -0.080078125
4188 -0.0283203125
4189 -0.1357421875
4190 -0.1162109375
4191 -0.0947265625
4192 -0.037109375
4193 -0.1064453125
4194 -0.087890625
4195 -0.072265625
4196 -0.0234375
4197 -0.1005859375
4198 -0.0888671875
4199 -0.0712890625
4200 -0.01953125
4201 -0.13671875
4202 -0.1171875
4203 -0.0908203125
4204 -0.03515625
4205 -0.103515625
4206 -0.048828125
4207 -0.029296875
4208 0.0224609375
4209 0.0283203125
4210 0.060546875
4211 0.064453125
4212 0.0966796875
4213 0.109375
4214 0.1259765625
4215 0.1240234375
4216 0.1474609375
4217 0.146484375
4218 0.154296875
4219 0.146484375
4220 0.1650390625
4221 0.1494140625
4222 0.1552734375
4223 0.1435546875
4224 0.16015625
4225 0.1552734375
4226 0.158203125
4227 0.1484375
4228 0.1630859375
4229 0.125
4230 0.083984375
4231 0.0673828125
4232 0.0888671875
4233 0.037109375
4234 0.0595703125
4235 0.0546875
4236 0.0849609375
4237 0.0302734375
4238 -0.0078125
4239 -0.01171875
4240 0.0224609375
4241 -0.0439453125
4242 -0.0439453125
4243 -0.0400390625
4244 0.0009765625
4245 -0.0556640625
4246 -0.0537109375
4247 -0.044921875
4248 -0.0048828125
4249 -0.076171875
4250 -0.0703125
4251 -0.060546875
4252 -0.017578125
4253 -0.1044921875
4254 -0.08984375
4255 -0.076171875
4256 -0.0283203125
4257 -0.087890625
4258 -0.0791015625
4259 -0.068359375
4260 -0.0205078125
4261 -0.06640625
4262 -0.056640625
4263 -0.0478515625
4264 -0.0068359375
4265 -0.0712890625
4266 -0.0625
4267 -0.05078125
4268 -0.0087890625
4269 -0.123046875
4270 -0.12890625
4271 -0.1064453125
4272 -0.046875
4273 -0.10546875
4274 -0.091796875
4275 -0.07421875
4276 -0.0244140625
4277 -0.0927734375
4278 -0.076171875
4279 -0.0654296875
4280 -0.0166015625
4281 -0.0634765625
4282 -0.0185546875
4283 -0.00390625
4284 0.041015625
4285 -0.01171875
4286 -0.06640625
4287 -0.0498046875
4288 -0.00390625
4289 -0.0712890625
4290 -0.02734375
4291 -0.0107421875
4292 0.03515625
4293 -0.013671875
4294 0.01953125
4295 0.029296875
4296 0.0673828125
4297 0.0068359375
4298 -0.029296875
4299 -0.0244140625
4300 0.015625
4301 -0.0654296875
4302 -0.0185546875
4303 -0.0087890625
4304 0.0380859375
4305 -0.0595703125
4306 -0.0859375
4307 -0.0712890625
4308 -0.0205078125
4309 -0.1572265625
4310 -0.12890625
4311 -0.1025390625
4312 -0.044921875
4313 -0.1259765625
4314 -0.1005859375
4315 -0.08203125
4316 -0.0302734375
4317 -0.10546875
4318 -0.0859375
4319 -0.068359375
4320 -0.017578125
4321 -0.1259765625
4322 -0.1044921875
4323 -0.0849609375
4324 -0.02734375
4325 -0.095703125
4326 -0.0791015625
4327 -0.0625
4328 -0.0107421875
4329 -0.0908203125
4330 -0.078125
4331 -0.064453125
4332 -0.0107421875
4333 -0.1279296875
4334 -0.1064453125
4335 -0.08203125
4336 -0.0244140625
4337 -0.09375
4338 -0.0380859375
4339 -0.01953125
4340 0.0322265625
4341 0.037109375
4342 0.0673828125
4343 0.0732421875
4344 0.1064453125
4345 0.1181640625
4346 0.134765625
4347 0.130859375
4348 0.154296875
4349 0.154296875
4350 0.1630859375
4351 0.1552734375
4352 0.1748046875
4353 0.158203125
4354 0.1650390625
4355 0.1513671875
4356 0.1708984375
4357 0.162109375
4358 0.16796875
4359 0.15625
4360 0.1728515625
4361 0.134765625
4362 0.091796875
4363 0.0771484375
4364 0.0966796875
4365 0.046875
4366 0.0654296875
4367 0.0625
4368 0.0927734375
4369 0.037109375
4370 -0.0009765625
4371 -0.0048828125
4372 0.0302734375
4373 -0.0361328125
4374 -0.0361328125
4375 -0.0341796875
4376 0.0087890625
4377 -0.0498046875
4378 -0.046875
4379 -0.0419921875
4380 0.0009765625
4381 -0.0693359375
4382 -0.0634765625
4383 -0.0537109375
4384 -0.009765625
4385 -0.0966796875
4386 -0.0849609375
4387 -0.0712890625
4388 -0.021484375
4389 -0.0810546875
4390 -0.072265625
4391 -0.0625
4392 -0.013671875
4393 -0.0625
4394 -0.0498046875
4395 -0.0439453125
4396 0.0009765625
4397 -0.06640625
4398 -0.0546875
4399 -0.046875
4400 -0.001953125
4401 -0.1181640625
4402 -0.1220703125
4403 -0.0986328125
4404 -0.0400390625
4405 -0.0986328125
4406 -0.0859375
4407 -0.068359375
4408 -0.0185546875
4409 -0.083984375
4410 -0.0703125
4411 -0.0595703125
4412 -0.01171875
4413 -0.0576171875
4414 -0.013671875
4415 -0.0009765625
4416 0.0458984375
4417 -0.0087890625
4418 -0.0615234375
4419 -0.046875
4420 0.001953125
4421 -0.06640625
4422 -0.0205078125
4423 -0.0068359375
4424 0.0400390625
4425 -0.0107421875
4426 0.0234375
4427 0.033203125
4428 0.072265625
4429 0.009765625
4430 -0.025390625
4431 -0.0205078125
4432 0.0205078125
4433 -0.060546875
4434 -0.0166015625
4435 -0.005859375
4436 0.0400390625
4437 -0.0576171875
4438 -0.083984375
4439 -0.0703125
4440 -0.017578125
4441 -0.1552734375
4442 -0.1240234375
4443 -0.1005859375
4444 -0.0400390625
4445 -0.12109375
4446 -0.09765625
4447 -0.0791015625
4448 -0.02734375
4449 -0.0986328125
4450 -0.0810546875
4451 -0.0654296875
4452 -0.0126953125
4453 -0.1201171875
4454 -0.1025390625
4455 -0.080078125
4456 -0.0234375
4457 -0.0927734375
4458 -0.076171875
4459 -0.05859375
4460 -0.0078125
4461 -0.087890625
4462 -0.076171875
4463 -0.060546875
4464 -0.005859375
4465 -0.126953125
4466 -0.103515625
4467 -0.08203125
4468 -0.021484375
4469 -0.091796875
4470 -0.037109375
4471 -0.0185546875
4472 0.03515625
4473 0.041015625
4474 0.0703125
4475 0.0751953125
4476 0.1103515625
4477 0.1220703125
4478 0.1376953125
4479 0.134765625
4480 0.158203125
4481 0.158203125
4482 0.1650390625
4483 0.1591796875
4484 0.1748046875
4485 0.162109375
4486 0.16796875
4487 0.15625
4488 0.171875
4489 0.1650390625
4490 0.1708984375
4491 0.1591796875
4492 0.1748046875
4493 0.1357421875
4494 0.095703125
4495 0.080078125
4496 0.0986328125
4497 0.048828125
4498 0.0703125
4499 0.0673828125
4500 0.0966796875
4501 0.0390625
4502 0.0009765625
4503 -0.001953125
4504 0.0322265625
4505 -0.0361328125
4506 -0.0341796875
4507 -0.0302734375
4508 0.0107421875
4509 -0.0478515625
4510 -0.0439453125
4511 -0.0380859375
4512 0.0048828125
4513 -0.0703125
4514 -0.0595703125
4515 -0.05078125
4516 -0.0068359375
4517 -0.09375
4518 -0.0830078125
4519 -0.0673828125
4520 -0.01953125
4521 -0.078125
4522 -0.0712890625
4523 -0.05859375
4524 -0.01171875
4525 -0.0576171875
4526 -0.048828125
4527 -0.0400390625
4528 0.001953125
4529 -0.064453125
4530 -0.052734375
4531 -0.04296875
4532 0.0
4533 -0.1142578125
4534 -0.1181640625
4535 -0.0966796875
4536 -0.0390625
4537 -0.0986328125
4538 -0.083984375
4539 -0.06640625
4540 -0.0166015625
4541 -0.0830078125
4542 -0.068359375
4543 -0.056640625
4544 -0.009765625
4545 -0.0546875
4546 -0.0107421875
4547 0.00390625
4548 0.046875
4549 -0.0029296875
4550 -0.0595703125
4551 -0.0419921875
4552 0.00390625
4553 -0.0634765625
4554 -0.0185546875
4555 -0.00390625
4556 0.04296875
4557 -0.009765625
4558 0.0263671875
4559 0.0341796875
4560 0.0732421875
4561 0.0126953125
4562 -0.0244140625
4563 -0.017578125
4564 0.021484375
4565 -0.0537109375
4566 -0.009765625
4567 0.0
4568 0.0458984375
4569 -0.0478515625
4570 -0.080078125
4571 -0.0634765625
4572 -0.0146484375
4573 -0.1494140625
4574 -0.12109375
4575 -0.0966796875
4576 -0.037109375
4577 -0.119140625
4578 -0.09375
4579 -0.076171875
4580 -0.0234375
4581 -0.09765625
4582 -0.0791015625
4583 -0.0625
4584 -0.009765625
4585 -0.1142578125
4586 -0.09765625
4587 -0.0771484375
4588 -0.0205078125
4589 -0.0888671875
4590 -0.072265625
4591 -0.0546875
4592 -0.0048828125
4593 -0.0830078125
4594 -0.0732421875
4595 -0.0556640625
4596 -0.0048828125
4597 -0.1123046875
4598 -0.0908203125
4599 -0.0703125
4600 -0.0146484375
4601 -0.0830078125
4602 -0.029296875
4603 -0.013671875
4604 0.041015625
4605 0.04296875
4606 0.07421875
4607 0.0791015625
4608 0.1103515625
4609 0.1220703125
4610 0.138671875
4611 0.13671875
4612 0.158203125
4613 0.158203125
4614 0.1669921875
4615 0.1591796875
4616 0.177734375
4617 0.1640625
4618 0.1669921875
4619 0.1552734375
4620 0.173828125
4621 0.1650390625
4622 0.1708984375
4623 0.1591796875
4624 0.1748046875
4625 0.13671875
4626 0.0966796875
4627 0.0810546875
4628 0.1005859375
4629 0.0498046875
4630 0.0693359375
4631 0.0673828125
4632 0.09765625
4633 0.0400390625
4634 0.0009765625
4635 -0.001953125
4636 0.033203125
4637 -0.033203125
4638 -0.033203125
4639 -0.029296875
4640 0.0107421875
4641 -0.046875
4642 -0.0419921875
4643 -0.0341796875
4644 0.00390625
4645 -0.06640625
4646 -0.0576171875
4647 -0.05078125
4648 -0.0048828125
4649 -0.0947265625
4650 -0.080078125
4651 -0.0673828125
4652 -0.0185546875
4653 -0.080078125
4654 -0.068359375
4655 -0.0576171875
4656 -0.01171875
4657 -0.0576171875
4658 -0.0498046875
4659 -0.0390625
4660 0.0009765625
4661 -0.0634765625
4662 -0.052734375
4663 -0.0419921875
4664 0.0
4665 -0.11328125
4666 -0.119140625
4667 -0.0986328125
4668 -0.0400390625
4669 -0.09765625
4670 -0.08203125
4671 -0.06640625
4672 -0.013671875
4673 -0.0830078125
4674 -0.0654296875
4675 -0.056640625
4676 -0.0087890625
4677 -0.0556640625
4678 -0.0107421875
4679 0.005859375
4680 0.0478515625
4681 -0.001953125
4682 -0.05859375
4683 -0.041015625
4684 0.00390625
4685 -0.0625
4686 -0.017578125
4687 -0.0009765625
4688 0.04296875
4689 -0.001953125
4690 0.033203125
4691 0.041015625
4692 0.0791015625
4693 0.0263671875
4694 -0.009765625
4695 -0.0078125
4696 0.029296875
4697 -0.0478515625
4698 -0.00390625
4699 0.0048828125
4700 0.048828125
4701 -0.0419921875
4702 -0.072265625
4703 -0.05859375
4704 -0.01171875
4705 -0.142578125
4706 -0.1171875
4707 -0.091796875
4708 -0.0361328125
4709 -0.1103515625
4710 -0.0888671875
4711 -0.0732421875
4712 -0.021484375
4713 -0.0947265625
4714 -0.0771484375
4715 -0.0625
4716 -0.0087890625
4717 -0.115234375
4718 -0.09765625
4719 -0.078125
4720 -0.0205078125
4721 -0.08984375
4722 -0.072265625
4723 -0.0576171875
4724 -0.0078125
4725 -0.0849609375
4726 -0.0732421875
4727 -0.0546875
4728 -0.005859375
4729 -0.1142578125
4730 -0.0947265625
4731 -0.0712890625
4732 -0.0166015625
4733 -0.0859375
4734 -0.0322265625
4735 -0.0126953125
4736 0.0380859375
4737 0.0419921875
4738 0.0732421875
4739 0.0791015625
4740 0.1123046875
4741 0.1220703125
4742 0.140625
4743 0.13671875
4744 0.158203125
4745 0.158203125
4746 0.1669921875
4747 0.1611328125
4748 0.1767578125
4749 0.1611328125
4750 0.1669921875
4751 0.1572265625
4752 0.171875
4753 0.1650390625
4754 0.1708984375
4755 0.16015625
4756 0.1748046875
4757 0.1376953125
4758 0.0966796875
4759 0.080078125
4760 0.1005859375
4761 0.046875
4762 0.0693359375
4763 0.0654296875
4764 0.095703125
4765 0.0390625
4766 0.001953125
4767 -0.001953125
4768 0.033203125
4769 -0.0341796875
4770 -0.03515625
4771 -0.029296875
4772 0.0107421875
4773 -0.046875
4774 -0.04296875
4775 -0.0361328125
4776 0.0048828125
4777 -0.06640625
4778 -0.0595703125
4779 -0.048828125
4780 -0.0048828125
4781 -0.095703125
4782 -0.080078125
4783 -0.0654296875
4784 -0.01953125
4785 -0.0791015625
4786 -0.068359375
4787 -0.0576171875
4788 -0.009765625
4789 -0.056640625
4790 -0.0458984375
4791 -0.0400390625
4792 0.0029296875
4793 -0.0625
4794 -0.0517578125
4795 -0.0419921875
4796 0.0
4797 -0.1142578125
4798 -0.1201171875
4799 -0.095703125
4800 -0.0390625
4801 -0.0986328125
4802 -0.0830078125
4803 -0.0673828125
4804 -0.015625
4805 -0.083984375
4806 -0.0673828125
4807 -0.056640625
4808 -0.0087890625
4809 -0.0556640625
4810 -0.01171875
4811 0.0029296875
4812 0.048828125
4813 -0.0048828125
4814 -0.05859375
4815 -0.0419921875
4816 0.00390625
4817 -0.0634765625
4818 -0.017578125
4819 -0.001953125
4820 0.0439453125
4821 -0.0009765625
4822 0.0322265625
4823 0.0419921875
4824 0.0791015625
4825 0.0234375
4826 -0.013671875
4827 -0.009765625
4828 0.0302734375
4829 -0.048828125
4830 -0.0048828125
4831 0.00390625
4832 0.048828125
4833 -0.04296875
4834 -0.0703125
4835 -0.0595703125
4836 -0.009765625
4837 -0.1416015625
4838 -0.115234375
4839 -0.091796875
4840 -0.03515625
4841 -0.111328125
4842 -0.0908203125
4843 -0.072265625
4844 -0.021484375
4845 -0.09375
4846 -0.0791015625
4847 -0.060546875
4848 -0.0107421875
4849 -0.115234375
4850 -0.0966796875
4851 -0.0771484375
4852 -0.0205078125
4853 -0.0888671875
4854 -0.072265625
4855 -0.0576171875
4856 -0.0048828125
4857 -0.0849609375
4858 -0.072265625
4859 -0.056640625
4860 -0.0048828125
4861 -0.1123046875
4862 -0.09375
4863 -0.0703125
4864 -0.0166015625
4865 -0.083984375
4866 -0.033203125
4867 -0.01171875
4868 0.0380859375
4869 0.044921875
4870 0.0732421875
4871 0.080078125
4872 0.11328125
4873 0.123046875
4874 0.138671875
4875 0.13671875
4876 0.1591796875
4877 0.1591796875
4878 0.16796875
4879 0.16015625
4880 0.1787109375
4881 0.1630859375
4882 0.169921875
4883 0.158203125
4884 0.1728515625
4885 0.166015625
4886 0.171875
4887 0.1611328125
4888 0.1767578125
4889 0.1376953125
4890 0.09765625
4891 0.08203125
4892 0.099609375
4893 0.0498046875
4894 0.0693359375
4895 0.06640625
4896 0.0986328125
4897 0.0400390625
4898 0.001953125
4899 -0.001953125
4900 0.033203125
4901 -0.0341796875
4902 -0.0322265625
4903 -0.0302734375
4904 0.01171875
4905 -0.046875
4906 -0.04296875
4907 -0.0361328125
4908 0.0048828125
4909 -0.064453125
4910 -0.0595703125
4911 -0.048828125
4912 -0.0048828125
4913 -0.0927734375
4914 -0.0810546875
4915 -0.064453125
4916 -0.017578125
4917 -0.078125
4918 -0.0673828125
4919 -0.056640625
4920 -0.0107421875
4921 -0.0576171875
4922 -0.0458984375
4923 -0.041015625
4924 0.0029296875
4925 -0.0634765625
4926 -0.048828125
4927 -0.041015625
4928 0.0009765625
4929 -0.1142578125
4930 -0.1181640625
4931 -0.0966796875
4932 -0.0400390625
4933 -0.0966796875
4934 -0.083984375
4935 -0.064453125
4936 -0.015625
4937 -0.080078125
4938 -0.06640625
4939 -0.056640625
4940 -0.0078125
4941 -0.0556640625
4942 -0.0107421875
4943 0.0029296875
4944 0.048828125
4945 -0.00390625
4946 -0.05859375
4947 -0.04296875
4948 0.00390625
4949 -0.0625
4950 -0.0166015625
4951 -0.00390625
4952 0.0439453125
4953 -0.0029296875
4954 0.03125
4955 0.0400390625
4956 0.0771484375
4957 0.0224609375
4958 -0.0146484375
4959 -0.009765625
4960 0.0283203125
4961 -0.05078125
4962 -0.005859375
4963 0.001953125
4964 0.0498046875
4965 -0.044921875
4966 -0.072265625
4967 -0.0615234375
4968 -0.009765625
4969 -0.1435546875
4970 -0.1142578125
4971 -0.0927734375
4972 -0.03515625
4973 -0.1123046875
4974 -0.0908203125
4975 -0.072265625
4976 -0.021484375
4977 -0.0927734375
4978 -0.076171875
4979 -0.0615234375
4980 -0.009765625
4981 -0.1142578125
4982 -0.0986328125
4983 -0.0791015625
4984 -0.0205078125
4985 -0.0888671875
4986 -0.07421875
4987 -0.05859375
4988 -0.0048828125
4989 -0.0859375
4990 -0.07421875
4991 -0.0595703125
4992 -0.005859375
4993 -0.1162109375
4994 -0.0966796875
4995 -0.0751953125
4996 -0.017578125
4997 -0.0859375
4998 -0.0322265625
4999 -0.013671875
