x y
0 0.0263671875
1 -0.0908203125
2 -0.0673828125
3 -0.015625
4 -0.0234375
5 -0.4130859375
6 -0.0771484375
7 -0.0048828125
8 -0.03515625
9 -0.1494140625
10 -0.0615234375
11 0.0068359375
12 -0.0244140625
13 -0.130859375
14 -0.0078125
15 0.0634765625
16 0.0302734375
17 -0.0830078125
18 -0.0615234375
19 0.0107421875
20 -0.017578125
21 -0.14453125
22 -0.017578125
23 0.056640625
24 0.0244140625
25 -0.1064453125
26 -0.0634765625
27 0.0078125
28 -0.021484375
29 -0.134765625
30 -0.048828125
31 0.0224609375
32 -0.0126953125
33 -0.115234375
34 -0.0302734375
35 0.0361328125
36 -0.0009765625
37 -0.1201171875
38 0.0029296875
39 0.072265625
40 0.037109375
41 -0.052734375
42 0.0615234375
43 0.1240234375
44 0.0771484375
45 0.0126953125
46 0.1201171875
47 0.17578125
48 0.1162109375
49 0.0185546875
50 0.0693359375
51 0.12109375
52 0.05859375
53 -0.0712890625
54 0.0419921875
55 0.1083984375
56 0.0576171875
57 -0.0791015625
58 -0.0380859375
59 0.0302734375
60 -0.0107421875
61 -0.1279296875
62 -0.0390625
63 0.0322265625
64 -0.009765625
65 -0.126953125
66 -0.037109375
67 0.0302734375
68 -0.0107421875
69 -0.1552734375
70 -0.0244140625
71 0.052734375
72 0.015625
73 -0.0419921875
74 0.0732421875
75 0.1396484375
76 0.0830078125
77 -0.0107421875
78 0.0400390625
79 0.0966796875
80 0.0390625
81 -0.091796875
82 0.0263671875
83 0.0927734375
84 0.046875
85 -0.08984375
86 -0.0478515625
87 0.017578125
88 -0.015625
89 -0.1328125
90 -0.0439453125
91 0.025390625
92 -0.013671875
93 -0.12890625
94 -0.0400390625
95 0.02734375
96 -0.01171875
97 -0.1552734375
98 -0.0263671875
99 0.0517578125
100 0.0146484375
101 -0.0400390625
102 0.0732421875
103 0.1376953125
104 0.0830078125
105 -0.0107421875
106 0.0400390625
107 0.09375
108 0.0380859375
109 -0.09375
110 0.025390625
111 0.0927734375
112 0.0458984375
113 -0.0927734375
114 -0.05078125
115 0.017578125
116 -0.017578125
117 -0.134765625
118 -0.046875
119 0.0224609375
120 -0.015625
121 -0.12890625
122 -0.0419921875
123 0.025390625
124 -0.013671875
125 -0.1552734375
126 -0.029296875
127 0.0498046875
128 0.013671875
129 -0.0400390625
130 0.0712890625
131 0.13671875
132 0.083984375
133 -0.0107421875
134 0.0390625
135 0.0908203125
136 0.0380859375
137 -0.09375
138 0.025390625
139 0.08984375
140 0.0458984375
141 -0.0947265625
142 -0.0517578125
143 0.0166015625
144 -0.0185546875
145 -0.1328125
146 -0.0458984375
147 0.025390625
148 -0.0146484375
149 -0.126953125
150 -0.04296875
151 0.0263671875
152 -0.0126953125
153 -0.154296875
154 -0.0234375
155 0.0498046875
156 0.0166015625
157 -0.0400390625
158 0.072265625
159 0.13671875
160 0.083984375
161 -0.0107421875
162 0.0380859375
163 0.0927734375
164 0.0361328125
165 -0.0908203125
166 0.0234375
167 0.091796875
168 0.044921875
169 -0.091796875
170 -0.0517578125
171 0.01953125
172 -0.017578125
173 -0.1318359375
174 -0.044921875
175 0.021484375
176 -0.013671875
177 -0.1298828125
178 -0.041015625
179 0.025390625
180 -0.0126953125
181 -0.1533203125
182 -0.0263671875
183 0.0478515625
184 0.015625
185 -0.0390625
186 0.0712890625
187 0.1337890625
188 0.0830078125
189 -0.0107421875
190 0.037109375
191 0.0908203125
192 0.0380859375
193 -0.0927734375
194 0.0224609375
195 0.08984375
196 0.044921875
197 -0.0927734375
198 -0.0517578125
199 0.0146484375
200 -0.017578125
201 -0.1328125
202 -0.044921875
203 0.0205078125
204 -0.013671875
205 -0.1279296875
206 -0.0419921875
207 0.0224609375
208 -0.0126953125
209 -0.15625
210 -0.0283203125
211 0.046875
212 0.013671875
213 -0.0419921875
214 0.0693359375
215 0.1337890625
216 0.0810546875
217 -0.0126953125
218 0.037109375
219 0.0927734375
220 0.0380859375
221 -0.09375
222 0.0234375
223 0.087890625
224 0.0458984375
225 -0.0927734375
226 -0.0517578125
227 0.017578125
228 -0.017578125
229 -0.1328125
230 -0.0458984375
231 0.021484375
232 -0.0146484375
233 -0.12890625
234 -0.0419921875
235 0.0244140625
236 -0.0146484375
237 -0.15625
238 -0.029296875
239 0.046875
240 0.0126953125
241 -0.0419921875
242 0.0712890625
243 0.134765625
244 0.08203125
245 -0.0107421875
246 0.037109375
247 0.0908203125
248 0.0380859375
249 -0.0927734375
250 0.0224609375
251 0.087890625
252 0.0458984375
253 -0.09375
254 -0.052734375
255 0.0146484375
256 -0.0185546875
257 -0.1318359375
258 -0.0478515625
259 0.0205078125
260 -0.015625
261 -0.126953125
262 -0.0419921875
263 0.0224609375
264 -0.01171875
265 -0.1533203125
266 -0.0263671875
267 0.046875
268 0.0166015625
269 -0.0419921875
270 0.0712890625
271 0.1337890625
272 0.08203125
273 -0.009765625
274 0.0380859375
275 0.091796875
276 0.037109375
277 -0.0927734375
278 0.0244140625
279 0.091796875
280 0.044921875
281 -0.0888671875
282 -0.0498046875
283 0.01953125
284 -0.017578125
285 -0.130859375
286 -0.044921875
287 0.0244140625
288 -0.0146484375
289 -0.1279296875
290 -0.041015625
291 0.0263671875
292 -0.01171875
293 -0.1572265625
294 -0.025390625
295 0.0478515625
296 0.015625
297 -0.0419921875
298 0.0712890625
299 0.13671875
300 0.08203125
301 -0.0126953125
302 0.037109375
303 0.091796875
304 0.037109375
305 -0.0947265625
306 0.0224609375
307 0.08984375
308 0.04296875
309 -0.091796875
310 -0.05078125
311 0.0146484375
312 -0.017578125
313 -0.1337890625
314 -0.046875
315 0.0185546875
316 -0.01171875
317 -0.1259765625
318 -0.0419921875
319 0.01953125
320 -0.0107421875
321 -0.15234375
322 -0.02734375
323 0.044921875
324 0.0146484375
325 -0.0390625
326 0.0712890625
327 0.1318359375
328 0.0810546875
329 -0.0087890625
330 0.037109375
331 0.087890625
332 0.037109375
333 -0.0908203125
334 0.0234375
335 0.0849609375
336 0.046875
337 -0.08984375
338 -0.0517578125
339 0.013671875
340 -0.0185546875
341 -0.1298828125
342 -0.046875
343 0.017578125
344 -0.013671875
345 -0.125
346 -0.0439453125
347 0.017578125
348 -0.0126953125
349 -0.1533203125
350 -0.0283203125
351 0.0419921875
352 0.0146484375
353 -0.0380859375
354 0.068359375
355 0.126953125
356 0.08203125
357 -0.009765625
358 0.0361328125
359 0.0830078125
360 0.0380859375
361 -0.0888671875
362 0.021484375
363 0.080078125
364 0.0458984375
365 -0.08984375
366 -0.0517578125
367 0.0078125
368 -0.017578125
369 -0.1298828125
370 -0.048828125
371 0.0166015625
372 -0.0146484375
373 -0.1279296875
374 -0.0439453125
375 0.0205078125
376 -0.013671875
377 -0.1494140625
378 -0.02734375
379 0.0439453125
380 0.0166015625
381 -0.037109375
382 0.072265625
383 0.130859375
384 0.083984375
385 -0.0107421875
386 0.0380859375
387 0.0888671875
388 0.0390625
389 -0.0888671875
390 0.021484375
391 0.0859375
392 0.0458984375
393 -0.08984375
394 -0.05078125
395 0.01171875
396 -0.0166015625
397 -0.1298828125
398 -0.0478515625
399 0.01953125
400 -0.0146484375
401 -0.126953125
402 -0.04296875
403 0.0185546875
404 -0.013671875
405 -0.1533203125
406 -0.029296875
407 0.0419921875
408 0.0146484375
409 -0.0390625
410 0.0712890625
411 0.130859375
412 0.083984375
413 -0.009765625
414 0.0361328125
415 0.087890625
416 0.0380859375
417 -0.0908203125
418 0.021484375
419 0.0869140625
420 0.0439453125
421 -0.08984375
422 -0.052734375
423 0.013671875
424 -0.017578125
425 -0.130859375
426 -0.0478515625
427 0.017578125
428 -0.013671875
429 -0.1279296875
430 -0.0419921875
431 0.0205078125
432 -0.01171875
433 -0.1533203125
434 -0.0283203125
435 0.044921875
436 0.0146484375
437 -0.0390625
438 0.068359375
439 0.130859375
440 0.0810546875
441 -0.0107421875
442 0.0361328125
443 0.0888671875
444 0.0380859375
445 -0.091796875
446 0.021484375
447 0.0869140625
448 0.044921875
449 -0.091796875
450 -0.052734375
451 0.0107421875
452 -0.017578125
453 -0.1318359375
454 -0.0478515625
455 0.0166015625
456 -0.013671875
457 -0.1279296875
458 -0.04296875
459 0.0205078125
460 -0.013671875
461 -0.15625
462 -0.0302734375
463 0.0458984375
464 0.0126953125
465 -0.0400390625
466 0.0693359375
467 0.134765625
468 0.08203125
469 -0.01171875
470 0.0361328125
471 0.0908203125
472 0.037109375
473 -0.09375
474 0.0224609375
475 0.0859375
476 0.0458984375
477 -0.0927734375
478 -0.0517578125
479 0.013671875
480 -0.017578125
481 -0.130859375
482 -0.046875
483 0.0205078125
484 -0.0146484375
485 -0.1259765625
486 -0.04296875
487 0.021484375
488 -0.01171875
489 -0.1513671875
490 -0.025390625
491 0.0478515625
492 0.0146484375
493 -0.0400390625
494 0.0712890625
495 0.1318359375
496 0.0830078125
497 -0.01171875
498 0.037109375
499 0.087890625
500 0.037109375
501 -0.08984375
502 0.0234375
503 0.0849609375
504 0.0458984375
505 -0.08984375
506 -0.0517578125
507 0.015625
508 -0.0166015625
509 -0.12890625
510 -0.0478515625
511 0.0185546875
512 -0.01171875
513 -0.1240234375
514 -0.0419921875
515 0.021484375
516 -0.01171875
517 -0.15234375
518 -0.0263671875
519 0.044921875
520 0.0166015625
521 -0.0380859375
522 0.0712890625
523 0.130859375
524 0.0830078125
525 -0.0087890625
526 0.0380859375
527 0.087890625
528 0.037109375
529 -0.0908203125
530 0.0224609375
531 0.087890625
532 0.0458984375
533 -0.08984375
534 -0.0517578125
535 0.013671875
536 -0.017578125
537 -0.1298828125
538 -0.0458984375
539 0.01953125
540 -0.0126953125
541 -0.126953125
542 -0.0419921875
543 0.021484375
544 -0.013671875
545 -0.15625
546 -0.02734375
547 0.0458984375
548 0.0126953125
549 -0.041015625
550 0.0712890625
551 0.1328125
552 0.080078125
553 -0.009765625
554 0.0361328125
555 0.08984375
556 0.037109375
557 -0.091796875
558 0.0224609375
559 0.087890625
560 0.0439453125
561 -0.0908203125
562 -0.0498046875
563 0.0166015625
564 -0.017578125
565 -0.1337890625
566 -0.0458984375
567 0.021484375
568 -0.0146484375
569 -0.130859375
570 -0.0419921875
571 0.0263671875
572 -0.0126953125
573 -0.1591796875
574 -0.029296875
575 0.0478515625
576 0.0126953125
577 -0.0439453125
578 0.0712890625
579 0.1357421875
580 0.0810546875
581 -0.0126953125
582 0.037109375
583 0.0927734375
584 0.037109375
585 -0.0947265625
586 0.0224609375
587 0.0888671875
588 0.044921875
589 -0.0927734375
590 -0.0517578125
591 0.013671875
592 -0.01953125
593 -0.1357421875
594 -0.0478515625
595 0.01953125
596 -0.015625
597 -0.1279296875
598 -0.04296875
599 0.021484375
600 -0.0146484375
601 -0.154296875
602 -0.0263671875
603 0.046875
604 0.0146484375
605 -0.0390625
606 0.0703125
607 0.1328125
608 0.08203125
609 -0.0126953125
610 0.037109375
611 0.08984375
612 0.0390625
613 -0.0908203125
614 0.0234375
615 0.087890625
616 0.046875
617 -0.0908203125
618 -0.0498046875
619 0.015625
620 -0.017578125
621 -0.1318359375
622 -0.0478515625
623 0.01953125
624 -0.0146484375
625 -0.126953125
626 -0.0439453125
627 0.0234375
628 -0.0126953125
629 -0.15625
630 -0.0263671875
631 0.0478515625
632 0.013671875
633 -0.0419921875
634 0.072265625
635 0.134765625
636 0.0810546875
637 -0.0126953125
638 0.0380859375
639 0.0908203125
640 0.0361328125
641 -0.0966796875
642 0.0234375
643 0.0869140625
644 0.0439453125
645 -0.0927734375
646 -0.0517578125
647 0.013671875
648 -0.01953125
649 -0.1328125
650 -0.046875
651 0.021484375
652 -0.0146484375
653 -0.12890625
654 -0.0419921875
655 0.0244140625
656 -0.013671875
657 -0.1591796875
658 -0.02734375
659 0.0498046875
660 0.0146484375
661 -0.04296875
662 0.0712890625
663 0.1357421875
664 0.08203125
665 -0.0126953125
666 0.0380859375
667 0.0927734375
668 0.0380859375
669 -0.09375
670 0.021484375
671 0.08984375
672 0.0439453125
673 -0.0927734375
674 -0.0517578125
675 0.01953125
676 -0.017578125
677 -0.1337890625
678 -0.0458984375
679 0.0205078125
680 -0.0146484375
681 -0.130859375
682 -0.0419921875
683 0.0244140625
684 -0.013671875
685 -0.1591796875
686 -0.02734375
687 0.046875
688 0.0126953125
689 -0.0439453125
690 0.0693359375
691 0.1357421875
692 0.0791015625
693 -0.0126953125
694 0.0361328125
695 0.0927734375
696 0.0361328125
697 -0.0947265625
698 0.021484375
699 0.087890625
700 0.0439453125
701 -0.0927734375
702 -0.0498046875
703 0.013671875
704 -0.017578125
705 -0.1337890625
706 -0.0458984375
707 0.0224609375
708 -0.0146484375
709 -0.1279296875
710 -0.0419921875
711 0.0234375
712 -0.0126953125
713 -0.1552734375
714 -0.025390625
715 0.0498046875
716 0.015625
717 -0.0419921875
718 0.072265625
719 0.1376953125
720 0.08203125
721 -0.01171875
722 0.0390625
723 0.0947265625
724 0.0361328125
725 -0.09375
726 0.0234375
727 0.0888671875
728 0.044921875
729 -0.0908203125
730 -0.0478515625
731 0.01953125
732 -0.017578125
733 -0.1318359375
734 -0.044921875
735 0.0224609375
736 -0.013671875
737 -0.1298828125
738 -0.0419921875
739 0.0234375
740 -0.0126953125
741 -0.15625
742 -0.0263671875
743 0.0458984375
744 0.013671875
745 -0.0400390625
746 0.0712890625
747 0.1337890625
748 0.080078125
749 -0.013671875
750 0.037109375
751 0.091796875
752 0.0380859375
753 -0.0947265625
754 0.0224609375
755 0.0888671875
756 0.0458984375
757 -0.0908203125
758 -0.0498046875
759 0.015625
760 -0.017578125
761 -0.130859375
762 -0.0458984375
763 0.0224609375
764 -0.0146484375
765 -0.126953125
766 -0.0419921875
767 0.0234375
768 -0.01171875
769 -0.154296875
770 -0.02734375
771 0.046875
772 0.0166015625
773 -0.0400390625
774 0.0703125
775 0.1328125
776 0.0830078125
777 -0.01171875
778 0.0390625
779 0.0908203125
780 0.0380859375
781 -0.091796875
782 0.0224609375
783 0.0869140625
784 0.0439453125
785 -0.0908203125
786 -0.0517578125
787 0.0166015625
788 -0.017578125
789 -0.1318359375
790 -0.0478515625
791 0.0205078125
792 -0.013671875
793 -0.1279296875
794 -0.04296875
795 0.0224609375
796 -0.0126953125
797 -0.15625
798 -0.02734375
799 0.044921875
800 0.015625
801 -0.041015625
802 0.0712890625
803 0.1337890625
804 0.08203125
805 -0.009765625
806 0.037109375
807 0.087890625
808 0.0380859375
809 -0.091796875
810 0.021484375
811 0.083984375
812 0.0458984375
813 -0.091796875
814 -0.0517578125
815 0.0146484375
816 -0.017578125
817 -0.1328125
818 -0.0458984375
819 0.01953125
820 -0.0126953125
821 -0.126953125
822 -0.041015625
823 0.0205078125
824 -0.01171875
825 -0.1533203125
826 -0.0263671875
827 0.0478515625
828 0.013671875
829 -0.0390625
830 0.072265625
831 0.1337890625
832 0.08203125
833 -0.0107421875
834 0.0361328125
835 0.087890625
836 0.0380859375
837 -0.0927734375
838 0.0234375
839 0.0869140625
840 0.0439453125
841 -0.091796875
842 -0.0498046875
843 0.015625
844 -0.0166015625
845 -0.1328125
846 -0.0439453125
847 0.0224609375
848 -0.0126953125
849 -0.1279296875
850 -0.04296875
851 0.025390625
852 -0.0126953125
853 -0.1552734375
854 -0.02734375
855 0.046875
856 0.0146484375
857 -0.041015625
858 0.0712890625
859 0.1376953125
860 0.0810546875
861 -0.013671875
862 0.0380859375
863 0.0908203125
864 0.0380859375
865 -0.095703125
866 0.0224609375
867 0.08984375
868 0.044921875
869 -0.0927734375
870 -0.0498046875
871 0.0166015625
872 -0.0185546875
873 -0.1337890625
874 -0.044921875
875 0.0234375
876 -0.015625
877 -0.12890625
878 -0.044921875
879 0.025390625
880 -0.013671875
881 -0.1572265625
882 -0.029296875
883 0.044921875
884 0.013671875
885 -0.041015625
886 0.0693359375
887 0.1328125
888 0.0830078125
889 -0.01171875
890 0.037109375
891 0.0908203125
892 0.0380859375
893 -0.0927734375
894 0.0224609375
895 0.0859375
896 0.044921875
897 -0.0927734375
898 -0.0517578125
899 0.0166015625
900 -0.017578125
901 -0.130859375
902 -0.0458984375
903 0.0205078125
904 -0.013671875
905 -0.1279296875
906 -0.0439453125
907 0.0224609375
908 -0.0126953125
909 -0.1572265625
910 -0.02734375
911 0.044921875
912 0.013671875
913 -0.04296875
914 0.0712890625
915 0.1337890625
916 0.08203125
917 -0.013671875
918 0.0380859375
919 0.091796875
920 0.0361328125
921 -0.0947265625
922 0.01953125
923 0.087890625
924 0.0439453125
925 -0.09375
926 -0.052734375
927 0.0146484375
928 -0.0205078125
929 -0.134765625
930 -0.046875
931 0.021484375
932 -0.0146484375
933 -0.12890625
934 -0.0419921875
935 0.0224609375
936 -0.013671875
937 -0.154296875
938 -0.0263671875
939 0.046875
940 0.0166015625
941 -0.0419921875
942 0.0703125
943 0.1328125
944 0.0810546875
945 -0.0107421875
946 0.0380859375
947 0.0908203125
948 0.037109375
949 -0.0888671875
950 0.0234375
951 0.087890625
952 0.046875
953 -0.08984375
954 -0.0517578125
955 0.013671875
956 -0.0166015625
957 -0.1318359375
958 -0.0458984375
959 0.01953125
960 -0.0126953125
961 -0.126953125
962 -0.0419921875
963 0.021484375
964 -0.0126953125
965 -0.1552734375
966 -0.0283203125
967 0.044921875
968 0.015625
969 -0.0400390625
970 0.0703125
971 0.1328125
972 0.08203125
973 -0.0107421875
974 0.0380859375
975 0.08984375
976 0.0380859375
977 -0.0947265625
978 0.0224609375
979 0.087890625
980 0.0439453125
981 -0.095703125
982 -0.052734375
983 0.0166015625
984 -0.0185546875
985 -0.1337890625
986 -0.046875
987 0.0234375
988 -0.015625
989 -0.12890625
990 -0.04296875
991 0.025390625
992 -0.013671875
993 -0.15625
994 -0.02734375
995 0.0498046875
996 0.0146484375
997 -0.041015625
998 0.0712890625
999 0.1337890625
1000 0.0830078125
1001 -0.0087890625
1002 0.037109375
1003 0.087890625
1004 0.0390625
1005 -0.0927734375
1006 0.0244140625
1007 0.0859375
1008 0.0458984375
1009 -0.0908203125
1010 -0.052734375
1011 0.0126953125
1012 -0.017578125
1013 -0.1298828125
1014 -0.0478515625
1015 0.017578125
1016 -0.013671875
1017 -0.1259765625
1018 -0.0439453125
1019 0.0205078125
1020 -0.0126953125
1021 -0.154296875
1022 -0.0302734375
1023 0.041015625
1024 0.0146484375
1025 -0.0390625
1026 0.0703125
1027 0.126953125
1028 0.0830078125
1029 -0.0107421875
1030 0.037109375
1031 0.0859375
1032 0.03515625
1033 -0.0908203125
1034 0.0205078125
1035 0.083984375
1036 0.0458984375
1037 -0.0927734375
1038 -0.0537109375
1039 0.009765625
1040 -0.01953125
1041 -0.130859375
1042 -0.046875
1043 0.0185546875
1044 -0.013671875
1045 -0.126953125
1046 -0.04296875
1047 0.01953125
1048 -0.01171875
1049 -0.1533203125
1050 -0.025390625
1051 0.044921875
1052 0.015625
1053 -0.0380859375
1054 0.0712890625
1055 0.1328125
1056 0.08203125
1057 -0.009765625
1058 0.03515625
1059 0.08984375
1060 0.037109375
1061 -0.0888671875
1062 0.0234375
1063 0.0869140625
1064 0.0458984375
1065 -0.0908203125
1066 -0.052734375
1067 0.01171875
1068 -0.017578125
1069 -0.1328125
1070 -0.048828125
1071 0.01953125
1072 -0.013671875
1073 -0.1279296875
1074 -0.0439453125
1075 0.01953125
1076 -0.0126953125
1077 -0.15625
1078 -0.029296875
1079 0.044921875
1080 0.0126953125
1081 -0.0400390625
1082 0.0703125
1083 0.1328125
1084 0.08203125
1085 -0.0107421875
1086 0.0361328125
1087 0.0908203125
1088 0.037109375
1089 -0.09375
1090 0.0234375
1091 0.087890625
1092 0.044921875
1093 -0.09375
1094 -0.0517578125
1095 0.0146484375
1096 -0.0185546875
1097 -0.1337890625
1098 -0.044921875
1099 0.0205078125
1100 -0.013671875
1101 -0.1279296875
1102 -0.04296875
1103 0.021484375
1104 -0.013671875
1105 -0.1533203125
1106 -0.0283203125
1107 0.046875
1108 0.0146484375
1109 -0.0390625
1110 0.0703125
1111 0.1337890625
1112 0.0830078125
1113 -0.0126953125
1114 0.037109375
1115 0.0888671875
1116 0.037109375
1117 -0.09375
1118 0.0244140625
1119 0.087890625
1120 0.0458984375
1121 -0.0947265625
1122 -0.052734375
1123 0.013671875
1124 -0.01953125
1125 -0.1337890625
1126 -0.0478515625
1127 0.021484375
1128 -0.015625
1129 -0.12890625
1130 -0.04296875
1131 0.0234375
1132 -0.0146484375
1133 -0.158203125
1134 -0.029296875
1135 0.044921875
1136 0.0146484375
1137 -0.0419921875
1138 0.0703125
1139 0.134765625
1140 0.0830078125
1141 -0.01171875
1142 0.0380859375
1143 0.091796875
1144 0.037109375
1145 -0.0966796875
1146 0.0224609375
1147 0.087890625
1148 0.044921875
1149 -0.0947265625
1150 -0.052734375
1151 0.0166015625
1152 -0.0205078125
1153 -0.1337890625
1154 -0.046875
1155 0.0234375
1156 -0.01171875
1157 -0.1279296875
1158 -0.041015625
1159 0.0224609375
1160 -0.01171875
1161 -0.1552734375
1162 -0.025390625
1163 0.046875
1164 0.0146484375
1165 -0.041015625
1166 0.0712890625
1167 0.134765625
1168 0.08203125
1169 -0.013671875
1170 0.0380859375
1171 0.091796875
1172 0.037109375
1173 -0.095703125
1174 0.0234375
1175 0.091796875
1176 0.044921875
1177 -0.091796875
1178 -0.05078125
1179 0.0205078125
1180 -0.0166015625
1181 -0.1337890625
1182 -0.044921875
1183 0.0244140625
1184 -0.013671875
1185 -0.1298828125
1186 -0.041015625
1187 0.0283203125
1188 -0.0126953125
1189 -0.1572265625
1190 -0.0263671875
1191 0.0478515625
1192 0.0146484375
1193 -0.04296875
1194 0.0712890625
1195 0.13671875
1196 0.0810546875
1197 -0.013671875
1198 0.037109375
1199 0.0947265625
1200 0.0380859375
1201 -0.0947265625
1202 0.0234375
1203 0.091796875
1204 0.044921875
1205 -0.0927734375
1206 -0.05078125
1207 0.017578125
1208 -0.0166015625
1209 -0.134765625
1210 -0.0458984375
1211 0.0244140625
1212 -0.013671875
1213 -0.130859375
1214 -0.041015625
1215 0.0263671875
1216 -0.0126953125
1217 -0.158203125
1218 -0.0283203125
1219 0.048828125
1220 0.01171875
1221 -0.0439453125
1222 0.0712890625
1223 0.138671875
1224 0.080078125
1225 -0.0126953125
1226 0.0390625
1227 0.09375
1228 0.0390625
1229 -0.0966796875
1230 0.0244140625
1231 0.08984375
1232 0.0458984375
1233 -0.0927734375
1234 -0.048828125
1235 0.017578125
1236 -0.017578125
1237 -0.1337890625
1238 -0.044921875
1239 0.025390625
1240 -0.0146484375
1241 -0.12890625
1242 -0.04296875
1243 0.0263671875
1244 -0.0126953125
1245 -0.158203125
1246 -0.0283203125
1247 0.0478515625
1248 0.013671875
1249 -0.04296875
1250 0.072265625
1251 0.134765625
1252 0.0830078125
1253 -0.01171875
1254 0.0380859375
1255 0.0908203125
1256 0.0380859375
1257 -0.09375
1258 0.0224609375
1259 0.0859375
1260 0.044921875
1261 -0.09375
1262 -0.0537109375
1263 0.01171875
1264 -0.0185546875
1265 -0.1328125
1266 -0.048828125
1267 0.017578125
1268 -0.015625
1269 -0.1279296875
1270 -0.0439453125
1271 0.0205078125
1272 -0.0126953125
1273 -0.15234375
1274 -0.0263671875
1275 0.0439453125
1276 0.0166015625
1277 -0.037109375
1278 0.072265625
1279 0.1318359375
1280 0.083984375
1281 -0.0087890625
1282 0.0400390625
1283 0.08984375
1284 0.0380859375
1285 -0.08984375
1286 0.0224609375
1287 0.0859375
1288 0.0458984375
1289 -0.0908203125
1290 -0.052734375
1291 0.0146484375
1292 -0.017578125
1293 -0.130859375
1294 -0.046875
1295 0.01953125
1296 -0.0126953125
1297 -0.126953125
1298 -0.0419921875
1299 0.0224609375
1300 -0.01171875
1301 -0.15625
1302 -0.02734375
1303 0.0478515625
1304 0.0146484375
1305 -0.0400390625
1306 0.0712890625
1307 0.1337890625
1308 0.0830078125
1309 -0.0107421875
1310 0.0390625
1311 0.0888671875
1312 0.037109375
1313 -0.0927734375
1314 0.021484375
1315 0.0869140625
1316 0.0458984375
1317 -0.0927734375
1318 -0.0546875
1319 0.009765625
1320 -0.017578125
1321 -0.1328125
1322 -0.0458984375
1323 0.01953125
1324 -0.013671875
1325 -0.1279296875
1326 -0.04296875
1327 0.0185546875
1328 -0.01171875
1329 -0.154296875
1330 -0.0283203125
1331 0.044921875
1332 0.0146484375
1333 -0.0400390625
1334 0.0712890625
1335 0.1337890625
1336 0.08203125
1337 -0.01171875
1338 0.037109375
1339 0.0927734375
1340 0.037109375
1341 -0.0947265625
1342 0.0234375
1343 0.0888671875
1344 0.0439453125
1345 -0.0947265625
1346 -0.0517578125
1347 0.015625
1348 -0.017578125
1349 -0.1337890625
1350 -0.0458984375
1351 0.0224609375
1352 -0.015625
1353 -0.130859375
1354 -0.0439453125
1355 0.0263671875
1356 -0.013671875
1357 -0.1591796875
1358 -0.029296875
1359 0.0478515625
1360 0.0126953125
1361 -0.0458984375
1362 0.0712890625
1363 0.13671875
1364 0.0810546875
1365 -0.015625
1366 0.037109375
1367 0.0927734375
1368 0.037109375
1369 -0.0986328125
1370 0.0205078125
1371 0.0908203125
1372 0.0439453125
1373 -0.095703125
1374 -0.0517578125
1375 0.0185546875
1376 -0.0185546875
1377 -0.134765625
1378 -0.044921875
1379 0.025390625
1380 -0.015625
1381 -0.1298828125
1382 -0.041015625
1383 0.02734375
1384 -0.013671875
1385 -0.15625
1386 -0.025390625
1387 0.052734375
1388 0.0146484375
1389 -0.0439453125
1390 0.072265625
1391 0.1376953125
1392 0.083984375
1393 -0.01171875
1394 0.0390625
1395 0.095703125
1396 0.0380859375
1397 -0.0927734375
1398 0.025390625
1399 0.0927734375
1400 0.046875
1401 -0.0908203125
1402 -0.0498046875
1403 0.0205078125
1404 -0.017578125
1405 -0.1328125
1406 -0.0439453125
1407 0.0263671875
1408 -0.013671875
1409 -0.130859375
1410 -0.04296875
1411 0.0244140625
1412 -0.0126953125
1413 -0.1572265625
1414 -0.0263671875
1415 0.046875
1416 0.013671875
1417 -0.0400390625
1418 0.0732421875
1419 0.1328125
1420 0.0830078125
1421 -0.009765625
1422 0.0380859375
1423 0.0908203125
1424 0.0380859375
1425 -0.0908203125
1426 0.0234375
1427 0.0888671875
1428 0.044921875
1429 -0.08984375
1430 -0.0517578125
1431 0.0146484375
1432 -0.0166015625
1433 -0.1298828125
1434 -0.0458984375
1435 0.0185546875
1436 -0.01171875
1437 -0.125
1438 -0.037109375
1439 0.0234375
1440 -0.009765625
1441 -0.1298828125
1442 -0.005859375
1443 0.0634765625
1444 0.029296875
1445 -0.080078125
1446 -0.0322265625
1447 0.03125
1448 -0.005859375
1449 -0.1181640625
1450 -0.0419921875
1451 0.0263671875
1452 -0.0087890625
1453 -0.1298828125
1454 -0.04296875
1455 0.0185546875
1456 -0.0146484375
1457 -0.1796875
1458 -0.0869140625
1459 -0.017578125
1460 -0.0390625
1461 -0.19921875
1462 -0.0625
1463 0.01953125
1464 -0.0029296875
1465 -0.0771484375
1466 0.041015625
1467 0.1064453125
1468 0.0634765625
1469 0.0029296875
1470 0.1064453125
1471 0.1630859375
1472 0.109375
1473 0.013671875
1474 0.056640625
1475 0.10546875
1476 0.05078125
1477 -0.064453125
1478 0.044921875
1479 0.1044921875
1480 0.060546875
1481 -0.0185546875
1482 0.0859375
1483 0.1435546875
1484 0.091796875
1485 -0.009765625
1486 0.0322265625
1487 0.0830078125
1488 0.037109375
1489 -0.0693359375
1490 0.0380859375
1491 0.1005859375
1492 0.0556640625
1493 -0.0087890625
1494 0.09375
1495 0.1474609375
1496 0.09375
1497 -0.0048828125
1498 0.03125
1499 0.083984375
1500 0.0341796875
1501 -0.0615234375
1502 0.0166015625
1503 0.0673828125
1504 0.021484375
1505 -0.138671875
1506 -0.0185546875
1507 0.048828125
1508 0.015625
1509 -0.0966796875
1510 0.017578125
1511 0.0771484375
1512 0.0400390625
1513 -0.103515625
1514 -0.0615234375
1515 0.00390625
1516 -0.025390625
1517 -0.1396484375
1518 -0.0185546875
1519 0.0498046875
1520 0.0185546875
1521 -0.046875
1522 0.0595703125
1523 0.1181640625
1524 0.0712890625
1525 -0.0537109375
1526 -0.015625
1527 0.0419921875
1528 0.0048828125
1529 -0.1025390625
1530 0.01171875
1531 0.0771484375
1532 0.0390625
1533 -0.0625
1534 -0.0146484375
1535 0.041015625
1536 0.0009765625
1537 -0.0888671875
1538 0.025390625
1539 0.091796875
1540 0.0458984375
1541 -0.0009765625
1542 0.1005859375
1543 0.15625
1544 0.1005859375
1545 -0.0224609375
1546 0.0751953125
1547 0.130859375
1548 0.078125
1549 -0.0869140625
1550 -0.0478515625
1551 0.01171875
1552 -0.0205078125
1553 -0.1298828125
1554 -0.046875
1555 0.0146484375
1556 -0.01953125
1557 -0.1904296875
1558 -0.1123046875
1559 -0.0380859375
1560 -0.060546875
1561 -0.1787109375
1562 -0.0498046875
1563 0.0263671875
1564 -0.001953125
1565 -0.095703125
1566 -0.0498046875
1567 0.017578125
1568 -0.0166015625
1569 -0.1181640625
1570 0.001953125
1571 0.0703125
1572 0.03125
1573 -0.033203125
1574 0.07421875
1575 0.1318359375
1576 0.080078125
1577 -0.0107421875
1578 0.029296875
1579 0.0830078125
1580 0.0322265625
1581 -0.064453125
1582 0.0146484375
1583 0.068359375
1584 0.0185546875
1585 -0.140625
1586 -0.0205078125
1587 0.05078125
1588 0.015625
1589 -0.1015625
1590 0.013671875
1591 0.080078125
1592 0.037109375
1593 -0.1064453125
1594 -0.0595703125
1595 0.0078125
1596 -0.025390625
1597 -0.146484375
1598 -0.0185546875
1599 0.0517578125
1600 0.0166015625
1601 -0.0673828125
1602 0.0458984375
1603 0.107421875
1604 0.0595703125
1605 -0.060546875
1606 -0.0234375
1607 0.0380859375
1608 -0.001953125
1609 -0.1083984375
1610 0.009765625
1611 0.0751953125
1612 0.0341796875
1613 -0.0625
1614 -0.0166015625
1615 0.041015625
1616 -0.0009765625
1617 -0.1240234375
1618 -0.0029296875
1619 0.0654296875
1620 0.0283203125
1621 -0.09765625
1622 -0.0537109375
1623 0.0087890625
1624 -0.0224609375
1625 -0.130859375
1626 -0.044921875
1627 0.017578125
1628 -0.017578125
1629 -0.1884765625
1630 -0.111328125
1631 -0.033203125
1632 -0.0576171875
1633 -0.1767578125
1634 -0.04296875
1635 0.03515625
1636 0.001953125
1637 -0.0927734375
1638 -0.0439453125
1639 0.0263671875
1640 -0.0126953125
1641 -0.1162109375
1642 0.005859375
1643 0.076171875
1644 0.0341796875
1645 -0.0322265625
1646 0.0791015625
1647 0.138671875
1648 0.083984375
1649 -0.0107421875
1650 0.0302734375
1651 0.0859375
1652 0.033203125
1653 -0.060546875
1654 0.0205078125
1655 0.0771484375
1656 0.0244140625
1657 -0.0595703125
1658 0.05078125
1659 0.1162109375
1660 0.0654296875
1661 0.0078125
1662 0.11328125
1663 0.1728515625
1664 0.109375
1665 0.0
1666 0.1025390625
1667 0.1591796875
1668 0.09765625
1669 -0.0244140625
1670 0.0791015625
1671 0.138671875
1672 0.078125
1673 -0.0625
1674 -0.0205078125
1675 0.041015625
1676 -0.0078125
1677 -0.12890625
1678 -0.0048828125
1679 0.06640625
1680 0.0224609375
1681 -0.0537109375
1682 0.0595703125
1683 0.1259765625
1684 0.06640625
1685 -0.05859375
1686 -0.01953125
1687 0.0419921875
1688 -0.0009765625
1689 -0.115234375
1690 0.0068359375
1691 0.0771484375
1692 0.0302734375
1693 -0.076171875
1694 -0.0224609375
1695 0.0380859375
1696 -0.009765625
1697 -0.103515625
1698 0.0146484375
1699 0.0849609375
1700 0.037109375
1701 -0.013671875
1702 0.0947265625
1703 0.15625
1704 0.09375
1705 0.0361328125
1706 0.13671875
1707 0.193359375
1708 0.1220703125
1709 0.0576171875
1710 0.1552734375
1711 0.2080078125
1712 0.1357421875
1713 0.013671875
1714 0.111328125
1715 0.1630859375
1716 0.095703125
1717 -0.068359375
1718 -0.0283203125
1719 0.0283203125
1720 -0.0185546875
1721 -0.1328125
1722 -0.0478515625
1723 0.015625
1724 -0.02734375
1725 -0.19921875
1726 -0.1220703125
1727 -0.0439453125
1728 -0.07421875
1729 -0.1923828125
1730 -0.060546875
1731 0.017578125
1732 -0.015625
1733 -0.1142578125
1734 -0.064453125
1735 0.005859375
1736 -0.033203125
1737 -0.1474609375
1738 -0.0205078125
1739 0.048828125
1740 0.009765625
1741 -0.0703125
1742 0.0439453125
1743 0.1083984375
1744 0.052734375
1745 -0.0458984375
1746 -0.00390625
1747 0.0576171875
1748 0.00390625
1749 -0.0908203125
1750 -0.0048828125
1751 0.0537109375
1752 0.0009765625
1753 -0.0908203125
1754 0.0224609375
1755 0.08984375
1756 0.0390625
1757 -0.0205078125
1758 0.0869140625
1759 0.1455078125
1760 0.0849609375
1761 0.021484375
1762 0.1220703125
1763 0.1796875
1764 0.109375
1765 0.0458984375
1766 0.1435546875
1767 0.197265625
1768 0.1240234375
1769 0.013671875
1770 0.109375
1771 0.162109375
1772 0.0947265625
1773 -0.0283203125
1774 0.0703125
1775 0.125
1776 0.064453125
1777 -0.078125
1778 -0.0390625
1779 0.021484375
1780 -0.0244140625
1781 -0.146484375
1782 -0.0234375
1783 0.041015625
1784 0.001953125
1785 -0.0703125
1786 0.0400390625
1787 0.0986328125
1788 0.0478515625
1789 -0.0771484375
1790 -0.0400390625
1791 0.0205078125
1792 -0.0205078125
1793 -0.1318359375
1794 -0.015625
1795 0.0537109375
1796 0.009765625
1797 -0.0947265625
1798 -0.044921875
1799 0.013671875
1800 -0.0283203125
1801 -0.12109375
1802 -0.0048828125
1803 0.0634765625
1804 0.0185546875
1805 -0.0302734375
1806 0.076171875
1807 0.1357421875
1808 0.076171875
1809 0.0107421875
1810 0.111328125
1811 0.1689453125
1812 0.099609375
1813 0.037109375
1814 0.1318359375
1815 0.1875
1816 0.1142578125
1817 -0.0048828125
1818 0.0908203125
1819 0.146484375
1820 0.080078125
1821 -0.0869140625
1822 -0.0478515625
1823 0.009765625
1824 -0.03515625
1825 -0.1494140625
1826 -0.0634765625
1827 0.0009765625
1828 -0.0419921875
1829 -0.21484375
1830 -0.1376953125
1831 -0.060546875
1832 -0.0869140625
1833 -0.208984375
1834 -0.0751953125
1835 0.0
1836 -0.029296875
1837 -0.1279296875
1838 -0.078125
1839 -0.009765625
1840 -0.0458984375
1841 -0.1884765625
1842 -0.0615234375
1843 0.0146484375
1844 -0.0185546875
1845 -0.1103515625
1846 0.0048828125
1847 0.0703125
1848 0.0244140625
1849 -0.0732421875
1850 -0.0302734375
1851 0.0322265625
1852 -0.0146484375
1853 -0.1064453125
1854 -0.0234375
1855 0.03515625
1856 -0.013671875
1857 -0.1083984375
1858 0.0068359375
1859 0.07421875
1860 0.0263671875
1861 -0.0341796875
1862 0.0712890625
1863 0.1328125
1864 0.0732421875
1865 0.005859375
1866 0.1064453125
1867 0.162109375
1868 0.0947265625
1869 0.0322265625
1870 0.1298828125
1871 0.1845703125
1872 0.1142578125
1873 0.005859375
1874 0.1025390625
1875 0.154296875
1876 0.0888671875
1877 -0.033203125
1878 0.0673828125
1879 0.12109375
1880 0.060546875
1881 -0.0791015625
1882 -0.0380859375
1883 0.0205078125
1884 -0.0263671875
1885 -0.1474609375
1886 -0.0302734375
1887 0.0380859375
1888 -0.0029296875
1889 -0.0791015625
1890 0.0302734375
1891 0.0927734375
1892 0.0390625
1893 -0.087890625
1894 -0.048828125
1895 0.013671875
1896 -0.0302734375
1897 -0.142578125
1898 -0.021484375
1899 0.0458984375
1900 0.0048828125
1901 -0.1015625
1902 -0.0517578125
1903 0.0078125
1904 -0.0341796875
1905 -0.1298828125
1906 -0.0107421875
1907 0.05859375
1908 0.01171875
1909 -0.0361328125
1910 0.068359375
1911 0.1298828125
1912 0.0693359375
1913 0.0107421875
1914 0.107421875
1915 0.162109375
1916 0.09765625
1917 0.0341796875
1918 0.1298828125
1919 0.1806640625
1920 0.11328125
1921 -0.0087890625
1922 0.0849609375
1923 0.1357421875
1924 0.07421875
1925 -0.087890625
1926 -0.052734375
1927 0.005859375
1928 -0.0390625
1929 -0.150390625
1930 -0.068359375
1931 -0.005859375
1932 -0.0478515625
1933 -0.2158203125
1934 -0.142578125
1935 -0.0654296875
1936 -0.0927734375
1937 -0.212890625
1938 -0.080078125
1939 -0.0029296875
1940 -0.033203125
1941 -0.1318359375
1942 -0.0830078125
1943 -0.0146484375
1944 -0.0498046875
1945 -0.16015625
1946 -0.0361328125
1947 0.0322265625
1948 -0.005859375
1949 -0.0791015625
1950 0.0322265625
1951 0.09375
1952 0.0400390625
1953 -0.052734375
1954 -0.0126953125
1955 0.0458984375
1956 -0.005859375
1957 -0.0966796875
1958 -0.017578125
1959 0.0390625
1960 -0.0107421875
1961 -0.1064453125
1962 0.005859375
1963 0.0703125
1964 0.025390625
1965 -0.0390625
1966 0.0654296875
1967 0.1240234375
1968 0.06640625
1969 -0.0048828125
1970 0.0947265625
1971 0.1494140625
1972 0.0859375
1973 0.0263671875
1974 0.119140625
1975 0.1708984375
1976 0.1064453125
1977 0.00390625
1978 0.0927734375
1979 0.1416015625
1980 0.0830078125
1981 -0.0341796875
1982 0.05859375
1983 0.1064453125
1984 0.0556640625
1985 -0.0859375
1986 -0.0517578125
1987 0.001953125
1988 -0.0341796875
1989 -0.154296875
1990 -0.037109375
1991 0.025390625
1992 -0.0087890625
1993 -0.091796875
1994 0.013671875
1995 0.0732421875
1996 0.0263671875
1997 -0.09375
1998 -0.060546875
1999 0.0
2000 -0.0380859375
2001 -0.142578125
2002 -0.029296875
2003 0.037109375
2004 -0.0009765625
2005 -0.1015625
2006 -0.0537109375
2007 0.0029296875
2008 -0.0361328125
2009 -0.1748046875
2010 -0.052734375
2011 0.013671875
2012 -0.0166015625
2013 -0.1416015625
2014 -0.0966796875
2015 -0.037109375
2016 -0.0634765625
2017 -0.1669921875
2018 -0.0849609375
2019 -0.021484375
2020 -0.0517578125
2021 -0.21875
2022 -0.1455078125
2023 -0.07421875
2024 -0.087890625
2025 -0.201171875
2026 -0.0751953125
2027 -0.00390625
2028 -0.02734375
2029 -0.1240234375
2030 -0.078125
2031 -0.015625
2032 -0.0419921875
2033 -0.19140625
2034 -0.06640625
2035 0.0029296875
2036 -0.01953125
2037 -0.1181640625
2038 -0.0029296875
2039 0.05859375
2040 0.0205078125
2041 -0.0732421875
2042 -0.033203125
2043 0.0263671875
2044 -0.013671875
2045 -0.1025390625
2046 -0.021484375
2047 0.0322265625
2048 -0.009765625
2049 -0.1005859375
2050 0.0087890625
2051 0.0732421875
2052 0.0302734375
2053 -0.033203125
2054 0.0673828125
2055 0.12109375
2056 0.072265625
2057 0.0078125
2058 0.1025390625
2059 0.15625
2060 0.09765625
2061 0.037109375
2062 0.12890625
2063 0.1787109375
2064 0.1142578125
2065 0.01171875
2066 0.1005859375
2067 0.150390625
2068 0.091796875
2069 -0.02734375
2070 0.0654296875
2071 0.119140625
2072 0.0634765625
2073 -0.07421875
2074 -0.0380859375
2075 0.0205078125
2076 -0.0244140625
2077 -0.14453125
2078 -0.025390625
2079 0.0380859375
2080 0.0009765625
2081 -0.072265625
2082 0.0341796875
2083 0.0947265625
2084 0.0439453125
2085 -0.0810546875
2086 -0.0458984375
2087 0.0126953125
2088 -0.02734375
2089 -0.1337890625
2090 -0.01953125
2091 0.0458984375
2092 0.005859375
2093 -0.095703125
2094 -0.05078125
2095 0.0078125
2096 -0.03125
2097 -0.1259765625
2098 -0.009765625
2099 0.0556640625
2100 0.0146484375
2101 -0.0302734375
2102 0.0693359375
2103 0.1259765625
2104 0.0732421875
2105 0.005859375
2106 0.1044921875
2107 0.1572265625
2108 0.09375
2109 0.03515625
2110 0.126953125
2111 0.1796875
2112 0.111328125
2113 -0.0068359375
2114 0.0859375
2115 0.13671875
2116 0.07421875
2117 -0.0888671875
2118 -0.052734375
2119 0.0029296875
2120 -0.037109375
2121 -0.1494140625
2122 -0.0673828125
2123 -0.0078125
2124 -0.044921875
2125 -0.216796875
2126 -0.140625
2127 -0.068359375
2128 -0.08984375
2129 -0.208984375
2130 -0.0791015625
2131 -0.0029296875
2132 -0.033203125
2133 -0.1298828125
2134 -0.0810546875
2135 -0.0126953125
2136 -0.048828125
2137 -0.1591796875
2138 -0.0380859375
2139 0.033203125
2140 -0.005859375
2141 -0.0791015625
2142 0.029296875
2143 0.08984375
2144 0.0400390625
2145 -0.0537109375
2146 -0.0126953125
2147 0.0419921875
2148 -0.0048828125
2149 -0.0966796875
2150 -0.0166015625
2151 0.037109375
2152 -0.0107421875
2153 -0.1005859375
2154 0.0087890625
2155 0.0732421875
2156 0.02734375
2157 -0.033203125
2158 0.0673828125
2159 0.125
2160 0.0693359375
2161 0.0029296875
2162 0.0986328125
2163 0.154296875
2164 0.091796875
2165 0.03125
2166 0.123046875
2167 0.17578125
2168 0.1083984375
2169 0.0029296875
2170 0.0947265625
2171 0.1455078125
2172 0.0830078125
2173 -0.0380859375
2174 0.0576171875
2175 0.1103515625
2176 0.0537109375
2177 -0.0888671875
2178 -0.0517578125
2179 0.0078125
2180 -0.0361328125
2181 -0.1572265625
2182 -0.0380859375
2183 0.0283203125
2184 -0.009765625
2185 -0.0947265625
2186 0.0126953125
2187 0.076171875
2188 0.02734375
2189 -0.0927734375
2190 -0.0546875
2191 0.0048828125
2192 -0.0341796875
2193 -0.1435546875
2194 -0.0244140625
2195 0.041015625
2196 -0.0009765625
2197 -0.1005859375
2198 -0.052734375
2199 0.0068359375
2200 -0.037109375
2201 -0.17578125
2202 -0.0537109375
2203 0.0185546875
2204 -0.017578125
2205 -0.142578125
2206 -0.0986328125
2207 -0.029296875
2208 -0.0634765625
2209 -0.169921875
2210 -0.08203125
2211 -0.015625
2212 -0.0517578125
2213 -0.22265625
2214 -0.1455078125
2215 -0.068359375
2216 -0.0908203125
2217 -0.2080078125
2218 -0.0771484375
2219 0.0
2220 -0.0283203125
2221 -0.1259765625
2222 -0.0791015625
2223 -0.0087890625
2224 -0.0439453125
2225 -0.197265625
2226 -0.0673828125
2227 0.0087890625
2228 -0.0234375
2229 -0.1201171875
2230 -0.00390625
2231 0.064453125
2232 0.021484375
2233 -0.0751953125
2234 -0.0322265625
2235 0.0283203125
2236 -0.0146484375
2237 -0.107421875
2238 -0.0224609375
2239 0.0341796875
2240 -0.0107421875
2241 -0.1044921875
2242 0.0107421875
2243 0.076171875
2244 0.0302734375
2245 -0.037109375
2246 0.0693359375
2247 0.1279296875
2248 0.0712890625
2249 0.00390625
2250 0.1044921875
2251 0.1591796875
2252 0.095703125
2253 0.03515625
2254 0.1298828125
2255 0.1826171875
2256 0.1162109375
2257 0.0078125
2258 0.1025390625
2259 0.154296875
2260 0.0888671875
2261 -0.0283203125
2262 0.0703125
2263 0.1240234375
2264 0.064453125
2265 -0.072265625
2266 -0.0322265625
2267 0.025390625
2268 -0.0205078125
2269 -0.1416015625
2270 -0.0244140625
2271 0.04296875
2272 0.0009765625
2273 -0.0751953125
2274 0.0341796875
2275 0.0966796875
2276 0.0419921875
2277 -0.0849609375
2278 -0.046875
2279 0.0146484375
2280 -0.02734375
2281 -0.138671875
2282 -0.0205078125
2283 0.046875
2284 0.005859375
2285 -0.0986328125
2286 -0.048828125
2287 0.0078125
2288 -0.0341796875
2289 -0.1279296875
2290 -0.0087890625
2291 0.0576171875
2292 0.0126953125
2293 -0.0322265625
2294 0.0703125
2295 0.1279296875
2296 0.0703125
2297 0.0068359375
2298 0.103515625
2299 0.1572265625
2300 0.0947265625
2301 0.0341796875
2302 0.1279296875
2303 0.177734375
2304 0.111328125
2305 -0.0087890625
2306 0.0849609375
2307 0.13671875
2308 0.07421875
2309 -0.0908203125
2310 -0.052734375
2311 0.0048828125
2312 -0.0380859375
2313 -0.1533203125
2314 -0.0673828125
2315 -0.001953125
2316 -0.0478515625
2317 -0.216796875
2318 -0.1416015625
2319 -0.0625
2320 -0.0927734375
2321 -0.212890625
2322 -0.078125
2323 0.0
2324 -0.0341796875
2325 -0.1318359375
2326 -0.0810546875
2327 -0.0087890625
2328 -0.048828125
2329 -0.1630859375
2330 -0.037109375
2331 0.033203125
2332 -0.0068359375
2333 -0.083984375
2334 0.03125
2335 0.09375
2336 0.0400390625
2337 -0.0546875
2338 -0.01171875
2339 0.046875
2340 -0.005859375
2341 -0.0986328125
2342 -0.0166015625
2343 0.0400390625
2344 -0.0107421875
2345 -0.103515625
2346 0.009765625
2347 0.0771484375
2348 0.025390625
2349 -0.0390625
2350 0.0693359375
2351 0.130859375
2352 0.0673828125
2353 -0.0029296875
2354 0.1005859375
2355 0.16015625
2356 0.091796875
2357 0.025390625
2358 0.1240234375
2359 0.181640625
2360 0.1064453125
2361 -0.001953125
2362 0.095703125
2363 0.150390625
2364 0.0810546875
2365 -0.0400390625
2366 0.0595703125
2367 0.1171875
2368 0.0546875
2369 -0.0869140625
2370 -0.0458984375
2371 0.0146484375
2372 -0.033203125
2373 -0.1552734375
2374 -0.033203125
2375 0.033203125
2376 -0.0087890625
2377 -0.0859375
2378 0.02734375
2379 0.0888671875
2380 0.0361328125
2381 -0.0849609375
2382 -0.0439453125
2383 0.015625
2384 -0.0302734375
2385 -0.1533203125
2386 -0.033203125
2387 0.037109375
2388 -0.005859375
2389 -0.1103515625
2390 -0.0625
2391 0.0009765625
2392 -0.041015625
2393 -0.154296875
2394 -0.0341796875
2395 0.0361328125
2396 -0.00390625
2397 -0.05078125
2398 0.056640625
2399 0.1181640625
2400 0.05859375
2401 0.0
2402 0.1005859375
2403 0.15625
2404 0.0908203125
2405 0.0263671875
2406 0.123046875
2407 0.17578125
2408 0.10546875
2409 -0.0166015625
2410 0.0791015625
2411 0.1328125
2412 0.068359375
2413 -0.095703125
2414 -0.05859375
2415 0.001953125
2416 -0.0439453125
2417 -0.1591796875
2418 -0.0771484375
2419 -0.015625
2420 -0.0537109375
2421 -0.236328125
2422 -0.1591796875
2423 -0.08203125
2424 -0.1025390625
2425 -0.2509765625
2426 -0.1103515625
2427 -0.03125
2428 -0.0517578125
2429 -0.1328125
2430 -0.013671875
2431 0.0537109375
2432 0.01171875
2433 -0.123046875
2434 -0.08203125
2435 -0.015625
2436 -0.0517578125
2437 -0.169921875
2438 -0.0869140625
2439 -0.0185546875
2440 -0.0546875
2441 -0.16015625
2442 -0.07421875
2443 -0.009765625
2444 -0.0458984375
2445 -0.166015625
2446 -0.0419921875
2447 0.0283203125
2448 -0.0087890625
2449 -0.0966796875
2450 0.017578125
2451 0.0810546875
2452 0.03125
2453 -0.0302734375
2454 0.07421875
2455 0.134765625
2456 0.0712890625
2457 -0.021484375
2458 0.0263671875
2459 0.0771484375
2460 0.017578125
2461 -0.1123046875
2462 -0.0009765625
2463 0.0625
2464 0.017578125
2465 -0.12109375
2466 -0.080078125
2467 -0.015625
2468 -0.0498046875
2469 -0.1640625
2470 -0.0791015625
2471 -0.0126953125
2472 -0.0478515625
2473 -0.162109375
2474 -0.0751953125
2475 -0.009765625
2476 -0.0458984375
2477 -0.1884765625
2478 -0.060546875
2479 0.013671875
2480 -0.01953125
2481 -0.0751953125
2482 0.0380859375
2483 0.103515625
2484 0.048828125
2485 -0.0419921875
2486 0.005859375
2487 0.05859375
2488 0.005859375
2489 -0.125
2490 -0.0087890625
2491 0.0576171875
2492 0.015625
2493 -0.1220703125
2494 -0.0810546875
2495 -0.0146484375
2496 -0.046875
2497 -0.162109375
2498 -0.076171875
2499 -0.005859375
2500 -0.0439453125
2501 -0.1572265625
2502 -0.072265625
2503 -0.0048828125
2504 -0.0419921875
2505 -0.18359375
2506 -0.052734375
2507 0.0224609375
2508 -0.0126953125
2509 -0.0693359375
2510 0.0439453125
2511 0.1083984375
2512 0.0556640625
2513 -0.0400390625
2514 0.01171875
2515 0.064453125
2516 0.01171875
2517 -0.119140625
2518 -0.0009765625
2519 0.0615234375
2520 0.021484375
2521 -0.1171875
2522 -0.078125
2523 -0.0087890625
2524 -0.0419921875
2525 -0.15625
2526 -0.0712890625
2527 -0.0029296875
2528 -0.0380859375
2529 -0.1513671875
2530 -0.06640625
2531 0.0
2532 -0.0361328125
2533 -0.1787109375
2534 -0.05078125
2535 0.0244140625
2536 -0.0078125
2537 -0.0625
2538 0.048828125
2539 0.111328125
2540 0.0615234375
2541 -0.033203125
2542 0.0166015625
2543 0.068359375
2544 0.015625
2545 -0.1142578125
2546 0.0009765625
2547 0.0673828125
2548 0.0234375
2549 -0.1142578125
2550 -0.0751953125
2551 -0.0078125
2552 -0.0390625
2553 -0.15234375
2554 -0.06640625
2555 0.0009765625
2556 -0.0341796875
2557 -0.1484375
2558 -0.0615234375
2559 0.0009765625
2560 -0.0322265625
2561 -0.1748046875
2562 -0.0458984375
2563 0.0283203125
2564 -0.0029296875
2565 -0.0576171875
2566 0.052734375
2567 0.11328125
2568 0.0634765625
2569 -0.0283203125
2570 0.0185546875
2571 0.0732421875
2572 0.0205078125
2573 -0.109375
2574 0.005859375
2575 0.0712890625
2576 0.029296875
2577 -0.1083984375
2578 -0.0673828125
2579 -0.0009765625
2580 -0.0341796875
2581 -0.1494140625
2582 -0.0625
2583 0.00390625
2584 -0.029296875
2585 -0.14453125
2586 -0.05859375
2587 0.005859375
2588 -0.0283203125
2589 -0.171875
2590 -0.0439453125
2591 0.029296875
2592 -0.0009765625
2593 -0.0537109375
2594 0.0546875
2595 0.1171875
2596 0.0673828125
2597 -0.0244140625
2598 0.021484375
2599 0.0732421875
2600 0.0234375
2601 -0.1044921875
2602 0.0078125
2603 0.0693359375
2604 0.03125
2605 -0.107421875
2606 -0.0673828125
2607 -0.001953125
2608 -0.03125
2609 -0.1455078125
2610 -0.0615234375
2611 0.0048828125
2612 -0.029296875
2613 -0.140625
2614 -0.0576171875
2615 0.0048828125
2616 -0.0283203125
2617 -0.1650390625
2618 -0.04296875
2619 0.0302734375
2620 0.001953125
2621 -0.052734375
2622 0.056640625
2623 0.1171875
2624 0.0703125
2625 -0.0234375
2626 0.0234375
2627 0.07421875
2628 0.025390625
2629 -0.1015625
2630 0.01171875
2631 0.0732421875
2632 0.03515625
2633 -0.103515625
2634 -0.0654296875
2635 -0.0009765625
2636 -0.0302734375
2637 -0.140625
2638 -0.0595703125
2639 0.005859375
2640 -0.0263671875
2641 -0.13671875
2642 -0.0546875
2643 0.0087890625
2644 -0.0234375
2645 -0.1669921875
2646 -0.0400390625
2647 0.0322265625
2648 0.00390625
2649 -0.0478515625
2650 0.05859375
2651 0.1201171875
2652 0.0712890625
2653 -0.0205078125
2654 0.0263671875
2655 0.0771484375
2656 0.0263671875
2657 -0.103515625
2658 0.01171875
2659 0.0751953125
2660 0.033203125
2661 -0.103515625
2662 -0.0634765625
2663 0.0048828125
2664 -0.0302734375
2665 -0.1396484375
2666 -0.05859375
2667 0.0087890625
2668 -0.0234375
2669 -0.13671875
2670 -0.052734375
2671 0.009765625
2672 -0.021484375
2673 -0.1611328125
2674 -0.0361328125
2675 0.0361328125
2676 0.0068359375
2677 -0.048828125
2678 0.0615234375
2679 0.123046875
2680 0.0732421875
2681 -0.01953125
2682 0.0283203125
2683 0.0810546875
2684 0.029296875
2685 -0.09765625
2686 0.015625
2687 0.078125
2688 0.0380859375
2689 -0.0966796875
2690 -0.056640625
2691 0.0078125
2692 -0.025390625
2693 -0.138671875
2694 -0.0537109375
2695 0.01171875
2696 -0.0205078125
2697 -0.134765625
2698 -0.0498046875
2699 0.015625
2700 -0.01953125
2701 -0.1650390625
2702 -0.0361328125
2703 0.037109375
2704 0.0068359375
2705 -0.0478515625
2706 0.060546875
2707 0.1240234375
2708 0.07421875
2709 -0.0205078125
2710 0.02734375
2711 0.0810546875
2712 0.029296875
2713 -0.1015625
2714 0.015625
2715 0.0791015625
2716 0.0380859375
2717 -0.099609375
2718 -0.0576171875
2719 0.0087890625
2720 -0.0234375
2721 -0.138671875
2722 -0.052734375
2723 0.0146484375
2724 -0.0205078125
2725 -0.134765625
2726 -0.0498046875
2727 0.0166015625
2728 -0.01953125
2729 -0.1611328125
2730 -0.033203125
2731 0.0380859375
2732 0.0078125
2733 -0.0478515625
2734 0.0634765625
2735 0.1259765625
2736 0.07421875
2737 -0.017578125
2738 0.0302734375
2739 0.0830078125
2740 0.03125
2741 -0.0986328125
2742 0.015625
2743 0.0791015625
2744 0.0390625
2745 -0.0966796875
2746 -0.0556640625
2747 0.0078125
2748 -0.0234375
2749 -0.1376953125
2750 -0.0537109375
2751 0.013671875
2752 -0.0205078125
2753 -0.1337890625
2754 -0.0498046875
2755 0.015625
2756 -0.0185546875
2757 -0.162109375
2758 -0.03515625
2759 0.0390625
2760 0.0068359375
2761 -0.046875
2762 0.064453125
2763 0.1259765625
2764 0.0751953125
2765 -0.017578125
2766 0.03125
2767 0.08203125
2768 0.033203125
2769 -0.099609375
2770 0.017578125
2771 0.0810546875
2772 0.0390625
2773 -0.0986328125
2774 -0.05859375
2775 0.0087890625
2776 -0.0244140625
2777 -0.1376953125
2778 -0.052734375
2779 0.0166015625
2780 -0.01953125
2781 -0.1337890625
2782 -0.0478515625
2783 0.017578125
2784 -0.0185546875
2785 -0.162109375
2786 -0.0322265625
2787 0.0419921875
2788 0.0087890625
2789 -0.0478515625
2790 0.06640625
2791 0.12890625
2792 0.0771484375
2793 -0.0166015625
2794 0.033203125
2795 0.087890625
2796 0.0322265625
2797 -0.0986328125
2798 0.017578125
2799 0.083984375
2800 0.0400390625
2801 -0.09765625
2802 -0.056640625
2803 0.0107421875
2804 -0.0234375
2805 -0.138671875
2806 -0.05078125
2807 0.0166015625
2808 -0.01953125
2809 -0.1337890625
2810 -0.046875
2811 0.0205078125
2812 -0.0166015625
2813 -0.1650390625
2814 -0.0322265625
2815 0.044921875
2816 0.0087890625
2817 -0.0498046875
2818 0.06640625
2819 0.134765625
2820 0.0771484375
2821 -0.0185546875
2822 0.0341796875
2823 0.0927734375
2824 0.0302734375
2825 -0.1025390625
2826 0.017578125
2827 0.08984375
2828 0.0390625
2829 -0.099609375
2830 -0.0537109375
2831 0.0166015625
2832 -0.0234375
2833 -0.140625
2834 -0.048828125
2835 0.0224609375
2836 -0.0185546875
2837 -0.134765625
2838 -0.0458984375
2839 0.021484375
2840 -0.0166015625
2841 -0.1630859375
2842 -0.0302734375
2843 0.0478515625
2844 0.009765625
2845 -0.046875
2846 0.0673828125
2847 0.1337890625
2848 0.076171875
2849 -0.0166015625
2850 0.0341796875
2851 0.0927734375
2852 0.033203125
2853 -0.1005859375
2854 0.01953125
2855 0.0859375
2856 0.041015625
2857 -0.0986328125
2858 -0.0537109375
2859 0.0166015625
2860 -0.021484375
2861 -0.1396484375
2862 -0.0498046875
2863 0.0224609375
2864 -0.0185546875
2865 -0.134765625
2866 -0.0458984375
2867 0.0244140625
2868 -0.0185546875
2869 -0.1611328125
2870 -0.0322265625
2871 0.0458984375
2872 0.0107421875
2873 -0.046875
2874 0.0673828125
2875 0.1328125
2876 0.0791015625
2877 -0.0166015625
2878 0.0361328125
2879 0.0888671875
2880 0.03515625
2881 -0.099609375
2882 0.01953125
2883 0.0869140625
2884 0.0400390625
2885 -0.0986328125
2886 -0.0546875
2887 0.0146484375
2888 -0.0205078125
2889 -0.13671875
2890 -0.0498046875
2891 0.0205078125
2892 -0.0185546875
2893 -0.1318359375
2894 -0.044921875
2895 0.0224609375
2896 -0.0166015625
2897 -0.1591796875
2898 -0.029296875
2899 0.046875
2900 0.01171875
2901 -0.0458984375
2902 0.068359375
2903 0.134765625
2904 0.0791015625
2905 -0.0146484375
2906 0.03515625
2907 0.0908203125
2908 0.0361328125
2909 -0.095703125
2910 0.0224609375
2911 0.08984375
2912 0.0439453125
2913 -0.091796875
2914 -0.0517578125
2915 0.017578125
2916 -0.01953125
2917 -0.134765625
2918 -0.0478515625
2919 0.0224609375
2920 -0.0146484375
2921 -0.12890625
2922 -0.0439453125
2923 0.021484375
2924 -0.0146484375
2925 -0.158203125
2926 -0.0283203125
2927 0.0458984375
2928 0.013671875
2929 -0.0439453125
2930 0.0703125
2931 0.134765625
2932 0.080078125
2933 -0.015625
2934 0.0361328125
2935 0.0908203125
2936 0.0361328125
2937 -0.09375
2938 0.0205078125
2939 0.0869140625
2940 0.04296875
2941 -0.0927734375
2942 -0.052734375
2943 0.013671875
2944 -0.0185546875
2945 -0.1357421875
2946 -0.0478515625
2947 0.01953125
2948 -0.015625
2949 -0.1318359375
2950 -0.0439453125
2951 0.0224609375
2952 -0.013671875
2953 -0.15625
2954 -0.0283203125
2955 0.0478515625
2956 0.0126953125
2957 -0.04296875
2958 0.0712890625
2959 0.1337890625
2960 0.0810546875
2961 -0.0126953125
2962 0.037109375
2963 0.091796875
2964 0.0361328125
2965 -0.0947265625
2966 0.021484375
2967 0.0859375
2968 0.0439453125
2969 -0.0927734375
2970 -0.0517578125
2971 0.015625
2972 -0.01953125
2973 -0.1337890625
2974 -0.044921875
2975 0.0205078125
2976 -0.015625
2977 -0.1298828125
2978 -0.044921875
2979 0.0234375
2980 -0.015625
2981 -0.1552734375
2982 -0.029296875
2983 0.044921875
2984 0.013671875
2985 -0.041015625
2986 0.0693359375
2987 0.1318359375
2988 0.0810546875
2989 -0.0126953125
2990 0.0361328125
2991 0.087890625
2992 0.0361328125
2993 -0.095703125
2994 0.01953125
2995 0.0849609375
2996 0.04296875
2997 -0.095703125
2998 -0.0537109375
2999 0.0126953125
3000 -0.01953125
3001 -0.1337890625
3002 -0.0498046875
3003 0.01953125
3004 -0.0166015625
3005 -0.12890625
3006 -0.044921875
3007 0.021484375
3008 -0.013671875
3009 -0.1552734375
3010 -0.02734375
3011 0.046875
3012 0.013671875
3013 -0.0419921875
3014 0.0703125
3015 0.1337890625
3016 0.0810546875
3017 -0.0126953125
3018 0.037109375
3019 0.0908203125
3020 0.0361328125
3021 -0.09375
3022 0.0234375
3023 0.0859375
3024 0.044921875
3025 -0.0927734375
3026 -0.05078125
3027 0.013671875
3028 -0.017578125
3029 -0.1298828125
3030 -0.0478515625
3031 0.0166015625
3032 -0.013671875
3033 -0.125
3034 -0.044921875
3035 0.015625
3036 -0.0126953125
3037 -0.15234375
3038 -0.02734375
3039 0.0390625
3040 0.0146484375
3041 -0.0390625
3042 0.068359375
3043 0.1259765625
3044 0.0830078125
3045 -0.009765625
3046 0.0341796875
3047 0.0830078125
3048 0.037109375
3049 -0.08984375
3050 0.01953125
3051 0.080078125
3052 0.0439453125
3053 -0.0927734375
3054 -0.0546875
3055 0.009765625
3056 -0.0185546875
3057 -0.1298828125
3058 -0.0478515625
3059 0.0146484375
3060 -0.0146484375
3061 -0.1279296875
3062 -0.0439453125
3063 0.017578125
3064 -0.0126953125
3065 -0.154296875
3066 -0.02734375
3067 0.04296875
3068 0.0146484375
3069 -0.0390625
3070 0.0693359375
3071 0.1298828125
3072 0.0810546875
3073 -0.0107421875
3074 0.0361328125
3075 0.0888671875
3076 0.0361328125
3077 -0.087890625
3078 0.0234375
3079 0.08203125
3080 0.0439453125
3081 -0.0927734375
3082 -0.0517578125
3083 0.01171875
3084 -0.0185546875
3085 -0.1328125
3086 -0.0478515625
3087 0.0146484375
3088 -0.013671875
3089 -0.1279296875
3090 -0.044921875
3091 0.017578125
3092 -0.0146484375
3093 -0.1572265625
3094 -0.03125
3095 0.04296875
3096 0.0126953125
3097 -0.0400390625
3098 0.068359375
3099 0.130859375
3100 0.0830078125
3101 -0.009765625
3102 0.03515625
3103 0.0869140625
3104 0.0380859375
3105 -0.09375
3106 0.01953125
3107 0.0859375
3108 0.044921875
3109 -0.0927734375
3110 -0.05078125
3111 0.0126953125
3112 -0.017578125
3113 -0.130859375
3114 -0.0478515625
3115 0.01953125
3116 -0.015625
3117 -0.1259765625
3118 -0.04296875
3119 0.0205078125
3120 -0.013671875
3121 -0.1533203125
3122 -0.02734375
3123 0.0458984375
3124 0.0146484375
3125 -0.0400390625
3126 0.0712890625
3127 0.130859375
3128 0.0830078125
3129 -0.01171875
3130 0.0380859375
3131 0.08984375
3132 0.0390625
3133 -0.091796875
3134 0.0224609375
3135 0.0859375
3136 0.0458984375
3137 -0.0888671875
3138 -0.05078125
3139 0.0126953125
3140 -0.017578125
3141 -0.1298828125
3142 -0.0478515625
3143 0.0185546875
3144 -0.0146484375
3145 -0.1259765625
3146 -0.04296875
3147 0.0224609375
3148 -0.0107421875
3149 -0.154296875
3150 -0.02734375
3151 0.041015625
3152 0.0146484375
3153 -0.0390625
3154 0.0712890625
3155 0.1298828125
3156 0.0830078125
3157 -0.009765625
3158 0.0380859375
3159 0.0888671875
3160 0.037109375
3161 -0.091796875
3162 0.021484375
3163 0.0849609375
3164 0.044921875
3165 -0.0908203125
3166 -0.0498046875
3167 0.0146484375
3168 -0.017578125
3169 -0.12890625
3170 -0.0458984375
3171 0.01953125
3172 -0.013671875
3173 -0.126953125
3174 -0.04296875
3175 0.0205078125
3176 -0.01171875
3177 -0.154296875
3178 -0.0283203125
3179 0.044921875
3180 0.015625
3181 -0.041015625
3182 0.0703125
3183 0.1328125
3184 0.08203125
3185 -0.0126953125
3186 0.0341796875
3187 0.0869140625
3188 0.0361328125
3189 -0.09375
3190 0.021484375
3191 0.087890625
3192 0.04296875
3193 -0.091796875
3194 -0.05078125
3195 0.015625
3196 -0.0166015625
3197 -0.1318359375
3198 -0.0458984375
3199 0.0205078125
3200 -0.013671875
3201 -0.1298828125
3202 -0.04296875
3203 0.0244140625
3204 -0.0126953125
3205 -0.158203125
3206 -0.0283203125
3207 0.0478515625
3208 0.01171875
3209 -0.0439453125
3210 0.0703125
3211 0.1357421875
3212 0.0810546875
3213 -0.0126953125
3214 0.0380859375
3215 0.09375
3216 0.037109375
3217 -0.09375
3218 0.0205078125
3219 0.087890625
3220 0.0439453125
3221 -0.0927734375
3222 -0.05078125
3223 0.0126953125
3224 -0.0166015625
3225 -0.1328125
3226 -0.046875
3227 0.021484375
3228 -0.013671875
3229 -0.1279296875
3230 -0.0439453125
3231 0.0205078125
3232 -0.0126953125
3233 -0.1552734375
3234 -0.0283203125
3235 0.0458984375
3236 0.0146484375
3237 -0.0400390625
3238 0.0703125
3239 0.1328125
3240 0.08203125
3241 -0.0107421875
3242 0.0361328125
3243 0.0888671875
3244 0.0380859375
3245 -0.091796875
3246 0.0224609375
3247 0.0849609375
3248 0.0458984375
3249 -0.08984375
3250 -0.048828125
3251 0.015625
3252 -0.017578125
3253 -0.1318359375
3254 -0.0458984375
3255 0.0234375
3256 -0.013671875
3257 -0.126953125
3258 -0.0439453125
3259 0.0234375
3260 -0.0126953125
3261 -0.154296875
3262 -0.029296875
3263 0.044921875
3264 0.0146484375
3265 -0.041015625
3266 0.0703125
3267 0.1337890625
3268 0.0810546875
3269 -0.01171875
3270 0.0380859375
3271 0.08984375
3272 0.0380859375
3273 -0.09375
3274 0.0224609375
3275 0.0859375
3276 0.0439453125
3277 -0.0908203125
3278 -0.0517578125
3279 0.0146484375
3280 -0.0166015625
3281 -0.1318359375
3282 -0.0478515625
3283 0.0205078125
3284 -0.015625
3285 -0.125
3286 -0.0400390625
3287 0.021484375
3288 -0.0107421875
3289 -0.1318359375
3290 -0.0078125
3291 0.0634765625
3292 0.0283203125
3293 -0.0830078125
3294 -0.03515625
3295 0.02734375
3296 -0.0068359375
3297 -0.166015625
3298 -0.091796875
3299 -0.0146484375
3300 -0.0419921875
3301 -0.1328125
3302 -0.0478515625
3303 0.021484375
3304 -0.0126953125
3305 -0.177734375
3306 -0.1142578125
3307 -0.0322265625
3308 -0.048828125
3309 -0.2060546875
3310 -0.1259765625
3311 -0.0439453125
3312 -0.05859375
3313 -0.16015625
3314 -0.0654296875
3315 0.005859375
3316 -0.0205078125
3317 -0.1162109375
3318 -0.029296875
3319 0.0361328125
3320 0.0009765625
3321 -0.107421875
3322 0.013671875
3323 0.08203125
3324 0.0439453125
3325 -0.076171875
3326 -0.0322265625
3327 0.033203125
3328 -0.001953125
3329 -0.115234375
3330 -0.033203125
3331 0.037109375
3332 0.0009765625
3333 -0.119140625
3334 -0.0302734375
3335 0.03515625
3336 -0.001953125
3337 -0.10546875
3338 -0.0224609375
3339 0.044921875
3340 0.0068359375
3341 -0.09375
3342 -0.015625
3343 0.0517578125
3344 0.0126953125
3345 -0.1142578125
3346 -0.0283203125
3347 0.0361328125
3348 -0.0009765625
3349 -0.1845703125
3350 -0.1103515625
3351 -0.0302734375
3352 -0.048828125
3353 -0.2041015625
3354 -0.12890625
3355 -0.056640625
3356 -0.048828125
3357 -0.140625
3358 -0.06640625
3359 -0.0107421875
3360 -0.0126953125
3361 -0.142578125
3362 -0.0712890625
3363 -0.015625
3364 -0.015625
3365 -0.1552734375
3366 -0.04296875
3367 0.021484375
3368 0.0185546875
3369 -0.0478515625
3370 0.0458984375
3371 0.0966796875
3372 0.0791015625
3373 0.029296875
3374 0.11328125
3375 0.1552734375
3376 0.123046875
3377 0.0458984375
3378 0.064453125
3379 0.1005859375
3380 0.0712890625
3381 -0.0244140625
3382 0.029296875
3383 0.0673828125
3384 0.044921875
3385 -0.05859375
3386 0.005859375
3387 0.0478515625
3388 0.0263671875
3389 -0.0771484375
3390 -0.0126953125
3391 0.029296875
3392 0.0126953125
3393 -0.099609375
3394 0.00390625
3395 0.0576171875
3396 0.04296875
3397 -0.1015625
3398 -0.07421875
3399 -0.0146484375
3400 -0.021484375
3401 -0.1953125
3402 -0.13671875
3403 -0.0654296875
3404 -0.0556640625
3405 -0.1591796875
3406 -0.0751953125
3407 -0.0166015625
3408 -0.0205078125
3409 -0.1630859375
3410 -0.083984375
3411 -0.0244140625
3412 -0.0244140625
3413 -0.1552734375
3414 -0.0390625
3415 0.0224609375
3416 0.021484375
3417 -0.060546875
3418 0.037109375
3419 0.08984375
3420 0.0712890625
3421 -0.0068359375
3422 0.080078125
3423 0.1259765625
3424 0.099609375
3425 0.01953125
3426 0.1005859375
3427 0.1435546875
3428 0.11328125
3429 0.0234375
3430 0.103515625
3431 0.142578125
3432 0.1142578125
3433 0.0166015625
3434 0.09765625
3435 0.13671875
3436 0.1083984375
3437 0.0
3438 0.08203125
3439 0.125
3440 0.0966796875
3441 0.0380859375
3442 0.1162109375
3443 0.1552734375
3444 0.119140625
3445 0.017578125
3446 0.0341796875
3447 0.0693359375
3448 0.0419921875
3449 -0.0654296875
3450 -0.0087890625
3451 0.0341796875
3452 0.0166015625
3453 -0.1259765625
3454 -0.05859375
3455 -0.005859375
3456 -0.015625
3457 -0.1455078125
3458 -0.0341796875
3459 0.0234375
3460 0.0146484375
3461 -0.064453125
3462 0.0283203125
3463 0.0810546875
3464 0.060546875
3465 -0.02734375
3466 0.0595703125
3467 0.10546875
3468 0.0810546875
3469 -0.0205078125
3470 0.0625
3471 0.107421875
3472 0.0810546875
3473 -0.029296875
3474 0.056640625
3475 0.1005859375
3476 0.0771484375
3477 0.0126953125
3478 0.095703125
3479 0.1318359375
3480 0.099609375
3481 -0.021484375
3482 -0.001953125
3483 0.0361328125
3484 0.015625
3485 -0.1416015625
3486 -0.03515625
3487 0.0244140625
3488 0.013671875
3489 -0.0966796875
3490 -0.0703125
3491 -0.017578125
3492 -0.0244140625
3493 -0.1220703125
3494 -0.0146484375
3495 0.0380859375
3496 0.0283203125
3497 -0.0625
3498 -0.0576171875
3499 -0.0029296875
3500 -0.013671875
3501 -0.1005859375
3502 0.0009765625
3503 0.052734375
3504 0.0400390625
3505 -0.0478515625
3506 -0.0224609375
3507 0.0234375
3508 0.005859375
3509 -0.087890625
3510 -0.0283203125
3511 0.0205078125
3512 0.0048828125
3513 -0.134765625
3514 -0.0693359375
3515 -0.0166015625
3516 -0.0234375
3517 -0.1533203125
3518 -0.0849609375
3519 -0.0283203125
3520 -0.0302734375
3521 -0.18359375
3522 -0.06640625
3523 -0.0029296875
3524 -0.0009765625
3525 -0.0888671875
3526 0.01171875
3527 0.064453125
3528 0.0498046875
3529 -0.0400390625
3530 0.0478515625
3531 0.0966796875
3532 0.0751953125
3533 -0.013671875
3534 0.0712890625
3535 0.115234375
3536 0.087890625
3537 0.005859375
3538 0.087890625
3539 0.126953125
3540 0.09765625
3541 0.009765625
3542 0.087890625
3543 0.126953125
3544 0.099609375
3545 -0.0009765625
3546 0.078125
3547 0.1162109375
3548 0.08984375
3549 -0.0205078125
3550 0.060546875
3551 0.1044921875
3552 0.078125
3553 0.0048828125
3554 0.083984375
3555 0.1201171875
3556 0.0908203125
3557 -0.03515625
3558 -0.021484375
3559 0.0224609375
3560 0.005859375
3561 -0.091796875
3562 0.0048828125
3563 0.0537109375
3564 0.0380859375
3565 -0.01171875
3566 0.0732421875
3567 0.1123046875
3568 0.0859375
3569 0.0361328125
3570 0.111328125
3571 0.1474609375
3572 0.111328125
3573 0.056640625
3574 0.126953125
3575 0.1611328125
3576 0.1220703125
3577 0.0224609375
3578 0.037109375
3579 0.0693359375
3580 0.0390625
3581 -0.076171875
3582 -0.02734375
3583 0.0126953125
3584 -0.001953125
3585 -0.1220703125
3586 -0.0595703125
3587 -0.0126953125
3588 -0.0234375
3589 -0.13671875
3590 -0.0751953125
3591 -0.0244140625
3592 -0.03125
3593 -0.142578125
3594 -0.0771484375
3595 -0.0244140625
3596 -0.03125
3597 -0.1435546875
3598 -0.0810546875
3599 -0.029296875
3600 -0.03515625
3601 -0.169921875
3602 -0.1005859375
3603 -0.0419921875
3604 -0.0458984375
3605 -0.1494140625
3606 -0.0400390625
3607 0.017578125
3608 0.0078125
3609 -0.119140625
3610 -0.0908203125
3611 -0.0322265625
3612 -0.0361328125
3613 -0.134765625
3614 -0.06640625
3615 -0.0166015625
3616 -0.0224609375
3617 -0.125
3618 -0.0546875
3619 -0.0107421875
3620 -0.0205078125
3621 -0.1298828125
3622 -0.0625
3623 -0.0107421875
3624 -0.0205078125
3625 -0.1728515625
3626 -0.060546875
3627 -0.0009765625
3628 -0.0009765625
3629 -0.0673828125
3630 0.02734375
3631 0.0771484375
3632 0.0576171875
3633 -0.0703125
3634 0.021484375
3635 0.0693359375
3636 0.052734375
3637 -0.0908203125
3638 -0.0693359375
3639 -0.0185546875
3640 -0.0224609375
3641 -0.1875
3642 -0.1123046875
3643 -0.0478515625
3644 -0.0458984375
3645 -0.1494140625
3646 -0.0751953125
3647 -0.021484375
3648 -0.0283203125
3649 -0.1103515625
3650 -0.005859375
3651 0.0478515625
3652 0.0361328125
3653 -0.0537109375
3654 -0.0517578125
3655 0.001953125
3656 -0.005859375
3657 -0.115234375
3658 -0.0126953125
3659 0.0390625
3660 0.033203125
3661 -0.0576171875
3662 0.0341796875
3663 0.08203125
3664 0.0654296875
3665 -0.0380859375
3666 -0.015625
3667 0.0283203125
3668 0.01171875
3669 -0.109375
3670 -0.0048828125
3671 0.0458984375
3672 0.03515625
3673 -0.103515625
3674 -0.076171875
3675 -0.021484375
3676 -0.02734375
3677 -0.2099609375
3678 -0.130859375
3679 -0.0625
3680 -0.0546875
3681 -0.162109375
3682 -0.0869140625
3683 -0.0302734375
3684 -0.0302734375
3685 -0.1640625
3686 -0.0859375
3687 -0.029296875
3688 -0.0302734375
3689 -0.1923828125
3690 -0.0703125
3691 -0.0068359375
3692 -0.001953125
3693 -0.0546875
3694 0.0419921875
3695 0.08984375
3696 0.0712890625
3697 -0.0048828125
3698 0.080078125
3699 0.1240234375
3700 0.099609375
3701 0.00390625
3702 0.0859375
3703 0.126953125
3704 0.1015625
3705 0.041015625
3706 0.119140625
3707 0.1552734375
3708 0.1201171875
3709 0.0302734375
3710 0.0458984375
3711 0.0810546875
3712 0.0546875
3713 -0.044921875
3714 0.009765625
3715 0.0498046875
3716 0.029296875
3717 -0.076171875
3718 -0.0166015625
3719 0.0234375
3720 0.009765625
3721 -0.158203125
3722 -0.048828125
3723 0.0087890625
3724 0.0068359375
3725 -0.1376953125
3726 -0.1044921875
3727 -0.0439453125
3728 -0.0419921875
3729 -0.2138671875
3730 -0.0888671875
3731 -0.0166015625
3732 -0.0107421875
3733 -0.0654296875
3734 0.0341796875
3735 0.08203125
3736 0.0634765625
3737 -0.01171875
3738 0.076171875
3739 0.1201171875
3740 0.091796875
3741 0.0029296875
3742 0.0849609375
3743 0.1279296875
3744 0.0986328125
3745 0.048828125
3746 0.126953125
3747 0.1640625
3748 0.126953125
3749 0.0185546875
3750 0.037109375
3751 0.0712890625
3752 0.0458984375
3753 -0.1337890625
3754 -0.0791015625
3755 -0.025390625
3756 -0.029296875
3757 -0.1328125
3758 -0.06640625
3759 -0.0126953125
3760 -0.01953125
3761 -0.1611328125
3762 -0.0869140625
3763 -0.03125
3764 -0.0341796875
3765 -0.171875
3766 -0.0576171875
3767 0.0048828125
3768 0.00390625
3769 -0.080078125
3770 0.0166015625
3771 0.0693359375
3772 0.0537109375
3773 -0.037109375
3774 0.05078125
3775 0.09765625
3776 0.0771484375
3777 -0.01171875
3778 0.0693359375
3779 0.1123046875
3780 0.0869140625
3781 -0.0009765625
3782 0.0791015625
3783 0.1201171875
3784 0.0927734375
3785 -0.0029296875
3786 0.0751953125
3787 0.1181640625
3788 0.0908203125
3789 -0.02734375
3790 0.0546875
3791 0.095703125
3792 0.072265625
3793 -0.0146484375
3794 0.0673828125
3795 0.1103515625
3796 0.0830078125
3797 0.033203125
3798 0.1083984375
3799 0.146484375
3800 0.1123046875
3801 0.0615234375
3802 0.134765625
3803 0.166015625
3804 0.126953125
3805 0.0419921875
3806 0.060546875
3807 0.087890625
3808 0.0556640625
3809 -0.0693359375
3810 -0.0244140625
3811 0.0146484375
3812 0.0009765625
3813 -0.1435546875
3814 -0.0830078125
3815 -0.0302734375
3816 -0.0341796875
3817 -0.1396484375
3818 -0.0361328125
3819 0.0146484375
3820 0.0107421875
3821 -0.0283203125
3822 0.056640625
3823 0.0986328125
3824 0.076171875
3825 0.046875
3826 0.1201171875
3827 0.1572265625
3828 0.1220703125
3829 0.0810546875
3830 0.146484375
3831 0.1796875
3832 0.1396484375
3833 0.08203125
3834 0.1474609375
3835 0.17578125
3836 0.13671875
3837 0.0869140625
3838 0.1533203125
3839 0.1806640625
3840 0.140625
3841 0.0595703125
3842 0.078125
3843 0.1005859375
3844 0.06640625
3845 -0.025390625
3846 0.05078125
3847 0.0859375
3848 0.0615234375
3849 -0.0341796875
3850 -0.0146484375
3851 0.0205078125
3852 0.0009765625
3853 -0.1025390625
3854 -0.048828125
3855 -0.005859375
3856 -0.0185546875
3857 -0.1162109375
3858 -0.056640625
3859 -0.015625
3860 -0.02734375
3861 -0.1328125
3862 -0.0712890625
3863 -0.02734375
3864 -0.03515625
3865 -0.134765625
3866 -0.0703125
3867 -0.0244140625
3868 -0.033203125
3869 -0.1748046875
3870 -0.10546875
3871 -0.0556640625
3872 -0.0576171875
3873 -0.193359375
3874 -0.1181640625
3875 -0.0625
3876 -0.064453125
3877 -0.181640625
3878 -0.0751953125
3879 -0.01171875
3880 -0.0146484375
3881 -0.0751953125
3882 0.013671875
3883 0.0615234375
3884 0.044921875
3885 -0.02734375
3886 0.0546875
3887 0.0986328125
3888 0.072265625
3889 0.0068359375
3890 0.0830078125
3891 0.119140625
3892 0.0888671875
3893 0.0146484375
3894 0.087890625
3895 0.123046875
3896 0.091796875
3897 0.033203125
3898 0.1064453125
3899 0.1416015625
3900 0.10546875
3901 0.0283203125
3902 0.04296875
3903 0.07421875
3904 0.0439453125
3905 -0.056640625
3906 -0.0029296875
3907 0.0302734375
3908 0.0078125
3909 -0.0927734375
3910 -0.03515625
3911 0.0029296875
3912 -0.013671875
3913 -0.095703125
3914 -0.0029296875
3915 0.0419921875
3916 0.0263671875
3917 -0.01171875
3918 0.068359375
3919 0.1083984375
3920 0.0791015625
3921 -0.0205078125
3922 -0.001953125
3923 0.0322265625
3924 0.0078125
3925 -0.1474609375
3926 -0.0478515625
3927 0.0029296875
3928 -0.0029296875
3929 -0.13671875
3930 -0.111328125
3931 -0.0546875
3932 -0.0576171875
3933 -0.1611328125
3934 -0.052734375
3935 0.001953125
3936 -0.0048828125
3937 -0.076171875
3938 0.015625
3939 0.0625
3940 0.0419921875
3941 -0.0517578125
3942 -0.0322265625
3943 0.0107421875
3944 -0.0068359375
3945 -0.1455078125
3946 -0.0810546875
3947 -0.0341796875
3948 -0.0439453125
3949 -0.1943359375
3950 -0.125
3951 -0.0654296875
3952 -0.064453125
3953 -0.19921875
3954 -0.1201171875
3955 -0.064453125
3956 -0.0634765625
3957 -0.16015625
3958 -0.083984375
3959 -0.03125
3960 -0.037109375
3961 -0.1591796875
3962 -0.052734375
3963 0.0048828125
3964 0.0
3965 -0.1650390625
3966 -0.1376953125
3967 -0.072265625
3968 -0.068359375
3969 -0.18359375
3970 -0.1103515625
3971 -0.048828125
3972 -0.05078125
3973 -0.12890625
3974 -0.05859375
3975 -0.0078125
3976 -0.0185546875
3977 -0.142578125
3978 -0.0712890625
3979 -0.021484375
3980 -0.029296875
3981 -0.17578125
3982 -0.0615234375
3983 0.0
3984 -0.0029296875
3985 -0.0419921875
3986 0.05078125
3987 0.09765625
3988 0.0712890625
3989 0.021484375
3990 0.1015625
3991 0.138671875
3992 0.1064453125
3993 0.001953125
3994 0.01953125
3995 0.0537109375
3996 0.0283203125
3997 -0.091796875
3998 -0.0322265625
3999 -0.017578125
4000 0.0283203125
4001 -0.0341796875
4002 0.0029296875
4003 0.0126953125
4004 0.0517578125
4005 0.0224609375
4006 0.0478515625
4007 0.0517578125
4008 0.083984375
4009 0.01171875
4010 -0.0302734375
4011 -0.02734375
4012 0.0107421875
4013 -0.0546875
4014 -0.0537109375
4015 -0.0458984375
4016 -0.001953125
4017 -0.103515625
4018 -0.08984375
4019 -0.076171875
4020 -0.029296875
4021 -0.1201171875
4022 -0.064453125
4023 -0.044921875
4024 0.0078125
4025 -0.037109375
4026 0.0
4027 0.0107421875
4028 0.0517578125
4029 0.001953125
4030 0.0322265625
4031 0.0361328125
4032 0.072265625
4033 0.0283203125
4034 0.0498046875
4035 0.0517578125
4036 0.0849609375
4037 0.0400390625
4038 0.0595703125
4039 0.060546875
4040 0.0908203125
4041 0.0361328125
4042 0.0546875
4043 0.0537109375
4044 0.0859375
4045 0.0087890625
4046 0.033203125
4047 0.03515625
4048 0.068359375
4049 0.0185546875
4050 0.0419921875
4051 0.0439453125
4052 0.0771484375
4053 0.0673828125
4054 0.0849609375
4055 0.0810546875
4056 0.1044921875
4057 0.0986328125
4058 0.1123046875
4059 0.103515625
4060 0.123046875
4061 0.0791015625
4062 0.0390625
4063 0.029296875
4064 0.052734375
4065 -0.0341796875
4066 -0.04296875
4067 -0.0419921875
4068 -0.001953125
4069 -0.1103515625
4070 -0.1025390625
4071 -0.087890625
4072 -0.037109375
4073 -0.107421875
4074 -0.0546875
4075 -0.041015625
4076 0.0078125
4077 0.0087890625
4078 0.037109375
4079 0.0419921875
4080 0.07421875
4081 0.0859375
4082 0.0986328125
4083 0.0986328125
4084 0.119140625
4085 0.1201171875
4086 0.1279296875
4087 0.1201171875
4088 0.1376953125
4089 0.1220703125
4090 0.1298828125
4091 0.1181640625
4092 0.134765625
4093 0.1279296875
4094 0.1328125
4095 0.1220703125
4096 0.1376953125
4097 0.0986328125
4098 0.0576171875
4099 0.04296875
4100 0.0615234375
4101 0.01171875
4102 0.033203125
4103 0.0322265625
4104 0.0595703125
4105 0.005859375
4106 -0.0322265625
4107 -0.03515625
4108 -0.001953125
4109 -0.068359375
4110 -0.0673828125
4111 -0.0625
4112 -0.021484375
4113 -0.080078125
4114 -0.076171875
4115 -0.0673828125
4116 -0.02734375
4117 -0.09765625
4118 -0.0908203125
4119 -0.083984375
4120 -0.037109375
4121 -0.1259765625
4122 -0.111328125
4123 -0.095703125
4124 -0.0478515625
4125 -0.1083984375
4126 -0.1005859375
4127 -0.0869140625
4128 -0.041015625
4129 -0.087890625
4130 -0.0771484375
4131 -0.06640625
4132 -0.025390625
4133 -0.08984375
4134 -0.0810546875
4135 -0.0703125
4136 -0.02734375
4137 -0.1416015625
4138 -0.1474609375
4139 -0.123046875
4140 -0.0654296875
4141 -0.1259765625
4142 -0.1103515625
4143 -0.0927734375
4144 -0.0400390625
4145 -0.109375
4146 -0.095703125
4147 -0.0830078125
4148 -0.03515625
4149 -0.0791015625
4150 -0.037109375
4151 -0.021484375
4152 0.0244140625
4153 -0.0283203125
4154 -0.08203125
4155 -0.0654296875
4156 -0.0185546875
4157 -0.0927734375
4158 -0.0478515625
4159 -0.033203125
4160 0.0166015625
4161 -0.0419921875
4162 -0.005859375
4163 0.0048828125
4164 0.0458984375
4165 -0.0185546875
4166 -0.05078125
4167 -0.0458984375
4168 -0.0029296875
4169 -0.08203125
4170 -0.037109375
4171 -0.025390625
4172 0.021484375
4173 -0.0888671875
4174 -0.115234375
4175 -0.095703125
4176 -0.04296875
4177 -0.177734375
4178 -0.1474609375
4179 -0.12109375
4180 -0.060546875
4181 -0.140625
4182 -0.1142578125
4183 -0.0966796875
4184 -0.0419921875
4185 -0.1142578125
4186 -0.09375
4187 -0.0791015625
4188 -0.02734375
4189 -0.1337890625
4190 -0.1142578125
4191 -0.0947265625
4192 -0.0380859375
4193 -0.1064453125
4194 -0.08984375
4195 -0.072265625
4196 -0.0234375
4197 -0.1005859375
4198 -0.0888671875
4199 -0.072265625
4200 -0.01953125
4201 -0.134765625
4202 -0.1162109375
4203 -0.091796875
4204 -0.033203125
4205 -0.103515625
4206 -0.048828125
4207 -0.0302734375
4208 0.0224609375
4209 0.0283203125
4210 0.0595703125
4211 0.0625
4212 0.0966796875
4213 0.1103515625
4214 0.1240234375
4215 0.1220703125
4216 0.1455078125
4217 0.1474609375
4218 0.154296875
4219 0.1455078125
4220 0.1650390625
4221 0.1513671875
4222 0.1552734375
4223 0.1435546875
4224 0.1611328125
4225 0.1572265625
4226 0.1591796875
4227 0.1474609375
4228 0.1650390625
4229 0.125
4230 0.0859375
4231 0.0673828125
4232 0.08984375
4233 0.0390625
4234 0.0595703125
4235 0.0556640625
4236 0.0869140625
4237 0.0283203125
4238 -0.009765625
4239 -0.0126953125
4240 0.0224609375
4241 -0.044921875
4242 -0.0439453125
4243 -0.0400390625
4244 0.0
4245 -0.056640625
4246 -0.0537109375
4247 -0.0458984375
4248 -0.0048828125
4249 -0.076171875
4250 -0.0693359375
4251 -0.060546875
4252 -0.015625
4253 -0.1044921875
4254 -0.08984375
4255 -0.0771484375
4256 -0.0263671875
4257 -0.0869140625
4258 -0.076171875
4259 -0.068359375
4260 -0.01953125
4261 -0.0654296875
4262 -0.0576171875
4263 -0.0498046875
4264 -0.0068359375
4265 -0.0712890625
4266 -0.060546875
4267 -0.0517578125
4268 -0.0087890625
4269 -0.1220703125
4270 -0.126953125
4271 -0.1044921875
4272 -0.0458984375
4273 -0.10546875
4274 -0.091796875
4275 -0.0751953125
4276 -0.0234375
4277 -0.09375
4278 -0.0751953125
4279 -0.0654296875
4280 -0.017578125
4281 -0.0625
4282 -0.0185546875
4283 -0.005859375
4284 0.0390625
4285 -0.01171875
4286 -0.0673828125
4287 -0.05078125
4288 -0.00390625
4289 -0.0703125
4290 -0.0263671875
4291 -0.01171875
4292 0.0341796875
4293 -0.013671875
4294 0.0205078125
4295 0.0283203125
4296 0.0673828125
4297 0.0029296875
4298 -0.03125
4299 -0.02734375
4300 0.015625
4301 -0.0673828125
4302 -0.021484375
4303 -0.0126953125
4304 0.0361328125
4305 -0.064453125
4306 -0.0927734375
4307 -0.0771484375
4308 -0.025390625
4309 -0.1611328125
4310 -0.1337890625
4311 -0.1064453125
4312 -0.0458984375
4313 -0.123046875
4314 -0.1005859375
4315 -0.08203125
4316 -0.029296875
4317 -0.0986328125
4318 -0.0810546875
4319 -0.0673828125
4320 -0.0146484375
4321 -0.12109375
4322 -0.1015625
4323 -0.0830078125
4324 -0.025390625
4325 -0.095703125
4326 -0.0791015625
4327 -0.0625
4328 -0.009765625
4329 -0.091796875
4330 -0.0791015625
4331 -0.0634765625
4332 -0.01171875
4333 -0.1318359375
4334 -0.1083984375
4335 -0.0849609375
4336 -0.0263671875
4337 -0.0966796875
4338 -0.041015625
4339 -0.021484375
4340 0.0302734375
4341 0.0361328125
4342 0.0654296875
4343 0.0703125
4344 0.10546875
4345 0.1181640625
4346 0.1337890625
4347 0.130859375
4348 0.154296875
4349 0.154296875
4350 0.162109375
4351 0.1552734375
4352 0.1728515625
4353 0.158203125
4354 0.1640625
4355 0.15234375
4356 0.169921875
4357 0.1630859375
4358 0.1669921875
4359 0.15625
4360 0.171875
4361 0.1337890625
4362 0.091796875
4363 0.0771484375
4364 0.095703125
4365 0.0458984375
4366 0.0673828125
4367 0.0634765625
4368 0.0947265625
4369 0.037109375
4370 -0.0009765625
4371 -0.0029296875
4372 0.0302734375
4373 -0.037109375
4374 -0.037109375
4375 -0.033203125
4376 0.0068359375
4377 -0.048828125
4378 -0.046875
4379 -0.0400390625
4380 0.0009765625
4381 -0.0693359375
4382 -0.0625
4383 -0.052734375
4384 -0.009765625
4385 -0.0986328125
4386 -0.0849609375
4387 -0.0693359375
4388 -0.0224609375
4389 -0.0810546875
4390 -0.0732421875
4391 -0.0634765625
4392 -0.0146484375
4393 -0.0615234375
4394 -0.048828125
4395 -0.04296875
4396 -0.0009765625
4397 -0.0673828125
4398 -0.0546875
4399 -0.0458984375
4400 -0.00390625
4401 -0.1142578125
4402 -0.1240234375
4403 -0.09765625
4404 -0.0419921875
4405 -0.099609375
4406 -0.0859375
4407 -0.068359375
4408 -0.017578125
4409 -0.0849609375
4410 -0.0712890625
4411 -0.0595703125
4412 -0.01171875
4413 -0.0576171875
4414 -0.0126953125
4415 0.0
4416 0.0458984375
4417 -0.0048828125
4418 -0.060546875
4419 -0.0439453125
4420 0.00390625
4421 -0.06640625
4422 -0.0205078125
4423 -0.0048828125
4424 0.041015625
4425 -0.0107421875
4426 0.0234375
4427 0.0341796875
4428 0.0712890625
4429 0.0078125
4430 -0.029296875
4431 -0.021484375
4432 0.0185546875
4433 -0.0634765625
4434 -0.017578125
4435 -0.005859375
4436 0.0390625
4437 -0.0615234375
4438 -0.087890625
4439 -0.0732421875
4440 -0.021484375
4441 -0.1572265625
4442 -0.1279296875
4443 -0.1025390625
4444 -0.04296875
4445 -0.1220703125
4446 -0.0986328125
4447 -0.0791015625
4448 -0.02734375
4449 -0.0966796875
4450 -0.080078125
4451 -0.0625
4452 -0.01171875
4453 -0.1181640625
4454 -0.1005859375
4455 -0.078125
4456 -0.0224609375
4457 -0.0908203125
4458 -0.076171875
4459 -0.0595703125
4460 -0.0078125
4461 -0.087890625
4462 -0.07421875
4463 -0.0595703125
4464 -0.005859375
4465 -0.1201171875
4466 -0.1005859375
4467 -0.0751953125
4468 -0.0205078125
4469 -0.0908203125
4470 -0.0361328125
4471 -0.015625
4472 0.0361328125
4473 0.0419921875
4474 0.0703125
4475 0.0771484375
4476 0.111328125
4477 0.12109375
4478 0.1376953125
4479 0.1357421875
4480 0.15625
4481 0.1572265625
4482 0.1650390625
4483 0.158203125
4484 0.17578125
4485 0.16015625
4486 0.16796875
4487 0.15625
4488 0.1728515625
4489 0.166015625
4490 0.171875
4491 0.1591796875
4492 0.173828125
4493 0.1376953125
4494 0.095703125
4495 0.080078125
4496 0.0986328125
4497 0.0498046875
4498 0.068359375
4499 0.06640625
4500 0.095703125
4501 0.0400390625
4502 0.0009765625
4503 -0.0009765625
4504 0.033203125
4505 -0.0341796875
4506 -0.0341796875
4507 -0.029296875
4508 0.0107421875
4509 -0.0478515625
4510 -0.0419921875
4511 -0.0361328125
4512 0.0048828125
4513 -0.06640625
4514 -0.060546875
4515 -0.0498046875
4516 -0.005859375
4517 -0.0947265625
4518 -0.0810546875
4519 -0.06640625
4520 -0.0185546875
4521 -0.078125
4522 -0.0703125
4523 -0.05859375
4524 -0.0126953125
4525 -0.060546875
4526 -0.048828125
4527 -0.0419921875
4528 0.0
4529 -0.064453125
4530 -0.052734375
4531 -0.0439453125
4532 -0.0009765625
4533 -0.115234375
4534 -0.119140625
4535 -0.09765625
4536 -0.0390625
4537 -0.09765625
4538 -0.0849609375
4539 -0.06640625
4540 -0.0166015625
4541 -0.0830078125
4542 -0.0673828125
4543 -0.056640625
4544 -0.0087890625
4545 -0.052734375
4546 -0.01171875
4547 0.001953125
4548 0.0478515625
4549 -0.0048828125
4550 -0.05859375
4551 -0.04296875
4552 0.005859375
4553 -0.0634765625
4554 -0.017578125
4555 -0.0029296875
4556 0.0458984375
4557 -0.0048828125
4558 0.0283203125
4559 0.0380859375
4560 0.076171875
4561 0.0126953125
4562 -0.0244140625
4563 -0.017578125
4564 0.0224609375
4565 -0.05859375
4566 -0.0146484375
4567 -0.001953125
4568 0.0439453125
4569 -0.0556640625
4570 -0.083984375
4571 -0.068359375
4572 -0.017578125
4573 -0.1552734375
4574 -0.1240234375
4575 -0.0986328125
4576 -0.0419921875
4577 -0.1181640625
4578 -0.0927734375
4579 -0.0771484375
4580 -0.0244140625
4581 -0.0947265625
4582 -0.0771484375
4583 -0.060546875
4584 -0.0107421875
4585 -0.1142578125
4586 -0.0966796875
4587 -0.076171875
4588 -0.0205078125
4589 -0.087890625
4590 -0.0732421875
4591 -0.056640625
4592 -0.0068359375
4593 -0.0859375
4594 -0.0732421875
4595 -0.0576171875
4596 -0.0048828125
4597 -0.123046875
4598 -0.1015625
4599 -0.078125
4600 -0.01953125
4601 -0.087890625
4602 -0.033203125
4603 -0.0166015625
4604 0.0380859375
4605 0.04296875
4606 0.072265625
4607 0.0771484375
4608 0.1103515625
4609 0.1240234375
4610 0.1396484375
4611 0.1357421875
4612 0.158203125
4613 0.1591796875
4614 0.166015625
4615 0.1591796875
4616 0.1787109375
4617 0.162109375
4618 0.1689453125
4619 0.15625
4620 0.173828125
4621 0.166015625
4622 0.173828125
4623 0.1591796875
4624 0.1767578125
4625 0.13671875
4626 0.0966796875
4627 0.080078125
4628 0.099609375
4629 0.0498046875
4630 0.0712890625
4631 0.06640625
4632 0.0966796875
4633 0.0400390625
4634 0.001953125
4635 0.0
4636 0.0341796875
4637 -0.03125
4638 -0.033203125
4639 -0.029296875
4640 0.01171875
4641 -0.0458984375
4642 -0.041015625
4643 -0.0361328125
4644 0.0078125
4645 -0.06640625
4646 -0.056640625
4647 -0.05078125
4648 -0.0029296875
4649 -0.0927734375
4650 -0.080078125
4651 -0.0654296875
4652 -0.0185546875
4653 -0.078125
4654 -0.068359375
4655 -0.056640625
4656 -0.0107421875
4657 -0.056640625
4658 -0.0478515625
4659 -0.037109375
4660 0.0029296875
4661 -0.0634765625
4662 -0.0517578125
4663 -0.04296875
4664 0.0009765625
4665 -0.11328125
4666 -0.1181640625
4667 -0.0966796875
4668 -0.0380859375
4669 -0.09765625
4670 -0.0810546875
4671 -0.0654296875
4672 -0.013671875
4673 -0.0830078125
4674 -0.068359375
4675 -0.0576171875
4676 -0.0087890625
4677 -0.052734375
4678 -0.01171875
4679 0.00390625
4680 0.046875
4681 -0.0009765625
4682 -0.0576171875
4683 -0.04296875
4684 0.0048828125
4685 -0.0634765625
4686 -0.0166015625
4687 -0.001953125
4688 0.0439453125
4689 -0.0048828125
4690 0.029296875
4691 0.0380859375
4692 0.0771484375
4693 0.0107421875
4694 -0.0234375
4695 -0.0205078125
4696 0.021484375
4697 -0.0595703125
4698 -0.0126953125
4699 -0.001953125
4700 0.04296875
4701 -0.0556640625
4702 -0.0849609375
4703 -0.0693359375
4704 -0.0185546875
4705 -0.1533203125
4706 -0.1240234375
4707 -0.0966796875
4708 -0.0390625
4709 -0.119140625
4710 -0.095703125
4711 -0.076171875
4712 -0.0224609375
4713 -0.095703125
4714 -0.0771484375
4715 -0.0615234375
4716 -0.009765625
4717 -0.1171875
4718 -0.09765625
4719 -0.076171875
4720 -0.0205078125
4721 -0.0888671875
4722 -0.0732421875
4723 -0.0556640625
4724 -0.0068359375
4725 -0.0859375
4726 -0.0732421875
4727 -0.0576171875
4728 -0.0048828125
4729 -0.1201171875
4730 -0.1025390625
4731 -0.0771484375
4732 -0.01953125
4733 -0.08984375
4734 -0.033203125
4735 -0.0146484375
4736 0.0380859375
4737 0.0439453125
4738 0.07421875
4739 0.0791015625
4740 0.1123046875
4741 0.1240234375
4742 0.1396484375
4743 0.1357421875
4744 0.1591796875
4745 0.16015625
4746 0.16796875
4747 0.1611328125
4748 0.1796875
4749 0.1640625
4750 0.1689453125
4751 0.158203125
4752 0.1748046875
4753 0.16796875
4754 0.1728515625
4755 0.1611328125
4756 0.1787109375
4757 0.1376953125
4758 0.099609375
4759 0.08203125
4760 0.1015625
4761 0.0517578125
4762 0.0712890625
4763 0.0673828125
4764 0.0986328125
4765 0.0419921875
4766 0.0029296875
4767 0.0
4768 0.0341796875
4769 -0.033203125
4770 -0.033203125
4771 -0.02734375
4772 0.0107421875
4773 -0.044921875
4774 -0.041015625
4775 -0.033203125
4776 0.0048828125
4777 -0.0654296875
4778 -0.0576171875
4779 -0.0478515625
4780 -0.00390625
4781 -0.0947265625
4782 -0.0791015625
4783 -0.0654296875
4784 -0.017578125
4785 -0.0771484375
4786 -0.0673828125
4787 -0.0556640625
4788 -0.0107421875
4789 -0.056640625
4790 -0.046875
4791 -0.0380859375
4792 0.001953125
4793 -0.0625
4794 -0.0498046875
4795 -0.0400390625
4796 0.001953125
4797 -0.1103515625
4798 -0.1181640625
4799 -0.09375
4800 -0.037109375
4801 -0.095703125
4802 -0.08203125
4803 -0.0634765625
4804 -0.0126953125
4805 -0.0810546875
4806 -0.0654296875
4807 -0.0556640625
4808 -0.0068359375
4809 -0.0537109375
4810 -0.009765625
4811 0.005859375
4812 0.0478515625
4813 -0.001953125
4814 -0.05859375
4815 -0.041015625
4816 0.00390625
4817 -0.0634765625
4818 -0.0166015625
4819 -0.0009765625
4820 0.0439453125
4821 -0.0048828125
4822 0.0283203125
4823 0.037109375
4824 0.0771484375
4825 0.01171875
4826 -0.0234375
4827 -0.0185546875
4828 0.0224609375
4829 -0.060546875
4830 -0.013671875
4831 -0.001953125
4832 0.044921875
4833 -0.056640625
4834 -0.0849609375
4835 -0.0693359375
4836 -0.0185546875
4837 -0.154296875
4838 -0.125
4839 -0.0986328125
4840 -0.041015625
4841 -0.1162109375
4842 -0.09375
4843 -0.0732421875
4844 -0.0234375
4845 -0.095703125
4846 -0.076171875
4847 -0.0595703125
4848 -0.0078125
4849 -0.1142578125
4850 -0.095703125
4851 -0.0751953125
4852 -0.0185546875
4853 -0.087890625
4854 -0.0703125
4855 -0.0556640625
4856 -0.0048828125
4857 -0.0849609375
4858 -0.072265625
4859 -0.0556640625
4860 -0.0048828125
4861 -0.1240234375
4862 -0.103515625
4863 -0.0771484375
4864 -0.0205078125
4865 -0.087890625
4866 -0.0341796875
4867 -0.0146484375
4868 0.037109375
4869 0.04296875
4870 0.07421875
4871 0.0771484375
4872 0.11328125
4873 0.125
4874 0.1416015625
4875 0.13671875
4876 0.16015625
4877 0.162109375
4878 0.1708984375
4879 0.162109375
4880 0.1787109375
4881 0.1640625
4882 0.1708984375
4883 0.158203125
4884 0.1748046875
4885 0.169921875
4886 0.1728515625
4887 0.162109375
4888 0.1787109375
4889 0.138671875
4890 0.09765625
4891 0.0830078125
4892 0.1025390625
4893 0.0517578125
4894 0.072265625
4895 0.0693359375
4896 0.1005859375
4897 0.0419921875
4898 0.0048828125
4899 0.0
4900 0.037109375
4901 -0.029296875
4902 -0.03125
4903 -0.02734375
4904 0.0126953125
4905 -0.0419921875
4906 -0.0390625
4907 -0.0341796875
4908 0.0078125
4909 -0.064453125
4910 -0.05859375
4911 -0.0478515625
4912 -0.00390625
4913 -0.09375
4914 -0.0791015625
4915 -0.0673828125
4916 -0.017578125
4917 -0.0771484375
4918 -0.0673828125
4919 -0.05859375
4920 -0.0078125
4921 -0.056640625
4922 -0.044921875
4923 -0.0390625
4924 0.0048828125
4925 -0.0615234375
4926 -0.05078125
4927 -0.0419921875
4928 0.001953125
4929 -0.111328125
4930 -0.1171875
4931 -0.0947265625
4932 -0.0361328125
4933 -0.0947265625
4934 -0.080078125
4935 -0.064453125
4936 -0.013671875
4937 -0.08203125
4938 -0.0654296875
4939 -0.056640625
4940 -0.0068359375
4941 -0.0517578125
4942 -0.0078125
4943 0.0029296875
4944 0.048828125
4945 -0.0009765625
4946 -0.0546875
4947 -0.0400390625
4948 0.005859375
4949 -0.0615234375
4950 -0.015625
4951 -0.001953125
4952 0.04296875
4953 -0.005859375
4954 0.02734375
4955 0.037109375
4956 0.0751953125
4957 0.009765625
4958 -0.0263671875
4959 -0.021484375
4960 0.0224609375
4961 -0.060546875
4962 -0.015625
4963 -0.005859375
4964 0.04296875
4965 -0.0595703125
4966 -0.0830078125
4967 -0.0693359375
4968 -0.017578125
4969 -0.1533203125
4970 -0.1240234375
4971 -0.09765625
4972 -0.0390625
4973 -0.119140625
4974 -0.095703125
4975 -0.076171875
4976 -0.0234375
4977 -0.09375
4978 -0.0771484375
4979 -0.0595703125
4980 -0.0087890625
4981 -0.1142578125
4982 -0.095703125
4983 -0.0771484375
4984 -0.0205078125
4985 -0.087890625
4986 -0.0712890625
4987 -0.0556640625
4988 -0.0029296875
4989 -0.083984375
4990 -0.0712890625
4991 -0.056640625
4992 -0.0029296875
4993 -0.119140625
4994 -0.0986328125
4995 -0.0732421875
4996 -0.0166015625
4997 -0.0869140625
4998 -0.0322265625
4999 -0.0126953125
