x y
0 0.025390625
1 -0.0927734375
2 -0.068359375
3 -0.0146484375
4 -0.0234375
5 -0.4296875
6 -0.0751953125
7 -0.0009765625
8 -0.033203125
9 -0.1552734375
10 -0.0615234375
11 0.01171875
12 -0.0244140625
13 -0.13671875
14 -0.0068359375
15 0.0703125
16 0.02734375
17 -0.0810546875
18 -0.060546875
19 0.0224609375
20 -0.0166015625
21 -0.1494140625
22 -0.015625
23 0.0634765625
24 0.0244140625
25 -0.111328125
26 -0.0625
27 0.0146484375
28 -0.0234375
29 -0.140625
30 -0.046875
31 0.025390625
32 -0.0126953125
33 -0.119140625
34 -0.029296875
35 0.0400390625
36 -0.0009765625
37 -0.1240234375
38 0.001953125
39 0.0771484375
40 0.0341796875
41 -0.0546875
42 0.0615234375
43 0.12890625
44 0.0771484375
45 0.009765625
46 0.1181640625
47 0.1796875
48 0.115234375
49 0.01953125
50 0.0703125
51 0.123046875
52 0.060546875
53 -0.0751953125
54 0.04296875
55 0.109375
56 0.0576171875
57 -0.0810546875
58 -0.0380859375
59 0.033203125
60 -0.0087890625
61 -0.1279296875
62 -0.0390625
63 0.0322265625
64 -0.009765625
65 -0.126953125
66 -0.037109375
67 0.0322265625
68 -0.0107421875
69 -0.1572265625
70 -0.0234375
71 0.0546875
72 0.0166015625
73 -0.0439453125
74 0.0732421875
75 0.1396484375
76 0.0830078125
77 -0.0126953125
78 0.0390625
79 0.0966796875
80 0.0380859375
81 -0.09375
82 0.025390625
83 0.0947265625
84 0.046875
85 -0.0908203125
86 -0.048828125
87 0.0224609375
88 -0.015625
89 -0.1318359375
90 -0.044921875
91 0.0263671875
92 -0.013671875
93 -0.1279296875
94 -0.041015625
95 0.02734375
96 -0.01171875
97 -0.1552734375
98 -0.0244140625
99 0.052734375
100 0.0166015625
101 -0.0419921875
102 0.0732421875
103 0.138671875
104 0.0830078125
105 -0.0107421875
106 0.0400390625
107 0.095703125
108 0.0380859375
109 -0.0908203125
110 0.0263671875
111 0.09375
112 0.046875
113 -0.0927734375
114 -0.048828125
115 0.0205078125
116 -0.0166015625
117 -0.134765625
118 -0.044921875
119 0.0234375
120 -0.0126953125
121 -0.1298828125
122 -0.0400390625
123 0.0263671875
124 -0.0146484375
125 -0.158203125
126 -0.02734375
127 0.048828125
128 0.0146484375
129 -0.041015625
130 0.072265625
131 0.13671875
132 0.0830078125
133 -0.009765625
134 0.0380859375
135 0.091796875
136 0.0380859375
137 -0.09375
138 0.0234375
139 0.0908203125
140 0.044921875
141 -0.0927734375
142 -0.0517578125
143 0.0166015625
144 -0.017578125
145 -0.1337890625
146 -0.0458984375
147 0.0244140625
148 -0.01171875
149 -0.12890625
150 -0.0419921875
151 0.02734375
152 -0.0126953125
153 -0.1552734375
154 -0.025390625
155 0.0546875
156 0.015625
157 -0.041015625
158 0.072265625
159 0.1376953125
160 0.0830078125
161 -0.01171875
162 0.0400390625
163 0.09375
164 0.0380859375
165 -0.0927734375
166 0.025390625
167 0.091796875
168 0.0458984375
169 -0.091796875
170 -0.05078125
171 0.0185546875
172 -0.0185546875
173 -0.1337890625
174 -0.0458984375
175 0.0244140625
176 -0.0146484375
177 -0.12890625
178 -0.04296875
179 0.025390625
180 -0.0126953125
181 -0.15625
182 -0.025390625
183 0.046875
184 0.0146484375
185 -0.0400390625
186 0.0712890625
187 0.134765625
188 0.083984375
189 -0.0107421875
190 0.0380859375
191 0.0888671875
192 0.0390625
193 -0.08984375
194 0.0224609375
195 0.0859375
196 0.046875
197 -0.091796875
198 -0.052734375
199 0.0146484375
200 -0.0185546875
201 -0.1318359375
202 -0.0478515625
203 0.0205078125
204 -0.0126953125
205 -0.1279296875
206 -0.04296875
207 0.021484375
208 -0.01171875
209 -0.154296875
210 -0.0263671875
211 0.0458984375
212 0.015625
213 -0.0400390625
214 0.072265625
215 0.1318359375
216 0.08203125
217 -0.01171875
218 0.037109375
219 0.0908203125
220 0.0361328125
221 -0.0927734375
222 0.021484375
223 0.087890625
224 0.044921875
225 -0.091796875
226 -0.0537109375
227 0.015625
228 -0.01953125
229 -0.1328125
230 -0.046875
231 0.01953125
232 -0.013671875
233 -0.1298828125
234 -0.0419921875
235 0.0244140625
236 -0.0126953125
237 -0.15625
238 -0.029296875
239 0.046875
240 0.0146484375
241 -0.0400390625
242 0.0703125
243 0.134765625
244 0.0810546875
245 -0.0126953125
246 0.037109375
247 0.0908203125
248 0.0380859375
249 -0.09375
250 0.021484375
251 0.0869140625
252 0.0458984375
253 -0.0927734375
254 -0.052734375
255 0.0146484375
256 -0.017578125
257 -0.1318359375
258 -0.044921875
259 0.0205078125
260 -0.015625
261 -0.126953125
262 -0.04296875
263 0.0224609375
264 -0.01171875
265 -0.1533203125
266 -0.02734375
267 0.046875
268 0.0146484375
269 -0.0390625
270 0.0712890625
271 0.1337890625
272 0.08203125
273 -0.01171875
274 0.0380859375
275 0.08984375
276 0.0380859375
277 -0.08984375
278 0.0244140625
279 0.087890625
280 0.0478515625
281 -0.0888671875
282 -0.0498046875
283 0.0185546875
284 -0.015625
285 -0.130859375
286 -0.0458984375
287 0.0224609375
288 -0.0126953125
289 -0.1259765625
290 -0.04296875
291 0.0224609375
292 -0.01171875
293 -0.154296875
294 -0.02734375
295 0.044921875
296 0.015625
297 -0.0380859375
298 0.0703125
299 0.1318359375
300 0.0830078125
301 -0.009765625
302 0.037109375
303 0.087890625
304 0.0380859375
305 -0.08984375
306 0.0234375
307 0.083984375
308 0.0458984375
309 -0.08984375
310 -0.052734375
311 0.01171875
312 -0.0185546875
313 -0.130859375
314 -0.0478515625
315 0.017578125
316 -0.013671875
317 -0.1279296875
318 -0.0439453125
319 0.01953125
320 -0.0126953125
321 -0.1533203125
322 -0.0283203125
323 0.0439453125
324 0.0166015625
325 -0.0380859375
326 0.0703125
327 0.1298828125
328 0.08203125
329 -0.0087890625
330 0.0361328125
331 0.0869140625
332 0.0390625
333 -0.0869140625
334 0.0224609375
335 0.0849609375
336 0.0458984375
337 -0.087890625
338 -0.0517578125
339 0.0107421875
340 -0.015625
341 -0.1279296875
342 -0.0458984375
343 0.0166015625
344 -0.0126953125
345 -0.1259765625
346 -0.0419921875
347 0.017578125
348 -0.01171875
349 -0.154296875
350 -0.0283203125
351 0.0439453125
352 0.013671875
353 -0.0390625
354 0.0693359375
355 0.130859375
356 0.0810546875
357 -0.009765625
358 0.0361328125
359 0.087890625
360 0.0380859375
361 -0.08984375
362 0.0205078125
363 0.08203125
364 0.044921875
365 -0.0927734375
366 -0.052734375
367 0.0087890625
368 -0.017578125
369 -0.130859375
370 -0.0478515625
371 0.017578125
372 -0.01171875
373 -0.1259765625
374 -0.04296875
375 0.01953125
376 -0.0107421875
377 -0.1494140625
378 -0.025390625
379 0.0458984375
380 0.0166015625
381 -0.0380859375
382 0.0703125
383 0.1328125
384 0.0830078125
385 -0.0107421875
386 0.037109375
387 0.08984375
388 0.0380859375
389 -0.091796875
390 0.0224609375
391 0.0859375
392 0.0458984375
393 -0.091796875
394 -0.05078125
395 0.0126953125
396 -0.0166015625
397 -0.130859375
398 -0.046875
399 0.01953125
400 -0.015625
401 -0.126953125
402 -0.04296875
403 0.0224609375
404 -0.0146484375
405 -0.1513671875
406 -0.0283203125
407 0.044921875
408 0.0146484375
409 -0.0380859375
410 0.068359375
411 0.130859375
412 0.083984375
413 -0.0107421875
414 0.0361328125
415 0.0869140625
416 0.0380859375
417 -0.0927734375
418 0.021484375
419 0.0859375
420 0.044921875
421 -0.091796875
422 -0.052734375
423 0.0146484375
424 -0.0185546875
425 -0.1318359375
426 -0.048828125
427 0.0234375
428 -0.0146484375
429 -0.126953125
430 -0.04296875
431 0.0244140625
432 -0.0126953125
433 -0.1552734375
434 -0.029296875
435 0.046875
436 0.0146484375
437 -0.0419921875
438 0.0712890625
439 0.1328125
440 0.0830078125
441 -0.0126953125
442 0.037109375
443 0.0908203125
444 0.037109375
445 -0.0947265625
446 0.0224609375
447 0.0869140625
448 0.044921875
449 -0.091796875
450 -0.052734375
451 0.017578125
452 -0.0185546875
453 -0.1337890625
454 -0.0458984375
455 0.0205078125
456 -0.013671875
457 -0.130859375
458 -0.0439453125
459 0.0205078125
460 -0.013671875
461 -0.1572265625
462 -0.029296875
463 0.0439453125
464 0.0146484375
465 -0.0419921875
466 0.068359375
467 0.1328125
468 0.0810546875
469 -0.01171875
470 0.0361328125
471 0.08984375
472 0.037109375
473 -0.09375
474 0.021484375
475 0.087890625
476 0.0439453125
477 -0.0927734375
478 -0.0517578125
479 0.013671875
480 -0.01953125
481 -0.1337890625
482 -0.0458984375
483 0.0205078125
484 -0.0146484375
485 -0.12890625
486 -0.0419921875
487 0.0234375
488 -0.01171875
489 -0.15234375
490 -0.0263671875
491 0.0498046875
492 0.0166015625
493 -0.0390625
494 0.0712890625
495 0.134765625
496 0.0810546875
497 -0.0107421875
498 0.0380859375
499 0.091796875
500 0.0380859375
501 -0.0927734375
502 0.0244140625
503 0.0908203125
504 0.046875
505 -0.0927734375
506 -0.0498046875
507 0.0185546875
508 -0.0166015625
509 -0.1337890625
510 -0.0439453125
511 0.0244140625
512 -0.015625
513 -0.1298828125
514 -0.04296875
515 0.02734375
516 -0.013671875
517 -0.15625
518 -0.0263671875
519 0.05078125
520 0.013671875
521 -0.0439453125
522 0.072265625
523 0.1396484375
524 0.08203125
525 -0.013671875
526 0.0390625
527 0.0927734375
528 0.0380859375
529 -0.0966796875
530 0.0244140625
531 0.091796875
532 0.044921875
533 -0.0927734375
534 -0.048828125
535 0.01953125
536 -0.017578125
537 -0.1337890625
538 -0.044921875
539 0.0244140625
540 -0.0146484375
541 -0.1279296875
542 -0.0419921875
543 0.025390625
544 -0.0146484375
545 -0.1552734375
546 -0.02734375
547 0.0498046875
548 0.0146484375
549 -0.044921875
550 0.0693359375
551 0.134765625
552 0.0810546875
553 -0.0126953125
554 0.0361328125
555 0.0908203125
556 0.0361328125
557 -0.095703125
558 0.0234375
559 0.0908203125
560 0.044921875
561 -0.0927734375
562 -0.0517578125
563 0.01953125
564 -0.0185546875
565 -0.1337890625
566 -0.0458984375
567 0.0244140625
568 -0.015625
569 -0.130859375
570 -0.0419921875
571 0.0263671875
572 -0.0126953125
573 -0.16015625
574 -0.02734375
575 0.0498046875
576 0.013671875
577 -0.044921875
578 0.0712890625
579 0.13671875
580 0.0810546875
581 -0.0126953125
582 0.0380859375
583 0.0927734375
584 0.0361328125
585 -0.0947265625
586 0.021484375
587 0.091796875
588 0.0439453125
589 -0.09375
590 -0.05078125
591 0.0185546875
592 -0.0185546875
593 -0.134765625
594 -0.0458984375
595 0.0224609375
596 -0.013671875
597 -0.1298828125
598 -0.0419921875
599 0.025390625
600 -0.01171875
601 -0.1572265625
602 -0.025390625
603 0.048828125
604 0.013671875
605 -0.04296875
606 0.0703125
607 0.13671875
608 0.08203125
609 -0.01171875
610 0.0380859375
611 0.0908203125
612 0.037109375
613 -0.09375
614 0.0244140625
615 0.0908203125
616 0.0458984375
617 -0.091796875
618 -0.0498046875
619 0.017578125
620 -0.017578125
621 -0.1328125
622 -0.044921875
623 0.021484375
624 -0.013671875
625 -0.12890625
626 -0.0400390625
627 0.0244140625
628 -0.0126953125
629 -0.15625
630 -0.02734375
631 0.0478515625
632 0.0146484375
633 -0.041015625
634 0.0712890625
635 0.134765625
636 0.08203125
637 -0.01171875
638 0.037109375
639 0.08984375
640 0.0390625
641 -0.09375
642 0.0234375
643 0.087890625
644 0.0458984375
645 -0.0927734375
646 -0.0517578125
647 0.015625
648 -0.0166015625
649 -0.1357421875
650 -0.046875
651 0.021484375
652 -0.0146484375
653 -0.1298828125
654 -0.0439453125
655 0.025390625
656 -0.0146484375
657 -0.1552734375
658 -0.02734375
659 0.0498046875
660 0.0126953125
661 -0.041015625
662 0.0712890625
663 0.1337890625
664 0.08203125
665 -0.0126953125
666 0.0380859375
667 0.0908203125
668 0.0390625
669 -0.0927734375
670 0.0244140625
671 0.0888671875
672 0.046875
673 -0.09375
674 -0.05078125
675 0.0166015625
676 -0.01953125
677 -0.1337890625
678 -0.046875
679 0.0224609375
680 -0.015625
681 -0.126953125
682 -0.044921875
683 0.025390625
684 -0.013671875
685 -0.15625
686 -0.029296875
687 0.046875
688 0.0146484375
689 -0.04296875
690 0.0703125
691 0.1337890625
692 0.0830078125
693 -0.013671875
694 0.0380859375
695 0.091796875
696 0.037109375
697 -0.0966796875
698 0.0205078125
699 0.087890625
700 0.04296875
701 -0.0927734375
702 -0.052734375
703 0.0185546875
704 -0.01953125
705 -0.134765625
706 -0.046875
707 0.0224609375
708 -0.0146484375
709 -0.1279296875
710 -0.041015625
711 0.0244140625
712 -0.01171875
713 -0.154296875
714 -0.0263671875
715 0.0498046875
716 0.0146484375
717 -0.0400390625
718 0.0712890625
719 0.134765625
720 0.08203125
721 -0.01171875
722 0.037109375
723 0.09375
724 0.037109375
725 -0.091796875
726 0.0244140625
727 0.0908203125
728 0.046875
729 -0.0888671875
730 -0.048828125
731 0.01953125
732 -0.0146484375
733 -0.1328125
734 -0.0458984375
735 0.0234375
736 -0.013671875
737 -0.1259765625
738 -0.0419921875
739 0.0224609375
740 -0.0107421875
741 -0.1552734375
742 -0.0283203125
743 0.0458984375
744 0.013671875
745 -0.0419921875
746 0.0712890625
747 0.134765625
748 0.0810546875
749 -0.01171875
750 0.037109375
751 0.091796875
752 0.0380859375
753 -0.09375
754 0.0224609375
755 0.0869140625
756 0.0458984375
757 -0.08984375
758 -0.0498046875
759 0.0166015625
760 -0.017578125
761 -0.1318359375
762 -0.0439453125
763 0.021484375
764 -0.0126953125
765 -0.126953125
766 -0.0419921875
767 0.0244140625
768 -0.01171875
769 -0.154296875
770 -0.02734375
771 0.046875
772 0.015625
773 -0.0400390625
774 0.0703125
775 0.1337890625
776 0.08203125
777 -0.0107421875
778 0.037109375
779 0.0888671875
780 0.0390625
781 -0.091796875
782 0.0234375
783 0.0859375
784 0.0458984375
785 -0.0908203125
786 -0.048828125
787 0.0146484375
788 -0.017578125
789 -0.1318359375
790 -0.046875
791 0.021484375
792 -0.0126953125
793 -0.1279296875
794 -0.04296875
795 0.0244140625
796 -0.0126953125
797 -0.1572265625
798 -0.0302734375
799 0.0458984375
800 0.013671875
801 -0.0419921875
802 0.0703125
803 0.1337890625
804 0.0810546875
805 -0.0126953125
806 0.037109375
807 0.0908203125
808 0.037109375
809 -0.095703125
810 0.021484375
811 0.087890625
812 0.0439453125
813 -0.0927734375
814 -0.05078125
815 0.017578125
816 -0.0185546875
817 -0.1318359375
818 -0.0478515625
819 0.021484375
820 -0.0126953125
821 -0.1279296875
822 -0.04296875
823 0.021484375
824 -0.013671875
825 -0.154296875
826 -0.025390625
827 0.046875
828 0.0166015625
829 -0.0380859375
830 0.0712890625
831 0.1318359375
832 0.0830078125
833 -0.0107421875
834 0.037109375
835 0.08984375
836 0.0380859375
837 -0.08984375
838 0.0234375
839 0.0849609375
840 0.0458984375
841 -0.0908203125
842 -0.0517578125
843 0.0126953125
844 -0.0166015625
845 -0.1318359375
846 -0.046875
847 0.017578125
848 -0.0126953125
849 -0.1259765625
850 -0.0439453125
851 0.0205078125
852 -0.01171875
853 -0.1533203125
854 -0.0283203125
855 0.0439453125
856 0.015625
857 -0.037109375
858 0.0703125
859 0.1318359375
860 0.0830078125
861 -0.0107421875
862 0.037109375
863 0.0888671875
864 0.037109375
865 -0.091796875
866 0.0224609375
867 0.0859375
868 0.0458984375
869 -0.0908203125
870 -0.0517578125
871 0.013671875
872 -0.015625
873 -0.1318359375
874 -0.0458984375
875 0.0205078125
876 -0.013671875
877 -0.126953125
878 -0.0439453125
879 0.01953125
880 -0.0126953125
881 -0.154296875
882 -0.02734375
883 0.044921875
884 0.013671875
885 -0.0390625
886 0.0693359375
887 0.1328125
888 0.08203125
889 -0.0126953125
890 0.0361328125
891 0.0859375
892 0.037109375
893 -0.09375
894 0.021484375
895 0.083984375
896 0.0439453125
897 -0.0908203125
898 -0.05078125
899 0.0146484375
900 -0.017578125
901 -0.1318359375
902 -0.046875
903 0.0205078125
904 -0.015625
905 -0.1279296875
906 -0.0439453125
907 0.0234375
908 -0.013671875
909 -0.15625
910 -0.0283203125
911 0.0458984375
912 0.015625
913 -0.041015625
914 0.0703125
915 0.1337890625
916 0.0830078125
917 -0.0126953125
918 0.0361328125
919 0.087890625
920 0.0380859375
921 -0.09375
922 0.021484375
923 0.0859375
924 0.044921875
925 -0.0947265625
926 -0.0537109375
927 0.0126953125
928 -0.0185546875
929 -0.1328125
930 -0.0478515625
931 0.021484375
932 -0.0146484375
933 -0.126953125
934 -0.04296875
935 0.0205078125
936 -0.01171875
937 -0.1552734375
938 -0.02734375
939 0.046875
940 0.0146484375
941 -0.0419921875
942 0.0703125
943 0.1318359375
944 0.08203125
945 -0.0107421875
946 0.0380859375
947 0.0888671875
948 0.0380859375
949 -0.08984375
950 0.0224609375
951 0.087890625
952 0.0458984375
953 -0.0908203125
954 -0.0517578125
955 0.015625
956 -0.017578125
957 -0.130859375
958 -0.0458984375
959 0.021484375
960 -0.0126953125
961 -0.130859375
962 -0.0439453125
963 0.0244140625
964 -0.0126953125
965 -0.1572265625
966 -0.0283203125
967 0.0458984375
968 0.0146484375
969 -0.041015625
970 0.0703125
971 0.1337890625
972 0.0810546875
973 -0.01171875
974 0.0361328125
975 0.0908203125
976 0.037109375
977 -0.0927734375
978 0.0234375
979 0.0888671875
980 0.044921875
981 -0.09375
982 -0.052734375
983 0.0166015625
984 -0.017578125
985 -0.1337890625
986 -0.0458984375
987 0.021484375
988 -0.0146484375
989 -0.1298828125
990 -0.04296875
991 0.021484375
992 -0.0126953125
993 -0.1572265625
994 -0.0283203125
995 0.046875
996 0.013671875
997 -0.0419921875
998 0.0703125
999 0.1337890625
1000 0.0810546875
1001 -0.0107421875
1002 0.0361328125
1003 0.091796875
1004 0.037109375
1005 -0.091796875
1006 0.0224609375
1007 0.087890625
1008 0.044921875
1009 -0.0927734375
1010 -0.0517578125
1011 0.015625
1012 -0.0166015625
1013 -0.1328125
1014 -0.046875
1015 0.01953125
1016 -0.0146484375
1017 -0.12890625
1018 -0.04296875
1019 0.0244140625
1020 -0.013671875
1021 -0.158203125
1022 -0.029296875
1023 0.0478515625
1024 0.0126953125
1025 -0.0439453125
1026 0.0703125
1027 0.134765625
1028 0.0810546875
1029 -0.013671875
1030 0.037109375
1031 0.091796875
1032 0.037109375
1033 -0.09765625
1034 0.0224609375
1035 0.087890625
1036 0.0419921875
1037 -0.09765625
1038 -0.052734375
1039 0.0146484375
1040 -0.021484375
1041 -0.134765625
1042 -0.048828125
1043 0.021484375
1044 -0.015625
1045 -0.12890625
1046 -0.04296875
1047 0.0234375
1048 -0.0126953125
1049 -0.15625
1050 -0.0263671875
1051 0.0498046875
1052 0.0146484375
1053 -0.041015625
1054 0.0712890625
1055 0.1328125
1056 0.0830078125
1057 -0.0126953125
1058 0.0390625
1059 0.091796875
1060 0.0380859375
1061 -0.09375
1062 0.0234375
1063 0.08984375
1064 0.0458984375
1065 -0.091796875
1066 -0.052734375
1067 0.01953125
1068 -0.017578125
1069 -0.134765625
1070 -0.0458984375
1071 0.025390625
1072 -0.0146484375
1073 -0.1318359375
1074 -0.0419921875
1075 0.0244140625
1076 -0.0126953125
1077 -0.1591796875
1078 -0.02734375
1079 0.048828125
1080 0.013671875
1081 -0.044921875
1082 0.072265625
1083 0.13671875
1084 0.08203125
1085 -0.0146484375
1086 0.037109375
1087 0.0947265625
1088 0.037109375
1089 -0.0947265625
1090 0.021484375
1091 0.0927734375
1092 0.0439453125
1093 -0.09375
1094 -0.052734375
1095 0.0185546875
1096 -0.01953125
1097 -0.13671875
1098 -0.0458984375
1099 0.025390625
1100 -0.0146484375
1101 -0.1328125
1102 -0.0400390625
1103 0.0263671875
1104 -0.013671875
1105 -0.1591796875
1106 -0.02734375
1107 0.05078125
1108 0.013671875
1109 -0.044921875
1110 0.0712890625
1111 0.140625
1112 0.08203125
1113 -0.013671875
1114 0.0380859375
1115 0.0966796875
1116 0.037109375
1117 -0.0947265625
1118 0.0244140625
1119 0.091796875
1120 0.044921875
1121 -0.0966796875
1122 -0.052734375
1123 0.0185546875
1124 -0.0185546875
1125 -0.1376953125
1126 -0.044921875
1127 0.0234375
1128 -0.0146484375
1129 -0.1337890625
1130 -0.04296875
1131 0.0263671875
1132 -0.0146484375
1133 -0.162109375
1134 -0.0302734375
1135 0.05078125
1136 0.0126953125
1137 -0.044921875
1138 0.0712890625
1139 0.1376953125
1140 0.080078125
1141 -0.013671875
1142 0.0380859375
1143 0.09375
1144 0.0361328125
1145 -0.0986328125
1146 0.021484375
1147 0.0927734375
1148 0.044921875
1149 -0.0947265625
1150 -0.0537109375
1151 0.0166015625
1152 -0.0185546875
1153 -0.134765625
1154 -0.0458984375
1155 0.0224609375
1156 -0.0146484375
1157 -0.12890625
1158 -0.04296875
1159 0.0263671875
1160 -0.01171875
1161 -0.15625
1162 -0.02734375
1163 0.0517578125
1164 0.0146484375
1165 -0.04296875
1166 0.072265625
1167 0.1376953125
1168 0.0830078125
1169 -0.01171875
1170 0.0390625
1171 0.09375
1172 0.0380859375
1173 -0.095703125
1174 0.0263671875
1175 0.0908203125
1176 0.044921875
1177 -0.0927734375
1178 -0.0517578125
1179 0.021484375
1180 -0.0185546875
1181 -0.1337890625
1182 -0.0458984375
1183 0.025390625
1184 -0.0146484375
1185 -0.12890625
1186 -0.0419921875
1187 0.025390625
1188 -0.013671875
1189 -0.158203125
1190 -0.0263671875
1191 0.048828125
1192 0.0146484375
1193 -0.044921875
1194 0.0712890625
1195 0.1357421875
1196 0.083984375
1197 -0.0146484375
1198 0.0380859375
1199 0.091796875
1200 0.0380859375
1201 -0.0947265625
1202 0.0224609375
1203 0.0908203125
1204 0.044921875
1205 -0.0927734375
1206 -0.052734375
1207 0.01953125
1208 -0.0185546875
1209 -0.1337890625
1210 -0.044921875
1211 0.0244140625
1212 -0.013671875
1213 -0.12890625
1214 -0.0419921875
1215 0.0244140625
1216 -0.01171875
1217 -0.1572265625
1218 -0.0263671875
1219 0.0478515625
1220 0.0166015625
1221 -0.041015625
1222 0.0712890625
1223 0.1357421875
1224 0.0810546875
1225 -0.01171875
1226 0.0361328125
1227 0.091796875
1228 0.0361328125
1229 -0.0947265625
1230 0.0224609375
1231 0.087890625
1232 0.0458984375
1233 -0.0927734375
1234 -0.0517578125
1235 0.0166015625
1236 -0.0166015625
1237 -0.1328125
1238 -0.044921875
1239 0.021484375
1240 -0.0126953125
1241 -0.12890625
1242 -0.041015625
1243 0.0224609375
1244 -0.01171875
1245 -0.1572265625
1246 -0.0302734375
1247 0.0439453125
1248 0.0146484375
1249 -0.0400390625
1250 0.0703125
1251 0.1318359375
1252 0.08203125
1253 -0.0107421875
1254 0.0380859375
1255 0.0888671875
1256 0.0380859375
1257 -0.0927734375
1258 0.021484375
1259 0.0859375
1260 0.0458984375
1261 -0.0947265625
1262 -0.052734375
1263 0.01171875
1264 -0.017578125
1265 -0.1318359375
1266 -0.0458984375
1267 0.01953125
1268 -0.013671875
1269 -0.1279296875
1270 -0.0439453125
1271 0.021484375
1272 -0.0126953125
1273 -0.15234375
1274 -0.0283203125
1275 0.0439453125
1276 0.0146484375
1277 -0.037109375
1278 0.0712890625
1279 0.130859375
1280 0.08203125
1281 -0.0087890625
1282 0.0390625
1283 0.087890625
1284 0.0380859375
1285 -0.0908203125
1286 0.0244140625
1287 0.0849609375
1288 0.046875
1289 -0.091796875
1290 -0.0537109375
1291 0.0146484375
1292 -0.0185546875
1293 -0.1298828125
1294 -0.0478515625
1295 0.0205078125
1296 -0.013671875
1297 -0.1259765625
1298 -0.0419921875
1299 0.021484375
1300 -0.01171875
1301 -0.1533203125
1302 -0.02734375
1303 0.044921875
1304 0.0146484375
1305 -0.0380859375
1306 0.0712890625
1307 0.1318359375
1308 0.083984375
1309 -0.009765625
1310 0.0380859375
1311 0.0888671875
1312 0.0380859375
1313 -0.09375
1314 0.0224609375
1315 0.0859375
1316 0.044921875
1317 -0.0927734375
1318 -0.0537109375
1319 0.013671875
1320 -0.0185546875
1321 -0.1337890625
1322 -0.0478515625
1323 0.0205078125
1324 -0.0146484375
1325 -0.130859375
1326 -0.04296875
1327 0.021484375
1328 -0.013671875
1329 -0.1572265625
1330 -0.0283203125
1331 0.046875
1332 0.0126953125
1333 -0.041015625
1334 0.0712890625
1335 0.1328125
1336 0.0810546875
1337 -0.01171875
1338 0.037109375
1339 0.091796875
1340 0.037109375
1341 -0.09375
1342 0.0205078125
1343 0.0888671875
1344 0.044921875
1345 -0.0927734375
1346 -0.052734375
1347 0.015625
1348 -0.0185546875
1349 -0.1318359375
1350 -0.046875
1351 0.0205078125
1352 -0.013671875
1353 -0.12890625
1354 -0.0419921875
1355 0.0224609375
1356 -0.0126953125
1357 -0.158203125
1358 -0.029296875
1359 0.046875
1360 0.013671875
1361 -0.0419921875
1362 0.0712890625
1363 0.1337890625
1364 0.08203125
1365 -0.0126953125
1366 0.037109375
1367 0.091796875
1368 0.0380859375
1369 -0.09375
1370 0.0205078125
1371 0.0869140625
1372 0.0439453125
1373 -0.095703125
1374 -0.052734375
1375 0.013671875
1376 -0.0185546875
1377 -0.134765625
1378 -0.0458984375
1379 0.021484375
1380 -0.0126953125
1381 -0.1279296875
1382 -0.0419921875
1383 0.0244140625
1384 -0.0126953125
1385 -0.1533203125
1386 -0.02734375
1387 0.048828125
1388 0.013671875
1389 -0.0390625
1390 0.0712890625
1391 0.1357421875
1392 0.0830078125
1393 -0.0107421875
1394 0.037109375
1395 0.091796875
1396 0.0380859375
1397 -0.091796875
1398 0.0244140625
1399 0.0888671875
1400 0.0478515625
1401 -0.0888671875
1402 -0.048828125
1403 0.0166015625
1404 -0.0146484375
1405 -0.130859375
1406 -0.0458984375
1407 0.021484375
1408 -0.013671875
1409 -0.1279296875
1410 -0.04296875
1411 0.0244140625
1412 -0.01171875
1413 -0.15234375
1414 -0.02734375
1415 0.0458984375
1416 0.015625
1417 -0.0400390625
1418 0.0693359375
1419 0.1337890625
1420 0.08203125
1421 -0.0126953125
1422 0.037109375
1423 0.0927734375
1424 0.0380859375
1425 -0.09375
1426 0.0244140625
1427 0.091796875
1428 0.0439453125
1429 -0.0908203125
1430 -0.05078125
1431 0.0185546875
1432 -0.0185546875
1433 -0.1318359375
1434 -0.044921875
1435 0.0263671875
1436 -0.0146484375
1437 -0.1259765625
1438 -0.0400390625
1439 0.0283203125
1440 -0.0126953125
1441 -0.1328125
1442 -0.0068359375
1443 0.0673828125
1444 0.02734375
1445 -0.083984375
1446 -0.029296875
1447 0.0341796875
1448 -0.005859375
1449 -0.12109375
1450 -0.0400390625
1451 0.029296875
1452 -0.0087890625
1453 -0.1298828125
1454 -0.0439453125
1455 0.0234375
1456 -0.015625
1457 -0.1787109375
1458 -0.0849609375
1459 -0.0107421875
1460 -0.0400390625
1461 -0.2001953125
1462 -0.064453125
1463 0.0234375
1464 -0.0048828125
1465 -0.08203125
1466 0.0400390625
1467 0.1103515625
1468 0.0615234375
1469 -0.0029296875
1470 0.10546875
1471 0.16796875
1472 0.107421875
1473 0.009765625
1474 0.0556640625
1475 0.109375
1476 0.0517578125
1477 -0.0703125
1478 0.044921875
1479 0.111328125
1480 0.0595703125
1481 -0.0224609375
1482 0.0869140625
1483 0.150390625
1484 0.08984375
1485 -0.0107421875
1486 0.03125
1487 0.0849609375
1488 0.037109375
1489 -0.0732421875
1490 0.0400390625
1491 0.1005859375
1492 0.0576171875
1493 -0.01171875
1494 0.09375
1495 0.1513671875
1496 0.09375
1497 -0.0068359375
1498 0.03125
1499 0.0869140625
1500 0.0341796875
1501 -0.0615234375
1502 0.0166015625
1503 0.0712890625
1504 0.021484375
1505 -0.138671875
1506 -0.01953125
1507 0.0517578125
1508 0.0185546875
1509 -0.09765625
1510 0.0146484375
1511 0.0791015625
1512 0.0400390625
1513 -0.1064453125
1514 -0.0615234375
1515 0.00390625
1516 -0.0244140625
1517 -0.1416015625
1518 -0.017578125
1519 0.0517578125
1520 0.0185546875
1521 -0.048828125
1522 0.0595703125
1523 0.12109375
1524 0.0712890625
1525 -0.0537109375
1526 -0.0166015625
1527 0.0439453125
1528 0.0048828125
1529 -0.1025390625
1530 0.01171875
1531 0.0791015625
1532 0.0361328125
1533 -0.064453125
1534 -0.0146484375
1535 0.04296875
1536 0.001953125
1537 -0.08984375
1538 0.025390625
1539 0.0908203125
1540 0.046875
1541 -0.001953125
1542 0.0986328125
1543 0.158203125
1544 0.1005859375
1545 -0.025390625
1546 0.07421875
1547 0.1318359375
1548 0.0791015625
1549 -0.0869140625
1550 -0.0478515625
1551 0.0126953125
1552 -0.0205078125
1553 -0.1328125
1554 -0.044921875
1555 0.017578125
1556 -0.01953125
1557 -0.1904296875
1558 -0.1123046875
1559 -0.0361328125
1560 -0.0595703125
1561 -0.1826171875
1562 -0.046875
1563 0.029296875
1564 -0.001953125
1565 -0.0986328125
1566 -0.0498046875
1567 0.017578125
1568 -0.0166015625
1569 -0.119140625
1570 0.001953125
1571 0.0693359375
1572 0.03125
1573 -0.033203125
1574 0.07421875
1575 0.1318359375
1576 0.080078125
1577 -0.01171875
1578 0.0283203125
1579 0.0830078125
1580 0.033203125
1581 -0.064453125
1582 0.015625
1583 0.0673828125
1584 0.01953125
1585 -0.1396484375
1586 -0.0185546875
1587 0.048828125
1588 0.015625
1589 -0.1015625
1590 0.0126953125
1591 0.078125
1592 0.037109375
1593 -0.1044921875
1594 -0.060546875
1595 0.0078125
1596 -0.025390625
1597 -0.1435546875
1598 -0.0185546875
1599 0.0517578125
1600 0.0166015625
1601 -0.068359375
1602 0.044921875
1603 0.1103515625
1604 0.060546875
1605 -0.060546875
1606 -0.021484375
1607 0.0390625
1608 0.0
1609 -0.111328125
1610 0.0068359375
1611 0.076171875
1612 0.033203125
1613 -0.06640625
1614 -0.017578125
1615 0.0419921875
1616 -0.0009765625
1617 -0.125
1618 -0.00390625
1619 0.0654296875
1620 0.025390625
1621 -0.1005859375
1622 -0.0537109375
1623 0.0107421875
1624 -0.0244140625
1625 -0.1328125
1626 -0.0439453125
1627 0.0205078125
1628 -0.0166015625
1629 -0.189453125
1630 -0.111328125
1631 -0.03515625
1632 -0.0556640625
1633 -0.173828125
1634 -0.04296875
1635 0.0302734375
1636 0.0029296875
1637 -0.0908203125
1638 -0.04296875
1639 0.021484375
1640 -0.0126953125
1641 -0.111328125
1642 0.0068359375
1643 0.0732421875
1644 0.0361328125
1645 -0.0283203125
1646 0.078125
1647 0.134765625
1648 0.0859375
1649 -0.0078125
1650 0.03125
1651 0.0859375
1652 0.037109375
1653 -0.056640625
1654 0.021484375
1655 0.072265625
1656 0.0263671875
1657 -0.0576171875
1658 0.0498046875
1659 0.11328125
1660 0.0654296875
1661 0.009765625
1662 0.1103515625
1663 0.169921875
1664 0.1083984375
1665 0.00390625
1666 0.1005859375
1667 0.15625
1668 0.09765625
1669 -0.021484375
1670 0.0791015625
1671 0.1328125
1672 0.0791015625
1673 -0.060546875
1674 -0.021484375
1675 0.0361328125
1676 -0.0048828125
1677 -0.125
1678 -0.0048828125
1679 0.0615234375
1680 0.0234375
1681 -0.05078125
1682 0.05859375
1683 0.1201171875
1684 0.06640625
1685 -0.05859375
1686 -0.0185546875
1687 0.04296875
1688 -0.001953125
1689 -0.1123046875
1690 0.005859375
1691 0.076171875
1692 0.0302734375
1693 -0.0751953125
1694 -0.0234375
1695 0.03515625
1696 -0.0087890625
1697 -0.1025390625
1698 0.0166015625
1699 0.0849609375
1700 0.0380859375
1701 -0.0126953125
1702 0.095703125
1703 0.1572265625
1704 0.09375
1705 0.03515625
1706 0.1357421875
1707 0.1943359375
1708 0.1220703125
1709 0.0576171875
1710 0.154296875
1711 0.2099609375
1712 0.1357421875
1713 0.0146484375
1714 0.109375
1715 0.1630859375
1716 0.0986328125
1717 -0.0693359375
1718 -0.0302734375
1719 0.0283203125
1720 -0.0166015625
1721 -0.1328125
1722 -0.0458984375
1723 0.015625
1724 -0.02734375
1725 -0.19921875
1726 -0.123046875
1727 -0.046875
1728 -0.07421875
1729 -0.1923828125
1730 -0.060546875
1731 0.0166015625
1732 -0.0166015625
1733 -0.111328125
1734 -0.0634765625
1735 0.005859375
1736 -0.0322265625
1737 -0.1455078125
1738 -0.0205078125
1739 0.048828125
1740 0.0087890625
1741 -0.068359375
1742 0.044921875
1743 0.107421875
1744 0.0546875
1745 -0.044921875
1746 -0.0029296875
1747 0.0556640625
1748 0.005859375
1749 -0.08984375
1750 -0.00390625
1751 0.052734375
1752 0.0009765625
1753 -0.0927734375
1754 0.0224609375
1755 0.091796875
1756 0.0390625
1757 -0.0224609375
1758 0.0859375
1759 0.1474609375
1760 0.083984375
1761 0.0205078125
1762 0.12109375
1763 0.1796875
1764 0.1103515625
1765 0.044921875
1766 0.1416015625
1767 0.197265625
1768 0.125
1769 0.0126953125
1770 0.109375
1771 0.1630859375
1772 0.0947265625
1773 -0.02734375
1774 0.0703125
1775 0.1259765625
1776 0.0654296875
1777 -0.0771484375
1778 -0.0390625
1779 0.0205078125
1780 -0.0244140625
1781 -0.1474609375
1782 -0.025390625
1783 0.0439453125
1784 0.0029296875
1785 -0.072265625
1786 0.0380859375
1787 0.103515625
1788 0.0478515625
1789 -0.078125
1790 -0.0390625
1791 0.0224609375
1792 -0.021484375
1793 -0.1328125
1794 -0.015625
1795 0.0537109375
1796 0.009765625
1797 -0.0927734375
1798 -0.0458984375
1799 0.0146484375
1800 -0.02734375
1801 -0.119140625
1802 -0.005859375
1803 0.0625
1804 0.0185546875
1805 -0.0302734375
1806 0.07421875
1807 0.1328125
1808 0.0751953125
1809 0.013671875
1810 0.111328125
1811 0.1640625
1812 0.1005859375
1813 0.0390625
1814 0.1328125
1815 0.1845703125
1816 0.1162109375
1817 -0.0029296875
1818 0.08984375
1819 0.142578125
1820 0.0791015625
1821 -0.0849609375
1822 -0.0498046875
1823 0.0078125
1824 -0.0341796875
1825 -0.146484375
1826 -0.064453125
1827 -0.0029296875
1828 -0.04296875
1829 -0.2138671875
1830 -0.1396484375
1831 -0.064453125
1832 -0.0869140625
1833 -0.20703125
1834 -0.0771484375
1835 -0.001953125
1836 -0.029296875
1837 -0.125
1838 -0.078125
1839 -0.0126953125
1840 -0.0439453125
1841 -0.18359375
1842 -0.060546875
1843 0.013671875
1844 -0.0185546875
1845 -0.1064453125
1846 0.00390625
1847 0.068359375
1848 0.0263671875
1849 -0.072265625
1850 -0.0322265625
1851 0.02734375
1852 -0.015625
1853 -0.1064453125
1854 -0.0244140625
1855 0.0302734375
1856 -0.0126953125
1857 -0.107421875
1858 0.0048828125
1859 0.0693359375
1860 0.02734375
1861 -0.0302734375
1862 0.072265625
1863 0.1298828125
1864 0.0751953125
1865 0.0087890625
1866 0.10546875
1867 0.1572265625
1868 0.0966796875
1869 0.0380859375
1870 0.12890625
1871 0.1796875
1872 0.1142578125
1873 0.009765625
1874 0.1005859375
1875 0.1474609375
1876 0.087890625
1877 -0.0283203125
1878 0.064453125
1879 0.1162109375
1880 0.060546875
1881 -0.076171875
1882 -0.0390625
1883 0.0166015625
1884 -0.0244140625
1885 -0.14453125
1886 -0.0283203125
1887 0.0361328125
1888 -0.0009765625
1889 -0.07421875
1890 0.0302734375
1891 0.08984375
1892 0.0400390625
1893 -0.0849609375
1894 -0.0498046875
1895 0.009765625
1896 -0.0302734375
1897 -0.138671875
1898 -0.0244140625
1899 0.041015625
1900 0.0029296875
1901 -0.0986328125
1902 -0.052734375
1903 0.001953125
1904 -0.0341796875
1905 -0.1279296875
1906 -0.0107421875
1907 0.052734375
1908 0.0126953125
1909 -0.0341796875
1910 0.0693359375
1911 0.1259765625
1912 0.068359375
1913 0.01171875
1914 0.107421875
1915 0.1611328125
1916 0.0986328125
1917 0.0380859375
1918 0.126953125
1919 0.1787109375
1920 0.1123046875
1921 -0.005859375
1922 0.083984375
1923 0.1318359375
1924 0.0732421875
1925 -0.0888671875
1926 -0.052734375
1927 -0.0009765625
1928 -0.0361328125
1929 -0.1484375
1930 -0.068359375
1931 -0.009765625
1932 -0.0458984375
1933 -0.216796875
1934 -0.1435546875
1935 -0.0703125
1936 -0.0927734375
1937 -0.2080078125
1938 -0.08203125
1939 -0.005859375
1940 -0.0341796875
1941 -0.12890625
1942 -0.08203125
1943 -0.017578125
1944 -0.048828125
1945 -0.1572265625
1946 -0.037109375
1947 0.029296875
1948 -0.005859375
1949 -0.0791015625
1950 0.0322265625
1951 0.08984375
1952 0.0419921875
1953 -0.0517578125
1954 -0.01171875
1955 0.04296875
1956 -0.0048828125
1957 -0.0966796875
1958 -0.017578125
1959 0.0361328125
1960 -0.01171875
1961 -0.10546875
1962 0.0068359375
1963 0.0712890625
1964 0.0234375
1965 -0.0380859375
1966 0.0654296875
1967 0.1220703125
1968 0.0654296875
1969 -0.00390625
1970 0.0947265625
1971 0.1484375
1972 0.0869140625
1973 0.025390625
1974 0.1201171875
1975 0.1728515625
1976 0.10546875
1977 0.001953125
1978 0.0927734375
1979 0.1455078125
1980 0.0810546875
1981 -0.037109375
1982 0.05859375
1983 0.1123046875
1984 0.0546875
1985 -0.087890625
1986 -0.0498046875
1987 0.0087890625
1988 -0.03515625
1989 -0.158203125
1990 -0.037109375
1991 0.0283203125
1992 -0.009765625
1993 -0.0986328125
1994 0.013671875
1995 0.07421875
1996 0.0263671875
1997 -0.095703125
1998 -0.05859375
1999 0.0
2000 -0.037109375
2001 -0.146484375
2002 -0.0283203125
2003 0.0380859375
2004 -0.0029296875
2005 -0.1015625
2006 -0.0546875
2007 0.00390625
2008 -0.037109375
2009 -0.1767578125
2010 -0.052734375
2011 0.017578125
2012 -0.017578125
2013 -0.14453125
2014 -0.0986328125
2015 -0.033203125
2016 -0.0625
2017 -0.171875
2018 -0.083984375
2019 -0.017578125
2020 -0.0517578125
2021 -0.22265625
2022 -0.1455078125
2023 -0.068359375
2024 -0.08984375
2025 -0.2099609375
2026 -0.0771484375
2027 0.001953125
2028 -0.029296875
2029 -0.125
2030 -0.0771484375
2031 -0.005859375
2032 -0.0439453125
2033 -0.1953125
2034 -0.0654296875
2035 0.009765625
2036 -0.01953125
2037 -0.1201171875
2038 -0.001953125
2039 0.060546875
2040 0.0224609375
2041 -0.076171875
2042 -0.03125
2043 0.0283203125
2044 -0.015625
2045 -0.107421875
2046 -0.0234375
2047 0.0361328125
2048 -0.0107421875
2049 -0.1044921875
2050 0.0087890625
2051 0.078125
2052 0.0302734375
2053 -0.0390625
2054 0.0673828125
2055 0.1298828125
2056 0.0703125
2057 0.00390625
2058 0.103515625
2059 0.1611328125
2060 0.0966796875
2061 0.033203125
2062 0.1298828125
2063 0.18359375
2064 0.115234375
2065 0.005859375
2066 0.1015625
2067 0.154296875
2068 0.08984375
2069 -0.0322265625
2070 0.064453125
2071 0.1220703125
2072 0.0625
2073 -0.0751953125
2074 -0.0361328125
2075 0.0234375
2076 -0.0234375
2077 -0.14453125
2078 -0.025390625
2079 0.04296875
2080 0.0009765625
2081 -0.0751953125
2082 0.0341796875
2083 0.0947265625
2084 0.0439453125
2085 -0.0830078125
2086 -0.044921875
2087 0.0146484375
2088 -0.0244140625
2089 -0.1376953125
2090 -0.01953125
2091 0.0478515625
2092 0.0048828125
2093 -0.0986328125
2094 -0.05078125
2095 0.0107421875
2096 -0.033203125
2097 -0.12890625
2098 -0.01171875
2099 0.0576171875
2100 0.0126953125
2101 -0.033203125
2102 0.0712890625
2103 0.130859375
2104 0.0712890625
2105 0.0048828125
2106 0.1044921875
2107 0.16015625
2108 0.0947265625
2109 0.03125
2110 0.1279296875
2111 0.1826171875
2112 0.111328125
2113 -0.01171875
2114 0.0859375
2115 0.138671875
2116 0.0732421875
2117 -0.0908203125
2118 -0.052734375
2119 0.0048828125
2120 -0.0400390625
2121 -0.1513671875
2122 -0.0673828125
2123 -0.0048828125
2124 -0.0458984375
2125 -0.2177734375
2126 -0.1416015625
2127 -0.06640625
2128 -0.0908203125
2129 -0.2099609375
2130 -0.0771484375
2131 -0.001953125
2132 -0.03125
2133 -0.1318359375
2134 -0.080078125
2135 -0.013671875
2136 -0.0478515625
2137 -0.162109375
2138 -0.037109375
2139 0.0322265625
2140 -0.0078125
2141 -0.08203125
2142 0.029296875
2143 0.08984375
2144 0.0390625
2145 -0.0537109375
2146 -0.013671875
2147 0.0439453125
2148 -0.00390625
2149 -0.0986328125
2150 -0.017578125
2151 0.037109375
2152 -0.009765625
2153 -0.1025390625
2154 0.0107421875
2155 0.0771484375
2156 0.0283203125
2157 -0.037109375
2158 0.068359375
2159 0.1298828125
2160 0.0693359375
2161 -0.001953125
2162 0.1005859375
2163 0.158203125
2164 0.0908203125
2165 0.025390625
2166 0.1240234375
2167 0.1806640625
2168 0.1064453125
2169 -0.0029296875
2170 0.09375
2171 0.1513671875
2172 0.08203125
2173 -0.0439453125
2174 0.05859375
2175 0.1162109375
2176 0.052734375
2177 -0.091796875
2178 -0.048828125
2179 0.01171875
2180 -0.0361328125
2181 -0.1630859375
2182 -0.03515625
2183 0.0341796875
2184 -0.0107421875
2185 -0.1015625
2186 0.0126953125
2187 0.0810546875
2188 0.0234375
2189 -0.09375
2190 -0.0556640625
2191 0.0107421875
2192 -0.037109375
2193 -0.1474609375
2194 -0.02734375
2195 0.0458984375
2196 -0.0029296875
2197 -0.10546875
2198 -0.0517578125
2199 0.01171875
2200 -0.0361328125
2201 -0.181640625
2202 -0.0517578125
2203 0.0244140625
2204 -0.01953125
2205 -0.1455078125
2206 -0.0947265625
2207 -0.0263671875
2208 -0.0625
2209 -0.173828125
2210 -0.08203125
2211 -0.013671875
2212 -0.0537109375
2213 -0.2236328125
2214 -0.1435546875
2215 -0.0625
2216 -0.0908203125
2217 -0.2119140625
2218 -0.0751953125
2219 0.005859375
2220 -0.0302734375
2221 -0.126953125
2222 -0.0751953125
2223 -0.0048828125
2224 -0.044921875
2225 -0.1982421875
2226 -0.0654296875
2227 0.013671875
2228 -0.021484375
2229 -0.1240234375
2230 -0.0009765625
2231 0.068359375
2232 0.0205078125
2233 -0.0791015625
2234 -0.0322265625
2235 0.0341796875
2236 -0.015625
2237 -0.109375
2238 -0.0234375
2239 0.0380859375
2240 -0.01171875
2241 -0.1064453125
2242 0.009765625
2243 0.0791015625
2244 0.0302734375
2245 -0.041015625
2246 0.0703125
2247 0.1298828125
2248 0.0712890625
2249 0.001953125
2250 0.10546875
2251 0.1630859375
2252 0.0966796875
2253 0.0302734375
2254 0.1298828125
2255 0.185546875
2256 0.11328125
2257 0.0048828125
2258 0.1025390625
2259 0.15625
2260 0.08984375
2261 -0.0302734375
2262 0.0693359375
2263 0.1259765625
2264 0.064453125
2265 -0.0732421875
2266 -0.03125
2267 0.029296875
2268 -0.021484375
2269 -0.1455078125
2270 -0.0234375
2271 0.04296875
2272 0.001953125
2273 -0.0751953125
2274 0.037109375
2275 0.09765625
2276 0.04296875
2277 -0.0849609375
2278 -0.046875
2279 0.015625
2280 -0.0283203125
2281 -0.140625
2282 -0.0205078125
2283 0.0478515625
2284 0.0048828125
2285 -0.099609375
2286 -0.0498046875
2287 0.009765625
2288 -0.033203125
2289 -0.12890625
2290 -0.0107421875
2291 0.056640625
2292 0.013671875
2293 -0.0341796875
2294 0.0712890625
2295 0.1328125
2296 0.0712890625
2297 0.00390625
2298 0.1044921875
2299 0.162109375
2300 0.0947265625
2301 0.03125
2302 0.126953125
2303 0.1826171875
2304 0.109375
2305 -0.0107421875
2306 0.083984375
2307 0.1376953125
2308 0.072265625
2309 -0.0908203125
2310 -0.0537109375
2311 0.005859375
2312 -0.0390625
2313 -0.15234375
2314 -0.06640625
2315 -0.0029296875
2316 -0.044921875
2317 -0.2177734375
2318 -0.1396484375
2319 -0.0654296875
2320 -0.08984375
2321 -0.2109375
2322 -0.078125
2323 -0.0009765625
2324 -0.033203125
2325 -0.1298828125
2326 -0.0810546875
2327 -0.009765625
2328 -0.05078125
2329 -0.1640625
2330 -0.0390625
2331 0.03515625
2332 -0.0078125
2333 -0.0830078125
2334 0.029296875
2335 0.0927734375
2336 0.0380859375
2337 -0.0556640625
2338 -0.013671875
2339 0.0458984375
2340 -0.0048828125
2341 -0.1005859375
2342 -0.0166015625
2343 0.0400390625
2344 -0.0087890625
2345 -0.1064453125
2346 0.0087890625
2347 0.076171875
2348 0.0263671875
2349 -0.037109375
2350 0.068359375
2351 0.12890625
2352 0.0693359375
2353 0.0
2354 0.099609375
2355 0.1572265625
2356 0.091796875
2357 0.025390625
2358 0.1220703125
2359 0.1767578125
2360 0.109375
2361 -0.0009765625
2362 0.0947265625
2363 0.1474609375
2364 0.08203125
2365 -0.0400390625
2366 0.0595703125
2367 0.115234375
2368 0.0546875
2369 -0.0830078125
2370 -0.0458984375
2371 0.0146484375
2372 -0.0322265625
2373 -0.1552734375
2374 -0.0341796875
2375 0.0341796875
2376 -0.0087890625
2377 -0.0859375
2378 0.0244140625
2379 0.087890625
2380 0.033203125
2381 -0.0849609375
2382 -0.046875
2383 0.013671875
2384 -0.0302734375
2385 -0.15234375
2386 -0.0322265625
2387 0.03515625
2388 -0.005859375
2389 -0.109375
2390 -0.0595703125
2391 0.0009765625
2392 -0.0419921875
2393 -0.1552734375
2394 -0.033203125
2395 0.037109375
2396 -0.0048828125
2397 -0.048828125
2398 0.0556640625
2399 0.1162109375
2400 0.0595703125
2401 0.001953125
2402 0.099609375
2403 0.1533203125
2404 0.08984375
2405 0.029296875
2406 0.1220703125
2407 0.1748046875
2408 0.10546875
2409 -0.015625
2410 0.078125
2411 0.1298828125
2412 0.0693359375
2413 -0.09375
2414 -0.0576171875
2415 -0.001953125
2416 -0.0419921875
2417 -0.1572265625
2418 -0.0751953125
2419 -0.0126953125
2420 -0.052734375
2421 -0.234375
2422 -0.1572265625
2423 -0.080078125
2424 -0.1025390625
2425 -0.2490234375
2426 -0.1123046875
2427 -0.0283203125
2428 -0.0537109375
2429 -0.1337890625
2430 -0.0126953125
2431 0.0537109375
2432 0.0107421875
2433 -0.1240234375
2434 -0.0810546875
2435 -0.0166015625
2436 -0.0498046875
2437 -0.1708984375
2438 -0.0869140625
2439 -0.0185546875
2440 -0.0537109375
2441 -0.16015625
2442 -0.0771484375
2443 -0.0078125
2444 -0.046875
2445 -0.1630859375
2446 -0.0419921875
2447 0.029296875
2448 -0.009765625
2449 -0.0966796875
2450 0.017578125
2451 0.0810546875
2452 0.033203125
2453 -0.0302734375
2454 0.0732421875
2455 0.1328125
2456 0.07421875
2457 -0.0224609375
2458 0.02734375
2459 0.0771484375
2460 0.017578125
2461 -0.1123046875
2462 0.0
2463 0.0654296875
2464 0.0166015625
2465 -0.119140625
2466 -0.0810546875
2467 -0.01171875
2468 -0.0498046875
2469 -0.1640625
2470 -0.080078125
2471 -0.0107421875
2472 -0.046875
2473 -0.1650390625
2474 -0.0771484375
2475 -0.0107421875
2476 -0.046875
2477 -0.19140625
2478 -0.060546875
2479 0.0146484375
2480 -0.017578125
2481 -0.07421875
2482 0.037109375
2483 0.1005859375
2484 0.0498046875
2485 -0.044921875
2486 0.0048828125
2487 0.05859375
2488 0.005859375
2489 -0.125
2490 -0.0087890625
2491 0.05859375
2492 0.0146484375
2493 -0.123046875
2494 -0.08203125
2495 -0.0126953125
2496 -0.0478515625
2497 -0.1630859375
2498 -0.076171875
2499 -0.005859375
2500 -0.04296875
2501 -0.158203125
2502 -0.0712890625
2503 -0.0048828125
2504 -0.041015625
2505 -0.1845703125
2506 -0.0546875
2507 0.0224609375
2508 -0.013671875
2509 -0.068359375
2510 0.04296875
2511 0.1083984375
2512 0.0546875
2513 -0.0390625
2514 0.01171875
2515 0.06640625
2516 0.0107421875
2517 -0.1181640625
2518 -0.001953125
2519 0.064453125
2520 0.01953125
2521 -0.1181640625
2522 -0.078125
2523 -0.009765625
2524 -0.0419921875
2525 -0.158203125
2526 -0.0732421875
2527 -0.005859375
2528 -0.037109375
2529 -0.15234375
2530 -0.0673828125
2531 0.0
2532 -0.0361328125
2533 -0.1787109375
2534 -0.052734375
2535 0.0263671875
2536 -0.0068359375
2537 -0.0634765625
2538 0.048828125
2539 0.1123046875
2540 0.0595703125
2541 -0.0341796875
2542 0.0166015625
2543 0.0693359375
2544 0.015625
2545 -0.1142578125
2546 0.0009765625
2547 0.0654296875
2548 0.0244140625
2549 -0.115234375
2550 -0.072265625
2551 -0.0068359375
2552 -0.0380859375
2553 -0.1513671875
2554 -0.06640625
2555 0.001953125
2556 -0.0341796875
2557 -0.1474609375
2558 -0.0625
2559 0.005859375
2560 -0.0322265625
2561 -0.1728515625
2562 -0.046875
2563 0.0302734375
2564 -0.0029296875
2565 -0.05859375
2566 0.0517578125
2567 0.115234375
2568 0.064453125
2569 -0.03125
2570 0.01953125
2571 0.0732421875
2572 0.0185546875
2573 -0.1123046875
2574 0.0048828125
2575 0.0732421875
2576 0.0283203125
2577 -0.1103515625
2578 -0.0703125
2579 0.001953125
2580 -0.0341796875
2581 -0.1494140625
2582 -0.0625
2583 0.0078125
2584 -0.0322265625
2585 -0.1474609375
2586 -0.05859375
2587 0.009765625
2588 -0.0283203125
2589 -0.1728515625
2590 -0.04296875
2591 0.0322265625
2592 0.0
2593 -0.0576171875
2594 0.0556640625
2595 0.1201171875
2596 0.068359375
2597 -0.02734375
2598 0.021484375
2599 0.0771484375
2600 0.021484375
2601 -0.1083984375
2602 0.0078125
2603 0.078125
2604 0.03125
2605 -0.10546875
2606 -0.0654296875
2607 0.001953125
2608 -0.033203125
2609 -0.1474609375
2610 -0.0595703125
2611 0.0087890625
2612 -0.0263671875
2613 -0.14453125
2614 -0.056640625
2615 0.009765625
2616 -0.025390625
2617 -0.169921875
2618 -0.041015625
2619 0.0341796875
2620 0.0
2621 -0.0556640625
2622 0.0556640625
2623 0.1201171875
2624 0.068359375
2625 -0.0244140625
2626 0.0234375
2627 0.0791015625
2628 0.025390625
2629 -0.10546875
2630 0.0107421875
2631 0.0751953125
2632 0.0341796875
2633 -0.1064453125
2634 -0.064453125
2635 0.0048828125
2636 -0.03125
2637 -0.146484375
2638 -0.05859375
2639 0.01171875
2640 -0.0263671875
2641 -0.140625
2642 -0.0556640625
2643 0.0126953125
2644 -0.0234375
2645 -0.1689453125
2646 -0.041015625
2647 0.03515625
2648 0.001953125
2649 -0.052734375
2650 0.0595703125
2651 0.123046875
2652 0.0712890625
2653 -0.021484375
2654 0.0263671875
2655 0.078125
2656 0.0283203125
2657 -0.103515625
2658 0.01171875
2659 0.0751953125
2660 0.0341796875
2661 -0.1025390625
2662 -0.0615234375
2663 0.0029296875
2664 -0.02734375
2665 -0.14453125
2666 -0.0576171875
2667 0.0107421875
2668 -0.0234375
2669 -0.1376953125
2670 -0.052734375
2671 0.013671875
2672 -0.0224609375
2673 -0.1640625
2674 -0.0361328125
2675 0.0380859375
2676 0.005859375
2677 -0.05078125
2678 0.0625
2679 0.1240234375
2680 0.072265625
2681 -0.0205078125
2682 0.029296875
2683 0.0830078125
2684 0.029296875
2685 -0.1015625
2686 0.0166015625
2687 0.0810546875
2688 0.0361328125
2689 -0.099609375
2690 -0.05859375
2691 0.009765625
2692 -0.025390625
2693 -0.1416015625
2694 -0.0546875
2695 0.015625
2696 -0.0224609375
2697 -0.1357421875
2698 -0.0517578125
2699 0.0166015625
2700 -0.0205078125
2701 -0.1640625
2702 -0.0361328125
2703 0.0380859375
2704 0.0078125
2705 -0.048828125
2706 0.064453125
2707 0.123046875
2708 0.0751953125
2709 -0.0185546875
2710 0.029296875
2711 0.080078125
2712 0.03125
2713 -0.099609375
2714 0.013671875
2715 0.0791015625
2716 0.037109375
2717 -0.0986328125
2718 -0.0595703125
2719 0.0068359375
2720 -0.0244140625
2721 -0.13671875
2722 -0.052734375
2723 0.009765625
2724 -0.01953125
2725 -0.1328125
2726 -0.048828125
2727 0.0126953125
2728 -0.017578125
2729 -0.16015625
2730 -0.0341796875
2731 0.0380859375
2732 0.0087890625
2733 -0.046875
2734 0.0634765625
2735 0.1259765625
2736 0.0751953125
2737 -0.017578125
2738 0.0302734375
2739 0.0849609375
2740 0.03125
2741 -0.099609375
2742 0.017578125
2743 0.0830078125
2744 0.0380859375
2745 -0.09765625
2746 -0.056640625
2747 0.0107421875
2748 -0.0244140625
2749 -0.1396484375
2750 -0.052734375
2751 0.017578125
2752 -0.01953125
2753 -0.134765625
2754 -0.0478515625
2755 0.0185546875
2756 -0.01953125
2757 -0.1650390625
2758 -0.0341796875
2759 0.041015625
2760 0.0087890625
2761 -0.0498046875
2762 0.064453125
2763 0.12890625
2764 0.0751953125
2765 -0.0185546875
2766 0.0302734375
2767 0.083984375
2768 0.03125
2769 -0.1025390625
2770 0.015625
2771 0.08203125
2772 0.0390625
2773 -0.099609375
2774 -0.056640625
2775 0.01171875
2776 -0.0244140625
2777 -0.140625
2778 -0.05078125
2779 0.0185546875
2780 -0.0205078125
2781 -0.1337890625
2782 -0.046875
2783 0.0205078125
2784 -0.0185546875
2785 -0.162109375
2786 -0.0322265625
2787 0.0439453125
2788 0.0068359375
2789 -0.0478515625
2790 0.06640625
2791 0.1298828125
2792 0.076171875
2793 -0.017578125
2794 0.033203125
2795 0.087890625
2796 0.03515625
2797 -0.0986328125
2798 0.0205078125
2799 0.083984375
2800 0.041015625
2801 -0.0966796875
2802 -0.0546875
2803 0.013671875
2804 -0.0224609375
2805 -0.138671875
2806 -0.0498046875
2807 0.01953125
2808 -0.0185546875
2809 -0.134765625
2810 -0.048828125
2811 0.021484375
2812 -0.017578125
2813 -0.1640625
2814 -0.0322265625
2815 0.041015625
2816 0.009765625
2817 -0.048828125
2818 0.0654296875
2819 0.1298828125
2820 0.0771484375
2821 -0.0166015625
2822 0.0341796875
2823 0.087890625
2824 0.0341796875
2825 -0.0986328125
2826 0.017578125
2827 0.0859375
2828 0.0400390625
2829 -0.09765625
2830 -0.0556640625
2831 0.0146484375
2832 -0.021484375
2833 -0.13671875
2834 -0.05078125
2835 0.0205078125
2836 -0.0185546875
2837 -0.134765625
2838 -0.0458984375
2839 0.0224609375
2840 -0.017578125
2841 -0.1611328125
2842 -0.03125
2843 0.044921875
2844 0.01171875
2845 -0.044921875
2846 0.068359375
2847 0.1318359375
2848 0.080078125
2849 -0.0166015625
2850 0.0341796875
2851 0.087890625
2852 0.0341796875
2853 -0.09765625
2854 0.0185546875
2855 0.083984375
2856 0.0419921875
2857 -0.095703125
2858 -0.056640625
2859 0.0087890625
2860 -0.0224609375
2861 -0.1357421875
2862 -0.0517578125
2863 0.0126953125
2864 -0.017578125
2865 -0.130859375
2866 -0.046875
2867 0.0166015625
2868 -0.013671875
2869 -0.158203125
2870 -0.03125
2871 0.041015625
2872 0.01171875
2873 -0.04296875
2874 0.0673828125
2875 0.1298828125
2876 0.080078125
2877 -0.015625
2878 0.0341796875
2879 0.087890625
2880 0.0361328125
2881 -0.095703125
2882 0.0185546875
2883 0.0830078125
2884 0.0419921875
2885 -0.095703125
2886 -0.0556640625
2887 0.009765625
2888 -0.0205078125
2889 -0.1337890625
2890 -0.048828125
2891 0.0166015625
2892 -0.015625
2893 -0.12890625
2894 -0.044921875
2895 0.01953125
2896 -0.0146484375
2897 -0.1533203125
2898 -0.0283203125
2899 0.0458984375
2900 0.013671875
2901 -0.0400390625
2902 0.0693359375
2903 0.1298828125
2904 0.0810546875
2905 -0.0126953125
2906 0.0341796875
2907 0.0859375
2908 0.0361328125
2909 -0.09375
2910 0.0224609375
2911 0.087890625
2912 0.044921875
2913 -0.0908203125
2914 -0.0498046875
2915 0.013671875
2916 -0.0185546875
2917 -0.1337890625
2918 -0.0478515625
2919 0.0185546875
2920 -0.015625
2921 -0.1298828125
2922 -0.0439453125
2923 0.0234375
2924 -0.0166015625
2925 -0.1552734375
2926 -0.02734375
2927 0.044921875
2928 0.0126953125
2929 -0.0439453125
2930 0.068359375
2931 0.1337890625
2932 0.08203125
2933 -0.013671875
2934 0.037109375
2935 0.087890625
2936 0.0361328125
2937 -0.09375
2938 0.021484375
2939 0.087890625
2940 0.0439453125
2941 -0.091796875
2942 -0.0537109375
2943 0.0146484375
2944 -0.0205078125
2945 -0.1328125
2946 -0.048828125
2947 0.0205078125
2948 -0.015625
2949 -0.130859375
2950 -0.0439453125
2951 0.0205078125
2952 -0.0126953125
2953 -0.15625
2954 -0.0283203125
2955 0.044921875
2956 0.0146484375
2957 -0.0419921875
2958 0.0693359375
2959 0.1328125
2960 0.0810546875
2961 -0.013671875
2962 0.0341796875
2963 0.08984375
2964 0.0361328125
2965 -0.09375
2966 0.021484375
2967 0.0859375
2968 0.0439453125
2969 -0.0927734375
2970 -0.052734375
2971 0.0146484375
2972 -0.01953125
2973 -0.1337890625
2974 -0.046875
2975 0.017578125
2976 -0.0146484375
2977 -0.1298828125
2978 -0.0439453125
2979 0.021484375
2980 -0.0146484375
2981 -0.1572265625
2982 -0.0283203125
2983 0.044921875
2984 0.013671875
2985 -0.0400390625
2986 0.0693359375
2987 0.1328125
2988 0.0810546875
2989 -0.01171875
2990 0.0361328125
2991 0.087890625
2992 0.0361328125
2993 -0.0927734375
2994 0.0205078125
2995 0.083984375
2996 0.0439453125
2997 -0.095703125
2998 -0.0546875
2999 0.009765625
3000 -0.0205078125
3001 -0.134765625
3002 -0.0498046875
3003 0.017578125
3004 -0.015625
3005 -0.130859375
3006 -0.0439453125
3007 0.021484375
3008 -0.0126953125
3009 -0.1552734375
3010 -0.0283203125
3011 0.046875
3012 0.0146484375
3013 -0.041015625
3014 0.0703125
3015 0.1328125
3016 0.0810546875
3017 -0.01171875
3018 0.037109375
3019 0.0888671875
3020 0.037109375
3021 -0.0927734375
3022 0.0224609375
3023 0.0869140625
3024 0.044921875
3025 -0.0927734375
3026 -0.0517578125
3027 0.0146484375
3028 -0.017578125
3029 -0.1337890625
3030 -0.0478515625
3031 0.01953125
3032 -0.0146484375
3033 -0.1279296875
3034 -0.0439453125
3035 0.021484375
3036 -0.013671875
3037 -0.1533203125
3038 -0.029296875
3039 0.0458984375
3040 0.013671875
3041 -0.0400390625
3042 0.0693359375
3043 0.1298828125
3044 0.08203125
3045 -0.0126953125
3046 0.037109375
3047 0.0869140625
3048 0.037109375
3049 -0.0947265625
3050 0.021484375
3051 0.083984375
3052 0.0439453125
3053 -0.09375
3054 -0.0556640625
3055 0.013671875
3056 -0.01953125
3057 -0.130859375
3058 -0.048828125
3059 0.01953125
3060 -0.0146484375
3061 -0.126953125
3062 -0.0458984375
3063 0.01953125
3064 -0.0126953125
3065 -0.15625
3066 -0.0283203125
3067 0.0439453125
3068 0.013671875
3069 -0.0419921875
3070 0.0693359375
3071 0.1337890625
3072 0.0830078125
3073 -0.0126953125
3074 0.037109375
3075 0.0888671875
3076 0.037109375
3077 -0.09375
3078 0.021484375
3079 0.0859375
3080 0.044921875
3081 -0.0927734375
3082 -0.0537109375
3083 0.0146484375
3084 -0.01953125
3085 -0.1318359375
3086 -0.048828125
3087 0.017578125
3088 -0.0146484375
3089 -0.1279296875
3090 -0.0439453125
3091 0.01953125
3092 -0.013671875
3093 -0.1552734375
3094 -0.029296875
3095 0.04296875
3096 0.0146484375
3097 -0.041015625
3098 0.0673828125
3099 0.1298828125
3100 0.080078125
3101 -0.01171875
3102 0.03515625
3103 0.0859375
3104 0.037109375
3105 -0.09375
3106 0.01953125
3107 0.0849609375
3108 0.04296875
3109 -0.091796875
3110 -0.052734375
3111 0.0126953125
3112 -0.017578125
3113 -0.1328125
3114 -0.046875
3115 0.0185546875
3116 -0.013671875
3117 -0.1259765625
3118 -0.0419921875
3119 0.01953125
3120 -0.01171875
3121 -0.15234375
3122 -0.0283203125
3123 0.044921875
3124 0.015625
3125 -0.0400390625
3126 0.0693359375
3127 0.1298828125
3128 0.08203125
3129 -0.009765625
3130 0.03515625
3131 0.087890625
3132 0.0390625
3133 -0.0908203125
3134 0.021484375
3135 0.0859375
3136 0.046875
3137 -0.08984375
3138 -0.0498046875
3139 0.0146484375
3140 -0.0146484375
3141 -0.1298828125
3142 -0.044921875
3143 0.01953125
3144 -0.0126953125
3145 -0.12890625
3146 -0.044921875
3147 0.0205078125
3148 -0.013671875
3149 -0.15625
3150 -0.0302734375
3151 0.044921875
3152 0.0126953125
3153 -0.0380859375
3154 0.0693359375
3155 0.130859375
3156 0.0810546875
3157 -0.0107421875
3158 0.037109375
3159 0.0869140625
3160 0.0380859375
3161 -0.0927734375
3162 0.0224609375
3163 0.0849609375
3164 0.046875
3165 -0.0908203125
3166 -0.05078125
3167 0.0146484375
3168 -0.0166015625
3169 -0.130859375
3170 -0.046875
3171 0.021484375
3172 -0.013671875
3173 -0.1259765625
3174 -0.04296875
3175 0.0224609375
3176 -0.01171875
3177 -0.154296875
3178 -0.029296875
3179 0.046875
3180 0.015625
3181 -0.0400390625
3182 0.0703125
3183 0.1328125
3184 0.0830078125
3185 -0.01171875
3186 0.0380859375
3187 0.0888671875
3188 0.037109375
3189 -0.0927734375
3190 0.0205078125
3191 0.0869140625
3192 0.044921875
3193 -0.0908203125
3194 -0.05078125
3195 0.0146484375
3196 -0.0185546875
3197 -0.1318359375
3198 -0.0478515625
3199 0.0205078125
3200 -0.013671875
3201 -0.12890625
3202 -0.0439453125
3203 0.0244140625
3204 -0.0126953125
3205 -0.1591796875
3206 -0.0283203125
3207 0.044921875
3208 0.0146484375
3209 -0.0419921875
3210 0.0703125
3211 0.134765625
3212 0.08203125
3213 -0.013671875
3214 0.0361328125
3215 0.0908203125
3216 0.0361328125
3217 -0.0947265625
3218 0.021484375
3219 0.087890625
3220 0.04296875
3221 -0.091796875
3222 -0.0537109375
3223 0.013671875
3224 -0.017578125
3225 -0.1328125
3226 -0.0478515625
3227 0.01953125
3228 -0.013671875
3229 -0.1279296875
3230 -0.04296875
3231 0.0224609375
3232 -0.0126953125
3233 -0.154296875
3234 -0.02734375
3235 0.0458984375
3236 0.013671875
3237 -0.041015625
3238 0.0693359375
3239 0.1328125
3240 0.0810546875
3241 -0.0107421875
3242 0.0380859375
3243 0.0888671875
3244 0.037109375
3245 -0.091796875
3246 0.0205078125
3247 0.0859375
3248 0.044921875
3249 -0.091796875
3250 -0.0517578125
3251 0.0146484375
3252 -0.017578125
3253 -0.1328125
3254 -0.046875
3255 0.01953125
3256 -0.0126953125
3257 -0.1298828125
3258 -0.0419921875
3259 0.0224609375
3260 -0.013671875
3261 -0.1572265625
3262 -0.0302734375
3263 0.0458984375
3264 0.0146484375
3265 -0.0419921875
3266 0.0693359375
3267 0.134765625
3268 0.08203125
3269 -0.01171875
3270 0.037109375
3271 0.0908203125
3272 0.037109375
3273 -0.0947265625
3274 0.0224609375
3275 0.087890625
3276 0.0439453125
3277 -0.09375
3278 -0.05078125
3279 0.0166015625
3280 -0.0185546875
3281 -0.1328125
3282 -0.0478515625
3283 0.0224609375
3284 -0.0146484375
3285 -0.1259765625
3286 -0.041015625
3287 0.025390625
3288 -0.0107421875
3289 -0.130859375
3290 -0.0078125
3291 0.0634765625
3292 0.0283203125
3293 -0.0830078125
3294 -0.037109375
3295 0.0263671875
3296 -0.0068359375
3297 -0.166015625
3298 -0.08984375
3299 -0.015625
3300 -0.0390625
3301 -0.134765625
3302 -0.0458984375
3303 0.0224609375
3304 -0.0107421875
3305 -0.177734375
3306 -0.1123046875
3307 -0.029296875
3308 -0.0498046875
3309 -0.2041015625
3310 -0.1259765625
3311 -0.0380859375
3312 -0.05859375
3313 -0.1611328125
3314 -0.0654296875
3315 0.0087890625
3316 -0.0224609375
3317 -0.1162109375
3318 -0.029296875
3319 0.037109375
3320 0.0
3321 -0.107421875
3322 0.015625
3323 0.0830078125
3324 0.044921875
3325 -0.076171875
3326 -0.0322265625
3327 0.0322265625
3328 -0.0009765625
3329 -0.115234375
3330 -0.03125
3331 0.0361328125
3332 0.001953125
3333 -0.1162109375
3334 -0.0302734375
3335 0.03515625
3336 -0.0009765625
3337 -0.103515625
3338 -0.0224609375
3339 0.0419921875
3340 0.0068359375
3341 -0.0947265625
3342 -0.017578125
3343 0.048828125
3344 0.01171875
3345 -0.11328125
3346 -0.02734375
3347 0.0341796875
3348 0.0009765625
3349 -0.185546875
3350 -0.1103515625
3351 -0.0302734375
3352 -0.048828125
3353 -0.205078125
3354 -0.12890625
3355 -0.0556640625
3356 -0.048828125
3357 -0.1376953125
3358 -0.068359375
3359 -0.01171875
3360 -0.0146484375
3361 -0.142578125
3362 -0.0703125
3363 -0.0166015625
3364 -0.015625
3365 -0.1552734375
3366 -0.0419921875
3367 0.0185546875
3368 0.0205078125
3369 -0.046875
3370 0.0458984375
3371 0.095703125
3372 0.080078125
3373 0.0322265625
3374 0.115234375
3375 0.154296875
3376 0.1240234375
3377 0.0478515625
3378 0.0634765625
3379 0.1015625
3380 0.072265625
3381 -0.021484375
3382 0.02734375
3383 0.0673828125
3384 0.0458984375
3385 -0.0576171875
3386 0.005859375
3387 0.0458984375
3388 0.025390625
3389 -0.078125
3390 -0.013671875
3391 0.029296875
3392 0.0126953125
3393 -0.099609375
3394 0.0029296875
3395 0.0556640625
3396 0.0458984375
3397 -0.103515625
3398 -0.07421875
3399 -0.0146484375
3400 -0.0205078125
3401 -0.1962890625
3402 -0.13671875
3403 -0.0634765625
3404 -0.0556640625
3405 -0.1552734375
3406 -0.078125
3407 -0.0166015625
3408 -0.021484375
3409 -0.1630859375
3410 -0.0849609375
3411 -0.0263671875
3412 -0.0244140625
3413 -0.15625
3414 -0.0380859375
3415 0.0244140625
3416 0.021484375
3417 -0.0615234375
3418 0.0380859375
3419 0.08984375
3420 0.0732421875
3421 -0.0068359375
3422 0.080078125
3423 0.1240234375
3424 0.1005859375
3425 0.0205078125
3426 0.1005859375
3427 0.1435546875
3428 0.1123046875
3429 0.0244140625
3430 0.103515625
3431 0.142578125
3432 0.1142578125
3433 0.0146484375
3434 0.0947265625
3435 0.1337890625
3436 0.107421875
3437 0.0009765625
3438 0.083984375
3439 0.123046875
3440 0.0966796875
3441 0.0380859375
3442 0.1162109375
3443 0.154296875
3444 0.1201171875
3445 0.017578125
3446 0.0341796875
3447 0.068359375
3448 0.0419921875
3449 -0.064453125
3450 -0.009765625
3451 0.0341796875
3452 0.0166015625
3453 -0.125
3454 -0.05859375
3455 -0.0087890625
3456 -0.015625
3457 -0.146484375
3458 -0.0361328125
3459 0.0234375
3460 0.0166015625
3461 -0.0654296875
3462 0.0302734375
3463 0.08203125
3464 0.0615234375
3465 -0.0263671875
3466 0.060546875
3467 0.10546875
3468 0.0810546875
3469 -0.0205078125
3470 0.0625
3471 0.107421875
3472 0.08203125
3473 -0.0283203125
3474 0.0576171875
3475 0.1015625
3476 0.076171875
3477 0.013671875
3478 0.0947265625
3479 0.1328125
3480 0.1005859375
3481 -0.0224609375
3482 -0.001953125
3483 0.037109375
3484 0.017578125
3485 -0.1416015625
3486 -0.0341796875
3487 0.021484375
3488 0.0146484375
3489 -0.0966796875
3490 -0.072265625
3491 -0.0185546875
3492 -0.025390625
3493 -0.1201171875
3494 -0.0166015625
3495 0.0390625
3496 0.029296875
3497 -0.0615234375
3498 -0.05859375
3499 -0.001953125
3500 -0.0126953125
3501 -0.099609375
3502 0.001953125
3503 0.0537109375
3504 0.0400390625
3505 -0.048828125
3506 -0.0224609375
3507 0.021484375
3508 0.0068359375
3509 -0.087890625
3510 -0.0263671875
3511 0.0185546875
3512 0.0048828125
3513 -0.1357421875
3514 -0.0693359375
3515 -0.015625
3516 -0.0234375
3517 -0.15234375
3518 -0.0830078125
3519 -0.025390625
3520 -0.0302734375
3521 -0.1806640625
3522 -0.06640625
3523 -0.001953125
3524 -0.0009765625
3525 -0.0869140625
3526 0.0107421875
3527 0.0634765625
3528 0.05078125
3529 -0.041015625
3530 0.0478515625
3531 0.0947265625
3532 0.07421875
3533 -0.0126953125
3534 0.0712890625
3535 0.1123046875
3536 0.087890625
3537 0.0078125
3538 0.0849609375
3539 0.1259765625
3540 0.0986328125
3541 0.009765625
3542 0.0859375
3543 0.126953125
3544 0.0966796875
3545 -0.0009765625
3546 0.078125
3547 0.1162109375
3548 0.0908203125
3549 -0.021484375
3550 0.0615234375
3551 0.1005859375
3552 0.0771484375
3553 0.0029296875
3554 0.083984375
3555 0.119140625
3556 0.091796875
3557 -0.0341796875
3558 -0.021484375
3559 0.0224609375
3560 0.0048828125
3561 -0.08984375
3562 0.00390625
3563 0.052734375
3564 0.0380859375
3565 -0.009765625
3566 0.072265625
3567 0.1123046875
3568 0.0859375
3569 0.0390625
3570 0.11328125
3571 0.1474609375
3572 0.1142578125
3573 0.0556640625
3574 0.1279296875
3575 0.1611328125
3576 0.1240234375
3577 0.021484375
3578 0.0380859375
3579 0.0693359375
3580 0.0390625
3581 -0.0791015625
3582 -0.02734375
3583 0.013671875
3584 -0.00390625
3585 -0.1220703125
3586 -0.060546875
3587 -0.0126953125
3588 -0.0244140625
3589 -0.1357421875
3590 -0.0751953125
3591 -0.0224609375
3592 -0.03125
3593 -0.14453125
3594 -0.0771484375
3595 -0.0244140625
3596 -0.033203125
3597 -0.14453125
3598 -0.080078125
3599 -0.0283203125
3600 -0.0341796875
3601 -0.171875
3602 -0.099609375
3603 -0.04296875
3604 -0.046875
3605 -0.1484375
3606 -0.0419921875
3607 0.0166015625
3608 0.0087890625
3609 -0.1171875
3610 -0.091796875
3611 -0.0322265625
3612 -0.03515625
3613 -0.1318359375
3614 -0.0693359375
3615 -0.015625
3616 -0.0224609375
3617 -0.1259765625
3618 -0.0546875
3619 -0.0107421875
3620 -0.0185546875
3621 -0.130859375
3622 -0.0615234375
3623 -0.013671875
3624 -0.0185546875
3625 -0.173828125
3626 -0.0615234375
3627 -0.0009765625
3628 -0.001953125
3629 -0.0693359375
3630 0.0263671875
3631 0.076171875
3632 0.0576171875
3633 -0.0693359375
3634 0.021484375
3635 0.0693359375
3636 0.0517578125
3637 -0.08984375
3638 -0.0703125
3639 -0.0185546875
3640 -0.0224609375
3641 -0.1865234375
3642 -0.111328125
3643 -0.0498046875
3644 -0.0439453125
3645 -0.1494140625
3646 -0.0732421875
3647 -0.0234375
3648 -0.0244140625
3649 -0.109375
3650 -0.0078125
3651 0.044921875
3652 0.037109375
3653 -0.052734375
3654 -0.0537109375
3655 0.001953125
3656 -0.005859375
3657 -0.1123046875
3658 -0.0126953125
3659 0.0419921875
3660 0.033203125
3661 -0.0556640625
3662 0.0341796875
3663 0.0830078125
3664 0.06640625
3665 -0.0302734375
3666 -0.009765625
3667 0.03125
3668 0.017578125
3669 -0.1005859375
3670 0.0
3671 0.046875
3672 0.0390625
3673 -0.0986328125
3674 -0.07421875
3675 -0.0205078125
3676 -0.0234375
3677 -0.2041015625
3678 -0.1279296875
3679 -0.060546875
3680 -0.0517578125
3681 -0.158203125
3682 -0.0849609375
3683 -0.029296875
3684 -0.029296875
3685 -0.1572265625
3686 -0.0810546875
3687 -0.0283203125
3688 -0.025390625
3689 -0.1826171875
3690 -0.0634765625
3691 -0.001953125
3692 0.0029296875
3693 -0.0498046875
3694 0.044921875
3695 0.087890625
3696 0.07421875
3697 -0.0009765625
3698 0.080078125
3699 0.1240234375
3700 0.1005859375
3701 0.0068359375
3702 0.0859375
3703 0.125
3704 0.1025390625
3705 0.0439453125
3706 0.1171875
3707 0.15234375
3708 0.12109375
3709 0.03125
3710 0.0458984375
3711 0.080078125
3712 0.0537109375
3713 -0.0439453125
3714 0.0107421875
3715 0.0498046875
3716 0.03125
3717 -0.0751953125
3718 -0.0185546875
3719 0.0224609375
3720 0.0087890625
3721 -0.158203125
3722 -0.05078125
3723 0.005859375
3724 0.005859375
3725 -0.134765625
3726 -0.1064453125
3727 -0.044921875
3728 -0.0419921875
3729 -0.212890625
3730 -0.0888671875
3731 -0.01953125
3732 -0.0107421875
3733 -0.0634765625
3734 0.0322265625
3735 0.0791015625
3736 0.0634765625
3737 -0.0078125
3738 0.0771484375
3739 0.1181640625
3740 0.0927734375
3741 0.0068359375
3742 0.0859375
3743 0.126953125
3744 0.0986328125
3745 0.0517578125
3746 0.1259765625
3747 0.1630859375
3748 0.126953125
3749 0.0205078125
3750 0.0341796875
3751 0.0703125
3752 0.044921875
3753 -0.1337890625
3754 -0.08203125
3755 -0.02734375
3756 -0.0302734375
3757 -0.1318359375
3758 -0.06640625
3759 -0.0146484375
3760 -0.0185546875
3761 -0.1591796875
3762 -0.0849609375
3763 -0.0302734375
3764 -0.03515625
3765 -0.1669921875
3766 -0.0546875
3767 0.0068359375
3768 0.0068359375
3769 -0.0830078125
3770 0.01171875
3771 0.0654296875
3772 0.0498046875
3773 -0.0419921875
3774 0.0458984375
3775 0.0947265625
3776 0.072265625
3777 -0.017578125
3778 0.0654296875
3779 0.109375
3780 0.083984375
3781 -0.0087890625
3782 0.0751953125
3783 0.1162109375
3784 0.0888671875
3785 -0.0107421875
3786 0.068359375
3787 0.1103515625
3788 0.0830078125
3789 -0.0322265625
3790 0.05078125
3791 0.09375
3792 0.0703125
3793 -0.0166015625
3794 0.0654296875
3795 0.109375
3796 0.08203125
3797 0.0302734375
3798 0.107421875
3799 0.1455078125
3800 0.111328125
3801 0.0595703125
3802 0.1328125
3803 0.16796875
3804 0.126953125
3805 0.0419921875
3806 0.0625
3807 0.0927734375
3808 0.0576171875
3809 -0.0693359375
3810 -0.021484375
3811 0.021484375
3812 0.0
3813 -0.14453125
3814 -0.0810546875
3815 -0.0263671875
3816 -0.0361328125
3817 -0.14453125
3818 -0.0361328125
3819 0.0205078125
3820 0.0078125
3821 -0.03125
3822 0.0576171875
3823 0.1025390625
3824 0.076171875
3825 0.041015625
3826 0.1201171875
3827 0.158203125
3828 0.12109375
3829 0.0751953125
3830 0.1474609375
3831 0.18359375
3832 0.1396484375
3833 0.078125
3834 0.1474609375
3835 0.1806640625
3836 0.1357421875
3837 0.0830078125
3838 0.15234375
3839 0.1845703125
3840 0.1376953125
3841 0.05859375
3842 0.0791015625
3843 0.10546875
3844 0.0654296875
3845 -0.0302734375
3846 0.0517578125
3847 0.08984375
3848 0.0595703125
3849 -0.0361328125
3850 -0.015625
3851 0.0244140625
3852 -0.0009765625
3853 -0.10546875
3854 -0.046875
3855 -0.001953125
3856 -0.0205078125
3857 -0.1181640625
3858 -0.0576171875
3859 -0.009765625
3860 -0.029296875
3861 -0.134765625
3862 -0.0703125
3863 -0.0234375
3864 -0.0380859375
3865 -0.1376953125
3866 -0.0693359375
3867 -0.021484375
3868 -0.037109375
3869 -0.1796875
3870 -0.1064453125
3871 -0.052734375
3872 -0.0595703125
3873 -0.201171875
3874 -0.1220703125
3875 -0.06640625
3876 -0.0654296875
3877 -0.189453125
3878 -0.0771484375
3879 -0.013671875
3880 -0.017578125
3881 -0.0810546875
3882 0.0126953125
3883 0.0634765625
3884 0.04296875
3885 -0.02734375
3886 0.0537109375
3887 0.0986328125
3888 0.0693359375
3889 0.001953125
3890 0.0791015625
3891 0.119140625
3892 0.0869140625
3893 0.0068359375
3894 0.083984375
3895 0.12109375
3896 0.0888671875
3897 0.029296875
3898 0.1064453125
3899 0.1435546875
3900 0.1025390625
3901 0.0244140625
3902 0.04296875
3903 0.076171875
3904 0.0419921875
3905 -0.0576171875
3906 -0.0029296875
3907 0.0361328125
3908 0.0068359375
3909 -0.09375
3910 -0.0341796875
3911 0.0078125
3912 -0.015625
3913 -0.1005859375
3914 -0.00390625
3915 0.0439453125
3916 0.0263671875
3917 -0.0166015625
3918 0.0693359375
3919 0.1103515625
3920 0.078125
3921 -0.0205078125
3922 -0.0009765625
3923 0.0341796875
3924 0.0068359375
3925 -0.150390625
3926 -0.0478515625
3927 0.00390625
3928 -0.0048828125
3929 -0.1357421875
3930 -0.111328125
3931 -0.0517578125
3932 -0.0576171875
3933 -0.1611328125
3934 -0.0537109375
3935 0.0048828125
3936 -0.00390625
3937 -0.076171875
3938 0.0166015625
3939 0.0625
3940 0.0419921875
3941 -0.052734375
3942 -0.029296875
3943 0.01171875
3944 -0.005859375
3945 -0.1474609375
3946 -0.080078125
3947 -0.033203125
3948 -0.04296875
3949 -0.1953125
3950 -0.125
3951 -0.0625
3952 -0.064453125
3953 -0.197265625
3954 -0.1201171875
3955 -0.060546875
3956 -0.0615234375
3957 -0.158203125
3958 -0.0830078125
3959 -0.0302734375
3960 -0.037109375
3961 -0.1591796875
3962 -0.05078125
3963 0.00390625
3964 -0.0009765625
3965 -0.1669921875
3966 -0.13671875
3967 -0.072265625
3968 -0.0673828125
3969 -0.18359375
3970 -0.1103515625
3971 -0.048828125
3972 -0.048828125
3973 -0.12890625
3974 -0.05859375
3975 -0.0068359375
3976 -0.0166015625
3977 -0.140625
3978 -0.0712890625
3979 -0.0205078125
3980 -0.0283203125
3981 -0.173828125
3982 -0.064453125
3983 -0.0009765625
3984 -0.0009765625
3985 -0.041015625
3986 0.048828125
3987 0.09765625
3988 0.0751953125
3989 0.01953125
3990 0.1015625
3991 0.1396484375
3992 0.107421875
3993 0.0029296875
3994 0.01953125
3995 0.0546875
3996 0.029296875
3997 -0.091796875
3998 -0.0322265625
3999 -0.015625
4000 0.02734375
4001 -0.0302734375
4002 0.00390625
4003 0.013671875
4004 0.052734375
4005 0.0244140625
4006 0.0517578125
4007 0.052734375
4008 0.0849609375
4009 0.01171875
4010 -0.0283203125
4011 -0.0283203125
4012 0.0126953125
4013 -0.0546875
4014 -0.05078125
4015 -0.0458984375
4016 -0.001953125
4017 -0.103515625
4018 -0.0888671875
4019 -0.0771484375
4020 -0.02734375
4021 -0.1142578125
4022 -0.0595703125
4023 -0.0400390625
4024 0.009765625
4025 -0.0380859375
4026 -0.001953125
4027 0.009765625
4028 0.0498046875
4029 -0.001953125
4030 0.0302734375
4031 0.03515625
4032 0.0703125
4033 0.0244140625
4034 0.0498046875
4035 0.0517578125
4036 0.083984375
4037 0.0341796875
4038 0.0556640625
4039 0.056640625
4040 0.087890625
4041 0.0283203125
4042 0.05078125
4043 0.0517578125
4044 0.08203125
4045 0.0078125
4046 0.0322265625
4047 0.0341796875
4048 0.068359375
4049 0.01953125
4050 0.0419921875
4051 0.0439453125
4052 0.078125
4053 0.0673828125
4054 0.0869140625
4055 0.080078125
4056 0.1083984375
4057 0.0986328125
4058 0.111328125
4059 0.103515625
4060 0.1240234375
4061 0.080078125
4062 0.041015625
4063 0.029296875
4064 0.052734375
4065 -0.0322265625
4066 -0.0419921875
4067 -0.0400390625
4068 -0.001953125
4069 -0.107421875
4070 -0.099609375
4071 -0.0859375
4072 -0.037109375
4073 -0.103515625
4074 -0.0546875
4075 -0.041015625
4076 0.0087890625
4077 0.0107421875
4078 0.0380859375
4079 0.0419921875
4080 0.0751953125
4081 0.0859375
4082 0.1005859375
4083 0.0966796875
4084 0.1201171875
4085 0.1201171875
4086 0.1279296875
4087 0.1181640625
4088 0.138671875
4089 0.123046875
4090 0.12890625
4091 0.1162109375
4092 0.1337890625
4093 0.126953125
4094 0.1318359375
4095 0.119140625
4096 0.13671875
4097 0.0986328125
4098 0.0595703125
4099 0.0439453125
4100 0.0625
4101 0.01171875
4102 0.033203125
4103 0.03125
4104 0.060546875
4105 0.0029296875
4106 -0.033203125
4107 -0.037109375
4108 -0.001953125
4109 -0.068359375
4110 -0.068359375
4111 -0.0634765625
4112 -0.0224609375
4113 -0.0791015625
4114 -0.0751953125
4115 -0.0693359375
4116 -0.02734375
4117 -0.0966796875
4118 -0.091796875
4119 -0.08203125
4120 -0.0361328125
4121 -0.125
4122 -0.1103515625
4123 -0.0966796875
4124 -0.048828125
4125 -0.1083984375
4126 -0.0986328125
4127 -0.087890625
4128 -0.0390625
4129 -0.087890625
4130 -0.076171875
4131 -0.068359375
4132 -0.0263671875
4133 -0.091796875
4134 -0.0810546875
4135 -0.0693359375
4136 -0.0263671875
4137 -0.1396484375
4138 -0.1474609375
4139 -0.123046875
4140 -0.0654296875
4141 -0.1259765625
4142 -0.1083984375
4143 -0.09375
4144 -0.041015625
4145 -0.109375
4146 -0.0927734375
4147 -0.08203125
4148 -0.0322265625
4149 -0.0810546875
4150 -0.03515625
4151 -0.021484375
4152 0.0224609375
4153 -0.0283203125
4154 -0.083984375
4155 -0.06640625
4156 -0.01953125
4157 -0.0966796875
4158 -0.0478515625
4159 -0.03125
4160 0.0166015625
4161 -0.0400390625
4162 -0.005859375
4163 0.0068359375
4164 0.046875
4165 -0.0126953125
4166 -0.0458984375
4167 -0.04296875
4168 0.0
4169 -0.0810546875
4170 -0.033203125
4171 -0.0224609375
4172 0.0224609375
4173 -0.08203125
4174 -0.1064453125
4175 -0.0927734375
4176 -0.0400390625
4177 -0.171875
4178 -0.1435546875
4179 -0.115234375
4180 -0.0576171875
4181 -0.1328125
4182 -0.109375
4183 -0.091796875
4184 -0.0390625
4185 -0.111328125
4186 -0.0927734375
4187 -0.078125
4188 -0.02734375
4189 -0.1337890625
4190 -0.115234375
4191 -0.0947265625
4192 -0.037109375
4193 -0.10546875
4194 -0.0888671875
4195 -0.072265625
4196 -0.021484375
4197 -0.099609375
4198 -0.087890625
4199 -0.072265625
4200 -0.021484375
4201 -0.130859375
4202 -0.1123046875
4203 -0.0888671875
4204 -0.03125
4205 -0.1015625
4206 -0.0478515625
4207 -0.029296875
4208 0.0234375
4209 0.0283203125
4210 0.05859375
4211 0.0634765625
4212 0.09765625
4213 0.109375
4214 0.1240234375
4215 0.1220703125
4216 0.14453125
4217 0.1455078125
4218 0.1533203125
4219 0.146484375
4220 0.1640625
4221 0.1484375
4222 0.1552734375
4223 0.142578125
4224 0.16015625
4225 0.154296875
4226 0.158203125
4227 0.1484375
4228 0.162109375
4229 0.1259765625
4230 0.0830078125
4231 0.0703125
4232 0.0869140625
4233 0.037109375
4234 0.05859375
4235 0.0546875
4236 0.0849609375
4237 0.029296875
4238 -0.0087890625
4239 -0.0126953125
4240 0.021484375
4241 -0.0439453125
4242 -0.04296875
4243 -0.0390625
4244 0.0009765625
4245 -0.0576171875
4246 -0.0537109375
4247 -0.0458984375
4248 -0.005859375
4249 -0.078125
4250 -0.0712890625
4251 -0.060546875
4252 -0.017578125
4253 -0.1044921875
4254 -0.091796875
4255 -0.078125
4256 -0.029296875
4257 -0.0888671875
4258 -0.0791015625
4259 -0.0673828125
4260 -0.01953125
4261 -0.0673828125
4262 -0.0576171875
4263 -0.0498046875
4264 -0.0068359375
4265 -0.0712890625
4266 -0.0595703125
4267 -0.052734375
4268 -0.0087890625
4269 -0.1220703125
4270 -0.1279296875
4271 -0.1044921875
4272 -0.046875
4273 -0.10546875
4274 -0.091796875
4275 -0.0732421875
4276 -0.0234375
4277 -0.0908203125
4278 -0.076171875
4279 -0.0654296875
4280 -0.017578125
4281 -0.0634765625
4282 -0.01953125
4283 -0.005859375
4284 0.0390625
4285 -0.0126953125
4286 -0.0673828125
4287 -0.052734375
4288 -0.00390625
4289 -0.0712890625
4290 -0.0263671875
4291 -0.01171875
4292 0.0341796875
4293 -0.0107421875
4294 0.0205078125
4295 0.03125
4296 0.068359375
4297 0.01171875
4298 -0.025390625
4299 -0.021484375
4300 0.017578125
4301 -0.0625
4302 -0.017578125
4303 -0.0078125
4304 0.0380859375
4305 -0.056640625
4306 -0.083984375
4307 -0.0712890625
4308 -0.021484375
4309 -0.1533203125
4310 -0.125
4311 -0.1005859375
4312 -0.0419921875
4313 -0.119140625
4314 -0.0947265625
4315 -0.0771484375
4316 -0.02734375
4317 -0.0986328125
4318 -0.08203125
4319 -0.06640625
4320 -0.015625
4321 -0.123046875
4322 -0.1044921875
4323 -0.0830078125
4324 -0.02734375
4325 -0.095703125
4326 -0.0791015625
4327 -0.064453125
4328 -0.0126953125
4329 -0.091796875
4330 -0.080078125
4331 -0.0654296875
4332 -0.01171875
4333 -0.1240234375
4334 -0.103515625
4335 -0.0830078125
4336 -0.0244140625
4337 -0.0927734375
4338 -0.0390625
4339 -0.021484375
4340 0.03125
4341 0.037109375
4342 0.06640625
4343 0.072265625
4344 0.103515625
4345 0.1162109375
4346 0.1318359375
4347 0.12890625
4348 0.15234375
4349 0.15234375
4350 0.1611328125
4351 0.154296875
4352 0.1708984375
4353 0.15625
4354 0.1630859375
4355 0.1513671875
4356 0.16796875
4357 0.1611328125
4358 0.166015625
4359 0.1552734375
4360 0.1708984375
4361 0.1318359375
4362 0.08984375
4363 0.078125
4364 0.09375
4365 0.044921875
4366 0.0654296875
4367 0.0634765625
4368 0.091796875
4369 0.037109375
4370 -0.001953125
4371 -0.00390625
4372 0.02734375
4373 -0.0390625
4374 -0.037109375
4375 -0.033203125
4376 0.0068359375
4377 -0.052734375
4378 -0.0458984375
4379 -0.0400390625
4380 0.0009765625
4381 -0.0712890625
4382 -0.0634765625
4383 -0.0546875
4384 -0.0107421875
4385 -0.09765625
4386 -0.0859375
4387 -0.0703125
4388 -0.0244140625
4389 -0.08203125
4390 -0.0732421875
4391 -0.0615234375
4392 -0.015625
4393 -0.0625
4394 -0.052734375
4395 -0.0458984375
4396 -0.0029296875
4397 -0.068359375
4398 -0.056640625
4399 -0.0478515625
4400 -0.00390625
4401 -0.115234375
4402 -0.12109375
4403 -0.099609375
4404 -0.0400390625
4405 -0.1005859375
4406 -0.087890625
4407 -0.0693359375
4408 -0.0205078125
4409 -0.0859375
4410 -0.0703125
4411 -0.05859375
4412 -0.0126953125
4413 -0.0576171875
4414 -0.0146484375
4415 0.0009765625
4416 0.04296875
4417 -0.0068359375
4418 -0.0615234375
4419 -0.0458984375
4420 0.0009765625
4421 -0.0673828125
4422 -0.0205078125
4423 -0.0068359375
4424 0.0400390625
4425 -0.009765625
4426 0.02734375
4427 0.0341796875
4428 0.072265625
4429 0.0146484375
4430 -0.0234375
4431 -0.0185546875
4432 0.021484375
4433 -0.0576171875
4434 -0.0146484375
4435 -0.0029296875
4436 0.0419921875
4437 -0.0517578125
4438 -0.0810546875
4439 -0.0673828125
4440 -0.017578125
4441 -0.15234375
4442 -0.1220703125
4443 -0.099609375
4444 -0.0419921875
4445 -0.1162109375
4446 -0.0927734375
4447 -0.0771484375
4448 -0.0244140625
4449 -0.0966796875
4450 -0.0791015625
4451 -0.0625
4452 -0.0126953125
4453 -0.1201171875
4454 -0.1005859375
4455 -0.080078125
4456 -0.0244140625
4457 -0.0908203125
4458 -0.076171875
4459 -0.05859375
4460 -0.0087890625
4461 -0.087890625
4462 -0.0771484375
4463 -0.060546875
4464 -0.0078125
4465 -0.1201171875
4466 -0.0986328125
4467 -0.0771484375
4468 -0.0185546875
4469 -0.0908203125
4470 -0.03515625
4471 -0.0166015625
4472 0.0361328125
4473 0.0390625
4474 0.0712890625
4475 0.076171875
4476 0.1083984375
4477 0.1201171875
4478 0.13671875
4479 0.1328125
4480 0.1552734375
4481 0.1552734375
4482 0.166015625
4483 0.1572265625
4484 0.1728515625
4485 0.1591796875
4486 0.166015625
4487 0.154296875
4488 0.1708984375
4489 0.1630859375
4490 0.1689453125
4491 0.1572265625
4492 0.173828125
4493 0.134765625
4494 0.095703125
4495 0.0791015625
4496 0.09765625
4497 0.0478515625
4498 0.0673828125
4499 0.0654296875
4500 0.0947265625
4501 0.041015625
4502 0.0
4503 -0.001953125
4504 0.0302734375
4505 -0.033203125
4506 -0.0341796875
4507 -0.029296875
4508 0.009765625
4509 -0.0478515625
4510 -0.0439453125
4511 -0.0380859375
4512 0.0029296875
4513 -0.0673828125
4514 -0.0595703125
4515 -0.05078125
4516 -0.0068359375
4517 -0.0966796875
4518 -0.0810546875
4519 -0.068359375
4520 -0.0205078125
4521 -0.0791015625
4522 -0.0712890625
4523 -0.0595703125
4524 -0.0126953125
4525 -0.060546875
4526 -0.048828125
4527 -0.0400390625
4528 0.0
4529 -0.0634765625
4530 -0.052734375
4531 -0.0439453125
4532 0.0
4533 -0.1162109375
4534 -0.1201171875
4535 -0.0966796875
4536 -0.0380859375
4537 -0.0986328125
4538 -0.0849609375
4539 -0.0673828125
4540 -0.0166015625
4541 -0.083984375
4542 -0.068359375
4543 -0.0595703125
4544 -0.0107421875
4545 -0.0556640625
4546 -0.0126953125
4547 0.0029296875
4548 0.0458984375
4549 -0.00390625
4550 -0.0595703125
4551 -0.0439453125
4552 0.00390625
4553 -0.0634765625
4554 -0.0185546875
4555 -0.00390625
4556 0.0419921875
4557 -0.0068359375
4558 0.0283203125
4559 0.037109375
4560 0.07421875
4561 0.017578125
4562 -0.0185546875
4563 -0.015625
4564 0.0244140625
4565 -0.056640625
4566 -0.0107421875
4567 -0.0009765625
4568 0.04296875
4569 -0.052734375
4570 -0.0810546875
4571 -0.06640625
4572 -0.0166015625
4573 -0.1494140625
4574 -0.1201171875
4575 -0.09765625
4576 -0.0390625
4577 -0.11328125
4578 -0.08984375
4579 -0.07421875
4580 -0.0205078125
4581 -0.0947265625
4582 -0.076171875
4583 -0.0615234375
4584 -0.0087890625
4585 -0.115234375
4586 -0.095703125
4587 -0.078125
4588 -0.021484375
4589 -0.08984375
4590 -0.0732421875
4591 -0.05859375
4592 -0.0078125
4593 -0.0849609375
4594 -0.0732421875
4595 -0.0576171875
4596 -0.005859375
4597 -0.12109375
4598 -0.1015625
4599 -0.0771484375
4600 -0.01953125
4601 -0.0888671875
4602 -0.0341796875
4603 -0.0166015625
4604 0.037109375
4605 0.041015625
4606 0.072265625
4607 0.076171875
4608 0.111328125
4609 0.1220703125
4610 0.1376953125
4611 0.134765625
4612 0.1591796875
4613 0.1591796875
4614 0.166015625
4615 0.1591796875
4616 0.17578125
4617 0.162109375
4618 0.1669921875
4619 0.15625
4620 0.1728515625
4621 0.1669921875
4622 0.1708984375
4623 0.1591796875
4624 0.17578125
4625 0.1357421875
4626 0.095703125
4627 0.0810546875
4628 0.1005859375
4629 0.0498046875
4630 0.0712890625
4631 0.0673828125
4632 0.0966796875
4633 0.0400390625
4634 0.0009765625
4635 -0.001953125
4636 0.0322265625
4637 -0.0341796875
4638 -0.03515625
4639 -0.0302734375
4640 0.0087890625
4641 -0.0458984375
4642 -0.0439453125
4643 -0.0361328125
4644 0.0048828125
4645 -0.064453125
4646 -0.05859375
4647 -0.048828125
4648 -0.0048828125
4649 -0.09375
4650 -0.0791015625
4651 -0.06640625
4652 -0.0185546875
4653 -0.0771484375
4654 -0.068359375
4655 -0.0576171875
4656 -0.009765625
4657 -0.0576171875
4658 -0.0478515625
4659 -0.0390625
4660 0.001953125
4661 -0.0625
4662 -0.0537109375
4663 -0.0419921875
4664 0.0
4665 -0.1123046875
4666 -0.1181640625
4667 -0.0947265625
4668 -0.0390625
4669 -0.095703125
4670 -0.0810546875
4671 -0.0673828125
4672 -0.0146484375
4673 -0.08203125
4674 -0.0673828125
4675 -0.0576171875
4676 -0.0087890625
4677 -0.0537109375
4678 -0.009765625
4679 0.00390625
4680 0.0478515625
4681 -0.0048828125
4682 -0.0595703125
4683 -0.0439453125
4684 0.0029296875
4685 -0.064453125
4686 -0.01953125
4687 -0.00390625
4688 0.04296875
4689 -0.0068359375
4690 0.02734375
4691 0.037109375
4692 0.076171875
4693 0.0146484375
4694 -0.0205078125
4695 -0.017578125
4696 0.0234375
4697 -0.0556640625
4698 -0.0107421875
4699 0.0009765625
4700 0.0439453125
4701 -0.048828125
4702 -0.0791015625
4703 -0.0634765625
4704 -0.015625
4705 -0.1455078125
4706 -0.1201171875
4707 -0.09375
4708 -0.037109375
4709 -0.1103515625
4710 -0.08984375
4711 -0.072265625
4712 -0.021484375
4713 -0.09375
4714 -0.076171875
4715 -0.0625
4716 -0.0087890625
4717 -0.1162109375
4718 -0.0966796875
4719 -0.078125
4720 -0.0205078125
4721 -0.0888671875
4722 -0.072265625
4723 -0.0556640625
4724 -0.005859375
4725 -0.0849609375
4726 -0.072265625
4727 -0.05859375
4728 -0.0068359375
4729 -0.115234375
4730 -0.0966796875
4731 -0.07421875
4732 -0.0166015625
4733 -0.0869140625
4734 -0.033203125
4735 -0.01171875
4736 0.0390625
4737 0.0439453125
4738 0.072265625
4739 0.0771484375
4740 0.111328125
4741 0.1240234375
4742 0.1376953125
4743 0.134765625
4744 0.1591796875
4745 0.16015625
4746 0.16796875
4747 0.1591796875
4748 0.177734375
4749 0.1630859375
4750 0.1689453125
4751 0.1572265625
4752 0.1728515625
4753 0.16796875
4754 0.1708984375
4755 0.1611328125
4756 0.1767578125
4757 0.138671875
4758 0.09765625
4759 0.0810546875
4760 0.099609375
4761 0.048828125
4762 0.0703125
4763 0.06640625
4764 0.0966796875
4765 0.0400390625
4766 0.001953125
4767 -0.0009765625
4768 0.033203125
4769 -0.033203125
4770 -0.0341796875
4771 -0.0302734375
4772 0.01171875
4773 -0.0439453125
4774 -0.0439453125
4775 -0.0361328125
4776 0.0048828125
4777 -0.0654296875
4778 -0.060546875
4779 -0.05078125
4780 -0.005859375
4781 -0.0947265625
4782 -0.080078125
4783 -0.0673828125
4784 -0.0185546875
4785 -0.078125
4786 -0.0673828125
4787 -0.0576171875
4788 -0.009765625
4789 -0.0576171875
4790 -0.046875
4791 -0.0400390625
4792 0.0009765625
4793 -0.0615234375
4794 -0.0517578125
4795 -0.0419921875
4796 0.0009765625
4797 -0.111328125
4798 -0.1181640625
4799 -0.0947265625
4800 -0.0380859375
4801 -0.0947265625
4802 -0.08203125
4803 -0.0634765625
4804 -0.0146484375
4805 -0.0830078125
4806 -0.06640625
4807 -0.056640625
4808 -0.0078125
4809 -0.0537109375
4810 -0.009765625
4811 0.0029296875
4812 0.0478515625
4813 -0.0048828125
4814 -0.05859375
4815 -0.0439453125
4816 0.0048828125
4817 -0.0634765625
4818 -0.017578125
4819 -0.0029296875
4820 0.0439453125
4821 -0.0029296875
4822 0.0302734375
4823 0.0390625
4824 0.0771484375
4825 0.01953125
4826 -0.017578125
4827 -0.0126953125
4828 0.0263671875
4829 -0.0546875
4830 -0.009765625
4831 -0.0009765625
4832 0.0458984375
4833 -0.0517578125
4834 -0.0771484375
4835 -0.0634765625
4836 -0.0126953125
4837 -0.1455078125
4838 -0.1181640625
4839 -0.0927734375
4840 -0.03515625
4841 -0.1123046875
4842 -0.0908203125
4843 -0.0712890625
4844 -0.0205078125
4845 -0.0927734375
4846 -0.0771484375
4847 -0.0595703125
4848 -0.009765625
4849 -0.11328125
4850 -0.0966796875
4851 -0.0771484375
4852 -0.01953125
4853 -0.08984375
4854 -0.072265625
4855 -0.0556640625
4856 -0.005859375
4857 -0.0859375
4858 -0.0732421875
4859 -0.0595703125
4860 -0.0029296875
4861 -0.119140625
4862 -0.0986328125
4863 -0.07421875
4864 -0.0185546875
4865 -0.0869140625
4866 -0.033203125
4867 -0.0126953125
4868 0.0380859375
4869 0.04296875
4870 0.0732421875
4871 0.080078125
4872 0.111328125
4873 0.123046875
4874 0.1396484375
4875 0.1357421875
4876 0.1591796875
4877 0.158203125
4878 0.1669921875
4879 0.16015625
4880 0.177734375
4881 0.1630859375
4882 0.1689453125
4883 0.15625
4884 0.1728515625
4885 0.166015625
4886 0.169921875
4887 0.162109375
4888 0.1767578125
4889 0.138671875
4890 0.09765625
4891 0.0830078125
4892 0.1015625
4893 0.0517578125
4894 0.0703125
4895 0.068359375
4896 0.0986328125
4897 0.04296875
4898 0.001953125
4899 0.0009765625
4900 0.0341796875
4901 -0.0322265625
4902 -0.0322265625
4903 -0.0283203125
4904 0.0126953125
4905 -0.046875
4906 -0.041015625
4907 -0.03515625
4908 0.0048828125
4909 -0.0654296875
4910 -0.0595703125
4911 -0.0498046875
4912 -0.0068359375
4913 -0.091796875
4914 -0.080078125
4915 -0.064453125
4916 -0.0166015625
4917 -0.076171875
4918 -0.0673828125
4919 -0.056640625
4920 -0.01171875
4921 -0.05859375
4922 -0.046875
4923 -0.0380859375
4924 0.001953125
4925 -0.0634765625
4926 -0.0517578125
4927 -0.0419921875
4928 0.0009765625
4929 -0.111328125
4930 -0.1171875
4931 -0.0947265625
4932 -0.0380859375
4933 -0.095703125
4934 -0.0830078125
4935 -0.064453125
4936 -0.015625
4937 -0.0810546875
4938 -0.0654296875
4939 -0.0556640625
4940 -0.0078125
4941 -0.052734375
4942 -0.0107421875
4943 0.00390625
4944 0.048828125
4945 -0.001953125
4946 -0.056640625
4947 -0.041015625
4948 0.0048828125
4949 -0.0625
4950 -0.015625
4951 -0.001953125
4952 0.046875
4953 -0.00390625
4954 0.029296875
4955 0.0380859375
4956 0.076171875
4957 0.0166015625
4958 -0.01953125
4959 -0.013671875
4960 0.0234375
4961 -0.0556640625
4962 -0.0107421875
4963 0.0
4964 0.044921875
4965 -0.05078125
4966 -0.0771484375
4967 -0.0634765625
4968 -0.0146484375
4969 -0.1474609375
4970 -0.1201171875
4971 -0.095703125
4972 -0.03515625
4973 -0.1142578125
4974 -0.0927734375
4975 -0.0732421875
4976 -0.01953125
4977 -0.0947265625
4978 -0.0771484375
4979 -0.0595703125
4980 -0.0087890625
4981 -0.1142578125
4982 -0.0986328125
4983 -0.0771484375
4984 -0.0205078125
4985 -0.087890625
4986 -0.072265625
4987 -0.0556640625
4988 -0.0048828125
4989 -0.0859375
4990 -0.0732421875
4991 -0.0556640625
4992 -0.00390625
4993 -0.1181640625
4994 -0.0966796875
4995 -0.0732421875
4996 -0.0166015625
4997 -0.087890625
4998 -0.0322265625
4999 -0.0126953125
