x y
0 0.0263671875
1 -0.08984375
2 -0.068359375
3 -0.0166015625
4 -0.0224609375
5 -0.4091796875
6 -0.076171875
7 -0.0068359375
8 -0.033203125
9 -0.1494140625
10 -0.0615234375
11 0.005859375
12 -0.0224609375
13 -0.1328125
14 -0.0078125
15 0.064453125
16 0.03125
17 -0.080078125
18 -0.0625
19 0.0126953125
20 -0.017578125
21 -0.1435546875
22 -0.0185546875
23 0.0576171875
24 0.0244140625
25 -0.10546875
26 -0.0625
27 0.0068359375
28 -0.01953125
29 -0.1357421875
30 -0.048828125
31 0.01953125
32 -0.009765625
33 -0.115234375
34 -0.0302734375
35 0.033203125
36 0.0009765625
37 -0.1181640625
38 0.0029296875
39 0.0693359375
40 0.0380859375
41 -0.0478515625
42 0.060546875
43 0.123046875
44 0.080078125
45 0.017578125
46 0.1162109375
47 0.171875
48 0.1171875
49 0.0244140625
50 0.068359375
51 0.1162109375
52 0.0615234375
53 -0.0673828125
54 0.041015625
55 0.1005859375
56 0.060546875
57 -0.078125
58 -0.0400390625
59 0.0234375
60 -0.0087890625
61 -0.123046875
62 -0.0390625
63 0.0244140625
64 -0.0078125
65 -0.1220703125
66 -0.0400390625
67 0.0244140625
68 -0.0087890625
69 -0.150390625
70 -0.025390625
71 0.046875
72 0.0166015625
73 -0.0361328125
74 0.0732421875
75 0.1337890625
76 0.0849609375
77 -0.0087890625
78 0.0390625
79 0.08984375
80 0.041015625
81 -0.08984375
82 0.0244140625
83 0.087890625
84 0.048828125
85 -0.08984375
86 -0.0498046875
87 0.0146484375
88 -0.015625
89 -0.1298828125
90 -0.0458984375
91 0.021484375
92 -0.0126953125
93 -0.125
94 -0.0419921875
95 0.0224609375
96 -0.0126953125
97 -0.1513671875
98 -0.025390625
99 0.0478515625
100 0.017578125
101 -0.037109375
102 0.0732421875
103 0.1337890625
104 0.0849609375
105 -0.0087890625
106 0.0380859375
107 0.0908203125
108 0.0400390625
109 -0.0908203125
110 0.025390625
111 0.0888671875
112 0.046875
113 -0.0908203125
114 -0.0517578125
115 0.015625
116 -0.0166015625
117 -0.1328125
118 -0.046875
119 0.0224609375
120 -0.0126953125
121 -0.126953125
122 -0.04296875
123 0.0234375
124 -0.0107421875
125 -0.1552734375
126 -0.02734375
127 0.0478515625
128 0.0166015625
129 -0.0400390625
130 0.072265625
131 0.13671875
132 0.083984375
133 -0.0107421875
134 0.0380859375
135 0.0927734375
136 0.0380859375
137 -0.091796875
138 0.0224609375
139 0.0888671875
140 0.0458984375
141 -0.0908203125
142 -0.0517578125
143 0.0146484375
144 -0.017578125
145 -0.1318359375
146 -0.046875
147 0.0205078125
148 -0.013671875
149 -0.126953125
150 -0.0419921875
151 0.021484375
152 -0.0107421875
153 -0.1513671875
154 -0.0263671875
155 0.046875
156 0.0185546875
157 -0.0380859375
158 0.0712890625
159 0.134765625
160 0.083984375
161 -0.009765625
162 0.0361328125
163 0.08984375
164 0.0380859375
165 -0.08984375
166 0.0234375
167 0.0888671875
168 0.046875
169 -0.091796875
170 -0.052734375
171 0.0146484375
172 -0.017578125
173 -0.1318359375
174 -0.046875
175 0.0185546875
176 -0.01171875
177 -0.12890625
178 -0.04296875
179 0.0224609375
180 -0.013671875
181 -0.1552734375
182 -0.02734375
183 0.0478515625
184 0.0146484375
185 -0.0380859375
186 0.0703125
187 0.134765625
188 0.083984375
189 -0.009765625
190 0.037109375
191 0.091796875
192 0.0380859375
193 -0.0927734375
194 0.0234375
195 0.087890625
196 0.0458984375
197 -0.09375
198 -0.052734375
199 0.0166015625
200 -0.0166015625
201 -0.13671875
202 -0.046875
203 0.025390625
204 -0.0146484375
205 -0.130859375
206 -0.0439453125
207 0.02734375
208 -0.0146484375
209 -0.1591796875
210 -0.029296875
211 0.05078125
212 0.0146484375
213 -0.04296875
214 0.0712890625
215 0.13671875
216 0.08203125
217 -0.013671875
218 0.0380859375
219 0.0927734375
220 0.037109375
221 -0.0947265625
222 0.0234375
223 0.0888671875
224 0.046875
225 -0.0947265625
226 -0.0517578125
227 0.0166015625
228 -0.017578125
229 -0.1357421875
230 -0.0478515625
231 0.0234375
232 -0.0126953125
233 -0.130859375
234 -0.044921875
235 0.0244140625
236 -0.013671875
237 -0.1611328125
238 -0.0283203125
239 0.0478515625
240 0.013671875
241 -0.044921875
242 0.0703125
243 0.138671875
244 0.08203125
245 -0.0126953125
246 0.0361328125
247 0.09375
248 0.0380859375
249 -0.0966796875
250 0.0244140625
251 0.091796875
252 0.044921875
253 -0.0947265625
254 -0.052734375
255 0.01953125
256 -0.01953125
257 -0.1357421875
258 -0.0478515625
259 0.0224609375
260 -0.0146484375
261 -0.130859375
262 -0.04296875
263 0.025390625
264 -0.0126953125
265 -0.1552734375
266 -0.025390625
267 0.05078125
268 0.015625
269 -0.04296875
270 0.0732421875
271 0.13671875
272 0.0830078125
273 -0.0126953125
274 0.037109375
275 0.0927734375
276 0.0380859375
277 -0.0927734375
278 0.0224609375
279 0.0888671875
280 0.0458984375
281 -0.0888671875
282 -0.0498046875
283 0.015625
284 -0.015625
285 -0.1328125
286 -0.046875
287 0.01953125
288 -0.0126953125
289 -0.126953125
290 -0.0419921875
291 0.021484375
292 -0.0107421875
293 -0.1533203125
294 -0.0263671875
295 0.0439453125
296 0.0146484375
297 -0.0400390625
298 0.0703125
299 0.1337890625
300 0.0830078125
301 -0.0126953125
302 0.0380859375
303 0.0908203125
304 0.0380859375
305 -0.0927734375
306 0.0224609375
307 0.087890625
308 0.0439453125
309 -0.09375
310 -0.0517578125
311 0.015625
312 -0.017578125
313 -0.1318359375
314 -0.0478515625
315 0.0205078125
316 -0.0126953125
317 -0.1279296875
318 -0.04296875
319 0.0224609375
320 -0.01171875
321 -0.1552734375
322 -0.02734375
323 0.0478515625
324 0.0146484375
325 -0.0400390625
326 0.072265625
327 0.1337890625
328 0.0830078125
329 -0.01171875
330 0.0380859375
331 0.08984375
332 0.0380859375
333 -0.09375
334 0.0234375
335 0.0888671875
336 0.0458984375
337 -0.091796875
338 -0.0498046875
339 0.0166015625
340 -0.0166015625
341 -0.1328125
342 -0.0458984375
343 0.021484375
344 -0.0146484375
345 -0.1298828125
346 -0.044921875
347 0.0234375
348 -0.013671875
349 -0.15625
350 -0.029296875
351 0.0478515625
352 0.013671875
353 -0.04296875
354 0.0693359375
355 0.1337890625
356 0.0810546875
357 -0.0126953125
358 0.0380859375
359 0.0888671875
360 0.037109375
361 -0.0947265625
362 0.0224609375
363 0.087890625
364 0.0439453125
365 -0.09375
366 -0.0556640625
367 0.0126953125
368 -0.0185546875
369 -0.1318359375
370 -0.048828125
371 0.017578125
372 -0.013671875
373 -0.126953125
374 -0.0439453125
375 0.0205078125
376 -0.0126953125
377 -0.1533203125
378 -0.0263671875
379 0.044921875
380 0.017578125
381 -0.0380859375
382 0.072265625
383 0.1298828125
384 0.083984375
385 -0.009765625
386 0.037109375
387 0.087890625
388 0.0380859375
389 -0.091796875
390 0.021484375
391 0.0869140625
392 0.0458984375
393 -0.0908203125
394 -0.0517578125
395 0.015625
396 -0.017578125
397 -0.1328125
398 -0.0478515625
399 0.017578125
400 -0.013671875
401 -0.1298828125
402 -0.044921875
403 0.0205078125
404 -0.013671875
405 -0.158203125
406 -0.0283203125
407 0.046875
408 0.0146484375
409 -0.04296875
410 0.0703125
411 0.13671875
412 0.0810546875
413 -0.0126953125
414 0.037109375
415 0.09375
416 0.037109375
417 -0.0966796875
418 0.021484375
419 0.091796875
420 0.0439453125
421 -0.095703125
422 -0.052734375
423 0.017578125
424 -0.0185546875
425 -0.134765625
426 -0.0478515625
427 0.0244140625
428 -0.0146484375
429 -0.130859375
430 -0.0439453125
431 0.0263671875
432 -0.0126953125
433 -0.1591796875
434 -0.0283203125
435 0.05078125
436 0.0146484375
437 -0.04296875
438 0.0712890625
439 0.1376953125
440 0.0830078125
441 -0.0146484375
442 0.037109375
443 0.095703125
444 0.037109375
445 -0.09765625
446 0.0224609375
447 0.0927734375
448 0.044921875
449 -0.0947265625
450 -0.052734375
451 0.0166015625
452 -0.0185546875
453 -0.1376953125
454 -0.0458984375
455 0.0224609375
456 -0.0146484375
457 -0.1337890625
458 -0.044921875
459 0.0263671875
460 -0.013671875
461 -0.16015625
462 -0.029296875
463 0.0498046875
464 0.013671875
465 -0.0439453125
466 0.0712890625
467 0.1376953125
468 0.0830078125
469 -0.0126953125
470 0.0361328125
471 0.0927734375
472 0.0380859375
473 -0.0966796875
474 0.0224609375
475 0.0869140625
476 0.046875
477 -0.095703125
478 -0.052734375
479 0.015625
480 -0.0185546875
481 -0.134765625
482 -0.046875
483 0.0234375
484 -0.0146484375
485 -0.12890625
486 -0.0419921875
487 0.0244140625
488 -0.0126953125
489 -0.1552734375
490 -0.0263671875
491 0.0498046875
492 0.017578125
493 -0.04296875
494 0.072265625
495 0.1357421875
496 0.083984375
497 -0.013671875
498 0.0390625
499 0.091796875
500 0.037109375
501 -0.09375
502 0.0234375
503 0.087890625
504 0.0458984375
505 -0.0908203125
506 -0.0498046875
507 0.0166015625
508 -0.0166015625
509 -0.130859375
510 -0.046875
511 0.021484375
512 -0.0126953125
513 -0.126953125
514 -0.04296875
515 0.021484375
516 -0.0107421875
517 -0.1533203125
518 -0.0263671875
519 0.044921875
520 0.0166015625
521 -0.0390625
522 0.072265625
523 0.1328125
524 0.0830078125
525 -0.0107421875
526 0.0361328125
527 0.0888671875
528 0.0380859375
529 -0.0908203125
530 0.0234375
531 0.0888671875
532 0.0458984375
533 -0.0888671875
534 -0.052734375
535 0.013671875
536 -0.0166015625
537 -0.1298828125
538 -0.0458984375
539 0.017578125
540 -0.01171875
541 -0.1259765625
542 -0.041015625
543 0.0185546875
544 -0.009765625
545 -0.15234375
546 -0.02734375
547 0.0439453125
548 0.0146484375
549 -0.037109375
550 0.0712890625
551 0.130859375
552 0.08203125
553 -0.009765625
554 0.0361328125
555 0.087890625
556 0.0380859375
557 -0.087890625
558 0.0224609375
559 0.083984375
560 0.0478515625
561 -0.0908203125
562 -0.0517578125
563 0.0126953125
564 -0.015625
565 -0.130859375
566 -0.0458984375
567 0.017578125
568 -0.0107421875
569 -0.1279296875
570 -0.0439453125
571 0.021484375
572 -0.01171875
573 -0.1552734375
574 -0.029296875
575 0.0458984375
576 0.0146484375
577 -0.0390625
578 0.0693359375
579 0.1328125
580 0.08203125
581 -0.0107421875
582 0.0361328125
583 0.087890625
584 0.0400390625
585 -0.09375
586 0.0224609375
587 0.0849609375
588 0.046875
589 -0.091796875
590 -0.052734375
591 0.01171875
592 -0.017578125
593 -0.1328125
594 -0.048828125
595 0.01953125
596 -0.0146484375
597 -0.1298828125
598 -0.044921875
599 0.0234375
600 -0.013671875
601 -0.154296875
602 -0.02734375
603 0.05078125
604 0.0146484375
605 -0.0419921875
606 0.0712890625
607 0.13671875
608 0.083984375
609 -0.013671875
610 0.0380859375
611 0.0947265625
612 0.0380859375
613 -0.09375
614 0.0244140625
615 0.091796875
616 0.0458984375
617 -0.091796875
618 -0.05078125
619 0.0185546875
620 -0.0166015625
621 -0.1357421875
622 -0.046875
623 0.025390625
624 -0.013671875
625 -0.1298828125
626 -0.044921875
627 0.0244140625
628 -0.01171875
629 -0.1572265625
630 -0.02734375
631 0.046875
632 0.015625
633 -0.0419921875
634 0.072265625
635 0.1337890625
636 0.0830078125
637 -0.0126953125
638 0.0380859375
639 0.08984375
640 0.0361328125
641 -0.0947265625
642 0.021484375
643 0.087890625
644 0.0439453125
645 -0.0927734375
646 -0.052734375
647 0.0166015625
648 -0.017578125
649 -0.1318359375
650 -0.0478515625
651 0.0205078125
652 -0.0146484375
653 -0.1279296875
654 -0.0419921875
655 0.021484375
656 -0.01171875
657 -0.1572265625
658 -0.02734375
659 0.0478515625
660 0.0166015625
661 -0.041015625
662 0.0703125
663 0.1328125
664 0.083984375
665 -0.0107421875
666 0.0361328125
667 0.091796875
668 0.037109375
669 -0.091796875
670 0.0224609375
671 0.0888671875
672 0.044921875
673 -0.09375
674 -0.052734375
675 0.015625
676 -0.0185546875
677 -0.1337890625
678 -0.0478515625
679 0.01953125
680 -0.0126953125
681 -0.1298828125
682 -0.04296875
683 0.0224609375
684 -0.0126953125
685 -0.1591796875
686 -0.029296875
687 0.046875
688 0.013671875
689 -0.0458984375
690 0.0693359375
691 0.13671875
692 0.080078125
693 -0.013671875
694 0.0380859375
695 0.0947265625
696 0.0361328125
697 -0.0986328125
698 0.021484375
699 0.091796875
700 0.0439453125
701 -0.09375
702 -0.0517578125
703 0.01953125
704 -0.01953125
705 -0.1357421875
706 -0.046875
707 0.0263671875
708 -0.0146484375
709 -0.1298828125
710 -0.041015625
711 0.0283203125
712 -0.0126953125
713 -0.15625
714 -0.0263671875
715 0.0517578125
716 0.0166015625
717 -0.0419921875
718 0.0712890625
719 0.1376953125
720 0.08203125
721 -0.013671875
722 0.0380859375
723 0.09375
724 0.0380859375
725 -0.0927734375
726 0.0244140625
727 0.087890625
728 0.0458984375
729 -0.0908203125
730 -0.048828125
731 0.01953125
732 -0.0166015625
733 -0.130859375
734 -0.0458984375
735 0.0224609375
736 -0.0126953125
737 -0.12890625
738 -0.04296875
739 0.021484375
740 -0.0126953125
741 -0.1552734375
742 -0.02734375
743 0.0439453125
744 0.015625
745 -0.0419921875
746 0.0703125
747 0.1337890625
748 0.08203125
749 -0.0126953125
750 0.037109375
751 0.087890625
752 0.0390625
753 -0.0947265625
754 0.0224609375
755 0.087890625
756 0.0458984375
757 -0.08984375
758 -0.0517578125
759 0.0146484375
760 -0.017578125
761 -0.1298828125
762 -0.0458984375
763 0.01953125
764 -0.0126953125
765 -0.126953125
766 -0.0419921875
767 0.021484375
768 -0.0107421875
769 -0.1552734375
770 -0.0263671875
771 0.0458984375
772 0.017578125
773 -0.0400390625
774 0.072265625
775 0.1337890625
776 0.083984375
777 -0.0107421875
778 0.037109375
779 0.0908203125
780 0.037109375
781 -0.0908203125
782 0.0224609375
783 0.0888671875
784 0.0458984375
785 -0.0927734375
786 -0.0517578125
787 0.0146484375
788 -0.0185546875
789 -0.1337890625
790 -0.0478515625
791 0.01953125
792 -0.0146484375
793 -0.12890625
794 -0.041015625
795 0.0234375
796 -0.0126953125
797 -0.158203125
798 -0.0283203125
799 0.0478515625
800 0.013671875
801 -0.0419921875
802 0.0712890625
803 0.13671875
804 0.08203125
805 -0.0126953125
806 0.0380859375
807 0.0927734375
808 0.037109375
809 -0.095703125
810 0.0224609375
811 0.0888671875
812 0.0458984375
813 -0.0947265625
814 -0.052734375
815 0.0166015625
816 -0.0185546875
817 -0.1357421875
818 -0.044921875
819 0.0224609375
820 -0.0146484375
821 -0.1298828125
822 -0.041015625
823 0.0234375
824 -0.013671875
825 -0.1552734375
826 -0.02734375
827 0.0498046875
828 0.015625
829 -0.0439453125
830 0.0712890625
831 0.1376953125
832 0.0830078125
833 -0.0126953125
834 0.037109375
835 0.091796875
836 0.0361328125
837 -0.095703125
838 0.0224609375
839 0.08984375
840 0.0458984375
841 -0.09375
842 -0.0498046875
843 0.017578125
844 -0.0166015625
845 -0.134765625
846 -0.046875
847 0.0224609375
848 -0.0146484375
849 -0.130859375
850 -0.04296875
851 0.025390625
852 -0.013671875
853 -0.1572265625
854 -0.0283203125
855 0.048828125
856 0.013671875
857 -0.0419921875
858 0.0712890625
859 0.1357421875
860 0.0830078125
861 -0.0126953125
862 0.037109375
863 0.0908203125
864 0.0400390625
865 -0.0947265625
866 0.0224609375
867 0.08984375
868 0.0458984375
869 -0.0927734375
870 -0.052734375
871 0.017578125
872 -0.017578125
873 -0.1328125
874 -0.046875
875 0.0234375
876 -0.0146484375
877 -0.12890625
878 -0.0439453125
879 0.0244140625
880 -0.0126953125
881 -0.158203125
882 -0.029296875
883 0.0458984375
884 0.013671875
885 -0.0419921875
886 0.0703125
887 0.1328125
888 0.083984375
889 -0.0126953125
890 0.0361328125
891 0.0888671875
892 0.037109375
893 -0.0947265625
894 0.021484375
895 0.087890625
896 0.044921875
897 -0.09375
898 -0.0517578125
899 0.0166015625
900 -0.0166015625
901 -0.1337890625
902 -0.0458984375
903 0.021484375
904 -0.013671875
905 -0.1279296875
906 -0.0439453125
907 0.0224609375
908 -0.0126953125
909 -0.15625
910 -0.029296875
911 0.044921875
912 0.015625
913 -0.0400390625
914 0.0712890625
915 0.1337890625
916 0.0830078125
917 -0.0126953125
918 0.0361328125
919 0.091796875
920 0.037109375
921 -0.0947265625
922 0.0205078125
923 0.087890625
924 0.044921875
925 -0.0947265625
926 -0.0537109375
927 0.0146484375
928 -0.01953125
929 -0.1357421875
930 -0.0478515625
931 0.021484375
932 -0.013671875
933 -0.1328125
934 -0.0419921875
935 0.025390625
936 -0.01171875
937 -0.1572265625
938 -0.02734375
939 0.0498046875
940 0.0146484375
941 -0.0419921875
942 0.0712890625
943 0.1376953125
944 0.0830078125
945 -0.01171875
946 0.037109375
947 0.095703125
948 0.0380859375
949 -0.0927734375
950 0.0234375
951 0.091796875
952 0.046875
953 -0.09375
954 -0.0498046875
955 0.0166015625
956 -0.017578125
957 -0.1337890625
958 -0.044921875
959 0.0224609375
960 -0.013671875
961 -0.12890625
962 -0.0419921875
963 0.0244140625
964 -0.01171875
965 -0.15625
966 -0.0283203125
967 0.046875
968 0.0146484375
969 -0.0400390625
970 0.0712890625
971 0.1337890625
972 0.083984375
973 -0.01171875
974 0.0380859375
975 0.08984375
976 0.0380859375
977 -0.095703125
978 0.0224609375
979 0.087890625
980 0.044921875
981 -0.09375
982 -0.0537109375
983 0.0146484375
984 -0.0185546875
985 -0.1328125
986 -0.0478515625
987 0.0224609375
988 -0.013671875
989 -0.12890625
990 -0.044921875
991 0.021484375
992 -0.013671875
993 -0.1552734375
994 -0.0283203125
995 0.0458984375
996 0.015625
997 -0.0400390625
998 0.0712890625
999 0.1318359375
1000 0.0830078125
1001 -0.0107421875
1002 0.0380859375
1003 0.08984375
1004 0.0380859375
1005 -0.0927734375
1006 0.0244140625
1007 0.0859375
1008 0.0478515625
1009 -0.091796875
1010 -0.052734375
1011 0.0146484375
1012 -0.017578125
1013 -0.130859375
1014 -0.0478515625
1015 0.0205078125
1016 -0.013671875
1017 -0.126953125
1018 -0.04296875
1019 0.0205078125
1020 -0.01171875
1021 -0.15625
1022 -0.029296875
1023 0.044921875
1024 0.0146484375
1025 -0.041015625
1026 0.0693359375
1027 0.130859375
1028 0.0849609375
1029 -0.0107421875
1030 0.0361328125
1031 0.087890625
1032 0.0380859375
1033 -0.091796875
1034 0.0205078125
1035 0.0869140625
1036 0.0439453125
1037 -0.09375
1038 -0.0537109375
1039 0.0126953125
1040 -0.017578125
1041 -0.1337890625
1042 -0.046875
1043 0.0205078125
1044 -0.0126953125
1045 -0.1298828125
1046 -0.04296875
1047 0.0224609375
1048 -0.0126953125
1049 -0.1533203125
1050 -0.0244140625
1051 0.0478515625
1052 0.0146484375
1053 -0.0390625
1054 0.072265625
1055 0.134765625
1056 0.0830078125
1057 -0.0087890625
1058 0.037109375
1059 0.091796875
1060 0.0390625
1061 -0.08984375
1062 0.0234375
1063 0.087890625
1064 0.046875
1065 -0.0927734375
1066 -0.0537109375
1067 0.013671875
1068 -0.0166015625
1069 -0.1337890625
1070 -0.046875
1071 0.01953125
1072 -0.01171875
1073 -0.12890625
1074 -0.0439453125
1075 0.0224609375
1076 -0.013671875
1077 -0.154296875
1078 -0.0302734375
1079 0.044921875
1080 0.0146484375
1081 -0.0390625
1082 0.0712890625
1083 0.1337890625
1084 0.0849609375
1085 -0.009765625
1086 0.037109375
1087 0.0888671875
1088 0.0390625
1089 -0.0927734375
1090 0.0224609375
1091 0.0869140625
1092 0.0458984375
1093 -0.09375
1094 -0.052734375
1095 0.0146484375
1096 -0.017578125
1097 -0.1318359375
1098 -0.0478515625
1099 0.0205078125
1100 -0.0126953125
1101 -0.126953125
1102 -0.044921875
1103 0.021484375
1104 -0.01171875
1105 -0.1552734375
1106 -0.02734375
1107 0.046875
1108 0.015625
1109 -0.0400390625
1110 0.0712890625
1111 0.134765625
1112 0.0830078125
1113 -0.0107421875
1114 0.0380859375
1115 0.0908203125
1116 0.0380859375
1117 -0.0927734375
1118 0.0224609375
1119 0.087890625
1120 0.0458984375
1121 -0.09375
1122 -0.0556640625
1123 0.0126953125
1124 -0.0185546875
1125 -0.1337890625
1126 -0.0498046875
1127 0.0185546875
1128 -0.013671875
1129 -0.1279296875
1130 -0.044921875
1131 0.01953125
1132 -0.01171875
1133 -0.15625
1134 -0.0302734375
1135 0.041015625
1136 0.0166015625
1137 -0.0390625
1138 0.0703125
1139 0.1318359375
1140 0.0849609375
1141 -0.0087890625
1142 0.0361328125
1143 0.0859375
1144 0.0380859375
1145 -0.091796875
1146 0.0205078125
1147 0.083984375
1148 0.046875
1149 -0.091796875
1150 -0.0546875
1151 0.0107421875
1152 -0.015625
1153 -0.12890625
1154 -0.0478515625
1155 0.0185546875
1156 -0.0126953125
1157 -0.1259765625
1158 -0.0419921875
1159 0.0185546875
1160 -0.0107421875
1161 -0.1513671875
1162 -0.02734375
1163 0.0419921875
1164 0.0185546875
1165 -0.0361328125
1166 0.0703125
1167 0.1328125
1168 0.083984375
1169 -0.0087890625
1170 0.0361328125
1171 0.087890625
1172 0.0390625
1173 -0.0888671875
1174 0.021484375
1175 0.0859375
1176 0.044921875
1177 -0.0908203125
1178 -0.0517578125
1179 0.0146484375
1180 -0.0166015625
1181 -0.130859375
1182 -0.0458984375
1183 0.0185546875
1184 -0.01171875
1185 -0.1259765625
1186 -0.041015625
1187 0.01953125
1188 -0.0107421875
1189 -0.15234375
1190 -0.029296875
1191 0.041015625
1192 0.0166015625
1193 -0.0361328125
1194 0.068359375
1195 0.1318359375
1196 0.083984375
1197 -0.0087890625
1198 0.037109375
1199 0.0869140625
1200 0.0380859375
1201 -0.0908203125
1202 0.021484375
1203 0.083984375
1204 0.0478515625
1205 -0.0908203125
1206 -0.05078125
1207 0.0126953125
1208 -0.0166015625
1209 -0.12890625
1210 -0.046875
1211 0.0205078125
1212 -0.0126953125
1213 -0.126953125
1214 -0.0439453125
1215 0.0224609375
1216 -0.0126953125
1217 -0.1552734375
1218 -0.0283203125
1219 0.0458984375
1220 0.0146484375
1221 -0.0390625
1222 0.0703125
1223 0.1318359375
1224 0.083984375
1225 -0.0107421875
1226 0.037109375
1227 0.08984375
1228 0.0380859375
1229 -0.0908203125
1230 0.0234375
1231 0.0859375
1232 0.0478515625
1233 -0.0908203125
1234 -0.0517578125
1235 0.0126953125
1236 -0.017578125
1237 -0.1328125
1238 -0.048828125
1239 0.021484375
1240 -0.0146484375
1241 -0.126953125
1242 -0.04296875
1243 0.0224609375
1244 -0.01171875
1245 -0.15625
1246 -0.029296875
1247 0.044921875
1248 0.0146484375
1249 -0.0390625
1250 0.0703125
1251 0.134765625
1252 0.0830078125
1253 -0.009765625
1254 0.0361328125
1255 0.08984375
1256 0.0390625
1257 -0.0947265625
1258 0.0205078125
1259 0.0869140625
1260 0.0458984375
1261 -0.095703125
1262 -0.0556640625
1263 0.013671875
1264 -0.0185546875
1265 -0.1337890625
1266 -0.05078125
1267 0.01953125
1268 -0.0146484375
1269 -0.1298828125
1270 -0.0439453125
1271 0.0205078125
1272 -0.0126953125
1273 -0.1552734375
1274 -0.0283203125
1275 0.046875
1276 0.017578125
1277 -0.0400390625
1278 0.0732421875
1279 0.134765625
1280 0.0830078125
1281 -0.0107421875
1282 0.0380859375
1283 0.0927734375
1284 0.0380859375
1285 -0.0927734375
1286 0.0224609375
1287 0.08984375
1288 0.0458984375
1289 -0.0908203125
1290 -0.0517578125
1291 0.0166015625
1292 -0.017578125
1293 -0.1328125
1294 -0.0458984375
1295 0.0205078125
1296 -0.0126953125
1297 -0.1298828125
1298 -0.0419921875
1299 0.0234375
1300 -0.0107421875
1301 -0.154296875
1302 -0.0283203125
1303 0.044921875
1304 0.0146484375
1305 -0.0400390625
1306 0.0693359375
1307 0.1337890625
1308 0.083984375
1309 -0.009765625
1310 0.037109375
1311 0.08984375
1312 0.0380859375
1313 -0.09375
1314 0.0205078125
1315 0.083984375
1316 0.044921875
1317 -0.0947265625
1318 -0.0537109375
1319 0.0126953125
1320 -0.017578125
1321 -0.1328125
1322 -0.0458984375
1323 0.0205078125
1324 -0.013671875
1325 -0.12890625
1326 -0.0439453125
1327 0.021484375
1328 -0.01171875
1329 -0.15625
1330 -0.029296875
1331 0.046875
1332 0.0146484375
1333 -0.0400390625
1334 0.0712890625
1335 0.1357421875
1336 0.0830078125
1337 -0.0107421875
1338 0.0380859375
1339 0.0908203125
1340 0.0380859375
1341 -0.0947265625
1342 0.0234375
1343 0.087890625
1344 0.0458984375
1345 -0.09375
1346 -0.052734375
1347 0.0146484375
1348 -0.017578125
1349 -0.1318359375
1350 -0.046875
1351 0.0205078125
1352 -0.0146484375
1353 -0.1298828125
1354 -0.04296875
1355 0.0244140625
1356 -0.0126953125
1357 -0.158203125
1358 -0.0302734375
1359 0.046875
1360 0.013671875
1361 -0.0439453125
1362 0.0693359375
1363 0.1357421875
1364 0.0830078125
1365 -0.0146484375
1366 0.037109375
1367 0.09375
1368 0.0380859375
1369 -0.0986328125
1370 0.0224609375
1371 0.0908203125
1372 0.04296875
1373 -0.0966796875
1374 -0.052734375
1375 0.0185546875
1376 -0.0205078125
1377 -0.1357421875
1378 -0.046875
1379 0.0244140625
1380 -0.013671875
1381 -0.1298828125
1382 -0.0419921875
1383 0.0244140625
1384 -0.013671875
1385 -0.158203125
1386 -0.025390625
1387 0.05078125
1388 0.017578125
1389 -0.04296875
1390 0.072265625
1391 0.1376953125
1392 0.083984375
1393 -0.0126953125
1394 0.0400390625
1395 0.0947265625
1396 0.0380859375
1397 -0.0947265625
1398 0.0244140625
1399 0.0927734375
1400 0.046875
1401 -0.0908203125
1402 -0.0498046875
1403 0.01953125
1404 -0.0185546875
1405 -0.1337890625
1406 -0.0458984375
1407 0.0224609375
1408 -0.0126953125
1409 -0.1298828125
1410 -0.0419921875
1411 0.0244140625
1412 -0.0126953125
1413 -0.1572265625
1414 -0.025390625
1415 0.0478515625
1416 0.015625
1417 -0.041015625
1418 0.0703125
1419 0.13671875
1420 0.0830078125
1421 -0.01171875
1422 0.0380859375
1423 0.0947265625
1424 0.0380859375
1425 -0.0947265625
1426 0.0234375
1427 0.091796875
1428 0.0458984375
1429 -0.09375
1430 -0.0517578125
1431 0.0185546875
1432 -0.0166015625
1433 -0.1337890625
1434 -0.0458984375
1435 0.0234375
1436 -0.01171875
1437 -0.12890625
1438 -0.0380859375
1439 0.029296875
1440 -0.0107421875
1441 -0.1318359375
1442 -0.0078125
1443 0.0693359375
1444 0.0283203125
1445 -0.08203125
1446 -0.0302734375
1447 0.03515625
1448 -0.0068359375
1449 -0.1220703125
1450 -0.0400390625
1451 0.0302734375
1452 -0.0078125
1453 -0.1328125
1454 -0.04296875
1455 0.021484375
1456 -0.0146484375
1457 -0.18359375
1458 -0.0859375
1459 -0.0126953125
1460 -0.0400390625
1461 -0.201171875
1462 -0.0634765625
1463 0.021484375
1464 -0.00390625
1465 -0.0791015625
1466 0.0400390625
1467 0.1103515625
1468 0.0625
1469 0.0
1470 0.1064453125
1471 0.16796875
1472 0.1083984375
1473 0.01171875
1474 0.056640625
1475 0.1083984375
1476 0.0517578125
1477 -0.06640625
1478 0.044921875
1479 0.109375
1480 0.060546875
1481 -0.0205078125
1482 0.0869140625
1483 0.146484375
1484 0.091796875
1485 -0.01171875
1486 0.0322265625
1487 0.0869140625
1488 0.0380859375
1489 -0.072265625
1490 0.0390625
1491 0.103515625
1492 0.0556640625
1493 -0.01171875
1494 0.0927734375
1495 0.1513671875
1496 0.0927734375
1497 -0.0087890625
1498 0.0302734375
1499 0.0869140625
1500 0.03515625
1501 -0.0634765625
1502 0.015625
1503 0.0703125
1504 0.0205078125
1505 -0.140625
1506 -0.01953125
1507 0.048828125
1508 0.017578125
1509 -0.1015625
1510 0.0146484375
1511 0.0810546875
1512 0.0390625
1513 -0.10546875
1514 -0.0634765625
1515 0.0087890625
1516 -0.0263671875
1517 -0.1435546875
1518 -0.017578125
1519 0.052734375
1520 0.01953125
1521 -0.05078125
1522 0.0595703125
1523 0.1220703125
1524 0.072265625
1525 -0.0537109375
1526 -0.015625
1527 0.0458984375
1528 0.00390625
1529 -0.1064453125
1530 0.0126953125
1531 0.0810546875
1532 0.037109375
1533 -0.064453125
1534 -0.015625
1535 0.0458984375
1536 0.0
1537 -0.091796875
1538 0.0244140625
1539 0.09375
1540 0.0478515625
1541 -0.005859375
1542 0.1005859375
1543 0.162109375
1544 0.099609375
1545 -0.02734375
1546 0.076171875
1547 0.1357421875
1548 0.0791015625
1549 -0.0888671875
1550 -0.046875
1551 0.017578125
1552 -0.021484375
1553 -0.13671875
1554 -0.0458984375
1555 0.0185546875
1556 -0.021484375
1557 -0.19140625
1558 -0.1142578125
1559 -0.0380859375
1560 -0.060546875
1561 -0.1796875
1562 -0.048828125
1563 0.029296875
1564 0.0
1565 -0.095703125
1566 -0.048828125
1567 0.01953125
1568 -0.0166015625
1569 -0.119140625
1570 0.0029296875
1571 0.0712890625
1572 0.033203125
1573 -0.03515625
1574 0.0732421875
1575 0.1357421875
1576 0.08203125
1577 -0.01171875
1578 0.0283203125
1579 0.0849609375
1580 0.0341796875
1581 -0.06640625
1582 0.0146484375
1583 0.0712890625
1584 0.0185546875
1585 -0.142578125
1586 -0.0205078125
1587 0.0537109375
1588 0.015625
1589 -0.103515625
1590 0.0126953125
1591 0.080078125
1592 0.037109375
1593 -0.1064453125
1594 -0.060546875
1595 0.0068359375
1596 -0.0263671875
1597 -0.14453125
1598 -0.0185546875
1599 0.052734375
1600 0.017578125
1601 -0.0693359375
1602 0.0439453125
1603 0.109375
1604 0.0615234375
1605 -0.0615234375
1606 -0.0244140625
1607 0.0380859375
1608 -0.0009765625
1609 -0.107421875
1610 0.0078125
1611 0.0751953125
1612 0.037109375
1613 -0.064453125
1614 -0.017578125
1615 0.0419921875
1616 0.001953125
1617 -0.125
1618 -0.0029296875
1619 0.0654296875
1620 0.0283203125
1621 -0.1005859375
1622 -0.0537109375
1623 0.009765625
1624 -0.0244140625
1625 -0.1328125
1626 -0.046875
1627 0.017578125
1628 -0.0166015625
1629 -0.1904296875
1630 -0.111328125
1631 -0.0341796875
1632 -0.0556640625
1633 -0.1728515625
1634 -0.0439453125
1635 0.0322265625
1636 0.00390625
1637 -0.0927734375
1638 -0.0419921875
1639 0.0224609375
1640 -0.0107421875
1641 -0.1123046875
1642 0.005859375
1643 0.07421875
1644 0.037109375
1645 -0.029296875
1646 0.080078125
1647 0.1376953125
1648 0.0869140625
1649 -0.0087890625
1650 0.0302734375
1651 0.0859375
1652 0.037109375
1653 -0.0546875
1654 0.01953125
1655 0.0732421875
1656 0.0263671875
1657 -0.0537109375
1658 0.05078125
1659 0.1083984375
1660 0.068359375
1661 0.0146484375
1662 0.1123046875
1663 0.1650390625
1664 0.1123046875
1665 0.0068359375
1666 0.1015625
1667 0.15234375
1668 0.1005859375
1669 -0.017578125
1670 0.078125
1671 0.130859375
1672 0.0810546875
1673 -0.0576171875
1674 -0.0224609375
1675 0.0341796875
1676 -0.00390625
1677 -0.1220703125
1678 -0.0048828125
1679 0.0595703125
1680 0.025390625
1681 -0.0458984375
1682 0.05859375
1683 0.115234375
1684 0.0703125
1685 -0.0556640625
1686 -0.0205078125
1687 0.0361328125
1688 0.0
1689 -0.107421875
1690 0.0068359375
1691 0.0693359375
1692 0.03125
1693 -0.072265625
1694 -0.0263671875
1695 0.0322265625
1696 -0.0087890625
1697 -0.09765625
1698 0.0146484375
1699 0.080078125
1700 0.0390625
1701 -0.005859375
1702 0.0927734375
1703 0.1494140625
1704 0.09765625
1705 0.041015625
1706 0.1357421875
1707 0.1875
1708 0.125
1709 0.0634765625
1710 0.15234375
1711 0.203125
1712 0.1376953125
1713 0.01953125
1714 0.109375
1715 0.1591796875
1716 0.0986328125
1717 -0.0654296875
1718 -0.03125
1719 0.025390625
1720 -0.017578125
1721 -0.1279296875
1722 -0.048828125
1723 0.0126953125
1724 -0.0244140625
1725 -0.197265625
1726 -0.1240234375
1727 -0.0498046875
1728 -0.072265625
1729 -0.1904296875
1730 -0.060546875
1731 0.013671875
1732 -0.0146484375
1733 -0.111328125
1734 -0.064453125
1735 0.0
1736 -0.03125
1737 -0.142578125
1738 -0.0244140625
1739 0.0458984375
1740 0.0107421875
1741 -0.0634765625
1742 0.04296875
1743 0.103515625
1744 0.0576171875
1745 -0.04296875
1746 -0.005859375
1747 0.0517578125
1748 0.0068359375
1749 -0.087890625
1750 -0.0068359375
1751 0.046875
1752 0.0029296875
1753 -0.08984375
1754 0.0224609375
1755 0.0849609375
1756 0.0419921875
1757 -0.0166015625
1758 0.083984375
1759 0.1396484375
1760 0.0869140625
1761 0.025390625
1762 0.119140625
1763 0.1728515625
1764 0.111328125
1765 0.05078125
1766 0.142578125
1767 0.1923828125
1768 0.1259765625
1769 0.0185546875
1770 0.107421875
1771 0.1572265625
1772 0.0966796875
1773 -0.02734375
1774 0.0693359375
1775 0.12109375
1776 0.0654296875
1777 -0.0771484375
1778 -0.0400390625
1779 0.0166015625
1780 -0.0234375
1781 -0.1435546875
1782 -0.025390625
1783 0.041015625
1784 0.00390625
1785 -0.068359375
1786 0.0361328125
1787 0.1005859375
1788 0.046875
1789 -0.0771484375
1790 -0.041015625
1791 0.01953125
1792 -0.021484375
1793 -0.130859375
1794 -0.0166015625
1795 0.05078125
1796 0.0107421875
1797 -0.0927734375
1798 -0.0458984375
1799 0.013671875
1800 -0.025390625
1801 -0.1201171875
1802 -0.0048828125
1803 0.0625
1804 0.0205078125
1805 -0.02734375
1806 0.0732421875
1807 0.1357421875
1808 0.076171875
1809 0.0126953125
1810 0.109375
1811 0.1669921875
1812 0.1005859375
1813 0.0390625
1814 0.130859375
1815 0.1865234375
1816 0.1162109375
1817 -0.0029296875
1818 0.0908203125
1819 0.1435546875
1820 0.0810546875
1821 -0.0859375
1822 -0.0478515625
1823 0.009765625
1824 -0.03125
1825 -0.1484375
1826 -0.064453125
1827 0.0
1828 -0.041015625
1829 -0.2158203125
1830 -0.1416015625
1831 -0.064453125
1832 -0.087890625
1833 -0.2080078125
1834 -0.0771484375
1835 0.0009765625
1836 -0.0302734375
1837 -0.1279296875
1838 -0.080078125
1839 -0.0087890625
1840 -0.044921875
1841 -0.1884765625
1842 -0.0625
1843 0.0126953125
1844 -0.017578125
1845 -0.1103515625
1846 0.0048828125
1847 0.0703125
1848 0.02734375
1849 -0.072265625
1850 -0.03125
1851 0.0302734375
1852 -0.015625
1853 -0.10546875
1854 -0.0244140625
1855 0.0341796875
1856 -0.0126953125
1857 -0.109375
1858 0.0048828125
1859 0.0732421875
1860 0.0263671875
1861 -0.033203125
1862 0.0712890625
1863 0.130859375
1864 0.0732421875
1865 0.0048828125
1866 0.103515625
1867 0.1611328125
1868 0.09765625
1869 0.0341796875
1870 0.12890625
1871 0.1826171875
1872 0.11328125
1873 0.005859375
1874 0.1005859375
1875 0.154296875
1876 0.0888671875
1877 -0.033203125
1878 0.0654296875
1879 0.1201171875
1880 0.0615234375
1881 -0.078125
1882 -0.041015625
1883 0.01953125
1884 -0.025390625
1885 -0.1474609375
1886 -0.0302734375
1887 0.0390625
1888 -0.001953125
1889 -0.0791015625
1890 0.03125
1891 0.091796875
1892 0.0400390625
1893 -0.0888671875
1894 -0.05078125
1895 0.0107421875
1896 -0.03125
1897 -0.1396484375
1898 -0.0234375
1899 0.044921875
1900 0.0029296875
1901 -0.1015625
1902 -0.0546875
1903 0.0048828125
1904 -0.0341796875
1905 -0.12890625
1906 -0.0126953125
1907 0.056640625
1908 0.0126953125
1909 -0.0361328125
1910 0.0703125
1911 0.126953125
1912 0.0703125
1913 0.0107421875
1914 0.1064453125
1915 0.162109375
1916 0.0986328125
1917 0.0361328125
1918 0.12890625
1919 0.1806640625
1920 0.111328125
1921 -0.0087890625
1922 0.0830078125
1923 0.13671875
1924 0.0732421875
1925 -0.087890625
1926 -0.0537109375
1927 0.0029296875
1928 -0.0380859375
1929 -0.150390625
1930 -0.0693359375
1931 -0.0078125
1932 -0.0458984375
1933 -0.220703125
1934 -0.14453125
1935 -0.0693359375
1936 -0.091796875
1937 -0.212890625
1938 -0.080078125
1939 -0.00390625
1940 -0.03515625
1941 -0.1337890625
1942 -0.0849609375
1943 -0.0146484375
1944 -0.0517578125
1945 -0.16015625
1946 -0.0380859375
1947 0.0341796875
1948 -0.0048828125
1949 -0.078125
1950 0.03125
1951 0.09375
1952 0.041015625
1953 -0.0537109375
1954 -0.01171875
1955 0.0458984375
1956 -0.00390625
1957 -0.099609375
1958 -0.017578125
1959 0.037109375
1960 -0.009765625
1961 -0.107421875
1962 0.005859375
1963 0.0712890625
1964 0.0263671875
1965 -0.0400390625
1966 0.0634765625
1967 0.1240234375
1968 0.06640625
1969 -0.0048828125
1970 0.09375
1971 0.150390625
1972 0.0869140625
1973 0.0263671875
1974 0.119140625
1975 0.171875
1976 0.1064453125
1977 0.0009765625
1978 0.09375
1979 0.1455078125
1980 0.083984375
1981 -0.037109375
1982 0.05859375
1983 0.109375
1984 0.0576171875
1985 -0.08984375
1986 -0.052734375
1987 0.005859375
1988 -0.0341796875
1989 -0.158203125
1990 -0.0390625
1991 0.0302734375
1992 -0.0107421875
1993 -0.095703125
1994 0.0126953125
1995 0.076171875
1996 0.02734375
1997 -0.0966796875
1998 -0.05859375
1999 0.0029296875
2000 -0.037109375
2001 -0.1474609375
2002 -0.0283203125
2003 0.0390625
2004 -0.001953125
2005 -0.103515625
2006 -0.0537109375
2007 0.005859375
2008 -0.0361328125
2009 -0.1796875
2010 -0.052734375
2011 0.0166015625
2012 -0.0185546875
2013 -0.14453125
2014 -0.0986328125
2015 -0.0322265625
2016 -0.0615234375
2017 -0.169921875
2018 -0.0849609375
2019 -0.017578125
2020 -0.052734375
2021 -0.2216796875
2022 -0.146484375
2023 -0.0703125
2024 -0.0908203125
2025 -0.2080078125
2026 -0.0771484375
2027 -0.001953125
2028 -0.02734375
2029 -0.1259765625
2030 -0.0771484375
2031 -0.0107421875
2032 -0.04296875
2033 -0.1962890625
2034 -0.068359375
2035 0.0068359375
2036 -0.0205078125
2037 -0.1181640625
2038 -0.0048828125
2039 0.060546875
2040 0.0224609375
2041 -0.07421875
2042 -0.033203125
2043 0.02734375
2044 -0.0126953125
2045 -0.1044921875
2046 -0.0234375
2047 0.0341796875
2048 -0.009765625
2049 -0.103515625
2050 0.0078125
2051 0.0732421875
2052 0.0322265625
2053 -0.037109375
2054 0.0673828125
2055 0.1240234375
2056 0.072265625
2057 0.0068359375
2058 0.1025390625
2059 0.1572265625
2060 0.09765625
2061 0.0361328125
2062 0.12890625
2063 0.181640625
2064 0.1162109375
2065 0.0087890625
2066 0.1005859375
2067 0.154296875
2068 0.0908203125
2069 -0.03125
2070 0.06640625
2071 0.1201171875
2072 0.0634765625
2073 -0.076171875
2074 -0.0380859375
2075 0.01953125
2076 -0.0224609375
2077 -0.1455078125
2078 -0.0263671875
2079 0.0400390625
2080 0.001953125
2081 -0.07421875
2082 0.033203125
2083 0.0927734375
2084 0.044921875
2085 -0.0830078125
2086 -0.046875
2087 0.0126953125
2088 -0.025390625
2089 -0.1357421875
2090 -0.0185546875
2091 0.0478515625
2092 0.0068359375
2093 -0.09765625
2094 -0.0498046875
2095 0.0068359375
2096 -0.03125
2097 -0.126953125
2098 -0.0087890625
2099 0.056640625
2100 0.0146484375
2101 -0.033203125
2102 0.072265625
2103 0.1318359375
2104 0.072265625
2105 0.005859375
2106 0.1044921875
2107 0.1611328125
2108 0.0966796875
2109 0.0341796875
2110 0.1279296875
2111 0.1806640625
2112 0.111328125
2113 -0.0087890625
2114 0.0849609375
2115 0.138671875
2116 0.0751953125
2117 -0.0908203125
2118 -0.0537109375
2119 0.00390625
2120 -0.0380859375
2121 -0.1533203125
2122 -0.0673828125
2123 -0.0048828125
2124 -0.0458984375
2125 -0.21875
2126 -0.142578125
2127 -0.0673828125
2128 -0.091796875
2129 -0.2119140625
2130 -0.0791015625
2131 -0.0029296875
2132 -0.0341796875
2133 -0.130859375
2134 -0.08203125
2135 -0.01171875
2136 -0.048828125
2137 -0.1611328125
2138 -0.0380859375
2139 0.033203125
2140 -0.005859375
2141 -0.08203125
2142 0.0302734375
2143 0.08984375
2144 0.0419921875
2145 -0.0537109375
2146 -0.013671875
2147 0.0439453125
2148 -0.001953125
2149 -0.09765625
2150 -0.0166015625
2151 0.0380859375
2152 -0.009765625
2153 -0.1025390625
2154 0.0087890625
2155 0.0751953125
2156 0.02734375
2157 -0.037109375
2158 0.068359375
2159 0.12890625
2160 0.0703125
2161 0.001953125
2162 0.0986328125
2163 0.1572265625
2164 0.0927734375
2165 0.0283203125
2166 0.1240234375
2167 0.1806640625
2168 0.1083984375
2169 -0.001953125
2170 0.0947265625
2171 0.150390625
2172 0.08203125
2173 -0.0419921875
2174 0.0576171875
2175 0.115234375
2176 0.0546875
2177 -0.08984375
2178 -0.0517578125
2179 0.01171875
2180 -0.0361328125
2181 -0.1591796875
2182 -0.0380859375
2183 0.0322265625
2184 -0.009765625
2185 -0.0986328125
2186 0.0146484375
2187 0.080078125
2188 0.0283203125
2189 -0.095703125
2190 -0.0537109375
2191 0.0107421875
2192 -0.0341796875
2193 -0.1474609375
2194 -0.0263671875
2195 0.0458984375
2196 -0.0009765625
2197 -0.1025390625
2198 -0.052734375
2199 0.01171875
2200 -0.03515625
2201 -0.1787109375
2202 -0.052734375
2203 0.0234375
2204 -0.0185546875
2205 -0.1435546875
2206 -0.09765625
2207 -0.025390625
2208 -0.0634765625
2209 -0.1748046875
2210 -0.08203125
2211 -0.0126953125
2212 -0.05078125
2213 -0.2255859375
2214 -0.1435546875
2215 -0.064453125
2216 -0.0888671875
2217 -0.2138671875
2218 -0.07421875
2219 0.005859375
2220 -0.029296875
2221 -0.1279296875
2222 -0.0771484375
2223 -0.0048828125
2224 -0.04296875
2225 -0.19921875
2226 -0.06640625
2227 0.013671875
2228 -0.021484375
2229 -0.12109375
2230 -0.001953125
2231 0.0654296875
2232 0.0224609375
2233 -0.0771484375
2234 -0.03125
2235 0.0322265625
2236 -0.013671875
2237 -0.1083984375
2238 -0.021484375
2239 0.037109375
2240 -0.009765625
2241 -0.107421875
2242 0.009765625
2243 0.0791015625
2244 0.03125
2245 -0.0400390625
2246 0.068359375
2247 0.1318359375
2248 0.072265625
2249 0.0029296875
2250 0.103515625
2251 0.1630859375
2252 0.095703125
2253 0.03125
2254 0.1318359375
2255 0.185546875
2256 0.115234375
2257 0.0048828125
2258 0.1025390625
2259 0.1572265625
2260 0.08984375
2261 -0.03125
2262 0.0703125
2263 0.1259765625
2264 0.0654296875
2265 -0.072265625
2266 -0.033203125
2267 0.025390625
2268 -0.01953125
2269 -0.1435546875
2270 -0.025390625
2271 0.04296875
2272 0.0029296875
2273 -0.07421875
2274 0.0341796875
2275 0.0966796875
2276 0.0439453125
2277 -0.0859375
2278 -0.0458984375
2279 0.0107421875
2280 -0.02734375
2281 -0.1376953125
2282 -0.01953125
2283 0.046875
2284 0.005859375
2285 -0.0986328125
2286 -0.048828125
2287 0.0087890625
2288 -0.0322265625
2289 -0.12890625
2290 -0.0107421875
2291 0.060546875
2292 0.013671875
2293 -0.033203125
2294 0.072265625
2295 0.1318359375
2296 0.0712890625
2297 0.0068359375
2298 0.103515625
2299 0.1591796875
2300 0.0947265625
2301 0.0322265625
2302 0.126953125
2303 0.1806640625
2304 0.111328125
2305 -0.0087890625
2306 0.0849609375
2307 0.1357421875
2308 0.0751953125
2309 -0.08984375
2310 -0.0537109375
2311 0.001953125
2312 -0.037109375
2313 -0.1513671875
2314 -0.068359375
2315 -0.0068359375
2316 -0.0458984375
2317 -0.2177734375
2318 -0.1435546875
2319 -0.064453125
2320 -0.0908203125
2321 -0.212890625
2322 -0.080078125
2323 -0.001953125
2324 -0.0341796875
2325 -0.1318359375
2326 -0.0810546875
2327 -0.013671875
2328 -0.0478515625
2329 -0.16015625
2330 -0.0380859375
2331 0.0322265625
2332 -0.0048828125
2333 -0.080078125
2334 0.0283203125
2335 0.08984375
2336 0.041015625
2337 -0.0517578125
2338 -0.013671875
2339 0.0439453125
2340 -0.00390625
2341 -0.0966796875
2342 -0.017578125
2343 0.0380859375
2344 -0.0087890625
2345 -0.1015625
2346 0.0068359375
2347 0.0732421875
2348 0.0283203125
2349 -0.0361328125
2350 0.0673828125
2351 0.125
2352 0.0712890625
2353 0.0029296875
2354 0.099609375
2355 0.1533203125
2356 0.091796875
2357 0.0322265625
2358 0.12109375
2359 0.171875
2360 0.109375
2361 0.0048828125
2362 0.09375
2363 0.142578125
2364 0.0830078125
2365 -0.0322265625
2366 0.0595703125
2367 0.1083984375
2368 0.056640625
2369 -0.0830078125
2370 -0.0478515625
2371 0.0068359375
2372 -0.0302734375
2373 -0.150390625
2374 -0.0341796875
2375 0.025390625
2376 -0.0048828125
2377 -0.078125
2378 0.02734375
2379 0.083984375
2380 0.0361328125
2381 -0.0810546875
2382 -0.0478515625
2383 0.0087890625
2384 -0.02734375
2385 -0.1455078125
2386 -0.033203125
2387 0.0322265625
2388 -0.001953125
2389 -0.1064453125
2390 -0.060546875
2391 -0.0048828125
2392 -0.0400390625
2393 -0.1513671875
2394 -0.0341796875
2395 0.0322265625
2396 -0.0029296875
2397 -0.0458984375
2398 0.0556640625
2399 0.1142578125
2400 0.0625
2401 0.005859375
2402 0.0986328125
2403 0.1513671875
2404 0.091796875
2405 0.033203125
2406 0.123046875
2407 0.171875
2408 0.1064453125
2409 -0.01171875
2410 0.0791015625
2411 0.126953125
2412 0.0703125
2413 -0.091796875
2414 -0.0595703125
2415 -0.005859375
2416 -0.0419921875
2417 -0.15625
2418 -0.078125
2419 -0.0185546875
2420 -0.052734375
2421 -0.2353515625
2422 -0.1572265625
2423 -0.083984375
2424 -0.1005859375
2425 -0.24609375
2426 -0.1123046875
2427 -0.0322265625
2428 -0.052734375
2429 -0.1298828125
2430 -0.013671875
2431 0.05078125
2432 0.01171875
2433 -0.1220703125
2434 -0.08203125
2435 -0.01953125
2436 -0.05078125
2437 -0.169921875
2438 -0.0888671875
2439 -0.0234375
2440 -0.05078125
2441 -0.158203125
2442 -0.076171875
2443 -0.0126953125
2444 -0.044921875
2445 -0.1640625
2446 -0.04296875
2447 0.0263671875
2448 -0.0068359375
2449 -0.0966796875
2450 0.015625
2451 0.0810546875
2452 0.0322265625
2453 -0.029296875
2454 0.07421875
2455 0.134765625
2456 0.072265625
2457 -0.021484375
2458 0.025390625
2459 0.0791015625
2460 0.017578125
2461 -0.1142578125
2462 0.0
2463 0.064453125
2464 0.01953125
2465 -0.1220703125
2466 -0.0810546875
2467 -0.013671875
2468 -0.0498046875
2469 -0.1669921875
2470 -0.0771484375
2471 -0.009765625
2472 -0.046875
2473 -0.1630859375
2474 -0.0771484375
2475 -0.0078125
2476 -0.0478515625
2477 -0.1904296875
2478 -0.060546875
2479 0.015625
2480 -0.0185546875
2481 -0.0732421875
2482 0.0390625
2483 0.1025390625
2484 0.05078125
2485 -0.0439453125
2486 0.0048828125
2487 0.05859375
2488 0.0068359375
2489 -0.1240234375
2490 -0.0068359375
2491 0.0576171875
2492 0.015625
2493 -0.123046875
2494 -0.0810546875
2495 -0.0146484375
2496 -0.0478515625
2497 -0.1630859375
2498 -0.078125
2499 -0.0068359375
2500 -0.04296875
2501 -0.1572265625
2502 -0.0712890625
2503 -0.0048828125
2504 -0.041015625
2505 -0.18359375
2506 -0.0546875
2507 0.021484375
2508 -0.01171875
2509 -0.0712890625
2510 0.044921875
2511 0.107421875
2512 0.0556640625
2513 -0.0400390625
2514 0.01171875
2515 0.0654296875
2516 0.01171875
2517 -0.123046875
2518 -0.001953125
2519 0.06640625
2520 0.01953125
2521 -0.1181640625
2522 -0.078125
2523 -0.0068359375
2524 -0.04296875
2525 -0.158203125
2526 -0.0703125
2527 0.0
2528 -0.0380859375
2529 -0.154296875
2530 -0.06640625
2531 0.00390625
2532 -0.0361328125
2533 -0.1826171875
2534 -0.0498046875
2535 0.02734375
2536 -0.0068359375
2537 -0.06640625
2538 0.0478515625
2539 0.1142578125
2540 0.060546875
2541 -0.03515625
2542 0.0146484375
2543 0.0712890625
2544 0.0146484375
2545 -0.1162109375
2546 0.001953125
2547 0.0712890625
2548 0.025390625
2549 -0.115234375
2550 -0.0751953125
2551 -0.0048828125
2552 -0.0400390625
2553 -0.15625
2554 -0.06640625
2555 0.001953125
2556 -0.0341796875
2557 -0.150390625
2558 -0.0625
2559 0.00390625
2560 -0.0322265625
2561 -0.17578125
2562 -0.044921875
2563 0.0283203125
2564 -0.00390625
2565 -0.060546875
2566 0.0517578125
2567 0.1171875
2568 0.064453125
2569 -0.0302734375
2570 0.01953125
2571 0.07421875
2572 0.0205078125
2573 -0.1103515625
2574 0.005859375
2575 0.0732421875
2576 0.0302734375
2577 -0.1103515625
2578 -0.068359375
2579 0.0
2580 -0.03515625
2581 -0.15234375
2582 -0.0625
2583 0.0068359375
2584 -0.03125
2585 -0.1484375
2586 -0.060546875
2587 0.0087890625
2588 -0.029296875
2589 -0.1748046875
2590 -0.0439453125
2591 0.033203125
2592 -0.0009765625
2593 -0.0576171875
2594 0.056640625
2595 0.123046875
2596 0.06640625
2597 -0.02734375
2598 0.0224609375
2599 0.0791015625
2600 0.021484375
2601 -0.111328125
2602 0.0087890625
2603 0.0771484375
2604 0.03125
2605 -0.1083984375
2606 -0.0654296875
2607 0.001953125
2608 -0.0322265625
2609 -0.15234375
2610 -0.060546875
2611 0.0087890625
2612 -0.0283203125
2613 -0.14453125
2614 -0.0576171875
2615 0.0107421875
2616 -0.02734375
2617 -0.1708984375
2618 -0.0419921875
2619 0.037109375
2620 0.0009765625
2621 -0.0556640625
2622 0.05859375
2623 0.123046875
2624 0.0693359375
2625 -0.0263671875
2626 0.025390625
2627 0.0791015625
2628 0.0263671875
2629 -0.107421875
2630 0.0107421875
2631 0.078125
2632 0.0341796875
2633 -0.10546875
2634 -0.0654296875
2635 0.0068359375
2636 -0.0302734375
2637 -0.1474609375
2638 -0.05859375
2639 0.01171875
2640 -0.025390625
2641 -0.142578125
2642 -0.0537109375
2643 0.013671875
2644 -0.025390625
2645 -0.173828125
2646 -0.0390625
2647 0.0361328125
2648 0.001953125
2649 -0.0537109375
2650 0.060546875
2651 0.1259765625
2652 0.072265625
2653 -0.025390625
2654 0.0263671875
2655 0.08203125
2656 0.02734375
2657 -0.1083984375
2658 0.009765625
2659 0.080078125
2660 0.0341796875
2661 -0.10546875
2662 -0.064453125
2663 0.0078125
2664 -0.029296875
2665 -0.1435546875
2666 -0.056640625
2667 0.01171875
2668 -0.0224609375
2669 -0.140625
2670 -0.0517578125
2671 0.0146484375
2672 -0.0224609375
2673 -0.16796875
2674 -0.0361328125
2675 0.041015625
2676 0.0078125
2677 -0.0517578125
2678 0.0615234375
2679 0.126953125
2680 0.0732421875
2681 -0.01953125
2682 0.029296875
2683 0.08203125
2684 0.029296875
2685 -0.1025390625
2686 0.015625
2687 0.08203125
2688 0.0380859375
2689 -0.099609375
2690 -0.05859375
2691 0.0087890625
2692 -0.025390625
2693 -0.1396484375
2694 -0.0537109375
2695 0.01171875
2696 -0.01953125
2697 -0.13671875
2698 -0.0498046875
2699 0.0146484375
2700 -0.0185546875
2701 -0.1640625
2702 -0.0361328125
2703 0.0380859375
2704 0.0068359375
2705 -0.048828125
2706 0.0625
2707 0.1259765625
2708 0.0751953125
2709 -0.0205078125
2710 0.0283203125
2711 0.0830078125
2712 0.029296875
2713 -0.1005859375
2714 0.0146484375
2715 0.080078125
2716 0.0380859375
2717 -0.099609375
2718 -0.05859375
2719 0.0078125
2720 -0.0234375
2721 -0.1396484375
2722 -0.052734375
2723 0.015625
2724 -0.0205078125
2725 -0.134765625
2726 -0.0498046875
2727 0.015625
2728 -0.0185546875
2729 -0.1611328125
2730 -0.03515625
2731 0.0400390625
2732 0.0087890625
2733 -0.0458984375
2734 0.0634765625
2735 0.125
2736 0.0771484375
2737 -0.0166015625
2738 0.0302734375
2739 0.08203125
2740 0.033203125
2741 -0.09765625
2742 0.017578125
2743 0.0791015625
2744 0.041015625
2745 -0.095703125
2746 -0.0576171875
2747 0.0048828125
2748 -0.0224609375
2749 -0.13671875
2750 -0.0537109375
2751 0.01171875
2752 -0.0185546875
2753 -0.1328125
2754 -0.048828125
2755 0.0146484375
2756 -0.0185546875
2757 -0.1611328125
2758 -0.0361328125
2759 0.0361328125
2760 0.0087890625
2761 -0.044921875
2762 0.064453125
2763 0.1240234375
2764 0.0791015625
2765 -0.0166015625
2766 0.0322265625
2767 0.08203125
2768 0.033203125
2769 -0.0986328125
2770 0.015625
2771 0.08203125
2772 0.0380859375
2773 -0.09765625
2774 -0.060546875
2775 0.005859375
2776 -0.021484375
2777 -0.13671875
2778 -0.052734375
2779 0.013671875
2780 -0.01953125
2781 -0.1328125
2782 -0.048828125
2783 0.013671875
2784 -0.013671875
2785 -0.158203125
2786 -0.033203125
2787 0.0380859375
2788 0.01171875
2789 -0.041015625
2790 0.0673828125
2791 0.1240234375
2792 0.080078125
2793 -0.013671875
2794 0.0322265625
2795 0.0810546875
2796 0.03515625
2797 -0.09375
2798 0.0166015625
2799 0.080078125
2800 0.0419921875
2801 -0.0966796875
2802 -0.0576171875
2803 0.0078125
2804 -0.021484375
2805 -0.13671875
2806 -0.0517578125
2807 0.013671875
2808 -0.0185546875
2809 -0.1328125
2810 -0.048828125
2811 0.0166015625
2812 -0.0166015625
2813 -0.158203125
2814 -0.033203125
2815 0.0380859375
2816 0.01171875
2817 -0.04296875
2818 0.0654296875
2819 0.126953125
2820 0.0791015625
2821 -0.013671875
2822 0.0322265625
2823 0.0830078125
2824 0.0341796875
2825 -0.0947265625
2826 0.0166015625
2827 0.08203125
2828 0.04296875
2829 -0.0947265625
2830 -0.056640625
2831 0.0078125
2832 -0.021484375
2833 -0.1357421875
2834 -0.0498046875
2835 0.015625
2836 -0.017578125
2837 -0.1318359375
2838 -0.0478515625
2839 0.0185546875
2840 -0.015625
2841 -0.1572265625
2842 -0.03125
2843 0.0439453125
2844 0.013671875
2845 -0.0419921875
2846 0.06640625
2847 0.1298828125
2848 0.080078125
2849 -0.013671875
2850 0.0341796875
2851 0.0849609375
2852 0.03515625
2853 -0.095703125
2854 0.0185546875
2855 0.0810546875
2856 0.04296875
2857 -0.0966796875
2858 -0.056640625
2859 0.0087890625
2860 -0.0205078125
2861 -0.1337890625
2862 -0.0517578125
2863 0.0166015625
2864 -0.0166015625
2865 -0.1298828125
2866 -0.0478515625
2867 0.017578125
2868 -0.0146484375
2869 -0.158203125
2870 -0.033203125
2871 0.0419921875
2872 0.01171875
2873 -0.04296875
2874 0.068359375
2875 0.1298828125
2876 0.0810546875
2877 -0.015625
2878 0.0341796875
2879 0.0869140625
2880 0.0341796875
2881 -0.095703125
2882 0.01953125
2883 0.083984375
2884 0.0419921875
2885 -0.0966796875
2886 -0.0556640625
2887 0.0126953125
2888 -0.021484375
2889 -0.1337890625
2890 -0.048828125
2891 0.0185546875
2892 -0.015625
2893 -0.1298828125
2894 -0.0458984375
2895 0.0205078125
2896 -0.0146484375
2897 -0.15625
2898 -0.029296875
2899 0.0439453125
2900 0.013671875
2901 -0.04296875
2902 0.0703125
2903 0.1328125
2904 0.0810546875
2905 -0.013671875
2906 0.0341796875
2907 0.0888671875
2908 0.0361328125
2909 -0.0927734375
2910 0.0205078125
2911 0.087890625
2912 0.0458984375
2913 -0.0927734375
2914 -0.0517578125
2915 0.0166015625
2916 -0.017578125
2917 -0.1328125
2918 -0.0478515625
2919 0.01953125
2920 -0.0146484375
2921 -0.130859375
2922 -0.0439453125
2923 0.0205078125
2924 -0.013671875
2925 -0.1572265625
2926 -0.02734375
2927 0.04296875
2928 0.013671875
2929 -0.04296875
2930 0.0693359375
2931 0.1337890625
2932 0.080078125
2933 -0.013671875
2934 0.03515625
2935 0.08984375
2936 0.0341796875
2937 -0.095703125
2938 0.021484375
2939 0.0888671875
2940 0.0439453125
2941 -0.09375
2942 -0.052734375
2943 0.0146484375
2944 -0.01953125
2945 -0.134765625
2946 -0.048828125
2947 0.0205078125
2948 -0.0146484375
2949 -0.1318359375
2950 -0.044921875
2951 0.0224609375
2952 -0.013671875
2953 -0.1572265625
2954 -0.0283203125
2955 0.0478515625
2956 0.013671875
2957 -0.0439453125
2958 0.0693359375
2959 0.1328125
2960 0.0810546875
2961 -0.0126953125
2962 0.03515625
2963 0.08984375
2964 0.0361328125
2965 -0.091796875
2966 0.021484375
2967 0.0859375
2968 0.0458984375
2969 -0.0927734375
2970 -0.052734375
2971 0.013671875
2972 -0.017578125
2973 -0.1328125
2974 -0.0478515625
2975 0.017578125
2976 -0.0146484375
2977 -0.12890625
2978 -0.0458984375
2979 0.0205078125
2980 -0.013671875
2981 -0.1552734375
2982 -0.029296875
2983 0.0439453125
2984 0.013671875
2985 -0.0390625
2986 0.068359375
2987 0.130859375
2988 0.08203125
2989 -0.013671875
2990 0.03515625
2991 0.0869140625
2992 0.037109375
2993 -0.095703125
2994 0.0205078125
2995 0.0849609375
2996 0.044921875
2997 -0.09765625
2998 -0.0556640625
2999 0.0126953125
3000 -0.021484375
3001 -0.1357421875
3002 -0.05078125
3003 0.01953125
3004 -0.0166015625
3005 -0.130859375
3006 -0.0458984375
3007 0.0234375
3008 -0.0146484375
3009 -0.1572265625
3010 -0.02734375
3011 0.046875
3012 0.013671875
3013 -0.0419921875
3014 0.0703125
3015 0.1337890625
3016 0.08203125
3017 -0.013671875
3018 0.037109375
3019 0.08984375
3020 0.0361328125
3021 -0.09375
3022 0.0224609375
3023 0.087890625
3024 0.0439453125
3025 -0.091796875
3026 -0.0517578125
3027 0.013671875
3028 -0.0185546875
3029 -0.130859375
3030 -0.048828125
3031 0.017578125
3032 -0.013671875
3033 -0.1298828125
3034 -0.044921875
3035 0.017578125
3036 -0.01171875
3037 -0.1552734375
3038 -0.0283203125
3039 0.04296875
3040 0.015625
3041 -0.041015625
3042 0.068359375
3043 0.1298828125
3044 0.08203125
3045 -0.01171875
3046 0.0361328125
3047 0.0869140625
3048 0.037109375
3049 -0.0927734375
3050 0.01953125
3051 0.0869140625
3052 0.0458984375
3053 -0.09375
3054 -0.0546875
3055 0.0126953125
3056 -0.0185546875
3057 -0.1337890625
3058 -0.048828125
3059 0.0185546875
3060 -0.015625
3061 -0.1318359375
3062 -0.0439453125
3063 0.021484375
3064 -0.013671875
3065 -0.1572265625
3066 -0.02734375
3067 0.044921875
3068 0.013671875
3069 -0.0439453125
3070 0.0703125
3071 0.134765625
3072 0.0810546875
3073 -0.0126953125
3074 0.037109375
3075 0.091796875
3076 0.037109375
3077 -0.0927734375
3078 0.021484375
3079 0.0859375
3080 0.0458984375
3081 -0.0966796875
3082 -0.052734375
3083 0.013671875
3084 -0.017578125
3085 -0.134765625
3086 -0.048828125
3087 0.0185546875
3088 -0.0126953125
3089 -0.130859375
3090 -0.046875
3091 0.0205078125
3092 -0.0146484375
3093 -0.1591796875
3094 -0.0322265625
3095 0.04296875
3096 0.0126953125
3097 -0.0400390625
3098 0.068359375
3099 0.1328125
3100 0.08203125
3101 -0.0126953125
3102 0.0361328125
3103 0.087890625
3104 0.0380859375
3105 -0.095703125
3106 0.0205078125
3107 0.0869140625
3108 0.044921875
3109 -0.09375
3110 -0.052734375
3111 0.0146484375
3112 -0.01953125
3113 -0.1337890625
3114 -0.0478515625
3115 0.0224609375
3116 -0.0146484375
3117 -0.130859375
3118 -0.04296875
3119 0.025390625
3120 -0.01171875
3121 -0.1572265625
3122 -0.0283203125
3123 0.0498046875
3124 0.013671875
3125 -0.0458984375
3126 0.0712890625
3127 0.138671875
3128 0.08203125
3129 -0.013671875
3130 0.0390625
3131 0.0927734375
3132 0.037109375
3133 -0.095703125
3134 0.0244140625
3135 0.091796875
3136 0.044921875
3137 -0.0927734375
3138 -0.0498046875
3139 0.0205078125
3140 -0.0185546875
3141 -0.134765625
3142 -0.0478515625
3143 0.025390625
3144 -0.0166015625
3145 -0.130859375
3146 -0.0419921875
3147 0.0283203125
3148 -0.0126953125
3149 -0.1591796875
3150 -0.029296875
3151 0.048828125
3152 0.0146484375
3153 -0.044921875
3154 0.072265625
3155 0.13671875
3156 0.0830078125
3157 -0.013671875
3158 0.0380859375
3159 0.091796875
3160 0.037109375
3161 -0.095703125
3162 0.0224609375
3163 0.087890625
3164 0.044921875
3165 -0.0927734375
3166 -0.05078125
3167 0.017578125
3168 -0.0166015625
3169 -0.1328125
3170 -0.0458984375
3171 0.0224609375
3172 -0.013671875
3173 -0.130859375
3174 -0.0419921875
3175 0.0234375
3176 -0.013671875
3177 -0.1572265625
3178 -0.02734375
3179 0.048828125
3180 0.0146484375
3181 -0.044921875
3182 0.0712890625
3183 0.1376953125
3184 0.0810546875
3185 -0.0146484375
3186 0.03515625
3187 0.0927734375
3188 0.03515625
3189 -0.095703125
3190 0.0224609375
3191 0.08984375
3192 0.0439453125
3193 -0.0927734375
3194 -0.0498046875
3195 0.0166015625
3196 -0.017578125
3197 -0.134765625
3198 -0.0458984375
3199 0.0224609375
3200 -0.013671875
3201 -0.1298828125
3202 -0.0419921875
3203 0.0244140625
3204 -0.013671875
3205 -0.1591796875
3206 -0.029296875
3207 0.0478515625
3208 0.013671875
3209 -0.0439453125
3210 0.0712890625
3211 0.1357421875
3212 0.08203125
3213 -0.0126953125
3214 0.037109375
3215 0.091796875
3216 0.0380859375
3217 -0.0947265625
3218 0.0205078125
3219 0.087890625
3220 0.044921875
3221 -0.09375
3222 -0.0517578125
3223 0.0146484375
3224 -0.017578125
3225 -0.1337890625
3226 -0.046875
3227 0.021484375
3228 -0.015625
3229 -0.12890625
3230 -0.04296875
3231 0.0224609375
3232 -0.0126953125
3233 -0.1552734375
3234 -0.0302734375
3235 0.0458984375
3236 0.0146484375
3237 -0.041015625
3238 0.0693359375
3239 0.1337890625
3240 0.0830078125
3241 -0.0107421875
3242 0.037109375
3243 0.0888671875
3244 0.0380859375
3245 -0.0947265625
3246 0.0234375
3247 0.087890625
3248 0.0458984375
3249 -0.091796875
3250 -0.05078125
3251 0.017578125
3252 -0.017578125
3253 -0.1328125
3254 -0.046875
3255 0.025390625
3256 -0.013671875
3257 -0.12890625
3258 -0.0439453125
3259 0.0263671875
3260 -0.01171875
3261 -0.1572265625
3262 -0.0283203125
3263 0.0478515625
3264 0.0146484375
3265 -0.0419921875
3266 0.0712890625
3267 0.13671875
3268 0.08203125
3269 -0.01171875
3270 0.0380859375
3271 0.0927734375
3272 0.0390625
3273 -0.0947265625
3274 0.0224609375
3275 0.0888671875
3276 0.044921875
3277 -0.0927734375
3278 -0.0517578125
3279 0.017578125
3280 -0.0185546875
3281 -0.1337890625
3282 -0.046875
3283 0.021484375
3284 -0.013671875
3285 -0.1259765625
3286 -0.041015625
3287 0.0224609375
3288 -0.01171875
3289 -0.130859375
3290 -0.0078125
3291 0.0654296875
3292 0.0283203125
3293 -0.083984375
3294 -0.0361328125
3295 0.0302734375
3296 -0.0087890625
3297 -0.166015625
3298 -0.08984375
3299 -0.013671875
3300 -0.041015625
3301 -0.1337890625
3302 -0.0478515625
3303 0.0244140625
3304 -0.01171875
3305 -0.1787109375
3306 -0.11328125
3307 -0.0283203125
3308 -0.048828125
3309 -0.2080078125
3310 -0.125
3311 -0.041015625
3312 -0.05859375
3313 -0.1611328125
3314 -0.064453125
3315 0.0087890625
3316 -0.0205078125
3317 -0.1171875
3318 -0.02734375
3319 0.0390625
3320 0.0009765625
3321 -0.1083984375
3322 0.013671875
3323 0.0869140625
3324 0.044921875
3325 -0.076171875
3326 -0.0341796875
3327 0.0361328125
3328 -0.001953125
3329 -0.1162109375
3330 -0.0341796875
3331 0.0380859375
3332 0.0009765625
3333 -0.1181640625
3334 -0.0322265625
3335 0.0341796875
3336 0.0
3337 -0.10546875
3338 -0.0205078125
3339 0.044921875
3340 0.0087890625
3341 -0.0947265625
3342 -0.0166015625
3343 0.052734375
3344 0.013671875
3345 -0.11328125
3346 -0.029296875
3347 0.0380859375
3348 0.0009765625
3349 -0.1865234375
3350 -0.1103515625
3351 -0.029296875
3352 -0.0458984375
3353 -0.205078125
3354 -0.1298828125
3355 -0.056640625
3356 -0.046875
3357 -0.140625
3358 -0.06640625
3359 -0.0107421875
3360 -0.01171875
3361 -0.142578125
3362 -0.0703125
3363 -0.015625
3364 -0.015625
3365 -0.1552734375
3366 -0.0419921875
3367 0.0224609375
3368 0.021484375
3369 -0.0458984375
3370 0.0458984375
3371 0.09765625
3372 0.080078125
3373 0.0302734375
3374 0.11328125
3375 0.1552734375
3376 0.125
3377 0.0458984375
3378 0.064453125
3379 0.1005859375
3380 0.072265625
3381 -0.0224609375
3382 0.0283203125
3383 0.06640625
3384 0.0458984375
3385 -0.0556640625
3386 0.0068359375
3387 0.0439453125
3388 0.0263671875
3389 -0.07421875
3390 -0.013671875
3391 0.02734375
3392 0.015625
3393 -0.095703125
3394 0.0029296875
3395 0.0537109375
3396 0.0458984375
3397 -0.1015625
3398 -0.0751953125
3399 -0.0205078125
3400 -0.0185546875
3401 -0.1982421875
3402 -0.13671875
3403 -0.0703125
3404 -0.052734375
3405 -0.1552734375
3406 -0.078125
3407 -0.0224609375
3408 -0.017578125
3409 -0.158203125
3410 -0.0859375
3411 -0.0263671875
3412 -0.025390625
3413 -0.1513671875
3414 -0.041015625
3415 0.0205078125
3416 0.0224609375
3417 -0.056640625
3418 0.0361328125
3419 0.087890625
3420 0.0751953125
3421 -0.0029296875
3422 0.0791015625
3423 0.12109375
3424 0.1015625
3425 0.0234375
3426 0.1005859375
3427 0.1396484375
3428 0.115234375
3429 0.02734375
3430 0.1025390625
3431 0.1396484375
3432 0.1162109375
3433 0.01953125
3434 0.09375
3435 0.1328125
3436 0.109375
3437 0.0029296875
3438 0.08203125
3439 0.1220703125
3440 0.0986328125
3441 0.0419921875
3442 0.1162109375
3443 0.1533203125
3444 0.123046875
3445 0.017578125
3446 0.033203125
3447 0.06640625
3448 0.0439453125
3449 -0.0634765625
3450 -0.0107421875
3451 0.0302734375
3452 0.01953125
3453 -0.1240234375
3454 -0.05859375
3455 -0.0107421875
3456 -0.0146484375
3457 -0.1435546875
3458 -0.037109375
3459 0.0224609375
3460 0.017578125
3461 -0.060546875
3462 0.0283203125
3463 0.080078125
3464 0.0634765625
3465 -0.0234375
3466 0.05859375
3467 0.1044921875
3468 0.083984375
3469 -0.017578125
3470 0.0625
3471 0.103515625
3472 0.0830078125
3473 -0.0263671875
3474 0.0556640625
3475 0.09765625
3476 0.0771484375
3477 0.015625
3478 0.0947265625
3479 0.1279296875
3480 0.1015625
3481 -0.0224609375
3482 -0.0048828125
3483 0.0341796875
3484 0.017578125
3485 -0.1376953125
3486 -0.03515625
3487 0.0205078125
3488 0.0166015625
3489 -0.095703125
3490 -0.0712890625
3491 -0.0205078125
3492 -0.0234375
3493 -0.119140625
3494 -0.015625
3495 0.0380859375
3496 0.03125
3497 -0.0615234375
3498 -0.0595703125
3499 -0.00390625
3500 -0.009765625
3501 -0.09765625
3502 0.0009765625
3503 0.0517578125
3504 0.041015625
3505 -0.046875
3506 -0.0244140625
3507 0.0205078125
3508 0.0087890625
3509 -0.0869140625
3510 -0.029296875
3511 0.0185546875
3512 0.0048828125
3513 -0.1357421875
3514 -0.0693359375
3515 -0.0185546875
3516 -0.021484375
3517 -0.1513671875
3518 -0.0849609375
3519 -0.029296875
3520 -0.02734375
3521 -0.1796875
3522 -0.0673828125
3523 -0.00390625
3524 0.0
3525 -0.0859375
3526 0.009765625
3527 0.0625
3528 0.0517578125
3529 -0.037109375
3530 0.048828125
3531 0.09375
3532 0.0751953125
3533 -0.009765625
3534 0.0693359375
3535 0.1123046875
3536 0.08984375
3537 0.0087890625
3538 0.0859375
3539 0.126953125
3540 0.1005859375
3541 0.0107421875
3542 0.0869140625
3543 0.1259765625
3544 0.0986328125
3545 -0.0009765625
3546 0.0771484375
3547 0.1162109375
3548 0.091796875
3549 -0.0205078125
3550 0.0615234375
3551 0.1044921875
3552 0.078125
3553 0.00390625
3554 0.0830078125
3555 0.1220703125
3556 0.091796875
3557 -0.0361328125
3558 -0.021484375
3559 0.0234375
3560 0.005859375
3561 -0.0927734375
3562 0.0029296875
3563 0.052734375
3564 0.0380859375
3565 -0.0126953125
3566 0.0732421875
3567 0.1123046875
3568 0.0859375
3569 0.0361328125
3570 0.11328125
3571 0.1484375
3572 0.1123046875
3573 0.0546875
3574 0.1259765625
3575 0.1611328125
3576 0.1220703125
3577 0.0224609375
3578 0.037109375
3579 0.0693359375
3580 0.0400390625
3581 -0.0771484375
3582 -0.02734375
3583 0.013671875
3584 -0.001953125
3585 -0.123046875
3586 -0.0615234375
3587 -0.01171875
3588 -0.0244140625
3589 -0.138671875
3590 -0.076171875
3591 -0.0234375
3592 -0.03125
3593 -0.146484375
3594 -0.0771484375
3595 -0.0224609375
3596 -0.033203125
3597 -0.14453125
3598 -0.08203125
3599 -0.0263671875
3600 -0.0361328125
3601 -0.1728515625
3602 -0.1015625
3603 -0.041015625
3604 -0.0478515625
3605 -0.1494140625
3606 -0.0400390625
3607 0.0166015625
3608 0.0078125
3609 -0.119140625
3610 -0.0908203125
3611 -0.0322265625
3612 -0.037109375
3613 -0.13671875
3614 -0.068359375
3615 -0.015625
3616 -0.0234375
3617 -0.12890625
3618 -0.056640625
3619 -0.0107421875
3620 -0.0205078125
3621 -0.1328125
3622 -0.0634765625
3623 -0.009765625
3624 -0.0205078125
3625 -0.1748046875
3626 -0.060546875
3627 0.0009765625
3628 -0.0029296875
3629 -0.0693359375
3630 0.02734375
3631 0.078125
3632 0.05859375
3633 -0.0712890625
3634 0.0234375
3635 0.0693359375
3636 0.0537109375
3637 -0.0908203125
3638 -0.0703125
3639 -0.0185546875
3640 -0.0224609375
3641 -0.1884765625
3642 -0.1142578125
3643 -0.046875
3644 -0.0458984375
3645 -0.1513671875
3646 -0.076171875
3647 -0.021484375
3648 -0.02734375
3649 -0.1123046875
3650 -0.0068359375
3651 0.0498046875
3652 0.0361328125
3653 -0.056640625
3654 -0.0517578125
3655 0.0029296875
3656 -0.005859375
3657 -0.1171875
3658 -0.01171875
3659 0.0439453125
3660 0.033203125
3661 -0.060546875
3662 0.0341796875
3663 0.0849609375
3664 0.0634765625
3665 -0.0361328125
3666 -0.0146484375
3667 0.0302734375
3668 0.0126953125
3669 -0.107421875
3670 -0.0048828125
3671 0.046875
3672 0.03515625
3673 -0.1025390625
3674 -0.0771484375
3675 -0.0205078125
3676 -0.02734375
3677 -0.2109375
3678 -0.130859375
3679 -0.0615234375
3680 -0.0537109375
3681 -0.162109375
3682 -0.0859375
3683 -0.029296875
3684 -0.029296875
3685 -0.1630859375
3686 -0.0849609375
3687 -0.0283203125
3688 -0.029296875
3689 -0.1904296875
3690 -0.0693359375
3691 -0.00390625
3692 -0.0009765625
3693 -0.0546875
3694 0.04296875
3695 0.0908203125
3696 0.072265625
3697 -0.0068359375
3698 0.0810546875
3699 0.125
3700 0.099609375
3701 0.0029296875
3702 0.087890625
3703 0.126953125
3704 0.1025390625
3705 0.041015625
3706 0.119140625
3707 0.1552734375
3708 0.123046875
3709 0.0322265625
3710 0.046875
3711 0.08203125
3712 0.0556640625
3713 -0.044921875
3714 0.0107421875
3715 0.05078125
3716 0.029296875
3717 -0.0771484375
3718 -0.0185546875
3719 0.0234375
3720 0.009765625
3721 -0.1591796875
3722 -0.0478515625
3723 0.0087890625
3724 0.0068359375
3725 -0.1376953125
3726 -0.1064453125
3727 -0.0458984375
3728 -0.0400390625
3729 -0.2138671875
3730 -0.0888671875
3731 -0.0166015625
3732 -0.009765625
3733 -0.0625
3734 0.033203125
3735 0.0810546875
3736 0.0634765625
3737 -0.0087890625
3738 0.076171875
3739 0.1181640625
3740 0.0947265625
3741 0.0068359375
3742 0.087890625
3743 0.126953125
3744 0.1015625
3745 0.0517578125
3746 0.126953125
3747 0.162109375
3748 0.1298828125
3749 0.01953125
3750 0.037109375
3751 0.068359375
3752 0.0458984375
3753 -0.1357421875
3754 -0.080078125
3755 -0.0244140625
3756 -0.0283203125
3757 -0.1318359375
3758 -0.068359375
3759 -0.013671875
3760 -0.0205078125
3761 -0.1611328125
3762 -0.087890625
3763 -0.03125
3764 -0.033203125
3765 -0.1708984375
3766 -0.0576171875
3767 0.00390625
3768 0.0048828125
3769 -0.080078125
3770 0.015625
3771 0.068359375
3772 0.0537109375
3773 -0.0361328125
3774 0.0498046875
3775 0.09765625
3776 0.0771484375
3777 -0.013671875
3778 0.0693359375
3779 0.1123046875
3780 0.087890625
3781 -0.001953125
3782 0.0771484375
3783 0.119140625
3784 0.09375
3785 -0.001953125
3786 0.07421875
3787 0.1162109375
3788 0.0908203125
3789 -0.02734375
3790 0.0556640625
3791 0.0966796875
3792 0.0751953125
3793 -0.0146484375
3794 0.0673828125
3795 0.1103515625
3796 0.083984375
3797 0.0302734375
3798 0.1103515625
3799 0.146484375
3800 0.11328125
3801 0.060546875
3802 0.1337890625
3803 0.1689453125
3804 0.1298828125
3805 0.0419921875
3806 0.060546875
3807 0.091796875
3808 0.056640625
3809 -0.0712890625
3810 -0.0234375
3811 0.017578125
3812 0.0
3813 -0.146484375
3814 -0.08203125
3815 -0.0283203125
3816 -0.03515625
3817 -0.1435546875
3818 -0.0380859375
3819 0.0185546875
3820 0.009765625
3821 -0.0302734375
3822 0.05859375
3823 0.1025390625
3824 0.0751953125
3825 0.0439453125
3826 0.1201171875
3827 0.1611328125
3828 0.12109375
3829 0.078125
3830 0.1474609375
3831 0.1826171875
3832 0.140625
3833 0.08203125
3834 0.1484375
3835 0.1787109375
3836 0.1376953125
3837 0.0849609375
3838 0.15234375
3839 0.18359375
3840 0.140625
3841 0.0576171875
3842 0.0791015625
3843 0.103515625
3844 0.0654296875
3845 -0.029296875
3846 0.05078125
3847 0.08984375
3848 0.060546875
3849 -0.033203125
3850 -0.0166015625
3851 0.0224609375
3852 0.0
3853 -0.103515625
3854 -0.0478515625
3855 -0.00390625
3856 -0.0205078125
3857 -0.1201171875
3858 -0.05859375
3859 -0.013671875
3860 -0.02734375
3861 -0.134765625
3862 -0.0712890625
3863 -0.025390625
3864 -0.0361328125
3865 -0.1376953125
3866 -0.0703125
3867 -0.021484375
3868 -0.0341796875
3869 -0.177734375
3870 -0.1064453125
3871 -0.052734375
3872 -0.0576171875
3873 -0.1962890625
3874 -0.12109375
3875 -0.0615234375
3876 -0.0634765625
3877 -0.181640625
3878 -0.0751953125
3879 -0.01171875
3880 -0.0126953125
3881 -0.0771484375
3882 0.013671875
3883 0.060546875
3884 0.046875
3885 -0.0244140625
3886 0.056640625
3887 0.0986328125
3888 0.0732421875
3889 0.005859375
3890 0.0810546875
3891 0.119140625
3892 0.08984375
3893 0.015625
3894 0.0859375
3895 0.1240234375
3896 0.0927734375
3897 0.037109375
3898 0.107421875
3899 0.1396484375
3900 0.1064453125
3901 0.029296875
3902 0.04296875
3903 0.0732421875
3904 0.044921875
3905 -0.056640625
3906 -0.0048828125
3907 0.029296875
3908 0.0078125
3909 -0.0927734375
3910 -0.03515625
3911 0.0009765625
3912 -0.0107421875
3913 -0.0947265625
3914 -0.0048828125
3915 0.04296875
3916 0.0263671875
3917 -0.01171875
3918 0.0673828125
3919 0.1083984375
3920 0.080078125
3921 -0.0205078125
3922 -0.00390625
3923 0.03125
3924 0.0078125
3925 -0.1474609375
3926 -0.0478515625
3927 0.0009765625
3928 -0.0029296875
3929 -0.13671875
3930 -0.1123046875
3931 -0.056640625
3932 -0.0556640625
3933 -0.1611328125
3934 -0.0537109375
3935 0.0009765625
3936 -0.0029296875
3937 -0.07421875
3938 0.0166015625
3939 0.0615234375
3940 0.04296875
3941 -0.0517578125
3942 -0.0322265625
3943 0.0107421875
3944 -0.0068359375
3945 -0.1455078125
3946 -0.0810546875
3947 -0.0341796875
3948 -0.0419921875
3949 -0.1962890625
3950 -0.126953125
3951 -0.06640625
3952 -0.064453125
3953 -0.19921875
3954 -0.1220703125
3955 -0.06640625
3956 -0.060546875
3957 -0.158203125
3958 -0.0849609375
3959 -0.0322265625
3960 -0.0361328125
3961 -0.158203125
3962 -0.0517578125
3963 0.0029296875
3964 0.0009765625
3965 -0.166015625
3966 -0.1376953125
3967 -0.07421875
3968 -0.0673828125
3969 -0.1806640625
3970 -0.1103515625
3971 -0.0498046875
3972 -0.0478515625
3973 -0.1279296875
3974 -0.060546875
3975 -0.009765625
3976 -0.017578125
3977 -0.140625
3978 -0.0712890625
3979 -0.0234375
3980 -0.02734375
3981 -0.173828125
3982 -0.0625
3983 -0.0029296875
3984 -0.0009765625
3985 -0.0390625
3986 0.0478515625
3987 0.0947265625
3988 0.07421875
3989 0.0224609375
3990 0.1005859375
3991 0.1376953125
3992 0.107421875
3993 0.001953125
3994 0.0166015625
3995 0.0517578125
3996 0.029296875
3997 -0.087890625
3998 -0.0322265625
3999 -0.0185546875
4000 0.0283203125
4001 -0.033203125
4002 0.00390625
4003 0.0107421875
4004 0.052734375
4005 0.025390625
4006 0.0517578125
4007 0.0537109375
4008 0.0869140625
4009 0.0107421875
4010 -0.029296875
4011 -0.02734375
4012 0.0126953125
4013 -0.0546875
4014 -0.0537109375
4015 -0.0439453125
4016 -0.0029296875
4017 -0.1044921875
4018 -0.0888671875
4019 -0.0771484375
4020 -0.0283203125
4021 -0.1181640625
4022 -0.0634765625
4023 -0.0439453125
4024 0.0087890625
4025 -0.0361328125
4026 0.0009765625
4027 0.0107421875
4028 0.052734375
4029 0.0029296875
4030 0.03125
4031 0.0380859375
4032 0.0712890625
4033 0.0283203125
4034 0.05078125
4035 0.0537109375
4036 0.0849609375
4037 0.0400390625
4038 0.05859375
4039 0.05859375
4040 0.0908203125
4041 0.0322265625
4042 0.0556640625
4043 0.052734375
4044 0.0849609375
4045 0.0087890625
4046 0.0341796875
4047 0.033203125
4048 0.0693359375
4049 0.0185546875
4050 0.0419921875
4051 0.04296875
4052 0.0771484375
4053 0.0693359375
4054 0.083984375
4055 0.08203125
4056 0.107421875
4057 0.099609375
4058 0.1103515625
4059 0.1044921875
4060 0.1240234375
4061 0.0791015625
4062 0.041015625
4063 0.0283203125
4064 0.052734375
4065 -0.03515625
4066 -0.04296875
4067 -0.04296875
4068 -0.001953125
4069 -0.111328125
4070 -0.1015625
4071 -0.0869140625
4072 -0.037109375
4073 -0.1064453125
4074 -0.056640625
4075 -0.041015625
4076 0.005859375
4077 0.009765625
4078 0.037109375
4079 0.041015625
4080 0.07421875
4081 0.0869140625
4082 0.1005859375
4083 0.09765625
4084 0.12109375
4085 0.1201171875
4086 0.1279296875
4087 0.1201171875
4088 0.1396484375
4089 0.12109375
4090 0.1279296875
4091 0.1171875
4092 0.1337890625
4093 0.1259765625
4094 0.1328125
4095 0.1220703125
4096 0.13671875
4097 0.099609375
4098 0.0576171875
4099 0.0419921875
4100 0.0625
4101 0.01171875
4102 0.0322265625
4103 0.0322265625
4104 0.0595703125
4105 0.0048828125
4106 -0.03515625
4107 -0.03515625
4108 -0.001953125
4109 -0.0693359375
4110 -0.0673828125
4111 -0.064453125
4112 -0.0224609375
4113 -0.08203125
4114 -0.076171875
4115 -0.0693359375
4116 -0.02734375
4117 -0.0986328125
4118 -0.08984375
4119 -0.083984375
4120 -0.0380859375
4121 -0.126953125
4122 -0.1123046875
4123 -0.09765625
4124 -0.05078125
4125 -0.1083984375
4126 -0.1005859375
4127 -0.087890625
4128 -0.041015625
4129 -0.0869140625
4130 -0.076171875
4131 -0.0693359375
4132 -0.025390625
4133 -0.0927734375
4134 -0.080078125
4135 -0.0712890625
4136 -0.02734375
4137 -0.1435546875
4138 -0.1455078125
4139 -0.1240234375
4140 -0.064453125
4141 -0.126953125
4142 -0.111328125
4143 -0.0947265625
4144 -0.0419921875
4145 -0.111328125
4146 -0.0947265625
4147 -0.0830078125
4148 -0.03515625
4149 -0.0810546875
4150 -0.037109375
4151 -0.021484375
4152 0.0234375
4153 -0.0283203125
4154 -0.083984375
4155 -0.06640625
4156 -0.01953125
4157 -0.09765625
4158 -0.0478515625
4159 -0.03125
4160 0.0166015625
4161 -0.046875
4162 -0.0087890625
4163 0.001953125
4164 0.044921875
4165 -0.0166015625
4166 -0.05078125
4167 -0.04296875
4168 -0.0029296875
4169 -0.08203125
4170 -0.037109375
4171 -0.0234375
4172 0.021484375
4173 -0.08203125
4174 -0.1103515625
4175 -0.0927734375
4176 -0.0419921875
4177 -0.173828125
4178 -0.1455078125
4179 -0.1181640625
4180 -0.0595703125
4181 -0.13671875
4182 -0.111328125
4183 -0.09375
4184 -0.0400390625
4185 -0.11328125
4186 -0.09375
4187 -0.076171875
4188 -0.0244140625
4189 -0.134765625
4190 -0.115234375
4191 -0.0947265625
4192 -0.0380859375
4193 -0.1064453125
4194 -0.0908203125
4195 -0.0712890625
4196 -0.0234375
4197 -0.1005859375
4198 -0.0888671875
4199 -0.072265625
4200 -0.021484375
4201 -0.1337890625
4202 -0.1142578125
4203 -0.08984375
4204 -0.0322265625
4205 -0.1025390625
4206 -0.0458984375
4207 -0.029296875
4208 0.0234375
4209 0.0283203125
4210 0.0595703125
4211 0.0654296875
4212 0.09765625
4213 0.1083984375
4214 0.125
4215 0.1240234375
4216 0.1455078125
4217 0.1455078125
4218 0.154296875
4219 0.1484375
4220 0.166015625
4221 0.1494140625
4222 0.1552734375
4223 0.146484375
4224 0.162109375
4225 0.154296875
4226 0.16015625
4227 0.150390625
4228 0.1650390625
4229 0.1259765625
4230 0.0849609375
4231 0.0693359375
4232 0.0888671875
4233 0.037109375
4234 0.05859375
4235 0.0576171875
4236 0.0849609375
4237 0.0283203125
4238 -0.0107421875
4239 -0.0107421875
4240 0.0205078125
4241 -0.0458984375
4242 -0.0458984375
4243 -0.0390625
4244 -0.0009765625
4245 -0.05859375
4246 -0.0546875
4247 -0.0458984375
4248 -0.0078125
4249 -0.078125
4250 -0.0703125
4251 -0.0615234375
4252 -0.017578125
4253 -0.1064453125
4254 -0.0908203125
4255 -0.0771484375
4256 -0.0283203125
4257 -0.0888671875
4258 -0.078125
4259 -0.0673828125
4260 -0.0205078125
4261 -0.068359375
4262 -0.056640625
4263 -0.0478515625
4264 -0.005859375
4265 -0.0712890625
4266 -0.060546875
4267 -0.0517578125
4268 -0.0087890625
4269 -0.12109375
4270 -0.12890625
4271 -0.10546875
4272 -0.0478515625
4273 -0.1064453125
4274 -0.091796875
4275 -0.0732421875
4276 -0.0234375
4277 -0.091796875
4278 -0.0751953125
4279 -0.064453125
4280 -0.015625
4281 -0.0654296875
4282 -0.017578125
4283 -0.005859375
4284 0.0380859375
4285 -0.0126953125
4286 -0.0673828125
4287 -0.0498046875
4288 -0.0048828125
4289 -0.0712890625
4290 -0.02734375
4291 -0.0107421875
4292 0.03515625
4293 -0.013671875
4294 0.01953125
4295 0.029296875
4296 0.068359375
4297 0.0107421875
4298 -0.025390625
4299 -0.0205078125
4300 0.01953125
4301 -0.060546875
4302 -0.015625
4303 -0.0068359375
4304 0.0380859375
4305 -0.052734375
4306 -0.08203125
4307 -0.0693359375
4308 -0.021484375
4309 -0.15234375
4310 -0.126953125
4311 -0.1005859375
4312 -0.04296875
4313 -0.1181640625
4314 -0.095703125
4315 -0.078125
4316 -0.02734375
4317 -0.0966796875
4318 -0.0810546875
4319 -0.0654296875
4320 -0.0146484375
4321 -0.1201171875
4322 -0.103515625
4323 -0.0830078125
4324 -0.0263671875
4325 -0.09765625
4326 -0.0791015625
4327 -0.0625
4328 -0.0107421875
4329 -0.0927734375
4330 -0.080078125
4331 -0.0634765625
4332 -0.0107421875
4333 -0.1298828125
4334 -0.107421875
4335 -0.0830078125
4336 -0.0263671875
4337 -0.095703125
4338 -0.0400390625
4339 -0.021484375
4340 0.0302734375
4341 0.03515625
4342 0.0673828125
4343 0.072265625
4344 0.10546875
4345 0.1171875
4346 0.1337890625
4347 0.12890625
4348 0.1533203125
4349 0.154296875
4350 0.1640625
4351 0.1552734375
4352 0.171875
4353 0.158203125
4354 0.162109375
4355 0.1533203125
4356 0.169921875
4357 0.162109375
4358 0.1669921875
4359 0.15625
4360 0.171875
4361 0.134765625
4362 0.091796875
4363 0.0771484375
4364 0.0947265625
4365 0.044921875
4366 0.0654296875
4367 0.0634765625
4368 0.0927734375
4369 0.037109375
4370 -0.001953125
4371 -0.0048828125
4372 0.029296875
4373 -0.0390625
4374 -0.037109375
4375 -0.0322265625
4376 0.005859375
4377 -0.05078125
4378 -0.046875
4379 -0.0380859375
4380 -0.0009765625
4381 -0.0703125
4382 -0.064453125
4383 -0.0537109375
4384 -0.009765625
4385 -0.1005859375
4386 -0.0869140625
4387 -0.0712890625
4388 -0.021484375
4389 -0.083984375
4390 -0.072265625
4391 -0.0625
4392 -0.0146484375
4393 -0.0615234375
4394 -0.05078125
4395 -0.0439453125
4396 -0.001953125
4397 -0.0673828125
4398 -0.0556640625
4399 -0.046875
4400 -0.0048828125
4401 -0.1171875
4402 -0.123046875
4403 -0.099609375
4404 -0.0419921875
4405 -0.1005859375
4406 -0.0869140625
4407 -0.0693359375
4408 -0.01953125
4409 -0.0859375
4410 -0.0693359375
4411 -0.060546875
4412 -0.0107421875
4413 -0.0576171875
4414 -0.013671875
4415 -0.0009765625
4416 0.0458984375
4417 -0.0078125
4418 -0.0615234375
4419 -0.0458984375
4420 0.001953125
4421 -0.0673828125
4422 -0.021484375
4423 -0.0078125
4424 0.0390625
4425 -0.0078125
4426 0.0234375
4427 0.0341796875
4428 0.072265625
4429 0.0126953125
4430 -0.0224609375
4431 -0.0185546875
4432 0.0224609375
4433 -0.0595703125
4434 -0.0126953125
4435 -0.0048828125
4436 0.0419921875
4437 -0.0546875
4438 -0.080078125
4439 -0.068359375
4440 -0.0166015625
4441 -0.150390625
4442 -0.1240234375
4443 -0.0986328125
4444 -0.041015625
4445 -0.115234375
4446 -0.09375
4447 -0.076171875
4448 -0.0234375
4449 -0.0947265625
4450 -0.0771484375
4451 -0.0615234375
4452 -0.009765625
4453 -0.119140625
4454 -0.1005859375
4455 -0.080078125
4456 -0.0224609375
4457 -0.091796875
4458 -0.07421875
4459 -0.0595703125
4460 -0.0068359375
4461 -0.0888671875
4462 -0.0771484375
4463 -0.0615234375
4464 -0.0068359375
4465 -0.123046875
4466 -0.1025390625
4467 -0.078125
4468 -0.0224609375
4469 -0.08984375
4470 -0.0361328125
4471 -0.017578125
4472 0.0341796875
4473 0.0400390625
4474 0.0703125
4475 0.07421875
4476 0.111328125
4477 0.12109375
4478 0.13671875
4479 0.1328125
4480 0.158203125
4481 0.158203125
4482 0.1650390625
4483 0.1572265625
4484 0.1767578125
4485 0.1611328125
4486 0.166015625
4487 0.1533203125
4488 0.173828125
4489 0.1650390625
4490 0.1689453125
4491 0.158203125
4492 0.1748046875
4493 0.134765625
4494 0.0947265625
4495 0.0791015625
4496 0.0986328125
4497 0.0498046875
4498 0.06640625
4499 0.064453125
4500 0.095703125
4501 0.0380859375
4502 0.0
4503 -0.0048828125
4504 0.03125
4505 -0.0361328125
4506 -0.0341796875
4507 -0.03125
4508 0.0107421875
4509 -0.0478515625
4510 -0.04296875
4511 -0.0380859375
4512 0.00390625
4513 -0.0673828125
4514 -0.060546875
4515 -0.0517578125
4516 -0.0068359375
4517 -0.0966796875
4518 -0.08203125
4519 -0.068359375
4520 -0.01953125
4521 -0.0791015625
4522 -0.0703125
4523 -0.0595703125
4524 -0.0126953125
4525 -0.0595703125
4526 -0.0478515625
4527 -0.0439453125
4528 0.0009765625
4529 -0.064453125
4530 -0.0546875
4531 -0.044921875
4532 0.0
4533 -0.1171875
4534 -0.1220703125
4535 -0.0986328125
4536 -0.0400390625
4537 -0.0986328125
4538 -0.0849609375
4539 -0.06640625
4540 -0.0166015625
4541 -0.0830078125
4542 -0.0693359375
4543 -0.05859375
4544 -0.009765625
4545 -0.0546875
4546 -0.01171875
4547 0.0029296875
4548 0.0478515625
4549 -0.0078125
4550 -0.05859375
4551 -0.0439453125
4552 0.0048828125
4553 -0.064453125
4554 -0.017578125
4555 -0.0048828125
4556 0.0439453125
4557 -0.0068359375
4558 0.0263671875
4559 0.0341796875
4560 0.0732421875
4561 0.0146484375
4562 -0.0205078125
4563 -0.0166015625
4564 0.0244140625
4565 -0.056640625
4566 -0.0126953125
4567 -0.001953125
4568 0.0439453125
4569 -0.052734375
4570 -0.080078125
4571 -0.0673828125
4572 -0.015625
4573 -0.1494140625
4574 -0.12109375
4575 -0.09765625
4576 -0.0380859375
4577 -0.115234375
4578 -0.09375
4579 -0.0751953125
4580 -0.0244140625
4581 -0.09375
4582 -0.0771484375
4583 -0.0595703125
4584 -0.009765625
4585 -0.1123046875
4586 -0.0986328125
4587 -0.078125
4588 -0.0205078125
4589 -0.0888671875
4590 -0.07421875
4591 -0.0576171875
4592 -0.005859375
4593 -0.0849609375
4594 -0.0712890625
4595 -0.0576171875
4596 -0.0048828125
4597 -0.125
4598 -0.1025390625
4599 -0.0791015625
4600 -0.021484375
4601 -0.0908203125
4602 -0.0341796875
4603 -0.015625
4604 0.0361328125
4605 0.0419921875
4606 0.0732421875
4607 0.0791015625
4608 0.1103515625
4609 0.123046875
4610 0.1376953125
4611 0.13671875
4612 0.1591796875
4613 0.1591796875
4614 0.1669921875
4615 0.158203125
4616 0.177734375
4617 0.162109375
4618 0.16796875
4619 0.15625
4620 0.173828125
4621 0.1669921875
4622 0.1708984375
4623 0.16015625
4624 0.1748046875
4625 0.1357421875
4626 0.095703125
4627 0.080078125
4628 0.0986328125
4629 0.0478515625
4630 0.0693359375
4631 0.0673828125
4632 0.095703125
4633 0.0400390625
4634 0.0
4635 -0.0009765625
4636 0.0322265625
4637 -0.03515625
4638 -0.0341796875
4639 -0.03125
4640 0.0107421875
4641 -0.046875
4642 -0.0439453125
4643 -0.037109375
4644 0.005859375
4645 -0.06640625
4646 -0.05859375
4647 -0.05078125
4648 -0.005859375
4649 -0.095703125
4650 -0.0810546875
4651 -0.06640625
4652 -0.01953125
4653 -0.080078125
4654 -0.0703125
4655 -0.056640625
4656 -0.0107421875
4657 -0.05859375
4658 -0.0478515625
4659 -0.0400390625
4660 0.0029296875
4661 -0.064453125
4662 -0.052734375
4663 -0.04296875
4664 0.0
4665 -0.115234375
4666 -0.1201171875
4667 -0.0966796875
4668 -0.0390625
4669 -0.09765625
4670 -0.083984375
4671 -0.06640625
4672 -0.015625
4673 -0.083984375
4674 -0.068359375
4675 -0.056640625
4676 -0.0087890625
4677 -0.0537109375
4678 -0.0107421875
4679 0.0029296875
4680 0.0478515625
4681 -0.0048828125
4682 -0.0595703125
4683 -0.04296875
4684 0.00390625
4685 -0.064453125
4686 -0.0166015625
4687 -0.0048828125
4688 0.0439453125
4689 -0.0087890625
4690 0.0263671875
4691 0.0341796875
4692 0.0751953125
4693 0.0146484375
4694 -0.021484375
4695 -0.0166015625
4696 0.0224609375
4697 -0.056640625
4698 -0.01171875
4699 -0.0009765625
4700 0.044921875
4701 -0.0498046875
4702 -0.0771484375
4703 -0.0634765625
4704 -0.0146484375
4705 -0.1494140625
4706 -0.119140625
4707 -0.095703125
4708 -0.0380859375
4709 -0.1142578125
4710 -0.0908203125
4711 -0.0732421875
4712 -0.021484375
4713 -0.0947265625
4714 -0.0751953125
4715 -0.060546875
4716 -0.0087890625
4717 -0.1171875
4718 -0.0986328125
4719 -0.078125
4720 -0.021484375
4721 -0.08984375
4722 -0.0751953125
4723 -0.056640625
4724 -0.0068359375
4725 -0.0849609375
4726 -0.0732421875
4727 -0.05859375
4728 -0.0048828125
4729 -0.1201171875
4730 -0.099609375
4731 -0.0771484375
4732 -0.0185546875
4733 -0.08984375
4734 -0.033203125
4735 -0.013671875
4736 0.0390625
4737 0.0419921875
4738 0.0732421875
4739 0.080078125
4740 0.1123046875
4741 0.123046875
4742 0.1396484375
4743 0.138671875
4744 0.1591796875
4745 0.158203125
4746 0.1669921875
4747 0.1630859375
4748 0.177734375
4749 0.162109375
4750 0.1689453125
4751 0.158203125
4752 0.1748046875
4753 0.1650390625
4754 0.1728515625
4755 0.1611328125
4756 0.177734375
4757 0.1376953125
4758 0.0986328125
4759 0.0830078125
4760 0.099609375
4761 0.048828125
4762 0.0703125
4763 0.0673828125
4764 0.0966796875
4765 0.0400390625
4766 0.0009765625
4767 -0.0009765625
4768 0.033203125
4769 -0.0341796875
4770 -0.0341796875
4771 -0.0283203125
4772 0.0107421875
4773 -0.046875
4774 -0.04296875
4775 -0.0361328125
4776 0.00390625
4777 -0.06640625
4778 -0.0595703125
4779 -0.05078125
4780 -0.005859375
4781 -0.0947265625
4782 -0.0810546875
4783 -0.06640625
4784 -0.0185546875
4785 -0.078125
4786 -0.0703125
4787 -0.0546875
4788 -0.0107421875
4789 -0.0576171875
4790 -0.046875
4791 -0.0390625
4792 0.001953125
4793 -0.0634765625
4794 -0.052734375
4795 -0.0400390625
4796 0.0009765625
4797 -0.1103515625
4798 -0.119140625
4799 -0.09375
4800 -0.0380859375
4801 -0.0966796875
4802 -0.08203125
4803 -0.0634765625
4804 -0.013671875
4805 -0.08203125
4806 -0.0654296875
4807 -0.0556640625
4808 -0.0087890625
4809 -0.0556640625
4810 -0.0107421875
4811 0.0029296875
4812 0.048828125
4813 -0.001953125
4814 -0.0595703125
4815 -0.0400390625
4816 0.0029296875
4817 -0.06640625
4818 -0.0185546875
4819 -0.001953125
4820 0.0439453125
4821 -0.0068359375
4822 0.02734375
4823 0.037109375
4824 0.076171875
4825 0.0166015625
4826 -0.0185546875
4827 -0.0146484375
4828 0.0263671875
4829 -0.0546875
4830 -0.009765625
4831 0.001953125
4832 0.046875
4833 -0.046875
4834 -0.076171875
4835 -0.060546875
4836 -0.0146484375
4837 -0.1474609375
4838 -0.12109375
4839 -0.091796875
4840 -0.037109375
4841 -0.111328125
4842 -0.0888671875
4843 -0.0703125
4844 -0.01953125
4845 -0.091796875
4846 -0.0732421875
4847 -0.05859375
4848 -0.0078125
4849 -0.115234375
4850 -0.095703125
4851 -0.0751953125
4852 -0.0205078125
4853 -0.0888671875
4854 -0.072265625
4855 -0.0556640625
4856 -0.005859375
4857 -0.0849609375
4858 -0.072265625
4859 -0.056640625
4860 -0.0048828125
4861 -0.1220703125
4862 -0.1015625
4863 -0.0771484375
4864 -0.0205078125
4865 -0.08984375
4866 -0.0341796875
4867 -0.015625
4868 0.037109375
4869 0.041015625
4870 0.07421875
4871 0.0791015625
4872 0.11328125
4873 0.123046875
4874 0.1396484375
4875 0.1376953125
4876 0.1611328125
4877 0.16015625
4878 0.1669921875
4879 0.162109375
4880 0.1787109375
4881 0.1640625
4882 0.169921875
4883 0.1591796875
4884 0.1767578125
4885 0.16796875
4886 0.171875
4887 0.162109375
4888 0.177734375
4889 0.138671875
4890 0.0986328125
4891 0.0830078125
4892 0.1015625
4893 0.048828125
4894 0.0712890625
4895 0.0693359375
4896 0.09765625
4897 0.0419921875
4898 0.0048828125
4899 0.0
4900 0.0341796875
4901 -0.0322265625
4902 -0.0341796875
4903 -0.0283203125
4904 0.01171875
4905 -0.0439453125
4906 -0.04296875
4907 -0.0341796875
4908 0.005859375
4909 -0.064453125
4910 -0.05859375
4911 -0.0498046875
4912 -0.0068359375
4913 -0.0947265625
4914 -0.0810546875
4915 -0.0654296875
4916 -0.0185546875
4917 -0.0791015625
4918 -0.068359375
4919 -0.056640625
4920 -0.0087890625
4921 -0.0595703125
4922 -0.046875
4923 -0.0380859375
4924 0.00390625
4925 -0.0615234375
4926 -0.052734375
4927 -0.041015625
4928 0.0009765625
4929 -0.111328125
4930 -0.119140625
4931 -0.0947265625
4932 -0.037109375
4933 -0.095703125
4934 -0.08203125
4935 -0.064453125
4936 -0.013671875
4937 -0.08203125
4938 -0.0654296875
4939 -0.0556640625
4940 -0.005859375
4941 -0.052734375
4942 -0.0087890625
4943 0.0029296875
4944 0.048828125
4945 -0.001953125
4946 -0.056640625
4947 -0.04296875
4948 0.005859375
4949 -0.0615234375
4950 -0.0166015625
4951 -0.0029296875
4952 0.044921875
4953 -0.005859375
4954 0.0263671875
4955 0.0361328125
4956 0.076171875
4957 0.013671875
4958 -0.021484375
4959 -0.0166015625
4960 0.0244140625
4961 -0.0556640625
4962 -0.0087890625
4963 -0.0029296875
4964 0.0478515625
4965 -0.0517578125
4966 -0.078125
4967 -0.06640625
4968 -0.0126953125
4969 -0.1484375
4970 -0.1201171875
4971 -0.0947265625
4972 -0.037109375
4973 -0.1123046875
4974 -0.0908203125
4975 -0.072265625
4976 -0.0205078125
4977 -0.091796875
4978 -0.07421875
4979 -0.0576171875
4980 -0.005859375
4981 -0.1162109375
4982 -0.0966796875
4983 -0.078125
4984 -0.0185546875
4985 -0.087890625
4986 -0.0712890625
4987 -0.056640625
4988 -0.00390625
4989 -0.0830078125
4990 -0.0703125
4991 -0.0556640625
4992 -0.00390625
4993 -0.1220703125
4994 -0.0986328125
4995 -0.0771484375
4996 -0.0185546875
4997 -0.087890625
4998 -0.033203125
4999 -0.0146484375
