x y
0 -0.0234375
1 -0.1962890625
2 -0.1416015625
3 -0.080078125
4 -0.0712890625
5 -0.4384765625
6 -0.11328125
7 -0.0380859375
8 -0.060546875
9 -0.1748046875
10 -0.08203125
11 -0.013671875
12 -0.0380859375
13 -0.1474609375
14 -0.0205078125
15 0.0537109375
16 0.0166015625
17 -0.091796875
18 -0.0673828125
19 0.0078125
20 -0.025390625
21 -0.1484375
22 -0.0224609375
23 0.0537109375
24 0.0185546875
25 -0.11328125
26 -0.0673828125
27 0.0048828125
28 -0.025390625
29 -0.1435546875
30 -0.05078125
31 0.0185546875
32 -0.0185546875
33 -0.12109375
34 -0.0322265625
35 0.0341796875
36 -0.0048828125
37 -0.1259765625
38 -0.0009765625
39 0.0712890625
40 0.0322265625
41 -0.05859375
42 0.056640625
43 0.123046875
44 0.0703125
45 0.0087890625
46 0.1123046875
47 0.1728515625
48 0.111328125
49 0.0146484375
50 0.064453125
51 0.11328125
52 0.0537109375
53 -0.0771484375
54 0.0380859375
55 0.1005859375
56 0.052734375
57 -0.0859375
58 -0.0439453125
59 0.01953125
60 -0.0146484375
61 -0.130859375
62 -0.04296875
63 0.0224609375
64 -0.0146484375
65 -0.12890625
66 -0.0419921875
67 0.0234375
68 -0.0146484375
69 -0.1552734375
70 -0.02734375
71 0.046875
72 0.0126953125
73 -0.0439453125
74 0.0703125
75 0.1328125
76 0.080078125
77 -0.0146484375
78 0.0361328125
79 0.08984375
80 0.0341796875
81 -0.0966796875
82 0.021484375
83 0.087890625
84 0.0419921875
85 -0.095703125
86 -0.0546875
87 0.0126953125
88 -0.021484375
89 -0.1357421875
90 -0.0478515625
91 0.01953125
92 -0.015625
93 -0.1298828125
94 -0.04296875
95 0.0224609375
96 -0.0146484375
97 -0.15625
98 -0.02734375
99 0.0439453125
100 0.0146484375
101 -0.0419921875
102 0.0703125
103 0.1318359375
104 0.08203125
105 -0.013671875
106 0.0361328125
107 0.0888671875
108 0.03515625
109 -0.095703125
110 0.0205078125
111 0.0859375
112 0.0419921875
113 -0.09765625
114 -0.0556640625
115 0.01171875
116 -0.0224609375
117 -0.1337890625
118 -0.0498046875
119 0.0166015625
120 -0.0166015625
121 -0.130859375
122 -0.0419921875
123 0.0205078125
124 -0.013671875
125 -0.15625
126 -0.029296875
127 0.044921875
128 0.0126953125
129 -0.0419921875
130 0.068359375
131 0.130859375
132 0.080078125
133 -0.0126953125
134 0.037109375
135 0.0888671875
136 0.03515625
137 -0.0947265625
138 0.021484375
139 0.0859375
140 0.0419921875
141 -0.0966796875
142 -0.056640625
143 0.01171875
144 -0.0224609375
145 -0.1357421875
146 -0.048828125
147 0.01953125
148 -0.017578125
149 -0.1298828125
150 -0.0419921875
151 0.0224609375
152 -0.0146484375
153 -0.154296875
154 -0.0263671875
155 0.048828125
156 0.013671875
157 -0.04296875
158 0.0703125
159 0.134765625
160 0.0810546875
161 -0.0126953125
162 0.037109375
163 0.08984375
164 0.03515625
165 -0.09765625
166 0.021484375
167 0.0869140625
168 0.04296875
169 -0.095703125
170 -0.0537109375
171 0.013671875
172 -0.0205078125
173 -0.1376953125
174 -0.048828125
175 0.0205078125
176 -0.0166015625
177 -0.130859375
178 -0.04296875
179 0.021484375
180 -0.0146484375
181 -0.154296875
182 -0.02734375
183 0.0458984375
184 0.013671875
185 -0.0419921875
186 0.0712890625
187 0.1318359375
188 0.0810546875
189 -0.0126953125
190 0.037109375
191 0.0888671875
192 0.0361328125
193 -0.09375
194 0.021484375
195 0.08203125
196 0.044921875
197 -0.095703125
198 -0.056640625
199 0.009765625
200 -0.0205078125
201 -0.1337890625
202 -0.0498046875
203 0.0166015625
204 -0.0166015625
205 -0.130859375
206 -0.0439453125
207 0.0205078125
208 -0.0146484375
209 -0.154296875
210 -0.0283203125
211 0.0419921875
212 0.0146484375
213 -0.0400390625
214 0.0703125
215 0.126953125
216 0.08203125
217 -0.0107421875
218 0.0361328125
219 0.083984375
220 0.037109375
221 -0.0908203125
222 0.01953125
223 0.0830078125
224 0.0439453125
225 -0.09375
226 -0.0546875
227 0.0087890625
228 -0.01953125
229 -0.1328125
230 -0.0498046875
231 0.0146484375
232 -0.015625
233 -0.1279296875
234 -0.04296875
235 0.01953125
236 -0.013671875
237 -0.1552734375
238 -0.0283203125
239 0.04296875
240 0.013671875
241 -0.041015625
242 0.0703125
243 0.130859375
244 0.0810546875
245 -0.009765625
246 0.03515625
247 0.0849609375
248 0.03515625
249 -0.0908203125
250 0.0205078125
251 0.0810546875
252 0.0439453125
253 -0.09375
254 -0.0537109375
255 0.0078125
256 -0.0185546875
257 -0.1328125
258 -0.048828125
259 0.0146484375
260 -0.015625
261 -0.125
262 -0.0419921875
263 0.017578125
264 -0.01171875
265 -0.1494140625
266 -0.02734375
267 0.044921875
268 0.015625
269 -0.0390625
270 0.0703125
271 0.130859375
272 0.080078125
273 -0.0078125
274 0.0361328125
275 0.0869140625
276 0.037109375
277 -0.087890625
278 0.0224609375
279 0.0810546875
280 0.046875
281 -0.08984375
282 -0.0517578125
283 0.009765625
284 -0.017578125
285 -0.126953125
286 -0.0478515625
287 0.015625
288 -0.013671875
289 -0.1240234375
290 -0.0419921875
291 0.0185546875
292 -0.0126953125
293 -0.150390625
294 -0.0283203125
295 0.04296875
296 0.015625
297 -0.0361328125
298 0.0712890625
299 0.12890625
300 0.083984375
301 -0.0087890625
302 0.03515625
303 0.0830078125
304 0.037109375
305 -0.091796875
306 0.0205078125
307 0.08203125
308 0.0439453125
309 -0.0927734375
310 -0.052734375
311 0.0107421875
312 -0.0185546875
313 -0.12890625
314 -0.046875
315 0.015625
316 -0.0146484375
317 -0.125
318 -0.0419921875
319 0.0205078125
320 -0.0126953125
321 -0.1494140625
322 -0.0283203125
323 0.04296875
324 0.0146484375
325 -0.03515625
326 0.0693359375
327 0.126953125
328 0.083984375
329 -0.009765625
330 0.0380859375
331 0.083984375
332 0.037109375
333 -0.0888671875
334 0.021484375
335 0.083984375
336 0.046875
337 -0.0908203125
338 -0.0537109375
339 0.0107421875
340 -0.0185546875
341 -0.12890625
342 -0.046875
343 0.0185546875
344 -0.015625
345 -0.1259765625
346 -0.0400390625
347 0.01953125
348 -0.01171875
349 -0.1533203125
350 -0.0283203125
351 0.0439453125
352 0.0166015625
353 -0.0390625
354 0.0693359375
355 0.1279296875
356 0.0830078125
357 -0.0107421875
358 0.0361328125
359 0.0849609375
360 0.037109375
361 -0.091796875
362 0.01953125
363 0.08203125
364 0.0439453125
365 -0.09375
366 -0.0556640625
367 0.0078125
368 -0.0205078125
369 -0.1318359375
370 -0.0478515625
371 0.015625
372 -0.013671875
373 -0.1259765625
374 -0.0419921875
375 0.01953125
376 -0.0126953125
377 -0.1484375
378 -0.0244140625
379 0.0439453125
380 0.0166015625
381 -0.0380859375
382 0.0732421875
383 0.1318359375
384 0.0830078125
385 -0.0087890625
386 0.0380859375
387 0.0888671875
388 0.0380859375
389 -0.0888671875
390 0.021484375
391 0.0869140625
392 0.044921875
393 -0.0908203125
394 -0.052734375
395 0.0107421875
396 -0.017578125
397 -0.1328125
398 -0.0478515625
399 0.0166015625
400 -0.013671875
401 -0.12890625
402 -0.0400390625
403 0.01953125
404 -0.013671875
405 -0.1533203125
406 -0.0263671875
407 0.044921875
408 0.013671875
409 -0.0361328125
410 0.0693359375
411 0.1298828125
412 0.08203125
413 -0.0087890625
414 0.037109375
415 0.0888671875
416 0.0380859375
417 -0.091796875
418 0.0224609375
419 0.0830078125
420 0.044921875
421 -0.0927734375
422 -0.052734375
423 0.0107421875
424 -0.0185546875
425 -0.1328125
426 -0.0478515625
427 0.017578125
428 -0.0146484375
429 -0.126953125
430 -0.0419921875
431 0.0205078125
432 -0.013671875
433 -0.1533203125
434 -0.0263671875
435 0.046875
436 0.015625
437 -0.0400390625
438 0.0712890625
439 0.1328125
440 0.08203125
441 -0.0126953125
442 0.0390625
443 0.0888671875
444 0.0380859375
445 -0.0927734375
446 0.0224609375
447 0.0869140625
448 0.044921875
449 -0.095703125
450 -0.0546875
451 0.013671875
452 -0.0224609375
453 -0.134765625
454 -0.0478515625
455 0.021484375
456 -0.015625
457 -0.1318359375
458 -0.041015625
459 0.025390625
460 -0.013671875
461 -0.1572265625
462 -0.0263671875
463 0.048828125
464 0.013671875
465 -0.0439453125
466 0.072265625
467 0.1376953125
468 0.0810546875
469 -0.013671875
470 0.0390625
471 0.0927734375
472 0.037109375
473 -0.09765625
474 0.021484375
475 0.0908203125
476 0.04296875
477 -0.095703125
478 -0.052734375
479 0.0185546875
480 -0.021484375
481 -0.1357421875
482 -0.0458984375
483 0.0244140625
484 -0.0146484375
485 -0.130859375
486 -0.041015625
487 0.025390625
488 -0.0126953125
489 -0.154296875
490 -0.0224609375
491 0.0517578125
492 0.015625
493 -0.0439453125
494 0.072265625
495 0.1376953125
496 0.08203125
497 -0.0126953125
498 0.0380859375
499 0.0947265625
500 0.0361328125
501 -0.095703125
502 0.0234375
503 0.091796875
504 0.0458984375
505 -0.091796875
506 -0.0498046875
507 0.01953125
508 -0.0185546875
509 -0.1337890625
510 -0.044921875
511 0.0244140625
512 -0.013671875
513 -0.1298828125
514 -0.0380859375
515 0.0263671875
516 -0.01171875
517 -0.1552734375
518 -0.0244140625
519 0.0517578125
520 0.0146484375
521 -0.04296875
522 0.072265625
523 0.13671875
524 0.0830078125
525 -0.0107421875
526 0.0380859375
527 0.0947265625
528 0.0380859375
529 -0.0927734375
530 0.0234375
531 0.0869140625
532 0.044921875
533 -0.09375
534 -0.05078125
535 0.0146484375
536 -0.017578125
537 -0.134765625
538 -0.044921875
539 0.0224609375
540 -0.01171875
541 -0.12890625
542 -0.041015625
543 0.025390625
544 -0.0126953125
545 -0.1572265625
546 -0.0263671875
547 0.048828125
548 0.0146484375
549 -0.0419921875
550 0.0712890625
551 0.13671875
552 0.08203125
553 -0.0126953125
554 0.0390625
555 0.0927734375
556 0.0361328125
557 -0.0947265625
558 0.025390625
559 0.0908203125
560 0.044921875
561 -0.0927734375
562 -0.0498046875
563 0.0166015625
564 -0.017578125
565 -0.1328125
566 -0.046875
567 0.0224609375
568 -0.015625
569 -0.1279296875
570 -0.0400390625
571 0.0263671875
572 -0.013671875
573 -0.1552734375
574 -0.0263671875
575 0.048828125
576 0.0146484375
577 -0.041015625
578 0.0712890625
579 0.134765625
580 0.08203125
581 -0.013671875
582 0.0390625
583 0.09375
584 0.037109375
585 -0.095703125
586 0.0224609375
587 0.0888671875
588 0.0439453125
589 -0.0947265625
590 -0.052734375
591 0.0166015625
592 -0.0205078125
593 -0.1337890625
594 -0.048828125
595 0.01953125
596 -0.0166015625
597 -0.1298828125
598 -0.041015625
599 0.0244140625
600 -0.013671875
601 -0.1533203125
602 -0.025390625
603 0.0458984375
604 0.015625
605 -0.0400390625
606 0.0732421875
607 0.1357421875
608 0.0830078125
609 -0.009765625
610 0.0390625
611 0.091796875
612 0.0390625
613 -0.0927734375
614 0.025390625
615 0.0888671875
616 0.044921875
617 -0.0927734375
618 -0.05078125
619 0.0146484375
620 -0.01953125
621 -0.1337890625
622 -0.0458984375
623 0.021484375
624 -0.0146484375
625 -0.12890625
626 -0.041015625
627 0.0224609375
628 -0.01171875
629 -0.154296875
630 -0.0244140625
631 0.046875
632 0.0166015625
633 -0.0380859375
634 0.0712890625
635 0.134765625
636 0.08203125
637 -0.0107421875
638 0.037109375
639 0.0908203125
640 0.0380859375
641 -0.09375
642 0.021484375
643 0.0869140625
644 0.0439453125
645 -0.0947265625
646 -0.052734375
647 0.0146484375
648 -0.0185546875
649 -0.1328125
650 -0.044921875
651 0.021484375
652 -0.0146484375
653 -0.12890625
654 -0.041015625
655 0.0244140625
656 -0.01171875
657 -0.1533203125
658 -0.0263671875
659 0.0478515625
660 0.0166015625
661 -0.0400390625
662 0.0712890625
663 0.134765625
664 0.08203125
665 -0.0107421875
666 0.0390625
667 0.09375
668 0.0390625
669 -0.0927734375
670 0.0234375
671 0.0888671875
672 0.0458984375
673 -0.0927734375
674 -0.0517578125
675 0.0166015625
676 -0.0166015625
677 -0.1337890625
678 -0.0458984375
679 0.0224609375
680 -0.013671875
681 -0.1279296875
682 -0.041015625
683 0.025390625
684 -0.0126953125
685 -0.15625
686 -0.02734375
687 0.0478515625
688 0.013671875
689 -0.041015625
690 0.0712890625
691 0.1318359375
692 0.08203125
693 -0.013671875
694 0.0380859375
695 0.0908203125
696 0.0361328125
697 -0.0947265625
698 0.0234375
699 0.0869140625
700 0.044921875
701 -0.0947265625
702 -0.05078125
703 0.015625
704 -0.01953125
705 -0.1328125
706 -0.0458984375
707 0.0244140625
708 -0.013671875
709 -0.1279296875
710 -0.0390625
711 0.0263671875
712 -0.0107421875
713 -0.15234375
714 -0.0244140625
715 0.0498046875
716 0.015625
717 -0.0390625
718 0.07421875
719 0.13671875
720 0.0830078125
721 -0.01171875
722 0.0390625
723 0.0927734375
724 0.0400390625
725 -0.091796875
726 0.0244140625
727 0.091796875
728 0.0458984375
729 -0.0908203125
730 -0.0498046875
731 0.01953125
732 -0.0166015625
733 -0.130859375
734 -0.0439453125
735 0.0244140625
736 -0.0146484375
737 -0.1298828125
738 -0.041015625
739 0.0244140625
740 -0.013671875
741 -0.15625
742 -0.025390625
743 0.048828125
744 0.0146484375
745 -0.04296875
746 0.07421875
747 0.1376953125
748 0.0830078125
749 -0.0126953125
750 0.0390625
751 0.0927734375
752 0.0361328125
753 -0.0927734375
754 0.0224609375
755 0.087890625
756 0.044921875
757 -0.091796875
758 -0.0498046875
759 0.017578125
760 -0.0166015625
761 -0.134765625
762 -0.044921875
763 0.0234375
764 -0.0107421875
765 -0.12890625
766 -0.0390625
767 0.025390625
768 -0.0107421875
769 -0.1533203125
770 -0.0244140625
771 0.0478515625
772 0.0166015625
773 -0.0400390625
774 0.0732421875
775 0.13671875
776 0.0830078125
777 -0.009765625
778 0.0390625
779 0.091796875
780 0.0380859375
781 -0.09375
782 0.0234375
783 0.0888671875
784 0.044921875
785 -0.09375
786 -0.05078125
787 0.0185546875
788 -0.01953125
789 -0.13671875
790 -0.0458984375
791 0.0234375
792 -0.0146484375
793 -0.126953125
794 -0.0400390625
795 0.0263671875
796 -0.013671875
797 -0.15625
798 -0.02734375
799 0.05078125
800 0.013671875
801 -0.041015625
802 0.0712890625
803 0.13671875
804 0.0830078125
805 -0.0107421875
806 0.0390625
807 0.0927734375
808 0.0380859375
809 -0.095703125
810 0.0234375
811 0.087890625
812 0.0439453125
813 -0.0947265625
814 -0.0517578125
815 0.015625
816 -0.017578125
817 -0.1328125
818 -0.0458984375
819 0.0205078125
820 -0.0146484375
821 -0.1279296875
822 -0.041015625
823 0.0244140625
824 -0.0126953125
825 -0.1533203125
826 -0.0263671875
827 0.0517578125
828 0.0166015625
829 -0.041015625
830 0.072265625
831 0.1357421875
832 0.083984375
833 -0.01171875
834 0.0380859375
835 0.0927734375
836 0.0380859375
837 -0.09375
838 0.0234375
839 0.08984375
840 0.044921875
841 -0.0927734375
842 -0.05078125
843 0.017578125
844 -0.0185546875
845 -0.1328125
846 -0.044921875
847 0.0244140625
848 -0.015625
849 -0.12890625
850 -0.0400390625
851 0.02734375
852 -0.01171875
853 -0.1552734375
854 -0.025390625
855 0.05078125
856 0.015625
857 -0.0419921875
858 0.0732421875
859 0.1376953125
860 0.0830078125
861 -0.01171875
862 0.0400390625
863 0.0947265625
864 0.0390625
865 -0.095703125
866 0.0224609375
867 0.0908203125
868 0.044921875
869 -0.091796875
870 -0.05078125
871 0.017578125
872 -0.017578125
873 -0.1337890625
874 -0.0458984375
875 0.0234375
876 -0.013671875
877 -0.130859375
878 -0.0400390625
879 0.0263671875
880 -0.0126953125
881 -0.15625
882 -0.0263671875
883 0.046875
884 0.013671875
885 -0.041015625
886 0.072265625
887 0.134765625
888 0.08203125
889 -0.0107421875
890 0.037109375
891 0.091796875
892 0.037109375
893 -0.09375
894 0.0224609375
895 0.0888671875
896 0.0439453125
897 -0.0927734375
898 -0.0498046875
899 0.0166015625
900 -0.017578125
901 -0.1337890625
902 -0.044921875
903 0.021484375
904 -0.01171875
905 -0.1298828125
906 -0.041015625
907 0.025390625
908 -0.01171875
909 -0.1552734375
910 -0.0283203125
911 0.048828125
912 0.0146484375
913 -0.0390625
914 0.0712890625
915 0.134765625
916 0.0830078125
917 -0.0107421875
918 0.0380859375
919 0.0908203125
920 0.0380859375
921 -0.0947265625
922 0.021484375
923 0.0849609375
924 0.044921875
925 -0.0947265625
926 -0.0517578125
927 0.01171875
928 -0.0185546875
929 -0.1337890625
930 -0.0478515625
931 0.0205078125
932 -0.0146484375
933 -0.126953125
934 -0.041015625
935 0.0234375
936 -0.013671875
937 -0.1533203125
938 -0.025390625
939 0.0478515625
940 0.0166015625
941 -0.0390625
942 0.0703125
943 0.1328125
944 0.0830078125
945 -0.009765625
946 0.0390625
947 0.0908203125
948 0.0390625
949 -0.0888671875
950 0.025390625
951 0.0869140625
952 0.0478515625
953 -0.091796875
954 -0.0517578125
955 0.0146484375
956 -0.017578125
957 -0.130859375
958 -0.0458984375
959 0.0234375
960 -0.0126953125
961 -0.125
962 -0.041015625
963 0.025390625
964 -0.0107421875
965 -0.15234375
966 -0.025390625
967 0.046875
968 0.0146484375
969 -0.0400390625
970 0.0732421875
971 0.1357421875
972 0.0830078125
973 -0.009765625
974 0.0400390625
975 0.0927734375
976 0.0380859375
977 -0.09375
978 0.0224609375
979 0.0859375
980 0.0439453125
981 -0.0927734375
982 -0.0537109375
983 0.0107421875
984 -0.01953125
985 -0.1279296875
986 -0.0478515625
987 0.0166015625
988 -0.0126953125
989 -0.1259765625
990 -0.0400390625
991 0.01953125
992 -0.009765625
993 -0.150390625
994 -0.025390625
995 0.04296875
996 0.0185546875
997 -0.03515625
998 0.072265625
999 0.130859375
1000 0.0830078125
1001 -0.0078125
1002 0.0380859375
1003 0.0859375
1004 0.0380859375
1005 -0.0888671875
1006 0.0224609375
1007 0.0849609375
1008 0.0458984375
1009 -0.0908203125
1010 -0.0537109375
1011 0.009765625
1012 -0.0166015625
1013 -0.1279296875
1014 -0.046875
1015 0.0146484375
1016 -0.0107421875
1017 -0.123046875
1018 -0.0400390625
1019 0.0185546875
1020 -0.009765625
1021 -0.1494140625
1022 -0.0283203125
1023 0.0419921875
1024 0.017578125
1025 -0.03515625
1026 0.0703125
1027 0.1279296875
1028 0.0830078125
1029 -0.0078125
1030 0.037109375
1031 0.0849609375
1032 0.0380859375
1033 -0.0888671875
1034 0.0205078125
1035 0.08203125
1036 0.0458984375
1037 -0.09375
1038 -0.0546875
1039 0.0078125
1040 -0.017578125
1041 -0.12890625
1042 -0.0478515625
1043 0.013671875
1044 -0.0126953125
1045 -0.1240234375
1046 -0.04296875
1047 0.017578125
1048 -0.0107421875
1049 -0.1474609375
1050 -0.0263671875
1051 0.0458984375
1052 0.0185546875
1053 -0.033203125
1054 0.072265625
1055 0.1318359375
1056 0.083984375
1057 -0.0068359375
1058 0.0380859375
1059 0.087890625
1060 0.0400390625
1061 -0.087890625
1062 0.0244140625
1063 0.083984375
1064 0.0478515625
1065 -0.0888671875
1066 -0.0517578125
1067 0.009765625
1068 -0.017578125
1069 -0.1279296875
1070 -0.0478515625
1071 0.0146484375
1072 -0.013671875
1073 -0.1240234375
1074 -0.0439453125
1075 0.015625
1076 -0.0126953125
1077 -0.150390625
1078 -0.02734375
1079 0.0419921875
1080 0.017578125
1081 -0.0361328125
1082 0.072265625
1083 0.130859375
1084 0.0849609375
1085 -0.0078125
1086 0.0390625
1087 0.087890625
1088 0.0400390625
1089 -0.08984375
1090 0.0234375
1091 0.0830078125
1092 0.0458984375
1093 -0.091796875
1094 -0.0537109375
1095 0.009765625
1096 -0.017578125
1097 -0.12890625
1098 -0.048828125
1099 0.017578125
1100 -0.0126953125
1101 -0.125
1102 -0.0419921875
1103 0.0205078125
1104 -0.01171875
1105 -0.15234375
1106 -0.0263671875
1107 0.044921875
1108 0.0166015625
1109 -0.0390625
1110 0.0732421875
1111 0.134765625
1112 0.08203125
1113 -0.009765625
1114 0.0400390625
1115 0.091796875
1116 0.0380859375
1117 -0.0908203125
1118 0.0224609375
1119 0.087890625
1120 0.0458984375
1121 -0.0927734375
1122 -0.0546875
1123 0.01171875
1124 -0.01953125
1125 -0.130859375
1126 -0.046875
1127 0.0166015625
1128 -0.013671875
1129 -0.1259765625
1130 -0.041015625
1131 0.0205078125
1132 -0.01171875
1133 -0.1533203125
1134 -0.0283203125
1135 0.04296875
1136 0.0146484375
1137 -0.037109375
1138 0.0703125
1139 0.1298828125
1140 0.08203125
1141 -0.0068359375
1142 0.0380859375
1143 0.0888671875
1144 0.0390625
1145 -0.0927734375
1146 0.021484375
1147 0.0849609375
1148 0.0458984375
1149 -0.0947265625
1150 -0.0537109375
1151 0.01171875
1152 -0.0185546875
1153 -0.1318359375
1154 -0.0458984375
1155 0.01953125
1156 -0.0126953125
1157 -0.1259765625
1158 -0.0400390625
1159 0.0224609375
1160 -0.01171875
1161 -0.1513671875
1162 -0.0263671875
1163 0.046875
1164 0.0166015625
1165 -0.037109375
1166 0.0712890625
1167 0.1337890625
1168 0.083984375
1169 -0.009765625
1170 0.0390625
1171 0.0908203125
1172 0.0380859375
1173 -0.091796875
1174 0.0244140625
1175 0.0888671875
1176 0.0439453125
1177 -0.091796875
1178 -0.05078125
1179 0.015625
1180 -0.015625
1181 -0.1318359375
1182 -0.0458984375
1183 0.0234375
1184 -0.013671875
1185 -0.1259765625
1186 -0.0400390625
1187 0.0244140625
1188 -0.01171875
1189 -0.1533203125
1190 -0.02734375
1191 0.046875
1192 0.0146484375
1193 -0.0390625
1194 0.072265625
1195 0.134765625
1196 0.0849609375
1197 -0.01171875
1198 0.0380859375
1199 0.0908203125
1200 0.0380859375
1201 -0.09375
1202 0.0234375
1203 0.0888671875
1204 0.044921875
1205 -0.09375
1206 -0.052734375
1207 0.017578125
1208 -0.01953125
1209 -0.1337890625
1210 -0.046875
1211 0.0234375
1212 -0.015625
1213 -0.12890625
1214 -0.0400390625
1215 0.02734375
1216 -0.013671875
1217 -0.158203125
1218 -0.0263671875
1219 0.046875
1220 0.0146484375
1221 -0.0419921875
1222 0.072265625
1223 0.13671875
1224 0.08203125
1225 -0.01171875
1226 0.0400390625
1227 0.0927734375
1228 0.0380859375
1229 -0.09375
1230 0.0224609375
1231 0.08984375
1232 0.044921875
1233 -0.09375
1234 -0.052734375
1235 0.0185546875
1236 -0.017578125
1237 -0.1328125
1238 -0.044921875
1239 0.0234375
1240 -0.013671875
1241 -0.1298828125
1242 -0.0390625
1243 0.02734375
1244 -0.01171875
1245 -0.16015625
1246 -0.025390625
1247 0.052734375
1248 0.0146484375
1249 -0.04296875
1250 0.07421875
1251 0.1376953125
1252 0.0810546875
1253 -0.01171875
1254 0.0400390625
1255 0.0947265625
1256 0.0380859375
1257 -0.0986328125
1258 0.0234375
1259 0.091796875
1260 0.0439453125
1261 -0.0966796875
1262 -0.0537109375
1263 0.0166015625
1264 -0.0205078125
1265 -0.1376953125
1266 -0.046875
1267 0.0224609375
1268 -0.0146484375
1269 -0.130859375
1270 -0.041015625
1271 0.025390625
1272 -0.0126953125
1273 -0.15625
1274 -0.0244140625
1275 0.0517578125
1276 0.0166015625
1277 -0.0419921875
1278 0.0732421875
1279 0.1396484375
1280 0.0830078125
1281 -0.0107421875
1282 0.0400390625
1283 0.095703125
1284 0.037109375
1285 -0.095703125
1286 0.0244140625
1287 0.0908203125
1288 0.046875
1289 -0.095703125
1290 -0.0498046875
1291 0.0185546875
1292 -0.0185546875
1293 -0.1357421875
1294 -0.0439453125
1295 0.025390625
1296 -0.013671875
1297 -0.1298828125
1298 -0.041015625
1299 0.0263671875
1300 -0.0126953125
1301 -0.15625
1302 -0.02734375
1303 0.0498046875
1304 0.015625
1305 -0.0419921875
1306 0.07421875
1307 0.1376953125
1308 0.08203125
1309 -0.0126953125
1310 0.041015625
1311 0.09375
1312 0.037109375
1313 -0.0966796875
1314 0.0224609375
1315 0.0888671875
1316 0.044921875
1317 -0.0966796875
1318 -0.0537109375
1319 0.0166015625
1320 -0.0205078125
1321 -0.134765625
1322 -0.046875
1323 0.0234375
1324 -0.0146484375
1325 -0.130859375
1326 -0.041015625
1327 0.0263671875
1328 -0.0126953125
1329 -0.1572265625
1330 -0.025390625
1331 0.0498046875
1332 0.0126953125
1333 -0.0419921875
1334 0.072265625
1335 0.1357421875
1336 0.0830078125
1337 -0.01171875
1338 0.0390625
1339 0.0927734375
1340 0.0380859375
1341 -0.0927734375
1342 0.0234375
1343 0.0888671875
1344 0.0458984375
1345 -0.0927734375
1346 -0.0537109375
1347 0.0146484375
1348 -0.0185546875
1349 -0.1328125
1350 -0.0458984375
1351 0.0224609375
1352 -0.013671875
1353 -0.1279296875
1354 -0.0419921875
1355 0.0234375
1356 -0.01171875
1357 -0.158203125
1358 -0.0283203125
1359 0.046875
1360 0.015625
1361 -0.0419921875
1362 0.0712890625
1363 0.1337890625
1364 0.083984375
1365 -0.0107421875
1366 0.0380859375
1367 0.0908203125
1368 0.0380859375
1369 -0.09375
1370 0.0224609375
1371 0.087890625
1372 0.0458984375
1373 -0.095703125
1374 -0.0537109375
1375 0.015625
1376 -0.017578125
1377 -0.1337890625
1378 -0.044921875
1379 0.0224609375
1380 -0.013671875
1381 -0.1259765625
1382 -0.0390625
1383 0.0234375
1384 -0.009765625
1385 -0.15234375
1386 -0.0224609375
1387 0.048828125
1388 0.017578125
1389 -0.0390625
1390 0.0732421875
1391 0.13671875
1392 0.083984375
1393 -0.009765625
1394 0.0390625
1395 0.0927734375
1396 0.0400390625
1397 -0.087890625
1398 0.0244140625
1399 0.08984375
1400 0.046875
1401 -0.08984375
1402 -0.0478515625
1403 0.0166015625
1404 -0.017578125
1405 -0.1318359375
1406 -0.04296875
1407 0.0224609375
1408 -0.0126953125
1409 -0.126953125
1410 -0.0400390625
1411 0.0234375
1412 -0.0107421875
1413 -0.15234375
1414 -0.02734375
1415 0.046875
1416 0.0146484375
1417 -0.037109375
1418 0.072265625
1419 0.134765625
1420 0.0830078125
1421 -0.0107421875
1422 0.0390625
1423 0.08984375
1424 0.041015625
1425 -0.091796875
1426 0.0244140625
1427 0.087890625
1428 0.046875
1429 -0.0908203125
1430 -0.05078125
1431 0.015625
1432 -0.0166015625
1433 -0.12890625
1434 -0.0458984375
1435 0.01953125
1436 -0.013671875
1437 -0.1201171875
1438 -0.0380859375
1439 0.0244140625
1440 -0.009765625
1441 -0.125
1442 -0.0068359375
1443 0.064453125
1444 0.0302734375
1445 -0.0791015625
1446 -0.029296875
1447 0.0302734375
1448 -0.0029296875
1449 -0.1181640625
1450 -0.0390625
1451 0.0244140625
1452 -0.0068359375
1453 -0.126953125
1454 -0.044921875
1455 0.0166015625
1456 -0.013671875
1457 -0.1796875
1458 -0.0869140625
1459 -0.01953125
1460 -0.0419921875
1461 -0.193359375
1462 -0.0625
1463 0.0185546875
1464 -0.0009765625
1465 -0.072265625
1466 0.0419921875
1467 0.10546875
1468 0.06640625
1469 0.0068359375
1470 0.109375
1471 0.1650390625
1472 0.1103515625
1473 0.01953125
1474 0.060546875
1475 0.107421875
1476 0.056640625
1477 -0.048828125
1478 0.060546875
1479 0.115234375
1480 0.0703125
1481 -0.0048828125
1482 0.095703125
1483 0.15234375
1484 0.099609375
1485 -0.0185546875
1486 0.0224609375
1487 0.0732421875
1488 0.0283203125
1489 -0.0732421875
1490 0.0361328125
1491 0.0986328125
1492 0.0556640625
1493 -0.009765625
1494 0.091796875
1495 0.146484375
1496 0.0947265625
1497 -0.015625
1498 0.02734375
1499 0.07421875
1500 0.0283203125
1501 -0.078125
1502 -0.005859375
1503 0.0517578125
1504 0.01171875
1505 -0.0810546875
1506 0.0283203125
1507 0.0888671875
1508 0.048828125
1509 -0.060546875
1510 0.04296875
1511 0.1025390625
1512 0.05859375
1513 -0.0419921875
1514 0.0615234375
1515 0.1171875
1516 0.072265625
1517 0.0029296875
1518 0.1005859375
1519 0.1513671875
1520 0.09765625
1521 0.009765625
1522 0.05078125
1523 0.095703125
1524 0.046875
1525 -0.044921875
1526 0.056640625
1527 0.1162109375
1528 0.0654296875
1529 -0.0419921875
1530 0.05859375
1531 0.1162109375
1532 0.0654296875
1533 -0.0927734375
1534 -0.05859375
1535 0.0029296875
1536 -0.0302734375
1537 -0.193359375
1538 -0.1083984375
1539 -0.03515625
1540 -0.0556640625
1541 -0.162109375
1542 -0.0361328125
1543 0.03515625
1544 0.00390625
1545 -0.0498046875
1546 0.0576171875
1547 0.1171875
1548 0.0673828125
1549 0.0068359375
1550 0.10546875
1551 0.1591796875
1552 0.1015625
1553 -0.0166015625
1554 0.0185546875
1555 0.068359375
1556 0.0205078125
1557 -0.10546875
1558 -0.02734375
1559 0.029296875
1560 -0.0107421875
1561 -0.1923828125
1562 -0.125
1563 -0.0498046875
1564 -0.0673828125
1565 -0.1728515625
1566 -0.0771484375
1567 -0.0087890625
1568 -0.0419921875
1569 -0.2041015625
1570 -0.1279296875
1571 -0.0498046875
1572 -0.068359375
1573 -0.1875
1574 -0.0556640625
1575 0.01953125
1576 -0.0068359375
1577 -0.10546875
1578 -0.0556640625
1579 0.009765625
1580 -0.0244140625
1581 -0.134765625
1582 -0.046875
1583 0.013671875
1584 -0.0185546875
1585 -0.1279296875
1586 -0.044921875
1587 0.0166015625
1588 -0.015625
1589 -0.1044921875
1590 0.0107421875
1591 0.0771484375
1592 0.0390625
1593 -0.0126953125
1594 0.0908203125
1595 0.1494140625
1596 0.0947265625
1597 -0.0146484375
1598 0.083984375
1599 0.1396484375
1600 0.0869140625
1601 -0.015625
1602 0.083984375
1603 0.1396484375
1604 0.0859375
1605 0.0126953125
1606 0.111328125
1607 0.162109375
1608 0.1044921875
1609 0.015625
1610 0.0556640625
1611 0.103515625
1612 0.0498046875
1613 -0.0439453125
1614 0.0615234375
1615 0.1201171875
1616 0.0673828125
1617 -0.04296875
1618 0.0595703125
1619 0.1171875
1620 0.0654296875
1621 -0.0947265625
1622 -0.0595703125
1623 0.00390625
1624 -0.03125
1625 -0.193359375
1626 -0.1083984375
1627 -0.033203125
1628 -0.0576171875
1629 -0.1650390625
1630 -0.037109375
1631 0.037109375
1632 0.0029296875
1633 -0.0693359375
1634 0.0419921875
1635 0.1064453125
1636 0.05859375
1637 -0.0029296875
1638 0.099609375
1639 0.1552734375
1640 0.095703125
1641 -0.017578125
1642 0.0185546875
1643 0.0712890625
1644 0.01953125
1645 -0.1083984375
1646 -0.03125
1647 0.02734375
1648 -0.0146484375
1649 -0.1953125
1650 -0.12890625
1651 -0.052734375
1652 -0.0693359375
1653 -0.17578125
1654 -0.080078125
1655 -0.0126953125
1656 -0.0419921875
1657 -0.208984375
1658 -0.12890625
1659 -0.05078125
1660 -0.0693359375
1661 -0.19140625
1662 -0.0576171875
1663 0.0205078125
1664 -0.009765625
1665 -0.1044921875
1666 -0.056640625
1667 0.0107421875
1668 -0.0244140625
1669 -0.134765625
1670 -0.046875
1671 0.0146484375
1672 -0.01953125
1673 -0.1298828125
1674 -0.0458984375
1675 0.017578125
1676 -0.0166015625
1677 -0.1083984375
1678 0.0087890625
1679 0.0791015625
1680 0.037109375
1681 -0.0126953125
1682 0.095703125
1683 0.154296875
1684 0.09765625
1685 0.0419921875
1686 0.140625
1687 0.1982421875
1688 0.1298828125
1689 0.0673828125
1690 0.162109375
1691 0.216796875
1692 0.14453125
1693 0.0380859375
1694 0.130859375
1695 0.185546875
1696 0.115234375
1697 0.005859375
1698 0.1064453125
1699 0.162109375
1700 0.095703125
1701 0.015625
1702 0.1181640625
1703 0.173828125
1704 0.1044921875
1705 0.01171875
1706 0.0576171875
1707 0.1083984375
1708 0.0439453125
1709 -0.048828125
1710 0.05859375
1711 0.1220703125
1712 0.0615234375
1713 0.005859375
1714 0.109375
1715 0.16796875
1716 0.0986328125
1717 0.0361328125
1718 0.1357421875
1719 0.19140625
1720 0.1162109375
1721 0.0107421875
1722 0.1083984375
1723 0.1611328125
1724 0.09375
1725 -0.0673828125
1726 -0.0302734375
1727 0.025390625
1728 -0.0205078125
1729 -0.1865234375
1730 -0.103515625
1731 -0.0302734375
1732 -0.0625
1733 -0.173828125
1734 -0.044921875
1735 0.029296875
1736 -0.0107421875
1737 -0.07421875
1738 0.0390625
1739 0.103515625
1740 0.048828125
1741 -0.01953125
1742 0.0859375
1743 0.142578125
1744 0.0791015625
1745 -0.0419921875
1746 0.0
1747 0.0517578125
1748 -0.0009765625
1749 -0.130859375
1750 -0.0458984375
1751 0.0107421875
1752 -0.0322265625
1753 -0.2138671875
1754 -0.1455078125
1755 -0.0625
1756 -0.0869140625
1757 -0.193359375
1758 -0.09375
1759 -0.0234375
1760 -0.060546875
1761 -0.224609375
1762 -0.146484375
1763 -0.0615234375
1764 -0.0859375
1765 -0.2080078125
1766 -0.0712890625
1767 0.0087890625
1768 -0.0234375
1769 -0.125
1770 -0.0703125
1771 -0.0009765625
1772 -0.0390625
1773 -0.1640625
1774 -0.0703125
1775 -0.0029296875
1776 -0.041015625
1777 -0.1650390625
1778 -0.078125
1779 -0.0087890625
1780 -0.041015625
1781 -0.1396484375
1782 -0.017578125
1783 0.0537109375
1784 0.0146484375
1785 -0.0341796875
1786 0.076171875
1787 0.1357421875
1788 0.0791015625
1789 0.01953125
1790 0.119140625
1791 0.173828125
1792 0.1123046875
1793 0.0439453125
1794 0.1416015625
1795 0.19140625
1796 0.125
1797 0.0595703125
1798 0.1533203125
1799 0.2041015625
1800 0.1318359375
1801 0.0654296875
1802 0.1591796875
1803 0.2109375
1804 0.13671875
1805 0.0224609375
1806 0.1171875
1807 0.169921875
1808 0.099609375
1809 -0.009765625
1810 0.0869140625
1811 0.1396484375
1812 0.078125
1813 -0.0009765625
1814 0.09765625
1815 0.1494140625
1816 0.0859375
1817 -0.0068359375
1818 0.0361328125
1819 0.083984375
1820 0.02734375
1821 -0.0654296875
1822 0.0390625
1823 0.1005859375
1824 0.0458984375
1825 -0.0185546875
1826 0.0830078125
1827 0.140625
1828 0.0771484375
1829 0.017578125
1830 0.11328125
1831 0.16796875
1832 0.0966796875
1833 -0.0078125
1834 0.0869140625
1835 0.1396484375
1836 0.076171875
1837 -0.08984375
1838 -0.0537109375
1839 0.001953125
1840 -0.041015625
1841 -0.2099609375
1842 -0.125
1843 -0.052734375
1844 -0.0810546875
1845 -0.189453125
1846 -0.0634765625
1847 0.009765625
1848 -0.0263671875
1849 -0.0859375
1850 0.0263671875
1851 0.0859375
1852 0.0361328125
1853 -0.029296875
1854 0.0732421875
1855 0.1279296875
1856 0.0673828125
1857 -0.0517578125
1858 -0.01171875
1859 0.0390625
1860 -0.009765625
1861 -0.140625
1862 -0.0595703125
1863 -0.0029296875
1864 -0.041015625
1865 -0.2216796875
1866 -0.15625
1867 -0.080078125
1868 -0.0966796875
1869 -0.19921875
1870 -0.107421875
1871 -0.0400390625
1872 -0.068359375
1873 -0.2333984375
1874 -0.1572265625
1875 -0.0791015625
1876 -0.095703125
1877 -0.2138671875
1878 -0.083984375
1879 -0.009765625
1880 -0.03125
1881 -0.130859375
1882 -0.08203125
1883 -0.017578125
1884 -0.0458984375
1885 -0.19921875
1886 -0.109375
1887 -0.04296875
1888 -0.06640625
1889 -0.2080078125
1890 -0.1181640625
1891 -0.0478515625
1892 -0.0693359375
1893 -0.1630859375
1894 -0.0400390625
1895 0.0302734375
1896 0.0
1897 -0.0419921875
1898 0.0615234375
1899 0.1201171875
1900 0.0703125
1901 0.0087890625
1902 0.1064453125
1903 0.16015625
1904 0.099609375
1905 0.037109375
1906 0.1298828125
1907 0.181640625
1908 0.115234375
1909 0.046875
1910 0.1396484375
1911 0.189453125
1912 0.12109375
1913 0.056640625
1914 0.1484375
1915 0.19921875
1916 0.126953125
1917 0.021484375
1918 0.1123046875
1919 0.162109375
1920 0.095703125
1921 -0.0126953125
1922 0.0810546875
1923 0.134765625
1924 0.0732421875
1925 -0.00390625
1926 0.091796875
1927 0.1416015625
1928 0.0810546875
1929 -0.0107421875
1930 0.0302734375
1931 0.076171875
1932 0.021484375
1933 -0.068359375
1934 0.03515625
1935 0.0908203125
1936 0.0390625
1937 -0.0166015625
1938 0.08203125
1939 0.134765625
1940 0.07421875
1941 0.013671875
1942 0.1083984375
1943 0.162109375
1944 0.095703125
1945 -0.0087890625
1946 0.0849609375
1947 0.1357421875
1948 0.0732421875
1949 -0.0830078125
1950 -0.0498046875
1951 0.001953125
1952 -0.0400390625
1953 -0.19921875
1954 -0.119140625
1955 -0.0498046875
1956 -0.076171875
1957 -0.1865234375
1958 -0.0615234375
1959 0.0068359375
1960 -0.02734375
1961 -0.0869140625
1962 0.0224609375
1963 0.0810546875
1964 0.033203125
1965 -0.03125
1966 0.0673828125
1967 0.12109375
1968 0.064453125
1969 -0.0537109375
1970 -0.0166015625
1971 0.0341796875
1972 -0.0146484375
1973 -0.1416015625
1974 -0.0615234375
1975 -0.00390625
1976 -0.044921875
1977 -0.2265625
1978 -0.158203125
1979 -0.08203125
1980 -0.099609375
1981 -0.2060546875
1982 -0.1103515625
1983 -0.041015625
1984 -0.07421875
1985 -0.2392578125
1986 -0.162109375
1987 -0.08203125
1988 -0.1015625
1989 -0.21875
1990 -0.087890625
1991 -0.0107421875
1992 -0.0361328125
1993 -0.134765625
1994 -0.0859375
1995 -0.01953125
1996 -0.0517578125
1997 -0.1728515625
1998 -0.08203125
1999 -0.01953125
2000 -0.052734375
2001 -0.1708984375
2002 -0.0849609375
2003 -0.0185546875
2004 -0.0498046875
2005 -0.1435546875
2006 -0.0234375
2007 0.0458984375
2008 0.0068359375
2009 -0.0419921875
2010 0.064453125
2011 0.126953125
2012 0.068359375
2013 0.0068359375
2014 0.107421875
2015 0.1650390625
2016 0.09765625
2017 0.0302734375
2018 0.125
2019 0.1787109375
2020 0.1103515625
2021 0.0361328125
2022 0.1298828125
2023 0.181640625
2024 0.1123046875
2025 0.0478515625
2026 0.1416015625
2027 0.19140625
2028 0.1201171875
2029 0.0126953125
2030 0.1044921875
2031 0.154296875
2032 0.087890625
2033 -0.021484375
2034 0.0751953125
2035 0.12890625
2036 0.06640625
2037 -0.0107421875
2038 0.083984375
2039 0.138671875
2040 0.0732421875
2041 -0.033203125
2042 0.0078125
2043 0.05859375
2044 0.00390625
2045 -0.0859375
2046 0.0205078125
2047 0.0810546875
2048 0.029296875
2049 -0.029296875
2050 0.072265625
2051 0.1318359375
2052 0.0673828125
2053 0.0078125
2054 0.10546875
2055 0.158203125
2056 0.08984375
2057 -0.0166015625
2058 0.0791015625
2059 0.1318359375
2060 0.06640625
2061 -0.091796875
2062 -0.0556640625
2063 0.0
2064 -0.0458984375
2065 -0.2138671875
2066 -0.12890625
2067 -0.0546875
2068 -0.0859375
2069 -0.1982421875
2070 -0.0673828125
2071 0.0068359375
2072 -0.033203125
2073 -0.109375
2074 0.0068359375
2075 0.0751953125
2076 0.01953125
2077 -0.04296875
2078 0.0615234375
2079 0.123046875
2080 0.0595703125
2081 -0.060546875
2082 -0.0205078125
2083 0.033203125
2084 -0.0205078125
2085 -0.1494140625
2086 -0.0673828125
2087 -0.005859375
2088 -0.0498046875
2089 -0.232421875
2090 -0.1640625
2091 -0.08203125
2092 -0.103515625
2093 -0.2099609375
2094 -0.1123046875
2095 -0.0419921875
2096 -0.0751953125
2097 -0.240234375
2098 -0.162109375
2099 -0.0830078125
2100 -0.103515625
2101 -0.2236328125
2102 -0.0888671875
2103 -0.0107421875
2104 -0.0380859375
2105 -0.1396484375
2106 -0.08984375
2107 -0.01953125
2108 -0.0546875
2109 -0.216796875
2110 -0.1220703125
2111 -0.05078125
2112 -0.078125
2113 -0.2294921875
2114 -0.1357421875
2115 -0.0595703125
2116 -0.080078125
2117 -0.1689453125
2118 -0.0419921875
2119 0.03125
2120 -0.005859375
2121 -0.052734375
2122 0.0576171875
2123 0.1181640625
2124 0.0634765625
2125 0.00390625
2126 0.1025390625
2127 0.158203125
2128 0.0966796875
2129 0.0234375
2130 0.119140625
2131 0.1689453125
2132 0.10546875
2133 0.03515625
2134 0.12890625
2135 0.1787109375
2136 0.1123046875
2137 0.048828125
2138 0.142578125
2139 0.1923828125
2140 0.1201171875
2141 0.0126953125
2142 0.103515625
2143 0.154296875
2144 0.0888671875
2145 -0.0234375
2146 0.072265625
2147 0.126953125
2148 0.064453125
2149 -0.0126953125
2150 0.0849609375
2151 0.1396484375
2152 0.07421875
2153 -0.0185546875
2154 0.0224609375
2155 0.0751953125
2156 0.0146484375
2157 -0.078125
2158 0.0302734375
2159 0.091796875
2160 0.0361328125
2161 -0.03125
2162 0.0732421875
2163 0.130859375
2164 0.0654296875
2165 0.00390625
2166 0.1044921875
2167 0.1611328125
2168 0.0888671875
2169 -0.017578125
2170 0.0810546875
2171 0.1376953125
2172 0.0654296875
2173 -0.0908203125
2174 -0.0537109375
2175 0.00390625
2176 -0.044921875
2177 -0.20703125
2178 -0.1220703125
2179 -0.048828125
2180 -0.0830078125
2181 -0.1953125
2182 -0.0634765625
2183 0.0087890625
2184 -0.029296875
2185 -0.0966796875
2186 0.021484375
2187 0.0859375
2188 0.0283203125
2189 -0.0400390625
2190 0.06640625
2191 0.126953125
2192 0.0595703125
2193 -0.0595703125
2194 -0.021484375
2195 0.033203125
2196 -0.0205078125
2197 -0.150390625
2198 -0.0654296875
2199 -0.0048828125
2200 -0.0517578125
2201 -0.232421875
2202 -0.162109375
2203 -0.0810546875
2204 -0.1044921875
2205 -0.2119140625
2206 -0.1123046875
2207 -0.041015625
2208 -0.0751953125
2209 -0.2421875
2210 -0.16015625
2211 -0.08203125
2212 -0.1025390625
2213 -0.2236328125
2214 -0.08984375
2215 -0.0107421875
2216 -0.0400390625
2217 -0.138671875
2218 -0.0869140625
2219 -0.017578125
2220 -0.0556640625
2221 -0.1796875
2222 -0.08984375
2223 -0.0205078125
2224 -0.056640625
2225 -0.181640625
2226 -0.0927734375
2227 -0.0263671875
2228 -0.0576171875
2229 -0.150390625
2230 -0.02734375
2231 0.04296875
2232 0.00390625
2233 -0.046875
2234 0.0625
2235 0.125
2236 0.0654296875
2237 0.00390625
2238 0.1064453125
2239 0.16796875
2240 0.09765625
2241 0.0283203125
2242 0.1259765625
2243 0.1826171875
2244 0.109375
2245 0.03515625
2246 0.1318359375
2247 0.1875
2248 0.11328125
2249 0.0458984375
2250 0.142578125
2251 0.1953125
2252 0.1201171875
2253 0.0068359375
2254 0.103515625
2255 0.15625
2256 0.0849609375
2257 -0.02734375
2258 0.0712890625
2259 0.126953125
2260 0.0634765625
2261 -0.017578125
2262 0.08203125
2263 0.1376953125
2264 0.0712890625
2265 -0.0341796875
2266 0.0068359375
2267 0.05859375
2268 0.001953125
2269 -0.0888671875
2270 0.0185546875
2271 0.0810546875
2272 0.0263671875
2273 -0.0341796875
2274 0.072265625
2275 0.12890625
2276 0.0634765625
2277 0.0029296875
2278 0.1025390625
2279 0.1572265625
2280 0.0888671875
2281 -0.01953125
2282 0.0771484375
2283 0.1298828125
2284 0.064453125
2285 -0.095703125
2286 -0.0615234375
2287 -0.0009765625
2288 -0.0498046875
2289 -0.2138671875
2290 -0.1318359375
2291 -0.05859375
2292 -0.087890625
2293 -0.197265625
2294 -0.0703125
2295 0.0009765625
2296 -0.0322265625
2297 -0.109375
2298 0.005859375
2299 0.068359375
2300 0.01953125
2301 -0.0419921875
2302 0.0634765625
2303 0.1181640625
2304 0.0576171875
2305 -0.0615234375
2306 -0.021484375
2307 0.0322265625
2308 -0.01953125
2309 -0.1484375
2310 -0.06640625
2311 -0.005859375
2312 -0.05078125
2313 -0.2294921875
2314 -0.1640625
2315 -0.0830078125
2316 -0.10546875
2317 -0.2119140625
2318 -0.11328125
2319 -0.0458984375
2320 -0.0771484375
2321 -0.2431640625
2322 -0.1640625
2323 -0.083984375
2324 -0.1044921875
2325 -0.2265625
2326 -0.08984375
2327 -0.0107421875
2328 -0.0419921875
2329 -0.1416015625
2330 -0.08984375
2331 -0.0205078125
2332 -0.0576171875
2333 -0.2216796875
2334 -0.125
2335 -0.0498046875
2336 -0.0810546875
2337 -0.2314453125
2338 -0.1376953125
2339 -0.05859375
2340 -0.083984375
2341 -0.1728515625
2342 -0.044921875
2343 0.0302734375
2344 -0.0068359375
2345 -0.0556640625
2346 0.056640625
2347 0.119140625
2348 0.0625
2349 0.0
2350 0.1025390625
2351 0.1591796875
2352 0.095703125
2353 0.021484375
2354 0.1181640625
2355 0.1708984375
2356 0.1044921875
2357 0.033203125
2358 0.12890625
2359 0.1826171875
2360 0.1123046875
2361 0.0458984375
2362 0.138671875
2363 0.193359375
2364 0.1201171875
2365 0.0078125
2366 0.103515625
2367 0.1533203125
2368 0.0869140625
2369 -0.0283203125
2370 0.072265625
2371 0.1259765625
2372 0.064453125
2373 -0.017578125
2374 0.083984375
2375 0.1376953125
2376 0.072265625
2377 -0.0205078125
2378 0.021484375
2379 0.07421875
2380 0.0146484375
2381 -0.0791015625
2382 0.0283203125
2383 0.091796875
2384 0.0341796875
2385 -0.033203125
2386 0.0712890625
2387 0.12890625
2388 0.06640625
2389 0.00390625
2390 0.1044921875
2391 0.158203125
2392 0.087890625
2393 -0.015625
2394 0.0830078125
2395 0.1328125
2396 0.0673828125
2397 -0.087890625
2398 -0.0517578125
2399 0.0048828125
2400 -0.04296875
2401 -0.201171875
2402 -0.1181640625
2403 -0.0458984375
2404 -0.0810546875
2405 -0.189453125
2406 -0.064453125
2407 0.0068359375
2408 -0.0283203125
2409 -0.0927734375
2410 0.021484375
2411 0.083984375
2412 0.029296875
2413 -0.0390625
2414 0.064453125
2415 0.123046875
2416 0.060546875
2417 -0.064453125
2418 -0.0244140625
2419 0.02734375
2420 -0.021484375
2421 -0.150390625
2422 -0.0693359375
2423 -0.0078125
2424 -0.052734375
2425 -0.2333984375
2426 -0.1650390625
2427 -0.083984375
2428 -0.10546875
2429 -0.2119140625
2430 -0.1142578125
2431 -0.04296875
2432 -0.0771484375
2433 -0.2421875
2434 -0.1640625
2435 -0.0830078125
2436 -0.103515625
2437 -0.224609375
2438 -0.087890625
2439 -0.009765625
2440 -0.0400390625
2441 -0.1396484375
2442 -0.0859375
2443 -0.0185546875
2444 -0.056640625
2445 -0.1796875
2446 -0.0888671875
2447 -0.0205078125
2448 -0.0576171875
2449 -0.1796875
2450 -0.0927734375
2451 -0.021484375
2452 -0.056640625
2453 -0.150390625
2454 -0.02734375
2455 0.0439453125
2456 0.00390625
2457 -0.046875
2458 0.0625
2459 0.123046875
2460 0.0654296875
2461 0.0048828125
2462 0.10546875
2463 0.162109375
2464 0.0986328125
2465 0.0263671875
2466 0.123046875
2467 0.177734375
2468 0.1083984375
2469 0.037109375
2470 0.130859375
2471 0.181640625
2472 0.1123046875
2473 0.046875
2474 0.138671875
2475 0.19140625
2476 0.1201171875
2477 0.0078125
2478 0.1005859375
2479 0.15234375
2480 0.0859375
2481 -0.025390625
2482 0.072265625
2483 0.123046875
2484 0.0634765625
2485 -0.017578125
2486 0.08203125
2487 0.134765625
2488 0.0703125
2489 -0.03515625
2490 0.0068359375
2491 0.0595703125
2492 0.0009765625
2493 -0.0888671875
2494 0.0185546875
2495 0.08203125
2496 0.025390625
2497 -0.0302734375
2498 0.0712890625
2499 0.1279296875
2500 0.0654296875
2501 0.00390625
2502 0.1025390625
2503 0.158203125
2504 0.087890625
2505 -0.0205078125
2506 0.078125
2507 0.130859375
2508 0.0654296875
2509 -0.09375
2510 -0.05859375
2511 -0.0009765625
2512 -0.046875
2513 -0.2099609375
2514 -0.1279296875
2515 -0.0537109375
2516 -0.0888671875
2517 -0.1962890625
2518 -0.0693359375
2519 0.0048828125
2520 -0.033203125
2521 -0.0927734375
2522 0.0185546875
2523 0.08203125
2524 0.029296875
2525 -0.037109375
2526 0.0673828125
2527 0.123046875
2528 0.060546875
2529 -0.0615234375
2530 -0.021484375
2531 0.0302734375
2532 -0.0205078125
2533 -0.1611328125
2534 -0.0791015625
2535 -0.017578125
2536 -0.0595703125
2537 -0.2392578125
2538 -0.171875
2539 -0.0908203125
2540 -0.111328125
2541 -0.21875
2542 -0.12109375
2543 -0.0478515625
2544 -0.0810546875
2545 -0.255859375
2546 -0.17578125
2547 -0.0927734375
2548 -0.111328125
2549 -0.2607421875
2550 -0.1171875
2551 -0.0341796875
2552 -0.056640625
2553 -0.134765625
2554 -0.0146484375
2555 0.0546875
2556 0.0107421875
2557 -0.123046875
2558 -0.0810546875
2559 -0.0146484375
2560 -0.048828125
2561 -0.169921875
2562 -0.0849609375
2563 -0.0166015625
2564 -0.052734375
2565 -0.15625
2566 -0.0703125
2567 -0.005859375
2568 -0.0439453125
2569 -0.1611328125
2570 -0.0380859375
2571 0.0322265625
2572 -0.0048828125
2573 -0.0947265625
2574 0.0224609375
2575 0.083984375
2576 0.0361328125
2577 -0.025390625
2578 0.078125
2579 0.1357421875
2580 0.076171875
2581 -0.017578125
2582 0.029296875
2583 0.0771484375
2584 0.0205078125
2585 -0.1083984375
2586 0.0029296875
2587 0.0654296875
2588 0.021484375
2589 -0.1171875
2590 -0.0791015625
2591 -0.0107421875
2592 -0.0458984375
2593 -0.162109375
2594 -0.0751953125
2595 -0.0078125
2596 -0.04296875
2597 -0.158203125
2598 -0.0712890625
2599 -0.0078125
2600 -0.04296875
2601 -0.1845703125
2602 -0.056640625
2603 0.017578125
2604 -0.0146484375
2605 -0.0712890625
2606 0.041015625
2607 0.1044921875
2608 0.05078125
2609 -0.0400390625
2610 0.0068359375
2611 0.060546875
2612 0.0078125
2613 -0.12109375
2614 -0.005859375
2615 0.0546875
2616 0.0166015625
2617 -0.12109375
2618 -0.0810546875
2619 -0.0185546875
2620 -0.046875
2621 -0.1572265625
2622 -0.0732421875
2623 -0.009765625
2624 -0.0400390625
2625 -0.1513671875
2626 -0.068359375
2627 -0.005859375
2628 -0.0380859375
2629 -0.17578125
2630 -0.0517578125
2631 0.0185546875
2632 -0.009765625
2633 -0.0615234375
2634 0.044921875
2635 0.1044921875
2636 0.05859375
2637 -0.033203125
2638 0.0126953125
2639 0.0625
2640 0.015625
2641 -0.1142578125
2642 0.0
2643 0.0615234375
2644 0.0234375
2645 -0.115234375
2646 -0.0771484375
2647 -0.01171875
2648 -0.0419921875
2649 -0.1533203125
2650 -0.0693359375
2651 -0.0048828125
2652 -0.0361328125
2653 -0.1484375
2654 -0.064453125
2655 0.0
2656 -0.033203125
2657 -0.1728515625
2658 -0.048828125
2659 0.0205078125
2660 -0.0048828125
2661 -0.0595703125
2662 0.0498046875
2663 0.109375
2664 0.0625
2665 -0.0302734375
2666 0.0185546875
2667 0.0654296875
2668 0.0185546875
2669 -0.1103515625
2670 0.0009765625
2671 0.0634765625
2672 0.025390625
2673 -0.11328125
2674 -0.07421875
2675 -0.0087890625
2676 -0.037109375
2677 -0.1494140625
2678 -0.06640625
2679 -0.0009765625
2680 -0.033203125
2681 -0.1455078125
2682 -0.0595703125
2683 0.0009765625
2684 -0.029296875
2685 -0.1708984375
2686 -0.04296875
2687 0.0283203125
2688 -0.0009765625
2689 -0.056640625
2690 0.0546875
2691 0.115234375
2692 0.0654296875
2693 -0.02734375
2694 0.021484375
2695 0.0732421875
2696 0.021484375
2697 -0.1064453125
2698 0.0078125
2699 0.0693359375
2700 0.029296875
2701 -0.109375
2702 -0.0703125
2703 -0.0029296875
2704 -0.0341796875
2705 -0.1494140625
2706 -0.0634765625
2707 0.0029296875
2708 -0.029296875
2709 -0.1435546875
2710 -0.056640625
2711 0.0068359375
2712 -0.02734375
2713 -0.1689453125
2714 -0.0419921875
2715 0.03125
2716 0.001953125
2717 -0.0537109375
2718 0.0556640625
2719 0.1181640625
2720 0.068359375
2721 -0.0234375
2722 0.0224609375
2723 0.0751953125
2724 0.0244140625
2725 -0.10546875
2726 0.0087890625
2727 0.072265625
2728 0.0322265625
2729 -0.107421875
2730 -0.0673828125
2731 -0.0009765625
2732 -0.0322265625
2733 -0.1474609375
2734 -0.0595703125
2735 0.005859375
2736 -0.0263671875
2737 -0.140625
2738 -0.0556640625
2739 0.0078125
2740 -0.0244140625
2741 -0.166015625
2742 -0.0400390625
2743 0.0341796875
2744 0.0029296875
2745 -0.0517578125
2746 0.05859375
2747 0.12109375
2748 0.0703125
2749 -0.0224609375
2750 0.0263671875
2751 0.078125
2752 0.0263671875
2753 -0.1064453125
2754 0.0107421875
2755 0.07421875
2756 0.033203125
2757 -0.10546875
2758 -0.0654296875
2759 0.0009765625
2760 -0.03125
2761 -0.14453125
2762 -0.05859375
2763 0.0087890625
2764 -0.0244140625
2765 -0.138671875
2766 -0.0537109375
2767 0.01171875
2768 -0.0234375
2769 -0.1640625
2770 -0.0380859375
2771 0.0341796875
2772 0.00390625
2773 -0.05078125
2774 0.0595703125
2775 0.1220703125
2776 0.072265625
2777 -0.021484375
2778 0.0283203125
2779 0.080078125
2780 0.0283203125
2781 -0.103515625
2782 0.01171875
2783 0.0771484375
2784 0.03515625
2785 -0.1044921875
2786 -0.0634765625
2787 0.0029296875
2788 -0.0283203125
2789 -0.140625
2790 -0.0556640625
2791 0.01171875
2792 -0.0224609375
2793 -0.1357421875
2794 -0.0498046875
2795 0.013671875
2796 -0.0205078125
2797 -0.1650390625
2798 -0.0341796875
2799 0.0380859375
2800 0.005859375
2801 -0.048828125
2802 0.0615234375
2803 0.1240234375
2804 0.0732421875
2805 -0.0205078125
2806 0.0302734375
2807 0.08203125
2808 0.029296875
2809 -0.1025390625
2810 0.015625
2811 0.0810546875
2812 0.0380859375
2813 -0.1005859375
2814 -0.060546875
2815 0.009765625
2816 -0.02734375
2817 -0.138671875
2818 -0.0546875
2819 0.013671875
2820 -0.0205078125
2821 -0.1357421875
2822 -0.0478515625
2823 0.015625
2824 -0.0185546875
2825 -0.1640625
2826 -0.0341796875
2827 0.0400390625
2828 0.0078125
2829 -0.0478515625
2830 0.0625
2831 0.1259765625
2832 0.07421875
2833 -0.017578125
2834 0.0302734375
2835 0.083984375
2836 0.0302734375
2837 -0.1005859375
2838 0.0166015625
2839 0.0810546875
2840 0.0390625
2841 -0.099609375
2842 -0.0576171875
2843 0.0068359375
2844 -0.025390625
2845 -0.138671875
2846 -0.0517578125
2847 0.013671875
2848 -0.0205078125
2849 -0.134765625
2850 -0.0478515625
2851 0.0146484375
2852 -0.01953125
2853 -0.162109375
2854 -0.033203125
2855 0.0400390625
2856 0.0087890625
2857 -0.044921875
2858 0.0634765625
2859 0.1279296875
2860 0.0751953125
2861 -0.0166015625
2862 0.03125
2863 0.083984375
2864 0.0302734375
2865 -0.1005859375
2866 0.0185546875
2867 0.0830078125
2868 0.0400390625
2869 -0.099609375
2870 -0.0576171875
2871 0.009765625
2872 -0.0244140625
2873 -0.138671875
2874 -0.052734375
2875 0.0166015625
2876 -0.0205078125
2877 -0.134765625
2878 -0.0478515625
2879 0.01953125
2880 -0.01953125
2881 -0.1611328125
2882 -0.033203125
2883 0.044921875
2884 0.0087890625
2885 -0.0458984375
2886 0.06640625
2887 0.12890625
2888 0.0771484375
2889 -0.0166015625
2890 0.033203125
2891 0.0859375
2892 0.03125
2893 -0.1005859375
2894 0.017578125
2895 0.0810546875
2896 0.0400390625
2897 -0.099609375
2898 -0.060546875
2899 0.0048828125
2900 -0.025390625
2901 -0.1376953125
2902 -0.0537109375
2903 0.0146484375
2904 -0.01953125
2905 -0.1328125
2906 -0.046875
2907 0.0166015625
2908 -0.0166015625
2909 -0.1591796875
2910 -0.0322265625
2911 0.041015625
2912 0.0107421875
2913 -0.04296875
2914 0.0673828125
2915 0.126953125
2916 0.078125
2917 -0.013671875
2918 0.03515625
2919 0.0849609375
2920 0.03515625
2921 -0.095703125
2922 0.0185546875
2923 0.0830078125
2924 0.0400390625
2925 -0.09765625
2926 -0.0576171875
2927 0.009765625
2928 -0.0224609375
2929 -0.1357421875
2930 -0.0517578125
2931 0.017578125
2932 -0.017578125
2933 -0.1337890625
2934 -0.0458984375
2935 0.01953125
2936 -0.0166015625
2937 -0.1611328125
2938 -0.03125
2939 0.041015625
2940 0.0107421875
2941 -0.044921875
2942 0.068359375
2943 0.130859375
2944 0.0791015625
2945 -0.0146484375
2946 0.033203125
2947 0.0849609375
2948 0.0322265625
2949 -0.0986328125
2950 0.0185546875
2951 0.08203125
2952 0.0400390625
2953 -0.09765625
2954 -0.056640625
2955 0.0087890625
2956 -0.0234375
2957 -0.13671875
2958 -0.0498046875
2959 0.015625
2960 -0.0166015625
2961 -0.1328125
2962 -0.044921875
2963 0.0205078125
2964 -0.0146484375
2965 -0.158203125
2966 -0.029296875
2967 0.046875
2968 0.0126953125
2969 -0.044921875
2970 0.0693359375
2971 0.134765625
2972 0.078125
2973 -0.015625
2974 0.0361328125
2975 0.0927734375
2976 0.0341796875
2977 -0.0986328125
2978 0.0205078125
2979 0.0888671875
2980 0.041015625
2981 -0.099609375
2982 -0.0556640625
2983 0.0146484375
2984 -0.0224609375
2985 -0.1396484375
2986 -0.0478515625
2987 0.0234375
2988 -0.0166015625
2989 -0.1357421875
2990 -0.0439453125
2991 0.0244140625
2992 -0.0185546875
2993 -0.1640625
2994 -0.03125
2995 0.0478515625
2996 0.009765625
2997 -0.046875
2998 0.0693359375
2999 0.1357421875
3000 0.0791015625
3001 -0.015625
3002 0.037109375
3003 0.0927734375
3004 0.033203125
3005 -0.1044921875
3006 0.021484375
3007 0.0908203125
3008 0.041015625
3009 -0.1005859375
3010 -0.0537109375
3011 0.015625
3012 -0.021484375
3013 -0.140625
3014 -0.048828125
3015 0.0224609375
3016 -0.0185546875
3017 -0.1337890625
3018 -0.0419921875
3019 0.0283203125
3020 -0.015625
3021 -0.158203125
3022 -0.025390625
3023 0.0537109375
3024 0.0126953125
3025 -0.04296875
3026 0.072265625
3027 0.13671875
3028 0.080078125
3029 -0.015625
3030 0.037109375
3031 0.0927734375
3032 0.0361328125
3033 -0.095703125
3034 0.0244140625
3035 0.0908203125
3036 0.0439453125
3037 -0.09375
3038 -0.052734375
3039 0.017578125
3040 -0.021484375
3041 -0.13671875
3042 -0.048828125
3043 0.0234375
3044 -0.017578125
3045 -0.130859375
3046 -0.0419921875
3047 0.025390625
3048 -0.015625
3049 -0.158203125
3050 -0.0263671875
3051 0.048828125
3052 0.013671875
3053 -0.046875
3054 0.0712890625
3055 0.1357421875
3056 0.0810546875
3057 -0.0146484375
3058 0.037109375
3059 0.0927734375
3060 0.0341796875
3061 -0.0966796875
3062 0.021484375
3063 0.08984375
3064 0.04296875
3065 -0.09375
3066 -0.052734375
3067 0.0166015625
3068 -0.021484375
3069 -0.1357421875
3070 -0.046875
3071 0.0244140625
3072 -0.015625
3073 -0.1298828125
3074 -0.0400390625
3075 0.025390625
3076 -0.0146484375
3077 -0.1552734375
3078 -0.0244140625
3079 0.0498046875
3080 0.015625
3081 -0.0419921875
3082 0.072265625
3083 0.134765625
3084 0.08203125
3085 -0.013671875
3086 0.0380859375
3087 0.09375
3088 0.03515625
3089 -0.095703125
3090 0.021484375
3091 0.0888671875
3092 0.04296875
3093 -0.0947265625
3094 -0.052734375
3095 0.015625
3096 -0.0205078125
3097 -0.1357421875
3098 -0.0458984375
3099 0.0205078125
3100 -0.0146484375
3101 -0.1318359375
3102 -0.041015625
3103 0.025390625
3104 -0.0126953125
3105 -0.1552734375
3106 -0.02734375
3107 0.0478515625
3108 0.013671875
3109 -0.0419921875
3110 0.0693359375
3111 0.134765625
3112 0.0810546875
3113 -0.01171875
3114 0.0380859375
3115 0.091796875
3116 0.037109375
3117 -0.0966796875
3118 0.0205078125
3119 0.0869140625
3120 0.0419921875
3121 -0.095703125
3122 -0.0537109375
3123 0.01171875
3124 -0.01953125
3125 -0.1357421875
3126 -0.0458984375
3127 0.01953125
3128 -0.013671875
3129 -0.12890625
3130 -0.0419921875
3131 0.0224609375
3132 -0.013671875
3133 -0.1533203125
3134 -0.0263671875
3135 0.048828125
3136 0.0146484375
3137 -0.0400390625
3138 0.0693359375
3139 0.1318359375
3140 0.0810546875
3141 -0.0126953125
3142 0.037109375
3143 0.08984375
3144 0.037109375
3145 -0.09375
3146 0.0234375
3147 0.087890625
3148 0.0458984375
3149 -0.09375
3150 -0.0517578125
3151 0.015625
3152 -0.0205078125
3153 -0.1328125
3154 -0.0478515625
3155 0.021484375
3156 -0.015625
3157 -0.126953125
3158 -0.0419921875
3159 0.0234375
3160 -0.013671875
3161 -0.154296875
3162 -0.025390625
3163 0.0458984375
3164 0.015625
3165 -0.0390625
3166 0.072265625
3167 0.1328125
3168 0.08203125
3169 -0.009765625
3170 0.0390625
3171 0.0888671875
3172 0.0380859375
3173 -0.091796875
3174 0.0224609375
3175 0.0859375
3176 0.0439453125
3177 -0.09375
3178 -0.0537109375
3179 0.0107421875
3180 -0.0185546875
3181 -0.12890625
3182 -0.0498046875
3183 0.0146484375
3184 -0.0146484375
3185 -0.1279296875
3186 -0.0439453125
3187 0.017578125
3188 -0.013671875
3189 -0.15234375
3190 -0.0283203125
3191 0.0419921875
3192 0.0146484375
3193 -0.037109375
3194 0.0712890625
3195 0.1298828125
3196 0.0810546875
3197 -0.0087890625
3198 0.0380859375
3199 0.087890625
3200 0.0380859375
3201 -0.0888671875
3202 0.021484375
3203 0.083984375
3204 0.044921875
3205 -0.091796875
3206 -0.0556640625
3207 0.009765625
3208 -0.0185546875
3209 -0.1298828125
3210 -0.046875
3211 0.015625
3212 -0.013671875
3213 -0.126953125
3214 -0.0419921875
3215 0.0185546875
3216 -0.01171875
3217 -0.15234375
3218 -0.02734375
3219 0.044921875
3220 0.0146484375
3221 -0.0380859375
3222 0.0712890625
3223 0.130859375
3224 0.08203125
3225 -0.0087890625
3226 0.037109375
3227 0.087890625
3228 0.0380859375
3229 -0.0908203125
3230 0.021484375
3231 0.083984375
3232 0.044921875
3233 -0.0947265625
3234 -0.0537109375
3235 0.0087890625
3236 -0.017578125
3237 -0.130859375
3238 -0.046875
3239 0.015625
3240 -0.0126953125
3241 -0.126953125
3242 -0.0419921875
3243 0.0205078125
3244 -0.01171875
3245 -0.150390625
3246 -0.0263671875
3247 0.0458984375
3248 0.015625
3249 -0.0361328125
3250 0.0712890625
3251 0.1328125
3252 0.0830078125
3253 -0.009765625
3254 0.0390625
3255 0.0888671875
3256 0.0380859375
3257 -0.0908203125
3258 0.0234375
3259 0.0869140625
3260 0.046875
3261 -0.08984375
3262 -0.0478515625
3263 0.0166015625
3264 -0.017578125
3265 -0.1298828125
3266 -0.0458984375
3267 0.0205078125
3268 -0.01171875
3269 -0.125
3270 -0.0419921875
3271 0.0224609375
3272 -0.013671875
3273 -0.1513671875
3274 -0.0263671875
3275 0.044921875
3276 0.0166015625
3277 -0.0390625
3278 0.0703125
3279 0.1318359375
3280 0.0830078125
3281 -0.01171875
3282 0.0361328125
3283 0.0859375
3284 0.0380859375
3285 -0.0927734375
3286 0.021484375
3287 0.0849609375
3288 0.0439453125
3289 -0.0908203125
3290 -0.052734375
3291 0.013671875
3292 -0.017578125
3293 -0.1298828125
3294 -0.046875
3295 0.021484375
3296 -0.0146484375
3297 -0.1259765625
3298 -0.0400390625
3299 0.0234375
3300 -0.01171875
3301 -0.1513671875
3302 -0.0263671875
3303 0.046875
3304 0.0166015625
3305 -0.0390625
3306 0.072265625
3307 0.1318359375
3308 0.083984375
3309 -0.0087890625
3310 0.0390625
3311 0.0888671875
3312 0.0380859375
3313 -0.091796875
3314 0.0224609375
3315 0.0859375
3316 0.0458984375
3317 -0.0908203125
3318 -0.052734375
3319 0.015625
3320 -0.0185546875
3321 -0.12890625
3322 -0.0458984375
3323 0.021484375
3324 -0.0146484375
3325 -0.126953125
3326 -0.0390625
3327 0.0224609375
3328 -0.0126953125
3329 -0.15625
3330 -0.0263671875
3331 0.046875
3332 0.0146484375
3333 -0.041015625
3334 0.0693359375
3335 0.1337890625
3336 0.0810546875
3337 -0.01171875
3338 0.0380859375
3339 0.08984375
3340 0.037109375
3341 -0.0947265625
3342 0.021484375
3343 0.087890625
3344 0.0439453125
3345 -0.0947265625
3346 -0.052734375
3347 0.0146484375
3348 -0.0205078125
3349 -0.134765625
3350 -0.0458984375
3351 0.0205078125
3352 -0.013671875
3353 -0.12890625
3354 -0.0400390625
3355 0.025390625
3356 -0.0126953125
3357 -0.15625
3358 -0.0263671875
3359 0.05078125
3360 0.0146484375
3361 -0.04296875
3362 0.072265625
3363 0.138671875
3364 0.0810546875
3365 -0.0107421875
3366 0.0390625
3367 0.0947265625
3368 0.037109375
3369 -0.0966796875
3370 0.025390625
3371 0.0927734375
3372 0.0439453125
3373 -0.095703125
3374 -0.05078125
3375 0.0185546875
3376 -0.0185546875
3377 -0.1357421875
3378 -0.044921875
3379 0.0244140625
3380 -0.015625
3381 -0.130859375
3382 -0.041015625
3383 0.0263671875
3384 -0.013671875
3385 -0.1572265625
3386 -0.02734375
3387 0.05078125
3388 0.013671875
3389 -0.04296875
3390 0.0732421875
3391 0.13671875
3392 0.0810546875
3393 -0.01171875
3394 0.0400390625
3395 0.091796875
3396 0.037109375
3397 -0.0966796875
3398 0.0224609375
3399 0.0888671875
3400 0.044921875
3401 -0.0947265625
3402 -0.05078125
3403 0.017578125
3404 -0.01953125
3405 -0.1328125
3406 -0.044921875
3407 0.0244140625
3408 -0.0146484375
3409 -0.1240234375
3410 -0.0380859375
3411 0.02734375
3412 -0.01171875
3413 -0.1298828125
3414 -0.0048828125
3415 0.06640625
3416 0.0283203125
3417 -0.0869140625
3418 -0.0341796875
3419 0.0302734375
3420 -0.0087890625
3421 -0.166015625
3422 -0.0927734375
3423 -0.0146484375
3424 -0.0400390625
3425 -0.1904296875
3426 -0.107421875
3427 -0.0283203125
3428 -0.0517578125
3429 -0.1552734375
3430 -0.0634765625
3431 0.01171875
3432 -0.0234375
3433 -0.125
3434 -0.033203125
3435 0.0341796875
3436 -0.00390625
3437 -0.099609375
3438 0.0224609375
3439 0.08984375
3440 0.0478515625
3441 -0.052734375
3442 -0.005859375
3443 0.0556640625
3444 0.013671875
3445 -0.158203125
3446 -0.0859375
3447 -0.0107421875
3448 -0.03515625
3449 -0.1513671875
3450 -0.0634765625
3451 0.0107421875
3452 -0.0205078125
3453 -0.1396484375
3454 -0.0498046875
3455 0.0205078125
3456 -0.013671875
3457 -0.1123046875
3458 0.009765625
3459 0.08203125
3460 0.04296875
3461 -0.0048828125
3462 0.1044921875
3463 0.1669921875
3464 0.109375
3465 -0.001953125
3466 0.0419921875
3467 0.0927734375
3468 0.044921875
3469 -0.130859375
3470 -0.0634765625
3471 0.0087890625
3472 -0.0244140625
3473 -0.1328125
3474 -0.0517578125
3475 0.00390625
3476 -0.0068359375
3477 -0.09375
3478 -0.0263671875
3479 0.01953125
3480 0.00390625
3481 -0.087890625
3482 0.0126953125
3483 0.0615234375
3484 0.048828125
3485 -0.0712890625
3486 -0.046875
3487 0.0009765625
3488 -0.0048828125
3489 -0.1328125
3490 -0.0234375
3491 0.0341796875
3492 0.02734375
3493 -0.037109375
3494 0.0537109375
3495 0.1005859375
3496 0.0791015625
3497 0.0166015625
3498 0.09765625
3499 0.1376953125
3500 0.109375
3501 0.0361328125
3502 0.1103515625
3503 0.150390625
3504 0.1171875
3505 0.06640625
3506 0.1396484375
3507 0.173828125
3508 0.13671875
3509 0.060546875
3510 0.0791015625
3511 0.1064453125
3512 0.07421875
3513 -0.0185546875
3514 0.0341796875
3515 0.06640625
3516 0.0400390625
3517 -0.0595703125
3518 -0.001953125
3519 0.037109375
3520 0.0146484375
3521 -0.0908203125
3522 0.0048828125
3523 0.0517578125
3524 0.037109375
3525 -0.0654296875
3526 -0.041015625
3527 0.005859375
3528 -0.0068359375
3529 -0.1640625
3530 -0.05078125
3531 0.0078125
3532 0.00390625
3533 -0.1142578125
3534 -0.0888671875
3535 -0.033203125
3536 -0.03515625
3537 -0.1474609375
3538 -0.078125
3539 -0.0234375
3540 -0.02734375
3541 -0.17578125
3542 -0.1015625
3543 -0.0419921875
3544 -0.041015625
3545 -0.169921875
3546 -0.0947265625
3547 -0.03515625
3548 -0.0361328125
3549 -0.1650390625
3550 -0.0556640625
3551 0.0078125
3552 0.0068359375
3553 -0.0693359375
3554 0.025390625
3555 0.0771484375
3556 0.060546875
3557 -0.0185546875
3558 0.0673828125
3559 0.109375
3560 0.087890625
3561 -0.001953125
3562 0.080078125
3563 0.1220703125
3564 0.095703125
3565 -0.001953125
3566 0.0771484375
3567 0.1181640625
3568 0.091796875
3569 -0.013671875
3570 0.0693359375
3571 0.1123046875
3572 0.0849609375
3573 0.025390625
3574 0.10546875
3575 0.142578125
3576 0.107421875
3577 0.0029296875
3578 0.01953125
3579 0.0556640625
3580 0.03125
3581 -0.0830078125
3582 -0.0283203125
3583 0.017578125
3584 0.0009765625
3585 -0.140625
3586 -0.0751953125
3587 -0.0224609375
3588 -0.0283203125
3589 -0.15234375
3590 -0.0810546875
3591 -0.0263671875
3592 -0.0322265625
3593 -0.1650390625
3594 -0.0537109375
3595 0.0087890625
3596 0.00390625
3597 -0.083984375
3598 0.0126953125
3599 0.0654296875
3600 0.0478515625
3601 -0.0498046875
3602 0.0380859375
3603 0.083984375
3604 0.0654296875
3605 -0.044921875
3606 0.04296875
3607 0.087890625
3608 0.0654296875
3609 0.00390625
3610 0.0859375
3611 0.1240234375
3612 0.09375
3613 0.01171875
3614 0.08984375
3615 0.1279296875
3616 0.0947265625
3617 -0.04296875
3618 -0.029296875
3619 0.015625
3620 0.0
3621 -0.130859375
3622 -0.0244140625
3623 0.025390625
3624 0.0166015625
3625 -0.08984375
3626 -0.091796875
3627 -0.03515625
3628 -0.03515625
3629 -0.123046875
3630 -0.0185546875
3631 0.0341796875
3632 0.025390625
3633 -0.0625
3634 -0.03515625
3635 0.009765625
3636 -0.00390625
3637 -0.09375
3638 -0.03515625
3639 0.01171875
3640 0.0
3641 -0.138671875
3642 -0.072265625
3643 -0.0224609375
3644 -0.0263671875
3645 -0.158203125
3646 -0.0478515625
3647 0.0087890625
3648 0.0068359375
3649 -0.1318359375
3650 -0.1064453125
3651 -0.044921875
3652 -0.041015625
3653 -0.1875
3654 -0.072265625
3655 -0.0048828125
3656 -0.0048828125
3657 -0.091796875
3658 0.005859375
3659 0.060546875
3660 0.046875
3661 -0.0380859375
3662 0.0478515625
3663 0.0947265625
3664 0.07421875
3665 -0.0078125
3666 0.07421875
3667 0.1142578125
3668 0.08984375
3669 0.001953125
3670 0.080078125
3671 0.119140625
3672 0.0947265625
3673 -0.00390625
3674 0.07421875
3675 0.11328125
3676 0.087890625
3677 -0.021484375
3678 0.0576171875
3679 0.1005859375
3680 0.0771484375
3681 0.0048828125
3682 0.0830078125
3683 0.1171875
3684 0.0908203125
3685 0.0068359375
3686 0.0830078125
3687 0.1201171875
3688 0.0927734375
3689 0.0390625
3690 0.1123046875
3691 0.146484375
3692 0.11328125
3693 0.0576171875
3694 0.12890625
3695 0.1611328125
3696 0.1240234375
3697 0.0380859375
3698 0.052734375
3699 0.083984375
3700 0.05078125
3701 -0.05078125
3702 0.0322265625
3703 0.0751953125
3704 0.0517578125
3705 -0.05078125
3706 -0.029296875
3707 0.01171875
3708 -0.005859375
3709 -0.1181640625
3710 -0.05859375
3711 -0.013671875
3712 -0.0224609375
3713 -0.1396484375
3714 -0.0751953125
3715 -0.0263671875
3716 -0.0341796875
3717 -0.1357421875
3718 -0.0703125
3719 -0.0234375
3720 -0.0302734375
3721 -0.1357421875
3722 -0.072265625
3723 -0.021484375
3724 -0.0283203125
3725 -0.1396484375
3726 -0.078125
3727 -0.0283203125
3728 -0.0322265625
3729 -0.171875
3730 -0.107421875
3731 -0.0498046875
3732 -0.048828125
3733 -0.1513671875
3734 -0.080078125
3735 -0.0302734375
3736 -0.033203125
3737 -0.1728515625
3738 -0.1005859375
3739 -0.0439453125
3740 -0.0439453125
3741 -0.1298828125
3742 -0.0654296875
3743 -0.013671875
3744 -0.0205078125
3745 -0.12109375
3746 -0.0556640625
3747 -0.01171875
3748 -0.0185546875
3749 -0.12890625
3750 -0.064453125
3751 -0.015625
3752 -0.01953125
3753 -0.1708984375
3754 -0.0625
3755 -0.001953125
3756 0.0
3757 -0.0654296875
3758 0.0263671875
3759 0.07421875
3760 0.0595703125
3761 -0.0693359375
3762 0.0224609375
3763 0.06640625
3764 0.052734375
3765 -0.087890625
3766 -0.072265625
3767 -0.0205078125
3768 -0.0224609375
3769 -0.193359375
3770 -0.1201171875
3771 -0.056640625
3772 -0.0498046875
3773 -0.1552734375
3774 -0.083984375
3775 -0.0283203125
3776 -0.0302734375
3777 -0.1171875
3778 -0.013671875
3779 0.0400390625
3780 0.033203125
3781 -0.05859375
3782 -0.0556640625
3783 -0.0009765625
3784 -0.005859375
3785 -0.107421875
3786 -0.0068359375
3787 0.0458984375
3788 0.0380859375
3789 -0.099609375
3790 -0.07421875
3791 -0.017578125
3792 -0.0205078125
3793 -0.1298828125
3794 -0.0224609375
3795 0.0341796875
3796 0.0283203125
3797 -0.0380859375
3798 0.0517578125
3799 0.0966796875
3800 0.0751953125
3801 -0.0625
3802 -0.0439453125
3803 0.0029296875
3804 -0.0029296875
3805 -0.193359375
3806 -0.11328125
3807 -0.0498046875
3808 -0.04296875
3809 -0.1435546875
3810 -0.068359375
3811 -0.0166015625
3812 -0.0205078125
3813 -0.158203125
3814 -0.0458984375
3815 0.0126953125
3816 0.013671875
3817 -0.13671875
3818 -0.103515625
3819 -0.0439453125
3820 -0.0400390625
3821 -0.1455078125
3822 -0.0322265625
3823 0.0244140625
3824 0.0234375
3825 -0.0517578125
3826 0.041015625
3827 0.08984375
3828 0.0751953125
3829 -0.0634765625
3830 -0.0419921875
3831 0.0087890625
3832 0.0009765625
3833 -0.107421875
3834 -0.0029296875
3835 0.0517578125
3836 0.0419921875
3837 -0.0439453125
3838 -0.0234375
3839 0.0244140625
3840 0.013671875
3841 -0.0869140625
3842 -0.029296875
3843 0.021484375
3844 0.01171875
3845 -0.09765625
3846 -0.03515625
3847 0.0107421875
3848 0.0048828125
3849 -0.1611328125
3850 -0.08203125
3851 -0.029296875
3852 -0.02734375
3853 -0.1796875
3854 -0.0595703125
3855 0.0029296875
3856 0.0087890625
3857 -0.103515625
3858 0.0029296875
3859 0.0576171875
3860 0.0478515625
3861 -0.0478515625
3862 -0.0244140625
3863 0.021484375
3864 0.0107421875
3865 -0.123046875
3866 -0.0166015625
3867 0.04296875
3868 0.037109375
3869 -0.0517578125
3870 0.04296875
3871 0.0927734375
3872 0.0751953125
3873 -0.005859375
3874 0.017578125
3875 0.0576171875
3876 0.041015625
3877 -0.0830078125
3878 0.0166015625
3879 0.0673828125
3880 0.056640625
3881 -0.0615234375
3882 -0.0361328125
3883 0.013671875
3884 0.005859375
3885 -0.095703125
3886 -0.029296875
3887 0.0185546875
3888 0.0087890625
3889 -0.1318359375
3890 -0.0625
3891 -0.0087890625
3892 -0.009765625
3893 -0.158203125
3894 -0.0419921875
3895 0.0185546875
3896 0.0185546875
3897 -0.0693359375
3898 0.02734375
3899 0.080078125
3900 0.06640625
3901 -0.025390625
3902 0.0625
3903 0.1083984375
3904 0.0869140625
3905 -0.0029296875
3906 0.08203125
3907 0.123046875
3908 0.0986328125
3909 0.0078125
3910 0.0888671875
3911 0.130859375
3912 0.103515625
3913 0.005859375
3914 0.0859375
3915 0.126953125
3916 0.1005859375
3917 -0.01953125
3918 0.064453125
3919 0.107421875
3920 0.0849609375
3921 -0.0068359375
3922 0.0751953125
3923 0.119140625
3924 0.09375
3925 0.005859375
3926 0.025390625
3927 0.0615234375
3928 0.0400390625
3929 -0.046875
3930 0.04296875
3931 0.08984375
3932 0.068359375
3933 0.0185546875
3934 0.099609375
3935 0.1396484375
3936 0.107421875
3937 0.0341796875
3938 0.1103515625
3939 0.1474609375
3940 0.11328125
3941 0.0234375
3942 0.1005859375
3943 0.1376953125
3944 0.10546875
3945 0.037109375
3946 0.1142578125
3947 0.1474609375
3948 0.11328125
3949 0.0615234375
3950 0.13671875
3951 0.1689453125
3952 0.130859375
3953 0.08984375
3954 0.16015625
3955 0.1923828125
3956 0.1484375
3957 0.103515625
3958 0.169921875
3959 0.201171875
3960 0.1552734375
3961 0.0966796875
3962 0.1630859375
3963 0.1904296875
3964 0.146484375
3965 0.09375
3966 0.162109375
3967 0.19140625
3968 0.146484375
3969 0.09375
3970 0.1611328125
3971 0.1884765625
3972 0.1435546875
3973 0.056640625
3974 0.076171875
3975 0.099609375
3976 0.0576171875
3977 -0.0390625
3978 0.0068359375
3979 0.0400390625
3980 0.0126953125
3981 -0.0908203125
3982 0.0009765625
3983 0.0478515625
3984 0.025390625
3985 -0.0244140625
3986 0.060546875
3987 0.1005859375
3988 0.0673828125
3989 -0.03125
3990 -0.0078125
3991 0.025390625
3992 -0.0009765625
3993 -0.109375
3994 -0.048828125
3995 -0.0068359375
3996 -0.0263671875
3997 -0.162109375
3998 -0.0966796875
3999 -0.044921875
4000 -0.0556640625
4001 -0.1982421875
4002 -0.087890625
4003 -0.0244140625
4004 -0.029296875
4005 -0.103515625
4006 -0.0078125
4007 0.0439453125
4008 0.0244140625
4009 -0.0439453125
4010 0.041015625
4011 0.0849609375
4012 0.056640625
4013 -0.0166015625
4014 0.0634765625
4015 0.103515625
4016 0.0732421875
4017 0.0009765625
4018 0.0771484375
4019 0.115234375
4020 0.080078125
4021 0.0029296875
4022 0.0771484375
4023 0.115234375
4024 0.0791015625
4025 0.0205078125
4026 0.0966796875
4027 0.1318359375
4028 0.0927734375
4029 0.0146484375
4030 0.033203125
4031 0.064453125
4032 0.029296875
4033 -0.064453125
4034 -0.0146484375
4035 0.0224609375
4036 -0.001953125
4037 -0.109375
4038 -0.0498046875
4039 -0.0107421875
4040 -0.0283203125
4041 -0.11328125
4042 -0.0166015625
4043 0.03125
4044 0.0126953125
4045 -0.064453125
4046 -0.0400390625
4047 0.0029296875
4048 -0.0185546875
4049 -0.1298828125
4050 -0.033203125
4051 0.0166015625
4052 0.0009765625
4053 -0.138671875
4054 -0.11328125
4055 -0.0615234375
4056 -0.0654296875
4057 -0.2109375
4058 -0.0947265625
4059 -0.0302734375
4060 -0.033203125
4061 -0.0849609375
4062 0.0107421875
4063 0.0576171875
4064 0.0361328125
4065 -0.078125
4066 -0.05859375
4067 -0.0126953125
4068 -0.029296875
4069 -0.126953125
4070 -0.0634765625
4071 -0.0166015625
4072 -0.03125
4073 -0.1650390625
4074 -0.0966796875
4075 -0.044921875
4076 -0.0517578125
4077 -0.2119140625
4078 -0.1396484375
4079 -0.0791015625
4080 -0.07421875
4081 -0.203125
4082 -0.1259765625
4083 -0.0673828125
4084 -0.0654296875
4085 -0.1611328125
4086 -0.0859375
4087 -0.03515625
4088 -0.0419921875
4089 -0.1611328125
4090 -0.052734375
4091 0.0029296875
4092 -0.0029296875
4093 -0.1611328125
4094 -0.1337890625
4095 -0.0712890625
4096 -0.0673828125
4097 -0.1787109375
4098 -0.1064453125
4099 -0.046875
4100 -0.048828125
4101 -0.1259765625
4102 -0.0546875
4103 -0.005859375
4104 -0.0185546875
4105 -0.142578125
4106 -0.0380859375
4107 0.0166015625
4108 0.0087890625
4109 -0.1259765625
4110 -0.1005859375
4111 -0.0400390625
4112 -0.041015625
4113 -0.1328125
4114 -0.02734375
4115 0.029296875
4116 0.0205078125
4117 -0.02734375
4118 0.060546875
4119 0.103515625
4120 0.0771484375
4121 0.0126953125
4122 0.091796875
4123 0.126953125
4124 0.09765625
4125 0.0400390625
4126 0.072265625
4127 0.0693359375
4128 0.1005859375
4129 -0.001953125
4130 -0.04296875
4131 -0.0390625
4132 0.00390625
4133 -0.083984375
4134 -0.0361328125
4135 -0.0244140625
4136 0.0234375
4137 -0.0517578125
4138 -0.0830078125
4139 -0.0703125
4140 -0.021484375
4141 -0.0810546875
4142 -0.0703125
4143 -0.060546875
4144 -0.0146484375
4145 -0.1142578125
4146 -0.1015625
4147 -0.0849609375
4148 -0.0322265625
4149 -0.1298828125
4150 -0.072265625
4151 -0.052734375
4152 0.0029296875
4153 -0.0458984375
4154 -0.0068359375
4155 0.0048828125
4156 0.048828125
4157 -0.00390625
4158 0.0263671875
4159 0.0322265625
4160 0.0693359375
4161 0.0263671875
4162 0.0478515625
4163 0.052734375
4164 0.0849609375
4165 0.03515625
4166 0.05859375
4167 0.0595703125
4168 0.0888671875
4169 0.0302734375
4170 0.052734375
4171 0.052734375
4172 0.0849609375
4173 0.005859375
4174 0.03125
4175 0.033203125
4176 0.0703125
4177 0.0166015625
4178 0.0419921875
4179 0.04296875
4180 0.0751953125
4181 0.0302734375
4182 -0.009765625
4183 -0.009765625
4184 0.0244140625
4185 -0.0205078125
4186 0.0107421875
4187 0.0166015625
4188 0.0537109375
4189 0.046875
4190 0.068359375
4191 0.0654296875
4192 0.0947265625
4193 0.0625
4194 0.0791015625
4195 0.072265625
4196 0.1015625
4197 0.0517578125
4198 0.0693359375
4199 0.0654296875
4200 0.095703125
4201 0.0673828125
4202 0.0830078125
4203 0.0751953125
4204 0.1025390625
4205 0.09375
4206 0.1044921875
4207 0.09765625
4208 0.119140625
4209 0.1240234375
4210 0.130859375
4211 0.123046875
4212 0.140625
4213 0.138671875
4214 0.1416015625
4215 0.12890625
4216 0.1474609375
4217 0.1298828125
4218 0.134765625
4219 0.1220703125
4220 0.1376953125
4221 0.1298828125
4222 0.1337890625
4223 0.12109375
4224 0.134765625
4225 0.12890625
4226 0.1318359375
4227 0.1181640625
4228 0.134765625
4229 0.0908203125
4230 0.0498046875
4231 0.033203125
4232 0.0517578125
4233 -0.0078125
4234 -0.0185546875
4235 -0.0263671875
4236 0.0048828125
4237 -0.0595703125
4238 -0.0283203125
4239 -0.0244140625
4240 0.0166015625
4241 0.0107421875
4242 0.033203125
4243 0.0322265625
4244 0.060546875
4245 0.0009765625
4246 -0.0390625
4247 -0.0419921875
4248 -0.0078125
4249 -0.1044921875
4250 -0.1015625
4251 -0.09375
4252 -0.0478515625
4253 -0.1103515625
4254 -0.1044921875
4255 -0.0947265625
4256 -0.0498046875
4257 -0.0986328125
4258 -0.0908203125
4259 -0.0830078125
4260 -0.0400390625
4261 -0.1025390625
4262 -0.0966796875
4263 -0.087890625
4264 -0.0419921875
4265 -0.154296875
4266 -0.1591796875
4267 -0.13671875
4268 -0.078125
4269 -0.1455078125
4270 -0.1318359375
4271 -0.115234375
4272 -0.0615234375
4273 -0.130859375
4274 -0.1162109375
4275 -0.103515625
4276 -0.0517578125
4277 -0.1005859375
4278 -0.056640625
4279 -0.041015625
4280 0.0068359375
4281 -0.0458984375
4282 -0.1015625
4283 -0.0849609375
4284 -0.03515625
4285 -0.1025390625
4286 -0.0556640625
4287 -0.041015625
4288 0.0078125
4289 -0.0966796875
4290 -0.1259765625
4291 -0.1044921875
4292 -0.05078125
4293 -0.1259765625
4294 -0.0712890625
4295 -0.05078125
4296 -0.0009765625
4297 -0.025390625
4298 0.0078125
4299 0.01171875
4300 0.05078125
4301 -0.052734375
4302 -0.0869140625
4303 -0.076171875
4304 -0.0302734375
4305 -0.1689453125
4306 -0.1435546875
4307 -0.1181640625
4308 -0.060546875
4309 -0.14453125
4310 -0.115234375
4311 -0.1015625
4312 -0.046875
4313 -0.1171875
4314 -0.0615234375
4315 -0.0458984375
4316 0.005859375
4317 -0.0849609375
4318 -0.1142578125
4319 -0.09375
4320 -0.0419921875
4321 -0.1103515625
4322 -0.0986328125
4323 -0.080078125
4324 -0.029296875
4325 -0.1005859375
4326 -0.0888671875
4327 -0.0771484375
4328 -0.0244140625
4329 -0.1357421875
4330 -0.0771484375
4331 -0.052734375
4332 0.0029296875
4333 -0.01953125
4334 0.015625
4335 0.0234375
4336 0.0634765625
4337 0.0615234375
4338 0.0830078125
4339 0.08203125
4340 0.1103515625
4341 0.119140625
4342 0.12890625
4343 0.125
4344 0.1455078125
4345 0.1435546875
4346 0.150390625
4347 0.142578125
4348 0.158203125
4349 0.1455078125
4350 0.1494140625
4351 0.13671875
4352 0.15234375
4353 0.1455078125
4354 0.1513671875
4355 0.1376953125
4356 0.154296875
4357 0.1455078125
4358 0.150390625
4359 0.13671875
4360 0.15234375
4361 0.109375
4362 0.068359375
4363 0.0517578125
4364 0.0703125
4365 0.0107421875
4366 -0.0009765625
4367 -0.0087890625
4368 0.021484375
4369 -0.041015625
4370 -0.0087890625
4371 -0.0048828125
4372 0.0341796875
4373 0.03125
4374 0.0517578125
4375 0.0498046875
4376 0.080078125
4377 0.0185546875
4378 -0.01953125
4379 -0.0234375
4380 0.009765625
4381 -0.08984375
4382 -0.083984375
4383 -0.076171875
4384 -0.0322265625
4385 -0.0947265625
4386 -0.087890625
4387 -0.0791015625
4388 -0.0341796875
4389 -0.0830078125
4390 -0.076171875
4391 -0.0673828125
4392 -0.0263671875
4393 -0.0849609375
4394 -0.080078125
4395 -0.068359375
4396 -0.02734375
4397 -0.1396484375
4398 -0.14453125
4399 -0.1220703125
4400 -0.0634765625
4401 -0.1298828125
4402 -0.1162109375
4403 -0.099609375
4404 -0.046875
4405 -0.1162109375
4406 -0.1015625
4407 -0.0908203125
4408 -0.0380859375
4409 -0.087890625
4410 -0.0419921875
4411 -0.02734375
4412 0.017578125
4413 -0.033203125
4414 -0.0888671875
4415 -0.0703125
4416 -0.0234375
4417 -0.0810546875
4418 -0.0361328125
4419 -0.025390625
4420 0.0234375
4421 -0.0703125
4422 -0.09765625
4423 -0.08203125
4424 -0.0302734375
4425 -0.1015625
4426 -0.0498046875
4427 -0.03515625
4428 0.0146484375
4429 -0.0107421875
4430 0.021484375
4431 0.025390625
4432 0.0615234375
4433 -0.03125
4434 -0.0673828125
4435 -0.0595703125
4436 -0.0146484375
4437 -0.150390625
4438 -0.130859375
4439 -0.1064453125
4440 -0.0478515625
4441 -0.130859375
4442 -0.1044921875
4443 -0.0888671875
4444 -0.0380859375
4445 -0.107421875
4446 -0.0517578125
4447 -0.0361328125
4448 0.0146484375
4449 -0.0791015625
4450 -0.10546875
4451 -0.0859375
4452 -0.033203125
4453 -0.10546875
4454 -0.091796875
4455 -0.0732421875
4456 -0.021484375
4457 -0.09375
4458 -0.0830078125
4459 -0.068359375
4460 -0.0185546875
4461 -0.1328125
4462 -0.072265625
4463 -0.048828125
4464 0.0068359375
4465 -0.0146484375
4466 0.0244140625
4467 0.029296875
4468 0.068359375
4469 0.0673828125
4470 0.08984375
4471 0.08984375
4472 0.1181640625
4473 0.1240234375
4474 0.13671875
4475 0.130859375
4476 0.150390625
4477 0.150390625
4478 0.15625
4479 0.1474609375
4480 0.1630859375
4481 0.1494140625
4482 0.1533203125
4483 0.142578125
4484 0.158203125
4485 0.1513671875
4486 0.1552734375
4487 0.14453125
4488 0.158203125
4489 0.1513671875
4490 0.154296875
4491 0.142578125
4492 0.1572265625
4493 0.115234375
4494 0.0751953125
4495 0.0576171875
4496 0.076171875
4497 0.0146484375
4498 0.0048828125
4499 -0.001953125
4500 0.0283203125
4501 -0.03515625
4502 -0.0048828125
4503 0.001953125
4504 0.0380859375
4505 0.03515625
4506 0.056640625
4507 0.0537109375
4508 0.0830078125
4509 0.0234375
4510 -0.0166015625
4511 -0.01953125
4512 0.013671875
4513 -0.0849609375
4514 -0.0791015625
4515 -0.0712890625
4516 -0.02734375
4517 -0.0908203125
4518 -0.0830078125
4519 -0.0732421875
4520 -0.0302734375
4521 -0.0791015625
4522 -0.0693359375
4523 -0.0615234375
4524 -0.021484375
4525 -0.0849609375
4526 -0.078125
4527 -0.06640625
4528 -0.025390625
4529 -0.1337890625
4530 -0.142578125
4531 -0.1181640625
4532 -0.0615234375
4533 -0.126953125
4534 -0.11328125
4535 -0.095703125
4536 -0.0439453125
4537 -0.1123046875
4538 -0.0986328125
4539 -0.0869140625
4540 -0.0341796875
4541 -0.0859375
4542 -0.0380859375
4543 -0.0234375
4544 0.021484375
4545 -0.029296875
4546 -0.083984375
4547 -0.06640625
4548 -0.0205078125
4549 -0.0791015625
4550 -0.0341796875
4551 -0.01953125
4552 0.0263671875
4553 -0.0654296875
4554 -0.0986328125
4555 -0.0791015625
4556 -0.029296875
4557 -0.103515625
4558 -0.05078125
4559 -0.0341796875
4560 0.0166015625
4561 -0.009765625
4562 0.025390625
4563 0.0263671875
4564 0.0654296875
4565 -0.0283203125
4566 -0.0634765625
4567 -0.0546875
4568 -0.009765625
4569 -0.1474609375
4570 -0.126953125
4571 -0.1015625
4572 -0.044921875
4573 -0.12890625
4574 -0.103515625
4575 -0.0869140625
4576 -0.0380859375
4577 -0.10546875
4578 -0.052734375
4579 -0.0322265625
4580 0.015625
4581 -0.0771484375
4582 -0.103515625
4583 -0.083984375
4584 -0.03125
4585 -0.1025390625
4586 -0.087890625
4587 -0.0703125
4588 -0.017578125
4589 -0.091796875
4590 -0.0791015625
4591 -0.06640625
4592 -0.0166015625
4593 -0.12890625
4594 -0.0703125
4595 -0.0458984375
4596 0.0087890625
4597 -0.0107421875
4598 0.0263671875
4599 0.0322265625
4600 0.0712890625
4601 0.0712890625
4602 0.0927734375
4603 0.0927734375
4604 0.119140625
4605 0.1279296875
4606 0.140625
4607 0.1328125
4608 0.154296875
4609 0.1513671875
4610 0.16015625
4611 0.1513671875
4612 0.166015625
4613 0.15234375
4614 0.1572265625
4615 0.14453125
4616 0.1611328125
4617 0.154296875
4618 0.1591796875
4619 0.146484375
4620 0.1611328125
4621 0.1533203125
4622 0.1572265625
4623 0.1455078125
4624 0.16015625
4625 0.1162109375
4626 0.0751953125
4627 0.05859375
4628 0.0771484375
4629 0.0166015625
4630 0.0078125
4631 -0.001953125
4632 0.02734375
4633 -0.0341796875
4634 -0.0009765625
4635 0.0029296875
4636 0.041015625
4637 0.0361328125
4638 0.0595703125
4639 0.056640625
4640 0.0849609375
4641 0.02734375
4642 -0.015625
4643 -0.0166015625
4644 0.0166015625
4645 -0.0810546875
4646 -0.078125
4647 -0.0693359375
4648 -0.025390625
4649 -0.087890625
4650 -0.0810546875
4651 -0.072265625
4652 -0.0263671875
4653 -0.080078125
4654 -0.068359375
4655 -0.0634765625
4656 -0.01953125
4657 -0.0810546875
4658 -0.0732421875
4659 -0.064453125
4660 -0.0205078125
4661 -0.130859375
4662 -0.1396484375
4663 -0.1142578125
4664 -0.0576171875
4665 -0.1240234375
4666 -0.111328125
4667 -0.09375
4668 -0.0400390625
4669 -0.111328125
4670 -0.09765625
4671 -0.0830078125
4672 -0.0341796875
4673 -0.0849609375
4674 -0.037109375
4675 -0.0224609375
4676 0.0224609375
4677 -0.0302734375
4678 -0.08203125
4679 -0.06640625
4680 -0.0185546875
4681 -0.078125
4682 -0.03125
4683 -0.0185546875
4684 0.0283203125
4685 -0.064453125
4686 -0.0947265625
4687 -0.0771484375
4688 -0.0263671875
4689 -0.1015625
4690 -0.0498046875
4691 -0.0302734375
4692 0.017578125
4693 -0.0078125
4694 0.025390625
4695 0.029296875
4696 0.064453125
4697 -0.029296875
4698 -0.0634765625
4699 -0.056640625
4700 -0.009765625
4701 -0.1484375
4702 -0.126953125
4703 -0.103515625
4704 -0.0439453125
4705 -0.126953125
4706 -0.1005859375
4707 -0.083984375
4708 -0.033203125
4709 -0.1025390625
4710 -0.0478515625
4711 -0.029296875
4712 0.0205078125
4713 -0.0732421875
4714 -0.1015625
4715 -0.08203125
4716 -0.029296875
4717 -0.1005859375
4718 -0.0869140625
4719 -0.068359375
4720 -0.0166015625
4721 -0.0927734375
4722 -0.0810546875
4723 -0.06640625
4724 -0.0166015625
4725 -0.130859375
4726 -0.0712890625
4727 -0.0458984375
4728 0.0087890625
4729 -0.0107421875
4730 0.0263671875
4731 0.0341796875
4732 0.07421875
4733 0.072265625
4734 0.09375
4735 0.0927734375
4736 0.1201171875
4737 0.1298828125
4738 0.140625
4739 0.13671875
4740 0.1552734375
4741 0.1552734375
4742 0.162109375
4743 0.1513671875
4744 0.1689453125
4745 0.1533203125
4746 0.1572265625
4747 0.146484375
4748 0.1630859375
4749 0.1533203125
4750 0.1591796875
4751 0.1484375
4752 0.162109375
4753 0.1552734375
4754 0.1591796875
4755 0.1474609375
4756 0.1611328125
4757 0.119140625
4758 0.0771484375
4759 0.0615234375
4760 0.080078125
4761 0.017578125
4762 0.0078125
4763 0.001953125
4764 0.03125
4765 -0.033203125
4766 -0.0009765625
4767 0.0048828125
4768 0.0419921875
4769 0.037109375
4770 0.060546875
4771 0.0576171875
4772 0.0869140625
4773 0.0263671875
4774 -0.01171875
4775 -0.0166015625
4776 0.017578125
4777 -0.080078125
4778 -0.078125
4779 -0.0673828125
4780 -0.0263671875
4781 -0.0869140625
4782 -0.08203125
4783 -0.0703125
4784 -0.0263671875
4785 -0.0751953125
4786 -0.06640625
4787 -0.060546875
4788 -0.0185546875
4789 -0.080078125
4790 -0.07421875
4791 -0.064453125
4792 -0.01953125
4793 -0.1328125
4794 -0.13671875
4795 -0.115234375
4796 -0.0556640625
4797 -0.1220703125
4798 -0.1103515625
4799 -0.0927734375
4800 -0.041015625
4801 -0.1083984375
4802 -0.0966796875
4803 -0.08203125
4804 -0.0322265625
4805 -0.0810546875
4806 -0.0361328125
4807 -0.0185546875
4808 0.0244140625
4809 -0.02734375
4810 -0.08203125
4811 -0.064453125
4812 -0.0166015625
4813 -0.0771484375
4814 -0.0302734375
4815 -0.0185546875
4816 0.0302734375
4817 -0.06640625
4818 -0.0947265625
4819 -0.0771484375
4820 -0.0263671875
4821 -0.1015625
4822 -0.0478515625
4823 -0.0322265625
4824 0.0185546875
4825 -0.0048828125
4826 0.02734375
4827 0.0302734375
4828 0.0673828125
4829 -0.0244140625
4830 -0.05859375
4831 -0.0517578125
4832 -0.0068359375
4833 -0.1455078125
4834 -0.1240234375
4835 -0.1005859375
4836 -0.0419921875
4837 -0.1259765625
4838 -0.1015625
4839 -0.0849609375
4840 -0.0322265625
4841 -0.1025390625
4842 -0.0478515625
4843 -0.0322265625
4844 0.0205078125
4845 -0.076171875
4846 -0.1025390625
4847 -0.08203125
4848 -0.0283203125
4849 -0.099609375
4850 -0.0869140625
4851 -0.0673828125
4852 -0.017578125
4853 -0.0888671875
4854 -0.0771484375
4855 -0.0625
4856 -0.0126953125
4857 -0.12109375
4858 -0.0634765625
4859 -0.0400390625
4860 0.015625
4861 -0.0078125
4862 0.0302734375
4863 0.0341796875
4864 0.07421875
4865 0.07421875
4866 0.0947265625
4867 0.09375
4868 0.1201171875
4869 0.12890625
4870 0.1396484375
4871 0.134765625
4872 0.1552734375
4873 0.1552734375
4874 0.1611328125
4875 0.1513671875
4876 0.169921875
4877 0.154296875
4878 0.1572265625
4879 0.1455078125
4880 0.1630859375
4881 0.1552734375
4882 0.1591796875
4883 0.1474609375
4884 0.1630859375
4885 0.1552734375
4886 0.1572265625
4887 0.1455078125
4888 0.162109375
4889 0.1171875
4890 0.0771484375
4891 0.0595703125
4892 0.078125
4893 0.0185546875
4894 0.0087890625
4895 -0.0009765625
4896 0.0302734375
4897 -0.033203125
4898 0.0
4899 0.0048828125
4900 0.04296875
4901 0.0361328125
4902 0.060546875
4903 0.0576171875
4904 0.087890625
4905 0.0263671875
4906 -0.0126953125
4907 -0.015625
4908 0.0185546875
4909 -0.08203125
4910 -0.076171875
4911 -0.0693359375
4912 -0.025390625
4913 -0.0869140625
4914 -0.0830078125
4915 -0.072265625
4916 -0.02734375
4917 -0.076171875
4918 -0.0673828125
4919 -0.0595703125
4920 -0.017578125
4921 -0.0791015625
4922 -0.0732421875
4923 -0.0634765625
4924 -0.0205078125
4925 -0.1318359375
4926 -0.1376953125
4927 -0.11328125
4928 -0.056640625
4929 -0.123046875
4930 -0.109375
4931 -0.091796875
4932 -0.0380859375
4933 -0.109375
4934 -0.095703125
4935 -0.0830078125
4936 -0.0322265625
4937 -0.0810546875
4938 -0.0361328125
4939 -0.021484375
4940 0.025390625
4941 -0.0283203125
4942 -0.0830078125
4943 -0.064453125
4944 -0.0166015625
4945 -0.0751953125
4946 -0.0302734375
4947 -0.01953125
4948 0.0302734375
4949 -0.0615234375
4950 -0.0888671875
4951 -0.0751953125
4952 -0.0224609375
4953 -0.0927734375
4954 -0.041015625
4955 -0.02734375
4956 0.0224609375
4957 -0.0029296875
4958 0.0283203125
4959 0.03125
4960 0.0703125
4961 -0.0224609375
4962 -0.0576171875
4963 -0.05078125
4964 -0.0068359375
4965 -0.1416015625
4966 -0.1220703125
4967 -0.099609375
4968 -0.0419921875
4969 -0.123046875
4970 -0.0986328125
4971 -0.083984375
4972 -0.03125
4973 -0.1025390625
4974 -0.048828125
4975 -0.0322265625
4976 0.0205078125
4977 -0.0771484375
4978 -0.1005859375
4979 -0.08203125
4980 -0.0283203125
4981 -0.1015625
4982 -0.087890625
4983 -0.068359375
4984 -0.017578125
4985 -0.0888671875
4986 -0.0791015625
4987 -0.0634765625
4988 -0.0146484375
4989 -0.1240234375
4990 -0.0673828125
4991 -0.0419921875
4992 0.0126953125
4993 -0.0078125
4994 0.0263671875
4995 0.0341796875
4996 0.0751953125
4997 0.07421875
4998 0.0947265625
4999 0.091796875
