x y
0 -0.0234375
1 -0.197265625
2 -0.142578125
3 -0.078125
4 -0.072265625
5 -0.4404296875
6 -0.11328125
7 -0.0361328125
8 -0.0615234375
9 -0.1767578125
10 -0.083984375
11 -0.0107421875
12 -0.0400390625
13 -0.1494140625
14 -0.0205078125
15 0.0537109375
16 0.017578125
17 -0.0908203125
18 -0.06640625
19 0.005859375
20 -0.0244140625
21 -0.150390625
22 -0.0224609375
23 0.0537109375
24 0.0185546875
25 -0.11328125
26 -0.068359375
27 0.0068359375
28 -0.02734375
29 -0.1416015625
30 -0.0537109375
31 0.0185546875
32 -0.017578125
33 -0.1220703125
34 -0.033203125
35 0.033203125
36 -0.005859375
37 -0.125
38 -0.0009765625
39 0.0693359375
40 0.03125
41 -0.05859375
42 0.0576171875
43 0.1240234375
44 0.072265625
45 0.0087890625
46 0.1142578125
47 0.173828125
48 0.111328125
49 0.0166015625
50 0.0634765625
51 0.115234375
52 0.0537109375
53 -0.0751953125
54 0.037109375
55 0.1015625
56 0.0517578125
57 -0.0849609375
58 -0.0439453125
59 0.021484375
60 -0.0146484375
61 -0.130859375
62 -0.0439453125
63 0.0234375
64 -0.013671875
65 -0.1298828125
66 -0.041015625
67 0.0234375
68 -0.015625
69 -0.1552734375
70 -0.0283203125
71 0.0498046875
72 0.01171875
73 -0.0439453125
74 0.0693359375
75 0.1337890625
76 0.080078125
77 -0.013671875
78 0.037109375
79 0.08984375
80 0.0341796875
81 -0.095703125
82 0.0205078125
83 0.0859375
84 0.04296875
85 -0.095703125
86 -0.0546875
87 0.0126953125
88 -0.0205078125
89 -0.1337890625
90 -0.048828125
91 0.0205078125
92 -0.0166015625
93 -0.1298828125
94 -0.0439453125
95 0.0244140625
96 -0.0146484375
97 -0.1552734375
98 -0.02734375
99 0.046875
100 0.0126953125
101 -0.041015625
102 0.0703125
103 0.1318359375
104 0.0791015625
105 -0.0126953125
106 0.037109375
107 0.087890625
108 0.037109375
109 -0.0947265625
110 0.0224609375
111 0.0849609375
112 0.0439453125
113 -0.095703125
114 -0.056640625
115 0.0107421875
116 -0.021484375
117 -0.134765625
118 -0.048828125
119 0.017578125
120 -0.0166015625
121 -0.12890625
122 -0.0439453125
123 0.01953125
124 -0.0146484375
125 -0.15625
126 -0.0302734375
127 0.0439453125
128 0.0126953125
129 -0.0419921875
130 0.0693359375
131 0.130859375
132 0.0810546875
133 -0.01171875
134 0.03515625
135 0.087890625
136 0.03515625
137 -0.095703125
138 0.01953125
139 0.0849609375
140 0.041015625
141 -0.095703125
142 -0.0576171875
143 0.0126953125
144 -0.0224609375
145 -0.134765625
146 -0.0498046875
147 0.0185546875
148 -0.015625
149 -0.130859375
150 -0.0419921875
151 0.021484375
152 -0.013671875
153 -0.15234375
154 -0.025390625
155 0.0458984375
156 0.0146484375
157 -0.041015625
158 0.0693359375
159 0.1318359375
160 0.0810546875
161 -0.0146484375
162 0.03515625
163 0.087890625
164 0.0341796875
165 -0.09375
166 0.0205078125
167 0.0849609375
168 0.0439453125
169 -0.095703125
170 -0.0546875
171 0.0107421875
172 -0.0205078125
173 -0.1357421875
174 -0.0478515625
175 0.017578125
176 -0.015625
177 -0.1298828125
178 -0.04296875
179 0.021484375
180 -0.015625
181 -0.1533203125
182 -0.0283203125
183 0.046875
184 0.013671875
185 -0.041015625
186 0.0703125
187 0.134765625
188 0.0791015625
189 -0.01171875
190 0.0361328125
191 0.0888671875
192 0.0361328125
193 -0.0947265625
194 0.0205078125
195 0.0849609375
196 0.04296875
197 -0.0947265625
198 -0.0546875
199 0.0107421875
200 -0.01953125
201 -0.1337890625
202 -0.048828125
203 0.017578125
204 -0.0146484375
205 -0.1279296875
206 -0.0439453125
207 0.0205078125
208 -0.015625
209 -0.154296875
210 -0.029296875
211 0.0439453125
212 0.0146484375
213 -0.041015625
214 0.0703125
215 0.1318359375
216 0.080078125
217 -0.0126953125
218 0.037109375
219 0.0888671875
220 0.037109375
221 -0.0947265625
222 0.021484375
223 0.0859375
224 0.04296875
225 -0.095703125
226 -0.0556640625
227 0.013671875
228 -0.021484375
229 -0.1357421875
230 -0.0498046875
231 0.01953125
232 -0.0166015625
233 -0.130859375
234 -0.0419921875
235 0.0224609375
236 -0.015625
237 -0.15625
238 -0.0283203125
239 0.0458984375
240 0.013671875
241 -0.0400390625
242 0.0712890625
243 0.1328125
244 0.0810546875
245 -0.01171875
246 0.037109375
247 0.087890625
248 0.037109375
249 -0.0927734375
250 0.0205078125
251 0.083984375
252 0.04296875
253 -0.095703125
254 -0.056640625
255 0.0126953125
256 -0.0205078125
257 -0.1328125
258 -0.048828125
259 0.0166015625
260 -0.0146484375
261 -0.126953125
262 -0.04296875
263 0.0205078125
264 -0.013671875
265 -0.154296875
266 -0.025390625
267 0.0458984375
268 0.0146484375
269 -0.0419921875
270 0.0712890625
271 0.134765625
272 0.08203125
273 -0.009765625
274 0.037109375
275 0.0888671875
276 0.0361328125
277 -0.0908203125
278 0.0244140625
279 0.0888671875
280 0.044921875
281 -0.091796875
282 -0.0517578125
283 0.013671875
284 -0.0185546875
285 -0.1328125
286 -0.046875
287 0.0205078125
288 -0.0146484375
289 -0.126953125
290 -0.041015625
291 0.0205078125
292 -0.0126953125
293 -0.1513671875
294 -0.0283203125
295 0.044921875
296 0.0146484375
297 -0.037109375
298 0.0693359375
299 0.130859375
300 0.0830078125
301 -0.009765625
302 0.0361328125
303 0.0859375
304 0.037109375
305 -0.0927734375
306 0.021484375
307 0.0830078125
308 0.0439453125
309 -0.0927734375
310 -0.0546875
311 0.01171875
312 -0.0185546875
313 -0.1318359375
314 -0.0478515625
315 0.0166015625
316 -0.0146484375
317 -0.126953125
318 -0.04296875
319 0.01953125
320 -0.013671875
321 -0.1494140625
322 -0.02734375
323 0.0439453125
324 0.015625
325 -0.0380859375
326 0.0703125
327 0.1298828125
328 0.08203125
329 -0.0107421875
330 0.0361328125
331 0.0859375
332 0.0380859375
333 -0.0908203125
334 0.021484375
335 0.0849609375
336 0.044921875
337 -0.0908203125
338 -0.052734375
339 0.0107421875
340 -0.01953125
341 -0.1318359375
342 -0.0478515625
343 0.017578125
344 -0.015625
345 -0.1259765625
346 -0.041015625
347 0.01953125
348 -0.013671875
349 -0.1533203125
350 -0.0283203125
351 0.04296875
352 0.0146484375
353 -0.0400390625
354 0.0703125
355 0.1279296875
356 0.0810546875
357 -0.01171875
358 0.0361328125
359 0.0859375
360 0.037109375
361 -0.0927734375
362 0.0185546875
363 0.083984375
364 0.04296875
365 -0.09375
366 -0.0556640625
367 0.0126953125
368 -0.0205078125
369 -0.1318359375
370 -0.0478515625
371 0.0185546875
372 -0.0146484375
373 -0.1259765625
374 -0.041015625
375 0.0205078125
376 -0.0126953125
377 -0.150390625
378 -0.025390625
379 0.044921875
380 0.0185546875
381 -0.0380859375
382 0.0712890625
383 0.1318359375
384 0.08203125
385 -0.009765625
386 0.0361328125
387 0.0869140625
388 0.0380859375
389 -0.091796875
390 0.021484375
391 0.0869140625
392 0.044921875
393 -0.0908203125
394 -0.052734375
395 0.0146484375
396 -0.0166015625
397 -0.1328125
398 -0.046875
399 0.01953125
400 -0.0146484375
401 -0.130859375
402 -0.041015625
403 0.0205078125
404 -0.013671875
405 -0.154296875
406 -0.0263671875
407 0.0458984375
408 0.0146484375
409 -0.0390625
410 0.0703125
411 0.1337890625
412 0.0810546875
413 -0.009765625
414 0.0361328125
415 0.0888671875
416 0.0380859375
417 -0.0927734375
418 0.0205078125
419 0.0859375
420 0.0439453125
421 -0.0947265625
422 -0.052734375
423 0.0126953125
424 -0.01953125
425 -0.134765625
426 -0.0458984375
427 0.01953125
428 -0.0146484375
429 -0.12890625
430 -0.041015625
431 0.0224609375
432 -0.0146484375
433 -0.154296875
434 -0.02734375
435 0.0498046875
436 0.013671875
437 -0.0400390625
438 0.0712890625
439 0.1357421875
440 0.0830078125
441 -0.01171875
442 0.0380859375
443 0.08984375
444 0.037109375
445 -0.09375
446 0.0224609375
447 0.0869140625
448 0.044921875
449 -0.095703125
450 -0.0537109375
451 0.01171875
452 -0.0185546875
453 -0.1337890625
454 -0.0478515625
455 0.0185546875
456 -0.0166015625
457 -0.12890625
458 -0.04296875
459 0.021484375
460 -0.0146484375
461 -0.154296875
462 -0.02734375
463 0.048828125
464 0.0126953125
465 -0.0419921875
466 0.072265625
467 0.1337890625
468 0.0810546875
469 -0.0107421875
470 0.0380859375
471 0.08984375
472 0.0390625
473 -0.0947265625
474 0.0224609375
475 0.0849609375
476 0.0439453125
477 -0.09375
478 -0.0537109375
479 0.0146484375
480 -0.01953125
481 -0.1337890625
482 -0.046875
483 0.021484375
484 -0.013671875
485 -0.1259765625
486 -0.041015625
487 0.0244140625
488 -0.0126953125
489 -0.15234375
490 -0.0224609375
491 0.05078125
492 0.0166015625
493 -0.041015625
494 0.0732421875
495 0.1357421875
496 0.0830078125
497 -0.01171875
498 0.0400390625
499 0.0927734375
500 0.037109375
501 -0.0927734375
502 0.0234375
503 0.091796875
504 0.044921875
505 -0.0908203125
506 -0.0498046875
507 0.0166015625
508 -0.017578125
509 -0.130859375
510 -0.0458984375
511 0.021484375
512 -0.015625
513 -0.1298828125
514 -0.041015625
515 0.025390625
516 -0.01171875
517 -0.1533203125
518 -0.0244140625
519 0.0498046875
520 0.015625
521 -0.041015625
522 0.0732421875
523 0.13671875
524 0.0810546875
525 -0.0107421875
526 0.0390625
527 0.09375
528 0.0361328125
529 -0.0927734375
530 0.0234375
531 0.08984375
532 0.044921875
533 -0.0927734375
534 -0.05078125
535 0.015625
536 -0.017578125
537 -0.1337890625
538 -0.0439453125
539 0.0224609375
540 -0.013671875
541 -0.1298828125
542 -0.041015625
543 0.0263671875
544 -0.01171875
545 -0.1552734375
546 -0.02734375
547 0.0478515625
548 0.0146484375
549 -0.041015625
550 0.0712890625
551 0.134765625
552 0.08203125
553 -0.01171875
554 0.0380859375
555 0.0927734375
556 0.037109375
557 -0.0927734375
558 0.0234375
559 0.08984375
560 0.0439453125
561 -0.091796875
562 -0.0498046875
563 0.0166015625
564 -0.017578125
565 -0.1318359375
566 -0.0439453125
567 0.021484375
568 -0.0146484375
569 -0.1279296875
570 -0.0400390625
571 0.0234375
572 -0.013671875
573 -0.154296875
574 -0.0283203125
575 0.046875
576 0.0146484375
577 -0.0400390625
578 0.0712890625
579 0.134765625
580 0.08203125
581 -0.01171875
582 0.037109375
583 0.08984375
584 0.037109375
585 -0.0947265625
586 0.0224609375
587 0.0859375
588 0.0458984375
589 -0.0947265625
590 -0.052734375
591 0.015625
592 -0.0185546875
593 -0.1357421875
594 -0.0478515625
595 0.0205078125
596 -0.0166015625
597 -0.12890625
598 -0.041015625
599 0.0263671875
600 -0.0126953125
601 -0.1552734375
602 -0.0244140625
603 0.0498046875
604 0.0146484375
605 -0.0419921875
606 0.0732421875
607 0.138671875
608 0.08203125
609 -0.0107421875
610 0.0400390625
611 0.0927734375
612 0.0390625
613 -0.0927734375
614 0.0244140625
615 0.091796875
616 0.044921875
617 -0.09375
618 -0.05078125
619 0.0185546875
620 -0.01953125
621 -0.1328125
622 -0.0458984375
623 0.0224609375
624 -0.013671875
625 -0.126953125
626 -0.0400390625
627 0.0234375
628 -0.0107421875
629 -0.1572265625
630 -0.025390625
631 0.0498046875
632 0.013671875
633 -0.04296875
634 0.072265625
635 0.1376953125
636 0.0810546875
637 -0.0126953125
638 0.0380859375
639 0.09375
640 0.03515625
641 -0.0966796875
642 0.0224609375
643 0.0888671875
644 0.04296875
645 -0.09375
646 -0.052734375
647 0.0146484375
648 -0.0205078125
649 -0.1328125
650 -0.0458984375
651 0.0205078125
652 -0.0146484375
653 -0.1279296875
654 -0.0400390625
655 0.0244140625
656 -0.01171875
657 -0.154296875
658 -0.0244140625
659 0.046875
660 0.015625
661 -0.0400390625
662 0.0712890625
663 0.134765625
664 0.083984375
665 -0.0107421875
666 0.0390625
667 0.091796875
668 0.037109375
669 -0.09375
670 0.0224609375
671 0.091796875
672 0.044921875
673 -0.0947265625
674 -0.052734375
675 0.0146484375
676 -0.0185546875
677 -0.1328125
678 -0.0458984375
679 0.0224609375
680 -0.0126953125
681 -0.130859375
682 -0.041015625
683 0.025390625
684 -0.013671875
685 -0.15625
686 -0.0283203125
687 0.048828125
688 0.015625
689 -0.041015625
690 0.072265625
691 0.134765625
692 0.080078125
693 -0.0126953125
694 0.0390625
695 0.091796875
696 0.0380859375
697 -0.095703125
698 0.0224609375
699 0.087890625
700 0.04296875
701 -0.0947265625
702 -0.0517578125
703 0.015625
704 -0.017578125
705 -0.1328125
706 -0.0458984375
707 0.021484375
708 -0.015625
709 -0.1259765625
710 -0.041015625
711 0.0234375
712 -0.0126953125
713 -0.150390625
714 -0.025390625
715 0.0478515625
716 0.017578125
717 -0.0380859375
718 0.072265625
719 0.1337890625
720 0.083984375
721 -0.0107421875
722 0.0390625
723 0.08984375
724 0.0390625
725 -0.091796875
726 0.0244140625
727 0.0888671875
728 0.044921875
729 -0.08984375
730 -0.0498046875
731 0.0166015625
732 -0.0166015625
733 -0.130859375
734 -0.044921875
735 0.0224609375
736 -0.013671875
737 -0.1259765625
738 -0.041015625
739 0.0205078125
740 -0.01171875
741 -0.15234375
742 -0.025390625
743 0.0458984375
744 0.0146484375
745 -0.0400390625
746 0.072265625
747 0.1337890625
748 0.083984375
749 -0.0087890625
750 0.0390625
751 0.08984375
752 0.0380859375
753 -0.0908203125
754 0.0205078125
755 0.0869140625
756 0.046875
757 -0.08984375
758 -0.05078125
759 0.0146484375
760 -0.017578125
761 -0.12890625
762 -0.0458984375
763 0.0185546875
764 -0.0126953125
765 -0.126953125
766 -0.0390625
767 0.021484375
768 -0.0126953125
769 -0.154296875
770 -0.025390625
771 0.0478515625
772 0.0166015625
773 -0.0390625
774 0.072265625
775 0.1318359375
776 0.083984375
777 -0.009765625
778 0.0380859375
779 0.08984375
780 0.0380859375
781 -0.08984375
782 0.0224609375
783 0.087890625
784 0.044921875
785 -0.0908203125
786 -0.05078125
787 0.0146484375
788 -0.0166015625
789 -0.1318359375
790 -0.044921875
791 0.01953125
792 -0.013671875
793 -0.1279296875
794 -0.0400390625
795 0.0224609375
796 -0.01171875
797 -0.154296875
798 -0.0263671875
799 0.0458984375
800 0.0146484375
801 -0.037109375
802 0.0712890625
803 0.1328125
804 0.083984375
805 -0.0078125
806 0.037109375
807 0.08984375
808 0.0390625
809 -0.091796875
810 0.0205078125
811 0.0830078125
812 0.046875
813 -0.091796875
814 -0.0517578125
815 0.0126953125
816 -0.017578125
817 -0.130859375
818 -0.0458984375
819 0.0205078125
820 -0.013671875
821 -0.1259765625
822 -0.0400390625
823 0.0224609375
824 -0.0126953125
825 -0.1494140625
826 -0.0244140625
827 0.046875
828 0.0166015625
829 -0.0380859375
830 0.072265625
831 0.1318359375
832 0.0830078125
833 -0.01171875
834 0.0380859375
835 0.0888671875
836 0.0361328125
837 -0.091796875
838 0.0234375
839 0.0869140625
840 0.044921875
841 -0.0908203125
842 -0.0517578125
843 0.013671875
844 -0.0185546875
845 -0.1318359375
846 -0.0458984375
847 0.021484375
848 -0.013671875
849 -0.125
850 -0.0419921875
851 0.0224609375
852 -0.0107421875
853 -0.1533203125
854 -0.0263671875
855 0.046875
856 0.0166015625
857 -0.0380859375
858 0.072265625
859 0.1328125
860 0.0830078125
861 -0.01171875
862 0.0380859375
863 0.08984375
864 0.0390625
865 -0.0927734375
866 0.0205078125
867 0.0859375
868 0.044921875
869 -0.0927734375
870 -0.0517578125
871 0.0146484375
872 -0.017578125
873 -0.130859375
874 -0.0458984375
875 0.021484375
876 -0.0146484375
877 -0.1279296875
878 -0.041015625
879 0.0244140625
880 -0.0126953125
881 -0.1552734375
882 -0.0263671875
883 0.0458984375
884 0.0146484375
885 -0.0400390625
886 0.072265625
887 0.1337890625
888 0.0830078125
889 -0.01171875
890 0.0390625
891 0.0908203125
892 0.037109375
893 -0.0947265625
894 0.021484375
895 0.087890625
896 0.044921875
897 -0.091796875
898 -0.052734375
899 0.0146484375
900 -0.0185546875
901 -0.1328125
902 -0.044921875
903 0.021484375
904 -0.013671875
905 -0.1298828125
906 -0.0400390625
907 0.0244140625
908 -0.0126953125
909 -0.1572265625
910 -0.025390625
911 0.0498046875
912 0.013671875
913 -0.0439453125
914 0.0712890625
915 0.138671875
916 0.0810546875
917 -0.0126953125
918 0.0390625
919 0.0966796875
920 0.0361328125
921 -0.099609375
922 0.0224609375
923 0.0927734375
924 0.04296875
925 -0.09765625
926 -0.0537109375
927 0.017578125
928 -0.021484375
929 -0.1396484375
930 -0.046875
931 0.0244140625
932 -0.017578125
933 -0.1337890625
934 -0.0400390625
935 0.029296875
936 -0.0146484375
937 -0.158203125
938 -0.0263671875
939 0.0537109375
940 0.013671875
941 -0.0458984375
942 0.0732421875
943 0.140625
944 0.08203125
945 -0.0107421875
946 0.0400390625
947 0.09765625
948 0.0380859375
949 -0.095703125
950 0.0263671875
951 0.095703125
952 0.044921875
953 -0.0947265625
954 -0.05078125
955 0.01953125
956 -0.017578125
957 -0.13671875
958 -0.0458984375
959 0.0263671875
960 -0.0166015625
961 -0.130859375
962 -0.0400390625
963 0.0302734375
964 -0.0126953125
965 -0.1591796875
966 -0.0263671875
967 0.052734375
968 0.0146484375
969 -0.0439453125
970 0.072265625
971 0.1396484375
972 0.08203125
973 -0.013671875
974 0.0400390625
975 0.095703125
976 0.037109375
977 -0.09765625
978 0.0244140625
979 0.091796875
980 0.04296875
981 -0.0966796875
982 -0.0537109375
983 0.0185546875
984 -0.0205078125
985 -0.134765625
986 -0.046875
987 0.025390625
988 -0.0146484375
989 -0.130859375
990 -0.0400390625
991 0.029296875
992 -0.0126953125
993 -0.1591796875
994 -0.025390625
995 0.0517578125
996 0.013671875
997 -0.0419921875
998 0.0732421875
999 0.1376953125
1000 0.0830078125
1001 -0.0126953125
1002 0.0400390625
1003 0.0947265625
1004 0.037109375
1005 -0.095703125
1006 0.0244140625
1007 0.0947265625
1008 0.0439453125
1009 -0.0947265625
1010 -0.052734375
1011 0.0205078125
1012 -0.01953125
1013 -0.1337890625
1014 -0.0439453125
1015 0.0263671875
1016 -0.015625
1017 -0.130859375
1018 -0.0400390625
1019 0.02734375
1020 -0.013671875
1021 -0.1591796875
1022 -0.02734375
1023 0.048828125
1024 0.0146484375
1025 -0.0439453125
1026 0.0712890625
1027 0.1357421875
1028 0.0810546875
1029 -0.0126953125
1030 0.0380859375
1031 0.0947265625
1032 0.037109375
1033 -0.0966796875
1034 0.0234375
1035 0.0908203125
1036 0.044921875
1037 -0.0966796875
1038 -0.0556640625
1039 0.0166015625
1040 -0.0205078125
1041 -0.13671875
1042 -0.0458984375
1043 0.0234375
1044 -0.013671875
1045 -0.1318359375
1046 -0.0400390625
1047 0.02734375
1048 -0.0126953125
1049 -0.15625
1050 -0.0244140625
1051 0.0517578125
1052 0.015625
1053 -0.041015625
1054 0.0732421875
1055 0.1396484375
1056 0.08203125
1057 -0.0107421875
1058 0.0380859375
1059 0.09375
1060 0.0380859375
1061 -0.0947265625
1062 0.0244140625
1063 0.0888671875
1064 0.0458984375
1065 -0.0947265625
1066 -0.052734375
1067 0.0166015625
1068 -0.01953125
1069 -0.134765625
1070 -0.0439453125
1071 0.0224609375
1072 -0.015625
1073 -0.130859375
1074 -0.0419921875
1075 0.0234375
1076 -0.0146484375
1077 -0.15625
1078 -0.0263671875
1079 0.0498046875
1080 0.0146484375
1081 -0.041015625
1082 0.0732421875
1083 0.13671875
1084 0.083984375
1085 -0.0126953125
1086 0.0390625
1087 0.0927734375
1088 0.0380859375
1089 -0.0947265625
1090 0.0224609375
1091 0.0888671875
1092 0.0458984375
1093 -0.095703125
1094 -0.0537109375
1095 0.0146484375
1096 -0.01953125
1097 -0.1337890625
1098 -0.0458984375
1099 0.0234375
1100 -0.013671875
1101 -0.1279296875
1102 -0.041015625
1103 0.025390625
1104 -0.0107421875
1105 -0.1552734375
1106 -0.0244140625
1107 0.0478515625
1108 0.0166015625
1109 -0.041015625
1110 0.0732421875
1111 0.13671875
1112 0.083984375
1113 -0.009765625
1114 0.0400390625
1115 0.0927734375
1116 0.0400390625
1117 -0.09375
1118 0.0234375
1119 0.08984375
1120 0.044921875
1121 -0.0966796875
1122 -0.0556640625
1123 0.01171875
1124 -0.01953125
1125 -0.1328125
1126 -0.0478515625
1127 0.0205078125
1128 -0.0146484375
1129 -0.12890625
1130 -0.041015625
1131 0.0234375
1132 -0.0126953125
1133 -0.1572265625
1134 -0.02734375
1135 0.048828125
1136 0.015625
1137 -0.041015625
1138 0.072265625
1139 0.1357421875
1140 0.083984375
1141 -0.009765625
1142 0.0390625
1143 0.0908203125
1144 0.0390625
1145 -0.09375
1146 0.0224609375
1147 0.08984375
1148 0.044921875
1149 -0.095703125
1150 -0.052734375
1151 0.015625
1152 -0.0205078125
1153 -0.1328125
1154 -0.046875
1155 0.021484375
1156 -0.01171875
1157 -0.126953125
1158 -0.0390625
1159 0.025390625
1160 -0.01171875
1161 -0.15234375
1162 -0.0244140625
1163 0.0478515625
1164 0.015625
1165 -0.0380859375
1166 0.0732421875
1167 0.134765625
1168 0.083984375
1169 -0.0087890625
1170 0.037109375
1171 0.091796875
1172 0.0390625
1173 -0.08984375
1174 0.0244140625
1175 0.087890625
1176 0.044921875
1177 -0.0927734375
1178 -0.0498046875
1179 0.0146484375
1180 -0.017578125
1181 -0.1328125
1182 -0.044921875
1183 0.021484375
1184 -0.0126953125
1185 -0.126953125
1186 -0.0400390625
1187 0.025390625
1188 -0.0126953125
1189 -0.154296875
1190 -0.0283203125
1191 0.046875
1192 0.0166015625
1193 -0.037109375
1194 0.072265625
1195 0.1337890625
1196 0.083984375
1197 -0.0087890625
1198 0.0400390625
1199 0.091796875
1200 0.0390625
1201 -0.091796875
1202 0.0234375
1203 0.0859375
1204 0.046875
1205 -0.091796875
1206 -0.048828125
1207 0.0126953125
1208 -0.0166015625
1209 -0.12890625
1210 -0.0458984375
1211 0.01953125
1212 -0.0126953125
1213 -0.126953125
1214 -0.041015625
1215 0.0234375
1216 -0.01171875
1217 -0.1552734375
1218 -0.02734375
1219 0.046875
1220 0.015625
1221 -0.041015625
1222 0.0732421875
1223 0.134765625
1224 0.0830078125
1225 -0.0107421875
1226 0.0400390625
1227 0.0927734375
1228 0.0400390625
1229 -0.09375
1230 0.025390625
1231 0.08984375
1232 0.0458984375
1233 -0.0927734375
1234 -0.0517578125
1235 0.017578125
1236 -0.0185546875
1237 -0.1318359375
1238 -0.0458984375
1239 0.0234375
1240 -0.013671875
1241 -0.126953125
1242 -0.0400390625
1243 0.025390625
1244 -0.01171875
1245 -0.1572265625
1246 -0.02734375
1247 0.0478515625
1248 0.0146484375
1249 -0.0380859375
1250 0.0712890625
1251 0.1318359375
1252 0.0830078125
1253 -0.009765625
1254 0.0380859375
1255 0.0908203125
1256 0.037109375
1257 -0.09375
1258 0.021484375
1259 0.0888671875
1260 0.044921875
1261 -0.095703125
1262 -0.0537109375
1263 0.0146484375
1264 -0.0185546875
1265 -0.1328125
1266 -0.046875
1267 0.01953125
1268 -0.013671875
1269 -0.126953125
1270 -0.041015625
1271 0.0205078125
1272 -0.01171875
1273 -0.1513671875
1274 -0.025390625
1275 0.0458984375
1276 0.017578125
1277 -0.037109375
1278 0.0712890625
1279 0.1328125
1280 0.0849609375
1281 -0.009765625
1282 0.0390625
1283 0.08984375
1284 0.0400390625
1285 -0.0908203125
1286 0.0234375
1287 0.087890625
1288 0.0458984375
1289 -0.0927734375
1290 -0.052734375
1291 0.013671875
1292 -0.017578125
1293 -0.1298828125
1294 -0.0458984375
1295 0.01953125
1296 -0.0126953125
1297 -0.1259765625
1298 -0.0390625
1299 0.0234375
1300 -0.0107421875
1301 -0.1533203125
1302 -0.025390625
1303 0.046875
1304 0.0146484375
1305 -0.0361328125
1306 0.0712890625
1307 0.134765625
1308 0.083984375
1309 -0.0068359375
1310 0.037109375
1311 0.087890625
1312 0.0390625
1313 -0.0947265625
1314 0.0205078125
1315 0.0830078125
1316 0.044921875
1317 -0.095703125
1318 -0.0546875
1319 0.0107421875
1320 -0.01953125
1321 -0.1318359375
1322 -0.046875
1323 0.0205078125
1324 -0.013671875
1325 -0.1259765625
1326 -0.04296875
1327 0.0224609375
1328 -0.013671875
1329 -0.1513671875
1330 -0.0263671875
1331 0.0478515625
1332 0.015625
1333 -0.037109375
1334 0.0712890625
1335 0.1337890625
1336 0.083984375
1337 -0.009765625
1338 0.0400390625
1339 0.091796875
1340 0.0390625
1341 -0.09375
1342 0.0234375
1343 0.0869140625
1344 0.0439453125
1345 -0.0947265625
1346 -0.0537109375
1347 0.0146484375
1348 -0.01953125
1349 -0.1318359375
1350 -0.0458984375
1351 0.0224609375
1352 -0.013671875
1353 -0.1279296875
1354 -0.0419921875
1355 0.0244140625
1356 -0.013671875
1357 -0.15625
1358 -0.02734375
1359 0.0478515625
1360 0.0146484375
1361 -0.0400390625
1362 0.072265625
1363 0.134765625
1364 0.08203125
1365 -0.0107421875
1366 0.0390625
1367 0.0908203125
1368 0.0390625
1369 -0.0947265625
1370 0.0224609375
1371 0.087890625
1372 0.0458984375
1373 -0.0947265625
1374 -0.0537109375
1375 0.0146484375
1376 -0.01953125
1377 -0.1328125
1378 -0.0458984375
1379 0.0234375
1380 -0.013671875
1381 -0.126953125
1382 -0.0390625
1383 0.0244140625
1384 -0.0126953125
1385 -0.1533203125
1386 -0.0234375
1387 0.0517578125
1388 0.0166015625
1389 -0.0400390625
1390 0.07421875
1391 0.1396484375
1392 0.083984375
1393 -0.01171875
1394 0.0419921875
1395 0.0966796875
1396 0.0380859375
1397 -0.091796875
1398 0.0244140625
1399 0.09375
1400 0.0458984375
1401 -0.0888671875
1402 -0.0498046875
1403 0.0185546875
1404 -0.017578125
1405 -0.1337890625
1406 -0.044921875
1407 0.0234375
1408 -0.0126953125
1409 -0.1298828125
1410 -0.041015625
1411 0.0234375
1412 -0.0126953125
1413 -0.1572265625
1414 -0.025390625
1415 0.0498046875
1416 0.0146484375
1417 -0.0400390625
1418 0.072265625
1419 0.13671875
1420 0.083984375
1421 -0.009765625
1422 0.0400390625
1423 0.0947265625
1424 0.0390625
1425 -0.091796875
1426 0.025390625
1427 0.0869140625
1428 0.0458984375
1429 -0.09375
1430 -0.0517578125
1431 0.0146484375
1432 -0.017578125
1433 -0.1328125
1434 -0.0439453125
1435 0.0224609375
1436 -0.01171875
1437 -0.1259765625
1438 -0.0380859375
1439 0.0263671875
1440 -0.009765625
1441 -0.1298828125
1442 -0.0048828125
1443 0.06640625
1444 0.029296875
1445 -0.0810546875
1446 -0.029296875
1447 0.03515625
1448 -0.005859375
1449 -0.12109375
1450 -0.0400390625
1451 0.02734375
1452 -0.0068359375
1453 -0.130859375
1454 -0.0458984375
1455 0.021484375
1456 -0.013671875
1457 -0.1845703125
1458 -0.0849609375
1459 -0.013671875
1460 -0.0419921875
1461 -0.197265625
1462 -0.0625
1463 0.021484375
1464 -0.0048828125
1465 -0.076171875
1466 0.04296875
1467 0.1103515625
1468 0.0634765625
1469 0.0009765625
1470 0.1103515625
1471 0.1708984375
1472 0.109375
1473 0.0166015625
1474 0.060546875
1475 0.111328125
1476 0.0556640625
1477 -0.05078125
1478 0.0595703125
1479 0.1171875
1480 0.0693359375
1481 -0.0087890625
1482 0.0986328125
1483 0.1533203125
1484 0.0966796875
1485 -0.0205078125
1486 0.0234375
1487 0.0791015625
1488 0.02734375
1489 -0.078125
1490 0.0380859375
1491 0.103515625
1492 0.0537109375
1493 -0.0146484375
1494 0.09375
1495 0.154296875
1496 0.091796875
1497 -0.017578125
1498 0.02734375
1499 0.0810546875
1500 0.0263671875
1501 -0.0849609375
1502 -0.0048828125
1503 0.05859375
1504 0.009765625
1505 -0.0888671875
1506 0.0283203125
1507 0.09765625
1508 0.0458984375
1509 -0.068359375
1510 0.04296875
1511 0.111328125
1512 0.056640625
1513 -0.046875
1514 0.0615234375
1515 0.126953125
1516 0.0693359375
1517 -0.0048828125
1518 0.1025390625
1519 0.16015625
1520 0.0966796875
1521 0.0048828125
1522 0.0517578125
1523 0.1064453125
1524 0.0439453125
1525 -0.0537109375
1526 0.05859375
1527 0.1220703125
1528 0.0634765625
1529 -0.048828125
1530 0.060546875
1531 0.1240234375
1532 0.064453125
1533 -0.0986328125
1534 -0.0576171875
1535 0.0087890625
1536 -0.0322265625
1537 -0.2001953125
1538 -0.1083984375
1539 -0.03125
1540 -0.0576171875
1541 -0.1689453125
1542 -0.03515625
1543 0.0400390625
1544 0.0029296875
1545 -0.056640625
1546 0.0595703125
1547 0.123046875
1548 0.068359375
1549 0.001953125
1550 0.107421875
1551 0.1650390625
1552 0.1005859375
1553 -0.01953125
1554 0.01953125
1555 0.0751953125
1556 0.0185546875
1557 -0.1123046875
1558 -0.02734375
1559 0.0361328125
1560 -0.0126953125
1561 -0.193359375
1562 -0.1259765625
1563 -0.0419921875
1564 -0.0693359375
1565 -0.177734375
1566 -0.0771484375
1567 -0.0048828125
1568 -0.04296875
1569 -0.2080078125
1570 -0.1279296875
1571 -0.044921875
1572 -0.068359375
1573 -0.19140625
1574 -0.0537109375
1575 0.0244140625
1576 -0.0087890625
1577 -0.1083984375
1578 -0.0537109375
1579 0.015625
1580 -0.0234375
1581 -0.1376953125
1582 -0.046875
1583 0.0205078125
1584 -0.01953125
1585 -0.1298828125
1586 -0.0458984375
1587 0.0205078125
1588 -0.015625
1589 -0.107421875
1590 0.01171875
1591 0.0810546875
1592 0.0380859375
1593 -0.017578125
1594 0.09375
1595 0.154296875
1596 0.095703125
1597 -0.0224609375
1598 0.0830078125
1599 0.1435546875
1600 0.0849609375
1601 -0.021484375
1602 0.083984375
1603 0.1416015625
1604 0.083984375
1605 0.009765625
1606 0.111328125
1607 0.166015625
1608 0.1044921875
1609 0.0126953125
1610 0.056640625
1611 0.1083984375
1612 0.05078125
1613 -0.0458984375
1614 0.060546875
1615 0.1201171875
1616 0.0673828125
1617 -0.044921875
1618 0.060546875
1619 0.119140625
1620 0.064453125
1621 -0.095703125
1622 -0.0595703125
1623 0.0048828125
1624 -0.03125
1625 -0.1962890625
1626 -0.1083984375
1627 -0.0302734375
1628 -0.056640625
1629 -0.166015625
1630 -0.0361328125
1631 0.0390625
1632 0.00390625
1633 -0.072265625
1634 0.0419921875
1635 0.1064453125
1636 0.0576171875
1637 -0.0029296875
1638 0.1005859375
1639 0.1552734375
1640 0.0966796875
1641 -0.01953125
1642 0.021484375
1643 0.0712890625
1644 0.01953125
1645 -0.1103515625
1646 -0.0302734375
1647 0.029296875
1648 -0.013671875
1649 -0.1953125
1650 -0.1279296875
1651 -0.0478515625
1652 -0.0703125
1653 -0.1748046875
1654 -0.0791015625
1655 -0.009765625
1656 -0.0419921875
1657 -0.208984375
1658 -0.12890625
1659 -0.0498046875
1660 -0.0712890625
1661 -0.1943359375
1662 -0.0576171875
1663 0.01953125
1664 -0.0087890625
1665 -0.1064453125
1666 -0.0576171875
1667 0.009765625
1668 -0.0244140625
1669 -0.1357421875
1670 -0.046875
1671 0.0146484375
1672 -0.0185546875
1673 -0.12890625
1674 -0.0458984375
1675 0.0185546875
1676 -0.0166015625
1677 -0.107421875
1678 0.0107421875
1679 0.078125
1680 0.0390625
1681 -0.0107421875
1682 0.0947265625
1683 0.15234375
1684 0.09765625
1685 0.04296875
1686 0.1416015625
1687 0.1943359375
1688 0.130859375
1689 0.068359375
1690 0.162109375
1691 0.2138671875
1692 0.1455078125
1693 0.0390625
1694 0.1318359375
1695 0.1826171875
1696 0.1162109375
1697 0.0068359375
1698 0.10546875
1699 0.1591796875
1700 0.0947265625
1701 0.01953125
1702 0.115234375
1703 0.1689453125
1704 0.10546875
1705 0.01171875
1706 0.0556640625
1707 0.103515625
1708 0.0458984375
1709 -0.044921875
1710 0.0576171875
1711 0.1181640625
1712 0.0634765625
1713 0.0087890625
1714 0.109375
1715 0.166015625
1716 0.1015625
1717 0.0390625
1718 0.1337890625
1719 0.1884765625
1720 0.1181640625
1721 0.013671875
1722 0.107421875
1723 0.16015625
1724 0.0927734375
1725 -0.0654296875
1726 -0.0341796875
1727 0.021484375
1728 -0.021484375
1729 -0.18359375
1730 -0.103515625
1731 -0.03515625
1732 -0.060546875
1733 -0.16796875
1734 -0.044921875
1735 0.0224609375
1736 -0.0087890625
1737 -0.0673828125
1738 0.0380859375
1739 0.095703125
1740 0.05078125
1741 -0.0126953125
1742 0.0849609375
1743 0.1376953125
1744 0.0810546875
1745 -0.037109375
1746 -0.001953125
1747 0.046875
1748 0.001953125
1749 -0.1259765625
1750 -0.048828125
1751 0.0048828125
1752 -0.0302734375
1753 -0.2099609375
1754 -0.14453125
1755 -0.0703125
1756 -0.0859375
1757 -0.189453125
1758 -0.0966796875
1759 -0.0302734375
1760 -0.0595703125
1761 -0.22265625
1762 -0.14453125
1763 -0.068359375
1764 -0.0859375
1765 -0.203125
1766 -0.07421875
1767 0.001953125
1768 -0.0224609375
1769 -0.12109375
1770 -0.0712890625
1771 -0.0068359375
1772 -0.037109375
1773 -0.158203125
1774 -0.0703125
1775 -0.0068359375
1776 -0.0390625
1777 -0.162109375
1778 -0.078125
1779 -0.0107421875
1780 -0.0390625
1781 -0.138671875
1782 -0.017578125
1783 0.0517578125
1784 0.0166015625
1785 -0.0302734375
1786 0.0751953125
1787 0.1318359375
1788 0.080078125
1789 0.0234375
1790 0.1181640625
1791 0.1728515625
1792 0.111328125
1793 0.046875
1794 0.1396484375
1795 0.189453125
1796 0.125
1797 0.060546875
1798 0.15234375
1799 0.2021484375
1800 0.1328125
1801 0.068359375
1802 0.1591796875
1803 0.2080078125
1804 0.1357421875
1805 0.025390625
1806 0.1162109375
1807 0.1669921875
1808 0.1005859375
1809 -0.0087890625
1810 0.0859375
1811 0.138671875
1812 0.078125
1813 0.001953125
1814 0.09765625
1815 0.1474609375
1816 0.0849609375
1817 -0.00390625
1818 0.0361328125
1819 0.08203125
1820 0.02734375
1821 -0.0625
1822 0.0400390625
1823 0.095703125
1824 0.0458984375
1825 -0.015625
1826 0.0830078125
1827 0.1396484375
1828 0.076171875
1829 0.0185546875
1830 0.111328125
1831 0.1650390625
1832 0.0986328125
1833 -0.005859375
1834 0.0869140625
1835 0.1396484375
1836 0.07421875
1837 -0.087890625
1838 -0.0537109375
1839 0.0009765625
1840 -0.041015625
1841 -0.2080078125
1842 -0.1259765625
1843 -0.052734375
1844 -0.080078125
1845 -0.189453125
1846 -0.0625
1847 0.0078125
1848 -0.025390625
1849 -0.0859375
1850 0.0263671875
1851 0.0869140625
1852 0.03515625
1853 -0.029296875
1854 0.072265625
1855 0.1279296875
1856 0.068359375
1857 -0.05078125
1858 -0.0126953125
1859 0.0400390625
1860 -0.0107421875
1861 -0.1396484375
1862 -0.060546875
1863 0.0
1864 -0.0419921875
1865 -0.2236328125
1866 -0.154296875
1867 -0.076171875
1868 -0.0966796875
1869 -0.2021484375
1870 -0.10546875
1871 -0.0361328125
1872 -0.0693359375
1873 -0.234375
1874 -0.1572265625
1875 -0.07421875
1876 -0.0966796875
1877 -0.2177734375
1878 -0.083984375
1879 -0.00390625
1880 -0.033203125
1881 -0.1328125
1882 -0.0810546875
1883 -0.0126953125
1884 -0.0498046875
1885 -0.203125
1886 -0.1103515625
1887 -0.0400390625
1888 -0.06640625
1889 -0.2109375
1890 -0.1171875
1891 -0.0458984375
1892 -0.0693359375
1893 -0.1650390625
1894 -0.037109375
1895 0.03515625
1896 -0.001953125
1897 -0.048828125
1898 0.060546875
1899 0.1240234375
1900 0.068359375
1901 0.0048828125
1902 0.1064453125
1903 0.1650390625
1904 0.099609375
1905 0.033203125
1906 0.130859375
1907 0.1845703125
1908 0.1171875
1909 0.044921875
1910 0.138671875
1911 0.1904296875
1912 0.1201171875
1913 0.0556640625
1914 0.1494140625
1915 0.19921875
1916 0.126953125
1917 0.01953125
1918 0.109375
1919 0.16015625
1920 0.0947265625
1921 -0.015625
1922 0.0810546875
1923 0.134765625
1924 0.07421875
1925 -0.005859375
1926 0.0908203125
1927 0.1435546875
1928 0.080078125
1929 -0.0107421875
1930 0.029296875
1931 0.0791015625
1932 0.021484375
1933 -0.0693359375
1934 0.0341796875
1935 0.09375
1936 0.0400390625
1937 -0.01953125
1938 0.0810546875
1939 0.13671875
1940 0.07421875
1941 0.013671875
1942 0.1103515625
1943 0.1640625
1944 0.0947265625
1945 -0.0087890625
1946 0.0830078125
1947 0.13671875
1948 0.0703125
1949 -0.083984375
1950 -0.05078125
1951 0.0048828125
1952 -0.041015625
1953 -0.197265625
1954 -0.119140625
1955 -0.0498046875
1956 -0.0771484375
1957 -0.1865234375
1958 -0.0634765625
1959 0.0068359375
1960 -0.0263671875
1961 -0.0888671875
1962 0.0234375
1963 0.0830078125
1964 0.03125
1965 -0.0341796875
1966 0.0693359375
1967 0.123046875
1968 0.0634765625
1969 -0.052734375
1970 -0.015625
1971 0.0361328125
1972 -0.0146484375
1973 -0.1416015625
1974 -0.0634765625
1975 -0.00390625
1976 -0.0458984375
1977 -0.228515625
1978 -0.1591796875
1979 -0.0830078125
1980 -0.1005859375
1981 -0.2080078125
1982 -0.1103515625
1983 -0.0419921875
1984 -0.07421875
1985 -0.2421875
1986 -0.16015625
1987 -0.0810546875
1988 -0.1025390625
1989 -0.220703125
1990 -0.0859375
1991 -0.0078125
1992 -0.0380859375
1993 -0.1376953125
1994 -0.0859375
1995 -0.0166015625
1996 -0.0546875
1997 -0.1728515625
1998 -0.08203125
1999 -0.0166015625
2000 -0.052734375
2001 -0.171875
2002 -0.0849609375
2003 -0.0166015625
2004 -0.0517578125
2005 -0.1455078125
2006 -0.0234375
2007 0.0478515625
2008 0.0068359375
2009 -0.04296875
2010 0.0654296875
2011 0.1259765625
2012 0.068359375
2013 0.005859375
2014 0.107421875
2015 0.1640625
2016 0.09765625
2017 0.029296875
2018 0.1259765625
2019 0.1787109375
2020 0.111328125
2021 0.0361328125
2022 0.1298828125
2023 0.1826171875
2024 0.1123046875
2025 0.0478515625
2026 0.1416015625
2027 0.193359375
2028 0.1201171875
2029 0.009765625
2030 0.10546875
2031 0.154296875
2032 0.087890625
2033 -0.0224609375
2034 0.0751953125
2035 0.1279296875
2036 0.0654296875
2037 -0.01171875
2038 0.0849609375
2039 0.138671875
2040 0.07421875
2041 -0.0322265625
2042 0.005859375
2043 0.0576171875
2044 0.00390625
2045 -0.083984375
2046 0.0205078125
2047 0.0791015625
2048 0.02734375
2049 -0.02734375
2050 0.072265625
2051 0.12890625
2052 0.06640625
2053 0.0068359375
2054 0.1025390625
2055 0.158203125
2056 0.08984375
2057 -0.0166015625
2058 0.078125
2059 0.1318359375
2060 0.0654296875
2061 -0.0927734375
2062 -0.05859375
2063 -0.0009765625
2064 -0.046875
2065 -0.2138671875
2066 -0.1298828125
2067 -0.052734375
2068 -0.0869140625
2069 -0.19921875
2070 -0.068359375
2071 0.0068359375
2072 -0.0322265625
2073 -0.109375
2074 0.005859375
2075 0.07421875
2076 0.0205078125
2077 -0.04296875
2078 0.064453125
2079 0.1220703125
2080 0.0576171875
2081 -0.0634765625
2082 -0.0224609375
2083 0.0341796875
2084 -0.0224609375
2085 -0.1513671875
2086 -0.06640625
2087 -0.00390625
2088 -0.0517578125
2089 -0.232421875
2090 -0.1630859375
2091 -0.0810546875
2092 -0.1064453125
2093 -0.2138671875
2094 -0.1123046875
2095 -0.0380859375
2096 -0.078125
2097 -0.2431640625
2098 -0.1611328125
2099 -0.0771484375
2100 -0.103515625
2101 -0.2275390625
2102 -0.0888671875
2103 -0.0078125
2104 -0.041015625
2105 -0.1435546875
2106 -0.087890625
2107 -0.013671875
2108 -0.0576171875
2109 -0.2216796875
2110 -0.123046875
2111 -0.044921875
2112 -0.080078125
2113 -0.2333984375
2114 -0.1357421875
2115 -0.052734375
2116 -0.0830078125
2117 -0.173828125
2118 -0.041015625
2119 0.03515625
2120 -0.005859375
2121 -0.0576171875
2122 0.05859375
2123 0.123046875
2124 0.0634765625
2125 -0.001953125
2126 0.1044921875
2127 0.1630859375
2128 0.0947265625
2129 0.01953125
2130 0.119140625
2131 0.17578125
2132 0.103515625
2133 0.0322265625
2134 0.130859375
2135 0.1865234375
2136 0.1123046875
2137 0.044921875
2138 0.142578125
2139 0.1962890625
2140 0.1201171875
2141 0.0068359375
2142 0.10546875
2143 0.1591796875
2144 0.0888671875
2145 -0.0283203125
2146 0.07421875
2147 0.130859375
2148 0.06640625
2149 -0.0146484375
2150 0.083984375
2151 0.140625
2152 0.0732421875
2153 -0.0205078125
2154 0.0244140625
2155 0.0771484375
2156 0.0146484375
2157 -0.0771484375
2158 0.03125
2159 0.0947265625
2160 0.03515625
2161 -0.03125
2162 0.072265625
2163 0.1298828125
2164 0.06640625
2165 0.0048828125
2166 0.103515625
2167 0.158203125
2168 0.0888671875
2169 -0.0166015625
2170 0.08203125
2171 0.13671875
2172 0.0673828125
2173 -0.0927734375
2174 -0.0546875
2175 0.0029296875
2176 -0.0439453125
2177 -0.2060546875
2178 -0.1240234375
2179 -0.048828125
2180 -0.0830078125
2181 -0.1904296875
2182 -0.06640625
2183 0.0068359375
2184 -0.029296875
2185 -0.0927734375
2186 0.021484375
2187 0.08203125
2188 0.0302734375
2189 -0.0361328125
2190 0.06640625
2191 0.123046875
2192 0.0615234375
2193 -0.060546875
2194 -0.021484375
2195 0.03125
2196 -0.01953125
2197 -0.1484375
2198 -0.06640625
2199 -0.005859375
2200 -0.048828125
2201 -0.23046875
2202 -0.1630859375
2203 -0.0830078125
2204 -0.1044921875
2205 -0.2080078125
2206 -0.11328125
2207 -0.0439453125
2208 -0.076171875
2209 -0.240234375
2210 -0.1630859375
2211 -0.0849609375
2212 -0.1015625
2213 -0.2216796875
2214 -0.087890625
2215 -0.0126953125
2216 -0.0380859375
2217 -0.138671875
2218 -0.0859375
2219 -0.0205078125
2220 -0.0546875
2221 -0.177734375
2222 -0.087890625
2223 -0.01953125
2224 -0.056640625
2225 -0.1796875
2226 -0.091796875
2227 -0.0224609375
2228 -0.056640625
2229 -0.1484375
2230 -0.0263671875
2231 0.0419921875
2232 0.0048828125
2233 -0.046875
2234 0.0634765625
2235 0.1240234375
2236 0.0673828125
2237 0.005859375
2238 0.1064453125
2239 0.1640625
2240 0.099609375
2241 0.029296875
2242 0.1240234375
2243 0.1796875
2244 0.109375
2245 0.0380859375
2246 0.1318359375
2247 0.185546875
2248 0.11328125
2249 0.048828125
2250 0.1416015625
2251 0.1953125
2252 0.1201171875
2253 0.0087890625
2254 0.103515625
2255 0.1552734375
2256 0.0859375
2257 -0.025390625
2258 0.072265625
2259 0.126953125
2260 0.0634765625
2261 -0.0166015625
2262 0.0849609375
2263 0.13671875
2264 0.072265625
2265 -0.03515625
2266 0.0068359375
2267 0.05859375
2268 0.0029296875
2269 -0.087890625
2270 0.0185546875
2271 0.0810546875
2272 0.02734375
2273 -0.029296875
2274 0.0703125
2275 0.126953125
2276 0.0654296875
2277 0.0048828125
2278 0.1025390625
2279 0.15625
2280 0.087890625
2281 -0.0185546875
2282 0.078125
2283 0.1279296875
2284 0.0654296875
2285 -0.09375
2286 -0.05859375
2287 -0.0048828125
2288 -0.048828125
2289 -0.212890625
2290 -0.1318359375
2291 -0.0576171875
2292 -0.087890625
2293 -0.197265625
2294 -0.0703125
2295 0.0029296875
2296 -0.033203125
2297 -0.1083984375
2298 0.0068359375
2299 0.0693359375
2300 0.01953125
2301 -0.0419921875
2302 0.060546875
2303 0.1181640625
2304 0.0576171875
2305 -0.0615234375
2306 -0.0205078125
2307 0.0322265625
2308 -0.01953125
2309 -0.1484375
2310 -0.06640625
2311 -0.0068359375
2312 -0.0517578125
2313 -0.23046875
2314 -0.1640625
2315 -0.0830078125
2316 -0.10546875
2317 -0.2080078125
2318 -0.1142578125
2319 -0.0419921875
2320 -0.0771484375
2321 -0.2431640625
2322 -0.1640625
2323 -0.0849609375
2324 -0.1044921875
2325 -0.224609375
2326 -0.08984375
2327 -0.013671875
2328 -0.0400390625
2329 -0.142578125
2330 -0.0888671875
2331 -0.021484375
2332 -0.0556640625
2333 -0.2197265625
2334 -0.1259765625
2335 -0.0517578125
2336 -0.0791015625
2337 -0.23046875
2338 -0.13671875
2339 -0.0615234375
2340 -0.0830078125
2341 -0.1689453125
2342 -0.044921875
2343 0.029296875
2344 -0.005859375
2345 -0.0537109375
2346 0.056640625
2347 0.1181640625
2348 0.064453125
2349 0.0009765625
2350 0.103515625
2351 0.1591796875
2352 0.0947265625
2353 0.0244140625
2354 0.119140625
2355 0.169921875
2356 0.10546875
2357 0.0361328125
2358 0.12890625
2359 0.177734375
2360 0.1123046875
2361 0.05078125
2362 0.138671875
2363 0.1865234375
2364 0.1201171875
2365 0.013671875
2366 0.1025390625
2367 0.146484375
2368 0.08984375
2369 -0.0244140625
2370 0.0712890625
2371 0.1201171875
2372 0.0654296875
2373 -0.01171875
2374 0.0830078125
2375 0.1328125
2376 0.076171875
2377 -0.0185546875
2378 0.0205078125
2379 0.0673828125
2380 0.0146484375
2381 -0.0732421875
2382 0.0283203125
2383 0.0869140625
2384 0.03515625
2385 -0.0263671875
2386 0.0712890625
2387 0.1240234375
2388 0.06640625
2389 0.0078125
2390 0.103515625
2391 0.1533203125
2392 0.08984375
2393 -0.013671875
2394 0.078125
2395 0.1279296875
2396 0.0693359375
2397 -0.0859375
2398 -0.0517578125
2399 0.0
2400 -0.0419921875
2401 -0.1982421875
2402 -0.119140625
2403 -0.0498046875
2404 -0.0791015625
2405 -0.1875
2406 -0.0634765625
2407 0.0068359375
2408 -0.029296875
2409 -0.0888671875
2410 0.01953125
2411 0.080078125
2412 0.029296875
2413 -0.0361328125
2414 0.064453125
2415 0.1201171875
2416 0.060546875
2417 -0.0615234375
2418 -0.0234375
2419 0.02734375
2420 -0.021484375
2421 -0.1494140625
2422 -0.068359375
2423 -0.0087890625
2424 -0.05078125
2425 -0.2314453125
2426 -0.1640625
2427 -0.0859375
2428 -0.1064453125
2429 -0.208984375
2430 -0.1162109375
2431 -0.04296875
2432 -0.0771484375
2433 -0.2412109375
2434 -0.166015625
2435 -0.0849609375
2436 -0.1044921875
2437 -0.2236328125
2438 -0.0888671875
2439 -0.01171875
2440 -0.0400390625
2441 -0.140625
2442 -0.0888671875
2443 -0.0185546875
2444 -0.056640625
2445 -0.177734375
2446 -0.087890625
2447 -0.0234375
2448 -0.0576171875
2449 -0.177734375
2450 -0.09375
2451 -0.0244140625
2452 -0.056640625
2453 -0.1484375
2454 -0.02734375
2455 0.0419921875
2456 0.0029296875
2457 -0.0458984375
2458 0.0615234375
2459 0.1220703125
2460 0.0673828125
2461 0.0048828125
2462 0.10546875
2463 0.162109375
2464 0.0966796875
2465 0.0283203125
2466 0.1240234375
2467 0.17578125
2468 0.1083984375
2469 0.037109375
2470 0.12890625
2471 0.181640625
2472 0.1123046875
2473 0.046875
2474 0.1396484375
2475 0.19140625
2476 0.119140625
2477 0.0087890625
2478 0.1015625
2479 0.15234375
2480 0.0849609375
2481 -0.0263671875
2482 0.072265625
2483 0.1240234375
2484 0.0634765625
2485 -0.0166015625
2486 0.08203125
2487 0.1337890625
2488 0.072265625
2489 -0.03515625
2490 0.005859375
2491 0.056640625
2492 0.0009765625
2493 -0.08984375
2494 0.017578125
2495 0.0791015625
2496 0.0244140625
2497 -0.0322265625
2498 0.0703125
2499 0.1279296875
2500 0.0654296875
2501 0.0068359375
2502 0.1025390625
2503 0.15625
2504 0.0869140625
2505 -0.01953125
2506 0.076171875
2507 0.126953125
2508 0.0634765625
2509 -0.091796875
2510 -0.0576171875
2511 -0.0009765625
2512 -0.046875
2513 -0.2119140625
2514 -0.1279296875
2515 -0.0576171875
2516 -0.0869140625
2517 -0.1953125
2518 -0.0693359375
2519 0.0029296875
2520 -0.033203125
2521 -0.091796875
2522 0.017578125
2523 0.08203125
2524 0.029296875
2525 -0.03515625
2526 0.0654296875
2527 0.1220703125
2528 0.060546875
2529 -0.0615234375
2530 -0.0244140625
2531 0.025390625
2532 -0.021484375
2533 -0.1611328125
2534 -0.0791015625
2535 -0.0224609375
2536 -0.0576171875
2537 -0.240234375
2538 -0.173828125
2539 -0.0927734375
2540 -0.1103515625
2541 -0.216796875
2542 -0.12109375
2543 -0.05078125
2544 -0.08203125
2545 -0.2568359375
2546 -0.1767578125
2547 -0.0927734375
2548 -0.1103515625
2549 -0.2578125
2550 -0.119140625
2551 -0.0361328125
2552 -0.0556640625
2553 -0.1328125
2554 -0.0146484375
2555 0.0537109375
2556 0.01171875
2557 -0.1240234375
2558 -0.0810546875
2559 -0.017578125
2560 -0.05078125
2561 -0.1728515625
2562 -0.0859375
2563 -0.017578125
2564 -0.052734375
2565 -0.1591796875
2566 -0.072265625
2567 -0.005859375
2568 -0.044921875
2569 -0.162109375
2570 -0.0400390625
2571 0.033203125
2572 -0.0048828125
2573 -0.095703125
2574 0.021484375
2575 0.083984375
2576 0.03515625
2577 -0.025390625
2578 0.0791015625
2579 0.1357421875
2580 0.0771484375
2581 -0.017578125
2582 0.0322265625
2583 0.078125
2584 0.0205078125
2585 -0.109375
2586 0.001953125
2587 0.06640625
2588 0.0205078125
2589 -0.119140625
2590 -0.0791015625
2591 -0.0126953125
2592 -0.0478515625
2593 -0.16015625
2594 -0.076171875
2595 -0.0107421875
2596 -0.0439453125
2597 -0.1591796875
2598 -0.0712890625
2599 -0.0087890625
2600 -0.04296875
2601 -0.1845703125
2602 -0.0546875
2603 0.0166015625
2604 -0.0146484375
2605 -0.0703125
2606 0.041015625
2607 0.1025390625
2608 0.0517578125
2609 -0.041015625
2610 0.0078125
2611 0.0625
2612 0.005859375
2613 -0.1201171875
2614 -0.005859375
2615 0.0595703125
2616 0.0166015625
2617 -0.1201171875
2618 -0.0810546875
2619 -0.0146484375
2620 -0.0458984375
2621 -0.16015625
2622 -0.0732421875
2623 -0.0078125
2624 -0.0419921875
2625 -0.1572265625
2626 -0.0654296875
2627 -0.0029296875
2628 -0.0380859375
2629 -0.1796875
2630 -0.0517578125
2631 0.021484375
2632 -0.01171875
2633 -0.0654296875
2634 0.046875
2635 0.1103515625
2636 0.0576171875
2637 -0.03515625
2638 0.0146484375
2639 0.0673828125
2640 0.0126953125
2641 -0.115234375
2642 0.0
2643 0.0634765625
2644 0.021484375
2645 -0.1171875
2646 -0.0751953125
2647 -0.0068359375
2648 -0.041015625
2649 -0.1572265625
2650 -0.0693359375
2651 0.0
2652 -0.0361328125
2653 -0.154296875
2654 -0.064453125
2655 0.0048828125
2656 -0.037109375
2657 -0.177734375
2658 -0.0478515625
2659 0.02734375
2660 -0.0078125
2661 -0.064453125
2662 0.05078125
2663 0.1171875
2664 0.060546875
2665 -0.0341796875
2666 0.0185546875
2667 0.0732421875
2668 0.0166015625
2669 -0.1162109375
2670 0.0029296875
2671 0.0703125
2672 0.0234375
2673 -0.115234375
2674 -0.0712890625
2675 -0.0048828125
2676 -0.0390625
2677 -0.1513671875
2678 -0.06640625
2679 0.001953125
2680 -0.0341796875
2681 -0.1474609375
2682 -0.060546875
2683 0.0078125
2684 -0.0302734375
2685 -0.1708984375
2686 -0.04296875
2687 0.03125
2688 -0.001953125
2689 -0.05859375
2690 0.0556640625
2691 0.119140625
2692 0.064453125
2693 -0.029296875
2694 0.0224609375
2695 0.076171875
2696 0.021484375
2697 -0.1103515625
2698 0.0087890625
2699 0.0751953125
2700 0.0283203125
2701 -0.111328125
2702 -0.068359375
2703 0.001953125
2704 -0.03515625
2705 -0.150390625
2706 -0.0615234375
2707 0.0087890625
2708 -0.0302734375
2709 -0.1455078125
2710 -0.056640625
2711 0.009765625
2712 -0.029296875
2713 -0.173828125
2714 -0.041015625
2715 0.03515625
2716 0.0009765625
2717 -0.0595703125
2718 0.0595703125
2719 0.123046875
2720 0.0673828125
2721 -0.0263671875
2722 0.0244140625
2723 0.078125
2724 0.0224609375
2725 -0.1083984375
2726 0.0087890625
2727 0.076171875
2728 0.0302734375
2729 -0.107421875
2730 -0.06640625
2731 0.0029296875
2732 -0.0341796875
2733 -0.1474609375
2734 -0.0595703125
2735 0.009765625
2736 -0.02734375
2737 -0.1435546875
2738 -0.0537109375
2739 0.0107421875
2740 -0.0263671875
2741 -0.1669921875
2742 -0.0380859375
2743 0.0361328125
2744 0.0029296875
2745 -0.0537109375
2746 0.0595703125
2747 0.123046875
2748 0.0703125
2749 -0.0244140625
2750 0.0244140625
2751 0.0810546875
2752 0.025390625
2753 -0.1064453125
2754 0.0126953125
2755 0.076171875
2756 0.033203125
2757 -0.10546875
2758 -0.0654296875
2759 0.0009765625
2760 -0.03125
2761 -0.146484375
2762 -0.0576171875
2763 0.009765625
2764 -0.0263671875
2765 -0.1396484375
2766 -0.05078125
2767 0.0146484375
2768 -0.025390625
2769 -0.166015625
2770 -0.037109375
2771 0.037109375
2772 0.0048828125
2773 -0.0517578125
2774 0.060546875
2775 0.1240234375
2776 0.072265625
2777 -0.021484375
2778 0.029296875
2779 0.0810546875
2780 0.0283203125
2781 -0.1044921875
2782 0.01171875
2783 0.078125
2784 0.0341796875
2785 -0.1044921875
2786 -0.0634765625
2787 0.005859375
2788 -0.02734375
2789 -0.140625
2790 -0.056640625
2791 0.009765625
2792 -0.0234375
2793 -0.1357421875
2794 -0.0498046875
2795 0.015625
2796 -0.0205078125
2797 -0.1611328125
2798 -0.0341796875
2799 0.0380859375
2800 0.0078125
2801 -0.046875
2802 0.0625
2803 0.125
2804 0.0751953125
2805 -0.01953125
2806 0.0283203125
2807 0.0810546875
2808 0.029296875
2809 -0.0986328125
2810 0.0166015625
2811 0.0791015625
2812 0.0390625
2813 -0.099609375
2814 -0.0595703125
2815 0.0068359375
2816 -0.0263671875
2817 -0.138671875
2818 -0.052734375
2819 0.0126953125
2820 -0.0205078125
2821 -0.134765625
2822 -0.048828125
2823 0.0166015625
2824 -0.01953125
2825 -0.162109375
2826 -0.0322265625
2827 0.041015625
2828 0.0078125
2829 -0.0478515625
2830 0.064453125
2831 0.12890625
2832 0.07421875
2833 -0.017578125
2834 0.0322265625
2835 0.083984375
2836 0.0302734375
2837 -0.1005859375
2838 0.017578125
2839 0.0830078125
2840 0.037109375
2841 -0.0986328125
2842 -0.0576171875
2843 0.0107421875
2844 -0.0244140625
2845 -0.1396484375
2846 -0.0537109375
2847 0.0166015625
2848 -0.021484375
2849 -0.13671875
2850 -0.048828125
2851 0.0146484375
2852 -0.0185546875
2853 -0.1611328125
2854 -0.0322265625
2855 0.0390625
2856 0.009765625
2857 -0.044921875
2858 0.0634765625
2859 0.123046875
2860 0.076171875
2861 -0.0146484375
2862 0.0322265625
2863 0.08203125
2864 0.033203125
2865 -0.0947265625
2866 0.017578125
2867 0.0791015625
2868 0.041015625
2869 -0.095703125
2870 -0.05859375
2871 0.00390625
2872 -0.0224609375
2873 -0.134765625
2874 -0.0517578125
2875 0.009765625
2876 -0.0166015625
2877 -0.1328125
2878 -0.046875
2879 0.0146484375
2880 -0.017578125
2881 -0.158203125
2882 -0.0341796875
2883 0.037109375
2884 0.009765625
2885 -0.04296875
2886 0.0634765625
2887 0.125
2888 0.078125
2889 -0.01171875
2890 0.0322265625
2891 0.0830078125
2892 0.0341796875
2893 -0.0966796875
2894 0.015625
2895 0.0791015625
2896 0.0419921875
2897 -0.0986328125
2898 -0.05859375
2899 0.0048828125
2900 -0.0234375
2901 -0.134765625
2902 -0.0517578125
2903 0.0107421875
2904 -0.0185546875
2905 -0.130859375
2906 -0.0478515625
2907 0.0146484375
2908 -0.0166015625
2909 -0.154296875
2910 -0.033203125
2911 0.037109375
2912 0.01171875
2913 -0.0380859375
2914 0.0654296875
2915 0.125
2916 0.0791015625
2917 -0.0126953125
2918 0.0322265625
2919 0.08203125
2920 0.0361328125
2921 -0.091796875
2922 0.0185546875
2923 0.0791015625
2924 0.04296875
2925 -0.0947265625
2926 -0.056640625
2927 0.005859375
2928 -0.021484375
2929 -0.1328125
2930 -0.05078125
2931 0.0146484375
2932 -0.017578125
2933 -0.12890625
2934 -0.044921875
2935 0.017578125
2936 -0.015625
2937 -0.1552734375
2938 -0.0322265625
2939 0.0390625
2940 0.0126953125
2941 -0.0419921875
2942 0.06640625
2943 0.125
2944 0.078125
2945 -0.015625
2946 0.033203125
2947 0.0810546875
2948 0.0341796875
2949 -0.095703125
2950 0.017578125
2951 0.080078125
2952 0.041015625
2953 -0.095703125
2954 -0.05859375
2955 0.0068359375
2956 -0.0224609375
2957 -0.1328125
2958 -0.0498046875
2959 0.015625
2960 -0.017578125
2961 -0.1298828125
2962 -0.0458984375
2963 0.0166015625
2964 -0.015625
2965 -0.1533203125
2966 -0.029296875
2967 0.0419921875
2968 0.0146484375
2969 -0.041015625
2970 0.0693359375
2971 0.12890625
2972 0.08203125
2973 -0.0126953125
2974 0.0341796875
2975 0.0859375
2976 0.03515625
2977 -0.09375
2978 0.01953125
2979 0.0810546875
2980 0.0419921875
2981 -0.0947265625
2982 -0.056640625
2983 0.0107421875
2984 -0.0205078125
2985 -0.1337890625
2986 -0.0498046875
2987 0.0166015625
2988 -0.015625
2989 -0.1318359375
2990 -0.0439453125
2991 0.01953125
2992 -0.0146484375
2993 -0.1572265625
2994 -0.029296875
2995 0.04296875
2996 0.01171875
2997 -0.0419921875
2998 0.0673828125
2999 0.1298828125
3000 0.0791015625
3001 -0.01171875
3002 0.0361328125
3003 0.087890625
3004 0.0361328125
3005 -0.095703125
3006 0.0185546875
3007 0.083984375
3008 0.0419921875
3009 -0.0966796875
3010 -0.0556640625
3011 0.009765625
3012 -0.0205078125
3013 -0.134765625
3014 -0.048828125
3015 0.017578125
3016 -0.0146484375
3017 -0.12890625
3018 -0.0439453125
3019 0.0224609375
3020 -0.0146484375
3021 -0.1533203125
3022 -0.0263671875
3023 0.0478515625
3024 0.013671875
3025 -0.041015625
3026 0.0712890625
3027 0.1328125
3028 0.0810546875
3029 -0.01171875
3030 0.037109375
3031 0.0888671875
3032 0.037109375
3033 -0.0927734375
3034 0.0224609375
3035 0.0859375
3036 0.044921875
3037 -0.091796875
3038 -0.052734375
3039 0.0107421875
3040 -0.017578125
3041 -0.1337890625
3042 -0.048828125
3043 0.0166015625
3044 -0.015625
3045 -0.12890625
3046 -0.0439453125
3047 0.021484375
3048 -0.0146484375
3049 -0.1533203125
3050 -0.0283203125
3051 0.0458984375
3052 0.0146484375
3053 -0.04296875
3054 0.0703125
3055 0.1318359375
3056 0.0810546875
3057 -0.0126953125
3058 0.0380859375
3059 0.0908203125
3060 0.0361328125
3061 -0.09375
3062 0.0234375
3063 0.0859375
3064 0.0419921875
3065 -0.0947265625
3066 -0.0537109375
3067 0.0126953125
3068 -0.01953125
3069 -0.1337890625
3070 -0.048828125
3071 0.01953125
3072 -0.017578125
3073 -0.1298828125
3074 -0.0419921875
3075 0.0234375
3076 -0.0146484375
3077 -0.1552734375
3078 -0.0263671875
3079 0.0478515625
3080 0.015625
3081 -0.041015625
3082 0.072265625
3083 0.1328125
3084 0.080078125
3085 -0.013671875
3086 0.0390625
3087 0.0927734375
3088 0.03515625
3089 -0.0966796875
3090 0.021484375
3091 0.08984375
3092 0.0419921875
3093 -0.0947265625
3094 -0.0537109375
3095 0.015625
3096 -0.021484375
3097 -0.1328125
3098 -0.046875
3099 0.021484375
3100 -0.015625
3101 -0.1328125
3102 -0.041015625
3103 0.025390625
3104 -0.0146484375
3105 -0.1591796875
3106 -0.0263671875
3107 0.05078125
3108 0.013671875
3109 -0.0458984375
3110 0.0712890625
3111 0.138671875
3112 0.080078125
3113 -0.0146484375
3114 0.037109375
3115 0.095703125
3116 0.03515625
3117 -0.0986328125
3118 0.021484375
3119 0.0927734375
3120 0.0419921875
3121 -0.0966796875
3122 -0.0517578125
3123 0.0166015625
3124 -0.0205078125
3125 -0.1376953125
3126 -0.0478515625
3127 0.0244140625
3128 -0.015625
3129 -0.1328125
3130 -0.041015625
3131 0.025390625
3132 -0.013671875
3133 -0.158203125
3134 -0.0263671875
3135 0.0517578125
3136 0.013671875
3137 -0.046875
3138 0.0712890625
3139 0.1357421875
3140 0.080078125
3141 -0.0146484375
3142 0.037109375
3143 0.0947265625
3144 0.0361328125
3145 -0.0966796875
3146 0.0234375
3147 0.08984375
3148 0.04296875
3149 -0.095703125
3150 -0.052734375
3151 0.017578125
3152 -0.0205078125
3153 -0.13671875
3154 -0.0458984375
3155 0.0244140625
3156 -0.015625
3157 -0.1328125
3158 -0.0419921875
3159 0.0263671875
3160 -0.0146484375
3161 -0.158203125
3162 -0.025390625
3163 0.0537109375
3164 0.0126953125
3165 -0.0458984375
3166 0.0732421875
3167 0.140625
3168 0.080078125
3169 -0.013671875
3170 0.0380859375
3171 0.09375
3172 0.0361328125
3173 -0.099609375
3174 0.0224609375
3175 0.0927734375
3176 0.0419921875
3177 -0.0966796875
3178 -0.052734375
3179 0.0185546875
3180 -0.021484375
3181 -0.13671875
3182 -0.046875
3183 0.0244140625
3184 -0.0166015625
3185 -0.1328125
3186 -0.0419921875
3187 0.0263671875
3188 -0.0146484375
3189 -0.1591796875
3190 -0.0263671875
3191 0.0517578125
3192 0.013671875
3193 -0.0458984375
3194 0.0732421875
3195 0.1376953125
3196 0.0810546875
3197 -0.015625
3198 0.0390625
3199 0.0966796875
3200 0.0361328125
3201 -0.09765625
3202 0.0234375
3203 0.0927734375
3204 0.0419921875
3205 -0.0966796875
3206 -0.052734375
3207 0.0185546875
3208 -0.0205078125
3209 -0.13671875
3210 -0.0478515625
3211 0.02734375
3212 -0.015625
3213 -0.1337890625
3214 -0.0419921875
3215 0.02734375
3216 -0.0146484375
3217 -0.16015625
3218 -0.0263671875
3219 0.05078125
3220 0.0126953125
3221 -0.0458984375
3222 0.072265625
3223 0.138671875
3224 0.0810546875
3225 -0.013671875
3226 0.0390625
3227 0.095703125
3228 0.0361328125
3229 -0.09765625
3230 0.021484375
3231 0.091796875
3232 0.04296875
3233 -0.0966796875
3234 -0.0537109375
3235 0.0146484375
3236 -0.0205078125
3237 -0.1357421875
3238 -0.0458984375
3239 0.0224609375
3240 -0.0146484375
3241 -0.1318359375
3242 -0.0390625
3243 0.0263671875
3244 -0.0126953125
3245 -0.1572265625
3246 -0.025390625
3247 0.0517578125
3248 0.0146484375
3249 -0.0419921875
3250 0.0712890625
3251 0.138671875
3252 0.0830078125
3253 -0.0107421875
3254 0.0390625
3255 0.09375
3256 0.0380859375
3257 -0.0947265625
3258 0.025390625
3259 0.091796875
3260 0.044921875
3261 -0.09375
3262 -0.0498046875
3263 0.01953125
3264 -0.0185546875
3265 -0.1328125
3266 -0.044921875
3267 0.0224609375
3268 -0.013671875
3269 -0.126953125
3270 -0.0400390625
3271 0.0263671875
3272 -0.0126953125
3273 -0.1552734375
3274 -0.0263671875
3275 0.048828125
3276 0.015625
3277 -0.0400390625
3278 0.0712890625
3279 0.1357421875
3280 0.08203125
3281 -0.01171875
3282 0.0380859375
3283 0.0908203125
3284 0.0361328125
3285 -0.0947265625
3286 0.0224609375
3287 0.087890625
3288 0.044921875
3289 -0.0947265625
3290 -0.0517578125
3291 0.015625
3292 -0.017578125
3293 -0.134765625
3294 -0.0458984375
3295 0.0234375
3296 -0.0146484375
3297 -0.1279296875
3298 -0.041015625
3299 0.0244140625
3300 -0.013671875
3301 -0.1533203125
3302 -0.0263671875
3303 0.0478515625
3304 0.0166015625
3305 -0.0390625
3306 0.0703125
3307 0.1328125
3308 0.083984375
3309 -0.0107421875
3310 0.0380859375
3311 0.0908203125
3312 0.0380859375
3313 -0.09375
3314 0.0234375
3315 0.087890625
3316 0.046875
3317 -0.091796875
3318 -0.05078125
3319 0.0166015625
3320 -0.0166015625
3321 -0.1298828125
3322 -0.044921875
3323 0.021484375
3324 -0.0146484375
3325 -0.12890625
3326 -0.0419921875
3327 0.0234375
3328 -0.0126953125
3329 -0.15625
3330 -0.0283203125
3331 0.046875
3332 0.0146484375
3333 -0.0419921875
3334 0.0712890625
3335 0.1337890625
3336 0.0810546875
3337 -0.0126953125
3338 0.0380859375
3339 0.0927734375
3340 0.0380859375
3341 -0.0947265625
3342 0.021484375
3343 0.0888671875
3344 0.0439453125
3345 -0.0927734375
3346 -0.052734375
3347 0.0146484375
3348 -0.017578125
3349 -0.1337890625
3350 -0.046875
3351 0.0224609375
3352 -0.0146484375
3353 -0.12890625
3354 -0.041015625
3355 0.0244140625
3356 -0.01171875
3357 -0.1552734375
3358 -0.0244140625
3359 0.0478515625
3360 0.0166015625
3361 -0.0390625
3362 0.0732421875
3363 0.1337890625
3364 0.08203125
3365 -0.009765625
3366 0.0380859375
3367 0.08984375
3368 0.037109375
3369 -0.091796875
3370 0.0244140625
3371 0.087890625
3372 0.0458984375
3373 -0.0888671875
3374 -0.0517578125
3375 0.013671875
3376 -0.017578125
3377 -0.1328125
3378 -0.0458984375
3379 0.0205078125
3380 -0.013671875
3381 -0.1279296875
3382 -0.041015625
3383 0.0224609375
3384 -0.01171875
3385 -0.1552734375
3386 -0.0263671875
3387 0.0458984375
3388 0.0166015625
3389 -0.0400390625
3390 0.0712890625
3391 0.1337890625
3392 0.08203125
3393 -0.01171875
3394 0.0380859375
3395 0.091796875
3396 0.0380859375
3397 -0.091796875
3398 0.0224609375
3399 0.0869140625
3400 0.044921875
3401 -0.09375
3402 -0.0517578125
3403 0.0146484375
3404 -0.017578125
3405 -0.1328125
3406 -0.0439453125
3407 0.0224609375
3408 -0.013671875
3409 -0.1259765625
3410 -0.0380859375
3411 0.029296875
3412 -0.0107421875
3413 -0.12890625
3414 -0.0068359375
3415 0.0693359375
3416 0.0283203125
3417 -0.0849609375
3418 -0.0341796875
3419 0.029296875
3420 -0.009765625
3421 -0.1640625
3422 -0.0927734375
3423 -0.015625
3424 -0.0419921875
3425 -0.19140625
3426 -0.109375
3427 -0.03125
3428 -0.048828125
3429 -0.154296875
3430 -0.0634765625
3431 0.0087890625
3432 -0.021484375
3433 -0.1240234375
3434 -0.033203125
3435 0.0361328125
3436 -0.0029296875
3437 -0.0966796875
3438 0.0224609375
3439 0.091796875
3440 0.046875
3441 -0.05078125
3442 -0.0078125
3443 0.0576171875
3444 0.013671875
3445 -0.1591796875
3446 -0.0869140625
3447 -0.009765625
3448 -0.033203125
3449 -0.150390625
3450 -0.0625
3451 0.009765625
3452 -0.0185546875
3453 -0.1396484375
3454 -0.0478515625
3455 0.01953125
3456 -0.013671875
3457 -0.11328125
3458 0.009765625
3459 0.08203125
3460 0.0439453125
3461 -0.0048828125
3462 0.1025390625
3463 0.1650390625
3464 0.1083984375
3465 0.001953125
3466 0.0400390625
3467 0.08984375
3468 0.0439453125
3469 -0.1298828125
3470 -0.0634765625
3471 0.0048828125
3472 -0.021484375
3473 -0.1337890625
3474 -0.0537109375
3475 0.0029296875
3476 -0.0068359375
3477 -0.09375
3478 -0.02734375
3479 0.01953125
3480 0.0048828125
3481 -0.0869140625
3482 0.01171875
3483 0.0625
3484 0.0478515625
3485 -0.0703125
3486 -0.046875
3487 0.00390625
3488 -0.005859375
3489 -0.1328125
3490 -0.025390625
3491 0.03515625
3492 0.02734375
3493 -0.037109375
3494 0.0537109375
3495 0.1005859375
3496 0.080078125
3497 0.0166015625
3498 0.09765625
3499 0.1376953125
3500 0.1083984375
3501 0.037109375
3502 0.1123046875
3503 0.1494140625
3504 0.1181640625
3505 0.0673828125
3506 0.138671875
3507 0.173828125
3508 0.13671875
3509 0.0625
3510 0.076171875
3511 0.1064453125
3512 0.07421875
3513 -0.01953125
3514 0.033203125
3515 0.064453125
3516 0.041015625
3517 -0.060546875
3518 -0.0029296875
3519 0.033203125
3520 0.017578125
3521 -0.0888671875
3522 0.0048828125
3523 0.048828125
3524 0.037109375
3525 -0.0654296875
3526 -0.041015625
3527 0.00390625
3528 -0.0068359375
3529 -0.162109375
3530 -0.0537109375
3531 0.0068359375
3532 0.0048828125
3533 -0.115234375
3534 -0.0888671875
3535 -0.033203125
3536 -0.03515625
3537 -0.1474609375
3538 -0.0791015625
3539 -0.025390625
3540 -0.0263671875
3541 -0.1748046875
3542 -0.0986328125
3543 -0.044921875
3544 -0.041015625
3545 -0.1689453125
3546 -0.0927734375
3547 -0.037109375
3548 -0.0361328125
3549 -0.166015625
3550 -0.0556640625
3551 0.0078125
3552 0.0068359375
3553 -0.0673828125
3554 0.0244140625
3555 0.0751953125
3556 0.0595703125
3557 -0.0166015625
3558 0.0673828125
3559 0.1083984375
3560 0.087890625
3561 0.0
3562 0.0791015625
3563 0.119140625
3564 0.0947265625
3565 0.0009765625
3566 0.078125
3567 0.1162109375
3568 0.0927734375
3569 -0.009765625
3570 0.068359375
3571 0.1083984375
3572 0.0849609375
3573 0.0283203125
3574 0.1044921875
3575 0.1416015625
3576 0.109375
3577 0.005859375
3578 0.017578125
3579 0.052734375
3580 0.0322265625
3581 -0.0830078125
3582 -0.029296875
3583 0.0146484375
3584 0.001953125
3585 -0.1396484375
3586 -0.0751953125
3587 -0.025390625
3588 -0.0283203125
3589 -0.1513671875
3590 -0.080078125
3591 -0.0283203125
3592 -0.0322265625
3593 -0.1640625
3594 -0.0556640625
3595 0.0068359375
3596 0.00390625
3597 -0.0810546875
3598 0.0126953125
3599 0.064453125
3600 0.048828125
3601 -0.048828125
3602 0.037109375
3603 0.0830078125
3604 0.06640625
3605 -0.044921875
3606 0.04296875
3607 0.087890625
3608 0.06640625
3609 0.005859375
3610 0.0869140625
3611 0.1220703125
3612 0.0947265625
3613 0.013671875
3614 0.0908203125
3615 0.1259765625
3616 0.0966796875
3617 -0.04296875
3618 -0.029296875
3619 0.0126953125
3620 -0.0009765625
3621 -0.1298828125
3622 -0.0263671875
3623 0.025390625
3624 0.017578125
3625 -0.08984375
3626 -0.0927734375
3627 -0.0341796875
3628 -0.03515625
3629 -0.123046875
3630 -0.0185546875
3631 0.03515625
3632 0.025390625
3633 -0.0615234375
3634 -0.0341796875
3635 0.0107421875
3636 -0.0029296875
3637 -0.09375
3638 -0.03515625
3639 0.013671875
3640 -0.0009765625
3641 -0.1396484375
3642 -0.072265625
3643 -0.0205078125
3644 -0.02734375
3645 -0.158203125
3646 -0.048828125
3647 0.009765625
3648 0.0048828125
3649 -0.1328125
3650 -0.1064453125
3651 -0.044921875
3652 -0.0439453125
3653 -0.1904296875
3654 -0.0732421875
3655 -0.0048828125
3656 -0.0029296875
3657 -0.0927734375
3658 0.0068359375
3659 0.060546875
3660 0.0458984375
3661 -0.041015625
3662 0.0478515625
3663 0.095703125
3664 0.072265625
3665 -0.0087890625
3666 0.0732421875
3667 0.1171875
3668 0.087890625
3669 0.001953125
3670 0.0810546875
3671 0.1220703125
3672 0.0927734375
3673 -0.0078125
3674 0.07421875
3675 0.1142578125
3676 0.0888671875
3677 -0.0244140625
3678 0.060546875
3679 0.1015625
3680 0.0751953125
3681 0.0009765625
3682 0.083984375
3683 0.119140625
3684 0.08984375
3685 0.0029296875
3686 0.08203125
3687 0.1220703125
3688 0.0908203125
3689 0.037109375
3690 0.1123046875
3691 0.1484375
3692 0.1123046875
3693 0.0556640625
3694 0.1298828125
3695 0.1630859375
3696 0.1220703125
3697 0.0380859375
3698 0.0546875
3699 0.0830078125
3700 0.05078125
3701 -0.0537109375
3702 0.033203125
3703 0.0751953125
3704 0.0517578125
3705 -0.052734375
3706 -0.0302734375
3707 0.0107421875
3708 -0.0078125
3709 -0.1201171875
3710 -0.0595703125
3711 -0.0107421875
3712 -0.0234375
3713 -0.1416015625
3714 -0.0751953125
3715 -0.021484375
3716 -0.03515625
3717 -0.13671875
3718 -0.072265625
3719 -0.021484375
3720 -0.0322265625
3721 -0.138671875
3722 -0.0712890625
3723 -0.01953125
3724 -0.029296875
3725 -0.140625
3726 -0.076171875
3727 -0.0244140625
3728 -0.033203125
3729 -0.1748046875
3730 -0.1064453125
3731 -0.0478515625
3732 -0.05078125
3733 -0.15625
3734 -0.080078125
3735 -0.025390625
3736 -0.0361328125
3737 -0.1767578125
3738 -0.1015625
3739 -0.0400390625
3740 -0.0458984375
3741 -0.1328125
3742 -0.064453125
3743 -0.0126953125
3744 -0.0205078125
3745 -0.125
3746 -0.0537109375
3747 -0.0107421875
3748 -0.0205078125
3749 -0.1337890625
3750 -0.0634765625
3751 -0.01171875
3752 -0.0205078125
3753 -0.1748046875
3754 -0.060546875
3755 0.0009765625
3756 -0.0029296875
3757 -0.0693359375
3758 0.0283203125
3759 0.080078125
3760 0.0576171875
3761 -0.0712890625
3762 0.0234375
3763 0.0712890625
3764 0.0517578125
3765 -0.0888671875
3766 -0.0712890625
3767 -0.017578125
3768 -0.0234375
3769 -0.1953125
3770 -0.1181640625
3771 -0.052734375
3772 -0.0498046875
3773 -0.16015625
3774 -0.0830078125
3775 -0.0283203125
3776 -0.0322265625
3777 -0.1201171875
3778 -0.0146484375
3779 0.0419921875
3780 0.0322265625
3781 -0.05859375
3782 -0.0576171875
3783 0.0009765625
3784 -0.0068359375
3785 -0.107421875
3786 -0.005859375
3787 0.0478515625
3788 0.037109375
3789 -0.095703125
3790 -0.0703125
3791 -0.013671875
3792 -0.017578125
3793 -0.1279296875
3794 -0.0185546875
3795 0.037109375
3796 0.0322265625
3797 -0.03515625
3798 0.0556640625
3799 0.0986328125
3800 0.0771484375
3801 -0.0595703125
3802 -0.041015625
3803 0.0087890625
3804 -0.0029296875
3805 -0.1923828125
3806 -0.1142578125
3807 -0.046875
3808 -0.0439453125
3809 -0.142578125
3810 -0.0703125
3811 -0.017578125
3812 -0.0205078125
3813 -0.1591796875
3814 -0.0439453125
3815 0.015625
3816 0.013671875
3817 -0.140625
3818 -0.099609375
3819 -0.04296875
3820 -0.0390625
3821 -0.146484375
3822 -0.0322265625
3823 0.0263671875
3824 0.021484375
3825 -0.052734375
3826 0.041015625
3827 0.09375
3828 0.07421875
3829 -0.0654296875
3830 -0.0439453125
3831 0.009765625
3832 0.0
3833 -0.1083984375
3834 -0.001953125
3835 0.0517578125
3836 0.0419921875
3837 -0.0458984375
3838 -0.0244140625
3839 0.0244140625
3840 0.013671875
3841 -0.0888671875
3842 -0.0283203125
3843 0.021484375
3844 0.0107421875
3845 -0.099609375
3846 -0.0380859375
3847 0.01171875
3848 0.00390625
3849 -0.158203125
3850 -0.083984375
3851 -0.029296875
3852 -0.0283203125
3853 -0.1787109375
3854 -0.060546875
3855 0.0048828125
3856 0.0078125
3857 -0.1015625
3858 0.001953125
3859 0.0556640625
3860 0.0498046875
3861 -0.048828125
3862 -0.0244140625
3863 0.021484375
3864 0.0107421875
3865 -0.1240234375
3866 -0.013671875
3867 0.041015625
3868 0.037109375
3869 -0.05078125
3870 0.04296875
3871 0.0927734375
3872 0.0751953125
3873 -0.0048828125
3874 0.017578125
3875 0.05859375
3876 0.0390625
3877 -0.0810546875
3878 0.0166015625
3879 0.068359375
3880 0.056640625
3881 -0.0595703125
3882 -0.0341796875
3883 0.013671875
3884 0.0048828125
3885 -0.09375
3886 -0.02734375
3887 0.0205078125
3888 0.0107421875
3889 -0.1318359375
3890 -0.0615234375
3891 -0.0078125
3892 -0.0107421875
3893 -0.158203125
3894 -0.0458984375
3895 0.0185546875
3896 0.0185546875
3897 -0.0693359375
3898 0.02734375
3899 0.0810546875
3900 0.0654296875
3901 -0.0263671875
3902 0.0634765625
3903 0.1083984375
3904 0.087890625
3905 -0.0029296875
3906 0.0810546875
3907 0.1240234375
3908 0.0986328125
3909 0.0068359375
3910 0.0888671875
3911 0.12890625
3912 0.103515625
3913 0.0068359375
3914 0.0849609375
3915 0.125
3916 0.1005859375
3917 -0.0166015625
3918 0.0634765625
3919 0.10546875
3920 0.0849609375
3921 -0.0029296875
3922 0.0751953125
3923 0.1171875
3924 0.09375
3925 0.005859375
3926 0.0244140625
3927 0.0595703125
3928 0.041015625
3929 -0.0458984375
3930 0.044921875
3931 0.0869140625
3932 0.0693359375
3933 0.0205078125
3934 0.099609375
3935 0.13671875
3936 0.107421875
3937 0.0361328125
3938 0.1103515625
3939 0.14453125
3940 0.11328125
3941 0.0263671875
3942 0.099609375
3943 0.13671875
3944 0.1064453125
3945 0.0390625
3946 0.11328125
3947 0.1474609375
3948 0.115234375
3949 0.064453125
3950 0.1357421875
3951 0.1689453125
3952 0.130859375
3953 0.0927734375
3954 0.16015625
3955 0.19140625
3956 0.150390625
3957 0.10546875
3958 0.169921875
3959 0.2001953125
3960 0.1552734375
3961 0.09765625
3962 0.162109375
3963 0.19140625
3964 0.1455078125
3965 0.095703125
3966 0.16015625
3967 0.1875
3968 0.14453125
3969 0.095703125
3970 0.158203125
3971 0.185546875
3972 0.1435546875
3973 0.056640625
3974 0.076171875
3975 0.095703125
3976 0.0595703125
3977 -0.0400390625
3978 0.0078125
3979 0.037109375
3980 0.0126953125
3981 -0.0888671875
3982 -0.0009765625
3983 0.044921875
3984 0.025390625
3985 -0.021484375
3986 0.0576171875
3987 0.09765625
3988 0.0654296875
3989 -0.029296875
3990 -0.009765625
3991 0.0234375
3992 -0.001953125
3993 -0.107421875
3994 -0.048828125
3995 -0.009765625
3996 -0.025390625
3997 -0.162109375
3998 -0.0966796875
3999 -0.0498046875
4000 -0.0537109375
4001 -0.19921875
4002 -0.08984375
4003 -0.03125
4004 -0.0322265625
4005 -0.099609375
4006 -0.0087890625
4007 0.0400390625
4008 0.0244140625
4009 -0.041015625
4010 0.0400390625
4011 0.0830078125
4012 0.0576171875
4013 -0.01171875
4014 0.064453125
4015 0.1025390625
4016 0.0732421875
4017 0.001953125
4018 0.0751953125
4019 0.1103515625
4020 0.080078125
4021 0.0068359375
4022 0.078125
4023 0.1142578125
4024 0.08203125
4025 0.0244140625
4026 0.0947265625
4027 0.1298828125
4028 0.091796875
4029 0.013671875
4030 0.0322265625
4031 0.0625
4032 0.029296875
4033 -0.0615234375
4034 -0.0166015625
4035 0.0185546875
4036 -0.001953125
4037 -0.1083984375
4038 -0.0517578125
4039 -0.013671875
4040 -0.0283203125
4041 -0.1123046875
4042 -0.0185546875
4043 0.029296875
4044 0.0126953125
4045 -0.0625
4046 -0.0390625
4047 0.0
4048 -0.017578125
4049 -0.1298828125
4050 -0.0341796875
4051 0.0146484375
4052 0.0009765625
4053 -0.1396484375
4054 -0.115234375
4055 -0.0615234375
4056 -0.06640625
4057 -0.2080078125
4058 -0.0966796875
4059 -0.0322265625
4060 -0.0322265625
4061 -0.0810546875
4062 0.009765625
4063 0.0546875
4064 0.0361328125
4065 -0.0791015625
4066 -0.05859375
4067 -0.0146484375
4068 -0.02734375
4069 -0.126953125
4070 -0.0615234375
4071 -0.0166015625
4072 -0.03125
4073 -0.1640625
4074 -0.0966796875
4075 -0.046875
4076 -0.0537109375
4077 -0.2109375
4078 -0.1396484375
4079 -0.076171875
4080 -0.076171875
4081 -0.201171875
4082 -0.1259765625
4083 -0.0654296875
4084 -0.06640625
4085 -0.1630859375
4086 -0.087890625
4087 -0.0361328125
4088 -0.0419921875
4089 -0.16015625
4090 -0.0517578125
4091 0.0029296875
4092 -0.0029296875
4093 -0.1611328125
4094 -0.1318359375
4095 -0.0712890625
4096 -0.068359375
4097 -0.1796875
4098 -0.107421875
4099 -0.0478515625
4100 -0.0498046875
4101 -0.125
4102 -0.0546875
4103 -0.005859375
4104 -0.0185546875
4105 -0.140625
4106 -0.037109375
4107 0.015625
4108 0.009765625
4109 -0.1259765625
4110 -0.099609375
4111 -0.041015625
4112 -0.0400390625
4113 -0.1328125
4114 -0.02734375
4115 0.0283203125
4116 0.0205078125
4117 -0.025390625
4118 0.0615234375
4119 0.1025390625
4120 0.078125
4121 0.0107421875
4122 0.0908203125
4123 0.126953125
4124 0.09765625
4125 0.0419921875
4126 0.072265625
4127 0.0712890625
4128 0.0966796875
4129 -0.001953125
4130 -0.0419921875
4131 -0.0400390625
4132 0.0009765625
4133 -0.0830078125
4134 -0.037109375
4135 -0.0244140625
4136 0.0234375
4137 -0.052734375
4138 -0.0810546875
4139 -0.0703125
4140 -0.021484375
4141 -0.0810546875
4142 -0.0703125
4143 -0.060546875
4144 -0.0146484375
4145 -0.115234375
4146 -0.099609375
4147 -0.0849609375
4148 -0.033203125
4149 -0.130859375
4150 -0.07421875
4151 -0.0517578125
4152 0.0009765625
4153 -0.0458984375
4154 -0.005859375
4155 0.00390625
4156 0.048828125
4157 -0.00390625
4158 0.0263671875
4159 0.0322265625
4160 0.0693359375
4161 0.0234375
4162 0.048828125
4163 0.0517578125
4164 0.0849609375
4165 0.0341796875
4166 0.0556640625
4167 0.0576171875
4168 0.087890625
4169 0.03125
4170 0.05078125
4171 0.0517578125
4172 0.0830078125
4173 0.0068359375
4174 0.029296875
4175 0.0341796875
4176 0.068359375
4177 0.015625
4178 0.0400390625
4179 0.0419921875
4180 0.0771484375
4181 0.0283203125
4182 -0.0107421875
4183 -0.0107421875
4184 0.0244140625
4185 -0.021484375
4186 0.01171875
4187 0.0166015625
4188 0.052734375
4189 0.044921875
4190 0.06640625
4191 0.0654296875
4192 0.09375
4193 0.0615234375
4194 0.0791015625
4195 0.0751953125
4196 0.09765625
4197 0.052734375
4198 0.068359375
4199 0.0673828125
4200 0.09375
4201 0.06640625
4202 0.0830078125
4203 0.0771484375
4204 0.1005859375
4205 0.09375
4206 0.10546875
4207 0.099609375
4208 0.1201171875
4209 0.123046875
4210 0.130859375
4211 0.123046875
4212 0.138671875
4213 0.1357421875
4214 0.1416015625
4215 0.1328125
4216 0.1474609375
4217 0.1298828125
4218 0.1337890625
4219 0.123046875
4220 0.13671875
4221 0.1279296875
4222 0.1337890625
4223 0.12109375
4224 0.1357421875
4225 0.126953125
4226 0.1318359375
4227 0.119140625
4228 0.1337890625
4229 0.08984375
4230 0.05078125
4231 0.033203125
4232 0.0517578125
4233 -0.0087890625
4234 -0.01953125
4235 -0.0244140625
4236 0.0029296875
4237 -0.060546875
4238 -0.0283203125
4239 -0.0224609375
4240 0.0146484375
4241 0.009765625
4242 0.03125
4243 0.033203125
4244 0.060546875
4245 0.0009765625
4246 -0.0390625
4247 -0.041015625
4248 -0.0087890625
4249 -0.107421875
4250 -0.1015625
4251 -0.0927734375
4252 -0.0478515625
4253 -0.1123046875
4254 -0.1025390625
4255 -0.09375
4256 -0.048828125
4257 -0.1005859375
4258 -0.0908203125
4259 -0.083984375
4260 -0.0419921875
4261 -0.1025390625
4262 -0.0966796875
4263 -0.0859375
4264 -0.04296875
4265 -0.1513671875
4266 -0.162109375
4267 -0.1357421875
4268 -0.0791015625
4269 -0.146484375
4270 -0.130859375
4271 -0.11328125
4272 -0.0615234375
4273 -0.1298828125
4274 -0.1162109375
4275 -0.1025390625
4276 -0.0517578125
4277 -0.1025390625
4278 -0.0537109375
4279 -0.0390625
4280 0.005859375
4281 -0.044921875
4282 -0.1025390625
4283 -0.083984375
4284 -0.0361328125
4285 -0.1025390625
4286 -0.056640625
4287 -0.041015625
4288 0.005859375
4289 -0.099609375
4290 -0.12890625
4291 -0.1064453125
4292 -0.0537109375
4293 -0.125
4294 -0.0703125
4295 -0.05078125
4296 -0.0009765625
4297 -0.0244140625
4298 0.01171875
4299 0.0146484375
4300 0.052734375
4301 -0.05078125
4302 -0.083984375
4303 -0.0751953125
4304 -0.029296875
4305 -0.1640625
4306 -0.142578125
4307 -0.1171875
4308 -0.0615234375
4309 -0.142578125
4310 -0.1142578125
4311 -0.0986328125
4312 -0.0478515625
4313 -0.1171875
4314 -0.0625
4315 -0.044921875
4316 0.005859375
4317 -0.087890625
4318 -0.11328125
4319 -0.095703125
4320 -0.0400390625
4321 -0.11328125
4322 -0.0966796875
4323 -0.080078125
4324 -0.02734375
4325 -0.1005859375
4326 -0.0888671875
4327 -0.0751953125
4328 -0.0244140625
4329 -0.134765625
4330 -0.0771484375
4331 -0.052734375
4332 0.0009765625
4333 -0.01953125
4334 0.0146484375
4335 0.0234375
4336 0.0634765625
4337 0.0625
4338 0.0830078125
4339 0.0830078125
4340 0.1103515625
4341 0.119140625
4342 0.1298828125
4343 0.1240234375
4344 0.146484375
4345 0.1455078125
4346 0.15234375
4347 0.142578125
4348 0.1572265625
4349 0.14453125
4350 0.1484375
4351 0.13671875
4352 0.1513671875
4353 0.146484375
4354 0.150390625
4355 0.138671875
4356 0.1533203125
4357 0.146484375
4358 0.1494140625
4359 0.138671875
4360 0.15234375
4361 0.1083984375
4362 0.0693359375
4363 0.05078125
4364 0.0712890625
4365 0.0107421875
4366 0.0
4367 -0.0087890625
4368 0.0234375
4369 -0.0419921875
4370 -0.0078125
4371 -0.00390625
4372 0.03515625
4373 0.0302734375
4374 0.0517578125
4375 0.05078125
4376 0.0791015625
4377 0.01953125
4378 -0.0185546875
4379 -0.0234375
4380 0.009765625
4381 -0.087890625
4382 -0.0849609375
4383 -0.078125
4384 -0.0322265625
4385 -0.095703125
4386 -0.087890625
4387 -0.0810546875
4388 -0.033203125
4389 -0.0849609375
4390 -0.0751953125
4391 -0.068359375
4392 -0.0244140625
4393 -0.0869140625
4394 -0.0791015625
4395 -0.0693359375
4396 -0.0283203125
4397 -0.1376953125
4398 -0.1455078125
4399 -0.1201171875
4400 -0.064453125
4401 -0.12890625
4402 -0.1162109375
4403 -0.0966796875
4404 -0.0478515625
4405 -0.1162109375
4406 -0.1025390625
4407 -0.0888671875
4408 -0.0390625
4409 -0.0888671875
4410 -0.0419921875
4411 -0.0283203125
4412 0.0185546875
4413 -0.03515625
4414 -0.087890625
4415 -0.072265625
4416 -0.0224609375
4417 -0.08203125
4418 -0.037109375
4419 -0.0224609375
4420 0.0224609375
4421 -0.068359375
4422 -0.099609375
4423 -0.0810546875
4424 -0.03125
4425 -0.0966796875
4426 -0.048828125
4427 -0.0322265625
4428 0.0166015625
4429 -0.0068359375
4430 0.025390625
4431 0.02734375
4432 0.064453125
4433 -0.0283203125
4434 -0.0625
4435 -0.056640625
4436 -0.01171875
4437 -0.1474609375
4438 -0.126953125
4439 -0.103515625
4440 -0.0478515625
4441 -0.1279296875
4442 -0.103515625
4443 -0.0869140625
4444 -0.037109375
4445 -0.1064453125
4446 -0.0537109375
4447 -0.03515625
4448 0.0146484375
4449 -0.078125
4450 -0.1044921875
4451 -0.0849609375
4452 -0.033203125
4453 -0.1064453125
4454 -0.08984375
4455 -0.0732421875
4456 -0.021484375
4457 -0.0947265625
4458 -0.0810546875
4459 -0.0693359375
4460 -0.017578125
4461 -0.1318359375
4462 -0.0732421875
4463 -0.048828125
4464 0.0068359375
4465 -0.013671875
4466 0.021484375
4467 0.029296875
4468 0.0693359375
4469 0.0693359375
4470 0.0908203125
4471 0.0908203125
4472 0.1171875
4473 0.1259765625
4474 0.138671875
4475 0.130859375
4476 0.150390625
4477 0.150390625
4478 0.15625
4479 0.1474609375
4480 0.1630859375
4481 0.1494140625
4482 0.154296875
4483 0.140625
4484 0.158203125
4485 0.150390625
4486 0.1552734375
4487 0.1435546875
4488 0.158203125
4489 0.1513671875
4490 0.1533203125
4491 0.142578125
4492 0.158203125
4493 0.1142578125
4494 0.07421875
4495 0.05859375
4496 0.0751953125
4497 0.013671875
4498 0.005859375
4499 -0.00390625
4500 0.0283203125
4501 -0.0361328125
4502 -0.00390625
4503 0.0
4504 0.0400390625
4505 0.0341796875
4506 0.056640625
4507 0.0537109375
4508 0.0830078125
4509 0.0234375
4510 -0.0166015625
4511 -0.0185546875
4512 0.0126953125
4513 -0.083984375
4514 -0.080078125
4515 -0.0712890625
4516 -0.0283203125
4517 -0.087890625
4518 -0.0830078125
4519 -0.072265625
4520 -0.0302734375
4521 -0.0810546875
4522 -0.0703125
4523 -0.0634765625
4524 -0.0205078125
4525 -0.0830078125
4526 -0.076171875
4527 -0.06640625
4528 -0.0234375
4529 -0.134765625
4530 -0.140625
4531 -0.1181640625
4532 -0.060546875
4533 -0.126953125
4534 -0.11328125
4535 -0.09375
4536 -0.0439453125
4537 -0.111328125
4538 -0.0986328125
4539 -0.0830078125
4540 -0.0341796875
4541 -0.0849609375
4542 -0.0390625
4543 -0.0244140625
4544 0.0224609375
4545 -0.0322265625
4546 -0.0849609375
4547 -0.06640625
4548 -0.0185546875
4549 -0.080078125
4550 -0.033203125
4551 -0.0205078125
4552 0.0263671875
4553 -0.0673828125
4554 -0.0986328125
4555 -0.0810546875
4556 -0.0302734375
4557 -0.0986328125
4558 -0.048828125
4559 -0.03125
4560 0.017578125
4561 -0.005859375
4562 0.025390625
4563 0.029296875
4564 0.06640625
4565 -0.02734375
4566 -0.0595703125
4567 -0.0546875
4568 -0.009765625
4569 -0.146484375
4570 -0.125
4571 -0.1025390625
4572 -0.0439453125
4573 -0.1279296875
4574 -0.1005859375
4575 -0.087890625
4576 -0.0341796875
4577 -0.10546875
4578 -0.0517578125
4579 -0.03515625
4580 0.0146484375
4581 -0.078125
4582 -0.1025390625
4583 -0.0849609375
4584 -0.03125
4585 -0.1015625
4586 -0.087890625
4587 -0.0693359375
4588 -0.0185546875
4589 -0.0908203125
4590 -0.0791015625
4591 -0.06640625
4592 -0.0146484375
4593 -0.1279296875
4594 -0.0693359375
4595 -0.0458984375
4596 0.009765625
4597 -0.0107421875
4598 0.0263671875
4599 0.03125
4600 0.0703125
4601 0.072265625
4602 0.091796875
4603 0.08984375
4604 0.119140625
4605 0.12890625
4606 0.1376953125
4607 0.1328125
4608 0.154296875
4609 0.154296875
4610 0.158203125
4611 0.150390625
4612 0.166015625
4613 0.15234375
4614 0.15625
4615 0.1435546875
4616 0.16015625
4617 0.1533203125
4618 0.1572265625
4619 0.1455078125
4620 0.162109375
4621 0.154296875
4622 0.15625
4623 0.14453125
4624 0.158203125
4625 0.115234375
4626 0.0751953125
4627 0.0595703125
4628 0.0771484375
4629 0.0166015625
4630 0.0048828125
4631 -0.001953125
4632 0.029296875
4633 -0.0341796875
4634 -0.0029296875
4635 0.0029296875
4636 0.041015625
4637 0.037109375
4638 0.0576171875
4639 0.056640625
4640 0.0859375
4641 0.0244140625
4642 -0.0146484375
4643 -0.017578125
4644 0.0166015625
4645 -0.0810546875
4646 -0.078125
4647 -0.0703125
4648 -0.02734375
4649 -0.087890625
4650 -0.0810546875
4651 -0.072265625
4652 -0.029296875
4653 -0.0771484375
4654 -0.0693359375
4655 -0.0615234375
4656 -0.01953125
4657 -0.0810546875
4658 -0.07421875
4659 -0.0654296875
4660 -0.0205078125
4661 -0.1328125
4662 -0.1396484375
4663 -0.1162109375
4664 -0.0576171875
4665 -0.125
4666 -0.109375
4667 -0.0927734375
4668 -0.0419921875
4669 -0.111328125
4670 -0.09765625
4671 -0.0849609375
4672 -0.0341796875
4673 -0.0849609375
4674 -0.037109375
4675 -0.0224609375
4676 0.021484375
4677 -0.0302734375
4678 -0.0830078125
4679 -0.06640625
4680 -0.0185546875
4681 -0.078125
4682 -0.03125
4683 -0.0185546875
4684 0.0283203125
4685 -0.0673828125
4686 -0.095703125
4687 -0.078125
4688 -0.02734375
4689 -0.099609375
4690 -0.0458984375
4691 -0.029296875
4692 0.0185546875
4693 -0.005859375
4694 0.0263671875
4695 0.0302734375
4696 0.068359375
4697 -0.025390625
4698 -0.0615234375
4699 -0.052734375
4700 -0.009765625
4701 -0.1455078125
4702 -0.1259765625
4703 -0.1015625
4704 -0.044921875
4705 -0.1279296875
4706 -0.1005859375
4707 -0.0849609375
4708 -0.0341796875
4709 -0.103515625
4710 -0.05078125
4711 -0.03125
4712 0.0205078125
4713 -0.0751953125
4714 -0.1005859375
4715 -0.0830078125
4716 -0.029296875
4717 -0.1015625
4718 -0.087890625
4719 -0.068359375
4720 -0.017578125
4721 -0.0908203125
4722 -0.0791015625
4723 -0.0634765625
4724 -0.0146484375
4725 -0.130859375
4726 -0.072265625
4727 -0.0458984375
4728 0.0087890625
4729 -0.0126953125
4730 0.0263671875
4731 0.0322265625
4732 0.072265625
4733 0.0712890625
4734 0.09375
4735 0.091796875
4736 0.1201171875
4737 0.1279296875
4738 0.140625
4739 0.134765625
4740 0.1552734375
4741 0.15625
4742 0.16015625
4743 0.1513671875
4744 0.1669921875
4745 0.154296875
4746 0.1591796875
4747 0.1435546875
4748 0.162109375
4749 0.1533203125
4750 0.1591796875
4751 0.1474609375
4752 0.162109375
4753 0.154296875
4754 0.158203125
4755 0.1455078125
4756 0.162109375
4757 0.1181640625
4758 0.0771484375
4759 0.060546875
4760 0.080078125
4761 0.0185546875
4762 0.0087890625
4763 0.0
4764 0.0302734375
4765 -0.033203125
4766 -0.0029296875
4767 0.00390625
4768 0.0419921875
4769 0.03515625
4770 0.05859375
4771 0.0576171875
4772 0.083984375
4773 0.025390625
4774 -0.0126953125
4775 -0.0166015625
4776 0.0166015625
4777 -0.083984375
4778 -0.0771484375
4779 -0.0693359375
4780 -0.0244140625
4781 -0.0869140625
4782 -0.0791015625
4783 -0.0693359375
4784 -0.02734375
4785 -0.076171875
4786 -0.06640625
4787 -0.0576171875
4788 -0.017578125
4789 -0.080078125
4790 -0.0732421875
4791 -0.0634765625
4792 -0.0205078125
4793 -0.12890625
4794 -0.138671875
4795 -0.1142578125
4796 -0.0576171875
4797 -0.1259765625
4798 -0.1103515625
4799 -0.0927734375
4800 -0.041015625
4801 -0.1103515625
4802 -0.095703125
4803 -0.0830078125
4804 -0.0302734375
4805 -0.08203125
4806 -0.03515625
4807 -0.0205078125
4808 0.025390625
4809 -0.02734375
4810 -0.08203125
4811 -0.0625
4812 -0.017578125
4813 -0.076171875
4814 -0.03125
4815 -0.0146484375
4816 0.029296875
4817 -0.06640625
4818 -0.09765625
4819 -0.0791015625
4820 -0.0283203125
4821 -0.1025390625
4822 -0.0478515625
4823 -0.029296875
4824 0.0185546875
4825 -0.0068359375
4826 0.02734375
4827 0.0322265625
4828 0.068359375
4829 -0.0244140625
4830 -0.060546875
4831 -0.0517578125
4832 -0.0107421875
4833 -0.14453125
4834 -0.1259765625
4835 -0.099609375
4836 -0.0439453125
4837 -0.1259765625
4838 -0.1015625
4839 -0.0849609375
4840 -0.0341796875
4841 -0.10546875
4842 -0.0498046875
4843 -0.0322265625
4844 0.01953125
4845 -0.076171875
4846 -0.1005859375
4847 -0.0830078125
4848 -0.02734375
4849 -0.1015625
4850 -0.0869140625
4851 -0.0673828125
4852 -0.015625
4853 -0.087890625
4854 -0.078125
4855 -0.0625
4856 -0.0146484375
4857 -0.125
4858 -0.0693359375
4859 -0.0419921875
4860 0.0126953125
4861 -0.0107421875
4862 0.0263671875
4863 0.0341796875
4864 0.07421875
4865 0.0712890625
4866 0.0927734375
4867 0.09375
4868 0.1201171875
4869 0.126953125
4870 0.1416015625
4871 0.1357421875
4872 0.1552734375
4873 0.1552734375
4874 0.16015625
4875 0.15234375
4876 0.16796875
4877 0.154296875
4878 0.1591796875
4879 0.146484375
4880 0.1630859375
4881 0.1552734375
4882 0.16015625
4883 0.1474609375
4884 0.1640625
4885 0.1552734375
4886 0.158203125
4887 0.146484375
4888 0.1611328125
4889 0.119140625
4890 0.078125
4891 0.0615234375
4892 0.080078125
4893 0.017578125
4894 0.0068359375
4895 -0.0009765625
4896 0.0302734375
4897 -0.033203125
4898 -0.0009765625
4899 0.00390625
4900 0.04296875
4901 0.0380859375
4902 0.0595703125
4903 0.05859375
4904 0.0859375
4905 0.02734375
4906 -0.0126953125
4907 -0.013671875
4908 0.0185546875
4909 -0.0810546875
4910 -0.076171875
4911 -0.068359375
4912 -0.0244140625
4913 -0.0888671875
4914 -0.080078125
4915 -0.0703125
4916 -0.025390625
4917 -0.078125
4918 -0.0654296875
4919 -0.0595703125
4920 -0.0185546875
4921 -0.0791015625
4922 -0.07421875
4923 -0.0625
4924 -0.01953125
4925 -0.1318359375
4926 -0.138671875
4927 -0.1142578125
4928 -0.0576171875
4929 -0.12109375
4930 -0.109375
4931 -0.091796875
4932 -0.0390625
4933 -0.111328125
4934 -0.0966796875
4935 -0.0830078125
4936 -0.03125
4937 -0.08203125
4938 -0.0341796875
4939 -0.0205078125
4940 0.0263671875
4941 -0.0283203125
4942 -0.08203125
4943 -0.0654296875
4944 -0.0166015625
4945 -0.0732421875
4946 -0.0302734375
4947 -0.015625
4948 0.029296875
4949 -0.0625
4950 -0.0947265625
4951 -0.076171875
4952 -0.0263671875
4953 -0.095703125
4954 -0.044921875
4955 -0.02734375
4956 0.021484375
4957 -0.0048828125
4958 0.029296875
4959 0.03125
4960 0.0703125
4961 -0.0263671875
4962 -0.0595703125
4963 -0.052734375
4964 -0.0078125
4965 -0.14453125
4966 -0.125
4967 -0.1005859375
4968 -0.0439453125
4969 -0.1259765625
4970 -0.1005859375
4971 -0.0849609375
4972 -0.0341796875
4973 -0.1025390625
4974 -0.0498046875
4975 -0.03125
4976 0.01953125
4977 -0.076171875
4978 -0.1015625
4979 -0.083984375
4980 -0.0283203125
4981 -0.1005859375
4982 -0.0859375
4983 -0.068359375
4984 -0.015625
4985 -0.0888671875
4986 -0.078125
4987 -0.0634765625
4988 -0.0126953125
4989 -0.1298828125
4990 -0.0712890625
4991 -0.046875
4992 0.0107421875
4993 -0.01171875
4994 0.025390625
4995 0.0341796875
4996 0.0732421875
4997 0.07421875
4998 0.0947265625
4999 0.0947265625
