x y
0 -0.0234375
1 -0.197265625
2 -0.14453125
3 -0.0771484375
4 -0.0693359375
5 -0.4384765625
6 -0.11328125
7 -0.0361328125
8 -0.0625
9 -0.1767578125
10 -0.0830078125
11 -0.009765625
12 -0.0390625
13 -0.150390625
14 -0.0185546875
15 0.0556640625
16 0.0185546875
17 -0.0908203125
18 -0.0654296875
19 0.009765625
20 -0.0244140625
21 -0.1494140625
22 -0.0205078125
23 0.0576171875
24 0.017578125
25 -0.1142578125
26 -0.068359375
27 0.0068359375
28 -0.02734375
29 -0.14453125
30 -0.052734375
31 0.0166015625
32 -0.0185546875
33 -0.1240234375
34 -0.0341796875
35 0.0322265625
36 -0.0078125
37 -0.1259765625
38 -0.0009765625
39 0.0712890625
40 0.0322265625
41 -0.05859375
42 0.056640625
43 0.1240234375
44 0.0712890625
45 0.0087890625
46 0.1142578125
47 0.173828125
48 0.1103515625
49 0.015625
50 0.0654296875
51 0.1142578125
52 0.0556640625
53 -0.076171875
54 0.037109375
55 0.1015625
56 0.0537109375
57 -0.0869140625
58 -0.044921875
59 0.021484375
60 -0.013671875
61 -0.130859375
62 -0.0439453125
63 0.0244140625
64 -0.013671875
65 -0.1298828125
66 -0.041015625
67 0.0244140625
68 -0.0146484375
69 -0.1572265625
70 -0.02734375
71 0.0498046875
72 0.0126953125
73 -0.04296875
74 0.0712890625
75 0.1376953125
76 0.080078125
77 -0.015625
78 0.03515625
79 0.08984375
80 0.0341796875
81 -0.09765625
82 0.0224609375
83 0.0869140625
84 0.0419921875
85 -0.0966796875
86 -0.0537109375
87 0.013671875
88 -0.021484375
89 -0.134765625
90 -0.048828125
91 0.01953125
92 -0.0166015625
93 -0.130859375
94 -0.0439453125
95 0.0224609375
96 -0.0146484375
97 -0.154296875
98 -0.029296875
99 0.0458984375
100 0.013671875
101 -0.0419921875
102 0.0693359375
103 0.1337890625
104 0.08203125
105 -0.013671875
106 0.0380859375
107 0.087890625
108 0.03515625
109 -0.0947265625
110 0.0224609375
111 0.0859375
112 0.04296875
113 -0.095703125
114 -0.0546875
115 0.01171875
116 -0.0205078125
117 -0.134765625
118 -0.0478515625
119 0.0185546875
120 -0.015625
121 -0.1298828125
122 -0.044921875
123 0.0205078125
124 -0.0146484375
125 -0.1572265625
126 -0.029296875
127 0.0419921875
128 0.013671875
129 -0.04296875
130 0.0693359375
131 0.130859375
132 0.0810546875
133 -0.0107421875
134 0.03515625
135 0.0869140625
136 0.037109375
137 -0.09375
138 0.01953125
139 0.0859375
140 0.04296875
141 -0.095703125
142 -0.056640625
143 0.01171875
144 -0.0205078125
145 -0.134765625
146 -0.0478515625
147 0.017578125
148 -0.0166015625
149 -0.1298828125
150 -0.0439453125
151 0.0205078125
152 -0.0146484375
153 -0.154296875
154 -0.0263671875
155 0.0458984375
156 0.0146484375
157 -0.041015625
158 0.0712890625
159 0.1337890625
160 0.080078125
161 -0.0107421875
162 0.037109375
163 0.08984375
164 0.0361328125
165 -0.0927734375
166 0.0234375
167 0.0859375
168 0.0439453125
169 -0.0947265625
170 -0.0546875
171 0.01171875
172 -0.0205078125
173 -0.1357421875
174 -0.048828125
175 0.0146484375
176 -0.015625
177 -0.1279296875
178 -0.0439453125
179 0.0166015625
180 -0.013671875
181 -0.1533203125
182 -0.029296875
183 0.0439453125
184 0.013671875
185 -0.0400390625
186 0.0693359375
187 0.1279296875
188 0.0810546875
189 -0.009765625
190 0.03515625
191 0.0849609375
192 0.037109375
193 -0.091796875
194 0.0205078125
195 0.080078125
196 0.0458984375
197 -0.0947265625
198 -0.0556640625
199 0.005859375
200 -0.0185546875
201 -0.1337890625
202 -0.0498046875
203 0.015625
204 -0.0146484375
205 -0.126953125
206 -0.04296875
207 0.0185546875
208 -0.013671875
209 -0.1513671875
210 -0.02734375
211 0.0419921875
212 0.015625
213 -0.0380859375
214 0.068359375
215 0.1279296875
216 0.08203125
217 -0.009765625
218 0.03515625
219 0.0849609375
220 0.037109375
221 -0.0927734375
222 0.021484375
223 0.0810546875
224 0.0439453125
225 -0.0947265625
226 -0.0576171875
227 0.0078125
228 -0.021484375
229 -0.130859375
230 -0.0498046875
231 0.017578125
232 -0.0166015625
233 -0.12890625
234 -0.0439453125
235 0.01953125
236 -0.0146484375
237 -0.154296875
238 -0.0283203125
239 0.04296875
240 0.0146484375
241 -0.0390625
242 0.0703125
243 0.1298828125
244 0.0830078125
245 -0.0107421875
246 0.0361328125
247 0.0869140625
248 0.03515625
249 -0.0927734375
250 0.0185546875
251 0.0830078125
252 0.04296875
253 -0.09375
254 -0.056640625
255 0.0087890625
256 -0.01953125
257 -0.1318359375
258 -0.048828125
259 0.015625
260 -0.015625
261 -0.126953125
262 -0.04296875
263 0.01953125
264 -0.0126953125
265 -0.1533203125
266 -0.0263671875
267 0.0458984375
268 0.015625
269 -0.0390625
270 0.0703125
271 0.1318359375
272 0.0810546875
273 -0.0107421875
274 0.0361328125
275 0.0888671875
276 0.037109375
277 -0.0908203125
278 0.0224609375
279 0.0859375
280 0.0458984375
281 -0.0927734375
282 -0.0537109375
283 0.01171875
284 -0.0185546875
285 -0.1328125
286 -0.046875
287 0.0185546875
288 -0.0146484375
289 -0.1279296875
290 -0.0419921875
291 0.021484375
292 -0.013671875
293 -0.1552734375
294 -0.02734375
295 0.0458984375
296 0.013671875
297 -0.0400390625
298 0.0712890625
299 0.1328125
300 0.0830078125
301 -0.01171875
302 0.0361328125
303 0.0888671875
304 0.037109375
305 -0.09375
306 0.021484375
307 0.0849609375
308 0.0439453125
309 -0.09375
310 -0.052734375
311 0.0126953125
312 -0.01953125
313 -0.134765625
314 -0.048828125
315 0.017578125
316 -0.0166015625
317 -0.12890625
318 -0.0439453125
319 0.01953125
320 -0.0146484375
321 -0.1533203125
322 -0.029296875
323 0.0458984375
324 0.0146484375
325 -0.0390625
326 0.0693359375
327 0.130859375
328 0.08203125
329 -0.0107421875
330 0.0361328125
331 0.0888671875
332 0.0380859375
333 -0.0927734375
334 0.0224609375
335 0.0859375
336 0.0458984375
337 -0.0927734375
338 -0.052734375
339 0.0126953125
340 -0.0185546875
341 -0.1318359375
342 -0.0478515625
343 0.017578125
344 -0.0146484375
345 -0.126953125
346 -0.04296875
347 0.021484375
348 -0.013671875
349 -0.1552734375
350 -0.0283203125
351 0.04296875
352 0.0146484375
353 -0.0400390625
354 0.0712890625
355 0.130859375
356 0.08203125
357 -0.0126953125
358 0.0390625
359 0.0869140625
360 0.037109375
361 -0.09375
362 0.01953125
363 0.0849609375
364 0.0439453125
365 -0.0947265625
366 -0.056640625
367 0.009765625
368 -0.01953125
369 -0.134765625
370 -0.048828125
371 0.017578125
372 -0.015625
373 -0.126953125
374 -0.04296875
375 0.0185546875
376 -0.013671875
377 -0.15234375
378 -0.025390625
379 0.0458984375
380 0.0166015625
381 -0.0390625
382 0.0732421875
383 0.1337890625
384 0.08203125
385 -0.009765625
386 0.0361328125
387 0.0888671875
388 0.0361328125
389 -0.091796875
390 0.0224609375
391 0.0869140625
392 0.044921875
393 -0.0927734375
394 -0.052734375
395 0.0146484375
396 -0.01953125
397 -0.1337890625
398 -0.0458984375
399 0.01953125
400 -0.0146484375
401 -0.12890625
402 -0.041015625
403 0.0244140625
404 -0.013671875
405 -0.154296875
406 -0.0263671875
407 0.046875
408 0.015625
409 -0.041015625
410 0.0703125
411 0.1337890625
412 0.0810546875
413 -0.0126953125
414 0.0361328125
415 0.0908203125
416 0.037109375
417 -0.095703125
418 0.0205078125
419 0.0859375
420 0.0419921875
421 -0.095703125
422 -0.0546875
423 0.013671875
424 -0.01953125
425 -0.13671875
426 -0.046875
427 0.021484375
428 -0.0146484375
429 -0.1318359375
430 -0.041015625
431 0.025390625
432 -0.0146484375
433 -0.15625
434 -0.02734375
435 0.0498046875
436 0.013671875
437 -0.0419921875
438 0.0712890625
439 0.138671875
440 0.0810546875
441 -0.013671875
442 0.0380859375
443 0.091796875
444 0.0361328125
445 -0.0966796875
446 0.0224609375
447 0.0859375
448 0.044921875
449 -0.095703125
450 -0.052734375
451 0.013671875
452 -0.01953125
453 -0.1357421875
454 -0.046875
455 0.021484375
456 -0.015625
457 -0.1318359375
458 -0.04296875
459 0.025390625
460 -0.013671875
461 -0.1591796875
462 -0.0283203125
463 0.0478515625
464 0.0126953125
465 -0.0439453125
466 0.0712890625
467 0.134765625
468 0.0810546875
469 -0.013671875
470 0.0380859375
471 0.0908203125
472 0.0380859375
473 -0.0966796875
474 0.021484375
475 0.0869140625
476 0.0439453125
477 -0.0947265625
478 -0.0537109375
479 0.013671875
480 -0.0205078125
481 -0.1328125
482 -0.048828125
483 0.01953125
484 -0.0146484375
485 -0.126953125
486 -0.041015625
487 0.0224609375
488 -0.01171875
489 -0.1513671875
490 -0.0244140625
491 0.0478515625
492 0.0166015625
493 -0.0380859375
494 0.0732421875
495 0.1337890625
496 0.08203125
497 -0.0107421875
498 0.0400390625
499 0.087890625
500 0.0380859375
501 -0.0908203125
502 0.025390625
503 0.0888671875
504 0.044921875
505 -0.0908203125
506 -0.0517578125
507 0.015625
508 -0.0185546875
509 -0.1318359375
510 -0.0458984375
511 0.0205078125
512 -0.015625
513 -0.12890625
514 -0.041015625
515 0.0234375
516 -0.01171875
517 -0.154296875
518 -0.0244140625
519 0.046875
520 0.0166015625
521 -0.0400390625
522 0.0732421875
523 0.1357421875
524 0.0830078125
525 -0.009765625
526 0.0380859375
527 0.091796875
528 0.0380859375
529 -0.0908203125
530 0.0234375
531 0.08984375
532 0.0439453125
533 -0.091796875
534 -0.0517578125
535 0.0166015625
536 -0.0185546875
537 -0.1357421875
538 -0.0458984375
539 0.0224609375
540 -0.0146484375
541 -0.1279296875
542 -0.0390625
543 0.0224609375
544 -0.013671875
545 -0.1552734375
546 -0.0244140625
547 0.0498046875
548 0.0146484375
549 -0.0380859375
550 0.0712890625
551 0.1357421875
552 0.0810546875
553 -0.01171875
554 0.0380859375
555 0.09375
556 0.037109375
557 -0.091796875
558 0.0234375
559 0.0859375
560 0.044921875
561 -0.0947265625
562 -0.0517578125
563 0.013671875
564 -0.0185546875
565 -0.1337890625
566 -0.0458984375
567 0.0224609375
568 -0.013671875
569 -0.1279296875
570 -0.0419921875
571 0.0234375
572 -0.0126953125
573 -0.1572265625
574 -0.02734375
575 0.0498046875
576 0.015625
577 -0.0419921875
578 0.0712890625
579 0.13671875
580 0.0830078125
581 -0.01171875
582 0.0400390625
583 0.0927734375
584 0.037109375
585 -0.095703125
586 0.0234375
587 0.0908203125
588 0.0439453125
589 -0.0947265625
590 -0.0498046875
591 0.0166015625
592 -0.0185546875
593 -0.134765625
594 -0.046875
595 0.0234375
596 -0.0146484375
597 -0.1279296875
598 -0.0400390625
599 0.0263671875
600 -0.013671875
601 -0.154296875
602 -0.0244140625
603 0.052734375
604 0.0166015625
605 -0.0400390625
606 0.0732421875
607 0.134765625
608 0.0830078125
609 -0.0126953125
610 0.0390625
611 0.0927734375
612 0.0380859375
613 -0.091796875
614 0.0234375
615 0.08984375
616 0.0458984375
617 -0.0927734375
618 -0.0517578125
619 0.017578125
620 -0.0185546875
621 -0.1337890625
622 -0.044921875
623 0.0244140625
624 -0.0146484375
625 -0.1298828125
626 -0.0390625
627 0.025390625
628 -0.0126953125
629 -0.15625
630 -0.0244140625
631 0.0498046875
632 0.0166015625
633 -0.0419921875
634 0.072265625
635 0.1376953125
636 0.0810546875
637 -0.01171875
638 0.0390625
639 0.09375
640 0.037109375
641 -0.09375
642 0.0234375
643 0.08984375
644 0.044921875
645 -0.09375
646 -0.0537109375
647 0.015625
648 -0.0185546875
649 -0.134765625
650 -0.046875
651 0.021484375
652 -0.0146484375
653 -0.1298828125
654 -0.041015625
655 0.0234375
656 -0.0107421875
657 -0.15625
658 -0.0263671875
659 0.048828125
660 0.0146484375
661 -0.041015625
662 0.0712890625
663 0.13671875
664 0.083984375
665 -0.0126953125
666 0.0390625
667 0.0927734375
668 0.037109375
669 -0.091796875
670 0.0234375
671 0.0869140625
672 0.044921875
673 -0.0947265625
674 -0.052734375
675 0.0126953125
676 -0.0185546875
677 -0.130859375
678 -0.046875
679 0.017578125
680 -0.01171875
681 -0.126953125
682 -0.041015625
683 0.01953125
684 -0.01171875
685 -0.1533203125
686 -0.0263671875
687 0.04296875
688 0.0166015625
689 -0.0361328125
690 0.0712890625
691 0.1298828125
692 0.083984375
693 -0.0078125
694 0.0361328125
695 0.087890625
696 0.0390625
697 -0.091796875
698 0.021484375
699 0.0830078125
700 0.044921875
701 -0.09375
702 -0.0537109375
703 0.0078125
704 -0.0166015625
705 -0.1298828125
706 -0.0478515625
707 0.017578125
708 -0.0146484375
709 -0.125
710 -0.0400390625
711 0.0224609375
712 -0.0107421875
713 -0.1494140625
714 -0.0263671875
715 0.046875
716 0.017578125
717 -0.0361328125
718 0.0712890625
719 0.130859375
720 0.0849609375
721 -0.0068359375
722 0.0390625
723 0.0869140625
724 0.0400390625
725 -0.087890625
726 0.0244140625
727 0.0849609375
728 0.0478515625
729 -0.08984375
730 -0.0498046875
731 0.0126953125
732 -0.015625
733 -0.12890625
734 -0.0458984375
735 0.01953125
736 -0.013671875
737 -0.123046875
738 -0.0419921875
739 0.0224609375
740 -0.0126953125
741 -0.1533203125
742 -0.025390625
743 0.0458984375
744 0.0166015625
745 -0.0380859375
746 0.072265625
747 0.134765625
748 0.083984375
749 -0.0107421875
750 0.0380859375
751 0.0908203125
752 0.0380859375
753 -0.0927734375
754 0.021484375
755 0.0869140625
756 0.0439453125
757 -0.0908203125
758 -0.0517578125
759 0.013671875
760 -0.017578125
761 -0.12890625
762 -0.046875
763 0.017578125
764 -0.01171875
765 -0.126953125
766 -0.041015625
767 0.021484375
768 -0.0107421875
769 -0.1533203125
770 -0.025390625
771 0.046875
772 0.0166015625
773 -0.0380859375
774 0.072265625
775 0.1337890625
776 0.083984375
777 -0.0078125
778 0.0380859375
779 0.08984375
780 0.0400390625
781 -0.08984375
782 0.0224609375
783 0.0869140625
784 0.0458984375
785 -0.0908203125
786 -0.0517578125
787 0.013671875
788 -0.0166015625
789 -0.130859375
790 -0.044921875
791 0.01953125
792 -0.0126953125
793 -0.126953125
794 -0.0400390625
795 0.0205078125
796 -0.0107421875
797 -0.1552734375
798 -0.029296875
799 0.044921875
800 0.013671875
801 -0.0400390625
802 0.0712890625
803 0.1337890625
804 0.0830078125
805 -0.0107421875
806 0.0390625
807 0.0908203125
808 0.0390625
809 -0.091796875
810 0.0224609375
811 0.0869140625
812 0.044921875
813 -0.09375
814 -0.0517578125
815 0.013671875
816 -0.017578125
817 -0.1318359375
818 -0.044921875
819 0.01953125
820 -0.0146484375
821 -0.1259765625
822 -0.0419921875
823 0.025390625
824 -0.0126953125
825 -0.15234375
826 -0.0244140625
827 0.0498046875
828 0.015625
829 -0.0390625
830 0.072265625
831 0.13671875
832 0.083984375
833 -0.0107421875
834 0.0390625
835 0.091796875
836 0.0390625
837 -0.0927734375
838 0.025390625
839 0.0888671875
840 0.046875
841 -0.091796875
842 -0.05078125
843 0.015625
844 -0.017578125
845 -0.1337890625
846 -0.048828125
847 0.0205078125
848 -0.015625
849 -0.12890625
850 -0.0419921875
851 0.0234375
852 -0.013671875
853 -0.1552734375
854 -0.025390625
855 0.0478515625
856 0.0146484375
857 -0.0419921875
858 0.072265625
859 0.134765625
860 0.0830078125
861 -0.0107421875
862 0.0400390625
863 0.0908203125
864 0.0380859375
865 -0.09375
866 0.0224609375
867 0.0869140625
868 0.044921875
869 -0.0927734375
870 -0.05078125
871 0.0146484375
872 -0.01953125
873 -0.1328125
874 -0.046875
875 0.0234375
876 -0.0146484375
877 -0.1279296875
878 -0.041015625
879 0.0244140625
880 -0.01171875
881 -0.1533203125
882 -0.0244140625
883 0.048828125
884 0.0166015625
885 -0.0390625
886 0.072265625
887 0.1337890625
888 0.083984375
889 -0.009765625
890 0.037109375
891 0.08984375
892 0.0390625
893 -0.0927734375
894 0.021484375
895 0.083984375
896 0.0458984375
897 -0.091796875
898 -0.052734375
899 0.0126953125
900 -0.0185546875
901 -0.1318359375
902 -0.046875
903 0.0185546875
904 -0.013671875
905 -0.1279296875
906 -0.041015625
907 0.0224609375
908 -0.01171875
909 -0.1552734375
910 -0.025390625
911 0.0458984375
912 0.015625
913 -0.0390625
914 0.0712890625
915 0.1337890625
916 0.08203125
917 -0.0087890625
918 0.0380859375
919 0.0908203125
920 0.0390625
921 -0.09375
922 0.0224609375
923 0.0869140625
924 0.0439453125
925 -0.095703125
926 -0.0537109375
927 0.0126953125
928 -0.0185546875
929 -0.134765625
930 -0.044921875
931 0.0205078125
932 -0.0126953125
933 -0.1279296875
934 -0.0400390625
935 0.0244140625
936 -0.0126953125
937 -0.15234375
938 -0.0263671875
939 0.0478515625
940 0.015625
941 -0.0390625
942 0.0703125
943 0.1337890625
944 0.08203125
945 -0.009765625
946 0.0390625
947 0.08984375
948 0.0390625
949 -0.0908203125
950 0.0244140625
951 0.087890625
952 0.046875
953 -0.0927734375
954 -0.052734375
955 0.0146484375
956 -0.0166015625
957 -0.1318359375
958 -0.044921875
959 0.021484375
960 -0.013671875
961 -0.1259765625
962 -0.041015625
963 0.0244140625
964 -0.0126953125
965 -0.1533203125
966 -0.02734375
967 0.0478515625
968 0.015625
969 -0.041015625
970 0.072265625
971 0.13671875
972 0.0830078125
973 -0.0107421875
974 0.0400390625
975 0.0947265625
976 0.0380859375
977 -0.0966796875
978 0.0263671875
979 0.091796875
980 0.044921875
981 -0.095703125
982 -0.052734375
983 0.0185546875
984 -0.0205078125
985 -0.1357421875
986 -0.0458984375
987 0.0244140625
988 -0.015625
989 -0.1298828125
990 -0.0400390625
991 0.0263671875
992 -0.0126953125
993 -0.158203125
994 -0.025390625
995 0.0498046875
996 0.0146484375
997 -0.0419921875
998 0.07421875
999 0.1357421875
1000 0.08203125
1001 -0.01171875
1002 0.041015625
1003 0.0927734375
1004 0.0380859375
1005 -0.0927734375
1006 0.0244140625
1007 0.091796875
1008 0.044921875
1009 -0.0947265625
1010 -0.0517578125
1011 0.0166015625
1012 -0.01953125
1013 -0.134765625
1014 -0.0458984375
1015 0.0224609375
1016 -0.013671875
1017 -0.130859375
1018 -0.0419921875
1019 0.025390625
1020 -0.013671875
1021 -0.158203125
1022 -0.0263671875
1023 0.048828125
1024 0.0146484375
1025 -0.0419921875
1026 0.0732421875
1027 0.13671875
1028 0.0830078125
1029 -0.01171875
1030 0.0390625
1031 0.09375
1032 0.037109375
1033 -0.095703125
1034 0.0224609375
1035 0.0908203125
1036 0.044921875
1037 -0.09765625
1038 -0.0556640625
1039 0.013671875
1040 -0.021484375
1041 -0.1376953125
1042 -0.0478515625
1043 0.021484375
1044 -0.0146484375
1045 -0.1298828125
1046 -0.041015625
1047 0.025390625
1048 -0.01171875
1049 -0.1552734375
1050 -0.0244140625
1051 0.0517578125
1052 0.0146484375
1053 -0.0380859375
1054 0.0732421875
1055 0.13671875
1056 0.083984375
1057 -0.0087890625
1058 0.0390625
1059 0.0908203125
1060 0.0390625
1061 -0.0908203125
1062 0.0234375
1063 0.0888671875
1064 0.046875
1065 -0.0947265625
1066 -0.0517578125
1067 0.0166015625
1068 -0.0185546875
1069 -0.1337890625
1070 -0.0458984375
1071 0.0244140625
1072 -0.01171875
1073 -0.1298828125
1074 -0.0400390625
1075 0.025390625
1076 -0.0126953125
1077 -0.1552734375
1078 -0.025390625
1079 0.05078125
1080 0.015625
1081 -0.0419921875
1082 0.07421875
1083 0.1376953125
1084 0.0830078125
1085 -0.013671875
1086 0.0390625
1087 0.0927734375
1088 0.037109375
1089 -0.09765625
1090 0.0234375
1091 0.08984375
1092 0.044921875
1093 -0.09765625
1094 -0.0517578125
1095 0.0166015625
1096 -0.0205078125
1097 -0.1337890625
1098 -0.046875
1099 0.0234375
1100 -0.015625
1101 -0.12890625
1102 -0.041015625
1103 0.025390625
1104 -0.013671875
1105 -0.154296875
1106 -0.025390625
1107 0.0498046875
1108 0.017578125
1109 -0.041015625
1110 0.072265625
1111 0.1357421875
1112 0.0849609375
1113 -0.0126953125
1114 0.0400390625
1115 0.09375
1116 0.0380859375
1117 -0.0927734375
1118 0.0244140625
1119 0.0888671875
1120 0.046875
1121 -0.0947265625
1122 -0.0546875
1123 0.013671875
1124 -0.0205078125
1125 -0.1337890625
1126 -0.046875
1127 0.0234375
1128 -0.013671875
1129 -0.12890625
1130 -0.0419921875
1131 0.0234375
1132 -0.0126953125
1133 -0.1591796875
1134 -0.0283203125
1135 0.046875
1136 0.0146484375
1137 -0.0419921875
1138 0.072265625
1139 0.13671875
1140 0.0830078125
1141 -0.0107421875
1142 0.0390625
1143 0.0927734375
1144 0.0380859375
1145 -0.0966796875
1146 0.021484375
1147 0.0888671875
1148 0.04296875
1149 -0.0966796875
1150 -0.052734375
1151 0.017578125
1152 -0.0205078125
1153 -0.134765625
1154 -0.0458984375
1155 0.025390625
1156 -0.015625
1157 -0.130859375
1158 -0.0390625
1159 0.029296875
1160 -0.0126953125
1161 -0.1552734375
1162 -0.0244140625
1163 0.052734375
1164 0.0166015625
1165 -0.041015625
1166 0.0732421875
1167 0.138671875
1168 0.0830078125
1169 -0.009765625
1170 0.0400390625
1171 0.0966796875
1172 0.0400390625
1173 -0.09375
1174 0.0244140625
1175 0.09375
1176 0.044921875
1177 -0.0927734375
1178 -0.05078125
1179 0.0185546875
1180 -0.017578125
1181 -0.134765625
1182 -0.0458984375
1183 0.0224609375
1184 -0.013671875
1185 -0.12890625
1186 -0.0390625
1187 0.025390625
1188 -0.0126953125
1189 -0.1552734375
1190 -0.0263671875
1191 0.048828125
1192 0.015625
1193 -0.0419921875
1194 0.0732421875
1195 0.1396484375
1196 0.0830078125
1197 -0.0107421875
1198 0.0400390625
1199 0.095703125
1200 0.0380859375
1201 -0.0947265625
1202 0.0234375
1203 0.0908203125
1204 0.0458984375
1205 -0.09375
1206 -0.05078125
1207 0.0166015625
1208 -0.017578125
1209 -0.1337890625
1210 -0.0458984375
1211 0.0234375
1212 -0.0126953125
1213 -0.126953125
1214 -0.041015625
1215 0.0263671875
1216 -0.0107421875
1217 -0.1533203125
1218 -0.0263671875
1219 0.0478515625
1220 0.0166015625
1221 -0.0390625
1222 0.0732421875
1223 0.13671875
1224 0.083984375
1225 -0.0107421875
1226 0.0390625
1227 0.0927734375
1228 0.0400390625
1229 -0.09375
1230 0.0224609375
1231 0.08984375
1232 0.0458984375
1233 -0.0947265625
1234 -0.0517578125
1235 0.0166015625
1236 -0.0185546875
1237 -0.1318359375
1238 -0.0458984375
1239 0.0224609375
1240 -0.0126953125
1241 -0.1279296875
1242 -0.041015625
1243 0.025390625
1244 -0.01171875
1245 -0.1552734375
1246 -0.0283203125
1247 0.0478515625
1248 0.0166015625
1249 -0.0390625
1250 0.072265625
1251 0.134765625
1252 0.083984375
1253 -0.009765625
1254 0.0380859375
1255 0.0908203125
1256 0.041015625
1257 -0.0927734375
1258 0.021484375
1259 0.0869140625
1260 0.0439453125
1261 -0.0927734375
1262 -0.0537109375
1263 0.013671875
1264 -0.0185546875
1265 -0.1318359375
1266 -0.046875
1267 0.01953125
1268 -0.013671875
1269 -0.1279296875
1270 -0.0419921875
1271 0.0234375
1272 -0.009765625
1273 -0.1533203125
1274 -0.0244140625
1275 0.0478515625
1276 0.017578125
1277 -0.0400390625
1278 0.0732421875
1279 0.1357421875
1280 0.0830078125
1281 -0.009765625
1282 0.0380859375
1283 0.0927734375
1284 0.0380859375
1285 -0.091796875
1286 0.0234375
1287 0.08984375
1288 0.046875
1289 -0.091796875
1290 -0.052734375
1291 0.0146484375
1292 -0.017578125
1293 -0.1318359375
1294 -0.0458984375
1295 0.021484375
1296 -0.0126953125
1297 -0.126953125
1298 -0.0400390625
1299 0.0224609375
1300 -0.0107421875
1301 -0.1533203125
1302 -0.0263671875
1303 0.0478515625
1304 0.017578125
1305 -0.0380859375
1306 0.072265625
1307 0.13671875
1308 0.0830078125
1309 -0.0087890625
1310 0.0390625
1311 0.0927734375
1312 0.0390625
1313 -0.0927734375
1314 0.0224609375
1315 0.0869140625
1316 0.046875
1317 -0.09375
1318 -0.0537109375
1319 0.0126953125
1320 -0.017578125
1321 -0.1328125
1322 -0.0458984375
1323 0.0224609375
1324 -0.0126953125
1325 -0.1298828125
1326 -0.0419921875
1327 0.0224609375
1328 -0.01171875
1329 -0.1552734375
1330 -0.0283203125
1331 0.0478515625
1332 0.0146484375
1333 -0.0380859375
1334 0.0732421875
1335 0.134765625
1336 0.083984375
1337 -0.0107421875
1338 0.0380859375
1339 0.0908203125
1340 0.0380859375
1341 -0.0927734375
1342 0.0234375
1343 0.0869140625
1344 0.0458984375
1345 -0.0947265625
1346 -0.0537109375
1347 0.0146484375
1348 -0.0185546875
1349 -0.1328125
1350 -0.0458984375
1351 0.0224609375
1352 -0.0126953125
1353 -0.126953125
1354 -0.041015625
1355 0.0244140625
1356 -0.0126953125
1357 -0.1552734375
1358 -0.0263671875
1359 0.048828125
1360 0.015625
1361 -0.0400390625
1362 0.072265625
1363 0.1357421875
1364 0.0830078125
1365 -0.0107421875
1366 0.0390625
1367 0.091796875
1368 0.0390625
1369 -0.095703125
1370 0.0224609375
1371 0.0888671875
1372 0.0439453125
1373 -0.0947265625
1374 -0.0546875
1375 0.0126953125
1376 -0.0185546875
1377 -0.1328125
1378 -0.0458984375
1379 0.021484375
1380 -0.015625
1381 -0.126953125
1382 -0.0400390625
1383 0.0244140625
1384 -0.0107421875
1385 -0.15234375
1386 -0.0234375
1387 0.0498046875
1388 0.017578125
1389 -0.037109375
1390 0.0751953125
1391 0.13671875
1392 0.0859375
1393 -0.0087890625
1394 0.0400390625
1395 0.0927734375
1396 0.0390625
1397 -0.0908203125
1398 0.0244140625
1399 0.08984375
1400 0.046875
1401 -0.0908203125
1402 -0.05078125
1403 0.017578125
1404 -0.017578125
1405 -0.1328125
1406 -0.044921875
1407 0.0234375
1408 -0.0126953125
1409 -0.126953125
1410 -0.0400390625
1411 0.0263671875
1412 -0.0107421875
1413 -0.1533203125
1414 -0.0244140625
1415 0.0498046875
1416 0.017578125
1417 -0.0390625
1418 0.0712890625
1419 0.1357421875
1420 0.083984375
1421 -0.0107421875
1422 0.037109375
1423 0.0908203125
1424 0.0390625
1425 -0.0927734375
1426 0.0234375
1427 0.0888671875
1428 0.046875
1429 -0.09375
1430 -0.0517578125
1431 0.0146484375
1432 -0.0166015625
1433 -0.1328125
1434 -0.044921875
1435 0.0234375
1436 -0.0107421875
1437 -0.125
1438 -0.037109375
1439 0.0283203125
1440 -0.01171875
1441 -0.126953125
1442 -0.0048828125
1443 0.068359375
1444 0.0302734375
1445 -0.0791015625
1446 -0.029296875
1447 0.0361328125
1448 -0.0048828125
1449 -0.12109375
1450 -0.0390625
1451 0.02734375
1452 -0.0078125
1453 -0.1298828125
1454 -0.0458984375
1455 0.021484375
1456 -0.01171875
1457 -0.181640625
1458 -0.0830078125
1459 -0.013671875
1460 -0.0400390625
1461 -0.197265625
1462 -0.060546875
1463 0.0244140625
1464 -0.0029296875
1465 -0.076171875
1466 0.0419921875
1467 0.1123046875
1468 0.064453125
1469 0.0048828125
1470 0.109375
1471 0.16796875
1472 0.1103515625
1473 0.015625
1474 0.0595703125
1475 0.111328125
1476 0.0546875
1477 -0.052734375
1478 0.05859375
1479 0.1171875
1480 0.0712890625
1481 -0.0048828125
1482 0.0966796875
1483 0.1513671875
1484 0.099609375
1485 -0.0185546875
1486 0.0224609375
1487 0.0732421875
1488 0.029296875
1489 -0.07421875
1490 0.03515625
1491 0.09765625
1492 0.0576171875
1493 -0.0078125
1494 0.0927734375
1495 0.146484375
1496 0.0947265625
1497 -0.0146484375
1498 0.0244140625
1499 0.0751953125
1500 0.02734375
1501 -0.0791015625
1502 -0.005859375
1503 0.048828125
1504 0.013671875
1505 -0.08203125
1506 0.029296875
1507 0.08984375
1508 0.048828125
1509 -0.0615234375
1510 0.04296875
1511 0.1025390625
1512 0.0595703125
1513 -0.041015625
1514 0.060546875
1515 0.119140625
1516 0.0712890625
1517 0.001953125
1518 0.1005859375
1519 0.1513671875
1520 0.0966796875
1521 0.0107421875
1522 0.048828125
1523 0.09765625
1524 0.0458984375
1525 -0.0439453125
1526 0.056640625
1527 0.11328125
1528 0.068359375
1529 -0.0419921875
1530 0.056640625
1531 0.11328125
1532 0.06640625
1533 -0.09375
1534 -0.05859375
1535 0.0009765625
1536 -0.0302734375
1537 -0.1943359375
1538 -0.1103515625
1539 -0.0361328125
1540 -0.0556640625
1541 -0.1611328125
1542 -0.0361328125
1543 0.0322265625
1544 0.00390625
1545 -0.05078125
1546 0.0576171875
1547 0.1171875
1548 0.0693359375
1549 0.005859375
1550 0.1064453125
1551 0.1591796875
1552 0.1025390625
1553 -0.015625
1554 0.021484375
1555 0.0693359375
1556 0.0224609375
1557 -0.10546875
1558 -0.0263671875
1559 0.029296875
1560 -0.0107421875
1561 -0.1923828125
1562 -0.126953125
1563 -0.05078125
1564 -0.0673828125
1565 -0.171875
1566 -0.0791015625
1567 -0.013671875
1568 -0.0419921875
1569 -0.2080078125
1570 -0.12890625
1571 -0.052734375
1572 -0.0693359375
1573 -0.1875
1574 -0.0537109375
1575 0.0185546875
1576 -0.0068359375
1577 -0.10546875
1578 -0.0556640625
1579 0.0107421875
1580 -0.0234375
1581 -0.1357421875
1582 -0.0478515625
1583 0.0166015625
1584 -0.0205078125
1585 -0.1298828125
1586 -0.0458984375
1587 0.0185546875
1588 -0.015625
1589 -0.10546875
1590 0.01171875
1591 0.0791015625
1592 0.0380859375
1593 -0.015625
1594 0.091796875
1595 0.150390625
1596 0.095703125
1597 -0.0166015625
1598 0.0849609375
1599 0.1416015625
1600 0.0859375
1601 -0.0185546875
1602 0.083984375
1603 0.140625
1604 0.0849609375
1605 0.01171875
1606 0.1123046875
1607 0.1640625
1608 0.1044921875
1609 0.0146484375
1610 0.0556640625
1611 0.107421875
1612 0.0498046875
1613 -0.046875
1614 0.0595703125
1615 0.119140625
1616 0.06640625
1617 -0.0458984375
1618 0.05859375
1619 0.1181640625
1620 0.0654296875
1621 -0.0966796875
1622 -0.0576171875
1623 0.0048828125
1624 -0.03125
1625 -0.1982421875
1626 -0.1103515625
1627 -0.0322265625
1628 -0.0576171875
1629 -0.166015625
1630 -0.03515625
1631 0.0380859375
1632 0.0029296875
1633 -0.072265625
1634 0.0439453125
1635 0.1083984375
1636 0.0576171875
1637 -0.0048828125
1638 0.1005859375
1639 0.1572265625
1640 0.09765625
1641 -0.021484375
1642 0.0205078125
1643 0.072265625
1644 0.01953125
1645 -0.1103515625
1646 -0.0283203125
1647 0.0302734375
1648 -0.0146484375
1649 -0.1953125
1650 -0.126953125
1651 -0.046875
1652 -0.0693359375
1653 -0.173828125
1654 -0.078125
1655 -0.0107421875
1656 -0.04296875
1657 -0.208984375
1658 -0.1298828125
1659 -0.05078125
1660 -0.0693359375
1661 -0.1923828125
1662 -0.0576171875
1663 0.0185546875
1664 -0.0078125
1665 -0.1083984375
1666 -0.0576171875
1667 0.009765625
1668 -0.025390625
1669 -0.138671875
1670 -0.0478515625
1671 0.0185546875
1672 -0.0205078125
1673 -0.1337890625
1674 -0.0458984375
1675 0.0244140625
1676 -0.017578125
1677 -0.111328125
1678 0.0107421875
1679 0.0830078125
1680 0.037109375
1681 -0.015625
1682 0.0966796875
1683 0.1591796875
1684 0.0966796875
1685 0.0380859375
1686 0.142578125
1687 0.201171875
1688 0.1298828125
1689 0.0634765625
1690 0.1650390625
1691 0.21875
1692 0.1435546875
1693 0.03515625
1694 0.1318359375
1695 0.1865234375
1696 0.115234375
1697 0.0068359375
1698 0.10546875
1699 0.1630859375
1700 0.09765625
1701 0.0146484375
1702 0.1181640625
1703 0.173828125
1704 0.103515625
1705 0.0107421875
1706 0.0576171875
1707 0.1103515625
1708 0.04296875
1709 -0.0517578125
1710 0.05859375
1711 0.1220703125
1712 0.0615234375
1713 0.0029296875
1714 0.1083984375
1715 0.169921875
1716 0.09765625
1717 0.033203125
1718 0.1357421875
1719 0.1962890625
1720 0.1181640625
1721 0.0068359375
1722 0.107421875
1723 0.1650390625
1724 0.091796875
1725 -0.068359375
1726 -0.03125
1727 0.02734375
1728 -0.021484375
1729 -0.189453125
1730 -0.103515625
1731 -0.029296875
1732 -0.0625
1733 -0.1787109375
1734 -0.0439453125
1735 0.0302734375
1736 -0.0107421875
1737 -0.0771484375
1738 0.0390625
1739 0.107421875
1740 0.0458984375
1741 -0.021484375
1742 0.0859375
1743 0.146484375
1744 0.080078125
1745 -0.041015625
1746 0.0009765625
1747 0.0576171875
1748 0.0
1749 -0.1337890625
1750 -0.0458984375
1751 0.015625
1752 -0.0322265625
1753 -0.216796875
1754 -0.1455078125
1755 -0.0615234375
1756 -0.087890625
1757 -0.1953125
1758 -0.095703125
1759 -0.0244140625
1760 -0.0615234375
1761 -0.2275390625
1762 -0.1474609375
1763 -0.0625
1764 -0.087890625
1765 -0.2099609375
1766 -0.0732421875
1767 0.0087890625
1768 -0.0244140625
1769 -0.1240234375
1770 -0.0703125
1771 -0.001953125
1772 -0.0400390625
1773 -0.1650390625
1774 -0.0703125
1775 -0.0029296875
1776 -0.0400390625
1777 -0.1669921875
1778 -0.076171875
1779 -0.0078125
1780 -0.0419921875
1781 -0.1435546875
1782 -0.0166015625
1783 0.0556640625
1784 0.013671875
1785 -0.037109375
1786 0.0751953125
1787 0.140625
1788 0.0791015625
1789 0.0185546875
1790 0.1201171875
1791 0.1806640625
1792 0.1103515625
1793 0.0439453125
1794 0.142578125
1795 0.1962890625
1796 0.1259765625
1797 0.0576171875
1798 0.1533203125
1799 0.2060546875
1800 0.1337890625
1801 0.064453125
1802 0.1591796875
1803 0.212890625
1804 0.13671875
1805 0.0224609375
1806 0.1171875
1807 0.1689453125
1808 0.0986328125
1809 -0.01171875
1810 0.0869140625
1811 0.1416015625
1812 0.0771484375
1813 -0.0029296875
1814 0.09765625
1815 0.150390625
1816 0.0849609375
1817 -0.0068359375
1818 0.0361328125
1819 0.0859375
1820 0.0263671875
1821 -0.0654296875
1822 0.0390625
1823 0.0966796875
1824 0.0439453125
1825 -0.0166015625
1826 0.0849609375
1827 0.140625
1828 0.078125
1829 0.0146484375
1830 0.11328125
1831 0.1669921875
1832 0.0966796875
1833 -0.0078125
1834 0.0869140625
1835 0.1416015625
1836 0.07421875
1837 -0.0859375
1838 -0.052734375
1839 0.0029296875
1840 -0.041015625
1841 -0.2080078125
1842 -0.1240234375
1843 -0.0517578125
1844 -0.0810546875
1845 -0.19140625
1846 -0.060546875
1847 0.01171875
1848 -0.0244140625
1849 -0.087890625
1850 0.0234375
1851 0.0888671875
1852 0.03515625
1853 -0.0302734375
1854 0.072265625
1855 0.1279296875
1856 0.06640625
1857 -0.0517578125
1858 -0.01171875
1859 0.0400390625
1860 -0.01171875
1861 -0.140625
1862 -0.05859375
1863 0.0
1864 -0.0419921875
1865 -0.2255859375
1866 -0.15625
1867 -0.078125
1868 -0.095703125
1869 -0.201171875
1870 -0.1044921875
1871 -0.0390625
1872 -0.068359375
1873 -0.234375
1874 -0.1572265625
1875 -0.0791015625
1876 -0.0966796875
1877 -0.21484375
1878 -0.083984375
1879 -0.0087890625
1880 -0.033203125
1881 -0.1318359375
1882 -0.08203125
1883 -0.017578125
1884 -0.048828125
1885 -0.201171875
1886 -0.109375
1887 -0.0439453125
1888 -0.064453125
1889 -0.2080078125
1890 -0.1181640625
1891 -0.046875
1892 -0.06640625
1893 -0.162109375
1894 -0.0380859375
1895 0.03125
1896 0.0009765625
1897 -0.0439453125
1898 0.060546875
1899 0.1201171875
1900 0.0693359375
1901 0.0087890625
1902 0.10546875
1903 0.16015625
1904 0.1005859375
1905 0.037109375
1906 0.12890625
1907 0.1796875
1908 0.115234375
1909 0.0478515625
1910 0.138671875
1911 0.185546875
1912 0.123046875
1913 0.05859375
1914 0.146484375
1915 0.1962890625
1916 0.1279296875
1917 0.0205078125
1918 0.111328125
1919 0.16015625
1920 0.095703125
1921 -0.013671875
1922 0.0791015625
1923 0.1328125
1924 0.072265625
1925 -0.001953125
1926 0.08984375
1927 0.140625
1928 0.08203125
1929 -0.009765625
1930 0.029296875
1931 0.0751953125
1932 0.0205078125
1933 -0.068359375
1934 0.0341796875
1935 0.091796875
1936 0.041015625
1937 -0.015625
1938 0.0810546875
1939 0.134765625
1940 0.0771484375
1941 0.0185546875
1942 0.1103515625
1943 0.1611328125
1944 0.0966796875
1945 -0.0048828125
1946 0.083984375
1947 0.1337890625
1948 0.0732421875
1949 -0.0830078125
1950 -0.0517578125
1951 0.0
1952 -0.041015625
1953 -0.2001953125
1954 -0.1201171875
1955 -0.0517578125
1956 -0.0791015625
1957 -0.1875
1958 -0.0625
1959 0.00390625
1960 -0.0263671875
1961 -0.0869140625
1962 0.0234375
1963 0.08203125
1964 0.0322265625
1965 -0.029296875
1966 0.0693359375
1967 0.123046875
1968 0.0634765625
1969 -0.052734375
1970 -0.015625
1971 0.0341796875
1972 -0.013671875
1973 -0.140625
1974 -0.0625
1975 -0.005859375
1976 -0.0439453125
1977 -0.228515625
1978 -0.16015625
1979 -0.0830078125
1980 -0.1015625
1981 -0.205078125
1982 -0.111328125
1983 -0.0439453125
1984 -0.072265625
1985 -0.23828125
1986 -0.162109375
1987 -0.08203125
1988 -0.099609375
1989 -0.2197265625
1990 -0.0869140625
1991 -0.0087890625
1992 -0.037109375
1993 -0.13671875
1994 -0.0869140625
1995 -0.0205078125
1996 -0.052734375
1997 -0.171875
1998 -0.0830078125
1999 -0.0205078125
2000 -0.0537109375
2001 -0.169921875
2002 -0.0869140625
2003 -0.0224609375
2004 -0.0517578125
2005 -0.142578125
2006 -0.0224609375
2007 0.044921875
2008 0.0087890625
2009 -0.041015625
2010 0.064453125
2011 0.125
2012 0.0712890625
2013 0.009765625
2014 0.107421875
2015 0.162109375
2016 0.099609375
2017 0.03125
2018 0.125
2019 0.177734375
2020 0.111328125
2021 0.037109375
2022 0.12890625
2023 0.1806640625
2024 0.11328125
2025 0.0478515625
2026 0.1396484375
2027 0.193359375
2028 0.12109375
2029 0.01171875
2030 0.1044921875
2031 0.1552734375
2032 0.0888671875
2033 -0.021484375
2034 0.076171875
2035 0.1298828125
2036 0.0673828125
2037 -0.013671875
2038 0.0859375
2039 0.1396484375
2040 0.0751953125
2041 -0.0322265625
2042 0.0068359375
2043 0.0595703125
2044 0.00390625
2045 -0.087890625
2046 0.0205078125
2047 0.0791015625
2048 0.02734375
2049 -0.03125
2050 0.0732421875
2051 0.12890625
2052 0.0673828125
2053 0.0068359375
2054 0.103515625
2055 0.158203125
2056 0.08984375
2057 -0.0185546875
2058 0.078125
2059 0.1318359375
2060 0.0654296875
2061 -0.09375
2062 -0.060546875
2063 -0.0009765625
2064 -0.046875
2065 -0.2138671875
2066 -0.1318359375
2067 -0.056640625
2068 -0.0888671875
2069 -0.1982421875
2070 -0.0693359375
2071 0.001953125
2072 -0.0322265625
2073 -0.1083984375
2074 0.0068359375
2075 0.0693359375
2076 0.021484375
2077 -0.0390625
2078 0.0615234375
2079 0.1171875
2080 0.05859375
2081 -0.0595703125
2082 -0.0224609375
2083 0.029296875
2084 -0.01953125
2085 -0.1494140625
2086 -0.0673828125
2087 -0.0078125
2088 -0.048828125
2089 -0.232421875
2090 -0.1640625
2091 -0.0849609375
2092 -0.10546875
2093 -0.208984375
2094 -0.1142578125
2095 -0.046875
2096 -0.0771484375
2097 -0.2431640625
2098 -0.1630859375
2099 -0.0849609375
2100 -0.1025390625
2101 -0.2236328125
2102 -0.08984375
2103 -0.013671875
2104 -0.0390625
2105 -0.140625
2106 -0.08984375
2107 -0.0205078125
2108 -0.0556640625
2109 -0.2197265625
2110 -0.1240234375
2111 -0.0498046875
2112 -0.0791015625
2113 -0.2314453125
2114 -0.1376953125
2115 -0.05859375
2116 -0.0830078125
2117 -0.1708984375
2118 -0.04296875
2119 0.0302734375
2120 -0.00390625
2121 -0.0556640625
2122 0.056640625
2123 0.12109375
2124 0.064453125
2125 0.0029296875
2126 0.103515625
2127 0.16015625
2128 0.095703125
2129 0.0224609375
2130 0.12109375
2131 0.17578125
2132 0.10546875
2133 0.0341796875
2134 0.130859375
2135 0.18359375
2136 0.1123046875
2137 0.046875
2138 0.1416015625
2139 0.1923828125
2140 0.12109375
2141 0.01171875
2142 0.103515625
2143 0.15234375
2144 0.0888671875
2145 -0.0244140625
2146 0.07421875
2147 0.1259765625
2148 0.0654296875
2149 -0.0126953125
2150 0.083984375
2151 0.1376953125
2152 0.0751953125
2153 -0.017578125
2154 0.0224609375
2155 0.0732421875
2156 0.0146484375
2157 -0.0732421875
2158 0.0302734375
2159 0.08984375
2160 0.0361328125
2161 -0.0302734375
2162 0.0732421875
2163 0.1279296875
2164 0.068359375
2165 0.0068359375
2166 0.1044921875
2167 0.158203125
2168 0.091796875
2169 -0.0146484375
2170 0.080078125
2171 0.1328125
2172 0.068359375
2173 -0.0908203125
2174 -0.0556640625
2175 0.0009765625
2176 -0.0439453125
2177 -0.205078125
2178 -0.123046875
2179 -0.0498046875
2180 -0.0810546875
2181 -0.19140625
2182 -0.064453125
2183 0.0068359375
2184 -0.0302734375
2185 -0.09375
2186 0.0205078125
2187 0.083984375
2188 0.0302734375
2189 -0.0361328125
2190 0.0673828125
2191 0.1220703125
2192 0.0625
2193 -0.0625
2194 -0.0224609375
2195 0.029296875
2196 -0.0205078125
2197 -0.1484375
2198 -0.06640625
2199 -0.0087890625
2200 -0.0498046875
2201 -0.2314453125
2202 -0.1650390625
2203 -0.0859375
2204 -0.10546875
2205 -0.208984375
2206 -0.11328125
2207 -0.046875
2208 -0.076171875
2209 -0.2421875
2210 -0.1630859375
2211 -0.0859375
2212 -0.1015625
2213 -0.22265625
2214 -0.087890625
2215 -0.01171875
2216 -0.0380859375
2217 -0.1396484375
2218 -0.087890625
2219 -0.0205078125
2220 -0.0546875
2221 -0.17578125
2222 -0.087890625
2223 -0.0224609375
2224 -0.056640625
2225 -0.177734375
2226 -0.0927734375
2227 -0.0224609375
2228 -0.0546875
2229 -0.1484375
2230 -0.025390625
2231 0.04296875
2232 0.00390625
2233 -0.0478515625
2234 0.0634765625
2235 0.125
2236 0.06640625
2237 0.0048828125
2238 0.1083984375
2239 0.1669921875
2240 0.0966796875
2241 0.0263671875
2242 0.1259765625
2243 0.1826171875
2244 0.109375
2245 0.0361328125
2246 0.1328125
2247 0.1875
2248 0.111328125
2249 0.046875
2250 0.142578125
2251 0.1953125
2252 0.1201171875
2253 0.0087890625
2254 0.103515625
2255 0.1552734375
2256 0.0859375
2257 -0.02734375
2258 0.07421875
2259 0.130859375
2260 0.064453125
2261 -0.01953125
2262 0.083984375
2263 0.138671875
2264 0.0712890625
2265 -0.03515625
2266 0.0048828125
2267 0.0595703125
2268 0.0009765625
2269 -0.087890625
2270 0.0185546875
2271 0.0810546875
2272 0.02734375
2273 -0.03125
2274 0.072265625
2275 0.12890625
2276 0.0654296875
2277 0.00390625
2278 0.103515625
2279 0.1591796875
2280 0.0888671875
2281 -0.0205078125
2282 0.0791015625
2283 0.130859375
2284 0.0654296875
2285 -0.0947265625
2286 -0.05859375
2287 -0.001953125
2288 -0.048828125
2289 -0.2158203125
2290 -0.1318359375
2291 -0.0576171875
2292 -0.087890625
2293 -0.1982421875
2294 -0.0703125
2295 0.00390625
2296 -0.0341796875
2297 -0.109375
2298 0.0048828125
2299 0.0703125
2300 0.01953125
2301 -0.044921875
2302 0.0634765625
2303 0.12109375
2304 0.0576171875
2305 -0.0615234375
2306 -0.0205078125
2307 0.0322265625
2308 -0.0185546875
2309 -0.150390625
2310 -0.06640625
2311 -0.0048828125
2312 -0.05078125
2313 -0.2314453125
2314 -0.1640625
2315 -0.0810546875
2316 -0.1064453125
2317 -0.2119140625
2318 -0.11328125
2319 -0.041015625
2320 -0.078125
2321 -0.24609375
2322 -0.1640625
2323 -0.0810546875
2324 -0.103515625
2325 -0.2275390625
2326 -0.087890625
2327 -0.0078125
2328 -0.0400390625
2329 -0.1435546875
2330 -0.0888671875
2331 -0.017578125
2332 -0.056640625
2333 -0.22265625
2334 -0.1259765625
2335 -0.0517578125
2336 -0.08203125
2337 -0.2333984375
2338 -0.138671875
2339 -0.0595703125
2340 -0.0830078125
2341 -0.1708984375
2342 -0.0439453125
2343 0.0302734375
2344 -0.005859375
2345 -0.0546875
2346 0.056640625
2347 0.1201171875
2348 0.0634765625
2349 0.0
2350 0.1025390625
2351 0.1611328125
2352 0.0947265625
2353 0.0205078125
2354 0.119140625
2355 0.173828125
2356 0.10546875
2357 0.033203125
2358 0.1298828125
2359 0.1826171875
2360 0.111328125
2361 0.044921875
2362 0.140625
2363 0.1923828125
2364 0.119140625
2365 0.009765625
2366 0.1044921875
2367 0.1533203125
2368 0.0888671875
2369 -0.0234375
2370 0.072265625
2371 0.1220703125
2372 0.064453125
2373 -0.0126953125
2374 0.083984375
2375 0.1337890625
2376 0.07421875
2377 -0.0185546875
2378 0.021484375
2379 0.068359375
2380 0.0146484375
2381 -0.076171875
2382 0.0283203125
2383 0.0849609375
2384 0.033203125
2385 -0.0283203125
2386 0.0703125
2387 0.125
2388 0.06640625
2389 0.0078125
2390 0.103515625
2391 0.1533203125
2392 0.08984375
2393 -0.013671875
2394 0.080078125
2395 0.12890625
2396 0.0673828125
2397 -0.0869140625
2398 -0.0537109375
2399 -0.001953125
2400 -0.0419921875
2401 -0.197265625
2402 -0.12109375
2403 -0.05078125
2404 -0.080078125
2405 -0.1865234375
2406 -0.064453125
2407 0.0048828125
2408 -0.02734375
2409 -0.0888671875
2410 0.0185546875
2411 0.080078125
2412 0.029296875
2413 -0.033203125
2414 0.0654296875
2415 0.1171875
2416 0.0615234375
2417 -0.0595703125
2418 -0.0224609375
2419 0.0244140625
2420 -0.01953125
2421 -0.1455078125
2422 -0.06640625
2423 -0.01171875
2424 -0.05078125
2425 -0.2314453125
2426 -0.1669921875
2427 -0.0888671875
2428 -0.1064453125
2429 -0.208984375
2430 -0.1171875
2431 -0.0478515625
2432 -0.078125
2433 -0.2412109375
2434 -0.1669921875
2435 -0.08984375
2436 -0.103515625
2437 -0.220703125
2438 -0.0888671875
2439 -0.013671875
2440 -0.0380859375
2441 -0.138671875
2442 -0.0869140625
2443 -0.0234375
2444 -0.0537109375
2445 -0.1748046875
2446 -0.087890625
2447 -0.0283203125
2448 -0.056640625
2449 -0.17578125
2450 -0.0927734375
2451 -0.029296875
2452 -0.056640625
2453 -0.14453125
2454 -0.02734375
2455 0.0380859375
2456 0.00390625
2457 -0.041015625
2458 0.0615234375
2459 0.1162109375
2460 0.0673828125
2461 0.0107421875
2462 0.10546875
2463 0.15625
2464 0.099609375
2465 0.0322265625
2466 0.1240234375
2467 0.1728515625
2468 0.1103515625
2469 0.041015625
2470 0.1328125
2471 0.1787109375
2472 0.115234375
2473 0.052734375
2474 0.1396484375
2475 0.1884765625
2476 0.1201171875
2477 0.0107421875
2478 0.1005859375
2479 0.1474609375
2480 0.087890625
2481 -0.025390625
2482 0.0693359375
2483 0.1220703125
2484 0.0625
2485 -0.013671875
2486 0.08203125
2487 0.1337890625
2488 0.072265625
2489 -0.03515625
2490 0.0048828125
2491 0.056640625
2492 0.001953125
2493 -0.0908203125
2494 0.017578125
2495 0.0830078125
2496 0.0244140625
2497 -0.0322265625
2498 0.0712890625
2499 0.12890625
2500 0.064453125
2501 0.00390625
2502 0.1025390625
2503 0.158203125
2504 0.0869140625
2505 -0.0205078125
2506 0.0771484375
2507 0.12890625
2508 0.064453125
2509 -0.0908203125
2510 -0.05859375
2511 -0.0048828125
2512 -0.0458984375
2513 -0.2080078125
2514 -0.1259765625
2515 -0.05859375
2516 -0.0849609375
2517 -0.193359375
2518 -0.0693359375
2519 0.0009765625
2520 -0.033203125
2521 -0.0908203125
2522 0.0185546875
2523 0.0791015625
2524 0.0283203125
2525 -0.0322265625
2526 0.06640625
2527 0.119140625
2528 0.0625
2529 -0.0625
2530 -0.0234375
2531 0.0263671875
2532 -0.0224609375
2533 -0.1630859375
2534 -0.0791015625
2535 -0.0205078125
2536 -0.0576171875
2537 -0.2412109375
2538 -0.1728515625
2539 -0.0908203125
2540 -0.1103515625
2541 -0.2177734375
2542 -0.1220703125
2543 -0.048828125
2544 -0.0810546875
2545 -0.2568359375
2546 -0.1767578125
2547 -0.0927734375
2548 -0.111328125
2549 -0.2607421875
2550 -0.1181640625
2551 -0.033203125
2552 -0.0556640625
2553 -0.1357421875
2554 -0.013671875
2555 0.0546875
2556 0.0126953125
2557 -0.123046875
2558 -0.080078125
2559 -0.015625
2560 -0.0478515625
2561 -0.1669921875
2562 -0.0849609375
2563 -0.01953125
2564 -0.0517578125
2565 -0.15625
2566 -0.0712890625
2567 -0.0068359375
2568 -0.0419921875
2569 -0.1591796875
2570 -0.0390625
2571 0.0302734375
2572 -0.0048828125
2573 -0.091796875
2574 0.01953125
2575 0.080078125
2576 0.03515625
2577 -0.025390625
2578 0.0771484375
2579 0.1318359375
2580 0.076171875
2581 -0.0185546875
2582 0.0302734375
2583 0.0771484375
2584 0.0205078125
2585 -0.1083984375
2586 0.0029296875
2587 0.0654296875
2588 0.0205078125
2589 -0.1171875
2590 -0.078125
2591 -0.013671875
2592 -0.0478515625
2593 -0.1611328125
2594 -0.0751953125
2595 -0.0078125
2596 -0.0458984375
2597 -0.16015625
2598 -0.0712890625
2599 -0.005859375
2600 -0.0439453125
2601 -0.1865234375
2602 -0.0546875
2603 0.017578125
2604 -0.0146484375
2605 -0.0703125
2606 0.0419921875
2607 0.1044921875
2608 0.0517578125
2609 -0.0400390625
2610 0.0087890625
2611 0.0634765625
2612 0.0068359375
2613 -0.1220703125
2614 -0.005859375
2615 0.0595703125
2616 0.015625
2617 -0.1240234375
2618 -0.0810546875
2619 -0.013671875
2620 -0.0478515625
2621 -0.1640625
2622 -0.0751953125
2623 -0.00390625
2624 -0.04296875
2625 -0.158203125
2626 -0.068359375
2627 -0.0009765625
2628 -0.0380859375
2629 -0.181640625
2630 -0.0517578125
2631 0.025390625
2632 -0.0107421875
2633 -0.06640625
2634 0.0458984375
2635 0.1123046875
2636 0.0556640625
2637 -0.037109375
2638 0.0146484375
2639 0.0703125
2640 0.0126953125
2641 -0.119140625
2642 0.0009765625
2643 0.0673828125
2644 0.0205078125
2645 -0.119140625
2646 -0.07421875
2647 -0.0078125
2648 -0.0419921875
2649 -0.1572265625
2650 -0.068359375
2651 0.0
2652 -0.037109375
2653 -0.1513671875
2654 -0.0634765625
2655 0.00390625
2656 -0.03515625
2657 -0.1767578125
2658 -0.0478515625
2659 0.0283203125
2660 -0.0078125
2661 -0.0634765625
2662 0.05078125
2663 0.1162109375
2664 0.060546875
2665 -0.033203125
2666 0.017578125
2667 0.072265625
2668 0.017578125
2669 -0.1181640625
2670 0.0029296875
2671 0.0693359375
2672 0.0244140625
2673 -0.1171875
2674 -0.0732421875
2675 -0.0048828125
2676 -0.0400390625
2677 -0.15625
2678 -0.06640625
2679 0.00390625
2680 -0.03515625
2681 -0.150390625
2682 -0.060546875
2683 0.0087890625
2684 -0.0322265625
2685 -0.17578125
2686 -0.0439453125
2687 0.03515625
2688 -0.0029296875
2689 -0.0615234375
2690 0.0546875
2691 0.12109375
2692 0.0654296875
2693 -0.03125
2694 0.0224609375
2695 0.0771484375
2696 0.01953125
2697 -0.111328125
2698 0.0087890625
2699 0.078125
2700 0.0263671875
2701 -0.111328125
2702 -0.0673828125
2703 0.0029296875
2704 -0.037109375
2705 -0.150390625
2706 -0.0634765625
2707 0.0107421875
2708 -0.0302734375
2709 -0.146484375
2710 -0.0556640625
2711 0.0126953125
2712 -0.029296875
2713 -0.17578125
2714 -0.041015625
2715 0.03515625
2716 0.0
2717 -0.0576171875
2718 0.056640625
2719 0.12109375
2720 0.068359375
2721 -0.0283203125
2722 0.0244140625
2723 0.0791015625
2724 0.0234375
2725 -0.109375
2726 0.0087890625
2727 0.0771484375
2728 0.029296875
2729 -0.1103515625
2730 -0.0673828125
2731 0.0029296875
2732 -0.033203125
2733 -0.1494140625
2734 -0.060546875
2735 0.0107421875
2736 -0.0283203125
2737 -0.14453125
2738 -0.0537109375
2739 0.01171875
2740 -0.0263671875
2741 -0.169921875
2742 -0.037109375
2743 0.0380859375
2744 0.001953125
2745 -0.056640625
2746 0.0595703125
2747 0.1259765625
2748 0.0693359375
2749 -0.0244140625
2750 0.0263671875
2751 0.08203125
2752 0.0263671875
2753 -0.1064453125
2754 0.0107421875
2755 0.0771484375
2756 0.033203125
2757 -0.1064453125
2758 -0.064453125
2759 0.0048828125
2760 -0.0302734375
2761 -0.146484375
2762 -0.0576171875
2763 0.0107421875
2764 -0.025390625
2765 -0.142578125
2766 -0.052734375
2767 0.0107421875
2768 -0.0244140625
2769 -0.1689453125
2770 -0.0390625
2771 0.037109375
2772 0.00390625
2773 -0.052734375
2774 0.060546875
2775 0.1240234375
2776 0.072265625
2777 -0.021484375
2778 0.02734375
2779 0.083984375
2780 0.0263671875
2781 -0.10546875
2782 0.0126953125
2783 0.078125
2784 0.0341796875
2785 -0.1044921875
2786 -0.0625
2787 0.00390625
2788 -0.0302734375
2789 -0.146484375
2790 -0.0556640625
2791 0.01171875
2792 -0.025390625
2793 -0.1376953125
2794 -0.048828125
2795 0.0166015625
2796 -0.0224609375
2797 -0.1640625
2798 -0.0341796875
2799 0.041015625
2800 0.005859375
2801 -0.048828125
2802 0.0634765625
2803 0.126953125
2804 0.0732421875
2805 -0.01953125
2806 0.0302734375
2807 0.083984375
2808 0.0302734375
2809 -0.1005859375
2810 0.015625
2811 0.08203125
2812 0.037109375
2813 -0.1025390625
2814 -0.0595703125
2815 0.0068359375
2816 -0.025390625
2817 -0.1416015625
2818 -0.0546875
2819 0.0126953125
2820 -0.0234375
2821 -0.13671875
2822 -0.048828125
2823 0.01953125
2824 -0.01953125
2825 -0.1640625
2826 -0.0341796875
2827 0.0419921875
2828 0.0078125
2829 -0.048828125
2830 0.06640625
2831 0.1279296875
2832 0.0751953125
2833 -0.0185546875
2834 0.0322265625
2835 0.0849609375
2836 0.03125
2837 -0.1005859375
2838 0.015625
2839 0.08203125
2840 0.0380859375
2841 -0.099609375
2842 -0.060546875
2843 0.009765625
2844 -0.0263671875
2845 -0.138671875
2846 -0.052734375
2847 0.015625
2848 -0.0205078125
2849 -0.134765625
2850 -0.0478515625
2851 0.017578125
2852 -0.01953125
2853 -0.1611328125
2854 -0.0322265625
2855 0.041015625
2856 0.0107421875
2857 -0.0478515625
2858 0.064453125
2859 0.1279296875
2860 0.076171875
2861 -0.0166015625
2862 0.0302734375
2863 0.0830078125
2864 0.03125
2865 -0.1005859375
2866 0.0166015625
2867 0.0830078125
2868 0.037109375
2869 -0.0986328125
2870 -0.056640625
2871 0.0078125
2872 -0.0244140625
2873 -0.140625
2874 -0.052734375
2875 0.0146484375
2876 -0.0205078125
2877 -0.1357421875
2878 -0.046875
2879 0.0185546875
2880 -0.0185546875
2881 -0.1611328125
2882 -0.0322265625
2883 0.044921875
2884 0.0087890625
2885 -0.0458984375
2886 0.0654296875
2887 0.1318359375
2888 0.0771484375
2889 -0.0166015625
2890 0.033203125
2891 0.087890625
2892 0.03125
2893 -0.0986328125
2894 0.017578125
2895 0.0830078125
2896 0.041015625
2897 -0.1005859375
2898 -0.05859375
2899 0.009765625
2900 -0.0234375
2901 -0.1396484375
2902 -0.0517578125
2903 0.0166015625
2904 -0.0185546875
2905 -0.1337890625
2906 -0.046875
2907 0.01953125
2908 -0.0185546875
2909 -0.1591796875
2910 -0.033203125
2911 0.04296875
2912 0.009765625
2913 -0.0439453125
2914 0.0654296875
2915 0.1298828125
2916 0.0771484375
2917 -0.0146484375
2918 0.0341796875
2919 0.0859375
2920 0.033203125
2921 -0.0986328125
2922 0.0185546875
2923 0.0859375
2924 0.0419921875
2925 -0.0966796875
2926 -0.0556640625
2927 0.009765625
2928 -0.0224609375
2929 -0.1357421875
2930 -0.05078125
2931 0.017578125
2932 -0.017578125
2933 -0.1328125
2934 -0.0458984375
2935 0.0205078125
2936 -0.017578125
2937 -0.1611328125
2938 -0.03125
2939 0.0419921875
2940 0.0107421875
2941 -0.044921875
2942 0.0673828125
2943 0.1328125
2944 0.078125
2945 -0.015625
2946 0.03515625
2947 0.0859375
2948 0.0341796875
2949 -0.09765625
2950 0.01953125
2951 0.0849609375
2952 0.0400390625
2953 -0.0986328125
2954 -0.0576171875
2955 0.0126953125
2956 -0.0244140625
2957 -0.1376953125
2958 -0.05078125
2959 0.01953125
2960 -0.0185546875
2961 -0.1328125
2962 -0.044921875
2963 0.021484375
2964 -0.015625
2965 -0.1591796875
2966 -0.0283203125
2967 0.046875
2968 0.0107421875
2969 -0.044921875
2970 0.068359375
2971 0.1337890625
2972 0.080078125
2973 -0.013671875
2974 0.0341796875
2975 0.08984375
2976 0.0341796875
2977 -0.0966796875
2978 0.01953125
2979 0.0859375
2980 0.04296875
2981 -0.0966796875
2982 -0.056640625
2983 0.01171875
2984 -0.0224609375
2985 -0.13671875
2986 -0.0478515625
2987 0.0185546875
2988 -0.017578125
2989 -0.1328125
2990 -0.04296875
2991 0.0185546875
2992 -0.0146484375
2993 -0.1591796875
2994 -0.0283203125
2995 0.0439453125
2996 0.013671875
2997 -0.0419921875
2998 0.068359375
2999 0.130859375
3000 0.0810546875
3001 -0.0146484375
3002 0.03515625
3003 0.0888671875
3004 0.0341796875
3005 -0.09765625
3006 0.0185546875
3007 0.083984375
3008 0.0419921875
3009 -0.0986328125
3010 -0.056640625
3011 0.009765625
3012 -0.021484375
3013 -0.13671875
3014 -0.048828125
3015 0.017578125
3016 -0.015625
3017 -0.130859375
3018 -0.041015625
3019 0.0224609375
3020 -0.013671875
3021 -0.154296875
3022 -0.02734375
3023 0.048828125
3024 0.0146484375
3025 -0.0400390625
3026 0.0712890625
3027 0.1337890625
3028 0.0810546875
3029 -0.009765625
3030 0.0361328125
3031 0.087890625
3032 0.0380859375
3033 -0.091796875
3034 0.0224609375
3035 0.083984375
3036 0.044921875
3037 -0.091796875
3038 -0.0537109375
3039 0.01171875
3040 -0.0185546875
3041 -0.130859375
3042 -0.0478515625
3043 0.0166015625
3044 -0.015625
3045 -0.1259765625
3046 -0.0439453125
3047 0.017578125
3048 -0.013671875
3049 -0.150390625
3050 -0.0283203125
3051 0.0439453125
3052 0.0146484375
3053 -0.037109375
3054 0.0693359375
3055 0.1259765625
3056 0.08203125
3057 -0.009765625
3058 0.0361328125
3059 0.0830078125
3060 0.037109375
3061 -0.091796875
3062 0.0224609375
3063 0.08203125
3064 0.044921875
3065 -0.0927734375
3066 -0.0556640625
3067 0.0107421875
3068 -0.01953125
3069 -0.1318359375
3070 -0.048828125
3071 0.017578125
3072 -0.0166015625
3073 -0.1259765625
3074 -0.04296875
3075 0.0185546875
3076 -0.013671875
3077 -0.1513671875
3078 -0.0263671875
3079 0.0439453125
3080 0.0166015625
3081 -0.0380859375
3082 0.0712890625
3083 0.1318359375
3084 0.0830078125
3085 -0.009765625
3086 0.037109375
3087 0.0859375
3088 0.0380859375
3089 -0.08984375
3090 0.0224609375
3091 0.0849609375
3092 0.0439453125
3093 -0.0908203125
3094 -0.0546875
3095 0.0107421875
3096 -0.0185546875
3097 -0.1298828125
3098 -0.0478515625
3099 0.017578125
3100 -0.015625
3101 -0.1298828125
3102 -0.0439453125
3103 0.0185546875
3104 -0.0146484375
3105 -0.154296875
3106 -0.0263671875
3107 0.044921875
3108 0.0146484375
3109 -0.0390625
3110 0.0693359375
3111 0.1298828125
3112 0.080078125
3113 -0.0107421875
3114 0.037109375
3115 0.0888671875
3116 0.0361328125
3117 -0.091796875
3118 0.0205078125
3119 0.0849609375
3120 0.04296875
3121 -0.09375
3122 -0.0546875
3123 0.009765625
3124 -0.01953125
3125 -0.1328125
3126 -0.048828125
3127 0.015625
3128 -0.0146484375
3129 -0.1279296875
3130 -0.04296875
3131 0.0205078125
3132 -0.013671875
3133 -0.15234375
3134 -0.0263671875
3135 0.046875
3136 0.0146484375
3137 -0.0380859375
3138 0.0693359375
3139 0.1337890625
3140 0.0830078125
3141 -0.0107421875
3142 0.0380859375
3143 0.0908203125
3144 0.037109375
3145 -0.0927734375
3146 0.0244140625
3147 0.087890625
3148 0.044921875
3149 -0.095703125
3150 -0.0546875
3151 0.01171875
3152 -0.021484375
3153 -0.134765625
3154 -0.048828125
3155 0.0205078125
3156 -0.0166015625
3157 -0.1279296875
3158 -0.0439453125
3159 0.021484375
3160 -0.013671875
3161 -0.1533203125
3162 -0.0283203125
3163 0.044921875
3164 0.0146484375
3165 -0.0390625
3166 0.0703125
3167 0.1328125
3168 0.08203125
3169 -0.0107421875
3170 0.037109375
3171 0.0888671875
3172 0.0380859375
3173 -0.09375
3174 0.0234375
3175 0.0869140625
3176 0.0458984375
3177 -0.0947265625
3178 -0.0537109375
3179 0.01171875
3180 -0.0205078125
3181 -0.1337890625
3182 -0.048828125
3183 0.0205078125
3184 -0.0146484375
3185 -0.12890625
3186 -0.0419921875
3187 0.0224609375
3188 -0.013671875
3189 -0.1533203125
3190 -0.0263671875
3191 0.0478515625
3192 0.013671875
3193 -0.04296875
3194 0.0712890625
3195 0.1328125
3196 0.0810546875
3197 -0.013671875
3198 0.037109375
3199 0.08984375
3200 0.0361328125
3201 -0.0947265625
3202 0.021484375
3203 0.0888671875
3204 0.0419921875
3205 -0.095703125
3206 -0.0537109375
3207 0.015625
3208 -0.0205078125
3209 -0.134765625
3210 -0.0478515625
3211 0.0224609375
3212 -0.015625
3213 -0.1318359375
3214 -0.0419921875
3215 0.0234375
3216 -0.013671875
3217 -0.158203125
3218 -0.0283203125
3219 0.0478515625
3220 0.013671875
3221 -0.0439453125
3222 0.0703125
3223 0.1357421875
3224 0.080078125
3225 -0.013671875
3226 0.037109375
3227 0.0927734375
3228 0.0361328125
3229 -0.095703125
3230 0.021484375
3231 0.087890625
3232 0.04296875
3233 -0.0947265625
3234 -0.0537109375
3235 0.0146484375
3236 -0.01953125
3237 -0.1337890625
3238 -0.0458984375
3239 0.01953125
3240 -0.0146484375
3241 -0.12890625
3242 -0.041015625
3243 0.0234375
3244 -0.01171875
3245 -0.1552734375
3246 -0.0244140625
3247 0.046875
3248 0.0146484375
3249 -0.041015625
3250 0.0712890625
3251 0.1357421875
3252 0.0810546875
3253 -0.01171875
3254 0.0380859375
3255 0.0927734375
3256 0.0380859375
3257 -0.0927734375
3258 0.0224609375
3259 0.0908203125
3260 0.0439453125
3261 -0.09375
3262 -0.0498046875
3263 0.0185546875
3264 -0.017578125
3265 -0.134765625
3266 -0.044921875
3267 0.0244140625
3268 -0.013671875
3269 -0.130859375
3270 -0.0400390625
3271 0.0263671875
3272 -0.0146484375
3273 -0.1572265625
3274 -0.0263671875
3275 0.0517578125
3276 0.013671875
3277 -0.0419921875
3278 0.072265625
3279 0.1376953125
3280 0.0810546875
3281 -0.01171875
3282 0.0390625
3283 0.0927734375
3284 0.0361328125
3285 -0.0966796875
3286 0.0234375
3287 0.08984375
3288 0.044921875
3289 -0.0947265625
3290 -0.0498046875
3291 0.015625
3292 -0.017578125
3293 -0.1337890625
3294 -0.046875
3295 0.0205078125
3296 -0.015625
3297 -0.126953125
3298 -0.041015625
3299 0.021484375
3300 -0.01171875
3301 -0.154296875
3302 -0.0263671875
3303 0.046875
3304 0.0146484375
3305 -0.0400390625
3306 0.0712890625
3307 0.1357421875
3308 0.0830078125
3309 -0.0126953125
3310 0.0390625
3311 0.0927734375
3312 0.0390625
3313 -0.0947265625
3314 0.0224609375
3315 0.0908203125
3316 0.0458984375
3317 -0.09375
3318 -0.05078125
3319 0.017578125
3320 -0.0185546875
3321 -0.1357421875
3322 -0.0458984375
3323 0.025390625
3324 -0.0146484375
3325 -0.1318359375
3326 -0.0400390625
3327 0.029296875
3328 -0.013671875
3329 -0.1591796875
3330 -0.0263671875
3331 0.0498046875
3332 0.0146484375
3333 -0.0439453125
3334 0.0732421875
3335 0.138671875
3336 0.0830078125
3337 -0.0146484375
3338 0.0400390625
3339 0.0966796875
3340 0.0361328125
3341 -0.0986328125
3342 0.021484375
3343 0.0908203125
3344 0.04296875
3345 -0.0966796875
3346 -0.052734375
3347 0.01953125
3348 -0.0205078125
3349 -0.134765625
3350 -0.046875
3351 0.0263671875
3352 -0.0146484375
3353 -0.1318359375
3354 -0.0390625
3355 0.02734375
3356 -0.0126953125
3357 -0.1572265625
3358 -0.0263671875
3359 0.05078125
3360 0.0166015625
3361 -0.0439453125
3362 0.072265625
3363 0.138671875
3364 0.08203125
3365 -0.0126953125
3366 0.0390625
3367 0.0947265625
3368 0.0380859375
3369 -0.095703125
3370 0.0244140625
3371 0.0908203125
3372 0.044921875
3373 -0.09375
3374 -0.048828125
3375 0.017578125
3376 -0.0185546875
3377 -0.134765625
3378 -0.044921875
3379 0.0234375
3380 -0.0126953125
3381 -0.130859375
3382 -0.0390625
3383 0.0263671875
3384 -0.01171875
3385 -0.158203125
3386 -0.02734375
3387 0.05078125
3388 0.0146484375
3389 -0.0419921875
3390 0.0712890625
3391 0.1357421875
3392 0.0810546875
3393 -0.01171875
3394 0.0380859375
3395 0.08984375
3396 0.0361328125
3397 -0.0947265625
3398 0.0224609375
3399 0.0849609375
3400 0.0439453125
3401 -0.0947265625
3402 -0.052734375
3403 0.0126953125
3404 -0.017578125
3405 -0.1318359375
3406 -0.046875
3407 0.021484375
3408 -0.013671875
3409 -0.125
3410 -0.0400390625
3411 0.025390625
3412 -0.009765625
3413 -0.12890625
3414 -0.005859375
3415 0.064453125
3416 0.0283203125
3417 -0.0849609375
3418 -0.037109375
3419 0.0283203125
3420 -0.009765625
3421 -0.1640625
3422 -0.091796875
3423 -0.017578125
3424 -0.041015625
3425 -0.189453125
3426 -0.1083984375
3427 -0.0302734375
3428 -0.0498046875
3429 -0.15234375
3430 -0.0615234375
3431 0.0087890625
3432 -0.021484375
3433 -0.12109375
3434 -0.0341796875
3435 0.0322265625
3436 -0.0029296875
3437 -0.095703125
3438 0.0205078125
3439 0.0869140625
3440 0.0478515625
3441 -0.0498046875
3442 -0.0068359375
3443 0.0517578125
3444 0.0146484375
3445 -0.158203125
3446 -0.0888671875
3447 -0.0146484375
3448 -0.0322265625
3449 -0.1484375
3450 -0.064453125
3451 0.0078125
3452 -0.0166015625
3453 -0.1376953125
3454 -0.0517578125
3455 0.0146484375
3456 -0.0126953125
3457 -0.111328125
3458 0.009765625
3459 0.080078125
3460 0.044921875
3461 0.0
3462 0.103515625
3463 0.162109375
3464 0.1103515625
3465 0.0009765625
3466 0.0390625
3467 0.0888671875
3468 0.0439453125
3469 -0.1298828125
3470 -0.0615234375
3471 0.0009765625
3472 -0.021484375
3473 -0.1279296875
3474 -0.05078125
3475 0.001953125
3476 -0.00390625
3477 -0.091796875
3478 -0.0263671875
3479 0.0166015625
3480 0.0048828125
3481 -0.0859375
3482 0.0107421875
3483 0.0615234375
3484 0.0498046875
3485 -0.0712890625
3486 -0.05078125
3487 0.0
3488 -0.005859375
3489 -0.1337890625
3490 -0.025390625
3491 0.03125
3492 0.025390625
3493 -0.037109375
3494 0.052734375
3495 0.0986328125
3496 0.0791015625
3497 0.017578125
3498 0.0966796875
3499 0.1376953125
3500 0.1083984375
3501 0.0390625
3502 0.11328125
3503 0.1494140625
3504 0.119140625
3505 0.06640625
3506 0.140625
3507 0.173828125
3508 0.1376953125
3509 0.060546875
3510 0.076171875
3511 0.1064453125
3512 0.0732421875
3513 -0.017578125
3514 0.0322265625
3515 0.0654296875
3516 0.0400390625
3517 -0.0595703125
3518 -0.001953125
3519 0.0361328125
3520 0.0166015625
3521 -0.0888671875
3522 0.0068359375
3523 0.05078125
3524 0.037109375
3525 -0.064453125
3526 -0.0400390625
3527 0.005859375
3528 -0.005859375
3529 -0.162109375
3530 -0.052734375
3531 0.0078125
3532 0.005859375
3533 -0.1162109375
3534 -0.0908203125
3535 -0.0341796875
3536 -0.0361328125
3537 -0.1494140625
3538 -0.0810546875
3539 -0.025390625
3540 -0.0283203125
3541 -0.1767578125
3542 -0.099609375
3543 -0.0439453125
3544 -0.0419921875
3545 -0.1708984375
3546 -0.09375
3547 -0.0361328125
3548 -0.0361328125
3549 -0.16796875
3550 -0.0556640625
3551 0.0087890625
3552 0.0068359375
3553 -0.0693359375
3554 0.025390625
3555 0.080078125
3556 0.05859375
3557 -0.0185546875
3558 0.0673828125
3559 0.111328125
3560 0.087890625
3561 -0.001953125
3562 0.080078125
3563 0.12109375
3564 0.0947265625
3565 -0.001953125
3566 0.080078125
3567 0.1201171875
3568 0.091796875
3569 -0.01171875
3570 0.0712890625
3571 0.1123046875
3572 0.0849609375
3573 0.0283203125
3574 0.10546875
3575 0.142578125
3576 0.109375
3577 0.00390625
3578 0.0185546875
3579 0.0537109375
3580 0.0302734375
3581 -0.083984375
3582 -0.029296875
3583 0.013671875
3584 0.0009765625
3585 -0.142578125
3586 -0.076171875
3587 -0.025390625
3588 -0.02734375
3589 -0.154296875
3590 -0.0810546875
3591 -0.0283203125
3592 -0.033203125
3593 -0.1650390625
3594 -0.056640625
3595 0.0068359375
3596 0.0048828125
3597 -0.08203125
3598 0.013671875
3599 0.064453125
3600 0.0498046875
3601 -0.048828125
3602 0.037109375
3603 0.0830078125
3604 0.06640625
3605 -0.0439453125
3606 0.04296875
3607 0.0859375
3608 0.06640625
3609 0.005859375
3610 0.0869140625
3611 0.1220703125
3612 0.0947265625
3613 0.0126953125
3614 0.08984375
3615 0.1259765625
3616 0.0966796875
3617 -0.0419921875
3618 -0.029296875
3619 0.013671875
3620 0.0
3621 -0.12890625
3622 -0.025390625
3623 0.02734375
3624 0.017578125
3625 -0.0888671875
3626 -0.09375
3627 -0.0341796875
3628 -0.03515625
3629 -0.1240234375
3630 -0.0205078125
3631 0.0341796875
3632 0.025390625
3633 -0.0634765625
3634 -0.03515625
3635 0.0107421875
3636 -0.0029296875
3637 -0.0947265625
3638 -0.03515625
3639 0.01171875
3640 -0.0009765625
3641 -0.1396484375
3642 -0.07421875
3643 -0.0224609375
3644 -0.0263671875
3645 -0.1572265625
3646 -0.0478515625
3647 0.009765625
3648 0.005859375
3649 -0.1328125
3650 -0.1064453125
3651 -0.044921875
3652 -0.0419921875
3653 -0.1884765625
3654 -0.0712890625
3655 -0.005859375
3656 -0.001953125
3657 -0.0908203125
3658 0.0068359375
3659 0.05859375
3660 0.0458984375
3661 -0.037109375
3662 0.048828125
3663 0.0947265625
3664 0.07421875
3665 -0.0048828125
3666 0.0751953125
3667 0.1171875
3668 0.0908203125
3669 0.00390625
3670 0.0830078125
3671 0.1220703125
3672 0.09375
3673 -0.0048828125
3674 0.07421875
3675 0.11328125
3676 0.087890625
3677 -0.0244140625
3678 0.060546875
3679 0.1015625
3680 0.0771484375
3681 0.001953125
3682 0.08203125
3683 0.119140625
3684 0.08984375
3685 0.00390625
3686 0.0810546875
3687 0.1220703125
3688 0.091796875
3689 0.037109375
3690 0.111328125
3691 0.1484375
3692 0.1123046875
3693 0.0576171875
3694 0.12890625
3695 0.1611328125
3696 0.1240234375
3697 0.0390625
3698 0.0546875
3699 0.08203125
3700 0.052734375
3701 -0.05078125
3702 0.0341796875
3703 0.07421875
3704 0.052734375
3705 -0.0517578125
3706 -0.03125
3707 0.0107421875
3708 -0.0078125
3709 -0.1162109375
3710 -0.05859375
3711 -0.0126953125
3712 -0.0224609375
3713 -0.138671875
3714 -0.07421875
3715 -0.0234375
3716 -0.0322265625
3717 -0.1357421875
3718 -0.072265625
3719 -0.0224609375
3720 -0.0302734375
3721 -0.1376953125
3722 -0.0712890625
3723 -0.021484375
3724 -0.0283203125
3725 -0.140625
3726 -0.0771484375
3727 -0.029296875
3728 -0.0341796875
3729 -0.1748046875
3730 -0.109375
3731 -0.0498046875
3732 -0.0498046875
3733 -0.154296875
3734 -0.08203125
3735 -0.0283203125
3736 -0.0341796875
3737 -0.1748046875
3738 -0.1015625
3739 -0.0439453125
3740 -0.0458984375
3741 -0.1328125
3742 -0.064453125
3743 -0.0146484375
3744 -0.01953125
3745 -0.123046875
3746 -0.0556640625
3747 -0.0107421875
3748 -0.021484375
3749 -0.1328125
3750 -0.0625
3751 -0.0146484375
3752 -0.021484375
3753 -0.1748046875
3754 -0.0615234375
3755 -0.0009765625
3756 -0.0029296875
3757 -0.06640625
3758 0.0283203125
3759 0.078125
3760 0.0595703125
3761 -0.0673828125
3762 0.0234375
3763 0.0693359375
3764 0.052734375
3765 -0.0908203125
3766 -0.0693359375
3767 -0.017578125
3768 -0.0234375
3769 -0.1962890625
3770 -0.1201171875
3771 -0.0546875
3772 -0.05078125
3773 -0.16015625
3774 -0.083984375
3775 -0.02734375
3776 -0.03125
3777 -0.123046875
3778 -0.0146484375
3779 0.0439453125
3780 0.0302734375
3781 -0.0595703125
3782 -0.056640625
3783 0.0029296875
3784 -0.0087890625
3785 -0.1103515625
3786 -0.0068359375
3787 0.048828125
3788 0.0361328125
3789 -0.095703125
3790 -0.068359375
3791 -0.01171875
3792 -0.017578125
3793 -0.130859375
3794 -0.0166015625
3795 0.0400390625
3796 0.0302734375
3797 -0.0341796875
3798 0.05859375
3799 0.1025390625
3800 0.0791015625
3801 -0.0537109375
3802 -0.0361328125
3803 0.0126953125
3804 -0.0009765625
3805 -0.1884765625
3806 -0.111328125
3807 -0.0439453125
3808 -0.0419921875
3809 -0.140625
3810 -0.068359375
3811 -0.0146484375
3812 -0.0185546875
3813 -0.15625
3814 -0.041015625
3815 0.01953125
3816 0.017578125
3817 -0.1337890625
3818 -0.09765625
3819 -0.0380859375
3820 -0.037109375
3821 -0.1455078125
3822 -0.03125
3823 0.0263671875
3824 0.0234375
3825 -0.052734375
3826 0.04296875
3827 0.0947265625
3828 0.07421875
3829 -0.0634765625
3830 -0.0419921875
3831 0.0107421875
3832 0.0009765625
3833 -0.111328125
3834 -0.0029296875
3835 0.0517578125
3836 0.041015625
3837 -0.046875
3838 -0.0244140625
3839 0.0244140625
3840 0.0126953125
3841 -0.0888671875
3842 -0.02734375
3843 0.0224609375
3844 0.0107421875
3845 -0.1005859375
3846 -0.037109375
3847 0.01171875
3848 0.001953125
3849 -0.162109375
3850 -0.083984375
3851 -0.02734375
3852 -0.029296875
3853 -0.1806640625
3854 -0.0615234375
3855 0.005859375
3856 0.0068359375
3857 -0.1025390625
3858 0.0029296875
3859 0.060546875
3860 0.0478515625
3861 -0.048828125
3862 -0.0234375
3863 0.0234375
3864 0.01171875
3865 -0.1279296875
3866 -0.0166015625
3867 0.04296875
3868 0.0341796875
3869 -0.0537109375
3870 0.0419921875
3871 0.0927734375
3872 0.0732421875
3873 -0.0078125
3874 0.015625
3875 0.0595703125
3876 0.037109375
3877 -0.0859375
3878 0.0146484375
3879 0.068359375
3880 0.0537109375
3881 -0.0634765625
3882 -0.0361328125
3883 0.0126953125
3884 0.0048828125
3885 -0.09765625
3886 -0.0283203125
3887 0.0205078125
3888 0.0087890625
3889 -0.1328125
3890 -0.0625
3891 -0.0078125
3892 -0.01171875
3893 -0.16015625
3894 -0.0439453125
3895 0.0185546875
3896 0.0166015625
3897 -0.072265625
3898 0.0263671875
3899 0.080078125
3900 0.064453125
3901 -0.02734375
3902 0.0615234375
3903 0.1083984375
3904 0.0869140625
3905 -0.00390625
3906 0.08203125
3907 0.1240234375
3908 0.1005859375
3909 0.0068359375
3910 0.08984375
3911 0.130859375
3912 0.1044921875
3913 0.0107421875
3914 0.08984375
3915 0.130859375
3916 0.1044921875
3917 -0.0146484375
3918 0.0673828125
3919 0.109375
3920 0.0859375
3921 -0.0029296875
3922 0.078125
3923 0.12109375
3924 0.0947265625
3925 0.0068359375
3926 0.025390625
3927 0.0615234375
3928 0.041015625
3929 -0.046875
3930 0.0439453125
3931 0.087890625
3932 0.0673828125
3933 0.017578125
3934 0.1025390625
3935 0.138671875
3936 0.1064453125
3937 0.0341796875
3938 0.111328125
3939 0.1455078125
3940 0.111328125
3941 0.025390625
3942 0.099609375
3943 0.1376953125
3944 0.1064453125
3945 0.037109375
3946 0.1123046875
3947 0.1484375
3948 0.11328125
3949 0.0625
3950 0.1357421875
3951 0.169921875
3952 0.1318359375
3953 0.091796875
3954 0.16015625
3955 0.193359375
3956 0.1513671875
3957 0.103515625
3958 0.1708984375
3959 0.203125
3960 0.15625
3961 0.095703125
3962 0.1611328125
3963 0.19140625
3964 0.1455078125
3965 0.095703125
3966 0.16015625
3967 0.1904296875
3968 0.1455078125
3969 0.09375
3970 0.158203125
3971 0.1884765625
3972 0.1416015625
3973 0.0556640625
3974 0.0771484375
3975 0.0986328125
3976 0.05859375
3977 -0.0419921875
3978 0.0068359375
3979 0.0380859375
3980 0.01171875
3981 -0.0908203125
3982 0.0009765625
3983 0.046875
3984 0.025390625
3985 -0.0224609375
3986 0.05859375
3987 0.09765625
3988 0.0673828125
3989 -0.0302734375
3990 -0.0087890625
3991 0.0244140625
3992 -0.001953125
3993 -0.109375
3994 -0.0498046875
3995 -0.0087890625
3996 -0.0263671875
3997 -0.1640625
3998 -0.0986328125
3999 -0.0478515625
4000 -0.0546875
4001 -0.197265625
4002 -0.0869140625
4003 -0.0263671875
4004 -0.0283203125
4005 -0.1005859375
4006 -0.0087890625
4007 0.0439453125
4008 0.0234375
4009 -0.0419921875
4010 0.0390625
4011 0.0849609375
4012 0.0576171875
4013 -0.0146484375
4014 0.0634765625
4015 0.1025390625
4016 0.072265625
4017 0.001953125
4018 0.0771484375
4019 0.1142578125
4020 0.080078125
4021 0.0078125
4022 0.0830078125
4023 0.1181640625
4024 0.0849609375
4025 0.025390625
4026 0.0986328125
4027 0.130859375
4028 0.0947265625
4029 0.0146484375
4030 0.0341796875
4031 0.0654296875
4032 0.0302734375
4033 -0.0615234375
4034 -0.0146484375
4035 0.021484375
4036 -0.00390625
4037 -0.107421875
4038 -0.0517578125
4039 -0.0107421875
4040 -0.029296875
4041 -0.1123046875
4042 -0.017578125
4043 0.0302734375
4044 0.0126953125
4045 -0.064453125
4046 -0.0400390625
4047 0.0009765625
4048 -0.017578125
4049 -0.12890625
4050 -0.0322265625
4051 0.0166015625
4052 0.001953125
4053 -0.1396484375
4054 -0.115234375
4055 -0.0615234375
4056 -0.06640625
4057 -0.208984375
4058 -0.0966796875
4059 -0.0302734375
4060 -0.0322265625
4061 -0.0859375
4062 0.009765625
4063 0.056640625
4064 0.0341796875
4065 -0.0810546875
4066 -0.05859375
4067 -0.0146484375
4068 -0.0283203125
4069 -0.1298828125
4070 -0.0615234375
4071 -0.01953125
4072 -0.03125
4073 -0.166015625
4074 -0.0966796875
4075 -0.0458984375
4076 -0.0537109375
4077 -0.2119140625
4078 -0.1416015625
4079 -0.0771484375
4080 -0.076171875
4081 -0.201171875
4082 -0.1279296875
4083 -0.0673828125
4084 -0.0673828125
4085 -0.162109375
4086 -0.0888671875
4087 -0.0361328125
4088 -0.041015625
4089 -0.1611328125
4090 -0.052734375
4091 0.001953125
4092 -0.0029296875
4093 -0.162109375
4094 -0.1328125
4095 -0.072265625
4096 -0.0673828125
4097 -0.1796875
4098 -0.1064453125
4099 -0.046875
4100 -0.0478515625
4101 -0.125
4102 -0.0546875
4103 -0.00390625
4104 -0.0185546875
4105 -0.1416015625
4106 -0.0380859375
4107 0.017578125
4108 0.009765625
4109 -0.1279296875
4110 -0.1015625
4111 -0.041015625
4112 -0.0419921875
4113 -0.134765625
4114 -0.0263671875
4115 0.0283203125
4116 0.0205078125
4117 -0.02734375
4118 0.0625
4119 0.1044921875
4120 0.0791015625
4121 0.01171875
4122 0.0908203125
4123 0.1279296875
4124 0.0966796875
4125 0.0390625
4126 0.0703125
4127 0.0703125
4128 0.0986328125
4129 -0.001953125
4130 -0.044921875
4131 -0.0400390625
4132 0.0009765625
4133 -0.0869140625
4134 -0.0380859375
4135 -0.0244140625
4136 0.0234375
4137 -0.0517578125
4138 -0.083984375
4139 -0.0703125
4140 -0.021484375
4141 -0.0830078125
4142 -0.0712890625
4143 -0.0595703125
4144 -0.015625
4145 -0.1142578125
4146 -0.1005859375
4147 -0.0849609375
4148 -0.0341796875
4149 -0.1298828125
4150 -0.0712890625
4151 -0.0498046875
4152 0.00390625
4153 -0.048828125
4154 -0.0078125
4155 0.0048828125
4156 0.046875
4157 -0.00390625
4158 0.025390625
4159 0.0302734375
4160 0.068359375
4161 0.0234375
4162 0.048828125
4163 0.05078125
4164 0.083984375
4165 0.0361328125
4166 0.0576171875
4167 0.0576171875
4168 0.0888671875
4169 0.0341796875
4170 0.0546875
4171 0.0546875
4172 0.0869140625
4173 0.0107421875
4174 0.033203125
4175 0.037109375
4176 0.0693359375
4177 0.0185546875
4178 0.0439453125
4179 0.0439453125
4180 0.0771484375
4181 0.0302734375
4182 -0.0087890625
4183 -0.009765625
4184 0.025390625
4185 -0.021484375
4186 0.01171875
4187 0.0166015625
4188 0.0537109375
4189 0.046875
4190 0.0673828125
4191 0.0654296875
4192 0.0947265625
4193 0.064453125
4194 0.078125
4195 0.0732421875
4196 0.099609375
4197 0.052734375
4198 0.068359375
4199 0.0654296875
4200 0.09375
4201 0.06640625
4202 0.08203125
4203 0.076171875
4204 0.1005859375
4205 0.091796875
4206 0.10546875
4207 0.0986328125
4208 0.119140625
4209 0.1240234375
4210 0.1298828125
4211 0.1220703125
4212 0.138671875
4213 0.1376953125
4214 0.1396484375
4215 0.1328125
4216 0.1455078125
4217 0.1298828125
4218 0.134765625
4219 0.119140625
4220 0.13671875
4221 0.1279296875
4222 0.1337890625
4223 0.1220703125
4224 0.1357421875
4225 0.1279296875
4226 0.1318359375
4227 0.119140625
4228 0.134765625
4229 0.0908203125
4230 0.05078125
4231 0.0322265625
4232 0.0517578125
4233 -0.009765625
4234 -0.0205078125
4235 -0.02734375
4236 0.0029296875
4237 -0.060546875
4238 -0.029296875
4239 -0.0224609375
4240 0.0166015625
4241 0.01171875
4242 0.033203125
4243 0.0322265625
4244 0.060546875
4245 0.001953125
4246 -0.0390625
4247 -0.041015625
4248 -0.0068359375
4249 -0.1064453125
4250 -0.1015625
4251 -0.0947265625
4252 -0.05078125
4253 -0.11328125
4254 -0.10546875
4255 -0.0966796875
4256 -0.0517578125
4257 -0.099609375
4258 -0.0908203125
4259 -0.0849609375
4260 -0.041015625
4261 -0.1025390625
4262 -0.09765625
4263 -0.087890625
4264 -0.04296875
4265 -0.154296875
4266 -0.16015625
4267 -0.13671875
4268 -0.0791015625
4269 -0.1455078125
4270 -0.130859375
4271 -0.11328125
4272 -0.0595703125
4273 -0.1318359375
4274 -0.1162109375
4275 -0.103515625
4276 -0.0517578125
4277 -0.1025390625
4278 -0.0546875
4279 -0.0390625
4280 0.0078125
4281 -0.048828125
4282 -0.103515625
4283 -0.083984375
4284 -0.0361328125
4285 -0.1015625
4286 -0.0556640625
4287 -0.0400390625
4288 0.005859375
4289 -0.091796875
4290 -0.119140625
4291 -0.099609375
4292 -0.046875
4293 -0.1123046875
4294 -0.0595703125
4295 -0.04296875
4296 0.0068359375
4297 -0.0166015625
4298 0.0166015625
4299 0.0185546875
4300 0.0546875
4301 -0.0439453125
4302 -0.078125
4303 -0.0703125
4304 -0.0263671875
4305 -0.158203125
4306 -0.1376953125
4307 -0.1142578125
4308 -0.056640625
4309 -0.1357421875
4310 -0.1123046875
4311 -0.0966796875
4312 -0.0458984375
4313 -0.1142578125
4314 -0.0595703125
4315 -0.0439453125
4316 0.0078125
4317 -0.0888671875
4318 -0.1142578125
4319 -0.095703125
4320 -0.041015625
4321 -0.1123046875
4322 -0.0986328125
4323 -0.0810546875
4324 -0.0302734375
4325 -0.1025390625
4326 -0.091796875
4327 -0.0751953125
4328 -0.0263671875
4329 -0.130859375
4330 -0.0751953125
4331 -0.0498046875
4332 0.00390625
4333 -0.0166015625
4334 0.0185546875
4335 0.0244140625
4336 0.0615234375
4337 0.0634765625
4338 0.0849609375
4339 0.0830078125
4340 0.111328125
4341 0.119140625
4342 0.1318359375
4343 0.126953125
4344 0.14453125
4345 0.142578125
4346 0.1494140625
4347 0.140625
4348 0.1572265625
4349 0.1416015625
4350 0.1474609375
4351 0.134765625
4352 0.1513671875
4353 0.14453125
4354 0.1484375
4355 0.13671875
4356 0.15234375
4357 0.1455078125
4358 0.1474609375
4359 0.1357421875
4360 0.150390625
4361 0.1083984375
4362 0.0673828125
4363 0.0517578125
4364 0.0693359375
4365 0.0068359375
4366 -0.001953125
4367 -0.0087890625
4368 0.0205078125
4369 -0.0439453125
4370 -0.01171875
4371 -0.005859375
4372 0.0341796875
4373 0.0283203125
4374 0.048828125
4375 0.0517578125
4376 0.076171875
4377 0.0185546875
4378 -0.021484375
4379 -0.025390625
4380 0.0078125
4381 -0.0908203125
4382 -0.0859375
4383 -0.078125
4384 -0.0322265625
4385 -0.095703125
4386 -0.0888671875
4387 -0.080078125
4388 -0.033203125
4389 -0.0849609375
4390 -0.0751953125
4391 -0.0693359375
4392 -0.025390625
4393 -0.087890625
4394 -0.08203125
4395 -0.0712890625
4396 -0.0283203125
4397 -0.140625
4398 -0.1474609375
4399 -0.123046875
4400 -0.06640625
4401 -0.1318359375
4402 -0.119140625
4403 -0.09765625
4404 -0.048828125
4405 -0.1162109375
4406 -0.103515625
4407 -0.0908203125
4408 -0.0400390625
4409 -0.091796875
4410 -0.04296875
4411 -0.029296875
4412 0.0166015625
4413 -0.0361328125
4414 -0.0888671875
4415 -0.072265625
4416 -0.0244140625
4417 -0.083984375
4418 -0.0380859375
4419 -0.0244140625
4420 0.0224609375
4421 -0.0654296875
4422 -0.095703125
4423 -0.0791015625
4424 -0.03125
4425 -0.095703125
4426 -0.0458984375
4427 -0.0283203125
4428 0.0185546875
4429 -0.005859375
4430 0.0263671875
4431 0.029296875
4432 0.0654296875
4433 -0.0244140625
4434 -0.056640625
4435 -0.0537109375
4436 -0.0087890625
4437 -0.142578125
4438 -0.123046875
4439 -0.1015625
4440 -0.046875
4441 -0.126953125
4442 -0.103515625
4443 -0.0888671875
4444 -0.0361328125
4445 -0.1064453125
4446 -0.0537109375
4447 -0.0361328125
4448 0.0146484375
4449 -0.0791015625
4450 -0.107421875
4451 -0.0888671875
4452 -0.0341796875
4453 -0.1064453125
4454 -0.0927734375
4455 -0.0732421875
4456 -0.0224609375
4457 -0.095703125
4458 -0.083984375
4459 -0.0703125
4460 -0.0185546875
4461 -0.125
4462 -0.0673828125
4463 -0.04296875
4464 0.009765625
4465 -0.0107421875
4466 0.025390625
4467 0.0322265625
4468 0.0712890625
4469 0.0693359375
4470 0.0908203125
4471 0.0908203125
4472 0.1171875
4473 0.1240234375
4474 0.1357421875
4475 0.1298828125
4476 0.150390625
4477 0.1484375
4478 0.15625
4479 0.1474609375
4480 0.1630859375
4481 0.1474609375
4482 0.154296875
4483 0.142578125
4484 0.1572265625
4485 0.1494140625
4486 0.1533203125
4487 0.14453125
4488 0.1572265625
4489 0.1494140625
4490 0.1533203125
4491 0.142578125
4492 0.15625
4493 0.1142578125
4494 0.072265625
4495 0.0556640625
4496 0.07421875
4497 0.0126953125
4498 0.001953125
4499 -0.0048828125
4500 0.0244140625
4501 -0.0400390625
4502 -0.0048828125
4503 -0.0009765625
4504 0.0380859375
4505 0.03125
4506 0.0537109375
4507 0.0537109375
4508 0.08203125
4509 0.0224609375
4510 -0.0185546875
4511 -0.0205078125
4512 0.01171875
4513 -0.0859375
4514 -0.0830078125
4515 -0.072265625
4516 -0.029296875
4517 -0.0908203125
4518 -0.0849609375
4519 -0.0751953125
4520 -0.0302734375
4521 -0.08203125
4522 -0.0703125
4523 -0.0654296875
4524 -0.0224609375
4525 -0.083984375
4526 -0.0771484375
4527 -0.06640625
4528 -0.0244140625
4529 -0.134765625
4530 -0.1416015625
4531 -0.1171875
4532 -0.060546875
4533 -0.126953125
4534 -0.1162109375
4535 -0.095703125
4536 -0.0439453125
4537 -0.115234375
4538 -0.1005859375
4539 -0.0859375
4540 -0.0361328125
4541 -0.0859375
4542 -0.0400390625
4543 -0.025390625
4544 0.0224609375
4545 -0.0322265625
4546 -0.0869140625
4547 -0.0703125
4548 -0.0205078125
4549 -0.080078125
4550 -0.0341796875
4551 -0.01953125
4552 0.025390625
4553 -0.0625
4554 -0.09375
4555 -0.076171875
4556 -0.02734375
4557 -0.09375
4558 -0.0439453125
4559 -0.0263671875
4560 0.01953125
4561 -0.0029296875
4562 0.029296875
4563 0.0341796875
4564 0.0673828125
4565 -0.021484375
4566 -0.0556640625
4567 -0.05078125
4568 -0.0087890625
4569 -0.142578125
4570 -0.1220703125
4571 -0.1005859375
4572 -0.04296875
4573 -0.1259765625
4574 -0.099609375
4575 -0.0849609375
4576 -0.03515625
4577 -0.1025390625
4578 -0.05078125
4579 -0.0322265625
4580 0.017578125
4581 -0.072265625
4582 -0.103515625
4583 -0.0830078125
4584 -0.0322265625
4585 -0.103515625
4586 -0.0888671875
4587 -0.0712890625
4588 -0.01953125
4589 -0.0966796875
4590 -0.0810546875
4591 -0.0673828125
4592 -0.0185546875
4593 -0.1240234375
4594 -0.0673828125
4595 -0.0439453125
4596 0.0126953125
4597 -0.0107421875
4598 0.0263671875
4599 0.0341796875
4600 0.0712890625
4601 0.0703125
4602 0.091796875
4603 0.091796875
4604 0.1181640625
4605 0.1259765625
4606 0.1376953125
4607 0.1337890625
4608 0.15234375
4609 0.1513671875
4610 0.1591796875
4611 0.1484375
4612 0.166015625
4613 0.1513671875
4614 0.1552734375
4615 0.1435546875
4616 0.16015625
4617 0.15234375
4618 0.15625
4619 0.14453125
4620 0.162109375
4621 0.1533203125
4622 0.1552734375
4623 0.142578125
4624 0.1591796875
4625 0.115234375
4626 0.076171875
4627 0.0576171875
4628 0.0771484375
4629 0.0166015625
4630 0.0048828125
4631 -0.0029296875
4632 0.02734375
4633 -0.0361328125
4634 -0.00390625
4635 0.0009765625
4636 0.0400390625
4637 0.03515625
4638 0.056640625
4639 0.0556640625
4640 0.083984375
4641 0.0224609375
4642 -0.015625
4643 -0.01953125
4644 0.015625
4645 -0.0830078125
4646 -0.080078125
4647 -0.0732421875
4648 -0.02734375
4649 -0.0888671875
4650 -0.0830078125
4651 -0.0732421875
4652 -0.029296875
4653 -0.078125
4654 -0.0693359375
4655 -0.0625
4656 -0.0205078125
4657 -0.08203125
4658 -0.076171875
4659 -0.0654296875
4660 -0.0224609375
4661 -0.1357421875
4662 -0.140625
4663 -0.1181640625
4664 -0.05859375
4665 -0.1259765625
4666 -0.111328125
4667 -0.095703125
4668 -0.04296875
4669 -0.1123046875
4670 -0.099609375
4671 -0.0859375
4672 -0.0341796875
4673 -0.0830078125
4674 -0.0390625
4675 -0.0224609375
4676 0.0234375
4677 -0.0302734375
4678 -0.083984375
4679 -0.06640625
4680 -0.01953125
4681 -0.0791015625
4682 -0.03125
4683 -0.0205078125
4684 0.02734375
4685 -0.0654296875
4686 -0.09375
4687 -0.0771484375
4688 -0.025390625
4689 -0.095703125
4690 -0.0439453125
4691 -0.02734375
4692 0.01953125
4693 -0.0009765625
4694 0.029296875
4695 0.033203125
4696 0.0673828125
4697 -0.021484375
4698 -0.056640625
4699 -0.048828125
4700 -0.0068359375
4701 -0.1416015625
4702 -0.12109375
4703 -0.1005859375
4704 -0.041015625
4705 -0.1240234375
4706 -0.099609375
4707 -0.0859375
4708 -0.0322265625
4709 -0.1025390625
4710 -0.046875
4711 -0.0322265625
4712 0.01953125
4713 -0.0751953125
4714 -0.1015625
4715 -0.083984375
4716 -0.029296875
4717 -0.1005859375
4718 -0.087890625
4719 -0.0703125
4720 -0.0185546875
4721 -0.08984375
4722 -0.080078125
4723 -0.0634765625
4724 -0.015625
4725 -0.1181640625
4726 -0.0634765625
4727 -0.0400390625
4728 0.0166015625
4729 -0.0068359375
4730 0.0283203125
4731 0.0341796875
4732 0.0732421875
4733 0.0712890625
4734 0.09375
4735 0.091796875
4736 0.119140625
4737 0.126953125
4738 0.138671875
4739 0.1337890625
4740 0.1533203125
4741 0.154296875
4742 0.1591796875
4743 0.1513671875
4744 0.1669921875
4745 0.15234375
4746 0.1572265625
4747 0.14453125
4748 0.1591796875
4749 0.15234375
4750 0.158203125
4751 0.1455078125
4752 0.1611328125
4753 0.15234375
4754 0.15625
4755 0.1435546875
4756 0.16015625
4757 0.1171875
4758 0.0771484375
4759 0.05859375
4760 0.078125
4761 0.0166015625
4762 0.0048828125
4763 -0.0009765625
4764 0.029296875
4765 -0.03515625
4766 -0.0029296875
4767 0.001953125
4768 0.041015625
4769 0.0380859375
4770 0.0595703125
4771 0.0556640625
4772 0.0849609375
4773 0.025390625
4774 -0.015625
4775 -0.017578125
4776 0.0166015625
4777 -0.083984375
4778 -0.078125
4779 -0.0712890625
4780 -0.025390625
4781 -0.0888671875
4782 -0.0830078125
4783 -0.0732421875
4784 -0.0283203125
4785 -0.0791015625
4786 -0.0693359375
4787 -0.0615234375
4788 -0.0205078125
4789 -0.08203125
4790 -0.0751953125
4791 -0.064453125
4792 -0.021484375
4793 -0.1337890625
4794 -0.140625
4795 -0.1162109375
4796 -0.0595703125
4797 -0.1259765625
4798 -0.111328125
4799 -0.09375
4800 -0.041015625
4801 -0.111328125
4802 -0.095703125
4803 -0.083984375
4804 -0.0322265625
4805 -0.0830078125
4806 -0.037109375
4807 -0.0224609375
4808 0.0244140625
4809 -0.0283203125
4810 -0.0830078125
4811 -0.064453125
4812 -0.0185546875
4813 -0.078125
4814 -0.0322265625
4815 -0.0185546875
4816 0.0283203125
4817 -0.0595703125
4818 -0.08984375
4819 -0.0732421875
4820 -0.0234375
4821 -0.0908203125
4822 -0.041015625
4823 -0.0234375
4824 0.0244140625
4825 -0.001953125
4826 0.03125
4827 0.0341796875
4828 0.0693359375
4829 -0.01953125
4830 -0.0556640625
4831 -0.0478515625
4832 -0.005859375
4833 -0.138671875
4834 -0.12109375
4835 -0.0966796875
4836 -0.04296875
4837 -0.123046875
4838 -0.09765625
4839 -0.08203125
4840 -0.0322265625
4841 -0.1025390625
4842 -0.0478515625
4843 -0.0322265625
4844 0.0205078125
4845 -0.07421875
4846 -0.1015625
4847 -0.0830078125
4848 -0.0302734375
4849 -0.1015625
4850 -0.0859375
4851 -0.0703125
4852 -0.01953125
4853 -0.0888671875
4854 -0.080078125
4855 -0.0634765625
4856 -0.015625
4857 -0.1220703125
4858 -0.0654296875
4859 -0.0400390625
4860 0.0146484375
4861 -0.0078125
4862 0.0283203125
4863 0.03515625
4864 0.07421875
4865 0.0732421875
4866 0.0947265625
4867 0.0927734375
4868 0.12109375
4869 0.1259765625
4870 0.140625
4871 0.1357421875
4872 0.1552734375
4873 0.15234375
4874 0.1591796875
4875 0.1513671875
4876 0.166015625
4877 0.1513671875
4878 0.1572265625
4879 0.1455078125
4880 0.1611328125
4881 0.15234375
4882 0.158203125
4883 0.1474609375
4884 0.1611328125
4885 0.15234375
4886 0.158203125
4887 0.1455078125
4888 0.1591796875
4889 0.1162109375
4890 0.0751953125
4891 0.0595703125
4892 0.0771484375
4893 0.0166015625
4894 0.0068359375
4895 -0.0029296875
4896 0.0283203125
4897 -0.037109375
4898 -0.0029296875
4899 0.0029296875
4900 0.041015625
4901 0.037109375
4902 0.0576171875
4903 0.0576171875
4904 0.0859375
4905 0.0263671875
4906 -0.013671875
4907 -0.017578125
4908 0.0166015625
4909 -0.08203125
4910 -0.0791015625
4911 -0.0693359375
4912 -0.0263671875
4913 -0.087890625
4914 -0.0810546875
4915 -0.0712890625
4916 -0.0263671875
4917 -0.0791015625
4918 -0.068359375
4919 -0.0615234375
4920 -0.0205078125
4921 -0.0830078125
4922 -0.076171875
4923 -0.064453125
4924 -0.021484375
4925 -0.1328125
4926 -0.142578125
4927 -0.115234375
4928 -0.0595703125
4929 -0.1259765625
4930 -0.1123046875
4931 -0.09375
4932 -0.0419921875
4933 -0.111328125
4934 -0.09765625
4935 -0.083984375
4936 -0.0341796875
4937 -0.083984375
4938 -0.037109375
4939 -0.0234375
4940 0.0244140625
4941 -0.0283203125
4942 -0.0830078125
4943 -0.0654296875
4944 -0.017578125
4945 -0.0771484375
4946 -0.03125
4947 -0.017578125
4948 0.0283203125
4949 -0.0615234375
4950 -0.0908203125
4951 -0.072265625
4952 -0.0244140625
4953 -0.091796875
4954 -0.041015625
4955 -0.0263671875
4956 0.0234375
4957 -0.001953125
4958 0.0302734375
4959 0.0322265625
4960 0.0712890625
4961 -0.0205078125
4962 -0.0546875
4963 -0.048828125
4964 -0.00390625
4965 -0.1396484375
4966 -0.1220703125
4967 -0.09765625
4968 -0.0419921875
4969 -0.1240234375
4970 -0.099609375
4971 -0.0830078125
4972 -0.0322265625
4973 -0.1015625
4974 -0.0498046875
4975 -0.0302734375
4976 0.0185546875
4977 -0.076171875
4978 -0.1025390625
4979 -0.083984375
4980 -0.029296875
4981 -0.1005859375
4982 -0.0869140625
4983 -0.0693359375
4984 -0.0185546875
4985 -0.08984375
4986 -0.078125
4987 -0.0654296875
4988 -0.015625
4989 -0.12109375
4990 -0.064453125
4991 -0.0400390625
4992 0.0126953125
4993 -0.0068359375
4994 0.029296875
4995 0.0361328125
4996 0.07421875
4997 0.0751953125
4998 0.095703125
4999 0.09375
