x y
0 -0.0234375
1 -0.197265625
2 -0.1435546875
3 -0.0791015625
4 -0.072265625
5 -0.435546875
6 -0.1142578125
7 -0.041015625
8 -0.0615234375
9 -0.1767578125
10 -0.0830078125
11 -0.0146484375
12 -0.0390625
13 -0.146484375
14 -0.0205078125
15 0.05078125
16 0.0185546875
17 -0.087890625
18 -0.068359375
19 0.005859375
20 -0.0234375
21 -0.1474609375
22 -0.021484375
23 0.052734375
24 0.0185546875
25 -0.1123046875
26 -0.068359375
27 0.001953125
28 -0.02734375
29 -0.142578125
30 -0.0517578125
31 0.015625
32 -0.017578125
33 -0.1220703125
34 -0.0322265625
35 0.033203125
36 -0.005859375
37 -0.123046875
38 -0.0009765625
39 0.0693359375
40 0.03125
41 -0.056640625
42 0.0556640625
43 0.1201171875
44 0.0703125
45 0.0107421875
46 0.1142578125
47 0.1708984375
48 0.111328125
49 0.0146484375
50 0.0625
51 0.1123046875
52 0.0546875
53 -0.0771484375
54 0.03515625
55 0.0966796875
56 0.052734375
57 -0.0859375
58 -0.0439453125
59 0.01953125
60 -0.017578125
61 -0.1298828125
62 -0.044921875
63 0.0234375
64 -0.0146484375
65 -0.12890625
66 -0.0419921875
67 0.0244140625
68 -0.0146484375
69 -0.1552734375
70 -0.0263671875
71 0.0478515625
72 0.013671875
73 -0.04296875
74 0.0703125
75 0.1337890625
76 0.0810546875
77 -0.0146484375
78 0.037109375
79 0.0908203125
80 0.037109375
81 -0.0966796875
82 0.0205078125
83 0.0869140625
84 0.0439453125
85 -0.09765625
86 -0.0537109375
87 0.015625
88 -0.021484375
89 -0.1357421875
90 -0.0478515625
91 0.0205078125
92 -0.0166015625
93 -0.130859375
94 -0.0419921875
95 0.0224609375
96 -0.015625
97 -0.1591796875
98 -0.0283203125
99 0.0478515625
100 0.01171875
101 -0.0458984375
102 0.0703125
103 0.1337890625
104 0.0791015625
105 -0.0166015625
106 0.037109375
107 0.08984375
108 0.033203125
109 -0.09765625
110 0.0224609375
111 0.087890625
112 0.04296875
113 -0.095703125
114 -0.0556640625
115 0.013671875
116 -0.021484375
117 -0.13671875
118 -0.0478515625
119 0.0185546875
120 -0.0166015625
121 -0.134765625
122 -0.0419921875
123 0.0244140625
124 -0.0146484375
125 -0.1611328125
126 -0.0283203125
127 0.046875
128 0.01171875
129 -0.046875
130 0.0693359375
131 0.13671875
132 0.078125
133 -0.0166015625
134 0.0361328125
135 0.0927734375
136 0.0341796875
137 -0.099609375
138 0.021484375
139 0.0908203125
140 0.041015625
141 -0.0986328125
142 -0.0546875
143 0.0146484375
144 -0.0234375
145 -0.140625
146 -0.048828125
147 0.0205078125
148 -0.0185546875
149 -0.1357421875
150 -0.04296875
151 0.0234375
152 -0.0166015625
153 -0.1591796875
154 -0.0263671875
155 0.05078125
156 0.01171875
157 -0.0458984375
158 0.0703125
159 0.138671875
160 0.080078125
161 -0.0146484375
162 0.037109375
163 0.09375
164 0.0361328125
165 -0.099609375
166 0.0224609375
167 0.0908203125
168 0.04296875
169 -0.0966796875
170 -0.0546875
171 0.017578125
172 -0.0205078125
173 -0.1376953125
174 -0.046875
175 0.0234375
176 -0.0185546875
177 -0.1337890625
178 -0.0439453125
179 0.0244140625
180 -0.0166015625
181 -0.158203125
182 -0.02734375
183 0.046875
184 0.013671875
185 -0.0419921875
186 0.0703125
187 0.1318359375
188 0.08203125
189 -0.0126953125
190 0.037109375
191 0.0888671875
192 0.03515625
193 -0.09765625
194 0.0205078125
195 0.0869140625
196 0.04296875
197 -0.0986328125
198 -0.0556640625
199 0.0107421875
200 -0.0234375
201 -0.13671875
202 -0.0498046875
203 0.0185546875
204 -0.0166015625
205 -0.130859375
206 -0.0439453125
207 0.021484375
208 -0.013671875
209 -0.1572265625
210 -0.0283203125
211 0.0458984375
212 0.013671875
213 -0.041015625
214 0.0712890625
215 0.1318359375
216 0.08203125
217 -0.0126953125
218 0.037109375
219 0.08984375
220 0.0361328125
221 -0.09375
222 0.0205078125
223 0.0859375
224 0.0439453125
225 -0.095703125
226 -0.0556640625
227 0.0126953125
228 -0.021484375
229 -0.1337890625
230 -0.0478515625
231 0.01953125
232 -0.015625
233 -0.130859375
234 -0.0439453125
235 0.0205078125
236 -0.013671875
237 -0.1552734375
238 -0.0283203125
239 0.0439453125
240 0.013671875
241 -0.0419921875
242 0.0693359375
243 0.12890625
244 0.0791015625
245 -0.0126953125
246 0.03515625
247 0.0849609375
248 0.0361328125
249 -0.09375
250 0.01953125
251 0.0810546875
252 0.0439453125
253 -0.09375
254 -0.0556640625
255 0.005859375
256 -0.01953125
257 -0.1318359375
258 -0.0478515625
259 0.0146484375
260 -0.0126953125
261 -0.1259765625
262 -0.0419921875
263 0.01953125
264 -0.01171875
265 -0.1513671875
266 -0.0263671875
267 0.044921875
268 0.0146484375
269 -0.037109375
270 0.0693359375
271 0.12890625
272 0.0830078125
273 -0.009765625
274 0.0361328125
275 0.0869140625
276 0.037109375
277 -0.091796875
278 0.0234375
279 0.083984375
280 0.0439453125
281 -0.0908203125
282 -0.052734375
283 0.0107421875
284 -0.017578125
285 -0.1318359375
286 -0.0458984375
287 0.017578125
288 -0.0146484375
289 -0.1259765625
290 -0.04296875
291 0.021484375
292 -0.0146484375
293 -0.1533203125
294 -0.0283203125
295 0.044921875
296 0.0146484375
297 -0.0390625
298 0.0703125
299 0.1318359375
300 0.0810546875
301 -0.009765625
302 0.0361328125
303 0.087890625
304 0.037109375
305 -0.0927734375
306 0.01953125
307 0.0849609375
308 0.044921875
309 -0.0927734375
310 -0.0537109375
311 0.0087890625
312 -0.0185546875
313 -0.1318359375
314 -0.0478515625
315 0.01953125
316 -0.015625
317 -0.12890625
318 -0.0419921875
319 0.025390625
320 -0.013671875
321 -0.1552734375
322 -0.0263671875
323 0.05078125
324 0.0146484375
325 -0.0400390625
326 0.0712890625
327 0.1337890625
328 0.0810546875
329 -0.01171875
330 0.0380859375
331 0.08984375
332 0.037109375
333 -0.0927734375
334 0.0224609375
335 0.0849609375
336 0.044921875
337 -0.09375
338 -0.052734375
339 0.01171875
340 -0.0205078125
341 -0.1328125
342 -0.048828125
343 0.0166015625
344 -0.015625
345 -0.1279296875
346 -0.0419921875
347 0.021484375
348 -0.0126953125
349 -0.1572265625
350 -0.0283203125
351 0.044921875
352 0.0146484375
353 -0.0419921875
354 0.072265625
355 0.1337890625
356 0.08203125
357 -0.0107421875
358 0.037109375
359 0.0908203125
360 0.0361328125
361 -0.0947265625
362 0.021484375
363 0.0859375
364 0.04296875
365 -0.09375
366 -0.0546875
367 0.0107421875
368 -0.0205078125
369 -0.1328125
370 -0.048828125
371 0.015625
372 -0.013671875
373 -0.126953125
374 -0.041015625
375 0.0185546875
376 -0.0107421875
377 -0.1494140625
378 -0.0244140625
379 0.0439453125
380 0.017578125
381 -0.0341796875
382 0.0712890625
383 0.1298828125
384 0.0830078125
385 -0.0087890625
386 0.0361328125
387 0.0869140625
388 0.0380859375
389 -0.0888671875
390 0.021484375
391 0.083984375
392 0.0439453125
393 -0.0927734375
394 -0.0537109375
395 0.0087890625
396 -0.017578125
397 -0.130859375
398 -0.0478515625
399 0.017578125
400 -0.013671875
401 -0.1259765625
402 -0.04296875
403 0.0205078125
404 -0.0126953125
405 -0.1513671875
406 -0.0263671875
407 0.0478515625
408 0.015625
409 -0.037109375
410 0.0703125
411 0.1328125
412 0.0810546875
413 -0.0087890625
414 0.037109375
415 0.0869140625
416 0.0380859375
417 -0.091796875
418 0.021484375
419 0.0849609375
420 0.0458984375
421 -0.09375
422 -0.0537109375
423 0.0107421875
424 -0.0185546875
425 -0.134765625
426 -0.0478515625
427 0.021484375
428 -0.0166015625
429 -0.130859375
430 -0.041015625
431 0.025390625
432 -0.013671875
433 -0.15625
434 -0.02734375
435 0.048828125
436 0.013671875
437 -0.0439453125
438 0.0712890625
439 0.134765625
440 0.0810546875
441 -0.013671875
442 0.0380859375
443 0.091796875
444 0.037109375
445 -0.0966796875
446 0.0224609375
447 0.08984375
448 0.0439453125
449 -0.0966796875
450 -0.052734375
451 0.0166015625
452 -0.021484375
453 -0.1337890625
454 -0.046875
455 0.0244140625
456 -0.0166015625
457 -0.1298828125
458 -0.0400390625
459 0.025390625
460 -0.013671875
461 -0.158203125
462 -0.02734375
463 0.048828125
464 0.015625
465 -0.0458984375
466 0.072265625
467 0.1357421875
468 0.0830078125
469 -0.01171875
470 0.0380859375
471 0.08984375
472 0.0380859375
473 -0.095703125
474 0.0224609375
475 0.087890625
476 0.04296875
477 -0.0947265625
478 -0.052734375
479 0.0166015625
480 -0.01953125
481 -0.134765625
482 -0.0458984375
483 0.0224609375
484 -0.0146484375
485 -0.130859375
486 -0.0390625
487 0.0244140625
488 -0.0146484375
489 -0.1552734375
490 -0.0244140625
491 0.05078125
492 0.015625
493 -0.0419921875
494 0.0732421875
495 0.13671875
496 0.0830078125
497 -0.0126953125
498 0.0380859375
499 0.09375
500 0.037109375
501 -0.091796875
502 0.0234375
503 0.0888671875
504 0.0458984375
505 -0.091796875
506 -0.05078125
507 0.0166015625
508 -0.017578125
509 -0.1318359375
510 -0.0439453125
511 0.0205078125
512 -0.0126953125
513 -0.12890625
514 -0.0400390625
515 0.025390625
516 -0.01171875
517 -0.154296875
518 -0.025390625
519 0.05078125
520 0.015625
521 -0.0419921875
522 0.072265625
523 0.13671875
524 0.08203125
525 -0.0107421875
526 0.0390625
527 0.091796875
528 0.0390625
529 -0.0927734375
530 0.0224609375
531 0.0908203125
532 0.044921875
533 -0.0947265625
534 -0.0537109375
535 0.0166015625
536 -0.01953125
537 -0.1337890625
538 -0.0458984375
539 0.0224609375
540 -0.0146484375
541 -0.1279296875
542 -0.041015625
543 0.025390625
544 -0.0146484375
545 -0.1533203125
546 -0.02734375
547 0.0498046875
548 0.015625
549 -0.0390625
550 0.072265625
551 0.13671875
552 0.08203125
553 -0.0107421875
554 0.0400390625
555 0.0908203125
556 0.0380859375
557 -0.0927734375
558 0.0234375
559 0.08984375
560 0.0458984375
561 -0.0927734375
562 -0.05078125
563 0.0166015625
564 -0.0185546875
565 -0.1318359375
566 -0.046875
567 0.0205078125
568 -0.013671875
569 -0.126953125
570 -0.041015625
571 0.0224609375
572 -0.01171875
573 -0.154296875
574 -0.0263671875
575 0.046875
576 0.0146484375
577 -0.041015625
578 0.0712890625
579 0.1337890625
580 0.08203125
581 -0.0126953125
582 0.0380859375
583 0.08984375
584 0.037109375
585 -0.0947265625
586 0.0224609375
587 0.0859375
588 0.0439453125
589 -0.09375
590 -0.052734375
591 0.0146484375
592 -0.01953125
593 -0.1337890625
594 -0.0478515625
595 0.021484375
596 -0.0146484375
597 -0.1279296875
598 -0.0400390625
599 0.0234375
600 -0.013671875
601 -0.1533203125
602 -0.0244140625
603 0.0478515625
604 0.017578125
605 -0.0390625
606 0.07421875
607 0.134765625
608 0.083984375
609 -0.009765625
610 0.0400390625
611 0.08984375
612 0.0390625
613 -0.091796875
614 0.0234375
615 0.087890625
616 0.044921875
617 -0.0908203125
618 -0.0517578125
619 0.013671875
620 -0.017578125
621 -0.1318359375
622 -0.0458984375
623 0.01953125
624 -0.01171875
625 -0.1298828125
626 -0.041015625
627 0.0224609375
628 -0.013671875
629 -0.154296875
630 -0.0263671875
631 0.046875
632 0.015625
633 -0.0390625
634 0.072265625
635 0.1337890625
636 0.08203125
637 -0.0107421875
638 0.037109375
639 0.0908203125
640 0.0380859375
641 -0.0927734375
642 0.0224609375
643 0.0888671875
644 0.044921875
645 -0.0927734375
646 -0.0537109375
647 0.0126953125
648 -0.017578125
649 -0.1318359375
650 -0.044921875
651 0.01953125
652 -0.0146484375
653 -0.1279296875
654 -0.0400390625
655 0.0234375
656 -0.0126953125
657 -0.154296875
658 -0.0263671875
659 0.0478515625
660 0.015625
661 -0.0400390625
662 0.0712890625
663 0.1337890625
664 0.0830078125
665 -0.0107421875
666 0.0390625
667 0.091796875
668 0.0380859375
669 -0.0927734375
670 0.0234375
671 0.087890625
672 0.0458984375
673 -0.0947265625
674 -0.0517578125
675 0.015625
676 -0.0185546875
677 -0.134765625
678 -0.0458984375
679 0.0224609375
680 -0.0146484375
681 -0.12890625
682 -0.0419921875
683 0.0234375
684 -0.013671875
685 -0.15625
686 -0.0263671875
687 0.0478515625
688 0.013671875
689 -0.0400390625
690 0.0703125
691 0.1328125
692 0.08203125
693 -0.0107421875
694 0.0380859375
695 0.0888671875
696 0.0390625
697 -0.0927734375
698 0.0224609375
699 0.0849609375
700 0.0439453125
701 -0.09375
702 -0.05078125
703 0.0126953125
704 -0.017578125
705 -0.1298828125
706 -0.0458984375
707 0.0205078125
708 -0.013671875
709 -0.1259765625
710 -0.0400390625
711 0.0244140625
712 -0.0107421875
713 -0.1494140625
714 -0.025390625
715 0.046875
716 0.0166015625
717 -0.0400390625
718 0.072265625
719 0.134765625
720 0.083984375
721 -0.01171875
722 0.0390625
723 0.0908203125
724 0.0390625
725 -0.0927734375
726 0.0234375
727 0.0869140625
728 0.044921875
729 -0.0908203125
730 -0.05078125
731 0.0166015625
732 -0.017578125
733 -0.130859375
734 -0.0439453125
735 0.0224609375
736 -0.0146484375
737 -0.126953125
738 -0.0390625
739 0.0244140625
740 -0.01171875
741 -0.154296875
742 -0.0244140625
743 0.046875
744 0.0166015625
745 -0.0390625
746 0.07421875
747 0.134765625
748 0.0830078125
749 -0.0087890625
750 0.0380859375
751 0.091796875
752 0.037109375
753 -0.09375
754 0.0224609375
755 0.087890625
756 0.044921875
757 -0.0908203125
758 -0.05078125
759 0.0146484375
760 -0.0166015625
761 -0.1318359375
762 -0.0458984375
763 0.021484375
764 -0.01171875
765 -0.126953125
766 -0.0400390625
767 0.0244140625
768 -0.0107421875
769 -0.154296875
770 -0.0244140625
771 0.0498046875
772 0.015625
773 -0.0400390625
774 0.072265625
775 0.1337890625
776 0.08203125
777 -0.0107421875
778 0.0380859375
779 0.0927734375
780 0.037109375
781 -0.0927734375
782 0.0224609375
783 0.0869140625
784 0.046875
785 -0.0908203125
786 -0.05078125
787 0.0146484375
788 -0.0185546875
789 -0.1328125
790 -0.044921875
791 0.021484375
792 -0.013671875
793 -0.1259765625
794 -0.0400390625
795 0.021484375
796 -0.0107421875
797 -0.154296875
798 -0.02734375
799 0.0458984375
800 0.015625
801 -0.0380859375
802 0.0703125
803 0.1328125
804 0.0830078125
805 -0.0087890625
806 0.0390625
807 0.08984375
808 0.0390625
809 -0.09375
810 0.0224609375
811 0.0849609375
812 0.044921875
813 -0.0927734375
814 -0.0517578125
815 0.0107421875
816 -0.0166015625
817 -0.1318359375
818 -0.0478515625
819 0.0166015625
820 -0.0146484375
821 -0.126953125
822 -0.0439453125
823 0.017578125
824 -0.0126953125
825 -0.1494140625
826 -0.025390625
827 0.0439453125
828 0.0185546875
829 -0.0361328125
830 0.072265625
831 0.1298828125
832 0.083984375
833 -0.0087890625
834 0.0380859375
835 0.0869140625
836 0.0400390625
837 -0.0888671875
838 0.025390625
839 0.0830078125
840 0.0458984375
841 -0.0888671875
842 -0.05078125
843 0.01171875
844 -0.0166015625
845 -0.1298828125
846 -0.0458984375
847 0.01953125
848 -0.0126953125
849 -0.1240234375
850 -0.0419921875
851 0.0205078125
852 -0.0107421875
853 -0.1513671875
854 -0.0263671875
855 0.0458984375
856 0.0166015625
857 -0.0361328125
858 0.0712890625
859 0.1318359375
860 0.083984375
861 -0.0087890625
862 0.037109375
863 0.08984375
864 0.0380859375
865 -0.091796875
866 0.021484375
867 0.0869140625
868 0.044921875
869 -0.091796875
870 -0.0537109375
871 0.0126953125
872 -0.01953125
873 -0.130859375
874 -0.0458984375
875 0.017578125
876 -0.013671875
877 -0.126953125
878 -0.0400390625
879 0.021484375
880 -0.01171875
881 -0.1533203125
882 -0.0263671875
883 0.0458984375
884 0.0166015625
885 -0.0390625
886 0.0712890625
887 0.1337890625
888 0.083984375
889 -0.009765625
890 0.0380859375
891 0.0908203125
892 0.0380859375
893 -0.091796875
894 0.0224609375
895 0.087890625
896 0.044921875
897 -0.0927734375
898 -0.0517578125
899 0.015625
900 -0.0185546875
901 -0.130859375
902 -0.0458984375
903 0.0205078125
904 -0.0126953125
905 -0.126953125
906 -0.041015625
907 0.021484375
908 -0.01171875
909 -0.1533203125
910 -0.0283203125
911 0.0458984375
912 0.015625
913 -0.0390625
914 0.0703125
915 0.1337890625
916 0.0830078125
917 -0.0107421875
918 0.0380859375
919 0.0908203125
920 0.037109375
921 -0.0947265625
922 0.021484375
923 0.0849609375
924 0.044921875
925 -0.095703125
926 -0.0537109375
927 0.0126953125
928 -0.0185546875
929 -0.1328125
930 -0.0439453125
931 0.0205078125
932 -0.0146484375
933 -0.126953125
934 -0.041015625
935 0.0244140625
936 -0.01171875
937 -0.1513671875
938 -0.0263671875
939 0.0478515625
940 0.0166015625
941 -0.0380859375
942 0.072265625
943 0.1337890625
944 0.083984375
945 -0.009765625
946 0.0380859375
947 0.0888671875
948 0.0390625
949 -0.08984375
950 0.0244140625
951 0.087890625
952 0.0478515625
953 -0.091796875
954 -0.0517578125
955 0.013671875
956 -0.017578125
957 -0.130859375
958 -0.0458984375
959 0.021484375
960 -0.013671875
961 -0.1259765625
962 -0.0419921875
963 0.0244140625
964 -0.013671875
965 -0.15234375
966 -0.02734375
967 0.0458984375
968 0.015625
969 -0.0390625
970 0.072265625
971 0.1337890625
972 0.0830078125
973 -0.01171875
974 0.0400390625
975 0.0908203125
976 0.0380859375
977 -0.091796875
978 0.0224609375
979 0.087890625
980 0.0458984375
981 -0.0927734375
982 -0.052734375
983 0.0126953125
984 -0.01953125
985 -0.1318359375
986 -0.0458984375
987 0.0224609375
988 -0.013671875
989 -0.1279296875
990 -0.041015625
991 0.0234375
992 -0.0107421875
993 -0.1552734375
994 -0.025390625
995 0.0458984375
996 0.0166015625
997 -0.0380859375
998 0.0732421875
999 0.1337890625
1000 0.08203125
1001 -0.0107421875
1002 0.0390625
1003 0.091796875
1004 0.0380859375
1005 -0.091796875
1006 0.0244140625
1007 0.087890625
1008 0.0458984375
1009 -0.09375
1010 -0.0537109375
1011 0.0146484375
1012 -0.0185546875
1013 -0.134765625
1014 -0.046875
1015 0.01953125
1016 -0.013671875
1017 -0.12890625
1018 -0.0419921875
1019 0.0224609375
1020 -0.013671875
1021 -0.1572265625
1022 -0.025390625
1023 0.0458984375
1024 0.013671875
1025 -0.0419921875
1026 0.0712890625
1027 0.1357421875
1028 0.0830078125
1029 -0.0107421875
1030 0.0390625
1031 0.0947265625
1032 0.0380859375
1033 -0.09375
1034 0.0224609375
1035 0.08984375
1036 0.044921875
1037 -0.0966796875
1038 -0.052734375
1039 0.0166015625
1040 -0.01953125
1041 -0.13671875
1042 -0.044921875
1043 0.0244140625
1044 -0.0146484375
1045 -0.130859375
1046 -0.0400390625
1047 0.02734375
1048 -0.0146484375
1049 -0.154296875
1050 -0.0234375
1051 0.0517578125
1052 0.0166015625
1053 -0.041015625
1054 0.0732421875
1055 0.138671875
1056 0.0830078125
1057 -0.0126953125
1058 0.0390625
1059 0.0966796875
1060 0.0380859375
1061 -0.095703125
1062 0.0244140625
1063 0.0927734375
1064 0.0458984375
1065 -0.095703125
1066 -0.0517578125
1067 0.017578125
1068 -0.01953125
1069 -0.1357421875
1070 -0.044921875
1071 0.0234375
1072 -0.0146484375
1073 -0.1318359375
1074 -0.041015625
1075 0.02734375
1076 -0.01171875
1077 -0.1552734375
1078 -0.02734375
1079 0.0498046875
1080 0.015625
1081 -0.0400390625
1082 0.072265625
1083 0.1357421875
1084 0.0830078125
1085 -0.01171875
1086 0.0400390625
1087 0.091796875
1088 0.0380859375
1089 -0.0947265625
1090 0.0234375
1091 0.08984375
1092 0.0458984375
1093 -0.095703125
1094 -0.052734375
1095 0.0166015625
1096 -0.0185546875
1097 -0.1337890625
1098 -0.0458984375
1099 0.0224609375
1100 -0.013671875
1101 -0.1279296875
1102 -0.041015625
1103 0.025390625
1104 -0.01171875
1105 -0.15625
1106 -0.025390625
1107 0.048828125
1108 0.0146484375
1109 -0.041015625
1110 0.072265625
1111 0.1337890625
1112 0.083984375
1113 -0.01171875
1114 0.0400390625
1115 0.0908203125
1116 0.0380859375
1117 -0.09375
1118 0.0224609375
1119 0.0888671875
1120 0.0458984375
1121 -0.09375
1122 -0.0537109375
1123 0.0146484375
1124 -0.01953125
1125 -0.1337890625
1126 -0.0458984375
1127 0.021484375
1128 -0.0146484375
1129 -0.130859375
1130 -0.0419921875
1131 0.0234375
1132 -0.0126953125
1133 -0.1572265625
1134 -0.025390625
1135 0.048828125
1136 0.0166015625
1137 -0.0419921875
1138 0.072265625
1139 0.1357421875
1140 0.083984375
1141 -0.0107421875
1142 0.0380859375
1143 0.091796875
1144 0.037109375
1145 -0.09375
1146 0.0224609375
1147 0.0888671875
1148 0.0439453125
1149 -0.0947265625
1150 -0.0517578125
1151 0.015625
1152 -0.0185546875
1153 -0.134765625
1154 -0.0458984375
1155 0.0224609375
1156 -0.0146484375
1157 -0.1298828125
1158 -0.0390625
1159 0.0263671875
1160 -0.013671875
1161 -0.1572265625
1162 -0.0244140625
1163 0.0517578125
1164 0.0146484375
1165 -0.0419921875
1166 0.07421875
1167 0.138671875
1168 0.083984375
1169 -0.01171875
1170 0.0400390625
1171 0.095703125
1172 0.0380859375
1173 -0.0927734375
1174 0.0234375
1175 0.08984375
1176 0.0458984375
1177 -0.0927734375
1178 -0.0517578125
1179 0.0185546875
1180 -0.0166015625
1181 -0.1337890625
1182 -0.0439453125
1183 0.025390625
1184 -0.01171875
1185 -0.12890625
1186 -0.0400390625
1187 0.0263671875
1188 -0.0126953125
1189 -0.154296875
1190 -0.025390625
1191 0.048828125
1192 0.015625
1193 -0.0390625
1194 0.0732421875
1195 0.1376953125
1196 0.083984375
1197 -0.0107421875
1198 0.0400390625
1199 0.0927734375
1200 0.0400390625
1201 -0.0966796875
1202 0.021484375
1203 0.0888671875
1204 0.0458984375
1205 -0.0947265625
1206 -0.0517578125
1207 0.013671875
1208 -0.01953125
1209 -0.1328125
1210 -0.046875
1211 0.0205078125
1212 -0.013671875
1213 -0.1259765625
1214 -0.0400390625
1215 0.0244140625
1216 -0.01171875
1217 -0.15234375
1218 -0.025390625
1219 0.0478515625
1220 0.0166015625
1221 -0.0380859375
1222 0.0732421875
1223 0.1328125
1224 0.083984375
1225 -0.009765625
1226 0.0390625
1227 0.0908203125
1228 0.0400390625
1229 -0.0908203125
1230 0.0244140625
1231 0.0869140625
1232 0.0458984375
1233 -0.0927734375
1234 -0.0517578125
1235 0.0146484375
1236 -0.0166015625
1237 -0.130859375
1238 -0.0458984375
1239 0.01953125
1240 -0.013671875
1241 -0.125
1242 -0.0400390625
1243 0.0205078125
1244 -0.0107421875
1245 -0.1533203125
1246 -0.0263671875
1247 0.044921875
1248 0.015625
1249 -0.0390625
1250 0.0732421875
1251 0.1337890625
1252 0.083984375
1253 -0.0087890625
1254 0.0380859375
1255 0.0888671875
1256 0.0380859375
1257 -0.09375
1258 0.021484375
1259 0.0849609375
1260 0.0458984375
1261 -0.09375
1262 -0.0537109375
1263 0.0107421875
1264 -0.0185546875
1265 -0.1318359375
1266 -0.046875
1267 0.01953125
1268 -0.0126953125
1269 -0.126953125
1270 -0.041015625
1271 0.021484375
1272 -0.0107421875
1273 -0.150390625
1274 -0.0244140625
1275 0.044921875
1276 0.017578125
1277 -0.037109375
1278 0.072265625
1279 0.1318359375
1280 0.083984375
1281 -0.0078125
1282 0.0380859375
1283 0.0888671875
1284 0.0400390625
1285 -0.087890625
1286 0.0234375
1287 0.0869140625
1288 0.0458984375
1289 -0.0908203125
1290 -0.052734375
1291 0.0107421875
1292 -0.0185546875
1293 -0.1298828125
1294 -0.044921875
1295 0.017578125
1296 -0.0107421875
1297 -0.1259765625
1298 -0.041015625
1299 0.0205078125
1300 -0.01171875
1301 -0.1533203125
1302 -0.02734375
1303 0.044921875
1304 0.015625
1305 -0.0380859375
1306 0.0712890625
1307 0.1337890625
1308 0.0830078125
1309 -0.0087890625
1310 0.0380859375
1311 0.08984375
1312 0.0380859375
1313 -0.0927734375
1314 0.0234375
1315 0.0849609375
1316 0.044921875
1317 -0.0927734375
1318 -0.0537109375
1319 0.01171875
1320 -0.015625
1321 -0.130859375
1322 -0.0478515625
1323 0.0185546875
1324 -0.013671875
1325 -0.125
1326 -0.041015625
1327 0.0224609375
1328 -0.01171875
1329 -0.1513671875
1330 -0.02734375
1331 0.04296875
1332 0.017578125
1333 -0.037109375
1334 0.072265625
1335 0.12890625
1336 0.0849609375
1337 -0.0087890625
1338 0.0390625
1339 0.0869140625
1340 0.0400390625
1341 -0.08984375
1342 0.0234375
1343 0.083984375
1344 0.0458984375
1345 -0.09375
1346 -0.0546875
1347 0.0126953125
1348 -0.0185546875
1349 -0.130859375
1350 -0.048828125
1351 0.0166015625
1352 -0.0126953125
1353 -0.1259765625
1354 -0.04296875
1355 0.0205078125
1356 -0.01171875
1357 -0.1533203125
1358 -0.0283203125
1359 0.0439453125
1360 0.015625
1361 -0.0380859375
1362 0.0712890625
1363 0.1328125
1364 0.083984375
1365 -0.009765625
1366 0.0390625
1367 0.08984375
1368 0.0400390625
1369 -0.0947265625
1370 0.0234375
1371 0.0869140625
1372 0.044921875
1373 -0.0947265625
1374 -0.052734375
1375 0.0126953125
1376 -0.01953125
1377 -0.130859375
1378 -0.0458984375
1379 0.0205078125
1380 -0.013671875
1381 -0.125
1382 -0.0400390625
1383 0.021484375
1384 -0.0107421875
1385 -0.150390625
1386 -0.0234375
1387 0.0478515625
1388 0.017578125
1389 -0.037109375
1390 0.0751953125
1391 0.134765625
1392 0.083984375
1393 -0.009765625
1394 0.0400390625
1395 0.08984375
1396 0.0390625
1397 -0.0908203125
1398 0.0234375
1399 0.0888671875
1400 0.044921875
1401 -0.091796875
1402 -0.0517578125
1403 0.0146484375
1404 -0.015625
1405 -0.130859375
1406 -0.044921875
1407 0.021484375
1408 -0.01171875
1409 -0.12890625
1410 -0.0390625
1411 0.025390625
1412 -0.0107421875
1413 -0.1552734375
1414 -0.0244140625
1415 0.048828125
1416 0.0166015625
1417 -0.0390625
1418 0.0712890625
1419 0.1357421875
1420 0.0830078125
1421 -0.009765625
1422 0.0400390625
1423 0.09375
1424 0.0390625
1425 -0.091796875
1426 0.0244140625
1427 0.0888671875
1428 0.0439453125
1429 -0.0927734375
1430 -0.048828125
1431 0.0146484375
1432 -0.017578125
1433 -0.1328125
1434 -0.0439453125
1435 0.0234375
1436 -0.0126953125
1437 -0.1259765625
1438 -0.0380859375
1439 0.0283203125
1440 -0.0107421875
1441 -0.12890625
1442 -0.005859375
1443 0.0673828125
1444 0.02734375
1445 -0.080078125
1446 -0.0302734375
1447 0.03515625
1448 -0.0068359375
1449 -0.1220703125
1450 -0.0390625
1451 0.0283203125
1452 -0.0087890625
1453 -0.1318359375
1454 -0.044921875
1455 0.021484375
1456 -0.013671875
1457 -0.1826171875
1458 -0.083984375
1459 -0.0146484375
1460 -0.0419921875
1461 -0.197265625
1462 -0.0615234375
1463 0.0205078125
1464 -0.001953125
1465 -0.0751953125
1466 0.0419921875
1467 0.1103515625
1468 0.064453125
1469 0.0048828125
1470 0.1103515625
1471 0.16796875
1472 0.111328125
1473 0.0166015625
1474 0.0615234375
1475 0.109375
1476 0.0546875
1477 -0.0498046875
1478 0.0595703125
1479 0.1181640625
1480 0.0712890625
1481 -0.005859375
1482 0.0986328125
1483 0.1533203125
1484 0.09765625
1485 -0.01953125
1486 0.0224609375
1487 0.0751953125
1488 0.02734375
1489 -0.076171875
1490 0.03515625
1491 0.1005859375
1492 0.0546875
1493 -0.015625
1494 0.091796875
1495 0.150390625
1496 0.091796875
1497 -0.0185546875
1498 0.0263671875
1499 0.080078125
1500 0.0263671875
1501 -0.0849609375
1502 -0.00390625
1503 0.05859375
1504 0.0107421875
1505 -0.0869140625
1506 0.029296875
1507 0.0986328125
1508 0.046875
1509 -0.0673828125
1510 0.044921875
1511 0.109375
1512 0.0576171875
1513 -0.0478515625
1514 0.0615234375
1515 0.1259765625
1516 0.0693359375
1517 -0.00390625
1518 0.1005859375
1519 0.158203125
1520 0.095703125
1521 0.005859375
1522 0.048828125
1523 0.1005859375
1524 0.044921875
1525 -0.0478515625
1526 0.0576171875
1527 0.1171875
1528 0.064453125
1529 -0.044921875
1530 0.060546875
1531 0.1162109375
1532 0.0654296875
1533 -0.0947265625
1534 -0.05859375
1535 0.0048828125
1536 -0.0302734375
1537 -0.1962890625
1538 -0.1103515625
1539 -0.033203125
1540 -0.0576171875
1541 -0.16796875
1542 -0.037109375
1543 0.0380859375
1544 0.001953125
1545 -0.05859375
1546 0.056640625
1547 0.123046875
1548 0.06640625
1549 0.0
1550 0.10546875
1551 0.1640625
1552 0.1005859375
1553 -0.01953125
1554 0.021484375
1555 0.076171875
1556 0.01953125
1557 -0.1103515625
1558 -0.02734375
1559 0.03515625
1560 -0.01171875
1561 -0.1943359375
1562 -0.125
1563 -0.0419921875
1564 -0.068359375
1565 -0.1787109375
1566 -0.076171875
1567 -0.00390625
1568 -0.0419921875
1569 -0.2080078125
1570 -0.126953125
1571 -0.0439453125
1572 -0.0693359375
1573 -0.193359375
1574 -0.0537109375
1575 0.02734375
1576 -0.0087890625
1577 -0.107421875
1578 -0.0546875
1579 0.01953125
1580 -0.025390625
1581 -0.138671875
1582 -0.0458984375
1583 0.0224609375
1584 -0.0205078125
1585 -0.134765625
1586 -0.0458984375
1587 0.0234375
1588 -0.017578125
1589 -0.11328125
1590 0.0107421875
1591 0.0810546875
1592 0.037109375
1593 -0.01953125
1594 0.0927734375
1595 0.154296875
1596 0.0947265625
1597 -0.0224609375
1598 0.0849609375
1599 0.146484375
1600 0.0849609375
1601 -0.0224609375
1602 0.0849609375
1603 0.146484375
1604 0.0849609375
1605 0.0068359375
1606 0.1123046875
1607 0.1708984375
1608 0.1044921875
1609 0.0107421875
1610 0.0576171875
1611 0.111328125
1612 0.048828125
1613 -0.0478515625
1614 0.0625
1615 0.125
1616 0.0673828125
1617 -0.0478515625
1618 0.0615234375
1619 0.1220703125
1620 0.0654296875
1621 -0.09765625
1622 -0.0576171875
1623 0.005859375
1624 -0.0322265625
1625 -0.1962890625
1626 -0.1083984375
1627 -0.0283203125
1628 -0.0576171875
1629 -0.166015625
1630 -0.037109375
1631 0.0380859375
1632 0.0009765625
1633 -0.0732421875
1634 0.0439453125
1635 0.1083984375
1636 0.056640625
1637 -0.0078125
1638 0.099609375
1639 0.158203125
1640 0.095703125
1641 -0.021484375
1642 0.01953125
1643 0.072265625
1644 0.01953125
1645 -0.111328125
1646 -0.029296875
1647 0.03125
1648 -0.013671875
1649 -0.1962890625
1650 -0.1279296875
1651 -0.0419921875
1652 -0.0693359375
1653 -0.17578125
1654 -0.0771484375
1655 -0.0078125
1656 -0.0419921875
1657 -0.208984375
1658 -0.1279296875
1659 -0.0478515625
1660 -0.0703125
1661 -0.1923828125
1662 -0.056640625
1663 0.0224609375
1664 -0.0087890625
1665 -0.1064453125
1666 -0.056640625
1667 0.0126953125
1668 -0.0244140625
1669 -0.138671875
1670 -0.046875
1671 0.0166015625
1672 -0.0205078125
1673 -0.130859375
1674 -0.046875
1675 0.0205078125
1676 -0.017578125
1677 -0.107421875
1678 0.009765625
1679 0.0810546875
1680 0.0361328125
1681 -0.0146484375
1682 0.0947265625
1683 0.1552734375
1684 0.095703125
1685 0.0400390625
1686 0.142578125
1687 0.197265625
1688 0.1298828125
1689 0.068359375
1690 0.162109375
1691 0.2158203125
1692 0.1435546875
1693 0.037109375
1694 0.1318359375
1695 0.18359375
1696 0.115234375
1697 0.0078125
1698 0.107421875
1699 0.1611328125
1700 0.0966796875
1701 0.0185546875
1702 0.1181640625
1703 0.169921875
1704 0.103515625
1705 0.0126953125
1706 0.056640625
1707 0.107421875
1708 0.0458984375
1709 -0.0478515625
1710 0.060546875
1711 0.119140625
1712 0.0625
1713 0.0078125
1714 0.1083984375
1715 0.166015625
1716 0.0986328125
1717 0.0380859375
1718 0.134765625
1719 0.1884765625
1720 0.1171875
1721 0.013671875
1722 0.1064453125
1723 0.158203125
1724 0.0927734375
1725 -0.0673828125
1726 -0.0322265625
1727 0.0224609375
1728 -0.0224609375
1729 -0.1875
1730 -0.1044921875
1731 -0.03125
1732 -0.0625
1733 -0.17578125
1734 -0.044921875
1735 0.0263671875
1736 -0.01171875
1737 -0.07421875
1738 0.0390625
1739 0.1015625
1740 0.048828125
1741 -0.0166015625
1742 0.0849609375
1743 0.142578125
1744 0.080078125
1745 -0.0400390625
1746 -0.0009765625
1747 0.052734375
1748 0.001953125
1749 -0.12890625
1750 -0.048828125
1751 0.0107421875
1752 -0.03125
1753 -0.212890625
1754 -0.1435546875
1755 -0.0654296875
1756 -0.0869140625
1757 -0.1923828125
1758 -0.0947265625
1759 -0.0244140625
1760 -0.060546875
1761 -0.224609375
1762 -0.146484375
1763 -0.064453125
1764 -0.0849609375
1765 -0.2080078125
1766 -0.072265625
1767 0.0048828125
1768 -0.0224609375
1769 -0.123046875
1770 -0.0712890625
1771 -0.005859375
1772 -0.0390625
1773 -0.1611328125
1774 -0.0712890625
1775 -0.0087890625
1776 -0.0390625
1777 -0.166015625
1778 -0.0791015625
1779 -0.01171875
1780 -0.0419921875
1781 -0.1435546875
1782 -0.0185546875
1783 0.0517578125
1784 0.0146484375
1785 -0.0361328125
1786 0.0732421875
1787 0.1337890625
1788 0.0791015625
1789 0.01953125
1790 0.119140625
1791 0.177734375
1792 0.1103515625
1793 0.0439453125
1794 0.1416015625
1795 0.1953125
1796 0.1240234375
1797 0.056640625
1798 0.154296875
1799 0.205078125
1800 0.1318359375
1801 0.0654296875
1802 0.16015625
1803 0.2099609375
1804 0.1357421875
1805 0.0234375
1806 0.1171875
1807 0.16796875
1808 0.1005859375
1809 -0.0107421875
1810 0.0869140625
1811 0.1416015625
1812 0.0771484375
1813 0.0
1814 0.0966796875
1815 0.1494140625
1816 0.0849609375
1817 -0.005859375
1818 0.0361328125
1819 0.0830078125
1820 0.02734375
1821 -0.064453125
1822 0.041015625
1823 0.0986328125
1824 0.0458984375
1825 -0.017578125
1826 0.083984375
1827 0.1416015625
1828 0.0771484375
1829 0.013671875
1830 0.1123046875
1831 0.1669921875
1832 0.0966796875
1833 -0.0087890625
1834 0.0869140625
1835 0.1416015625
1836 0.07421875
1837 -0.0869140625
1838 -0.052734375
1839 0.00390625
1840 -0.041015625
1841 -0.2099609375
1842 -0.126953125
1843 -0.052734375
1844 -0.0810546875
1845 -0.1904296875
1846 -0.060546875
1847 0.0087890625
1848 -0.0244140625
1849 -0.0830078125
1850 0.0244140625
1851 0.0849609375
1852 0.03515625
1853 -0.02734375
1854 0.072265625
1855 0.1259765625
1856 0.0693359375
1857 -0.0498046875
1858 -0.0126953125
1859 0.037109375
1860 -0.009765625
1861 -0.138671875
1862 -0.0595703125
1863 -0.0029296875
1864 -0.0419921875
1865 -0.22265625
1866 -0.1552734375
1867 -0.078125
1868 -0.0966796875
1869 -0.201171875
1870 -0.10546875
1871 -0.0400390625
1872 -0.0693359375
1873 -0.2333984375
1874 -0.158203125
1875 -0.0810546875
1876 -0.095703125
1877 -0.212890625
1878 -0.083984375
1879 -0.0126953125
1880 -0.0322265625
1881 -0.130859375
1882 -0.083984375
1883 -0.0205078125
1884 -0.046875
1885 -0.1982421875
1886 -0.1103515625
1887 -0.0439453125
1888 -0.0654296875
1889 -0.20703125
1890 -0.1181640625
1891 -0.046875
1892 -0.06640625
1893 -0.16015625
1894 -0.0390625
1895 0.029296875
1896 0.0
1897 -0.0439453125
1898 0.060546875
1899 0.1171875
1900 0.068359375
1901 0.009765625
1902 0.1044921875
1903 0.1591796875
1904 0.1005859375
1905 0.0380859375
1906 0.1279296875
1907 0.1796875
1908 0.1162109375
1909 0.046875
1910 0.1396484375
1911 0.1884765625
1912 0.12109375
1913 0.05859375
1914 0.1474609375
1915 0.1962890625
1916 0.12890625
1917 0.021484375
1918 0.1103515625
1919 0.158203125
1920 0.095703125
1921 -0.0126953125
1922 0.08203125
1923 0.1328125
1924 0.0732421875
1925 -0.0029296875
1926 0.0908203125
1927 0.140625
1928 0.0791015625
1929 -0.009765625
1930 0.0283203125
1931 0.07421875
1932 0.0224609375
1933 -0.0673828125
1934 0.033203125
1935 0.087890625
1936 0.0419921875
1937 -0.015625
1938 0.080078125
1939 0.134765625
1940 0.076171875
1941 0.017578125
1942 0.1103515625
1943 0.158203125
1944 0.095703125
1945 -0.0068359375
1946 0.083984375
1947 0.1337890625
1948 0.0732421875
1949 -0.08203125
1950 -0.05078125
1951 0.0009765625
1952 -0.0400390625
1953 -0.1982421875
1954 -0.119140625
1955 -0.05078125
1956 -0.0771484375
1957 -0.185546875
1958 -0.0615234375
1959 0.005859375
1960 -0.025390625
1961 -0.0869140625
1962 0.021484375
1963 0.08203125
1964 0.033203125
1965 -0.0302734375
1966 0.0693359375
1967 0.123046875
1968 0.0634765625
1969 -0.0546875
1970 -0.017578125
1971 0.0341796875
1972 -0.015625
1973 -0.1435546875
1974 -0.0625
1975 -0.0029296875
1976 -0.044921875
1977 -0.228515625
1978 -0.1611328125
1979 -0.0830078125
1980 -0.1005859375
1981 -0.2060546875
1982 -0.111328125
1983 -0.0419921875
1984 -0.07421875
1985 -0.2373046875
1986 -0.1591796875
1987 -0.0810546875
1988 -0.1005859375
1989 -0.21875
1990 -0.0859375
1991 -0.0087890625
1992 -0.037109375
1993 -0.13671875
1994 -0.0859375
1995 -0.01953125
1996 -0.052734375
1997 -0.1689453125
1998 -0.0830078125
1999 -0.0205078125
2000 -0.0517578125
2001 -0.16796875
2002 -0.0859375
2003 -0.0205078125
2004 -0.0498046875
2005 -0.1435546875
2006 -0.0234375
2007 0.044921875
2008 0.0068359375
2009 -0.041015625
2010 0.064453125
2011 0.125
2012 0.0693359375
2013 0.0087890625
2014 0.107421875
2015 0.1611328125
2016 0.099609375
2017 0.03125
2018 0.125
2019 0.177734375
2020 0.1103515625
2021 0.0361328125
2022 0.1279296875
2023 0.1787109375
2024 0.111328125
2025 0.0478515625
2026 0.140625
2027 0.1884765625
2028 0.1201171875
2029 0.01171875
2030 0.1044921875
2031 0.1533203125
2032 0.087890625
2033 -0.0205078125
2034 0.07421875
2035 0.1298828125
2036 0.06640625
2037 -0.013671875
2038 0.0869140625
2039 0.1416015625
2040 0.07421875
2041 -0.0322265625
2042 0.0078125
2043 0.0625
2044 0.0048828125
2045 -0.087890625
2046 0.021484375
2047 0.0849609375
2048 0.029296875
2049 -0.0302734375
2050 0.0732421875
2051 0.1337890625
2052 0.0673828125
2053 0.005859375
2054 0.103515625
2055 0.16015625
2056 0.08984375
2057 -0.0185546875
2058 0.0791015625
2059 0.1318359375
2060 0.0654296875
2061 -0.0908203125
2062 -0.0576171875
2063 -0.001953125
2064 -0.046875
2065 -0.212890625
2066 -0.130859375
2067 -0.0595703125
2068 -0.0859375
2069 -0.1962890625
2070 -0.0703125
2071 -0.0029296875
2072 -0.0322265625
2073 -0.1064453125
2074 0.005859375
2075 0.0654296875
2076 0.021484375
2077 -0.0400390625
2078 0.0615234375
2079 0.1171875
2080 0.0595703125
2081 -0.0595703125
2082 -0.0224609375
2083 0.03125
2084 -0.0185546875
2085 -0.146484375
2086 -0.0673828125
2087 -0.0087890625
2088 -0.048828125
2089 -0.2294921875
2090 -0.1630859375
2091 -0.083984375
2092 -0.1044921875
2093 -0.208984375
2094 -0.1123046875
2095 -0.0439453125
2096 -0.076171875
2097 -0.2412109375
2098 -0.1640625
2099 -0.08203125
2100 -0.1015625
2101 -0.2265625
2102 -0.0888671875
2103 -0.009765625
2104 -0.0400390625
2105 -0.1416015625
2106 -0.0888671875
2107 -0.01953125
2108 -0.056640625
2109 -0.21875
2110 -0.123046875
2111 -0.0478515625
2112 -0.078125
2113 -0.232421875
2114 -0.1357421875
2115 -0.0576171875
2116 -0.0830078125
2117 -0.1708984375
2118 -0.0419921875
2119 0.029296875
2120 -0.0048828125
2121 -0.0546875
2122 0.0576171875
2123 0.1181640625
2124 0.0634765625
2125 0.0009765625
2126 0.1025390625
2127 0.1591796875
2128 0.095703125
2129 0.0224609375
2130 0.119140625
2131 0.173828125
2132 0.1044921875
2133 0.037109375
2134 0.1298828125
2135 0.1806640625
2136 0.1123046875
2137 0.048828125
2138 0.142578125
2139 0.19140625
2140 0.12109375
2141 0.0107421875
2142 0.103515625
2143 0.1533203125
2144 0.08984375
2145 -0.0234375
2146 0.0732421875
2147 0.126953125
2148 0.06640625
2149 -0.0146484375
2150 0.0849609375
2151 0.1396484375
2152 0.0732421875
2153 -0.01953125
2154 0.0234375
2155 0.076171875
2156 0.013671875
2157 -0.0771484375
2158 0.03125
2159 0.0927734375
2160 0.03515625
2161 -0.033203125
2162 0.07421875
2163 0.130859375
2164 0.064453125
2165 0.00390625
2166 0.1044921875
2167 0.1611328125
2168 0.0888671875
2169 -0.0185546875
2170 0.0810546875
2171 0.1337890625
2172 0.0673828125
2173 -0.0908203125
2174 -0.0537109375
2175 0.0048828125
2176 -0.0439453125
2177 -0.2060546875
2178 -0.1220703125
2179 -0.046875
2180 -0.0830078125
2181 -0.1923828125
2182 -0.0654296875
2183 0.0087890625
2184 -0.03125
2185 -0.0947265625
2186 0.021484375
2187 0.0859375
2188 0.029296875
2189 -0.0380859375
2190 0.0673828125
2191 0.1259765625
2192 0.0625
2193 -0.0625
2194 -0.0224609375
2195 0.0341796875
2196 -0.0205078125
2197 -0.1494140625
2198 -0.0654296875
2199 -0.005859375
2200 -0.0498046875
2201 -0.2314453125
2202 -0.1630859375
2203 -0.080078125
2204 -0.1064453125
2205 -0.2109375
2206 -0.11328125
2207 -0.041015625
2208 -0.076171875
2209 -0.244140625
2210 -0.162109375
2211 -0.0810546875
2212 -0.1044921875
2213 -0.2255859375
2214 -0.087890625
2215 -0.009765625
2216 -0.0390625
2217 -0.1416015625
2218 -0.087890625
2219 -0.0185546875
2220 -0.0556640625
2221 -0.1787109375
2222 -0.0859375
2223 -0.01953125
2224 -0.0576171875
2225 -0.1796875
2226 -0.091796875
2227 -0.0205078125
2228 -0.056640625
2229 -0.1494140625
2230 -0.025390625
2231 0.0458984375
2232 0.0048828125
2233 -0.046875
2234 0.0625
2235 0.125
2236 0.0673828125
2237 0.0048828125
2238 0.1064453125
2239 0.1650390625
2240 0.09765625
2241 0.0283203125
2242 0.1240234375
2243 0.181640625
2244 0.109375
2245 0.0361328125
2246 0.1328125
2247 0.185546875
2248 0.11328125
2249 0.0458984375
2250 0.1416015625
2251 0.1943359375
2252 0.1201171875
2253 0.0078125
2254 0.103515625
2255 0.1552734375
2256 0.0869140625
2257 -0.0283203125
2258 0.0732421875
2259 0.1279296875
2260 0.0634765625
2261 -0.017578125
2262 0.0830078125
2263 0.134765625
2264 0.0712890625
2265 -0.0341796875
2266 0.0048828125
2267 0.05859375
2268 0.0009765625
2269 -0.08984375
2270 0.0185546875
2271 0.0810546875
2272 0.0263671875
2273 -0.03125
2274 0.072265625
2275 0.1298828125
2276 0.0654296875
2277 0.0048828125
2278 0.103515625
2279 0.1572265625
2280 0.087890625
2281 -0.01953125
2282 0.078125
2283 0.1298828125
2284 0.0654296875
2285 -0.09375
2286 -0.05859375
2287 -0.001953125
2288 -0.048828125
2289 -0.21484375
2290 -0.1318359375
2291 -0.05859375
2292 -0.087890625
2293 -0.197265625
2294 -0.0703125
2295 0.001953125
2296 -0.0341796875
2297 -0.1064453125
2298 0.005859375
2299 0.068359375
2300 0.0185546875
2301 -0.0419921875
2302 0.0615234375
2303 0.1171875
2304 0.05859375
2305 -0.0595703125
2306 -0.021484375
2307 0.0302734375
2308 -0.01953125
2309 -0.1494140625
2310 -0.0673828125
2311 -0.0087890625
2312 -0.05078125
2313 -0.23046875
2314 -0.1650390625
2315 -0.0859375
2316 -0.10546875
2317 -0.2080078125
2318 -0.11328125
2319 -0.0458984375
2320 -0.078125
2321 -0.2412109375
2322 -0.1640625
2323 -0.0869140625
2324 -0.1025390625
2325 -0.2255859375
2326 -0.08984375
2327 -0.0126953125
2328 -0.0390625
2329 -0.1416015625
2330 -0.087890625
2331 -0.021484375
2332 -0.0556640625
2333 -0.2177734375
2334 -0.1240234375
2335 -0.05078125
2336 -0.078125
2337 -0.2314453125
2338 -0.138671875
2339 -0.05859375
2340 -0.08203125
2341 -0.169921875
2342 -0.04296875
2343 0.029296875
2344 -0.005859375
2345 -0.0537109375
2346 0.0576171875
2347 0.1171875
2348 0.0654296875
2349 0.0
2350 0.103515625
2351 0.1572265625
2352 0.0966796875
2353 0.0205078125
2354 0.1171875
2355 0.1708984375
2356 0.1044921875
2357 0.033203125
2358 0.1279296875
2359 0.1796875
2360 0.111328125
2361 0.046875
2362 0.138671875
2363 0.189453125
2364 0.119140625
2365 0.009765625
2366 0.103515625
2367 0.150390625
2368 0.087890625
2369 -0.0244140625
2370 0.0732421875
2371 0.1240234375
2372 0.0654296875
2373 -0.0126953125
2374 0.0849609375
2375 0.1328125
2376 0.07421875
2377 -0.01953125
2378 0.021484375
2379 0.0712890625
2380 0.0126953125
2381 -0.0732421875
2382 0.0283203125
2383 0.087890625
2384 0.03515625
2385 -0.02734375
2386 0.0712890625
2387 0.125
2388 0.0654296875
2389 0.0078125
2390 0.103515625
2391 0.1533203125
2392 0.0888671875
2393 -0.013671875
2394 0.080078125
2395 0.12890625
2396 0.06640625
2397 -0.0859375
2398 -0.0517578125
2399 0.0
2400 -0.0419921875
2401 -0.19921875
2402 -0.119140625
2403 -0.0498046875
2404 -0.078125
2405 -0.1865234375
2406 -0.064453125
2407 0.001953125
2408 -0.029296875
2409 -0.08984375
2410 0.017578125
2411 0.0771484375
2412 0.029296875
2413 -0.0341796875
2414 0.0654296875
2415 0.1181640625
2416 0.0615234375
2417 -0.060546875
2418 -0.0224609375
2419 0.02734375
2420 -0.01953125
2421 -0.1474609375
2422 -0.0673828125
2423 -0.0107421875
2424 -0.0498046875
2425 -0.2314453125
2426 -0.1650390625
2427 -0.0869140625
2428 -0.1064453125
2429 -0.2080078125
2430 -0.1123046875
2431 -0.0439453125
2432 -0.0771484375
2433 -0.240234375
2434 -0.1630859375
2435 -0.083984375
2436 -0.103515625
2437 -0.22265625
2438 -0.087890625
2439 -0.0126953125
2440 -0.0400390625
2441 -0.1396484375
2442 -0.087890625
2443 -0.01953125
2444 -0.0546875
2445 -0.1767578125
2446 -0.087890625
2447 -0.0224609375
2448 -0.0556640625
2449 -0.1796875
2450 -0.09375
2451 -0.0244140625
2452 -0.0576171875
2453 -0.1494140625
2454 -0.0283203125
2455 0.041015625
2456 0.0029296875
2457 -0.046875
2458 0.0615234375
2459 0.12109375
2460 0.064453125
2461 0.0068359375
2462 0.10546875
2463 0.1591796875
2464 0.0966796875
2465 0.029296875
2466 0.1240234375
2467 0.177734375
2468 0.1083984375
2469 0.037109375
2470 0.130859375
2471 0.1826171875
2472 0.111328125
2473 0.048828125
2474 0.1416015625
2475 0.1904296875
2476 0.1201171875
2477 0.0107421875
2478 0.1015625
2479 0.1513671875
2480 0.0859375
2481 -0.0244140625
2482 0.0712890625
2483 0.1220703125
2484 0.0634765625
2485 -0.0166015625
2486 0.0830078125
2487 0.1318359375
2488 0.0712890625
2489 -0.0361328125
2490 0.0068359375
2491 0.056640625
2492 0.001953125
2493 -0.08984375
2494 0.0185546875
2495 0.080078125
2496 0.025390625
2497 -0.03125
2498 0.0703125
2499 0.12890625
2500 0.0634765625
2501 0.0048828125
2502 0.1015625
2503 0.15625
2504 0.0869140625
2505 -0.0205078125
2506 0.076171875
2507 0.126953125
2508 0.0634765625
2509 -0.09375
2510 -0.056640625
2511 -0.0029296875
2512 -0.0458984375
2513 -0.2080078125
2514 -0.1279296875
2515 -0.056640625
2516 -0.0849609375
2517 -0.193359375
2518 -0.068359375
2519 0.001953125
2520 -0.033203125
2521 -0.0908203125
2522 0.0185546875
2523 0.0810546875
2524 0.029296875
2525 -0.033203125
2526 0.06640625
2527 0.1220703125
2528 0.0615234375
2529 -0.0625
2530 -0.0244140625
2531 0.0302734375
2532 -0.0224609375
2533 -0.1650390625
2534 -0.0791015625
2535 -0.0166015625
2536 -0.05859375
2537 -0.2412109375
2538 -0.171875
2539 -0.08984375
2540 -0.1103515625
2541 -0.2197265625
2542 -0.1201171875
2543 -0.0458984375
2544 -0.08203125
2545 -0.2578125
2546 -0.1767578125
2547 -0.091796875
2548 -0.11328125
2549 -0.263671875
2550 -0.119140625
2551 -0.03125
2552 -0.05859375
2553 -0.1376953125
2554 -0.0126953125
2555 0.056640625
2556 0.01171875
2557 -0.125
2558 -0.080078125
2559 -0.0107421875
2560 -0.05078125
2561 -0.1728515625
2562 -0.0830078125
2563 -0.01171875
2564 -0.0517578125
2565 -0.16015625
2566 -0.0693359375
2567 -0.0009765625
2568 -0.0439453125
2569 -0.1640625
2570 -0.0361328125
2571 0.037109375
2572 -0.0048828125
2573 -0.0966796875
2574 0.0224609375
2575 0.087890625
2576 0.03515625
2577 -0.029296875
2578 0.078125
2579 0.138671875
2580 0.076171875
2581 -0.0185546875
2582 0.03125
2583 0.0791015625
2584 0.0205078125
2585 -0.1103515625
2586 0.00390625
2587 0.0703125
2588 0.0205078125
2589 -0.1171875
2590 -0.0771484375
2591 -0.0087890625
2592 -0.0458984375
2593 -0.1630859375
2594 -0.0751953125
2595 -0.0068359375
2596 -0.044921875
2597 -0.1611328125
2598 -0.0712890625
2599 -0.0068359375
2600 -0.044921875
2601 -0.1865234375
2602 -0.0576171875
2603 0.0166015625
2604 -0.0146484375
2605 -0.0703125
2606 0.041015625
2607 0.1025390625
2608 0.052734375
2609 -0.0419921875
2610 0.0087890625
2611 0.0595703125
2612 0.0087890625
2613 -0.12109375
2614 -0.005859375
2615 0.05859375
2616 0.015625
2617 -0.12109375
2618 -0.0791015625
2619 -0.0146484375
2620 -0.044921875
2621 -0.1591796875
2622 -0.072265625
2623 -0.0078125
2624 -0.041015625
2625 -0.1552734375
2626 -0.06640625
2627 -0.0048828125
2628 -0.0380859375
2629 -0.1787109375
2630 -0.0517578125
2631 0.0205078125
2632 -0.0087890625
2633 -0.0634765625
2634 0.0458984375
2635 0.1064453125
2636 0.0595703125
2637 -0.03515625
2638 0.013671875
2639 0.0654296875
2640 0.013671875
2641 -0.115234375
2642 0.0
2643 0.0625
2644 0.021484375
2645 -0.1171875
2646 -0.0771484375
2647 -0.01171875
2648 -0.0419921875
2649 -0.1552734375
2650 -0.0703125
2651 -0.0048828125
2652 -0.0380859375
2653 -0.150390625
2654 -0.064453125
2655 0.0
2656 -0.03515625
2657 -0.1748046875
2658 -0.048828125
2659 0.0263671875
2660 -0.005859375
2661 -0.0615234375
2662 0.05078125
2663 0.11328125
2664 0.0615234375
2665 -0.03125
2666 0.017578125
2667 0.0693359375
2668 0.0185546875
2669 -0.1142578125
2670 0.0029296875
2671 0.068359375
2672 0.025390625
2673 -0.115234375
2674 -0.0732421875
2675 -0.00390625
2676 -0.041015625
2677 -0.1552734375
2678 -0.0654296875
2679 0.0048828125
2680 -0.033203125
2681 -0.1494140625
2682 -0.05859375
2683 0.0087890625
2684 -0.0322265625
2685 -0.173828125
2686 -0.04296875
2687 0.033203125
2688 -0.0029296875
2689 -0.060546875
2690 0.0556640625
2691 0.119140625
2692 0.064453125
2693 -0.0302734375
2694 0.0224609375
2695 0.076171875
2696 0.021484375
2697 -0.1123046875
2698 0.005859375
2699 0.07421875
2700 0.0283203125
2701 -0.1123046875
2702 -0.0673828125
2703 0.0029296875
2704 -0.037109375
2705 -0.150390625
2706 -0.0625
2707 0.009765625
2708 -0.03125
2709 -0.1455078125
2710 -0.0556640625
2711 0.0107421875
2712 -0.0283203125
2713 -0.1728515625
2714 -0.0400390625
2715 0.0341796875
2716 -0.0009765625
2717 -0.0576171875
2718 0.05859375
2719 0.12109375
2720 0.0673828125
2721 -0.0263671875
2722 0.025390625
2723 0.080078125
2724 0.0234375
2725 -0.1103515625
2726 0.009765625
2727 0.0771484375
2728 0.0302734375
2729 -0.109375
2730 -0.0673828125
2731 0.00390625
2732 -0.033203125
2733 -0.1494140625
2734 -0.0595703125
2735 0.0107421875
2736 -0.0283203125
2737 -0.146484375
2738 -0.0537109375
2739 0.0126953125
2740 -0.025390625
2741 -0.1728515625
2742 -0.0400390625
2743 0.03515625
2744 0.0009765625
2745 -0.056640625
2746 0.0595703125
2747 0.1240234375
2748 0.0703125
2749 -0.025390625
2750 0.0263671875
2751 0.0810546875
2752 0.025390625
2753 -0.107421875
2754 0.0126953125
2755 0.0791015625
2756 0.03125
2757 -0.1064453125
2758 -0.0634765625
2759 0.00390625
2760 -0.0302734375
2761 -0.1474609375
2762 -0.056640625
2763 0.01171875
2764 -0.0263671875
2765 -0.1416015625
2766 -0.0517578125
2767 0.0146484375
2768 -0.0234375
2769 -0.1689453125
2770 -0.037109375
2771 0.0380859375
2772 0.0029296875
2773 -0.052734375
2774 0.0615234375
2775 0.125
2776 0.0732421875
2777 -0.0205078125
2778 0.0283203125
2779 0.080078125
2780 0.02734375
2781 -0.10546875
2782 0.0126953125
2783 0.076171875
2784 0.03515625
2785 -0.1044921875
2786 -0.0625
2787 0.00390625
2788 -0.0283203125
2789 -0.14453125
2790 -0.056640625
2791 0.009765625
2792 -0.0244140625
2793 -0.13671875
2794 -0.0517578125
2795 0.0146484375
2796 -0.021484375
2797 -0.1630859375
2798 -0.0341796875
2799 0.0400390625
2800 0.0068359375
2801 -0.052734375
2802 0.0625
2803 0.1279296875
2804 0.072265625
2805 -0.0205078125
2806 0.0302734375
2807 0.08203125
2808 0.0302734375
2809 -0.099609375
2810 0.017578125
2811 0.080078125
2812 0.037109375
2813 -0.099609375
2814 -0.05859375
2815 0.0087890625
2816 -0.025390625
2817 -0.138671875
2818 -0.0537109375
2819 0.013671875
2820 -0.0205078125
2821 -0.1337890625
2822 -0.0478515625
2823 0.0146484375
2824 -0.01953125
2825 -0.1611328125
2826 -0.0341796875
2827 0.0390625
2828 0.0078125
2829 -0.0478515625
2830 0.0634765625
2831 0.1259765625
2832 0.076171875
2833 -0.0185546875
2834 0.0302734375
2835 0.0830078125
2836 0.0302734375
2837 -0.1005859375
2838 0.013671875
2839 0.0791015625
2840 0.0380859375
2841 -0.099609375
2842 -0.060546875
2843 0.0068359375
2844 -0.025390625
2845 -0.138671875
2846 -0.0537109375
2847 0.013671875
2848 -0.021484375
2849 -0.1357421875
2850 -0.046875
2851 0.0185546875
2852 -0.0185546875
2853 -0.162109375
2854 -0.0322265625
2855 0.04296875
2856 0.009765625
2857 -0.0478515625
2858 0.0654296875
2859 0.12890625
2860 0.0751953125
2861 -0.0166015625
2862 0.033203125
2863 0.0859375
2864 0.0322265625
2865 -0.1005859375
2866 0.0166015625
2867 0.0830078125
2868 0.0380859375
2869 -0.0986328125
2870 -0.0556640625
2871 0.009765625
2872 -0.0244140625
2873 -0.140625
2874 -0.0517578125
2875 0.017578125
2876 -0.01953125
2877 -0.1357421875
2878 -0.046875
2879 0.0185546875
2880 -0.017578125
2881 -0.1630859375
2882 -0.033203125
2883 0.04296875
2884 0.0087890625
2885 -0.048828125
2886 0.0654296875
2887 0.130859375
2888 0.0751953125
2889 -0.0185546875
2890 0.0322265625
2891 0.0888671875
2892 0.03125
2893 -0.1005859375
2894 0.0166015625
2895 0.083984375
2896 0.0390625
2897 -0.1005859375
2898 -0.05859375
2899 0.0107421875
2900 -0.025390625
2901 -0.138671875
2902 -0.0517578125
2903 0.015625
2904 -0.0185546875
2905 -0.1337890625
2906 -0.046875
2907 0.0185546875
2908 -0.017578125
2909 -0.158203125
2910 -0.03125
2911 0.04296875
2912 0.01171875
2913 -0.0419921875
2914 0.0673828125
2915 0.12890625
2916 0.080078125
2917 -0.013671875
2918 0.033203125
2919 0.0849609375
2920 0.0341796875
2921 -0.095703125
2922 0.0185546875
2923 0.0810546875
2924 0.04296875
2925 -0.0966796875
2926 -0.0576171875
2927 0.0078125
2928 -0.021484375
2929 -0.1357421875
2930 -0.0517578125
2931 0.015625
2932 -0.0185546875
2933 -0.1318359375
2934 -0.046875
2935 0.0166015625
2936 -0.0166015625
2937 -0.1591796875
2938 -0.033203125
2939 0.0400390625
2940 0.01171875
2941 -0.04296875
2942 0.06640625
2943 0.1279296875
2944 0.078125
2945 -0.013671875
2946 0.0361328125
2947 0.0859375
2948 0.03515625
2949 -0.0947265625
2950 0.0185546875
2951 0.0810546875
2952 0.0419921875
2953 -0.095703125
2954 -0.0576171875
2955 0.0087890625
2956 -0.0224609375
2957 -0.1328125
2958 -0.05078125
2959 0.015625
2960 -0.0185546875
2961 -0.1318359375
2962 -0.0439453125
2963 0.017578125
2964 -0.015625
2965 -0.15625
2966 -0.029296875
2967 0.04296875
2968 0.013671875
2969 -0.0400390625
2970 0.0693359375
2971 0.12890625
2972 0.080078125
2973 -0.01171875
2974 0.0361328125
2975 0.0859375
2976 0.0341796875
2977 -0.095703125
2978 0.01953125
2979 0.083984375
2980 0.041015625
2981 -0.0966796875
2982 -0.056640625
2983 0.009765625
2984 -0.021484375
2985 -0.1357421875
2986 -0.0498046875
2987 0.015625
2988 -0.0166015625
2989 -0.1318359375
2990 -0.0439453125
2991 0.017578125
2992 -0.015625
2993 -0.1552734375
2994 -0.029296875
2995 0.041015625
2996 0.013671875
2997 -0.0380859375
2998 0.0673828125
2999 0.125
3000 0.080078125
3001 -0.0107421875
3002 0.03515625
3003 0.0830078125
3004 0.0361328125
3005 -0.0927734375
3006 0.01953125
3007 0.0791015625
3008 0.04296875
3009 -0.09375
3010 -0.056640625
3011 0.0068359375
3012 -0.0205078125
3013 -0.1328125
3014 -0.0498046875
3015 0.013671875
3016 -0.0146484375
3017 -0.126953125
3018 -0.0439453125
3019 0.017578125
3020 -0.0126953125
3021 -0.1513671875
3022 -0.0263671875
3023 0.0439453125
3024 0.0146484375
3025 -0.0380859375
3026 0.0703125
3027 0.130859375
3028 0.0810546875
3029 -0.0126953125
3030 0.0361328125
3031 0.0869140625
3032 0.0361328125
3033 -0.091796875
3034 0.021484375
3035 0.0830078125
3036 0.0439453125
3037 -0.0927734375
3038 -0.0517578125
3039 0.0126953125
3040 -0.01953125
3041 -0.1318359375
3042 -0.0478515625
3043 0.0185546875
3044 -0.015625
3045 -0.126953125
3046 -0.0419921875
3047 0.0205078125
3048 -0.0126953125
3049 -0.15234375
3050 -0.0263671875
3051 0.0439453125
3052 0.0146484375
3053 -0.0400390625
3054 0.0693359375
3055 0.1298828125
3056 0.0830078125
3057 -0.01171875
3058 0.0361328125
3059 0.0859375
3060 0.0361328125
3061 -0.0927734375
3062 0.0205078125
3063 0.0849609375
3064 0.0439453125
3065 -0.091796875
3066 -0.052734375
3067 0.0126953125
3068 -0.0205078125
3069 -0.1318359375
3070 -0.0478515625
3071 0.017578125
3072 -0.015625
3073 -0.1279296875
3074 -0.0419921875
3075 0.021484375
3076 -0.0126953125
3077 -0.1533203125
3078 -0.02734375
3079 0.044921875
3080 0.0146484375
3081 -0.041015625
3082 0.0703125
3083 0.130859375
3084 0.0810546875
3085 -0.01171875
3086 0.037109375
3087 0.0888671875
3088 0.0361328125
3089 -0.0908203125
3090 0.0205078125
3091 0.0869140625
3092 0.0439453125
3093 -0.0927734375
3094 -0.0537109375
3095 0.0126953125
3096 -0.0185546875
3097 -0.1328125
3098 -0.0478515625
3099 0.0185546875
3100 -0.015625
3101 -0.12890625
3102 -0.0419921875
3103 0.0224609375
3104 -0.013671875
3105 -0.1552734375
3106 -0.0263671875
3107 0.0458984375
3108 0.013671875
3109 -0.041015625
3110 0.0703125
3111 0.1328125
3112 0.0810546875
3113 -0.0126953125
3114 0.037109375
3115 0.08984375
3116 0.0361328125
3117 -0.0927734375
3118 0.021484375
3119 0.083984375
3120 0.0439453125
3121 -0.095703125
3122 -0.0556640625
3123 0.0107421875
3124 -0.0205078125
3125 -0.1357421875
3126 -0.048828125
3127 0.0166015625
3128 -0.015625
3129 -0.1298828125
3130 -0.0419921875
3131 0.021484375
3132 -0.0146484375
3133 -0.154296875
3134 -0.02734375
3135 0.046875
3136 0.0146484375
3137 -0.0400390625
3138 0.0712890625
3139 0.134765625
3140 0.080078125
3141 -0.009765625
3142 0.0380859375
3143 0.091796875
3144 0.037109375
3145 -0.09375
3146 0.0224609375
3147 0.0869140625
3148 0.0439453125
3149 -0.09375
3150 -0.052734375
3151 0.015625
3152 -0.0185546875
3153 -0.1337890625
3154 -0.046875
3155 0.0205078125
3156 -0.015625
3157 -0.1279296875
3158 -0.04296875
3159 0.0224609375
3160 -0.013671875
3161 -0.154296875
3162 -0.02734375
3163 0.046875
3164 0.0146484375
3165 -0.041015625
3166 0.0712890625
3167 0.1328125
3168 0.08203125
3169 -0.0126953125
3170 0.037109375
3171 0.08984375
3172 0.037109375
3173 -0.095703125
3174 0.021484375
3175 0.0849609375
3176 0.044921875
3177 -0.095703125
3178 -0.0537109375
3179 0.0126953125
3180 -0.0205078125
3181 -0.1337890625
3182 -0.048828125
3183 0.01953125
3184 -0.0146484375
3185 -0.12890625
3186 -0.04296875
3187 0.0234375
3188 -0.013671875
3189 -0.15625
3190 -0.0263671875
3191 0.0478515625
3192 0.0146484375
3193 -0.04296875
3194 0.0703125
3195 0.134765625
3196 0.0810546875
3197 -0.01171875
3198 0.0380859375
3199 0.091796875
3200 0.037109375
3201 -0.095703125
3202 0.0224609375
3203 0.087890625
3204 0.0439453125
3205 -0.095703125
3206 -0.0546875
3207 0.0166015625
3208 -0.01953125
3209 -0.1337890625
3210 -0.0458984375
3211 0.021484375
3212 -0.0146484375
3213 -0.1318359375
3214 -0.0419921875
3215 0.0234375
3216 -0.0146484375
3217 -0.1591796875
3218 -0.02734375
3219 0.0478515625
3220 0.0146484375
3221 -0.041015625
3222 0.0703125
3223 0.1328125
3224 0.0810546875
3225 -0.013671875
3226 0.037109375
3227 0.08984375
3228 0.0380859375
3229 -0.0947265625
3230 0.0205078125
3231 0.0859375
3232 0.044921875
3233 -0.09375
3234 -0.0537109375
3235 0.0146484375
3236 -0.01953125
3237 -0.134765625
3238 -0.0458984375
3239 0.021484375
3240 -0.013671875
3241 -0.130859375
3242 -0.0400390625
3243 0.0224609375
3244 -0.01171875
3245 -0.15234375
3246 -0.0244140625
3247 0.0478515625
3248 0.015625
3249 -0.0400390625
3250 0.0703125
3251 0.134765625
3252 0.08203125
3253 -0.0107421875
3254 0.0400390625
3255 0.091796875
3256 0.037109375
3257 -0.091796875
3258 0.0234375
3259 0.0888671875
3260 0.044921875
3261 -0.091796875
3262 -0.05078125
3263 0.015625
3264 -0.017578125
3265 -0.1318359375
3266 -0.044921875
3267 0.0224609375
3268 -0.0146484375
3269 -0.1279296875
3270 -0.0400390625
3271 0.0224609375
3272 -0.0126953125
3273 -0.154296875
3274 -0.0283203125
3275 0.046875
3276 0.0146484375
3277 -0.0400390625
3278 0.0712890625
3279 0.1337890625
3280 0.0830078125
3281 -0.0107421875
3282 0.0380859375
3283 0.0908203125
3284 0.037109375
3285 -0.0927734375
3286 0.0224609375
3287 0.0859375
3288 0.0458984375
3289 -0.091796875
3290 -0.0498046875
3291 0.0146484375
3292 -0.0166015625
3293 -0.1318359375
3294 -0.044921875
3295 0.0205078125
3296 -0.013671875
3297 -0.125
3298 -0.0400390625
3299 0.0244140625
3300 -0.01171875
3301 -0.1533203125
3302 -0.025390625
3303 0.0478515625
3304 0.0166015625
3305 -0.0400390625
3306 0.072265625
3307 0.1357421875
3308 0.0830078125
3309 -0.0107421875
3310 0.0390625
3311 0.091796875
3312 0.0380859375
3313 -0.095703125
3314 0.0234375
3315 0.08984375
3316 0.0439453125
3317 -0.095703125
3318 -0.0517578125
3319 0.017578125
3320 -0.0205078125
3321 -0.134765625
3322 -0.0458984375
3323 0.0234375
3324 -0.015625
3325 -0.1298828125
3326 -0.041015625
3327 0.025390625
3328 -0.0126953125
3329 -0.158203125
3330 -0.025390625
3331 0.048828125
3332 0.0146484375
3333 -0.0419921875
3334 0.072265625
3335 0.13671875
3336 0.08203125
3337 -0.013671875
3338 0.0400390625
3339 0.09375
3340 0.037109375
3341 -0.095703125
3342 0.0224609375
3343 0.0888671875
3344 0.0439453125
3345 -0.0947265625
3346 -0.0537109375
3347 0.017578125
3348 -0.0185546875
3349 -0.1328125
3350 -0.044921875
3351 0.0224609375
3352 -0.013671875
3353 -0.12890625
3354 -0.0400390625
3355 0.0244140625
3356 -0.01171875
3357 -0.1572265625
3358 -0.025390625
3359 0.05078125
3360 0.015625
3361 -0.0419921875
3362 0.0732421875
3363 0.1376953125
3364 0.0810546875
3365 -0.01171875
3366 0.0390625
3367 0.0927734375
3368 0.0361328125
3369 -0.09375
3370 0.0234375
3371 0.0888671875
3372 0.044921875
3373 -0.09375
3374 -0.05078125
3375 0.0166015625
3376 -0.017578125
3377 -0.134765625
3378 -0.0458984375
3379 0.0224609375
3380 -0.013671875
3381 -0.130859375
3382 -0.0400390625
3383 0.025390625
3384 -0.0126953125
3385 -0.158203125
3386 -0.02734375
3387 0.0498046875
3388 0.0146484375
3389 -0.0419921875
3390 0.0712890625
3391 0.138671875
3392 0.0830078125
3393 -0.013671875
3394 0.0390625
3395 0.09765625
3396 0.037109375
3397 -0.09765625
3398 0.0224609375
3399 0.0927734375
3400 0.0439453125
3401 -0.09375
3402 -0.05078125
3403 0.017578125
3404 -0.01953125
3405 -0.134765625
3406 -0.0439453125
3407 0.0234375
3408 -0.0146484375
3409 -0.1279296875
3410 -0.0380859375
3411 0.03125
3412 -0.0126953125
3413 -0.1337890625
3414 -0.0087890625
3415 0.068359375
3416 0.02734375
3417 -0.0859375
3418 -0.0361328125
3419 0.03125
3420 -0.009765625
3421 -0.1650390625
3422 -0.0927734375
3423 -0.0146484375
3424 -0.0419921875
3425 -0.1904296875
3426 -0.107421875
3427 -0.0244140625
3428 -0.048828125
3429 -0.1552734375
3430 -0.0615234375
3431 0.0107421875
3432 -0.021484375
3433 -0.1240234375
3434 -0.033203125
3435 0.0361328125
3436 -0.0029296875
3437 -0.099609375
3438 0.0234375
3439 0.0927734375
3440 0.048828125
3441 -0.052734375
3442 -0.0068359375
3443 0.0576171875
3444 0.0126953125
3445 -0.1591796875
3446 -0.0869140625
3447 -0.0087890625
3448 -0.0361328125
3449 -0.1513671875
3450 -0.0625
3451 0.01171875
3452 -0.0185546875
3453 -0.1396484375
3454 -0.048828125
3455 0.0205078125
3456 -0.013671875
3457 -0.1142578125
3458 0.0087890625
3459 0.0830078125
3460 0.0419921875
3461 -0.005859375
3462 0.1044921875
3463 0.1650390625
3464 0.109375
3465 -0.001953125
3466 0.0390625
3467 0.091796875
3468 0.04296875
3469 -0.1318359375
3470 -0.0625
3471 0.005859375
3472 -0.0224609375
3473 -0.1328125
3474 -0.0517578125
3475 0.0048828125
3476 -0.0068359375
3477 -0.09375
3478 -0.0263671875
3479 0.0185546875
3480 0.005859375
3481 -0.0849609375
3482 0.0126953125
3483 0.0615234375
3484 0.048828125
3485 -0.068359375
3486 -0.048828125
3487 0.0029296875
3488 -0.00390625
3489 -0.130859375
3490 -0.0244140625
3491 0.033203125
3492 0.0263671875
3493 -0.0361328125
3494 0.0546875
3495 0.099609375
3496 0.080078125
3497 0.0185546875
3498 0.0966796875
3499 0.134765625
3500 0.1083984375
3501 0.0390625
3502 0.111328125
3503 0.1484375
3504 0.119140625
3505 0.0673828125
3506 0.1396484375
3507 0.171875
3508 0.1376953125
3509 0.0615234375
3510 0.0751953125
3511 0.10546875
3512 0.07421875
3513 -0.0185546875
3514 0.0322265625
3515 0.0625
3516 0.0400390625
3517 -0.0595703125
3518 -0.001953125
3519 0.0341796875
3520 0.017578125
3521 -0.087890625
3522 0.0048828125
3523 0.05078125
3524 0.037109375
3525 -0.0634765625
3526 -0.041015625
3527 0.0068359375
3528 -0.0068359375
3529 -0.1630859375
3530 -0.052734375
3531 0.0087890625
3532 0.0029296875
3533 -0.115234375
3534 -0.0888671875
3535 -0.0322265625
3536 -0.0341796875
3537 -0.1484375
3538 -0.080078125
3539 -0.0234375
3540 -0.02734375
3541 -0.1767578125
3542 -0.099609375
3543 -0.0419921875
3544 -0.0400390625
3545 -0.169921875
3546 -0.0927734375
3547 -0.0361328125
3548 -0.0380859375
3549 -0.1669921875
3550 -0.0546875
3551 0.0087890625
3552 0.005859375
3553 -0.0703125
3554 0.025390625
3555 0.076171875
3556 0.05859375
3557 -0.01953125
3558 0.06640625
3559 0.1103515625
3560 0.0849609375
3561 -0.001953125
3562 0.080078125
3563 0.1201171875
3564 0.0947265625
3565 -0.001953125
3566 0.078125
3567 0.119140625
3568 0.0908203125
3569 -0.01171875
3570 0.068359375
3571 0.1103515625
3572 0.083984375
3573 0.0263671875
3574 0.10546875
3575 0.1416015625
3576 0.109375
3577 0.00390625
3578 0.017578125
3579 0.0537109375
3580 0.03125
3581 -0.0830078125
3582 -0.02734375
3583 0.0146484375
3584 0.001953125
3585 -0.1396484375
3586 -0.07421875
3587 -0.025390625
3588 -0.0283203125
3589 -0.15234375
3590 -0.080078125
3591 -0.029296875
3592 -0.033203125
3593 -0.1640625
3594 -0.0556640625
3595 0.005859375
3596 0.0048828125
3597 -0.0810546875
3598 0.013671875
3599 0.0634765625
3600 0.048828125
3601 -0.048828125
3602 0.0361328125
3603 0.0810546875
3604 0.064453125
3605 -0.0439453125
3606 0.041015625
3607 0.0849609375
3608 0.0654296875
3609 0.005859375
3610 0.0849609375
3611 0.12109375
3612 0.0947265625
3613 0.01171875
3614 0.08984375
3615 0.125
3616 0.0966796875
3617 -0.0419921875
3618 -0.029296875
3619 0.013671875
3620 0.0009765625
3621 -0.1279296875
3622 -0.0244140625
3623 0.025390625
3624 0.0185546875
3625 -0.0888671875
3626 -0.09375
3627 -0.0341796875
3628 -0.0361328125
3629 -0.1220703125
3630 -0.0185546875
3631 0.0341796875
3632 0.0263671875
3633 -0.0625
3634 -0.0361328125
3635 0.0087890625
3636 -0.0029296875
3637 -0.09375
3638 -0.03515625
3639 0.01171875
3640 -0.0009765625
3641 -0.1396484375
3642 -0.0732421875
3643 -0.0205078125
3644 -0.0263671875
3645 -0.15625
3646 -0.048828125
3647 0.0107421875
3648 0.005859375
3649 -0.1328125
3650 -0.10546875
3651 -0.044921875
3652 -0.04296875
3653 -0.1904296875
3654 -0.0732421875
3655 -0.005859375
3656 -0.0048828125
3657 -0.091796875
3658 0.005859375
3659 0.0595703125
3660 0.0458984375
3661 -0.0390625
3662 0.0478515625
3663 0.0966796875
3664 0.072265625
3665 -0.0078125
3666 0.0732421875
3667 0.1171875
3668 0.08984375
3669 0.001953125
3670 0.08203125
3671 0.1220703125
3672 0.091796875
3673 -0.005859375
3674 0.0732421875
3675 0.1142578125
3676 0.0869140625
3677 -0.0234375
3678 0.0595703125
3679 0.1015625
3680 0.0771484375
3681 0.001953125
3682 0.083984375
3683 0.1201171875
3684 0.0908203125
3685 0.0048828125
3686 0.08203125
3687 0.1220703125
3688 0.091796875
3689 0.0361328125
3690 0.1123046875
3691 0.1474609375
3692 0.1123046875
3693 0.056640625
3694 0.1298828125
3695 0.162109375
3696 0.123046875
3697 0.0380859375
3698 0.0537109375
3699 0.083984375
3700 0.05078125
3701 -0.0546875
3702 0.033203125
3703 0.07421875
3704 0.0537109375
3705 -0.052734375
3706 -0.03125
3707 0.0107421875
3708 -0.0078125
3709 -0.1181640625
3710 -0.0595703125
3711 -0.0087890625
3712 -0.0234375
3713 -0.140625
3714 -0.076171875
3715 -0.0205078125
3716 -0.0322265625
3717 -0.1357421875
3718 -0.0712890625
3719 -0.0205078125
3720 -0.029296875
3721 -0.1376953125
3722 -0.0703125
3723 -0.0205078125
3724 -0.029296875
3725 -0.140625
3726 -0.076171875
3727 -0.025390625
3728 -0.0322265625
3729 -0.1748046875
3730 -0.1064453125
3731 -0.0458984375
3732 -0.0498046875
3733 -0.154296875
3734 -0.080078125
3735 -0.0263671875
3736 -0.03515625
3737 -0.1748046875
3738 -0.1025390625
3739 -0.04296875
3740 -0.044921875
3741 -0.130859375
3742 -0.0634765625
3743 -0.013671875
3744 -0.01953125
3745 -0.123046875
3746 -0.0546875
3747 -0.0107421875
3748 -0.01953125
3749 -0.1318359375
3750 -0.064453125
3751 -0.0146484375
3752 -0.01953125
3753 -0.1748046875
3754 -0.0634765625
3755 -0.001953125
3756 -0.001953125
3757 -0.06640625
3758 0.0283203125
3759 0.076171875
3760 0.0595703125
3761 -0.068359375
3762 0.0234375
3763 0.068359375
3764 0.052734375
3765 -0.0888671875
3766 -0.0703125
3767 -0.017578125
3768 -0.021484375
3769 -0.1953125
3770 -0.1181640625
3771 -0.0546875
3772 -0.0498046875
3773 -0.158203125
3774 -0.0830078125
3775 -0.02734375
3776 -0.03125
3777 -0.119140625
3778 -0.013671875
3779 0.0439453125
3780 0.0322265625
3781 -0.05859375
3782 -0.056640625
3783 0.001953125
3784 -0.0078125
3785 -0.1103515625
3786 -0.005859375
3787 0.048828125
3788 0.037109375
3789 -0.0927734375
3790 -0.06640625
3791 -0.01171875
3792 -0.015625
3793 -0.12890625
3794 -0.0185546875
3795 0.0390625
3796 0.0322265625
3797 -0.0390625
3798 0.0546875
3799 0.09765625
3800 0.076171875
3801 -0.0595703125
3802 -0.041015625
3803 0.0078125
3804 -0.0029296875
3805 -0.1904296875
3806 -0.11328125
3807 -0.044921875
3808 -0.0439453125
3809 -0.1435546875
3810 -0.0693359375
3811 -0.015625
3812 -0.0185546875
3813 -0.1572265625
3814 -0.0419921875
3815 0.0166015625
3816 0.015625
3817 -0.138671875
3818 -0.099609375
3819 -0.041015625
3820 -0.0390625
3821 -0.1474609375
3822 -0.033203125
3823 0.025390625
3824 0.0224609375
3825 -0.0537109375
3826 0.0419921875
3827 0.0927734375
3828 0.072265625
3829 -0.064453125
3830 -0.0439453125
3831 0.009765625
3832 0.0009765625
3833 -0.1103515625
3834 -0.001953125
3835 0.0498046875
3836 0.0419921875
3837 -0.046875
3838 -0.0224609375
3839 0.025390625
3840 0.0146484375
3841 -0.0888671875
3842 -0.0283203125
3843 0.0234375
3844 0.0107421875
3845 -0.1005859375
3846 -0.037109375
3847 0.0126953125
3848 0.001953125
3849 -0.1611328125
3850 -0.0830078125
3851 -0.02734375
3852 -0.029296875
3853 -0.181640625
3854 -0.0595703125
3855 0.0048828125
3856 0.0078125
3857 -0.103515625
3858 0.0029296875
3859 0.05859375
3860 0.0498046875
3861 -0.0498046875
3862 -0.0205078125
3863 0.021484375
3864 0.01171875
3865 -0.125
3866 -0.013671875
3867 0.0419921875
3868 0.0341796875
3869 -0.052734375
3870 0.0439453125
3871 0.0927734375
3872 0.076171875
3873 -0.0068359375
3874 0.017578125
3875 0.05859375
3876 0.0380859375
3877 -0.08203125
3878 0.0166015625
3879 0.068359375
3880 0.0556640625
3881 -0.0615234375
3882 -0.037109375
3883 0.0126953125
3884 0.0048828125
3885 -0.0947265625
3886 -0.02734375
3887 0.01953125
3888 0.0107421875
3889 -0.1328125
3890 -0.0625
3891 -0.0087890625
3892 -0.01171875
3893 -0.16015625
3894 -0.0439453125
3895 0.0166015625
3896 0.0166015625
3897 -0.0712890625
3898 0.0263671875
3899 0.0810546875
3900 0.064453125
3901 -0.0263671875
3902 0.0625
3903 0.109375
3904 0.087890625
3905 -0.001953125
3906 0.08203125
3907 0.125
3908 0.1005859375
3909 0.005859375
3910 0.08984375
3911 0.1298828125
3912 0.103515625
3913 0.00390625
3914 0.083984375
3915 0.125
3916 0.0986328125
3917 -0.01953125
3918 0.064453125
3919 0.107421875
3920 0.0830078125
3921 -0.005859375
3922 0.0751953125
3923 0.1201171875
3924 0.0927734375
3925 0.0068359375
3926 0.0244140625
3927 0.0625
3928 0.041015625
3929 -0.0458984375
3930 0.0439453125
3931 0.087890625
3932 0.0693359375
3933 0.0185546875
3934 0.1005859375
3935 0.1376953125
3936 0.1083984375
3937 0.03515625
3938 0.1103515625
3939 0.146484375
3940 0.11328125
3941 0.0244140625
3942 0.099609375
3943 0.138671875
3944 0.1064453125
3945 0.0380859375
3946 0.11328125
3947 0.1474609375
3948 0.1142578125
3949 0.0615234375
3950 0.1357421875
3951 0.1689453125
3952 0.1298828125
3953 0.08984375
3954 0.16015625
3955 0.1943359375
3956 0.150390625
3957 0.103515625
3958 0.1708984375
3959 0.2021484375
3960 0.15625
3961 0.0966796875
3962 0.1640625
3963 0.19140625
3964 0.1455078125
3965 0.0947265625
3966 0.1611328125
3967 0.19140625
3968 0.1455078125
3969 0.0947265625
3970 0.1591796875
3971 0.1884765625
3972 0.142578125
3973 0.056640625
3974 0.076171875
3975 0.0986328125
3976 0.0595703125
3977 -0.0390625
3978 0.0078125
3979 0.0380859375
3980 0.013671875
3981 -0.087890625
3982 0.0009765625
3983 0.0458984375
3984 0.02734375
3985 -0.021484375
3986 0.0576171875
3987 0.0986328125
3988 0.0673828125
3989 -0.03125
3990 -0.009765625
3991 0.0234375
3992 -0.001953125
3993 -0.1103515625
3994 -0.0498046875
3995 -0.0107421875
3996 -0.0244140625
3997 -0.1611328125
3998 -0.09765625
3999 -0.0498046875
4000 -0.0537109375
4001 -0.197265625
4002 -0.08984375
4003 -0.0302734375
4004 -0.0283203125
4005 -0.09765625
4006 -0.0078125
4007 0.041015625
4008 0.0263671875
4009 -0.0380859375
4010 0.041015625
4011 0.0810546875
4012 0.05859375
4013 -0.009765625
4014 0.0625
4015 0.099609375
4016 0.0732421875
4017 0.00390625
4018 0.0751953125
4019 0.109375
4020 0.0810546875
4021 0.0048828125
4022 0.0771484375
4023 0.111328125
4024 0.08203125
4025 0.025390625
4026 0.0947265625
4027 0.1279296875
4028 0.09375
4029 0.0166015625
4030 0.0322265625
4031 0.0625
4032 0.0302734375
4033 -0.0625
4034 -0.0166015625
4035 0.0205078125
4036 -0.0029296875
4037 -0.1064453125
4038 -0.0517578125
4039 -0.013671875
4040 -0.02734375
4041 -0.111328125
4042 -0.01953125
4043 0.0263671875
4044 0.0126953125
4045 -0.064453125
4046 -0.0400390625
4047 0.0
4048 -0.0166015625
4049 -0.126953125
4050 -0.033203125
4051 0.0126953125
4052 0.0029296875
4053 -0.1396484375
4054 -0.1142578125
4055 -0.064453125
4056 -0.0654296875
4057 -0.2060546875
4058 -0.0947265625
4059 -0.0322265625
4060 -0.0322265625
4061 -0.0810546875
4062 0.0107421875
4063 0.0546875
4064 0.037109375
4065 -0.078125
4066 -0.056640625
4067 -0.015625
4068 -0.0263671875
4069 -0.1279296875
4070 -0.0625
4071 -0.017578125
4072 -0.0302734375
4073 -0.1630859375
4074 -0.09765625
4075 -0.0478515625
4076 -0.052734375
4077 -0.2099609375
4078 -0.1416015625
4079 -0.0791015625
4080 -0.072265625
4081 -0.201171875
4082 -0.126953125
4083 -0.0673828125
4084 -0.06640625
4085 -0.1611328125
4086 -0.0888671875
4087 -0.0380859375
4088 -0.0419921875
4089 -0.1611328125
4090 -0.052734375
4091 0.0009765625
4092 -0.0029296875
4093 -0.1611328125
4094 -0.130859375
4095 -0.072265625
4096 -0.0654296875
4097 -0.177734375
4098 -0.1044921875
4099 -0.046875
4100 -0.0478515625
4101 -0.1240234375
4102 -0.052734375
4103 -0.0048828125
4104 -0.017578125
4105 -0.1396484375
4106 -0.0380859375
4107 0.0146484375
4108 0.009765625
4109 -0.1259765625
4110 -0.1005859375
4111 -0.0419921875
4112 -0.0400390625
4113 -0.1328125
4114 -0.0283203125
4115 0.0263671875
4116 0.0205078125
4117 -0.025390625
4118 0.0615234375
4119 0.1015625
4120 0.0791015625
4121 0.01171875
4122 0.0908203125
4123 0.1259765625
4124 0.09765625
4125 0.041015625
4126 0.072265625
4127 0.0703125
4128 0.0986328125
4129 -0.00390625
4130 -0.0439453125
4131 -0.0390625
4132 0.0029296875
4133 -0.083984375
4134 -0.0380859375
4135 -0.0244140625
4136 0.0234375
4137 -0.0517578125
4138 -0.08203125
4139 -0.0712890625
4140 -0.0224609375
4141 -0.0810546875
4142 -0.0703125
4143 -0.0595703125
4144 -0.013671875
4145 -0.11328125
4146 -0.1005859375
4147 -0.083984375
4148 -0.0322265625
4149 -0.12890625
4150 -0.07421875
4151 -0.0498046875
4152 0.0029296875
4153 -0.044921875
4154 -0.005859375
4155 0.0048828125
4156 0.0478515625
4157 -0.001953125
4158 0.0283203125
4159 0.033203125
4160 0.0703125
4161 0.0244140625
4162 0.048828125
4163 0.052734375
4164 0.0849609375
4165 0.0341796875
4166 0.0556640625
4167 0.0576171875
4168 0.087890625
4169 0.033203125
4170 0.052734375
4171 0.0546875
4172 0.0849609375
4173 0.0087890625
4174 0.0341796875
4175 0.0361328125
4176 0.0693359375
4177 0.015625
4178 0.0419921875
4179 0.0419921875
4180 0.0751953125
4181 0.0302734375
4182 -0.0107421875
4183 -0.0126953125
4184 0.0244140625
4185 -0.021484375
4186 0.0107421875
4187 0.0166015625
4188 0.0537109375
4189 0.0458984375
4190 0.06640625
4191 0.064453125
4192 0.09375
4193 0.0634765625
4194 0.0791015625
4195 0.07421875
4196 0.0986328125
4197 0.0537109375
4198 0.0693359375
4199 0.06640625
4200 0.0947265625
4201 0.0673828125
4202 0.083984375
4203 0.0771484375
4204 0.1015625
4205 0.09375
4206 0.1064453125
4207 0.0986328125
4208 0.12109375
4209 0.123046875
4210 0.1318359375
4211 0.1220703125
4212 0.138671875
4213 0.1376953125
4214 0.1416015625
4215 0.1318359375
4216 0.146484375
4217 0.130859375
4218 0.1337890625
4219 0.12109375
4220 0.13671875
4221 0.12890625
4222 0.1328125
4223 0.12109375
4224 0.134765625
4225 0.126953125
4226 0.1318359375
4227 0.119140625
4228 0.1337890625
4229 0.0908203125
4230 0.0498046875
4231 0.033203125
4232 0.05078125
4233 -0.009765625
4234 -0.01953125
4235 -0.02734375
4236 0.001953125
4237 -0.060546875
4238 -0.029296875
4239 -0.0234375
4240 0.015625
4241 0.01171875
4242 0.0322265625
4243 0.0322265625
4244 0.060546875
4245 0.0
4246 -0.0380859375
4247 -0.0400390625
4248 -0.0068359375
4249 -0.10546875
4250 -0.1005859375
4251 -0.0947265625
4252 -0.0478515625
4253 -0.1103515625
4254 -0.103515625
4255 -0.0947265625
4256 -0.0478515625
4257 -0.0986328125
4258 -0.0908203125
4259 -0.0830078125
4260 -0.041015625
4261 -0.103515625
4262 -0.0966796875
4263 -0.0859375
4264 -0.0419921875
4265 -0.154296875
4266 -0.16015625
4267 -0.13671875
4268 -0.080078125
4269 -0.1455078125
4270 -0.130859375
4271 -0.1142578125
4272 -0.060546875
4273 -0.130859375
4274 -0.1171875
4275 -0.1044921875
4276 -0.052734375
4277 -0.103515625
4278 -0.0546875
4279 -0.041015625
4280 0.00390625
4281 -0.048828125
4282 -0.1025390625
4283 -0.083984375
4284 -0.0380859375
4285 -0.1025390625
4286 -0.056640625
4287 -0.0390625
4288 0.005859375
4289 -0.0947265625
4290 -0.125
4291 -0.103515625
4292 -0.0498046875
4293 -0.12109375
4294 -0.0673828125
4295 -0.05078125
4296 0.0009765625
4297 -0.025390625
4298 0.01171875
4299 0.013671875
4300 0.0517578125
4301 -0.052734375
4302 -0.0869140625
4303 -0.076171875
4304 -0.0302734375
4305 -0.166015625
4306 -0.146484375
4307 -0.119140625
4308 -0.0625
4309 -0.14453125
4310 -0.1171875
4311 -0.1015625
4312 -0.0498046875
4313 -0.119140625
4314 -0.0625
4315 -0.046875
4316 0.0048828125
4317 -0.08984375
4318 -0.115234375
4319 -0.095703125
4320 -0.0419921875
4321 -0.11328125
4322 -0.09765625
4323 -0.0810546875
4324 -0.0302734375
4325 -0.1015625
4326 -0.0908203125
4327 -0.076171875
4328 -0.0263671875
4329 -0.1396484375
4330 -0.0810546875
4331 -0.0556640625
4332 0.0
4333 -0.0205078125
4334 0.017578125
4335 0.0234375
4336 0.060546875
4337 0.060546875
4338 0.0830078125
4339 0.0830078125
4340 0.1103515625
4341 0.1171875
4342 0.1298828125
4343 0.1259765625
4344 0.146484375
4345 0.1435546875
4346 0.15234375
4347 0.142578125
4348 0.1591796875
4349 0.142578125
4350 0.1474609375
4351 0.138671875
4352 0.15234375
4353 0.1455078125
4354 0.1513671875
4355 0.140625
4356 0.1533203125
4357 0.1455078125
4358 0.150390625
4359 0.138671875
4360 0.1533203125
4361 0.109375
4362 0.0703125
4363 0.052734375
4364 0.0712890625
4365 0.0078125
4366 0.0
4367 -0.0078125
4368 0.0224609375
4369 -0.0439453125
4370 -0.009765625
4371 -0.0029296875
4372 0.033203125
4373 0.0283203125
4374 0.05078125
4375 0.0498046875
4376 0.078125
4377 0.0185546875
4378 -0.0224609375
4379 -0.0224609375
4380 0.0087890625
4381 -0.0888671875
4382 -0.0849609375
4383 -0.076171875
4384 -0.033203125
4385 -0.09375
4386 -0.087890625
4387 -0.078125
4388 -0.033203125
4389 -0.0849609375
4390 -0.0732421875
4391 -0.06640625
4392 -0.0234375
4393 -0.087890625
4394 -0.0791015625
4395 -0.0703125
4396 -0.0283203125
4397 -0.1357421875
4398 -0.1455078125
4399 -0.1220703125
4400 -0.0634765625
4401 -0.1298828125
4402 -0.1162109375
4403 -0.0986328125
4404 -0.0478515625
4405 -0.115234375
4406 -0.1025390625
4407 -0.087890625
4408 -0.0390625
4409 -0.08984375
4410 -0.0419921875
4411 -0.02734375
4412 0.01953125
4413 -0.0341796875
4414 -0.0869140625
4415 -0.0712890625
4416 -0.0234375
4417 -0.08203125
4418 -0.0361328125
4419 -0.0234375
4420 0.021484375
4421 -0.0703125
4422 -0.099609375
4423 -0.08203125
4424 -0.0322265625
4425 -0.1064453125
4426 -0.052734375
4427 -0.0361328125
4428 0.013671875
4429 -0.0107421875
4430 0.021484375
4431 0.025390625
4432 0.0615234375
4433 -0.029296875
4434 -0.0634765625
4435 -0.0576171875
4436 -0.013671875
4437 -0.150390625
4438 -0.1298828125
4439 -0.10546875
4440 -0.048828125
4441 -0.1337890625
4442 -0.107421875
4443 -0.08984375
4444 -0.0400390625
4445 -0.107421875
4446 -0.0537109375
4447 -0.037109375
4448 0.015625
4449 -0.078125
4450 -0.1064453125
4451 -0.0859375
4452 -0.033203125
4453 -0.1044921875
4454 -0.0908203125
4455 -0.072265625
4456 -0.0224609375
4457 -0.0947265625
4458 -0.0830078125
4459 -0.0673828125
4460 -0.0185546875
4461 -0.12890625
4462 -0.0693359375
4463 -0.0458984375
4464 0.0087890625
4465 -0.013671875
4466 0.0234375
4467 0.029296875
4468 0.0693359375
4469 0.0693359375
4470 0.08984375
4471 0.08984375
4472 0.1171875
4473 0.125
4474 0.13671875
4475 0.1328125
4476 0.1513671875
4477 0.1494140625
4478 0.1572265625
4479 0.1474609375
4480 0.1640625
4481 0.1484375
4482 0.1552734375
4483 0.1435546875
4484 0.16015625
4485 0.1513671875
4486 0.15625
4487 0.1435546875
4488 0.1591796875
4489 0.15234375
4490 0.1552734375
4491 0.1435546875
4492 0.1591796875
4493 0.1162109375
4494 0.0751953125
4495 0.05859375
4496 0.0771484375
4497 0.015625
4498 0.0029296875
4499 -0.001953125
4500 0.02734375
4501 -0.037109375
4502 -0.00390625
4503 0.0
4504 0.0390625
4505 0.03515625
4506 0.0576171875
4507 0.0556640625
4508 0.0830078125
4509 0.0234375
4510 -0.0166015625
4511 -0.017578125
4512 0.0126953125
4513 -0.0830078125
4514 -0.0810546875
4515 -0.0712890625
4516 -0.0283203125
4517 -0.08984375
4518 -0.083984375
4519 -0.0751953125
4520 -0.029296875
4521 -0.0791015625
4522 -0.0703125
4523 -0.064453125
4524 -0.021484375
4525 -0.083984375
4526 -0.0751953125
4527 -0.06640625
4528 -0.0224609375
4529 -0.134765625
4530 -0.140625
4531 -0.1181640625
4532 -0.0595703125
4533 -0.125
4534 -0.11328125
4535 -0.0947265625
4536 -0.0439453125
4537 -0.111328125
4538 -0.0986328125
4539 -0.0849609375
4540 -0.033203125
4541 -0.0830078125
4542 -0.0361328125
4543 -0.021484375
4544 0.0234375
4545 -0.0302734375
4546 -0.083984375
4547 -0.0673828125
4548 -0.01953125
4549 -0.078125
4550 -0.03125
4551 -0.01953125
4552 0.02734375
4553 -0.0654296875
4554 -0.09375
4555 -0.0771484375
4556 -0.0263671875
4557 -0.099609375
4558 -0.0478515625
4559 -0.029296875
4560 0.0185546875
4561 -0.0068359375
4562 0.025390625
4563 0.029296875
4564 0.0654296875
4565 -0.0263671875
4566 -0.0615234375
4567 -0.0556640625
4568 -0.0107421875
4569 -0.1474609375
4570 -0.1279296875
4571 -0.103515625
4572 -0.0458984375
4573 -0.1298828125
4574 -0.103515625
4575 -0.0888671875
4576 -0.0341796875
4577 -0.10546875
4578 -0.0537109375
4579 -0.0341796875
4580 0.0166015625
4581 -0.078125
4582 -0.103515625
4583 -0.083984375
4584 -0.0302734375
4585 -0.1015625
4586 -0.087890625
4587 -0.0693359375
4588 -0.0185546875
4589 -0.091796875
4590 -0.080078125
4591 -0.064453125
4592 -0.0146484375
4593 -0.12890625
4594 -0.0703125
4595 -0.0458984375
4596 0.01171875
4597 -0.0107421875
4598 0.0263671875
4599 0.03125
4600 0.0712890625
4601 0.0712890625
4602 0.091796875
4603 0.0908203125
4604 0.1181640625
4605 0.1279296875
4606 0.140625
4607 0.1337890625
4608 0.1533203125
4609 0.154296875
4610 0.158203125
4611 0.150390625
4612 0.166015625
4613 0.15234375
4614 0.15625
4615 0.1435546875
4616 0.16015625
4617 0.1533203125
4618 0.158203125
4619 0.14453125
4620 0.1611328125
4621 0.15234375
4622 0.1572265625
4623 0.14453125
4624 0.158203125
4625 0.1162109375
4626 0.07421875
4627 0.0595703125
4628 0.0771484375
4629 0.015625
4630 0.0048828125
4631 -0.0009765625
4632 0.029296875
4633 -0.0341796875
4634 -0.0029296875
4635 0.0029296875
4636 0.041015625
4637 0.0361328125
4638 0.05859375
4639 0.056640625
4640 0.0859375
4641 0.025390625
4642 -0.013671875
4643 -0.0166015625
4644 0.017578125
4645 -0.0830078125
4646 -0.0791015625
4647 -0.0703125
4648 -0.025390625
4649 -0.087890625
4650 -0.0810546875
4651 -0.0732421875
4652 -0.0283203125
4653 -0.0771484375
4654 -0.0673828125
4655 -0.0625
4656 -0.0205078125
4657 -0.080078125
4658 -0.076171875
4659 -0.06640625
4660 -0.0205078125
4661 -0.13671875
4662 -0.140625
4663 -0.1171875
4664 -0.0595703125
4665 -0.1259765625
4666 -0.111328125
4667 -0.0947265625
4668 -0.0400390625
4669 -0.1123046875
4670 -0.0986328125
4671 -0.0830078125
4672 -0.033203125
4673 -0.0830078125
4674 -0.037109375
4675 -0.021484375
4676 0.0234375
4677 -0.029296875
4678 -0.0830078125
4679 -0.064453125
4680 -0.017578125
4681 -0.0791015625
4682 -0.03125
4683 -0.0185546875
4684 0.02734375
4685 -0.0654296875
4686 -0.0947265625
4687 -0.076171875
4688 -0.02734375
4689 -0.099609375
4690 -0.0458984375
4691 -0.03125
4692 0.0185546875
4693 -0.0068359375
4694 0.025390625
4695 0.0302734375
4696 0.0673828125
4697 -0.02734375
4698 -0.0615234375
4699 -0.0546875
4700 -0.009765625
4701 -0.1455078125
4702 -0.126953125
4703 -0.1025390625
4704 -0.04296875
4705 -0.12890625
4706 -0.1025390625
4707 -0.0859375
4708 -0.03515625
4709 -0.1044921875
4710 -0.05078125
4711 -0.033203125
4712 0.0185546875
4713 -0.076171875
4714 -0.1015625
4715 -0.0830078125
4716 -0.0283203125
4717 -0.1005859375
4718 -0.0859375
4719 -0.0693359375
4720 -0.017578125
4721 -0.0888671875
4722 -0.0791015625
4723 -0.0625
4724 -0.013671875
4725 -0.1259765625
4726 -0.068359375
4727 -0.04296875
4728 0.01171875
4729 -0.009765625
4730 0.0263671875
4731 0.033203125
4732 0.07421875
4733 0.0732421875
4734 0.09375
4735 0.0927734375
4736 0.12109375
4737 0.1298828125
4738 0.140625
4739 0.1357421875
4740 0.1552734375
4741 0.1533203125
4742 0.1611328125
4743 0.1513671875
4744 0.1669921875
4745 0.15234375
4746 0.158203125
4747 0.146484375
4748 0.162109375
4749 0.1533203125
4750 0.1591796875
4751 0.146484375
4752 0.162109375
4753 0.154296875
4754 0.158203125
4755 0.1455078125
4756 0.1591796875
4757 0.1171875
4758 0.076171875
4759 0.05859375
4760 0.078125
4761 0.0185546875
4762 0.0068359375
4763 0.0009765625
4764 0.029296875
4765 -0.033203125
4766 -0.001953125
4767 0.0048828125
4768 0.041015625
4769 0.0390625
4770 0.0595703125
4771 0.0576171875
4772 0.0859375
4773 0.025390625
4774 -0.01171875
4775 -0.015625
4776 0.017578125
4777 -0.0810546875
4778 -0.076171875
4779 -0.0693359375
4780 -0.0244140625
4781 -0.0859375
4782 -0.0791015625
4783 -0.0703125
4784 -0.0263671875
4785 -0.0771484375
4786 -0.068359375
4787 -0.060546875
4788 -0.01953125
4789 -0.0810546875
4790 -0.0751953125
4791 -0.0634765625
4792 -0.01953125
4793 -0.1298828125
4794 -0.138671875
4795 -0.115234375
4796 -0.0576171875
4797 -0.1240234375
4798 -0.111328125
4799 -0.0927734375
4800 -0.041015625
4801 -0.111328125
4802 -0.0966796875
4803 -0.083984375
4804 -0.033203125
4805 -0.0830078125
4806 -0.037109375
4807 -0.0224609375
4808 0.0234375
4809 -0.0283203125
4810 -0.0830078125
4811 -0.0654296875
4812 -0.0185546875
4813 -0.0751953125
4814 -0.03125
4815 -0.015625
4816 0.0283203125
4817 -0.064453125
4818 -0.0947265625
4819 -0.076171875
4820 -0.025390625
4821 -0.099609375
4822 -0.0458984375
4823 -0.0302734375
4824 0.0205078125
4825 -0.005859375
4826 0.0263671875
4827 0.0283203125
4828 0.0673828125
4829 -0.02734375
4830 -0.0615234375
4831 -0.0556640625
4832 -0.009765625
4833 -0.1474609375
4834 -0.126953125
4835 -0.1015625
4836 -0.0439453125
4837 -0.1279296875
4838 -0.103515625
4839 -0.0869140625
4840 -0.0341796875
4841 -0.1064453125
4842 -0.05078125
4843 -0.033203125
4844 0.0185546875
4845 -0.076171875
4846 -0.1015625
4847 -0.0830078125
4848 -0.0283203125
4849 -0.1015625
4850 -0.0869140625
4851 -0.0693359375
4852 -0.0185546875
4853 -0.0908203125
4854 -0.080078125
4855 -0.0654296875
4856 -0.015625
4857 -0.1298828125
4858 -0.0712890625
4859 -0.044921875
4860 0.0107421875
4861 -0.01171875
4862 0.0263671875
4863 0.033203125
4864 0.0732421875
4865 0.0732421875
4866 0.09375
4867 0.09375
4868 0.12109375
4869 0.1298828125
4870 0.140625
4871 0.134765625
4872 0.1552734375
4873 0.1552734375
4874 0.162109375
4875 0.15234375
4876 0.1689453125
4877 0.1533203125
4878 0.158203125
4879 0.1474609375
4880 0.162109375
4881 0.15625
4882 0.16015625
4883 0.1484375
4884 0.1630859375
4885 0.15625
4886 0.1591796875
4887 0.14453125
4888 0.1611328125
4889 0.1181640625
4890 0.0791015625
4891 0.0595703125
4892 0.0791015625
4893 0.017578125
4894 0.0087890625
4895 -0.0009765625
4896 0.0322265625
4897 -0.033203125
4898 -0.0009765625
4899 0.00390625
4900 0.041015625
4901 0.0380859375
4902 0.05859375
4903 0.0576171875
4904 0.0869140625
4905 0.0263671875
4906 -0.01171875
4907 -0.0146484375
4908 0.017578125
4909 -0.080078125
4910 -0.0771484375
4911 -0.0673828125
4912 -0.0244140625
4913 -0.087890625
4914 -0.080078125
4915 -0.072265625
4916 -0.0244140625
4917 -0.076171875
4918 -0.06640625
4919 -0.0615234375
4920 -0.017578125
4921 -0.080078125
4922 -0.0732421875
4923 -0.0625
4924 -0.0205078125
4925 -0.1298828125
4926 -0.138671875
4927 -0.1142578125
4928 -0.056640625
4929 -0.123046875
4930 -0.111328125
4931 -0.091796875
4932 -0.0390625
4933 -0.109375
4934 -0.095703125
4935 -0.083984375
4936 -0.03125
4937 -0.0830078125
4938 -0.0361328125
4939 -0.0205078125
4940 0.0263671875
4941 -0.0283203125
4942 -0.08203125
4943 -0.0654296875
4944 -0.0166015625
4945 -0.076171875
4946 -0.0322265625
4947 -0.0166015625
4948 0.0283203125
4949 -0.0673828125
4950 -0.0966796875
4951 -0.078125
4952 -0.0283203125
4953 -0.1015625
4954 -0.048828125
4955 -0.0302734375
4956 0.017578125
4957 -0.005859375
4958 0.02734375
4959 0.03125
4960 0.068359375
4961 -0.025390625
4962 -0.0595703125
4963 -0.0537109375
4964 -0.009765625
4965 -0.1474609375
4966 -0.123046875
4967 -0.099609375
4968 -0.0439453125
4969 -0.12890625
4970 -0.1015625
4971 -0.0859375
4972 -0.0361328125
4973 -0.103515625
4974 -0.0498046875
4975 -0.0322265625
4976 0.0185546875
4977 -0.07421875
4978 -0.1015625
4979 -0.08203125
4980 -0.029296875
4981 -0.1015625
4982 -0.0859375
4983 -0.0673828125
4984 -0.0166015625
4985 -0.08984375
4986 -0.0771484375
4987 -0.0634765625
4988 -0.0107421875
4989 -0.123046875
4990 -0.0654296875
4991 -0.041015625
4992 0.013671875
4993 -0.0068359375
4994 0.0283203125
4995 0.0361328125
4996 0.0732421875
4997 0.072265625
4998 0.0947265625
4999 0.0947265625
