x y
0 -0.0224609375
1 -0.197265625
2 -0.142578125
3 -0.0791015625
4 -0.072265625
5 -0.4345703125
6 -0.1142578125
7 -0.0400390625
8 -0.060546875
9 -0.1748046875
10 -0.0849609375
11 -0.0146484375
12 -0.0390625
13 -0.146484375
14 -0.0205078125
15 0.0517578125
16 0.0185546875
17 -0.0888671875
18 -0.0654296875
19 0.0068359375
20 -0.0224609375
21 -0.146484375
22 -0.0224609375
23 0.0537109375
24 0.01953125
25 -0.111328125
26 -0.0693359375
27 0.001953125
28 -0.025390625
29 -0.1396484375
30 -0.0546875
31 0.013671875
32 -0.0166015625
33 -0.12109375
34 -0.0341796875
35 0.03125
36 -0.005859375
37 -0.1240234375
38 0.0
39 0.068359375
40 0.0322265625
41 -0.056640625
42 0.0576171875
43 0.12109375
44 0.0712890625
45 0.009765625
46 0.11328125
47 0.171875
48 0.1103515625
49 0.015625
50 0.0634765625
51 0.1142578125
52 0.0537109375
53 -0.0771484375
54 0.037109375
55 0.0986328125
56 0.052734375
57 -0.0869140625
58 -0.044921875
59 0.01953125
60 -0.0146484375
61 -0.1298828125
62 -0.0439453125
63 0.021484375
64 -0.013671875
65 -0.12890625
66 -0.04296875
67 0.025390625
68 -0.013671875
69 -0.1552734375
70 -0.02734375
71 0.046875
72 0.0146484375
73 -0.041015625
74 0.0693359375
75 0.1337890625
76 0.0810546875
77 -0.013671875
78 0.0361328125
79 0.087890625
80 0.03515625
81 -0.095703125
82 0.021484375
83 0.087890625
84 0.04296875
85 -0.0966796875
86 -0.0537109375
87 0.0126953125
88 -0.021484375
89 -0.1357421875
90 -0.048828125
91 0.01953125
92 -0.0166015625
93 -0.130859375
94 -0.04296875
95 0.0224609375
96 -0.0166015625
97 -0.15625
98 -0.0283203125
99 0.0458984375
100 0.013671875
101 -0.044921875
102 0.0693359375
103 0.12890625
104 0.078125
105 -0.0146484375
106 0.0361328125
107 0.0869140625
108 0.0341796875
109 -0.09375
110 0.0224609375
111 0.0849609375
112 0.04296875
113 -0.0947265625
114 -0.0546875
115 0.0126953125
116 -0.021484375
117 -0.1357421875
118 -0.0498046875
119 0.01953125
120 -0.0166015625
121 -0.1298828125
122 -0.0439453125
123 0.021484375
124 -0.015625
125 -0.158203125
126 -0.02734375
127 0.0458984375
128 0.0126953125
129 -0.046875
130 0.0703125
131 0.1337890625
132 0.080078125
133 -0.015625
134 0.0361328125
135 0.091796875
136 0.03515625
137 -0.0986328125
138 0.0205078125
139 0.0888671875
140 0.0439453125
141 -0.0986328125
142 -0.0556640625
143 0.015625
144 -0.0224609375
145 -0.138671875
146 -0.0478515625
147 0.0224609375
148 -0.017578125
149 -0.134765625
150 -0.0439453125
151 0.021484375
152 -0.017578125
153 -0.1591796875
154 -0.025390625
155 0.05078125
156 0.013671875
157 -0.0458984375
158 0.0712890625
159 0.1376953125
160 0.0791015625
161 -0.015625
162 0.0380859375
163 0.0927734375
164 0.0341796875
165 -0.095703125
166 0.0224609375
167 0.091796875
168 0.0419921875
169 -0.09765625
170 -0.0537109375
171 0.015625
172 -0.021484375
173 -0.138671875
174 -0.0478515625
175 0.0234375
176 -0.0166015625
177 -0.1337890625
178 -0.0419921875
179 0.0263671875
180 -0.0166015625
181 -0.1591796875
182 -0.0263671875
183 0.0498046875
184 0.0126953125
185 -0.044921875
186 0.0693359375
187 0.1376953125
188 0.0810546875
189 -0.0166015625
190 0.037109375
191 0.0947265625
192 0.0361328125
193 -0.099609375
194 0.0205078125
195 0.0888671875
196 0.041015625
197 -0.099609375
198 -0.056640625
199 0.013671875
200 -0.0224609375
201 -0.1376953125
202 -0.0478515625
203 0.0205078125
204 -0.017578125
205 -0.1328125
206 -0.04296875
207 0.0234375
208 -0.015625
209 -0.1572265625
210 -0.02734375
211 0.0478515625
212 0.013671875
213 -0.0439453125
214 0.072265625
215 0.1357421875
216 0.0810546875
217 -0.015625
218 0.037109375
219 0.0908203125
220 0.0361328125
221 -0.09765625
222 0.0234375
223 0.0888671875
224 0.04296875
225 -0.0966796875
226 -0.0546875
227 0.0146484375
228 -0.021484375
229 -0.13671875
230 -0.048828125
231 0.0205078125
232 -0.0166015625
233 -0.1328125
234 -0.04296875
235 0.0234375
236 -0.015625
237 -0.1591796875
238 -0.02734375
239 0.046875
240 0.013671875
241 -0.0439453125
242 0.0712890625
243 0.1328125
244 0.0810546875
245 -0.013671875
246 0.037109375
247 0.08984375
248 0.03515625
249 -0.0966796875
250 0.0205078125
251 0.0869140625
252 0.0419921875
253 -0.0966796875
254 -0.0556640625
255 0.013671875
256 -0.021484375
257 -0.1376953125
258 -0.0478515625
259 0.021484375
260 -0.017578125
261 -0.130859375
262 -0.041015625
263 0.0224609375
264 -0.0126953125
265 -0.1572265625
266 -0.025390625
267 0.046875
268 0.0146484375
269 -0.041015625
270 0.0712890625
271 0.134765625
272 0.0810546875
273 -0.01171875
274 0.0380859375
275 0.0908203125
276 0.0361328125
277 -0.0927734375
278 0.0234375
279 0.08984375
280 0.044921875
281 -0.0927734375
282 -0.0517578125
283 0.0166015625
284 -0.0185546875
285 -0.1337890625
286 -0.0458984375
287 0.021484375
288 -0.015625
289 -0.1298828125
290 -0.0419921875
291 0.0224609375
292 -0.013671875
293 -0.15625
294 -0.0283203125
295 0.0458984375
296 0.0126953125
297 -0.041015625
298 0.0693359375
299 0.1328125
300 0.080078125
301 -0.0107421875
302 0.037109375
303 0.08984375
304 0.0380859375
305 -0.09375
306 0.0224609375
307 0.0869140625
308 0.044921875
309 -0.09375
310 -0.0546875
311 0.013671875
312 -0.017578125
313 -0.1328125
314 -0.046875
315 0.0205078125
316 -0.0126953125
317 -0.12890625
318 -0.0419921875
319 0.0234375
320 -0.013671875
321 -0.154296875
322 -0.0283203125
323 0.0478515625
324 0.013671875
325 -0.041015625
326 0.0712890625
327 0.134765625
328 0.0830078125
329 -0.01171875
330 0.0380859375
331 0.0888671875
332 0.037109375
333 -0.09375
334 0.0234375
335 0.0869140625
336 0.0458984375
337 -0.09375
338 -0.0517578125
339 0.0146484375
340 -0.0205078125
341 -0.1337890625
342 -0.048828125
343 0.01953125
344 -0.0146484375
345 -0.12890625
346 -0.04296875
347 0.0244140625
348 -0.0146484375
349 -0.154296875
350 -0.0283203125
351 0.044921875
352 0.015625
353 -0.041015625
354 0.0703125
355 0.1328125
356 0.08203125
357 -0.0107421875
358 0.037109375
359 0.087890625
360 0.0380859375
361 -0.091796875
362 0.0224609375
363 0.0830078125
364 0.0439453125
365 -0.0927734375
366 -0.0546875
367 0.009765625
368 -0.01953125
369 -0.1298828125
370 -0.046875
371 0.0185546875
372 -0.015625
373 -0.126953125
374 -0.0419921875
375 0.01953125
376 -0.013671875
377 -0.1513671875
378 -0.025390625
379 0.0458984375
380 0.017578125
381 -0.0380859375
382 0.072265625
383 0.1318359375
384 0.0830078125
385 -0.009765625
386 0.0380859375
387 0.0888671875
388 0.037109375
389 -0.0927734375
390 0.021484375
391 0.0849609375
392 0.0439453125
393 -0.0927734375
394 -0.0537109375
395 0.0126953125
396 -0.0185546875
397 -0.1318359375
398 -0.0458984375
399 0.0185546875
400 -0.0146484375
401 -0.1279296875
402 -0.041015625
403 0.0234375
404 -0.0126953125
405 -0.1513671875
406 -0.0263671875
407 0.046875
408 0.017578125
409 -0.0390625
410 0.072265625
411 0.134765625
412 0.0830078125
413 -0.0087890625
414 0.037109375
415 0.08984375
416 0.037109375
417 -0.091796875
418 0.0224609375
419 0.0859375
420 0.0439453125
421 -0.09375
422 -0.052734375
423 0.0126953125
424 -0.0185546875
425 -0.1328125
426 -0.046875
427 0.0205078125
428 -0.013671875
429 -0.1279296875
430 -0.041015625
431 0.021484375
432 -0.0126953125
433 -0.154296875
434 -0.0263671875
435 0.048828125
436 0.013671875
437 -0.0419921875
438 0.0712890625
439 0.134765625
440 0.0830078125
441 -0.01171875
442 0.0380859375
443 0.091796875
444 0.037109375
445 -0.095703125
446 0.0234375
447 0.0888671875
448 0.044921875
449 -0.0947265625
450 -0.0537109375
451 0.0146484375
452 -0.0185546875
453 -0.134765625
454 -0.0458984375
455 0.0224609375
456 -0.015625
457 -0.1298828125
458 -0.04296875
459 0.025390625
460 -0.013671875
461 -0.154296875
462 -0.0283203125
463 0.0478515625
464 0.0146484375
465 -0.0400390625
466 0.0712890625
467 0.1337890625
468 0.0830078125
469 -0.009765625
470 0.0390625
471 0.0888671875
472 0.0380859375
473 -0.0927734375
474 0.021484375
475 0.0849609375
476 0.0439453125
477 -0.09375
478 -0.0546875
479 0.0126953125
480 -0.01953125
481 -0.1328125
482 -0.046875
483 0.01953125
484 -0.015625
485 -0.126953125
486 -0.0419921875
487 0.0224609375
488 -0.01171875
489 -0.15234375
490 -0.025390625
491 0.0478515625
492 0.015625
493 -0.0390625
494 0.072265625
495 0.1337890625
496 0.083984375
497 -0.0107421875
498 0.0390625
499 0.08984375
500 0.0390625
501 -0.08984375
502 0.0234375
503 0.087890625
504 0.0458984375
505 -0.08984375
506 -0.05078125
507 0.0146484375
508 -0.0166015625
509 -0.1298828125
510 -0.044921875
511 0.0185546875
512 -0.013671875
513 -0.126953125
514 -0.041015625
515 0.01953125
516 -0.0126953125
517 -0.15234375
518 -0.025390625
519 0.046875
520 0.0166015625
521 -0.037109375
522 0.072265625
523 0.1318359375
524 0.0830078125
525 -0.009765625
526 0.0390625
527 0.0888671875
528 0.0380859375
529 -0.0908203125
530 0.0224609375
531 0.0888671875
532 0.044921875
533 -0.091796875
534 -0.052734375
535 0.0126953125
536 -0.0185546875
537 -0.130859375
538 -0.044921875
539 0.01953125
540 -0.0126953125
541 -0.126953125
542 -0.0390625
543 0.0224609375
544 -0.01171875
545 -0.1533203125
546 -0.0263671875
547 0.046875
548 0.0146484375
549 -0.0380859375
550 0.0712890625
551 0.134765625
552 0.0830078125
553 -0.009765625
554 0.0380859375
555 0.08984375
556 0.037109375
557 -0.091796875
558 0.0244140625
559 0.0859375
560 0.0458984375
561 -0.091796875
562 -0.0517578125
563 0.0146484375
564 -0.0166015625
565 -0.130859375
566 -0.044921875
567 0.01953125
568 -0.0126953125
569 -0.1259765625
570 -0.041015625
571 0.0224609375
572 -0.013671875
573 -0.1533203125
574 -0.02734375
575 0.0458984375
576 0.015625
577 -0.0390625
578 0.0703125
579 0.1337890625
580 0.08203125
581 -0.013671875
582 0.0380859375
583 0.08984375
584 0.0361328125
585 -0.0966796875
586 0.0224609375
587 0.0859375
588 0.0439453125
589 -0.0947265625
590 -0.0537109375
591 0.0146484375
592 -0.01953125
593 -0.1337890625
594 -0.0478515625
595 0.0224609375
596 -0.0146484375
597 -0.1279296875
598 -0.041015625
599 0.0263671875
600 -0.0126953125
601 -0.15234375
602 -0.0244140625
603 0.05078125
604 0.0166015625
605 -0.0400390625
606 0.0732421875
607 0.1357421875
608 0.083984375
609 -0.0107421875
610 0.0400390625
611 0.091796875
612 0.0380859375
613 -0.0908203125
614 0.0234375
615 0.0888671875
616 0.0458984375
617 -0.09375
618 -0.0517578125
619 0.0166015625
620 -0.017578125
621 -0.130859375
622 -0.0458984375
623 0.0224609375
624 -0.0146484375
625 -0.1279296875
626 -0.041015625
627 0.0234375
628 -0.0126953125
629 -0.15625
630 -0.025390625
631 0.0439453125
632 0.015625
633 -0.0419921875
634 0.0712890625
635 0.134765625
636 0.0830078125
637 -0.0107421875
638 0.0380859375
639 0.09375
640 0.0380859375
641 -0.0947265625
642 0.0205078125
643 0.0869140625
644 0.0439453125
645 -0.0947265625
646 -0.0537109375
647 0.0146484375
648 -0.0185546875
649 -0.1337890625
650 -0.0478515625
651 0.0205078125
652 -0.013671875
653 -0.12890625
654 -0.0400390625
655 0.0234375
656 -0.01171875
657 -0.154296875
658 -0.0244140625
659 0.0498046875
660 0.0146484375
661 -0.0390625
662 0.0732421875
663 0.134765625
664 0.0830078125
665 -0.009765625
666 0.0390625
667 0.0927734375
668 0.037109375
669 -0.0927734375
670 0.0244140625
671 0.0888671875
672 0.0439453125
673 -0.0947265625
674 -0.052734375
675 0.015625
676 -0.0185546875
677 -0.1357421875
678 -0.0478515625
679 0.021484375
680 -0.0146484375
681 -0.1337890625
682 -0.0419921875
683 0.02734375
684 -0.0146484375
685 -0.1591796875
686 -0.02734375
687 0.05078125
688 0.0146484375
689 -0.044921875
690 0.0712890625
691 0.1376953125
692 0.0810546875
693 -0.013671875
694 0.0390625
695 0.095703125
696 0.0380859375
697 -0.09765625
698 0.0234375
699 0.08984375
700 0.0439453125
701 -0.0947265625
702 -0.0498046875
703 0.017578125
704 -0.01953125
705 -0.1357421875
706 -0.0439453125
707 0.0234375
708 -0.0146484375
709 -0.12890625
710 -0.0400390625
711 0.0283203125
712 -0.013671875
713 -0.1552734375
714 -0.025390625
715 0.0517578125
716 0.0146484375
717 -0.0419921875
718 0.0732421875
719 0.1396484375
720 0.08203125
721 -0.0126953125
722 0.041015625
723 0.0966796875
724 0.037109375
725 -0.09765625
726 0.025390625
727 0.0947265625
728 0.0458984375
729 -0.0927734375
730 -0.0498046875
731 0.0224609375
732 -0.017578125
733 -0.134765625
734 -0.0439453125
735 0.0283203125
736 -0.0146484375
737 -0.130859375
738 -0.0400390625
739 0.0302734375
740 -0.01171875
741 -0.1572265625
742 -0.025390625
743 0.0517578125
744 0.0146484375
745 -0.04296875
746 0.0732421875
747 0.138671875
748 0.0830078125
749 -0.0126953125
750 0.0400390625
751 0.095703125
752 0.0380859375
753 -0.095703125
754 0.0244140625
755 0.0927734375
756 0.04296875
757 -0.0927734375
758 -0.05078125
759 0.0205078125
760 -0.01953125
761 -0.1337890625
762 -0.0458984375
763 0.025390625
764 -0.0146484375
765 -0.1298828125
766 -0.0380859375
767 0.029296875
768 -0.01171875
769 -0.1591796875
770 -0.0263671875
771 0.05078125
772 0.0146484375
773 -0.0439453125
774 0.072265625
775 0.13671875
776 0.0810546875
777 -0.01171875
778 0.0380859375
779 0.0947265625
780 0.0380859375
781 -0.0947265625
782 0.0234375
783 0.0927734375
784 0.0439453125
785 -0.09375
786 -0.0517578125
787 0.0205078125
788 -0.0185546875
789 -0.134765625
790 -0.044921875
791 0.0234375
792 -0.0146484375
793 -0.130859375
794 -0.0400390625
795 0.025390625
796 -0.0126953125
797 -0.158203125
798 -0.0244140625
799 0.048828125
800 0.013671875
801 -0.04296875
802 0.072265625
803 0.138671875
804 0.0810546875
805 -0.01171875
806 0.0380859375
807 0.0927734375
808 0.0390625
809 -0.0947265625
810 0.021484375
811 0.0888671875
812 0.0439453125
813 -0.0947265625
814 -0.0517578125
815 0.0146484375
816 -0.0185546875
817 -0.134765625
818 -0.0458984375
819 0.0224609375
820 -0.013671875
821 -0.12890625
822 -0.0419921875
823 0.0234375
824 -0.0126953125
825 -0.154296875
826 -0.025390625
827 0.0517578125
828 0.0146484375
829 -0.0400390625
830 0.0732421875
831 0.1376953125
832 0.083984375
833 -0.01171875
834 0.0390625
835 0.091796875
836 0.037109375
837 -0.09375
838 0.0234375
839 0.08984375
840 0.046875
841 -0.091796875
842 -0.0498046875
843 0.015625
844 -0.017578125
845 -0.1328125
846 -0.0458984375
847 0.021484375
848 -0.0126953125
849 -0.12890625
850 -0.0390625
851 0.0263671875
852 -0.013671875
853 -0.1533203125
854 -0.0244140625
855 0.05078125
856 0.0166015625
857 -0.041015625
858 0.0732421875
859 0.13671875
860 0.083984375
861 -0.0126953125
862 0.0390625
863 0.0927734375
864 0.0390625
865 -0.09375
866 0.0224609375
867 0.0888671875
868 0.044921875
869 -0.095703125
870 -0.0537109375
871 0.0146484375
872 -0.0205078125
873 -0.1337890625
874 -0.046875
875 0.0205078125
876 -0.0146484375
877 -0.1279296875
878 -0.0400390625
879 0.025390625
880 -0.0126953125
881 -0.154296875
882 -0.0263671875
883 0.0498046875
884 0.0146484375
885 -0.0400390625
886 0.0732421875
887 0.1357421875
888 0.083984375
889 -0.0107421875
890 0.037109375
891 0.091796875
892 0.0380859375
893 -0.09375
894 0.0224609375
895 0.0888671875
896 0.044921875
897 -0.0927734375
898 -0.0537109375
899 0.0166015625
900 -0.01953125
901 -0.1318359375
902 -0.046875
903 0.0205078125
904 -0.0126953125
905 -0.1279296875
906 -0.0400390625
907 0.0234375
908 -0.01171875
909 -0.15625
910 -0.02734375
911 0.048828125
912 0.015625
913 -0.0400390625
914 0.0732421875
915 0.134765625
916 0.083984375
917 -0.009765625
918 0.037109375
919 0.091796875
920 0.0380859375
921 -0.09375
922 0.01953125
923 0.0859375
924 0.04296875
925 -0.0947265625
926 -0.0537109375
927 0.013671875
928 -0.017578125
929 -0.1328125
930 -0.046875
931 0.0205078125
932 -0.013671875
933 -0.12890625
934 -0.0390625
935 0.025390625
936 -0.013671875
937 -0.1533203125
938 -0.025390625
939 0.0498046875
940 0.0166015625
941 -0.0380859375
942 0.0732421875
943 0.13671875
944 0.083984375
945 -0.0087890625
946 0.0400390625
947 0.09375
948 0.0380859375
949 -0.091796875
950 0.0263671875
951 0.08984375
952 0.0478515625
953 -0.091796875
954 -0.0517578125
955 0.0146484375
956 -0.0166015625
957 -0.1318359375
958 -0.044921875
959 0.021484375
960 -0.013671875
961 -0.12890625
962 -0.0419921875
963 0.0234375
964 -0.0126953125
965 -0.154296875
966 -0.02734375
967 0.046875
968 0.0146484375
969 -0.0400390625
970 0.0712890625
971 0.134765625
972 0.0830078125
973 -0.0107421875
974 0.0380859375
975 0.091796875
976 0.0400390625
977 -0.0947265625
978 0.0234375
979 0.087890625
980 0.0458984375
981 -0.0927734375
982 -0.052734375
983 0.01171875
984 -0.0185546875
985 -0.130859375
986 -0.0478515625
987 0.0205078125
988 -0.0126953125
989 -0.1259765625
990 -0.0400390625
991 0.0224609375
992 -0.01171875
993 -0.150390625
994 -0.0263671875
995 0.044921875
996 0.017578125
997 -0.0380859375
998 0.0712890625
999 0.1318359375
1000 0.0830078125
1001 -0.0087890625
1002 0.0380859375
1003 0.0869140625
1004 0.0400390625
1005 -0.08984375
1006 0.0244140625
1007 0.0869140625
1008 0.0478515625
1009 -0.0927734375
1010 -0.052734375
1011 0.01171875
1012 -0.0185546875
1013 -0.130859375
1014 -0.046875
1015 0.0166015625
1016 -0.0146484375
1017 -0.12890625
1018 -0.0419921875
1019 0.0224609375
1020 -0.01171875
1021 -0.154296875
1022 -0.0263671875
1023 0.0458984375
1024 0.0166015625
1025 -0.0390625
1026 0.0712890625
1027 0.130859375
1028 0.0830078125
1029 -0.0087890625
1030 0.0390625
1031 0.0908203125
1032 0.037109375
1033 -0.091796875
1034 0.021484375
1035 0.0869140625
1036 0.044921875
1037 -0.0947265625
1038 -0.0537109375
1039 0.01171875
1040 -0.0185546875
1041 -0.1328125
1042 -0.0458984375
1043 0.0185546875
1044 -0.013671875
1045 -0.126953125
1046 -0.0400390625
1047 0.0234375
1048 -0.0107421875
1049 -0.15234375
1050 -0.0244140625
1051 0.048828125
1052 0.015625
1053 -0.0380859375
1054 0.0732421875
1055 0.1357421875
1056 0.0849609375
1057 -0.0087890625
1058 0.0380859375
1059 0.091796875
1060 0.0380859375
1061 -0.091796875
1062 0.0234375
1063 0.0869140625
1064 0.044921875
1065 -0.09375
1066 -0.052734375
1067 0.01171875
1068 -0.0185546875
1069 -0.1328125
1070 -0.044921875
1071 0.01953125
1072 -0.013671875
1073 -0.1279296875
1074 -0.041015625
1075 0.0234375
1076 -0.0126953125
1077 -0.154296875
1078 -0.0283203125
1079 0.0478515625
1080 0.015625
1081 -0.0380859375
1082 0.0732421875
1083 0.1357421875
1084 0.0830078125
1085 -0.0107421875
1086 0.0380859375
1087 0.0908203125
1088 0.0380859375
1089 -0.09375
1090 0.0234375
1091 0.087890625
1092 0.044921875
1093 -0.095703125
1094 -0.0537109375
1095 0.013671875
1096 -0.0185546875
1097 -0.1337890625
1098 -0.0478515625
1099 0.01953125
1100 -0.0146484375
1101 -0.126953125
1102 -0.0419921875
1103 0.0234375
1104 -0.0126953125
1105 -0.154296875
1106 -0.0263671875
1107 0.048828125
1108 0.015625
1109 -0.041015625
1110 0.0712890625
1111 0.1357421875
1112 0.0830078125
1113 -0.0126953125
1114 0.0400390625
1115 0.0908203125
1116 0.0390625
1117 -0.09375
1118 0.0234375
1119 0.0869140625
1120 0.044921875
1121 -0.0947265625
1122 -0.0537109375
1123 0.0126953125
1124 -0.01953125
1125 -0.130859375
1126 -0.046875
1127 0.017578125
1128 -0.013671875
1129 -0.126953125
1130 -0.04296875
1131 0.01953125
1132 -0.0107421875
1133 -0.1533203125
1134 -0.0263671875
1135 0.04296875
1136 0.0166015625
1137 -0.037109375
1138 0.0712890625
1139 0.1318359375
1140 0.0830078125
1141 -0.009765625
1142 0.0380859375
1143 0.0888671875
1144 0.0390625
1145 -0.08984375
1146 0.021484375
1147 0.0869140625
1148 0.0458984375
1149 -0.09375
1150 -0.0546875
1151 0.01171875
1152 -0.0185546875
1153 -0.1318359375
1154 -0.0478515625
1155 0.017578125
1156 -0.01171875
1157 -0.12890625
1158 -0.041015625
1159 0.0205078125
1160 -0.01171875
1161 -0.1533203125
1162 -0.025390625
1163 0.0478515625
1164 0.0166015625
1165 -0.037109375
1166 0.0732421875
1167 0.134765625
1168 0.0849609375
1169 -0.0087890625
1170 0.0390625
1171 0.0908203125
1172 0.0390625
1173 -0.08984375
1174 0.0234375
1175 0.0869140625
1176 0.0478515625
1177 -0.091796875
1178 -0.0517578125
1179 0.013671875
1180 -0.0166015625
1181 -0.130859375
1182 -0.0458984375
1183 0.0205078125
1184 -0.0107421875
1185 -0.126953125
1186 -0.0419921875
1187 0.0234375
1188 -0.01171875
1189 -0.1533203125
1190 -0.02734375
1191 0.0478515625
1192 0.0146484375
1193 -0.0390625
1194 0.0732421875
1195 0.1357421875
1196 0.083984375
1197 -0.009765625
1198 0.0380859375
1199 0.091796875
1200 0.0390625
1201 -0.09375
1202 0.0234375
1203 0.0888671875
1204 0.044921875
1205 -0.0947265625
1206 -0.0517578125
1207 0.0166015625
1208 -0.0185546875
1209 -0.1328125
1210 -0.0458984375
1211 0.021484375
1212 -0.0146484375
1213 -0.1279296875
1214 -0.0419921875
1215 0.0234375
1216 -0.0126953125
1217 -0.154296875
1218 -0.02734375
1219 0.0478515625
1220 0.0146484375
1221 -0.0400390625
1222 0.0732421875
1223 0.1328125
1224 0.083984375
1225 -0.0107421875
1226 0.0390625
1227 0.08984375
1228 0.0390625
1229 -0.0908203125
1230 0.0234375
1231 0.0869140625
1232 0.046875
1233 -0.0927734375
1234 -0.0517578125
1235 0.0146484375
1236 -0.017578125
1237 -0.130859375
1238 -0.0458984375
1239 0.021484375
1240 -0.0126953125
1241 -0.126953125
1242 -0.0390625
1243 0.0224609375
1244 -0.0107421875
1245 -0.1552734375
1246 -0.0263671875
1247 0.0478515625
1248 0.0166015625
1249 -0.0390625
1250 0.072265625
1251 0.1337890625
1252 0.083984375
1253 -0.0107421875
1254 0.0380859375
1255 0.0888671875
1256 0.037109375
1257 -0.09375
1258 0.021484375
1259 0.0869140625
1260 0.04296875
1261 -0.0947265625
1262 -0.0556640625
1263 0.0146484375
1264 -0.0185546875
1265 -0.1328125
1266 -0.046875
1267 0.0224609375
1268 -0.013671875
1269 -0.1279296875
1270 -0.041015625
1271 0.0234375
1272 -0.0107421875
1273 -0.1552734375
1274 -0.0234375
1275 0.0498046875
1276 0.017578125
1277 -0.037109375
1278 0.0732421875
1279 0.134765625
1280 0.083984375
1281 -0.009765625
1282 0.0380859375
1283 0.091796875
1284 0.0380859375
1285 -0.091796875
1286 0.0234375
1287 0.087890625
1288 0.044921875
1289 -0.09375
1290 -0.0517578125
1291 0.013671875
1292 -0.017578125
1293 -0.1328125
1294 -0.0458984375
1295 0.0224609375
1296 -0.013671875
1297 -0.12890625
1298 -0.041015625
1299 0.025390625
1300 -0.01171875
1301 -0.1572265625
1302 -0.025390625
1303 0.048828125
1304 0.0166015625
1305 -0.0419921875
1306 0.072265625
1307 0.13671875
1308 0.0830078125
1309 -0.009765625
1310 0.0390625
1311 0.09375
1312 0.0390625
1313 -0.095703125
1314 0.021484375
1315 0.08984375
1316 0.044921875
1317 -0.095703125
1318 -0.0537109375
1319 0.015625
1320 -0.01953125
1321 -0.13671875
1322 -0.044921875
1323 0.025390625
1324 -0.0146484375
1325 -0.1318359375
1326 -0.041015625
1327 0.0302734375
1328 -0.013671875
1329 -0.1591796875
1330 -0.025390625
1331 0.0537109375
1332 0.013671875
1333 -0.04296875
1334 0.0732421875
1335 0.1396484375
1336 0.08203125
1337 -0.013671875
1338 0.0400390625
1339 0.095703125
1340 0.037109375
1341 -0.0986328125
1342 0.0234375
1343 0.091796875
1344 0.0439453125
1345 -0.0966796875
1346 -0.05078125
1347 0.0166015625
1348 -0.0205078125
1349 -0.1376953125
1350 -0.0478515625
1351 0.0234375
1352 -0.0146484375
1353 -0.1318359375
1354 -0.041015625
1355 0.025390625
1356 -0.013671875
1357 -0.158203125
1358 -0.0283203125
1359 0.048828125
1360 0.0146484375
1361 -0.04296875
1362 0.0732421875
1363 0.13671875
1364 0.083984375
1365 -0.013671875
1366 0.0390625
1367 0.0947265625
1368 0.0400390625
1369 -0.0986328125
1370 0.0224609375
1371 0.0908203125
1372 0.0439453125
1373 -0.095703125
1374 -0.052734375
1375 0.017578125
1376 -0.01953125
1377 -0.1357421875
1378 -0.0458984375
1379 0.0263671875
1380 -0.015625
1381 -0.1298828125
1382 -0.0390625
1383 0.025390625
1384 -0.0126953125
1385 -0.154296875
1386 -0.0234375
1387 0.052734375
1388 0.0166015625
1389 -0.0419921875
1390 0.076171875
1391 0.138671875
1392 0.083984375
1393 -0.0107421875
1394 0.0400390625
1395 0.09765625
1396 0.0390625
1397 -0.0947265625
1398 0.025390625
1399 0.0927734375
1400 0.0458984375
1401 -0.091796875
1402 -0.05078125
1403 0.0205078125
1404 -0.0185546875
1405 -0.134765625
1406 -0.044921875
1407 0.0234375
1408 -0.013671875
1409 -0.130859375
1410 -0.0400390625
1411 0.02734375
1412 -0.0107421875
1413 -0.15625
1414 -0.025390625
1415 0.05078125
1416 0.017578125
1417 -0.0400390625
1418 0.072265625
1419 0.1376953125
1420 0.08203125
1421 -0.0107421875
1422 0.0400390625
1423 0.0947265625
1424 0.0380859375
1425 -0.09375
1426 0.0234375
1427 0.091796875
1428 0.0458984375
1429 -0.09375
1430 -0.0517578125
1431 0.0185546875
1432 -0.017578125
1433 -0.1318359375
1434 -0.0439453125
1435 0.0234375
1436 -0.01171875
1437 -0.126953125
1438 -0.037109375
1439 0.0283203125
1440 -0.0107421875
1441 -0.1298828125
1442 -0.0048828125
1443 0.068359375
1444 0.0302734375
1445 -0.0810546875
1446 -0.0302734375
1447 0.033203125
1448 -0.0068359375
1449 -0.12109375
1450 -0.0419921875
1451 0.0263671875
1452 -0.0068359375
1453 -0.1298828125
1454 -0.0458984375
1455 0.0185546875
1456 -0.013671875
1457 -0.1796875
1458 -0.083984375
1459 -0.0166015625
1460 -0.0400390625
1461 -0.1953125
1462 -0.0615234375
1463 0.021484375
1464 -0.0009765625
1465 -0.0712890625
1466 0.04296875
1467 0.107421875
1468 0.06640625
1469 0.0068359375
1470 0.111328125
1471 0.166015625
1472 0.1123046875
1473 0.0166015625
1474 0.060546875
1475 0.1083984375
1476 0.0556640625
1477 -0.048828125
1478 0.0595703125
1479 0.1162109375
1480 0.0712890625
1481 -0.0048828125
1482 0.0986328125
1483 0.1513671875
1484 0.0986328125
1485 -0.0185546875
1486 0.0234375
1487 0.072265625
1488 0.0283203125
1489 -0.07421875
1490 0.03515625
1491 0.09765625
1492 0.0556640625
1493 -0.009765625
1494 0.091796875
1495 0.14453125
1496 0.0947265625
1497 -0.0146484375
1498 0.025390625
1499 0.0732421875
1500 0.02734375
1501 -0.0791015625
1502 -0.0048828125
1503 0.052734375
1504 0.01171875
1505 -0.0830078125
1506 0.02734375
1507 0.09375
1508 0.0478515625
1509 -0.064453125
1510 0.0439453125
1511 0.107421875
1512 0.05859375
1513 -0.0419921875
1514 0.0615234375
1515 0.12109375
1516 0.0703125
1517 0.001953125
1518 0.1015625
1519 0.154296875
1520 0.09765625
1521 0.0087890625
1522 0.048828125
1523 0.1005859375
1524 0.046875
1525 -0.044921875
1526 0.0595703125
1527 0.1171875
1528 0.06640625
1529 -0.04296875
1530 0.060546875
1531 0.1162109375
1532 0.06640625
1533 -0.0927734375
1534 -0.0576171875
1535 0.001953125
1536 -0.029296875
1537 -0.1943359375
1538 -0.1103515625
1539 -0.037109375
1540 -0.0556640625
1541 -0.162109375
1542 -0.037109375
1543 0.03125
1544 0.0048828125
1545 -0.052734375
1546 0.0576171875
1547 0.1142578125
1548 0.0693359375
1549 0.0068359375
1550 0.107421875
1551 0.1591796875
1552 0.1015625
1553 -0.015625
1554 0.0185546875
1555 0.0712890625
1556 0.0224609375
1557 -0.1044921875
1558 -0.02734375
1559 0.0302734375
1560 -0.01171875
1561 -0.19140625
1562 -0.1259765625
1563 -0.0458984375
1564 -0.068359375
1565 -0.1728515625
1566 -0.078125
1567 -0.0107421875
1568 -0.041015625
1569 -0.2060546875
1570 -0.12890625
1571 -0.05078125
1572 -0.068359375
1573 -0.1865234375
1574 -0.0537109375
1575 0.01953125
1576 -0.005859375
1577 -0.1044921875
1578 -0.056640625
1579 0.0126953125
1580 -0.0244140625
1581 -0.1337890625
1582 -0.046875
1583 0.017578125
1584 -0.0205078125
1585 -0.1279296875
1586 -0.0458984375
1587 0.017578125
1588 -0.015625
1589 -0.10546875
1590 0.01171875
1591 0.078125
1592 0.0390625
1593 -0.0146484375
1594 0.0908203125
1595 0.150390625
1596 0.0947265625
1597 -0.0166015625
1598 0.0849609375
1599 0.1416015625
1600 0.0869140625
1601 -0.0166015625
1602 0.083984375
1603 0.140625
1604 0.0849609375
1605 0.01171875
1606 0.1123046875
1607 0.1650390625
1608 0.1044921875
1609 0.0166015625
1610 0.0556640625
1611 0.107421875
1612 0.0478515625
1613 -0.044921875
1614 0.060546875
1615 0.12109375
1616 0.0673828125
1617 -0.0439453125
1618 0.0615234375
1619 0.1201171875
1620 0.0654296875
1621 -0.095703125
1622 -0.0556640625
1623 0.0068359375
1624 -0.0322265625
1625 -0.197265625
1626 -0.109375
1627 -0.0283203125
1628 -0.05859375
1629 -0.1669921875
1630 -0.037109375
1631 0.0400390625
1632 0.0009765625
1633 -0.0732421875
1634 0.0419921875
1635 0.1103515625
1636 0.0576171875
1637 -0.0078125
1638 0.0986328125
1639 0.158203125
1640 0.095703125
1641 -0.0224609375
1642 0.0185546875
1643 0.0751953125
1644 0.0185546875
1645 -0.1123046875
1646 -0.0283203125
1647 0.0322265625
1648 -0.0146484375
1649 -0.1953125
1650 -0.1279296875
1651 -0.04296875
1652 -0.0703125
1653 -0.17578125
1654 -0.0791015625
1655 -0.0048828125
1656 -0.04296875
1657 -0.2099609375
1658 -0.12890625
1659 -0.046875
1660 -0.0693359375
1661 -0.1953125
1662 -0.0556640625
1663 0.0224609375
1664 -0.0078125
1665 -0.109375
1666 -0.0556640625
1667 0.015625
1668 -0.025390625
1669 -0.1376953125
1670 -0.048828125
1671 0.017578125
1672 -0.021484375
1673 -0.1318359375
1674 -0.0478515625
1675 0.021484375
1676 -0.0166015625
1677 -0.1103515625
1678 0.0107421875
1679 0.08203125
1680 0.0390625
1681 -0.015625
1682 0.095703125
1683 0.15625
1684 0.0966796875
1685 0.0400390625
1686 0.1416015625
1687 0.1953125
1688 0.130859375
1689 0.068359375
1690 0.1630859375
1691 0.212890625
1692 0.14453125
1693 0.0380859375
1694 0.130859375
1695 0.1826171875
1696 0.1162109375
1697 0.0078125
1698 0.1064453125
1699 0.1591796875
1700 0.0966796875
1701 0.01953125
1702 0.1162109375
1703 0.16796875
1704 0.1044921875
1705 0.013671875
1706 0.0556640625
1707 0.1025390625
1708 0.046875
1709 -0.0439453125
1710 0.05859375
1711 0.1162109375
1712 0.0615234375
1713 0.0107421875
1714 0.1083984375
1715 0.1630859375
1716 0.0986328125
1717 0.0400390625
1718 0.134765625
1719 0.1875
1720 0.1181640625
1721 0.0146484375
1722 0.1064453125
1723 0.1591796875
1724 0.09375
1725 -0.06640625
1726 -0.033203125
1727 0.0234375
1728 -0.021484375
1729 -0.1884765625
1730 -0.103515625
1731 -0.03125
1732 -0.0634765625
1733 -0.1767578125
1734 -0.044921875
1735 0.0283203125
1736 -0.01171875
1737 -0.076171875
1738 0.0380859375
1739 0.1044921875
1740 0.046875
1741 -0.01953125
1742 0.0849609375
1743 0.1455078125
1744 0.080078125
1745 -0.041015625
1746 0.0009765625
1747 0.0546875
1748 0.0
1749 -0.130859375
1750 -0.046875
1751 0.0126953125
1752 -0.0302734375
1753 -0.2138671875
1754 -0.14453125
1755 -0.0634765625
1756 -0.0869140625
1757 -0.1943359375
1758 -0.0947265625
1759 -0.021484375
1760 -0.0595703125
1761 -0.2265625
1762 -0.1474609375
1763 -0.0615234375
1764 -0.087890625
1765 -0.2080078125
1766 -0.072265625
1767 0.005859375
1768 -0.0234375
1769 -0.1220703125
1770 -0.0712890625
1771 -0.001953125
1772 -0.0400390625
1773 -0.1630859375
1774 -0.0693359375
1775 -0.0048828125
1776 -0.041015625
1777 -0.1650390625
1778 -0.078125
1779 -0.0087890625
1780 -0.041015625
1781 -0.1435546875
1782 -0.0166015625
1783 0.0546875
1784 0.0146484375
1785 -0.03515625
1786 0.0751953125
1787 0.1357421875
1788 0.0791015625
1789 0.0185546875
1790 0.119140625
1791 0.177734375
1792 0.1103515625
1793 0.0439453125
1794 0.1416015625
1795 0.1953125
1796 0.1259765625
1797 0.056640625
1798 0.1533203125
1799 0.205078125
1800 0.1318359375
1801 0.064453125
1802 0.1591796875
1803 0.2119140625
1804 0.13671875
1805 0.0224609375
1806 0.119140625
1807 0.1689453125
1808 0.099609375
1809 -0.0126953125
1810 0.0869140625
1811 0.1435546875
1812 0.0771484375
1813 -0.0009765625
1814 0.0986328125
1815 0.15234375
1816 0.0849609375
1817 -0.005859375
1818 0.037109375
1819 0.087890625
1820 0.0263671875
1821 -0.06640625
1822 0.041015625
1823 0.1025390625
1824 0.0439453125
1825 -0.0185546875
1826 0.0849609375
1827 0.1435546875
1828 0.0771484375
1829 0.0166015625
1830 0.1123046875
1831 0.16796875
1832 0.0986328125
1833 -0.0078125
1834 0.0869140625
1835 0.140625
1836 0.07421875
1837 -0.087890625
1838 -0.0537109375
1839 0.0029296875
1840 -0.0400390625
1841 -0.2080078125
1842 -0.1259765625
1843 -0.0517578125
1844 -0.0810546875
1845 -0.19140625
1846 -0.0615234375
1847 0.0107421875
1848 -0.025390625
1849 -0.0849609375
1850 0.0263671875
1851 0.0888671875
1852 0.0361328125
1853 -0.029296875
1854 0.0732421875
1855 0.130859375
1856 0.0673828125
1857 -0.0517578125
1858 -0.01171875
1859 0.041015625
1860 -0.01171875
1861 -0.140625
1862 -0.05859375
1863 0.0
1864 -0.04296875
1865 -0.2255859375
1866 -0.1552734375
1867 -0.076171875
1868 -0.09765625
1869 -0.205078125
1870 -0.1044921875
1871 -0.03515625
1872 -0.068359375
1873 -0.2373046875
1874 -0.1572265625
1875 -0.07421875
1876 -0.09765625
1877 -0.21875
1878 -0.083984375
1879 -0.00390625
1880 -0.0341796875
1881 -0.134765625
1882 -0.083984375
1883 -0.0107421875
1884 -0.048828125
1885 -0.2021484375
1886 -0.1103515625
1887 -0.0380859375
1888 -0.068359375
1889 -0.212890625
1890 -0.1171875
1891 -0.0419921875
1892 -0.0673828125
1893 -0.1650390625
1894 -0.037109375
1895 0.03515625
1896 0.0
1897 -0.0498046875
1898 0.0625
1899 0.1240234375
1900 0.068359375
1901 0.0068359375
1902 0.107421875
1903 0.1630859375
1904 0.1015625
1905 0.0341796875
1906 0.130859375
1907 0.18359375
1908 0.115234375
1909 0.0458984375
1910 0.1416015625
1911 0.19140625
1912 0.12109375
1913 0.0556640625
1914 0.1494140625
1915 0.19921875
1916 0.1279296875
1917 0.0185546875
1918 0.1123046875
1919 0.162109375
1920 0.095703125
1921 -0.0146484375
1922 0.0810546875
1923 0.1357421875
1924 0.072265625
1925 -0.0078125
1926 0.0908203125
1927 0.1455078125
1928 0.0791015625
1929 -0.0126953125
1930 0.029296875
1931 0.0810546875
1932 0.01953125
1933 -0.07421875
1934 0.033203125
1935 0.09765625
1936 0.0380859375
1937 -0.0205078125
1938 0.08203125
1939 0.142578125
1940 0.07421875
1941 0.01171875
1942 0.11328125
1943 0.1669921875
1944 0.0947265625
1945 -0.01171875
1946 0.0849609375
1947 0.140625
1948 0.0712890625
1949 -0.0849609375
1950 -0.0498046875
1951 0.0078125
1952 -0.0390625
1953 -0.201171875
1954 -0.119140625
1955 -0.0458984375
1956 -0.078125
1957 -0.189453125
1958 -0.0625
1959 0.009765625
1960 -0.025390625
1961 -0.08984375
1962 0.0224609375
1963 0.0859375
1964 0.033203125
1965 -0.0341796875
1966 0.0693359375
1967 0.126953125
1968 0.0634765625
1969 -0.0537109375
1970 -0.015625
1971 0.0390625
1972 -0.0146484375
1973 -0.1435546875
1974 -0.0625
1975 -0.001953125
1976 -0.046875
1977 -0.228515625
1978 -0.16015625
1979 -0.0810546875
1980 -0.103515625
1981 -0.208984375
1982 -0.109375
1983 -0.0400390625
1984 -0.0732421875
1985 -0.240234375
1986 -0.16015625
1987 -0.078125
1988 -0.1015625
1989 -0.21875
1990 -0.0869140625
1991 -0.009765625
1992 -0.0361328125
1993 -0.134765625
1994 -0.0869140625
1995 -0.0205078125
1996 -0.0517578125
1997 -0.16796875
1998 -0.083984375
1999 -0.0205078125
2000 -0.0517578125
2001 -0.1689453125
2002 -0.0849609375
2003 -0.0205078125
2004 -0.048828125
2005 -0.1416015625
2006 -0.0224609375
2007 0.0439453125
2008 0.0087890625
2009 -0.0390625
2010 0.0634765625
2011 0.1220703125
2012 0.072265625
2013 0.01171875
2014 0.1064453125
2015 0.1611328125
2016 0.1005859375
2017 0.033203125
2018 0.125
2019 0.1767578125
2020 0.111328125
2021 0.0380859375
2022 0.1279296875
2023 0.1787109375
2024 0.1123046875
2025 0.0517578125
2026 0.138671875
2027 0.1875
2028 0.12109375
2029 0.013671875
2030 0.103515625
2031 0.150390625
2032 0.08984375
2033 -0.017578125
2034 0.07421875
2035 0.1259765625
2036 0.068359375
2037 -0.0078125
2038 0.0849609375
2039 0.1337890625
2040 0.076171875
2041 -0.029296875
2042 0.0068359375
2043 0.0546875
2044 0.005859375
2045 -0.08203125
2046 0.0205078125
2047 0.076171875
2048 0.0302734375
2049 -0.0244140625
2050 0.072265625
2051 0.1240234375
2052 0.0693359375
2053 0.0126953125
2054 0.1025390625
2055 0.1533203125
2056 0.091796875
2057 -0.0126953125
2058 0.076171875
2059 0.125
2060 0.068359375
2061 -0.08984375
2062 -0.05859375
2063 -0.0078125
2064 -0.0439453125
2065 -0.2080078125
2066 -0.1328125
2067 -0.0625
2068 -0.0849609375
2069 -0.1923828125
2070 -0.0703125
2071 -0.00390625
2072 -0.03125
2073 -0.103515625
2074 0.0068359375
2075 0.0654296875
2076 0.0205078125
2077 -0.037109375
2078 0.0615234375
2079 0.1142578125
2080 0.060546875
2081 -0.056640625
2082 -0.0234375
2083 0.02734375
2084 -0.0185546875
2085 -0.146484375
2086 -0.068359375
2087 -0.009765625
2088 -0.048828125
2089 -0.2275390625
2090 -0.1650390625
2091 -0.087890625
2092 -0.1044921875
2093 -0.2080078125
2094 -0.11328125
2095 -0.044921875
2096 -0.076171875
2097 -0.2412109375
2098 -0.1640625
2099 -0.083984375
2100 -0.1005859375
2101 -0.220703125
2102 -0.0888671875
2103 -0.015625
2104 -0.0390625
2105 -0.1376953125
2106 -0.08984375
2107 -0.0224609375
2108 -0.0556640625
2109 -0.21484375
2110 -0.125
2111 -0.052734375
2112 -0.0771484375
2113 -0.228515625
2114 -0.13671875
2115 -0.0615234375
2116 -0.0810546875
2117 -0.1708984375
2118 -0.0439453125
2119 0.029296875
2120 -0.0048828125
2121 -0.052734375
2122 0.0576171875
2123 0.119140625
2124 0.0625
2125 0.0029296875
2126 0.103515625
2127 0.1591796875
2128 0.095703125
2129 0.0234375
2130 0.119140625
2131 0.1728515625
2132 0.1064453125
2133 0.037109375
2134 0.1298828125
2135 0.181640625
2136 0.11328125
2137 0.048828125
2138 0.140625
2139 0.19140625
2140 0.1201171875
2141 0.01171875
2142 0.1044921875
2143 0.15234375
2144 0.0888671875
2145 -0.0224609375
2146 0.07421875
2147 0.125
2148 0.0673828125
2149 -0.0107421875
2150 0.0849609375
2151 0.134765625
2152 0.0771484375
2153 -0.0166015625
2154 0.0224609375
2155 0.072265625
2156 0.015625
2157 -0.0732421875
2158 0.0283203125
2159 0.0927734375
2160 0.0361328125
2161 -0.0283203125
2162 0.072265625
2163 0.130859375
2164 0.0673828125
2165 0.0087890625
2166 0.103515625
2167 0.158203125
2168 0.08984375
2169 -0.015625
2170 0.080078125
2171 0.1318359375
2172 0.068359375
2173 -0.087890625
2174 -0.056640625
2175 -0.0009765625
2176 -0.0439453125
2177 -0.2041015625
2178 -0.123046875
2179 -0.052734375
2180 -0.0810546875
2181 -0.1875
2182 -0.0654296875
2183 0.001953125
2184 -0.0283203125
2185 -0.08984375
2186 0.01953125
2187 0.080078125
2188 0.03125
2189 -0.0341796875
2190 0.06640625
2191 0.119140625
2192 0.0625
2193 -0.0595703125
2194 -0.0224609375
2195 0.0302734375
2196 -0.0205078125
2197 -0.1474609375
2198 -0.0673828125
2199 -0.0087890625
2200 -0.048828125
2201 -0.23046875
2202 -0.1650390625
2203 -0.083984375
2204 -0.103515625
2205 -0.2080078125
2206 -0.1123046875
2207 -0.0439453125
2208 -0.076171875
2209 -0.2412109375
2210 -0.1630859375
2211 -0.0830078125
2212 -0.1015625
2213 -0.2236328125
2214 -0.08984375
2215 -0.0126953125
2216 -0.0400390625
2217 -0.1396484375
2218 -0.087890625
2219 -0.01953125
2220 -0.0556640625
2221 -0.1767578125
2222 -0.087890625
2223 -0.0205078125
2224 -0.056640625
2225 -0.177734375
2226 -0.0927734375
2227 -0.021484375
2228 -0.056640625
2229 -0.1484375
2230 -0.0263671875
2231 0.044921875
2232 0.0048828125
2233 -0.0458984375
2234 0.0634765625
2235 0.1240234375
2236 0.06640625
2237 0.00390625
2238 0.107421875
2239 0.1640625
2240 0.099609375
2241 0.0263671875
2242 0.126953125
2243 0.1796875
2244 0.1083984375
2245 0.037109375
2246 0.1337890625
2247 0.1865234375
2248 0.11328125
2249 0.046875
2250 0.1416015625
2251 0.193359375
2252 0.1201171875
2253 0.0087890625
2254 0.1025390625
2255 0.1533203125
2256 0.0859375
2257 -0.0263671875
2258 0.072265625
2259 0.1259765625
2260 0.0654296875
2261 -0.0185546875
2262 0.0830078125
2263 0.1357421875
2264 0.072265625
2265 -0.03515625
2266 0.005859375
2267 0.0576171875
2268 0.001953125
2269 -0.087890625
2270 0.0185546875
2271 0.080078125
2272 0.0263671875
2273 -0.0302734375
2274 0.072265625
2275 0.12890625
2276 0.0654296875
2277 0.0048828125
2278 0.103515625
2279 0.158203125
2280 0.087890625
2281 -0.0205078125
2282 0.0771484375
2283 0.130859375
2284 0.06640625
2285 -0.095703125
2286 -0.060546875
2287 -0.001953125
2288 -0.048828125
2289 -0.2158203125
2290 -0.1328125
2291 -0.0556640625
2292 -0.0888671875
2293 -0.197265625
2294 -0.0703125
2295 0.00390625
2296 -0.0341796875
2297 -0.109375
2298 0.005859375
2299 0.0703125
2300 0.0185546875
2301 -0.0439453125
2302 0.0625
2303 0.119140625
2304 0.05859375
2305 -0.060546875
2306 -0.021484375
2307 0.0302734375
2308 -0.01953125
2309 -0.1494140625
2310 -0.068359375
2311 -0.0107421875
2312 -0.052734375
2313 -0.2314453125
2314 -0.1650390625
2315 -0.0849609375
2316 -0.10546875
2317 -0.2099609375
2318 -0.1142578125
2319 -0.044921875
2320 -0.0771484375
2321 -0.2431640625
2322 -0.1640625
2323 -0.0859375
2324 -0.1044921875
2325 -0.2236328125
2326 -0.08984375
2327 -0.013671875
2328 -0.0390625
2329 -0.1416015625
2330 -0.08984375
2331 -0.01953125
2332 -0.0556640625
2333 -0.2197265625
2334 -0.125
2335 -0.05078125
2336 -0.080078125
2337 -0.2333984375
2338 -0.138671875
2339 -0.0556640625
2340 -0.0849609375
2341 -0.173828125
2342 -0.0439453125
2343 0.03515625
2344 -0.0068359375
2345 -0.056640625
2346 0.0576171875
2347 0.12109375
2348 0.0625
2349 -0.001953125
2350 0.1025390625
2351 0.1611328125
2352 0.0947265625
2353 0.0185546875
2354 0.119140625
2355 0.177734375
2356 0.103515625
2357 0.0302734375
2358 0.1298828125
2359 0.1845703125
2360 0.1103515625
2361 0.0439453125
2362 0.1396484375
2363 0.193359375
2364 0.1171875
2365 0.0068359375
2366 0.1044921875
2367 0.1552734375
2368 0.087890625
2369 -0.0283203125
2370 0.07421875
2371 0.1279296875
2372 0.064453125
2373 -0.015625
2374 0.0849609375
2375 0.1376953125
2376 0.0732421875
2377 -0.01953125
2378 0.0224609375
2379 0.0751953125
2380 0.013671875
2381 -0.078125
2382 0.029296875
2383 0.0927734375
2384 0.033203125
2385 -0.0322265625
2386 0.0712890625
2387 0.1328125
2388 0.0654296875
2389 0.0029296875
2390 0.1044921875
2391 0.158203125
2392 0.0888671875
2393 -0.0185546875
2394 0.0810546875
2395 0.1337890625
2396 0.06640625
2397 -0.0888671875
2398 -0.05078125
2399 0.005859375
2400 -0.0439453125
2401 -0.203125
2402 -0.1181640625
2403 -0.0458984375
2404 -0.08203125
2405 -0.1943359375
2406 -0.0654296875
2407 0.009765625
2408 -0.033203125
2409 -0.095703125
2410 0.0185546875
2411 0.083984375
2412 0.0283203125
2413 -0.041015625
2414 0.06640625
2415 0.125
2416 0.0595703125
2417 -0.0625
2418 -0.0205078125
2419 0.0341796875
2420 -0.021484375
2421 -0.1533203125
2422 -0.0673828125
2423 -0.005859375
2424 -0.05078125
2425 -0.2333984375
2426 -0.1650390625
2427 -0.08203125
2428 -0.107421875
2429 -0.212890625
2430 -0.1142578125
2431 -0.0400390625
2432 -0.080078125
2433 -0.2451171875
2434 -0.1650390625
2435 -0.0810546875
2436 -0.10546875
2437 -0.2265625
2438 -0.0869140625
2439 -0.009765625
2440 -0.0400390625
2441 -0.1416015625
2442 -0.0869140625
2443 -0.0185546875
2444 -0.0556640625
2445 -0.181640625
2446 -0.0859375
2447 -0.021484375
2448 -0.0576171875
2449 -0.1806640625
2450 -0.095703125
2451 -0.021484375
2452 -0.05859375
2453 -0.1533203125
2454 -0.0283203125
2455 0.0439453125
2456 0.001953125
2457 -0.0478515625
2458 0.0625
2459 0.1240234375
2460 0.064453125
2461 0.0048828125
2462 0.107421875
2463 0.1640625
2464 0.0966796875
2465 0.0263671875
2466 0.1259765625
2467 0.1806640625
2468 0.1083984375
2469 0.033203125
2470 0.1328125
2471 0.1845703125
2472 0.111328125
2473 0.046875
2474 0.140625
2475 0.1943359375
2476 0.119140625
2477 0.0068359375
2478 0.1015625
2479 0.154296875
2480 0.0849609375
2481 -0.029296875
2482 0.072265625
2483 0.1259765625
2484 0.0625
2485 -0.0185546875
2486 0.08203125
2487 0.1357421875
2488 0.0712890625
2489 -0.03515625
2490 0.005859375
2491 0.05859375
2492 0.001953125
2493 -0.08984375
2494 0.017578125
2495 0.0810546875
2496 0.0263671875
2497 -0.0322265625
2498 0.0693359375
2499 0.1279296875
2500 0.0634765625
2501 0.0048828125
2502 0.1015625
2503 0.1552734375
2504 0.0869140625
2505 -0.01953125
2506 0.076171875
2507 0.12890625
2508 0.064453125
2509 -0.09375
2510 -0.0576171875
2511 -0.001953125
2512 -0.0458984375
2513 -0.2119140625
2514 -0.126953125
2515 -0.0546875
2516 -0.0849609375
2517 -0.1962890625
2518 -0.0673828125
2519 0.0048828125
2520 -0.0322265625
2521 -0.09375
2522 0.01953125
2523 0.083984375
2524 0.02734375
2525 -0.0361328125
2526 0.0673828125
2527 0.125
2528 0.060546875
2529 -0.0634765625
2530 -0.0234375
2531 0.0302734375
2532 -0.021484375
2533 -0.1640625
2534 -0.0791015625
2535 -0.01953125
2536 -0.0595703125
2537 -0.2421875
2538 -0.171875
2539 -0.08984375
2540 -0.1103515625
2541 -0.21875
2542 -0.1201171875
2543 -0.0498046875
2544 -0.08203125
2545 -0.2568359375
2546 -0.1767578125
2547 -0.0927734375
2548 -0.1123046875
2549 -0.2587890625
2550 -0.119140625
2551 -0.0361328125
2552 -0.0576171875
2553 -0.134765625
2554 -0.015625
2555 0.052734375
2556 0.01171875
2557 -0.1240234375
2558 -0.080078125
2559 -0.015625
2560 -0.048828125
2561 -0.169921875
2562 -0.0859375
2563 -0.015625
2564 -0.0517578125
2565 -0.1572265625
2566 -0.072265625
2567 -0.005859375
2568 -0.0439453125
2569 -0.1591796875
2570 -0.0390625
2571 0.03125
2572 -0.0048828125
2573 -0.091796875
2574 0.021484375
2575 0.0810546875
2576 0.0380859375
2577 -0.0244140625
2578 0.078125
2579 0.1328125
2580 0.0771484375
2581 -0.0166015625
2582 0.0302734375
2583 0.07421875
2584 0.021484375
2585 -0.103515625
2586 0.0029296875
2587 0.0615234375
2588 0.021484375
2589 -0.1162109375
2590 -0.0791015625
2591 -0.0166015625
2592 -0.044921875
2593 -0.158203125
2594 -0.076171875
2595 -0.0126953125
2596 -0.04296875
2597 -0.1572265625
2598 -0.072265625
2599 -0.013671875
2600 -0.04296875
2601 -0.1806640625
2602 -0.0576171875
2603 0.0126953125
2604 -0.0146484375
2605 -0.0654296875
2606 0.041015625
2607 0.1005859375
2608 0.052734375
2609 -0.037109375
2610 0.005859375
2611 0.05859375
2612 0.009765625
2613 -0.119140625
2614 -0.0048828125
2615 0.056640625
2616 0.017578125
2617 -0.1181640625
2618 -0.0810546875
2619 -0.017578125
2620 -0.0458984375
2621 -0.1572265625
2622 -0.07421875
2623 -0.0107421875
2624 -0.0400390625
2625 -0.1533203125
2626 -0.0673828125
2627 -0.0068359375
2628 -0.0390625
2629 -0.17578125
2630 -0.052734375
2631 0.0185546875
2632 -0.0087890625
2633 -0.0625
2634 0.046875
2635 0.10546875
2636 0.05859375
2637 -0.0322265625
2638 0.013671875
2639 0.064453125
2640 0.0146484375
2641 -0.11328125
2642 0.0
2643 0.0615234375
2644 0.0224609375
2645 -0.1162109375
2646 -0.078125
2647 -0.0126953125
2648 -0.041015625
2649 -0.1533203125
2650 -0.0693359375
2651 -0.0068359375
2652 -0.03515625
2653 -0.1474609375
2654 -0.064453125
2655 -0.0029296875
2656 -0.0341796875
2657 -0.1708984375
2658 -0.048828125
2659 0.021484375
2660 -0.005859375
2661 -0.056640625
2662 0.0498046875
2663 0.1083984375
2664 0.0625
2665 -0.029296875
2666 0.0166015625
2667 0.064453125
2668 0.017578125
2669 -0.1103515625
2670 0.0029296875
2671 0.0634765625
2672 0.025390625
2673 -0.1123046875
2674 -0.072265625
2675 -0.009765625
2676 -0.0390625
2677 -0.150390625
2678 -0.0673828125
2679 -0.001953125
2680 -0.0322265625
2681 -0.142578125
2682 -0.0595703125
2683 0.0029296875
2684 -0.0302734375
2685 -0.1669921875
2686 -0.0439453125
2687 0.0263671875
2688 -0.0009765625
2689 -0.0546875
2690 0.0537109375
2691 0.11328125
2692 0.0654296875
2693 -0.02734375
2694 0.01953125
2695 0.0703125
2696 0.021484375
2697 -0.107421875
2698 0.005859375
2699 0.0712890625
2700 0.0283203125
2701 -0.109375
2702 -0.0703125
2703 -0.0029296875
2704 -0.0341796875
2705 -0.146484375
2706 -0.0615234375
2707 0.0048828125
2708 -0.0302734375
2709 -0.1435546875
2710 -0.056640625
2711 0.0078125
2712 -0.029296875
2713 -0.1689453125
2714 -0.0419921875
2715 0.0322265625
2716 0.001953125
2717 -0.0546875
2718 0.056640625
2719 0.1201171875
2720 0.068359375
2721 -0.0263671875
2722 0.0244140625
2723 0.078125
2724 0.0234375
2725 -0.1064453125
2726 0.0078125
2727 0.07421875
2728 0.0302734375
2729 -0.1083984375
2730 -0.06640625
2731 0.001953125
2732 -0.033203125
2733 -0.146484375
2734 -0.060546875
2735 0.0078125
2736 -0.0263671875
2737 -0.1416015625
2738 -0.0546875
2739 0.0126953125
2740 -0.025390625
2741 -0.1689453125
2742 -0.0400390625
2743 0.03515625
2744 0.001953125
2745 -0.0537109375
2746 0.0576171875
2747 0.123046875
2748 0.068359375
2749 -0.0244140625
2750 0.0263671875
2751 0.0810546875
2752 0.025390625
2753 -0.10546875
2754 0.009765625
2755 0.0751953125
2756 0.0322265625
2757 -0.1064453125
2758 -0.06640625
2759 0.0009765625
2760 -0.029296875
2761 -0.1435546875
2762 -0.05859375
2763 0.0078125
2764 -0.025390625
2765 -0.1396484375
2766 -0.052734375
2767 0.009765625
2768 -0.0244140625
2769 -0.1650390625
2770 -0.0390625
2771 0.0341796875
2772 0.00390625
2773 -0.048828125
2774 0.060546875
2775 0.1220703125
2776 0.072265625
2777 -0.0205078125
2778 0.02734375
2779 0.078125
2780 0.029296875
2781 -0.103515625
2782 0.01171875
2783 0.076171875
2784 0.0361328125
2785 -0.1044921875
2786 -0.0634765625
2787 0.001953125
2788 -0.0283203125
2789 -0.1435546875
2790 -0.056640625
2791 0.0107421875
2792 -0.0263671875
2793 -0.13671875
2794 -0.0517578125
2795 0.0146484375
2796 -0.0234375
2797 -0.162109375
2798 -0.0341796875
2799 0.0400390625
2800 0.005859375
2801 -0.0478515625
2802 0.0625
2803 0.1259765625
2804 0.0751953125
2805 -0.0205078125
2806 0.0302734375
2807 0.0810546875
2808 0.029296875
2809 -0.099609375
2810 0.017578125
2811 0.08203125
2812 0.0380859375
2813 -0.099609375
2814 -0.05859375
2815 0.0087890625
2816 -0.0263671875
2817 -0.142578125
2818 -0.052734375
2819 0.0166015625
2820 -0.0234375
2821 -0.13671875
2822 -0.0478515625
2823 0.0185546875
2824 -0.021484375
2825 -0.1640625
2826 -0.03515625
2827 0.0400390625
2828 0.0078125
2829 -0.05078125
2830 0.064453125
2831 0.12890625
2832 0.0751953125
2833 -0.01953125
2834 0.0302734375
2835 0.0849609375
2836 0.03125
2837 -0.1025390625
2838 0.015625
2839 0.0810546875
2840 0.037109375
2841 -0.1015625
2842 -0.0595703125
2843 0.0087890625
2844 -0.0263671875
2845 -0.140625
2846 -0.0517578125
2847 0.0166015625
2848 -0.021484375
2849 -0.1357421875
2850 -0.046875
2851 0.0185546875
2852 -0.01953125
2853 -0.1630859375
2854 -0.0322265625
2855 0.04296875
2856 0.009765625
2857 -0.0478515625
2858 0.06640625
2859 0.12890625
2860 0.0751953125
2861 -0.017578125
2862 0.033203125
2863 0.0869140625
2864 0.0302734375
2865 -0.099609375
2866 0.0166015625
2867 0.0849609375
2868 0.0380859375
2869 -0.09765625
2870 -0.05859375
2871 0.009765625
2872 -0.0234375
2873 -0.1396484375
2874 -0.052734375
2875 0.0166015625
2876 -0.0185546875
2877 -0.1357421875
2878 -0.0458984375
2879 0.01953125
2880 -0.017578125
2881 -0.1650390625
2882 -0.0322265625
2883 0.0439453125
2884 0.009765625
2885 -0.0478515625
2886 0.064453125
2887 0.12890625
2888 0.076171875
2889 -0.0185546875
2890 0.0322265625
2891 0.0849609375
2892 0.0322265625
2893 -0.1015625
2894 0.0166015625
2895 0.08203125
2896 0.0400390625
2897 -0.1015625
2898 -0.0576171875
2899 0.009765625
2900 -0.025390625
2901 -0.140625
2902 -0.0498046875
2903 0.0166015625
2904 -0.0205078125
2905 -0.134765625
2906 -0.044921875
2907 0.021484375
2908 -0.0185546875
2909 -0.16015625
2910 -0.03125
2911 0.0439453125
2912 0.009765625
2913 -0.0478515625
2914 0.06640625
2915 0.1328125
2916 0.0771484375
2917 -0.0166015625
2918 0.03515625
2919 0.08984375
2920 0.0341796875
2921 -0.099609375
2922 0.0185546875
2923 0.0849609375
2924 0.0419921875
2925 -0.0986328125
2926 -0.0556640625
2927 0.0126953125
2928 -0.0224609375
2929 -0.138671875
2930 -0.05078125
2931 0.01953125
2932 -0.017578125
2933 -0.134765625
2934 -0.0458984375
2935 0.0205078125
2936 -0.0166015625
2937 -0.162109375
2938 -0.033203125
2939 0.0439453125
2940 0.009765625
2941 -0.046875
2942 0.068359375
2943 0.1318359375
2944 0.0791015625
2945 -0.0166015625
2946 0.0341796875
2947 0.0888671875
2948 0.033203125
2949 -0.099609375
2950 0.01953125
2951 0.083984375
2952 0.0400390625
2953 -0.09765625
2954 -0.0556640625
2955 0.0107421875
2956 -0.0234375
2957 -0.13671875
2958 -0.05078125
2959 0.0185546875
2960 -0.017578125
2961 -0.130859375
2962 -0.0439453125
2963 0.021484375
2964 -0.015625
2965 -0.1572265625
2966 -0.029296875
2967 0.044921875
2968 0.013671875
2969 -0.04296875
2970 0.0703125
2971 0.130859375
2972 0.080078125
2973 -0.015625
2974 0.03515625
2975 0.0869140625
2976 0.03515625
2977 -0.0966796875
2978 0.01953125
2979 0.0859375
2980 0.041015625
2981 -0.0986328125
2982 -0.0576171875
2983 0.0107421875
2984 -0.021484375
2985 -0.1376953125
2986 -0.05078125
2987 0.0166015625
2988 -0.015625
2989 -0.1318359375
2990 -0.0439453125
2991 0.0185546875
2992 -0.0146484375
2993 -0.1572265625
2994 -0.029296875
2995 0.044921875
2996 0.013671875
2997 -0.0439453125
2998 0.0703125
2999 0.1328125
3000 0.0791015625
3001 -0.013671875
3002 0.0361328125
3003 0.087890625
3004 0.03515625
3005 -0.09765625
3006 0.01953125
3007 0.0859375
3008 0.04296875
3009 -0.09765625
3010 -0.0576171875
3011 0.01171875
3012 -0.0224609375
3013 -0.134765625
3014 -0.048828125
3015 0.0166015625
3016 -0.0146484375
3017 -0.1279296875
3018 -0.04296875
3019 0.0205078125
3020 -0.013671875
3021 -0.1533203125
3022 -0.0263671875
3023 0.0458984375
3024 0.015625
3025 -0.0400390625
3026 0.0712890625
3027 0.1337890625
3028 0.0810546875
3029 -0.0126953125
3030 0.0380859375
3031 0.0888671875
3032 0.0361328125
3033 -0.09375
3034 0.021484375
3035 0.087890625
3036 0.0458984375
3037 -0.09375
3038 -0.0517578125
3039 0.0146484375
3040 -0.0185546875
3041 -0.134765625
3042 -0.0458984375
3043 0.0205078125
3044 -0.015625
3045 -0.130859375
3046 -0.04296875
3047 0.0244140625
3048 -0.0146484375
3049 -0.1552734375
3050 -0.02734375
3051 0.048828125
3052 0.013671875
3053 -0.041015625
3054 0.0712890625
3055 0.1357421875
3056 0.080078125
3057 -0.013671875
3058 0.037109375
3059 0.0908203125
3060 0.0361328125
3061 -0.0927734375
3062 0.0224609375
3063 0.0859375
3064 0.0439453125
3065 -0.09375
3066 -0.052734375
3067 0.01171875
3068 -0.0185546875
3069 -0.1328125
3070 -0.0478515625
3071 0.01953125
3072 -0.013671875
3073 -0.1279296875
3074 -0.0439453125
3075 0.0205078125
3076 -0.0146484375
3077 -0.154296875
3078 -0.0283203125
3079 0.0439453125
3080 0.0146484375
3081 -0.0400390625
3082 0.0693359375
3083 0.1318359375
3084 0.08203125
3085 -0.009765625
3086 0.037109375
3087 0.087890625
3088 0.0380859375
3089 -0.091796875
3090 0.021484375
3091 0.0859375
3092 0.04296875
3093 -0.0927734375
3094 -0.052734375
3095 0.0126953125
3096 -0.0185546875
3097 -0.1298828125
3098 -0.0478515625
3099 0.017578125
3100 -0.0146484375
3101 -0.1279296875
3102 -0.04296875
3103 0.0185546875
3104 -0.0126953125
3105 -0.1533203125
3106 -0.02734375
3107 0.0439453125
3108 0.015625
3109 -0.0390625
3110 0.0693359375
3111 0.1318359375
3112 0.08203125
3113 -0.0087890625
3114 0.0361328125
3115 0.0869140625
3116 0.037109375
3117 -0.091796875
3118 0.0205078125
3119 0.083984375
3120 0.0439453125
3121 -0.0947265625
3122 -0.056640625
3123 0.0078125
3124 -0.0205078125
3125 -0.1337890625
3126 -0.0478515625
3127 0.013671875
3128 -0.0146484375
3129 -0.126953125
3130 -0.04296875
3131 0.0185546875
3132 -0.0126953125
3133 -0.15234375
3134 -0.0263671875
3135 0.044921875
3136 0.0146484375
3137 -0.0380859375
3138 0.0703125
3139 0.1318359375
3140 0.08203125
3141 -0.0107421875
3142 0.037109375
3143 0.08984375
3144 0.0361328125
3145 -0.091796875
3146 0.0234375
3147 0.0849609375
3148 0.0458984375
3149 -0.09375
3150 -0.0517578125
3151 0.01171875
3152 -0.0185546875
3153 -0.1328125
3154 -0.0478515625
3155 0.0185546875
3156 -0.0146484375
3157 -0.126953125
3158 -0.04296875
3159 0.0205078125
3160 -0.013671875
3161 -0.1513671875
3162 -0.0263671875
3163 0.044921875
3164 0.015625
3165 -0.0380859375
3166 0.0703125
3167 0.130859375
3168 0.08203125
3169 -0.0107421875
3170 0.037109375
3171 0.087890625
3172 0.0361328125
3173 -0.095703125
3174 0.021484375
3175 0.083984375
3176 0.04296875
3177 -0.095703125
3178 -0.0537109375
3179 0.01171875
3180 -0.01953125
3181 -0.1337890625
3182 -0.048828125
3183 0.01953125
3184 -0.015625
3185 -0.12890625
3186 -0.0419921875
3187 0.0234375
3188 -0.013671875
3189 -0.15234375
3190 -0.025390625
3191 0.046875
3192 0.0146484375
3193 -0.0390625
3194 0.072265625
3195 0.1328125
3196 0.0830078125
3197 -0.0107421875
3198 0.0380859375
3199 0.0888671875
3200 0.0390625
3201 -0.0927734375
3202 0.021484375
3203 0.087890625
3204 0.044921875
3205 -0.09375
3206 -0.0546875
3207 0.01171875
3208 -0.0185546875
3209 -0.1337890625
3210 -0.0478515625
3211 0.0205078125
3212 -0.013671875
3213 -0.130859375
3214 -0.04296875
3215 0.0224609375
3216 -0.0126953125
3217 -0.15625
3218 -0.02734375
3219 0.0478515625
3220 0.015625
3221 -0.04296875
3222 0.0712890625
3223 0.134765625
3224 0.080078125
3225 -0.01171875
3226 0.0380859375
3227 0.091796875
3228 0.037109375
3229 -0.0947265625
3230 0.0205078125
3231 0.0869140625
3232 0.044921875
3233 -0.0927734375
3234 -0.0546875
3235 0.013671875
3236 -0.017578125
3237 -0.1318359375
3238 -0.0478515625
3239 0.0185546875
3240 -0.0126953125
3241 -0.126953125
3242 -0.041015625
3243 0.021484375
3244 -0.01171875
3245 -0.15234375
3246 -0.0244140625
3247 0.0478515625
3248 0.0166015625
3249 -0.0390625
3250 0.072265625
3251 0.1357421875
3252 0.08203125
3253 -0.009765625
3254 0.0400390625
3255 0.0927734375
3256 0.0400390625
3257 -0.08984375
3258 0.0234375
3259 0.087890625
3260 0.0458984375
3261 -0.0908203125
3262 -0.0498046875
3263 0.015625
3264 -0.0166015625
3265 -0.1328125
3266 -0.044921875
3267 0.01953125
3268 -0.013671875
3269 -0.12890625
3270 -0.041015625
3271 0.0224609375
3272 -0.0126953125
3273 -0.154296875
3274 -0.0263671875
3275 0.0478515625
3276 0.0146484375
3277 -0.0400390625
3278 0.0712890625
3279 0.1337890625
3280 0.08203125
3281 -0.0107421875
3282 0.037109375
3283 0.0908203125
3284 0.037109375
3285 -0.0927734375
3286 0.0234375
3287 0.087890625
3288 0.0458984375
3289 -0.091796875
3290 -0.052734375
3291 0.0146484375
3292 -0.015625
3293 -0.130859375
3294 -0.046875
3295 0.01953125
3296 -0.013671875
3297 -0.1279296875
3298 -0.041015625
3299 0.0234375
3300 -0.0126953125
3301 -0.15234375
3302 -0.02734375
3303 0.0478515625
3304 0.0166015625
3305 -0.0400390625
3306 0.0712890625
3307 0.1337890625
3308 0.0830078125
3309 -0.009765625
3310 0.0380859375
3311 0.08984375
3312 0.0380859375
3313 -0.09375
3314 0.0244140625
3315 0.0888671875
3316 0.04296875
3317 -0.0927734375
3318 -0.0517578125
3319 0.015625
3320 -0.01953125
3321 -0.1328125
3322 -0.046875
3323 0.021484375
3324 -0.013671875
3325 -0.126953125
3326 -0.04296875
3327 0.021484375
3328 -0.0107421875
3329 -0.15625
3330 -0.02734375
3331 0.0478515625
3332 0.0146484375
3333 -0.04296875
3334 0.0712890625
3335 0.1357421875
3336 0.0830078125
3337 -0.01171875
3338 0.037109375
3339 0.0908203125
3340 0.0380859375
3341 -0.0927734375
3342 0.0224609375
3343 0.0869140625
3344 0.0439453125
3345 -0.0947265625
3346 -0.0537109375
3347 0.0166015625
3348 -0.01953125
3349 -0.1328125
3350 -0.046875
3351 0.0224609375
3352 -0.0146484375
3353 -0.12890625
3354 -0.041015625
3355 0.0234375
3356 -0.0107421875
3357 -0.1552734375
3358 -0.025390625
3359 0.0458984375
3360 0.015625
3361 -0.0400390625
3362 0.0703125
3363 0.1318359375
3364 0.08203125
3365 -0.0107421875
3366 0.0361328125
3367 0.0869140625
3368 0.0380859375
3369 -0.091796875
3370 0.0205078125
3371 0.0849609375
3372 0.0458984375
3373 -0.0908203125
3374 -0.0517578125
3375 0.01171875
3376 -0.017578125
3377 -0.130859375
3378 -0.0458984375
3379 0.01953125
3380 -0.0126953125
3381 -0.126953125
3382 -0.041015625
3383 0.0224609375
3384 -0.0107421875
3385 -0.154296875
3386 -0.0283203125
3387 0.046875
3388 0.0146484375
3389 -0.0380859375
3390 0.0712890625
3391 0.1337890625
3392 0.08203125
3393 -0.0107421875
3394 0.037109375
3395 0.0908203125
3396 0.037109375
3397 -0.0947265625
3398 0.0224609375
3399 0.0849609375
3400 0.044921875
3401 -0.09375
3402 -0.0517578125
3403 0.0146484375
3404 -0.0185546875
3405 -0.1328125
3406 -0.04296875
3407 0.021484375
3408 -0.013671875
3409 -0.125
3410 -0.0390625
3411 0.0263671875
3412 -0.009765625
3413 -0.1298828125
3414 -0.0068359375
3415 0.0634765625
3416 0.029296875
3417 -0.0859375
3418 -0.0361328125
3419 0.0283203125
3420 -0.0087890625
3421 -0.1650390625
3422 -0.0927734375
3423 -0.0166015625
3424 -0.0419921875
3425 -0.189453125
3426 -0.107421875
3427 -0.0302734375
3428 -0.0498046875
3429 -0.1552734375
3430 -0.0625
3431 0.009765625
3432 -0.0224609375
3433 -0.123046875
3434 -0.0341796875
3435 0.033203125
3436 -0.00390625
3437 -0.0966796875
3438 0.0234375
3439 0.0888671875
3440 0.0498046875
3441 -0.0517578125
3442 -0.005859375
3443 0.0546875
3444 0.013671875
3445 -0.1591796875
3446 -0.0869140625
3447 -0.01171875
3448 -0.0341796875
3449 -0.150390625
3450 -0.0625
3451 0.0087890625
3452 -0.0205078125
3453 -0.140625
3454 -0.05078125
3455 0.0185546875
3456 -0.01171875
3457 -0.1162109375
3458 0.0087890625
3459 0.0830078125
3460 0.04296875
3461 -0.0068359375
3462 0.1044921875
3463 0.1669921875
3464 0.107421875
3465 -0.0029296875
3466 0.0400390625
3467 0.0927734375
3468 0.0419921875
3469 -0.1328125
3470 -0.0634765625
3471 0.0078125
3472 -0.0234375
3473 -0.138671875
3474 -0.0517578125
3475 0.0048828125
3476 -0.0068359375
3477 -0.095703125
3478 -0.02734375
3479 0.021484375
3480 0.00390625
3481 -0.087890625
3482 0.0126953125
3483 0.06640625
3484 0.0478515625
3485 -0.068359375
3486 -0.0478515625
3487 0.0048828125
3488 -0.005859375
3489 -0.1337890625
3490 -0.0244140625
3491 0.03515625
3492 0.0263671875
3493 -0.0400390625
3494 0.0537109375
3495 0.1015625
3496 0.0791015625
3497 0.0146484375
3498 0.09765625
3499 0.1396484375
3500 0.1083984375
3501 0.0341796875
3502 0.11328125
3503 0.15234375
3504 0.1181640625
3505 0.0654296875
3506 0.140625
3507 0.177734375
3508 0.13671875
3509 0.0595703125
3510 0.076171875
3511 0.107421875
3512 0.0732421875
3513 -0.0205078125
3514 0.033203125
3515 0.068359375
3516 0.0390625
3517 -0.0625
3518 -0.001953125
3519 0.0380859375
3520 0.0166015625
3521 -0.0927734375
3522 0.005859375
3523 0.0537109375
3524 0.037109375
3525 -0.0654296875
3526 -0.0400390625
3527 0.0068359375
3528 -0.0078125
3529 -0.1650390625
3530 -0.0517578125
3531 0.009765625
3532 0.0029296875
3533 -0.1142578125
3534 -0.08984375
3535 -0.0302734375
3536 -0.03515625
3537 -0.1474609375
3538 -0.0791015625
3539 -0.0234375
3540 -0.0302734375
3541 -0.177734375
3542 -0.0986328125
3543 -0.0419921875
3544 -0.0419921875
3545 -0.1708984375
3546 -0.0927734375
3547 -0.03515625
3548 -0.0380859375
3549 -0.16796875
3550 -0.0546875
3551 0.009765625
3552 0.0048828125
3553 -0.0712890625
3554 0.0263671875
3555 0.078125
3556 0.05859375
3557 -0.01953125
3558 0.06640625
3559 0.1103515625
3560 0.0849609375
3561 -0.0029296875
3562 0.0791015625
3563 0.1220703125
3564 0.09375
3565 -0.001953125
3566 0.078125
3567 0.1201171875
3568 0.091796875
3569 -0.01171875
3570 0.0703125
3571 0.1123046875
3572 0.0859375
3573 0.0263671875
3574 0.1064453125
3575 0.1435546875
3576 0.109375
3577 0.00390625
3578 0.0205078125
3579 0.0546875
3580 0.0322265625
3581 -0.083984375
3582 -0.02734375
3583 0.017578125
3584 0.001953125
3585 -0.1416015625
3586 -0.0751953125
3587 -0.0234375
3588 -0.0302734375
3589 -0.1533203125
3590 -0.0791015625
3591 -0.02734375
3592 -0.0322265625
3593 -0.1630859375
3594 -0.0556640625
3595 0.0078125
3596 0.0029296875
3597 -0.0830078125
3598 0.0126953125
3599 0.0654296875
3600 0.0478515625
3601 -0.0498046875
3602 0.0380859375
3603 0.0849609375
3604 0.064453125
3605 -0.0458984375
3606 0.0419921875
3607 0.0869140625
3608 0.0654296875
3609 0.00390625
3610 0.0869140625
3611 0.1240234375
3612 0.0947265625
3613 0.0107421875
3614 0.0908203125
3615 0.126953125
3616 0.0986328125
3617 -0.0419921875
3618 -0.029296875
3619 0.015625
3620 0.0009765625
3621 -0.1279296875
3622 -0.025390625
3623 0.02734375
3624 0.017578125
3625 -0.0888671875
3626 -0.09375
3627 -0.0341796875
3628 -0.0361328125
3629 -0.123046875
3630 -0.017578125
3631 0.0361328125
3632 0.025390625
3633 -0.060546875
3634 -0.03515625
3635 0.01171875
3636 -0.0029296875
3637 -0.0947265625
3638 -0.0341796875
3639 0.013671875
3640 0.0
3641 -0.1376953125
3642 -0.0732421875
3643 -0.01953125
3644 -0.0263671875
3645 -0.1572265625
3646 -0.048828125
3647 0.0107421875
3648 0.0048828125
3649 -0.1328125
3650 -0.107421875
3651 -0.044921875
3652 -0.04296875
3653 -0.1904296875
3654 -0.072265625
3655 -0.0068359375
3656 -0.00390625
3657 -0.0927734375
3658 0.0068359375
3659 0.060546875
3660 0.0458984375
3661 -0.0390625
3662 0.0478515625
3663 0.0947265625
3664 0.0732421875
3665 -0.005859375
3666 0.076171875
3667 0.1171875
3668 0.0908203125
3669 0.00390625
3670 0.08203125
3671 0.12109375
3672 0.09375
3673 -0.005859375
3674 0.0751953125
3675 0.11328125
3676 0.0888671875
3677 -0.0224609375
3678 0.060546875
3679 0.099609375
3680 0.0771484375
3681 0.00390625
3682 0.08203125
3683 0.1171875
3684 0.0888671875
3685 0.0048828125
3686 0.08203125
3687 0.1201171875
3688 0.091796875
3689 0.0380859375
3690 0.11328125
3691 0.1455078125
3692 0.1123046875
3693 0.0576171875
3694 0.12890625
3695 0.1611328125
3696 0.1240234375
3697 0.0380859375
3698 0.0546875
3699 0.08203125
3700 0.05078125
3701 -0.0517578125
3702 0.033203125
3703 0.07421875
3704 0.052734375
3705 -0.0517578125
3706 -0.03125
3707 0.0107421875
3708 -0.0068359375
3709 -0.1171875
3710 -0.0595703125
3711 -0.01171875
3712 -0.0234375
3713 -0.1396484375
3714 -0.0751953125
3715 -0.0244140625
3716 -0.0322265625
3717 -0.1357421875
3718 -0.0732421875
3719 -0.021484375
3720 -0.0302734375
3721 -0.1376953125
3722 -0.0712890625
3723 -0.0205078125
3724 -0.0283203125
3725 -0.1396484375
3726 -0.0751953125
3727 -0.0263671875
3728 -0.03125
3729 -0.173828125
3730 -0.107421875
3731 -0.0478515625
3732 -0.0498046875
3733 -0.1533203125
3734 -0.080078125
3735 -0.0283203125
3736 -0.03515625
3737 -0.173828125
3738 -0.1015625
3739 -0.04296875
3740 -0.0458984375
3741 -0.130859375
3742 -0.064453125
3743 -0.0146484375
3744 -0.0205078125
3745 -0.1240234375
3746 -0.0556640625
3747 -0.009765625
3748 -0.0185546875
3749 -0.134765625
3750 -0.0654296875
3751 -0.0146484375
3752 -0.021484375
3753 -0.1748046875
3754 -0.0625
3755 -0.001953125
3756 -0.0029296875
3757 -0.0673828125
3758 0.0283203125
3759 0.0771484375
3760 0.0576171875
3761 -0.068359375
3762 0.0234375
3763 0.0712890625
3764 0.052734375
3765 -0.0888671875
3766 -0.0703125
3767 -0.017578125
3768 -0.0205078125
3769 -0.1943359375
3770 -0.119140625
3771 -0.0546875
3772 -0.05078125
3773 -0.1572265625
3774 -0.083984375
3775 -0.02734375
3776 -0.0302734375
3777 -0.119140625
3778 -0.015625
3779 0.041015625
3780 0.033203125
3781 -0.05859375
3782 -0.0576171875
3783 0.0
3784 -0.0078125
3785 -0.1083984375
3786 -0.005859375
3787 0.046875
3788 0.037109375
3789 -0.09375
3790 -0.0673828125
3791 -0.013671875
3792 -0.017578125
3793 -0.1279296875
3794 -0.0166015625
3795 0.0380859375
3796 0.0322265625
3797 -0.037109375
3798 0.0556640625
3799 0.0986328125
3800 0.0771484375
3801 -0.0576171875
3802 -0.0400390625
3803 0.009765625
3804 -0.001953125
3805 -0.1904296875
3806 -0.111328125
3807 -0.044921875
3808 -0.041015625
3809 -0.140625
3810 -0.0673828125
3811 -0.0166015625
3812 -0.01953125
3813 -0.15625
3814 -0.0419921875
3815 0.0185546875
3816 0.015625
3817 -0.13671875
3818 -0.0966796875
3819 -0.0400390625
3820 -0.0390625
3821 -0.146484375
3822 -0.0302734375
3823 0.02734375
3824 0.021484375
3825 -0.0537109375
3826 0.04296875
3827 0.0947265625
3828 0.07421875
3829 -0.0634765625
3830 -0.0419921875
3831 0.01171875
3832 0.0
3833 -0.111328125
3834 -0.001953125
3835 0.0517578125
3836 0.0419921875
3837 -0.044921875
3838 -0.0234375
3839 0.025390625
3840 0.013671875
3841 -0.0888671875
3842 -0.0263671875
3843 0.0224609375
3844 0.009765625
3845 -0.1015625
3846 -0.0380859375
3847 0.0126953125
3848 0.0009765625
3849 -0.162109375
3850 -0.083984375
3851 -0.02734375
3852 -0.029296875
3853 -0.181640625
3854 -0.0595703125
3855 0.005859375
3856 0.0068359375
3857 -0.1015625
3858 0.0029296875
3859 0.060546875
3860 0.048828125
3861 -0.048828125
3862 -0.0224609375
3863 0.0224609375
3864 0.0107421875
3865 -0.125
3866 -0.0146484375
3867 0.0439453125
3868 0.03515625
3869 -0.052734375
3870 0.04296875
3871 0.0947265625
3872 0.0751953125
3873 -0.0068359375
3874 0.0185546875
3875 0.0595703125
3876 0.0380859375
3877 -0.083984375
3878 0.0146484375
3879 0.0654296875
3880 0.0556640625
3881 -0.0615234375
3882 -0.03515625
3883 0.0126953125
3884 0.005859375
3885 -0.0966796875
3886 -0.0283203125
3887 0.01953125
3888 0.0087890625
3889 -0.1318359375
3890 -0.0625
3891 -0.0078125
3892 -0.0126953125
3893 -0.158203125
3894 -0.04296875
3895 0.01953125
3896 0.017578125
3897 -0.0712890625
3898 0.025390625
3899 0.0810546875
3900 0.064453125
3901 -0.02734375
3902 0.0615234375
3903 0.1083984375
3904 0.0869140625
3905 -0.00390625
3906 0.08203125
3907 0.1240234375
3908 0.0986328125
3909 0.0068359375
3910 0.0888671875
3911 0.130859375
3912 0.1025390625
3913 0.0029296875
3914 0.0859375
3915 0.1259765625
3916 0.1005859375
3917 -0.01953125
3918 0.0634765625
3919 0.107421875
3920 0.083984375
3921 -0.0068359375
3922 0.076171875
3923 0.1220703125
3924 0.0927734375
3925 0.005859375
3926 0.0234375
3927 0.0615234375
3928 0.041015625
3929 -0.0478515625
3930 0.044921875
3931 0.0888671875
3932 0.068359375
3933 0.0166015625
3934 0.1005859375
3935 0.1396484375
3936 0.1083984375
3937 0.033203125
3938 0.1103515625
3939 0.1474609375
3940 0.1123046875
3941 0.0224609375
3942 0.0986328125
3943 0.138671875
3944 0.103515625
3945 0.0341796875
3946 0.11328125
3947 0.1494140625
3948 0.1103515625
3949 0.0595703125
3950 0.13671875
3951 0.169921875
3952 0.130859375
3953 0.0888671875
3954 0.1611328125
3955 0.1953125
3956 0.1494140625
3957 0.1015625
3958 0.1708984375
3959 0.2041015625
3960 0.15625
3961 0.0947265625
3962 0.1640625
3963 0.1943359375
3964 0.146484375
3965 0.0947265625
3966 0.162109375
3967 0.193359375
3968 0.14453125
3969 0.0927734375
3970 0.16015625
3971 0.1904296875
3972 0.1416015625
3973 0.0546875
3974 0.0771484375
3975 0.099609375
3976 0.0595703125
3977 -0.0419921875
3978 0.0068359375
3979 0.0390625
3980 0.0126953125
3981 -0.0908203125
3982 0.0009765625
3983 0.046875
3984 0.0244140625
3985 -0.0263671875
3986 0.0576171875
3987 0.099609375
3988 0.06640625
3989 -0.03125
3990 -0.0087890625
3991 0.0263671875
3992 -0.00390625
3993 -0.111328125
3994 -0.0498046875
3995 -0.0068359375
3996 -0.0283203125
3997 -0.1630859375
3998 -0.0986328125
3999 -0.046875
4000 -0.0556640625
4001 -0.2001953125
4002 -0.087890625
4003 -0.0263671875
4004 -0.0302734375
4005 -0.1025390625
4006 -0.0078125
4007 0.04296875
4008 0.0244140625
4009 -0.04296875
4010 0.0400390625
4011 0.0859375
4012 0.0576171875
4013 -0.0146484375
4014 0.0634765625
4015 0.1044921875
4016 0.072265625
4017 0.001953125
4018 0.076171875
4019 0.1142578125
4020 0.080078125
4021 0.001953125
4022 0.080078125
4023 0.1142578125
4024 0.0810546875
4025 0.0205078125
4026 0.0966796875
4027 0.130859375
4028 0.0927734375
4029 0.013671875
4030 0.033203125
4031 0.064453125
4032 0.029296875
4033 -0.0654296875
4034 -0.0166015625
4035 0.0234375
4036 -0.0048828125
4037 -0.1103515625
4038 -0.052734375
4039 -0.01171875
4040 -0.03125
4041 -0.115234375
4042 -0.01953125
4043 0.0302734375
4044 0.01171875
4045 -0.0634765625
4046 -0.0380859375
4047 0.001953125
4048 -0.017578125
4049 -0.1279296875
4050 -0.03125
4051 0.0166015625
4052 0.0009765625
4053 -0.138671875
4054 -0.11328125
4055 -0.060546875
4056 -0.0654296875
4057 -0.208984375
4058 -0.095703125
4059 -0.029296875
4060 -0.033203125
4061 -0.0830078125
4062 0.009765625
4063 0.0576171875
4064 0.0361328125
4065 -0.0810546875
4066 -0.05859375
4067 -0.013671875
4068 -0.02734375
4069 -0.1279296875
4070 -0.0634765625
4071 -0.017578125
4072 -0.0302734375
4073 -0.166015625
4074 -0.09765625
4075 -0.046875
4076 -0.0537109375
4077 -0.2119140625
4078 -0.1416015625
4079 -0.076171875
4080 -0.0732421875
4081 -0.2021484375
4082 -0.126953125
4083 -0.06640625
4084 -0.068359375
4085 -0.162109375
4086 -0.0888671875
4087 -0.037109375
4088 -0.04296875
4089 -0.1611328125
4090 -0.052734375
4091 0.0029296875
4092 -0.00390625
4093 -0.162109375
4094 -0.1328125
4095 -0.072265625
4096 -0.06640625
4097 -0.1796875
4098 -0.1064453125
4099 -0.0478515625
4100 -0.0478515625
4101 -0.1259765625
4102 -0.0556640625
4103 -0.0048828125
4104 -0.0185546875
4105 -0.140625
4106 -0.0380859375
4107 0.015625
4108 0.0087890625
4109 -0.1259765625
4110 -0.1005859375
4111 -0.041015625
4112 -0.0400390625
4113 -0.134765625
4114 -0.0263671875
4115 0.029296875
4116 0.01953125
4117 -0.02734375
4118 0.0615234375
4119 0.1044921875
4120 0.078125
4121 0.0107421875
4122 0.091796875
4123 0.1298828125
4124 0.0966796875
4125 0.0419921875
4126 0.072265625
4127 0.072265625
4128 0.09765625
4129 -0.0009765625
4130 -0.0439453125
4131 -0.0380859375
4132 0.00390625
4133 -0.0859375
4134 -0.0390625
4135 -0.0234375
4136 0.0234375
4137 -0.0517578125
4138 -0.08203125
4139 -0.0703125
4140 -0.0234375
4141 -0.0810546875
4142 -0.0693359375
4143 -0.05859375
4144 -0.0146484375
4145 -0.1142578125
4146 -0.1015625
4147 -0.0830078125
4148 -0.0322265625
4149 -0.126953125
4150 -0.0712890625
4151 -0.048828125
4152 0.001953125
4153 -0.044921875
4154 -0.0068359375
4155 0.005859375
4156 0.048828125
4157 -0.0048828125
4158 0.0263671875
4159 0.0341796875
4160 0.0703125
4161 0.0224609375
4162 0.048828125
4163 0.05078125
4164 0.0849609375
4165 0.03515625
4166 0.0556640625
4167 0.05859375
4168 0.0888671875
4169 0.03125
4170 0.0537109375
4171 0.0546875
4172 0.0849609375
4173 0.0087890625
4174 0.0341796875
4175 0.037109375
4176 0.0693359375
4177 0.015625
4178 0.041015625
4179 0.04296875
4180 0.078125
4181 0.0302734375
4182 -0.009765625
4183 -0.0126953125
4184 0.0234375
4185 -0.0224609375
4186 0.0126953125
4187 0.0166015625
4188 0.0546875
4189 0.0458984375
4190 0.0673828125
4191 0.0654296875
4192 0.09375
4193 0.064453125
4194 0.080078125
4195 0.0751953125
4196 0.099609375
4197 0.0546875
4198 0.0693359375
4199 0.0673828125
4200 0.0927734375
4201 0.0673828125
4202 0.083984375
4203 0.0771484375
4204 0.1025390625
4205 0.09375
4206 0.10546875
4207 0.099609375
4208 0.119140625
4209 0.123046875
4210 0.1318359375
4211 0.1240234375
4212 0.1416015625
4213 0.13671875
4214 0.140625
4215 0.1318359375
4216 0.146484375
4217 0.130859375
4218 0.1337890625
4219 0.1220703125
4220 0.1376953125
4221 0.12890625
4222 0.1328125
4223 0.1220703125
4224 0.134765625
4225 0.1259765625
4226 0.130859375
4227 0.119140625
4228 0.1337890625
4229 0.08984375
4230 0.048828125
4231 0.0322265625
4232 0.05078125
4233 -0.009765625
4234 -0.01953125
4235 -0.0283203125
4236 0.001953125
4237 -0.0595703125
4238 -0.029296875
4239 -0.0224609375
4240 0.0146484375
4241 0.0126953125
4242 0.033203125
4243 0.0322265625
4244 0.060546875
4245 0.0009765625
4246 -0.0390625
4247 -0.041015625
4248 -0.0068359375
4249 -0.107421875
4250 -0.1015625
4251 -0.09375
4252 -0.048828125
4253 -0.1103515625
4254 -0.1044921875
4255 -0.0947265625
4256 -0.0498046875
4257 -0.099609375
4258 -0.0908203125
4259 -0.0830078125
4260 -0.0419921875
4261 -0.1025390625
4262 -0.0966796875
4263 -0.0849609375
4264 -0.0439453125
4265 -0.154296875
4266 -0.1611328125
4267 -0.1376953125
4268 -0.080078125
4269 -0.146484375
4270 -0.130859375
4271 -0.11328125
4272 -0.060546875
4273 -0.130859375
4274 -0.115234375
4275 -0.1044921875
4276 -0.0517578125
4277 -0.1025390625
4278 -0.0546875
4279 -0.0390625
4280 0.0048828125
4281 -0.046875
4282 -0.1015625
4283 -0.0830078125
4284 -0.037109375
4285 -0.1015625
4286 -0.0556640625
4287 -0.0400390625
4288 0.0068359375
4289 -0.091796875
4290 -0.1220703125
4291 -0.1025390625
4292 -0.048828125
4293 -0.119140625
4294 -0.064453125
4295 -0.048828125
4296 0.001953125
4297 -0.0224609375
4298 0.0126953125
4299 0.015625
4300 0.0537109375
4301 -0.05078125
4302 -0.083984375
4303 -0.0751953125
4304 -0.0283203125
4305 -0.1650390625
4306 -0.1416015625
4307 -0.1162109375
4308 -0.05859375
4309 -0.138671875
4310 -0.1123046875
4311 -0.0947265625
4312 -0.044921875
4313 -0.115234375
4314 -0.0615234375
4315 -0.0458984375
4316 0.0068359375
4317 -0.0888671875
4318 -0.111328125
4319 -0.095703125
4320 -0.0400390625
4321 -0.1123046875
4322 -0.09765625
4323 -0.0810546875
4324 -0.029296875
4325 -0.1025390625
4326 -0.0908203125
4327 -0.0771484375
4328 -0.025390625
4329 -0.134765625
4330 -0.078125
4331 -0.0517578125
4332 0.001953125
4333 -0.0166015625
4334 0.017578125
4335 0.025390625
4336 0.0625
4337 0.0625
4338 0.083984375
4339 0.0830078125
4340 0.111328125
4341 0.1201171875
4342 0.1318359375
4343 0.1240234375
4344 0.146484375
4345 0.1455078125
4346 0.1513671875
4347 0.1416015625
4348 0.158203125
4349 0.1435546875
4350 0.1484375
4351 0.1357421875
4352 0.1513671875
4353 0.14453125
4354 0.1474609375
4355 0.1396484375
4356 0.15234375
4357 0.1455078125
4358 0.150390625
4359 0.13671875
4360 0.150390625
4361 0.1083984375
4362 0.068359375
4363 0.0498046875
4364 0.0703125
4365 0.0087890625
4366 0.0
4367 -0.009765625
4368 0.0205078125
4369 -0.041015625
4370 -0.009765625
4371 -0.0048828125
4372 0.033203125
4373 0.0283203125
4374 0.048828125
4375 0.046875
4376 0.076171875
4377 0.017578125
4378 -0.0224609375
4379 -0.0244140625
4380 0.0087890625
4381 -0.0888671875
4382 -0.0849609375
4383 -0.078125
4384 -0.0322265625
4385 -0.0947265625
4386 -0.0888671875
4387 -0.080078125
4388 -0.0341796875
4389 -0.0849609375
4390 -0.07421875
4391 -0.068359375
4392 -0.025390625
4393 -0.087890625
4394 -0.08203125
4395 -0.0703125
4396 -0.0283203125
4397 -0.1396484375
4398 -0.1455078125
4399 -0.1220703125
4400 -0.064453125
4401 -0.12890625
4402 -0.1171875
4403 -0.0966796875
4404 -0.0478515625
4405 -0.1171875
4406 -0.1025390625
4407 -0.08984375
4408 -0.0390625
4409 -0.08984375
4410 -0.0419921875
4411 -0.0283203125
4412 0.0185546875
4413 -0.03515625
4414 -0.087890625
4415 -0.0712890625
4416 -0.0244140625
4417 -0.0830078125
4418 -0.0380859375
4419 -0.0244140625
4420 0.021484375
4421 -0.0673828125
4422 -0.099609375
4423 -0.0810546875
4424 -0.0322265625
4425 -0.1015625
4426 -0.0517578125
4427 -0.0322265625
4428 0.013671875
4429 -0.0087890625
4430 0.0244140625
4431 0.0263671875
4432 0.064453125
4433 -0.0263671875
4434 -0.060546875
4435 -0.0556640625
4436 -0.01171875
4437 -0.146484375
4438 -0.126953125
4439 -0.1025390625
4440 -0.0478515625
4441 -0.126953125
4442 -0.103515625
4443 -0.0859375
4444 -0.0380859375
4445 -0.103515625
4446 -0.0537109375
4447 -0.0341796875
4448 0.015625
4449 -0.0791015625
4450 -0.10546875
4451 -0.0859375
4452 -0.0341796875
4453 -0.1064453125
4454 -0.0908203125
4455 -0.0732421875
4456 -0.021484375
4457 -0.095703125
4458 -0.0830078125
4459 -0.068359375
4460 -0.0185546875
4461 -0.1220703125
4462 -0.064453125
4463 -0.0419921875
4464 0.01171875
4465 -0.0107421875
4466 0.0263671875
4467 0.033203125
4468 0.0703125
4469 0.0703125
4470 0.0908203125
4471 0.0888671875
4472 0.1162109375
4473 0.125
4474 0.1357421875
4475 0.130859375
4476 0.1513671875
4477 0.1484375
4478 0.15625
4479 0.1484375
4480 0.1630859375
4481 0.1484375
4482 0.1533203125
4483 0.142578125
4484 0.158203125
4485 0.150390625
4486 0.154296875
4487 0.1435546875
4488 0.158203125
4489 0.1513671875
4490 0.154296875
4491 0.142578125
4492 0.15625
4493 0.115234375
4494 0.07421875
4495 0.0556640625
4496 0.0751953125
4497 0.0146484375
4498 0.0029296875
4499 -0.00390625
4500 0.02734375
4501 -0.0390625
4502 -0.0048828125
4503 0.0
4504 0.0390625
4505 0.033203125
4506 0.0556640625
4507 0.0546875
4508 0.08203125
4509 0.0234375
4510 -0.017578125
4511 -0.01953125
4512 0.0126953125
4513 -0.0869140625
4514 -0.08203125
4515 -0.0712890625
4516 -0.03125
4517 -0.091796875
4518 -0.0859375
4519 -0.0751953125
4520 -0.0322265625
4521 -0.0810546875
4522 -0.0703125
4523 -0.064453125
4524 -0.0224609375
4525 -0.0859375
4526 -0.0771484375
4527 -0.0673828125
4528 -0.0224609375
4529 -0.134765625
4530 -0.142578125
4531 -0.1181640625
4532 -0.0595703125
4533 -0.1259765625
4534 -0.1123046875
4535 -0.09375
4536 -0.04296875
4537 -0.11328125
4538 -0.0986328125
4539 -0.0849609375
4540 -0.03515625
4541 -0.0849609375
4542 -0.0380859375
4543 -0.0224609375
4544 0.0224609375
4545 -0.0302734375
4546 -0.0859375
4547 -0.0673828125
4548 -0.01953125
4549 -0.080078125
4550 -0.0341796875
4551 -0.0205078125
4552 0.0244140625
4553 -0.060546875
4554 -0.08984375
4555 -0.07421875
4556 -0.025390625
4557 -0.0947265625
4558 -0.044921875
4559 -0.0263671875
4560 0.0205078125
4561 -0.00390625
4562 0.02734375
4563 0.0322265625
4564 0.0673828125
4565 -0.021484375
4566 -0.05859375
4567 -0.0517578125
4568 -0.0078125
4569 -0.1416015625
4570 -0.1220703125
4571 -0.099609375
4572 -0.0439453125
4573 -0.123046875
4574 -0.09765625
4575 -0.0830078125
4576 -0.033203125
4577 -0.103515625
4578 -0.05078125
4579 -0.033203125
4580 0.017578125
4581 -0.076171875
4582 -0.103515625
4583 -0.083984375
4584 -0.0322265625
4585 -0.1025390625
4586 -0.08984375
4587 -0.0712890625
4588 -0.0205078125
4589 -0.0908203125
4590 -0.080078125
4591 -0.06640625
4592 -0.017578125
4593 -0.123046875
4594 -0.064453125
4595 -0.041015625
4596 0.0126953125
4597 -0.009765625
4598 0.0283203125
4599 0.033203125
4600 0.072265625
4601 0.0712890625
4602 0.08984375
4603 0.0908203125
4604 0.119140625
4605 0.1279296875
4606 0.138671875
4607 0.1337890625
4608 0.15234375
4609 0.15234375
4610 0.158203125
4611 0.1494140625
4612 0.166015625
4613 0.150390625
4614 0.1552734375
4615 0.142578125
4616 0.158203125
4617 0.15234375
4618 0.1572265625
4619 0.14453125
4620 0.16015625
4621 0.15234375
4622 0.1572265625
4623 0.1455078125
4624 0.1572265625
4625 0.1162109375
4626 0.076171875
4627 0.05859375
4628 0.0771484375
4629 0.015625
4630 0.005859375
4631 -0.001953125
4632 0.02734375
4633 -0.0361328125
4634 -0.0029296875
4635 0.001953125
4636 0.0400390625
4637 0.03515625
4638 0.05859375
4639 0.056640625
4640 0.0849609375
4641 0.0244140625
4642 -0.0146484375
4643 -0.0185546875
4644 0.015625
4645 -0.083984375
4646 -0.0771484375
4647 -0.0712890625
4648 -0.0263671875
4649 -0.0888671875
4650 -0.083984375
4651 -0.0732421875
4652 -0.02734375
4653 -0.0791015625
4654 -0.0703125
4655 -0.0625
4656 -0.0205078125
4657 -0.0810546875
4658 -0.076171875
4659 -0.0673828125
4660 -0.021484375
4661 -0.13671875
4662 -0.140625
4663 -0.119140625
4664 -0.05859375
4665 -0.126953125
4666 -0.1103515625
4667 -0.09375
4668 -0.0400390625
4669 -0.111328125
4670 -0.099609375
4671 -0.0859375
4672 -0.0341796875
4673 -0.0830078125
4674 -0.0380859375
4675 -0.0234375
4676 0.0224609375
4677 -0.03125
4678 -0.083984375
4679 -0.0654296875
4680 -0.0185546875
4681 -0.076171875
4682 -0.03125
4683 -0.0185546875
4684 0.0283203125
4685 -0.0625
4686 -0.0908203125
4687 -0.0751953125
4688 -0.0234375
4689 -0.0947265625
4690 -0.0439453125
4691 -0.029296875
4692 0.0205078125
4693 -0.001953125
4694 0.0283203125
4695 0.03125
4696 0.0693359375
4697 -0.0244140625
4698 -0.05859375
4699 -0.0517578125
4700 -0.0087890625
4701 -0.1416015625
4702 -0.1240234375
4703 -0.0986328125
4704 -0.0439453125
4705 -0.123046875
4706 -0.0986328125
4707 -0.083984375
4708 -0.033203125
4709 -0.103515625
4710 -0.05078125
4711 -0.0341796875
4712 0.01953125
4713 -0.0791015625
4714 -0.1015625
4715 -0.083984375
4716 -0.03125
4717 -0.1015625
4718 -0.087890625
4719 -0.0693359375
4720 -0.01953125
4721 -0.0888671875
4722 -0.0791015625
4723 -0.064453125
4724 -0.015625
4725 -0.1181640625
4726 -0.0625
4727 -0.0419921875
4728 0.0126953125
4729 -0.0078125
4730 0.029296875
4731 0.0341796875
4732 0.0732421875
4733 0.07421875
4734 0.09375
4735 0.0927734375
4736 0.1201171875
4737 0.1279296875
4738 0.1396484375
4739 0.134765625
4740 0.154296875
4741 0.154296875
4742 0.1591796875
4743 0.150390625
4744 0.1669921875
4745 0.1533203125
4746 0.15625
4747 0.14453125
4748 0.16015625
4749 0.154296875
4750 0.158203125
4751 0.1455078125
4752 0.162109375
4753 0.1533203125
4754 0.158203125
4755 0.1455078125
4756 0.16015625
4757 0.1162109375
4758 0.0751953125
4759 0.05859375
4760 0.0771484375
4761 0.0166015625
4762 0.005859375
4763 -0.0009765625
4764 0.02734375
4765 -0.03515625
4766 -0.001953125
4767 0.00390625
4768 0.0400390625
4769 0.0361328125
4770 0.05859375
4771 0.05859375
4772 0.0859375
4773 0.0263671875
4774 -0.0126953125
4775 -0.0166015625
4776 0.0166015625
4777 -0.0830078125
4778 -0.078125
4779 -0.0693359375
4780 -0.0263671875
4781 -0.0869140625
4782 -0.080078125
4783 -0.072265625
4784 -0.0283203125
4785 -0.0791015625
4786 -0.068359375
4787 -0.060546875
4788 -0.0205078125
4789 -0.0810546875
4790 -0.0751953125
4791 -0.0625
4792 -0.0224609375
4793 -0.130859375
4794 -0.140625
4795 -0.115234375
4796 -0.0576171875
4797 -0.125
4798 -0.111328125
4799 -0.09375
4800 -0.041015625
4801 -0.1123046875
4802 -0.0966796875
4803 -0.083984375
4804 -0.033203125
4805 -0.0849609375
4806 -0.037109375
4807 -0.0224609375
4808 0.0224609375
4809 -0.0302734375
4810 -0.083984375
4811 -0.06640625
4812 -0.0185546875
4813 -0.076171875
4814 -0.0302734375
4815 -0.017578125
4816 0.0283203125
4817 -0.05859375
4818 -0.08984375
4819 -0.0732421875
4820 -0.025390625
4821 -0.095703125
4822 -0.04296875
4823 -0.02734375
4824 0.0224609375
4825 -0.0048828125
4826 0.029296875
4827 0.0322265625
4828 0.068359375
4829 -0.0244140625
4830 -0.0595703125
4831 -0.0517578125
4832 -0.0078125
4833 -0.142578125
4834 -0.123046875
4835 -0.099609375
4836 -0.04296875
4837 -0.12109375
4838 -0.0986328125
4839 -0.08203125
4840 -0.0322265625
4841 -0.1025390625
4842 -0.048828125
4843 -0.033203125
4844 0.0185546875
4845 -0.076171875
4846 -0.1015625
4847 -0.0830078125
4848 -0.0283203125
4849 -0.103515625
4850 -0.0888671875
4851 -0.0693359375
4852 -0.017578125
4853 -0.091796875
4854 -0.080078125
4855 -0.064453125
4856 -0.0166015625
4857 -0.1240234375
4858 -0.0654296875
4859 -0.0400390625
4860 0.01171875
4861 -0.0078125
4862 0.0283203125
4863 0.037109375
4864 0.0732421875
4865 0.072265625
4866 0.0947265625
4867 0.0927734375
4868 0.12109375
4869 0.1279296875
4870 0.140625
4871 0.134765625
4872 0.15625
4873 0.1533203125
4874 0.16015625
4875 0.150390625
4876 0.16796875
4877 0.154296875
4878 0.158203125
4879 0.14453125
4880 0.16015625
4881 0.154296875
4882 0.1591796875
4883 0.1474609375
4884 0.1611328125
4885 0.1552734375
4886 0.158203125
4887 0.1455078125
4888 0.16015625
4889 0.1171875
4890 0.076171875
4891 0.05859375
4892 0.078125
4893 0.0166015625
4894 0.005859375
4895 -0.0009765625
4896 0.029296875
4897 -0.0341796875
4898 -0.0029296875
4899 0.0029296875
4900 0.041015625
4901 0.0361328125
4902 0.056640625
4903 0.0576171875
4904 0.083984375
4905 0.025390625
4906 -0.0146484375
4907 -0.015625
4908 0.015625
4909 -0.0810546875
4910 -0.078125
4911 -0.0693359375
4912 -0.0263671875
4913 -0.087890625
4914 -0.0810546875
4915 -0.0712890625
4916 -0.0263671875
4917 -0.0771484375
4918 -0.06640625
4919 -0.0625
4920 -0.01953125
4921 -0.0810546875
4922 -0.072265625
4923 -0.0615234375
4924 -0.0205078125
4925 -0.130859375
4926 -0.138671875
4927 -0.1142578125
4928 -0.05859375
4929 -0.1240234375
4930 -0.111328125
4931 -0.091796875
4932 -0.0419921875
4933 -0.1103515625
4934 -0.0966796875
4935 -0.0849609375
4936 -0.0322265625
4937 -0.083984375
4938 -0.0361328125
4939 -0.0224609375
4940 0.025390625
4941 -0.029296875
4942 -0.0830078125
4943 -0.064453125
4944 -0.0166015625
4945 -0.0771484375
4946 -0.0322265625
4947 -0.017578125
4948 0.02734375
4949 -0.060546875
4950 -0.0927734375
4951 -0.07421875
4952 -0.0263671875
4953 -0.0986328125
4954 -0.0458984375
4955 -0.0283203125
4956 0.01953125
4957 -0.0048828125
4958 0.0283203125
4959 0.033203125
4960 0.0673828125
4961 -0.0224609375
4962 -0.05859375
4963 -0.0498046875
4964 -0.0078125
4965 -0.1435546875
4966 -0.1220703125
4967 -0.099609375
4968 -0.04296875
4969 -0.123046875
4970 -0.099609375
4971 -0.08203125
4972 -0.033203125
4973 -0.103515625
4974 -0.0498046875
4975 -0.0302734375
4976 0.01953125
4977 -0.0712890625
4978 -0.1015625
4979 -0.08203125
4980 -0.029296875
4981 -0.1015625
4982 -0.0849609375
4983 -0.068359375
4984 -0.0166015625
4985 -0.091796875
4986 -0.078125
4987 -0.0634765625
4988 -0.0126953125
4989 -0.1201171875
4990 -0.0625
4991 -0.0390625
4992 0.0126953125
4993 -0.0087890625
4994 0.02734375
4995 0.037109375
4996 0.07421875
4997 0.0732421875
4998 0.09375
4999 0.09375
