x y
0 -0.0244140625
1 -0.197265625
2 -0.142578125
3 -0.0771484375
4 -0.072265625
5 -0.4404296875
6 -0.11328125
7 -0.0361328125
8 -0.060546875
9 -0.1748046875
10 -0.0830078125
11 -0.0107421875
12 -0.0400390625
13 -0.1474609375
14 -0.01953125
15 0.052734375
16 0.0185546875
17 -0.08984375
18 -0.06640625
19 0.0087890625
20 -0.0234375
21 -0.1494140625
22 -0.0205078125
23 0.0556640625
24 0.01953125
25 -0.1142578125
26 -0.068359375
27 0.0029296875
28 -0.02734375
29 -0.1416015625
30 -0.0546875
31 0.0146484375
32 -0.017578125
33 -0.12109375
34 -0.033203125
35 0.0302734375
36 -0.0048828125
37 -0.123046875
38 0.0
39 0.0693359375
40 0.03125
41 -0.0556640625
42 0.056640625
43 0.119140625
44 0.07421875
45 0.009765625
46 0.1123046875
47 0.169921875
48 0.111328125
49 0.0166015625
50 0.064453125
51 0.1123046875
52 0.0546875
53 -0.0732421875
54 0.037109375
55 0.099609375
56 0.052734375
57 -0.083984375
58 -0.0458984375
59 0.021484375
60 -0.015625
61 -0.1298828125
62 -0.0439453125
63 0.0234375
64 -0.013671875
65 -0.1279296875
66 -0.0400390625
67 0.0224609375
68 -0.0126953125
69 -0.1552734375
70 -0.025390625
71 0.046875
72 0.0146484375
73 -0.04296875
74 0.0703125
75 0.1337890625
76 0.080078125
77 -0.01171875
78 0.0361328125
79 0.0888671875
80 0.0341796875
81 -0.095703125
82 0.0205078125
83 0.087890625
84 0.0439453125
85 -0.0966796875
86 -0.0537109375
87 0.01171875
88 -0.021484375
89 -0.134765625
90 -0.05078125
91 0.017578125
92 -0.0146484375
93 -0.1279296875
94 -0.0439453125
95 0.0185546875
96 -0.013671875
97 -0.154296875
98 -0.029296875
99 0.0439453125
100 0.013671875
101 -0.0390625
102 0.0693359375
103 0.130859375
104 0.0810546875
105 -0.0126953125
106 0.03515625
107 0.0849609375
108 0.0361328125
109 -0.091796875
110 0.021484375
111 0.0849609375
112 0.0439453125
113 -0.09375
114 -0.052734375
115 0.0107421875
116 -0.0205078125
117 -0.130859375
118 -0.0498046875
119 0.0146484375
120 -0.0166015625
121 -0.1279296875
122 -0.044921875
123 0.017578125
124 -0.015625
125 -0.15625
126 -0.03125
127 0.041015625
128 0.0126953125
129 -0.041015625
130 0.0673828125
131 0.12890625
132 0.080078125
133 -0.01171875
134 0.0341796875
135 0.0849609375
136 0.0361328125
137 -0.09375
138 0.0205078125
139 0.08203125
140 0.04296875
141 -0.095703125
142 -0.056640625
143 0.0078125
144 -0.0205078125
145 -0.1318359375
146 -0.05078125
147 0.0166015625
148 -0.0166015625
149 -0.1259765625
150 -0.04296875
151 0.0166015625
152 -0.013671875
153 -0.1494140625
154 -0.02734375
155 0.04296875
156 0.0146484375
157 -0.0380859375
158 0.0703125
159 0.12890625
160 0.08203125
161 -0.0107421875
162 0.0361328125
163 0.0869140625
164 0.0361328125
165 -0.0908203125
166 0.0224609375
167 0.0830078125
168 0.0419921875
169 -0.09375
170 -0.0546875
171 0.0126953125
172 -0.021484375
173 -0.1337890625
174 -0.05078125
175 0.015625
176 -0.0166015625
177 -0.130859375
178 -0.0439453125
179 0.01953125
180 -0.0146484375
181 -0.1533203125
182 -0.0283203125
183 0.0439453125
184 0.015625
185 -0.0400390625
186 0.0693359375
187 0.1318359375
188 0.0810546875
189 -0.01171875
190 0.037109375
191 0.087890625
192 0.03515625
193 -0.0927734375
194 0.01953125
195 0.0849609375
196 0.0419921875
197 -0.095703125
198 -0.0556640625
199 0.0107421875
200 -0.0205078125
201 -0.1357421875
202 -0.048828125
203 0.017578125
204 -0.015625
205 -0.12890625
206 -0.0419921875
207 0.021484375
208 -0.0146484375
209 -0.1533203125
210 -0.029296875
211 0.0458984375
212 0.0126953125
213 -0.0419921875
214 0.0693359375
215 0.1328125
216 0.0810546875
217 -0.01171875
218 0.03515625
219 0.087890625
220 0.037109375
221 -0.0947265625
222 0.0205078125
223 0.083984375
224 0.0439453125
225 -0.09765625
226 -0.056640625
227 0.01171875
228 -0.0224609375
229 -0.1357421875
230 -0.0478515625
231 0.0185546875
232 -0.0166015625
233 -0.130859375
234 -0.0439453125
235 0.0224609375
236 -0.015625
237 -0.15625
238 -0.0283203125
239 0.0478515625
240 0.013671875
241 -0.0400390625
242 0.0703125
243 0.130859375
244 0.0810546875
245 -0.0126953125
246 0.0380859375
247 0.0869140625
248 0.0361328125
249 -0.0947265625
250 0.0205078125
251 0.0830078125
252 0.04296875
253 -0.0947265625
254 -0.0537109375
255 0.01171875
256 -0.0205078125
257 -0.1337890625
258 -0.048828125
259 0.017578125
260 -0.015625
261 -0.1279296875
262 -0.041015625
263 0.0224609375
264 -0.013671875
265 -0.1533203125
266 -0.0263671875
267 0.0478515625
268 0.0146484375
269 -0.0419921875
270 0.0703125
271 0.1337890625
272 0.0810546875
273 -0.013671875
274 0.0380859375
275 0.0908203125
276 0.0361328125
277 -0.0947265625
278 0.0224609375
279 0.0888671875
280 0.0439453125
281 -0.091796875
282 -0.0537109375
283 0.015625
284 -0.01953125
285 -0.1328125
286 -0.0478515625
287 0.01953125
288 -0.0146484375
289 -0.1279296875
290 -0.0419921875
291 0.0224609375
292 -0.013671875
293 -0.1552734375
294 -0.02734375
295 0.0439453125
296 0.015625
297 -0.0390625
298 0.0712890625
299 0.1328125
300 0.08203125
301 -0.01171875
302 0.0361328125
303 0.0908203125
304 0.0361328125
305 -0.0927734375
306 0.021484375
307 0.0869140625
308 0.044921875
309 -0.0927734375
310 -0.052734375
311 0.013671875
312 -0.017578125
313 -0.1337890625
314 -0.0478515625
315 0.0185546875
316 -0.0146484375
317 -0.130859375
318 -0.0419921875
319 0.01953125
320 -0.01171875
321 -0.15625
322 -0.02734375
323 0.046875
324 0.0146484375
325 -0.0400390625
326 0.0703125
327 0.1318359375
328 0.0810546875
329 -0.009765625
330 0.037109375
331 0.0888671875
332 0.037109375
333 -0.0927734375
334 0.021484375
335 0.0859375
336 0.0439453125
337 -0.0927734375
338 -0.0517578125
339 0.0107421875
340 -0.0166015625
341 -0.130859375
342 -0.0458984375
343 0.0185546875
344 -0.0146484375
345 -0.12890625
346 -0.0419921875
347 0.021484375
348 -0.0146484375
349 -0.15625
350 -0.0283203125
351 0.0458984375
352 0.013671875
353 -0.0419921875
354 0.0703125
355 0.134765625
356 0.0810546875
357 -0.0107421875
358 0.037109375
359 0.08984375
360 0.037109375
361 -0.0966796875
362 0.0205078125
363 0.0869140625
364 0.0439453125
365 -0.0966796875
366 -0.0546875
367 0.0126953125
368 -0.01953125
369 -0.1357421875
370 -0.046875
371 0.0205078125
372 -0.0166015625
373 -0.12890625
374 -0.0419921875
375 0.0234375
376 -0.0126953125
377 -0.15234375
378 -0.025390625
379 0.0478515625
380 0.015625
381 -0.037109375
382 0.0712890625
383 0.1318359375
384 0.083984375
385 -0.01171875
386 0.0380859375
387 0.0888671875
388 0.0390625
389 -0.0927734375
390 0.0234375
391 0.0859375
392 0.0439453125
393 -0.0927734375
394 -0.052734375
395 0.0126953125
396 -0.0205078125
397 -0.1298828125
398 -0.0478515625
399 0.0185546875
400 -0.0146484375
401 -0.1259765625
402 -0.0419921875
403 0.021484375
404 -0.013671875
405 -0.15234375
406 -0.0263671875
407 0.0439453125
408 0.017578125
409 -0.0400390625
410 0.072265625
411 0.1318359375
412 0.0830078125
413 -0.01171875
414 0.0380859375
415 0.0888671875
416 0.0361328125
417 -0.095703125
418 0.0205078125
419 0.0849609375
420 0.04296875
421 -0.0947265625
422 -0.0537109375
423 0.0126953125
424 -0.0205078125
425 -0.1337890625
426 -0.0478515625
427 0.0205078125
428 -0.015625
429 -0.1279296875
430 -0.0400390625
431 0.0234375
432 -0.0126953125
433 -0.154296875
434 -0.0263671875
435 0.0478515625
436 0.015625
437 -0.0390625
438 0.072265625
439 0.134765625
440 0.0810546875
441 -0.0107421875
442 0.0380859375
443 0.08984375
444 0.037109375
445 -0.0908203125
446 0.021484375
447 0.083984375
448 0.044921875
449 -0.09375
450 -0.0537109375
451 0.01171875
452 -0.0185546875
453 -0.1337890625
454 -0.0478515625
455 0.01953125
456 -0.013671875
457 -0.130859375
458 -0.04296875
459 0.0244140625
460 -0.013671875
461 -0.158203125
462 -0.0283203125
463 0.0478515625
464 0.0126953125
465 -0.04296875
466 0.0703125
467 0.1376953125
468 0.080078125
469 -0.01171875
470 0.0380859375
471 0.0927734375
472 0.0361328125
473 -0.0986328125
474 0.021484375
475 0.087890625
476 0.0439453125
477 -0.0966796875
478 -0.0537109375
479 0.0146484375
480 -0.0205078125
481 -0.1337890625
482 -0.044921875
483 0.0234375
484 -0.0166015625
485 -0.1279296875
486 -0.0400390625
487 0.0263671875
488 -0.0126953125
489 -0.154296875
490 -0.0244140625
491 0.0537109375
492 0.0146484375
493 -0.041015625
494 0.072265625
495 0.1396484375
496 0.0830078125
497 -0.0126953125
498 0.0400390625
499 0.095703125
500 0.0361328125
501 -0.0947265625
502 0.025390625
503 0.091796875
504 0.0458984375
505 -0.09375
506 -0.0498046875
507 0.01953125
508 -0.0185546875
509 -0.1337890625
510 -0.0458984375
511 0.0224609375
512 -0.015625
513 -0.1298828125
514 -0.0419921875
515 0.025390625
516 -0.013671875
517 -0.154296875
518 -0.0244140625
519 0.05078125
520 0.0166015625
521 -0.041015625
522 0.0732421875
523 0.13671875
524 0.08203125
525 -0.01171875
526 0.0400390625
527 0.0927734375
528 0.037109375
529 -0.09375
530 0.0244140625
531 0.0888671875
532 0.044921875
533 -0.0927734375
534 -0.0517578125
535 0.017578125
536 -0.0185546875
537 -0.1337890625
538 -0.046875
539 0.0234375
540 -0.0166015625
541 -0.1279296875
542 -0.041015625
543 0.025390625
544 -0.0126953125
545 -0.154296875
546 -0.0244140625
547 0.0498046875
548 0.0166015625
549 -0.041015625
550 0.0732421875
551 0.1376953125
552 0.0830078125
553 -0.01171875
554 0.0380859375
555 0.0947265625
556 0.0361328125
557 -0.09375
558 0.0234375
559 0.0908203125
560 0.0439453125
561 -0.0927734375
562 -0.052734375
563 0.017578125
564 -0.01953125
565 -0.1337890625
566 -0.0439453125
567 0.0224609375
568 -0.013671875
569 -0.1298828125
570 -0.0400390625
571 0.0263671875
572 -0.013671875
573 -0.1572265625
574 -0.025390625
575 0.048828125
576 0.0146484375
577 -0.0419921875
578 0.0712890625
579 0.1357421875
580 0.0810546875
581 -0.01171875
582 0.0380859375
583 0.0927734375
584 0.037109375
585 -0.09375
586 0.0224609375
587 0.08984375
588 0.0458984375
589 -0.09375
590 -0.0517578125
591 0.013671875
592 -0.017578125
593 -0.1337890625
594 -0.0458984375
595 0.021484375
596 -0.0126953125
597 -0.12890625
598 -0.0400390625
599 0.025390625
600 -0.0107421875
601 -0.1533203125
602 -0.025390625
603 0.0498046875
604 0.0146484375
605 -0.0419921875
606 0.0712890625
607 0.13671875
608 0.0830078125
609 -0.01171875
610 0.037109375
611 0.091796875
612 0.037109375
613 -0.0927734375
614 0.0234375
615 0.0888671875
616 0.044921875
617 -0.0927734375
618 -0.05078125
619 0.015625
620 -0.01953125
621 -0.1328125
622 -0.0458984375
623 0.0244140625
624 -0.0146484375
625 -0.1259765625
626 -0.041015625
627 0.0244140625
628 -0.0126953125
629 -0.1533203125
630 -0.0263671875
631 0.048828125
632 0.0146484375
633 -0.0400390625
634 0.0712890625
635 0.1376953125
636 0.0830078125
637 -0.009765625
638 0.0390625
639 0.0908203125
640 0.0390625
641 -0.0927734375
642 0.0244140625
643 0.087890625
644 0.044921875
645 -0.0927734375
646 -0.0517578125
647 0.013671875
648 -0.0185546875
649 -0.1318359375
650 -0.0458984375
651 0.01953125
652 -0.0146484375
653 -0.126953125
654 -0.0419921875
655 0.0224609375
656 -0.01171875
657 -0.1552734375
658 -0.0263671875
659 0.0458984375
660 0.0146484375
661 -0.0400390625
662 0.072265625
663 0.1337890625
664 0.0830078125
665 -0.009765625
666 0.0390625
667 0.091796875
668 0.037109375
669 -0.091796875
670 0.0244140625
671 0.0888671875
672 0.0458984375
673 -0.0927734375
674 -0.052734375
675 0.0146484375
676 -0.0185546875
677 -0.130859375
678 -0.0458984375
679 0.0205078125
680 -0.013671875
681 -0.126953125
682 -0.041015625
683 0.025390625
684 -0.0126953125
685 -0.1552734375
686 -0.0263671875
687 0.048828125
688 0.0146484375
689 -0.0400390625
690 0.0732421875
691 0.1357421875
692 0.0830078125
693 -0.009765625
694 0.0390625
695 0.09375
696 0.0380859375
697 -0.0947265625
698 0.021484375
699 0.08984375
700 0.04296875
701 -0.0927734375
702 -0.0537109375
703 0.0126953125
704 -0.0185546875
705 -0.1337890625
706 -0.046875
707 0.0185546875
708 -0.0146484375
709 -0.1259765625
710 -0.0400390625
711 0.0224609375
712 -0.0107421875
713 -0.15234375
714 -0.0244140625
715 0.0478515625
716 0.0166015625
717 -0.0390625
718 0.072265625
719 0.134765625
720 0.0830078125
721 -0.0078125
722 0.0380859375
723 0.0908203125
724 0.0390625
725 -0.0888671875
726 0.0234375
727 0.087890625
728 0.0458984375
729 -0.0908203125
730 -0.0498046875
731 0.0146484375
732 -0.017578125
733 -0.1318359375
734 -0.04296875
735 0.0224609375
736 -0.0126953125
737 -0.1259765625
738 -0.0390625
739 0.0234375
740 -0.013671875
741 -0.15234375
742 -0.0263671875
743 0.048828125
744 0.015625
745 -0.0380859375
746 0.0712890625
747 0.13671875
748 0.083984375
749 -0.009765625
750 0.0380859375
751 0.0908203125
752 0.0380859375
753 -0.09375
754 0.0234375
755 0.0888671875
756 0.044921875
757 -0.0908203125
758 -0.05078125
759 0.015625
760 -0.0166015625
761 -0.130859375
762 -0.046875
763 0.021484375
764 -0.013671875
765 -0.125
766 -0.041015625
767 0.0234375
768 -0.0107421875
769 -0.15234375
770 -0.0263671875
771 0.046875
772 0.0166015625
773 -0.0400390625
774 0.0732421875
775 0.134765625
776 0.0849609375
777 -0.009765625
778 0.0390625
779 0.0908203125
780 0.0390625
781 -0.0908203125
782 0.0234375
783 0.087890625
784 0.044921875
785 -0.0888671875
786 -0.05078125
787 0.0166015625
788 -0.017578125
789 -0.130859375
790 -0.044921875
791 0.021484375
792 -0.0126953125
793 -0.1279296875
794 -0.041015625
795 0.0224609375
796 -0.0107421875
797 -0.15625
798 -0.02734375
799 0.0458984375
800 0.015625
801 -0.0400390625
802 0.072265625
803 0.1337890625
804 0.0830078125
805 -0.0107421875
806 0.0380859375
807 0.0908203125
808 0.037109375
809 -0.095703125
810 0.0224609375
811 0.08984375
812 0.044921875
813 -0.0927734375
814 -0.0517578125
815 0.0166015625
816 -0.0185546875
817 -0.1328125
818 -0.044921875
819 0.0205078125
820 -0.0126953125
821 -0.1279296875
822 -0.0400390625
823 0.0234375
824 -0.0107421875
825 -0.15234375
826 -0.025390625
827 0.046875
828 0.017578125
829 -0.0361328125
830 0.072265625
831 0.130859375
832 0.083984375
833 -0.0087890625
834 0.0390625
835 0.0888671875
836 0.0380859375
837 -0.0908203125
838 0.0234375
839 0.0859375
840 0.0458984375
841 -0.0908203125
842 -0.0517578125
843 0.0126953125
844 -0.0166015625
845 -0.1328125
846 -0.046875
847 0.0185546875
848 -0.013671875
849 -0.1279296875
850 -0.041015625
851 0.0224609375
852 -0.01171875
853 -0.15234375
854 -0.025390625
855 0.046875
856 0.0166015625
857 -0.037109375
858 0.072265625
859 0.1328125
860 0.08203125
861 -0.0087890625
862 0.0361328125
863 0.0888671875
864 0.037109375
865 -0.091796875
866 0.021484375
867 0.0849609375
868 0.0458984375
869 -0.0927734375
870 -0.0517578125
871 0.0126953125
872 -0.0166015625
873 -0.1318359375
874 -0.0458984375
875 0.0205078125
876 -0.013671875
877 -0.1259765625
878 -0.0400390625
879 0.0234375
880 -0.0126953125
881 -0.15234375
882 -0.0263671875
883 0.0478515625
884 0.0166015625
885 -0.0380859375
886 0.072265625
887 0.1337890625
888 0.083984375
889 -0.0126953125
890 0.0400390625
891 0.08984375
892 0.0400390625
893 -0.0947265625
894 0.0234375
895 0.0849609375
896 0.0439453125
897 -0.09375
898 -0.0546875
899 0.0146484375
900 -0.0205078125
901 -0.1328125
902 -0.046875
903 0.0205078125
904 -0.013671875
905 -0.126953125
906 -0.0400390625
907 0.0244140625
908 -0.013671875
909 -0.1591796875
910 -0.0263671875
911 0.048828125
912 0.0146484375
913 -0.0439453125
914 0.072265625
915 0.138671875
916 0.0830078125
917 -0.0126953125
918 0.0390625
919 0.095703125
920 0.037109375
921 -0.0966796875
922 0.0224609375
923 0.08984375
924 0.0419921875
925 -0.0966796875
926 -0.052734375
927 0.0185546875
928 -0.021484375
929 -0.1357421875
930 -0.0458984375
931 0.0263671875
932 -0.0146484375
933 -0.1328125
934 -0.041015625
935 0.0283203125
936 -0.0126953125
937 -0.158203125
938 -0.0234375
939 0.052734375
940 0.015625
941 -0.04296875
942 0.0732421875
943 0.13671875
944 0.0830078125
945 -0.0126953125
946 0.0380859375
947 0.095703125
948 0.0380859375
949 -0.0947265625
950 0.0244140625
951 0.09375
952 0.0458984375
953 -0.0966796875
954 -0.0517578125
955 0.0185546875
956 -0.0205078125
957 -0.1357421875
958 -0.044921875
959 0.0234375
960 -0.0146484375
961 -0.1318359375
962 -0.0400390625
963 0.02734375
964 -0.0126953125
965 -0.158203125
966 -0.025390625
967 0.0517578125
968 0.0146484375
969 -0.0439453125
970 0.072265625
971 0.140625
972 0.0810546875
973 -0.013671875
974 0.0400390625
975 0.09765625
976 0.037109375
977 -0.0966796875
978 0.0244140625
979 0.0927734375
980 0.044921875
981 -0.095703125
982 -0.052734375
983 0.0185546875
984 -0.0185546875
985 -0.1376953125
986 -0.0458984375
987 0.0263671875
988 -0.015625
989 -0.130859375
990 -0.0419921875
991 0.0263671875
992 -0.0126953125
993 -0.1572265625
994 -0.0263671875
995 0.0517578125
996 0.0146484375
997 -0.0419921875
998 0.072265625
999 0.138671875
1000 0.0830078125
1001 -0.01171875
1002 0.0400390625
1003 0.0947265625
1004 0.0390625
1005 -0.095703125
1006 0.025390625
1007 0.0927734375
1008 0.0478515625
1009 -0.0947265625
1010 -0.0517578125
1011 0.017578125
1012 -0.01953125
1013 -0.1357421875
1014 -0.0458984375
1015 0.025390625
1016 -0.013671875
1017 -0.130859375
1018 -0.041015625
1019 0.0283203125
1020 -0.0146484375
1021 -0.158203125
1022 -0.0263671875
1023 0.0498046875
1024 0.0146484375
1025 -0.0419921875
1026 0.0732421875
1027 0.13671875
1028 0.0830078125
1029 -0.01171875
1030 0.0390625
1031 0.0947265625
1032 0.0390625
1033 -0.0947265625
1034 0.0224609375
1035 0.0908203125
1036 0.0439453125
1037 -0.0966796875
1038 -0.0556640625
1039 0.0146484375
1040 -0.0205078125
1041 -0.134765625
1042 -0.046875
1043 0.0224609375
1044 -0.0146484375
1045 -0.130859375
1046 -0.041015625
1047 0.025390625
1048 -0.0126953125
1049 -0.15625
1050 -0.025390625
1051 0.0517578125
1052 0.0166015625
1053 -0.0400390625
1054 0.0732421875
1055 0.1376953125
1056 0.08203125
1057 -0.01171875
1058 0.0400390625
1059 0.0947265625
1060 0.0380859375
1061 -0.0927734375
1062 0.025390625
1063 0.091796875
1064 0.046875
1065 -0.0927734375
1066 -0.0537109375
1067 0.015625
1068 -0.01953125
1069 -0.1328125
1070 -0.044921875
1071 0.021484375
1072 -0.013671875
1073 -0.1279296875
1074 -0.0400390625
1075 0.0234375
1076 -0.013671875
1077 -0.154296875
1078 -0.0244140625
1079 0.0478515625
1080 0.0166015625
1081 -0.0390625
1082 0.072265625
1083 0.13671875
1084 0.0830078125
1085 -0.009765625
1086 0.037109375
1087 0.0908203125
1088 0.037109375
1089 -0.091796875
1090 0.0205078125
1091 0.087890625
1092 0.044921875
1093 -0.0947265625
1094 -0.0546875
1095 0.013671875
1096 -0.0185546875
1097 -0.1337890625
1098 -0.0458984375
1099 0.021484375
1100 -0.0126953125
1101 -0.12890625
1102 -0.0390625
1103 0.0263671875
1104 -0.0126953125
1105 -0.154296875
1106 -0.0263671875
1107 0.05078125
1108 0.0146484375
1109 -0.0380859375
1110 0.0732421875
1111 0.13671875
1112 0.0830078125
1113 -0.0107421875
1114 0.0390625
1115 0.091796875
1116 0.0390625
1117 -0.09375
1118 0.025390625
1119 0.0888671875
1120 0.0458984375
1121 -0.09375
1122 -0.052734375
1123 0.0126953125
1124 -0.0185546875
1125 -0.1337890625
1126 -0.046875
1127 0.01953125
1128 -0.013671875
1129 -0.12890625
1130 -0.0419921875
1131 0.0244140625
1132 -0.01171875
1133 -0.15625
1134 -0.02734375
1135 0.046875
1136 0.015625
1137 -0.0400390625
1138 0.072265625
1139 0.1337890625
1140 0.083984375
1141 -0.009765625
1142 0.0390625
1143 0.0908203125
1144 0.0400390625
1145 -0.091796875
1146 0.021484375
1147 0.0859375
1148 0.044921875
1149 -0.09375
1150 -0.0537109375
1151 0.0126953125
1152 -0.0185546875
1153 -0.130859375
1154 -0.046875
1155 0.01953125
1156 -0.0126953125
1157 -0.1240234375
1158 -0.041015625
1159 0.021484375
1160 -0.009765625
1161 -0.150390625
1162 -0.025390625
1163 0.0458984375
1164 0.017578125
1165 -0.03515625
1166 0.0732421875
1167 0.130859375
1168 0.083984375
1169 -0.0078125
1170 0.0380859375
1171 0.0908203125
1172 0.0390625
1173 -0.08984375
1174 0.0234375
1175 0.087890625
1176 0.046875
1177 -0.08984375
1178 -0.052734375
1179 0.013671875
1180 -0.017578125
1181 -0.130859375
1182 -0.044921875
1183 0.01953125
1184 -0.013671875
1185 -0.12890625
1186 -0.041015625
1187 0.0224609375
1188 -0.01171875
1189 -0.154296875
1190 -0.0263671875
1191 0.0458984375
1192 0.0166015625
1193 -0.0380859375
1194 0.072265625
1195 0.1337890625
1196 0.0830078125
1197 -0.0087890625
1198 0.0390625
1199 0.0908203125
1200 0.0380859375
1201 -0.091796875
1202 0.0234375
1203 0.0859375
1204 0.0458984375
1205 -0.091796875
1206 -0.052734375
1207 0.013671875
1208 -0.0166015625
1209 -0.130859375
1210 -0.0458984375
1211 0.01953125
1212 -0.0126953125
1213 -0.1259765625
1214 -0.0380859375
1215 0.021484375
1216 -0.0107421875
1217 -0.1533203125
1218 -0.02734375
1219 0.0458984375
1220 0.0166015625
1221 -0.037109375
1222 0.0732421875
1223 0.1337890625
1224 0.0830078125
1225 -0.0078125
1226 0.037109375
1227 0.08984375
1228 0.0390625
1229 -0.0908203125
1230 0.021484375
1231 0.0849609375
1232 0.046875
1233 -0.0927734375
1234 -0.0517578125
1235 0.0126953125
1236 -0.017578125
1237 -0.12890625
1238 -0.046875
1239 0.0205078125
1240 -0.0126953125
1241 -0.126953125
1242 -0.0419921875
1243 0.0224609375
1244 -0.0107421875
1245 -0.154296875
1246 -0.02734375
1247 0.044921875
1248 0.015625
1249 -0.0400390625
1250 0.0712890625
1251 0.1337890625
1252 0.0830078125
1253 -0.0087890625
1254 0.0400390625
1255 0.0888671875
1256 0.0390625
1257 -0.09375
1258 0.0234375
1259 0.0849609375
1260 0.044921875
1261 -0.0947265625
1262 -0.0537109375
1263 0.013671875
1264 -0.01953125
1265 -0.130859375
1266 -0.0458984375
1267 0.0205078125
1268 -0.0146484375
1269 -0.126953125
1270 -0.041015625
1271 0.025390625
1272 -0.01171875
1273 -0.1513671875
1274 -0.025390625
1275 0.048828125
1276 0.0166015625
1277 -0.0400390625
1278 0.0712890625
1279 0.134765625
1280 0.083984375
1281 -0.01171875
1282 0.0390625
1283 0.0927734375
1284 0.0380859375
1285 -0.0947265625
1286 0.0224609375
1287 0.0908203125
1288 0.0458984375
1289 -0.09375
1290 -0.052734375
1291 0.017578125
1292 -0.01953125
1293 -0.1328125
1294 -0.0458984375
1295 0.0234375
1296 -0.0146484375
1297 -0.1298828125
1298 -0.0400390625
1299 0.0234375
1300 -0.0126953125
1301 -0.1552734375
1302 -0.025390625
1303 0.048828125
1304 0.0166015625
1305 -0.041015625
1306 0.07421875
1307 0.1357421875
1308 0.0830078125
1309 -0.009765625
1310 0.0380859375
1311 0.0927734375
1312 0.0380859375
1313 -0.09375
1314 0.021484375
1315 0.0888671875
1316 0.0439453125
1317 -0.091796875
1318 -0.0546875
1319 0.013671875
1320 -0.01953125
1321 -0.1337890625
1322 -0.0478515625
1323 0.0205078125
1324 -0.013671875
1325 -0.12890625
1326 -0.0419921875
1327 0.0224609375
1328 -0.0107421875
1329 -0.1572265625
1330 -0.02734375
1331 0.0458984375
1332 0.0166015625
1333 -0.041015625
1334 0.0732421875
1335 0.1357421875
1336 0.0830078125
1337 -0.009765625
1338 0.0390625
1339 0.09375
1340 0.0380859375
1341 -0.0927734375
1342 0.0234375
1343 0.0859375
1344 0.0458984375
1345 -0.09375
1346 -0.0537109375
1347 0.01171875
1348 -0.017578125
1349 -0.1318359375
1350 -0.0458984375
1351 0.01953125
1352 -0.0126953125
1353 -0.1259765625
1354 -0.04296875
1355 0.0224609375
1356 -0.01171875
1357 -0.1533203125
1358 -0.029296875
1359 0.0458984375
1360 0.015625
1361 -0.0380859375
1362 0.0732421875
1363 0.1328125
1364 0.083984375
1365 -0.0087890625
1366 0.0390625
1367 0.0888671875
1368 0.0390625
1369 -0.0947265625
1370 0.021484375
1371 0.0849609375
1372 0.044921875
1373 -0.095703125
1374 -0.0546875
1375 0.0107421875
1376 -0.01953125
1377 -0.1318359375
1378 -0.0478515625
1379 0.0205078125
1380 -0.0146484375
1381 -0.1279296875
1382 -0.041015625
1383 0.0244140625
1384 -0.0107421875
1385 -0.15234375
1386 -0.0244140625
1387 0.048828125
1388 0.0166015625
1389 -0.037109375
1390 0.0732421875
1391 0.1328125
1392 0.083984375
1393 -0.0087890625
1394 0.041015625
1395 0.0908203125
1396 0.0390625
1397 -0.0908203125
1398 0.025390625
1399 0.0869140625
1400 0.046875
1401 -0.0908203125
1402 -0.05078125
1403 0.0146484375
1404 -0.017578125
1405 -0.130859375
1406 -0.046875
1407 0.0224609375
1408 -0.013671875
1409 -0.125
1410 -0.0400390625
1411 0.0244140625
1412 -0.01171875
1413 -0.1533203125
1414 -0.025390625
1415 0.0478515625
1416 0.015625
1417 -0.0390625
1418 0.0732421875
1419 0.1357421875
1420 0.083984375
1421 -0.009765625
1422 0.0390625
1423 0.0908203125
1424 0.0380859375
1425 -0.0927734375
1426 0.021484375
1427 0.0888671875
1428 0.0458984375
1429 -0.091796875
1430 -0.0517578125
1431 0.015625
1432 -0.017578125
1433 -0.1328125
1434 -0.0458984375
1435 0.0205078125
1436 -0.0146484375
1437 -0.1240234375
1438 -0.0390625
1439 0.025390625
1440 -0.009765625
1441 -0.12890625
1442 -0.00390625
1443 0.0634765625
1444 0.0302734375
1445 -0.0791015625
1446 -0.029296875
1447 0.0322265625
1448 -0.0048828125
1449 -0.12109375
1450 -0.0400390625
1451 0.0263671875
1452 -0.0087890625
1453 -0.1279296875
1454 -0.0458984375
1455 0.0205078125
1456 -0.0126953125
1457 -0.1796875
1458 -0.0849609375
1459 -0.017578125
1460 -0.0400390625
1461 -0.1943359375
1462 -0.060546875
1463 0.0185546875
1464 0.0
1465 -0.072265625
1466 0.0419921875
1467 0.1064453125
1468 0.0654296875
1469 0.005859375
1470 0.1083984375
1471 0.1650390625
1472 0.1103515625
1473 0.0185546875
1474 0.0595703125
1475 0.1083984375
1476 0.0556640625
1477 -0.0498046875
1478 0.0576171875
1479 0.1201171875
1480 0.0693359375
1481 -0.009765625
1482 0.0966796875
1483 0.1572265625
1484 0.095703125
1485 -0.0205078125
1486 0.0234375
1487 0.078125
1488 0.02734375
1489 -0.078125
1490 0.0380859375
1491 0.1025390625
1492 0.0537109375
1493 -0.0146484375
1494 0.0927734375
1495 0.1533203125
1496 0.091796875
1497 -0.017578125
1498 0.0263671875
1499 0.0810546875
1500 0.0244140625
1501 -0.0830078125
1502 -0.005859375
1503 0.0576171875
1504 0.0087890625
1505 -0.0888671875
1506 0.029296875
1507 0.09765625
1508 0.0478515625
1509 -0.0693359375
1510 0.0458984375
1511 0.111328125
1512 0.0576171875
1513 -0.05078125
1514 0.0634765625
1515 0.126953125
1516 0.0693359375
1517 -0.0068359375
1518 0.1005859375
1519 0.1611328125
1520 0.0947265625
1521 0.0048828125
1522 0.05078125
1523 0.107421875
1524 0.044921875
1525 -0.05078125
1526 0.05859375
1527 0.123046875
1528 0.064453125
1529 -0.0498046875
1530 0.0615234375
1531 0.1220703125
1532 0.064453125
1533 -0.0966796875
1534 -0.0576171875
1535 0.005859375
1536 -0.029296875
1537 -0.2001953125
1538 -0.109375
1539 -0.0302734375
1540 -0.05859375
1541 -0.166015625
1542 -0.03515625
1543 0.0400390625
1544 0.001953125
1545 -0.056640625
1546 0.0576171875
1547 0.125
1548 0.0673828125
1549 0.001953125
1550 0.107421875
1551 0.1650390625
1552 0.1005859375
1553 -0.01953125
1554 0.021484375
1555 0.076171875
1556 0.021484375
1557 -0.1103515625
1558 -0.025390625
1559 0.037109375
1560 -0.0107421875
1561 -0.1953125
1562 -0.1259765625
1563 -0.041015625
1564 -0.0693359375
1565 -0.17578125
1566 -0.0791015625
1567 -0.005859375
1568 -0.04296875
1569 -0.208984375
1570 -0.1298828125
1571 -0.0439453125
1572 -0.0703125
1573 -0.1923828125
1574 -0.0546875
1575 0.0244140625
1576 -0.0068359375
1577 -0.107421875
1578 -0.0537109375
1579 0.013671875
1580 -0.0234375
1581 -0.138671875
1582 -0.0458984375
1583 0.01953125
1584 -0.021484375
1585 -0.130859375
1586 -0.044921875
1587 0.021484375
1588 -0.017578125
1589 -0.1083984375
1590 0.0107421875
1591 0.0830078125
1592 0.0380859375
1593 -0.015625
1594 0.0927734375
1595 0.1552734375
1596 0.0947265625
1597 -0.0185546875
1598 0.0849609375
1599 0.142578125
1600 0.0869140625
1601 -0.0185546875
1602 0.0849609375
1603 0.142578125
1604 0.0849609375
1605 0.01171875
1606 0.1123046875
1607 0.166015625
1608 0.1044921875
1609 0.015625
1610 0.056640625
1611 0.107421875
1612 0.0498046875
1613 -0.044921875
1614 0.060546875
1615 0.1201171875
1616 0.0673828125
1617 -0.0439453125
1618 0.0595703125
1619 0.1171875
1620 0.0654296875
1621 -0.0966796875
1622 -0.05859375
1623 0.00390625
1624 -0.03125
1625 -0.197265625
1626 -0.1083984375
1627 -0.033203125
1628 -0.0576171875
1629 -0.1640625
1630 -0.037109375
1631 0.0361328125
1632 0.0029296875
1633 -0.068359375
1634 0.04296875
1635 0.1064453125
1636 0.0576171875
1637 -0.0009765625
1638 0.099609375
1639 0.15625
1640 0.09765625
1641 -0.01953125
1642 0.01953125
1643 0.0712890625
1644 0.021484375
1645 -0.1083984375
1646 -0.029296875
1647 0.029296875
1648 -0.0107421875
1649 -0.1943359375
1650 -0.126953125
1651 -0.048828125
1652 -0.0673828125
1653 -0.1728515625
1654 -0.078125
1655 -0.0087890625
1656 -0.0419921875
1657 -0.2080078125
1658 -0.1318359375
1659 -0.048828125
1660 -0.0693359375
1661 -0.1923828125
1662 -0.05859375
1663 0.0185546875
1664 -0.0087890625
1665 -0.109375
1666 -0.056640625
1667 0.009765625
1668 -0.0244140625
1669 -0.138671875
1670 -0.046875
1671 0.017578125
1672 -0.0205078125
1673 -0.130859375
1674 -0.0458984375
1675 0.01953125
1676 -0.017578125
1677 -0.107421875
1678 0.01171875
1679 0.0791015625
1680 0.037109375
1681 -0.0126953125
1682 0.09375
1683 0.1552734375
1684 0.095703125
1685 0.04296875
1686 0.142578125
1687 0.197265625
1688 0.1298828125
1689 0.06640625
1690 0.1630859375
1691 0.216796875
1692 0.1455078125
1693 0.0390625
1694 0.1328125
1695 0.18359375
1696 0.1171875
1697 0.0087890625
1698 0.1064453125
1699 0.158203125
1700 0.09765625
1701 0.021484375
1702 0.1181640625
1703 0.16796875
1704 0.1044921875
1705 0.0146484375
1706 0.0537109375
1707 0.1044921875
1708 0.044921875
1709 -0.0458984375
1710 0.0576171875
1711 0.115234375
1712 0.0615234375
1713 0.0087890625
1714 0.1083984375
1715 0.1630859375
1716 0.099609375
1717 0.0380859375
1718 0.134765625
1719 0.1884765625
1720 0.119140625
1721 0.01171875
1722 0.107421875
1723 0.1591796875
1724 0.09375
1725 -0.0654296875
1726 -0.033203125
1727 0.0224609375
1728 -0.021484375
1729 -0.1845703125
1730 -0.1044921875
1731 -0.0322265625
1732 -0.0615234375
1733 -0.1708984375
1734 -0.044921875
1735 0.025390625
1736 -0.0107421875
1737 -0.0732421875
1738 0.0390625
1739 0.1005859375
1740 0.048828125
1741 -0.0166015625
1742 0.0869140625
1743 0.1416015625
1744 0.080078125
1745 -0.0400390625
1746 -0.0009765625
1747 0.05078125
1748 0.0009765625
1749 -0.12890625
1750 -0.046875
1751 0.01171875
1752 -0.0302734375
1753 -0.2119140625
1754 -0.146484375
1755 -0.06640625
1756 -0.0869140625
1757 -0.19140625
1758 -0.095703125
1759 -0.029296875
1760 -0.0576171875
1761 -0.2255859375
1762 -0.1455078125
1763 -0.0673828125
1764 -0.0849609375
1765 -0.205078125
1766 -0.072265625
1767 0.0048828125
1768 -0.0234375
1769 -0.123046875
1770 -0.072265625
1771 -0.00390625
1772 -0.0390625
1773 -0.1591796875
1774 -0.0703125
1775 -0.00390625
1776 -0.0400390625
1777 -0.1630859375
1778 -0.078125
1779 -0.009765625
1780 -0.041015625
1781 -0.1396484375
1782 -0.017578125
1783 0.052734375
1784 0.0166015625
1785 -0.0361328125
1786 0.076171875
1787 0.13671875
1788 0.0810546875
1789 0.017578125
1790 0.119140625
1791 0.177734375
1792 0.1103515625
1793 0.044921875
1794 0.1416015625
1795 0.1953125
1796 0.1240234375
1797 0.0595703125
1798 0.1533203125
1799 0.20703125
1800 0.1318359375
1801 0.0673828125
1802 0.1591796875
1803 0.2099609375
1804 0.1376953125
1805 0.0244140625
1806 0.1181640625
1807 0.1650390625
1808 0.1005859375
1809 -0.0107421875
1810 0.0869140625
1811 0.140625
1812 0.076171875
1813 -0.0009765625
1814 0.0966796875
1815 0.1494140625
1816 0.0849609375
1817 -0.005859375
1818 0.0341796875
1819 0.0859375
1820 0.0263671875
1821 -0.0634765625
1822 0.0380859375
1823 0.09765625
1824 0.044921875
1825 -0.0166015625
1826 0.083984375
1827 0.140625
1828 0.078125
1829 0.0185546875
1830 0.1123046875
1831 0.1630859375
1832 0.099609375
1833 -0.0068359375
1834 0.0869140625
1835 0.138671875
1836 0.07421875
1837 -0.0859375
1838 -0.0537109375
1839 0.001953125
1840 -0.0419921875
1841 -0.20703125
1842 -0.1259765625
1843 -0.0517578125
1844 -0.0791015625
1845 -0.1865234375
1846 -0.0625
1847 0.0078125
1848 -0.025390625
1849 -0.0830078125
1850 0.025390625
1851 0.0849609375
1852 0.0361328125
1853 -0.029296875
1854 0.072265625
1855 0.125
1856 0.0673828125
1857 -0.0498046875
1858 -0.0146484375
1859 0.0341796875
1860 -0.0107421875
1861 -0.1396484375
1862 -0.0595703125
1863 -0.0009765625
1864 -0.0419921875
1865 -0.2216796875
1866 -0.15625
1867 -0.0771484375
1868 -0.09765625
1869 -0.201171875
1870 -0.10546875
1871 -0.0380859375
1872 -0.0693359375
1873 -0.234375
1874 -0.15625
1875 -0.0771484375
1876 -0.095703125
1877 -0.216796875
1878 -0.0830078125
1879 -0.0078125
1880 -0.0322265625
1881 -0.1337890625
1882 -0.08203125
1883 -0.015625
1884 -0.0498046875
1885 -0.19921875
1886 -0.1103515625
1887 -0.041015625
1888 -0.0673828125
1889 -0.2080078125
1890 -0.1181640625
1891 -0.0439453125
1892 -0.0673828125
1893 -0.162109375
1894 -0.0380859375
1895 0.0322265625
1896 0.0
1897 -0.0458984375
1898 0.0615234375
1899 0.1201171875
1900 0.0693359375
1901 0.009765625
1902 0.1064453125
1903 0.1591796875
1904 0.1005859375
1905 0.03515625
1906 0.12890625
1907 0.1796875
1908 0.1162109375
1909 0.046875
1910 0.1376953125
1911 0.1865234375
1912 0.1220703125
1913 0.05859375
1914 0.1455078125
1915 0.1962890625
1916 0.1279296875
1917 0.0205078125
1918 0.111328125
1919 0.1591796875
1920 0.095703125
1921 -0.013671875
1922 0.0810546875
1923 0.1328125
1924 0.0732421875
1925 -0.00390625
1926 0.0908203125
1927 0.1435546875
1928 0.080078125
1929 -0.0107421875
1930 0.029296875
1931 0.0791015625
1932 0.0205078125
1933 -0.068359375
1934 0.0341796875
1935 0.0947265625
1936 0.0390625
1937 -0.0166015625
1938 0.08203125
1939 0.1376953125
1940 0.07421875
1941 0.0166015625
1942 0.1103515625
1943 0.1611328125
1944 0.0966796875
1945 -0.0068359375
1946 0.0859375
1947 0.1328125
1948 0.0732421875
1949 -0.0830078125
1950 -0.0517578125
1951 0.0
1952 -0.0419921875
1953 -0.2001953125
1954 -0.1220703125
1955 -0.0498046875
1956 -0.0791015625
1957 -0.1884765625
1958 -0.0625
1959 0.0078125
1960 -0.0283203125
1961 -0.0888671875
1962 0.021484375
1963 0.0849609375
1964 0.0322265625
1965 -0.033203125
1966 0.0693359375
1967 0.125
1968 0.064453125
1969 -0.052734375
1970 -0.015625
1971 0.03515625
1972 -0.0146484375
1973 -0.1416015625
1974 -0.0615234375
1975 -0.0048828125
1976 -0.0458984375
1977 -0.2275390625
1978 -0.1611328125
1979 -0.0810546875
1980 -0.103515625
1981 -0.20703125
1982 -0.1103515625
1983 -0.0400390625
1984 -0.07421875
1985 -0.2392578125
1986 -0.1611328125
1987 -0.0810546875
1988 -0.1005859375
1989 -0.220703125
1990 -0.0849609375
1991 -0.0087890625
1992 -0.037109375
1993 -0.1376953125
1994 -0.083984375
1995 -0.015625
1996 -0.052734375
1997 -0.173828125
1998 -0.083984375
1999 -0.0146484375
2000 -0.0546875
2001 -0.173828125
2002 -0.0859375
2003 -0.0126953125
2004 -0.0517578125
2005 -0.146484375
2006 -0.0234375
2007 0.05078125
2008 0.0068359375
2009 -0.046875
2010 0.0654296875
2011 0.12890625
2012 0.0693359375
2013 0.0048828125
2014 0.1083984375
2015 0.1640625
2016 0.0986328125
2017 0.02734375
2018 0.126953125
2019 0.1806640625
2020 0.1103515625
2021 0.033203125
2022 0.1298828125
2023 0.1845703125
2024 0.111328125
2025 0.0458984375
2026 0.1416015625
2027 0.1953125
2028 0.12109375
2029 0.0107421875
2030 0.10546875
2031 0.15625
2032 0.0888671875
2033 -0.0234375
2034 0.078125
2035 0.1298828125
2036 0.0673828125
2037 -0.013671875
2038 0.0859375
2039 0.138671875
2040 0.07421875
2041 -0.033203125
2042 0.0087890625
2043 0.0615234375
2044 0.00390625
2045 -0.08984375
2046 0.0205078125
2047 0.08203125
2048 0.0283203125
2049 -0.03125
2050 0.072265625
2051 0.1318359375
2052 0.06640625
2053 0.005859375
2054 0.103515625
2055 0.1591796875
2056 0.08984375
2057 -0.0205078125
2058 0.078125
2059 0.1318359375
2060 0.0654296875
2061 -0.0927734375
2062 -0.05859375
2063 0.0
2064 -0.0458984375
2065 -0.21484375
2066 -0.1318359375
2067 -0.0556640625
2068 -0.0859375
2069 -0.1982421875
2070 -0.0693359375
2071 0.005859375
2072 -0.033203125
2073 -0.109375
2074 0.005859375
2075 0.07421875
2076 0.01953125
2077 -0.04296875
2078 0.0615234375
2079 0.12109375
2080 0.05859375
2081 -0.0625
2082 -0.0205078125
2083 0.033203125
2084 -0.0185546875
2085 -0.150390625
2086 -0.0654296875
2087 -0.005859375
2088 -0.05078125
2089 -0.232421875
2090 -0.1650390625
2091 -0.08203125
2092 -0.10546875
2093 -0.2099609375
2094 -0.11328125
2095 -0.04296875
2096 -0.076171875
2097 -0.2412109375
2098 -0.162109375
2099 -0.0810546875
2100 -0.1025390625
2101 -0.2236328125
2102 -0.0888671875
2103 -0.0107421875
2104 -0.0400390625
2105 -0.1416015625
2106 -0.0869140625
2107 -0.01953125
2108 -0.052734375
2109 -0.2177734375
2110 -0.1240234375
2111 -0.05078125
2112 -0.078125
2113 -0.23046875
2114 -0.13671875
2115 -0.05859375
2116 -0.08203125
2117 -0.169921875
2118 -0.0439453125
2119 0.0322265625
2120 -0.00390625
2121 -0.0517578125
2122 0.0576171875
2123 0.1201171875
2124 0.0634765625
2125 0.0029296875
2126 0.103515625
2127 0.1591796875
2128 0.0966796875
2129 0.0234375
2130 0.1201171875
2131 0.171875
2132 0.1064453125
2133 0.037109375
2134 0.1298828125
2135 0.1826171875
2136 0.1142578125
2137 0.046875
2138 0.140625
2139 0.1923828125
2140 0.12109375
2141 0.01171875
2142 0.1044921875
2143 0.1533203125
2144 0.0869140625
2145 -0.0224609375
2146 0.07421875
2147 0.1240234375
2148 0.0654296875
2149 -0.01171875
2150 0.0849609375
2151 0.1337890625
2152 0.076171875
2153 -0.0166015625
2154 0.021484375
2155 0.0673828125
2156 0.017578125
2157 -0.0712890625
2158 0.029296875
2159 0.0859375
2160 0.0361328125
2161 -0.0244140625
2162 0.0712890625
2163 0.1240234375
2164 0.068359375
2165 0.0126953125
2166 0.1044921875
2167 0.1533203125
2168 0.091796875
2169 -0.01171875
2170 0.080078125
2171 0.1279296875
2172 0.0703125
2173 -0.0869140625
2174 -0.0546875
2175 -0.0029296875
2176 -0.041015625
2177 -0.2021484375
2178 -0.1220703125
2179 -0.0556640625
2180 -0.080078125
2181 -0.1884765625
2182 -0.0654296875
2183 0.0029296875
2184 -0.029296875
2185 -0.087890625
2186 0.01953125
2187 0.0810546875
2188 0.0302734375
2189 -0.033203125
2190 0.0654296875
2191 0.1201171875
2192 0.0625
2193 -0.060546875
2194 -0.0224609375
2195 0.029296875
2196 -0.0205078125
2197 -0.1474609375
2198 -0.06640625
2199 -0.0078125
2200 -0.048828125
2201 -0.2314453125
2202 -0.1640625
2203 -0.083984375
2204 -0.1044921875
2205 -0.208984375
2206 -0.1142578125
2207 -0.0439453125
2208 -0.076171875
2209 -0.2412109375
2210 -0.1630859375
2211 -0.0810546875
2212 -0.1025390625
2213 -0.2216796875
2214 -0.087890625
2215 -0.0107421875
2216 -0.0390625
2217 -0.138671875
2218 -0.0869140625
2219 -0.01953125
2220 -0.052734375
2221 -0.1748046875
2222 -0.0869140625
2223 -0.0244140625
2224 -0.0556640625
2225 -0.177734375
2226 -0.0927734375
2227 -0.025390625
2228 -0.0556640625
2229 -0.146484375
2230 -0.0283203125
2231 0.041015625
2232 0.0048828125
2233 -0.0439453125
2234 0.0634765625
2235 0.1220703125
2236 0.0673828125
2237 0.0087890625
2238 0.1064453125
2239 0.158203125
2240 0.099609375
2241 0.029296875
2242 0.1240234375
2243 0.17578125
2244 0.109375
2245 0.0390625
2246 0.130859375
2247 0.1826171875
2248 0.1142578125
2249 0.05078125
2250 0.140625
2251 0.19140625
2252 0.1220703125
2253 0.01171875
2254 0.1025390625
2255 0.1513671875
2256 0.0869140625
2257 -0.0234375
2258 0.072265625
2259 0.125
2260 0.0654296875
2261 -0.0146484375
2262 0.0830078125
2263 0.1328125
2264 0.0732421875
2265 -0.0341796875
2266 0.0048828125
2267 0.0556640625
2268 0.001953125
2269 -0.0859375
2270 0.017578125
2271 0.076171875
2272 0.0263671875
2273 -0.03125
2274 0.0712890625
2275 0.126953125
2276 0.0654296875
2277 0.0068359375
2278 0.1025390625
2279 0.1572265625
2280 0.087890625
2281 -0.017578125
2282 0.0771484375
2283 0.1298828125
2284 0.0654296875
2285 -0.09375
2286 -0.060546875
2287 -0.00390625
2288 -0.0478515625
2289 -0.21484375
2290 -0.1328125
2291 -0.060546875
2292 -0.0869140625
2293 -0.1982421875
2294 -0.0712890625
2295 0.0
2296 -0.033203125
2297 -0.1064453125
2298 0.0029296875
2299 0.0693359375
2300 0.01953125
2301 -0.041015625
2302 0.060546875
2303 0.1171875
2304 0.05859375
2305 -0.060546875
2306 -0.021484375
2307 0.029296875
2308 -0.0205078125
2309 -0.1484375
2310 -0.0654296875
2311 -0.009765625
2312 -0.048828125
2313 -0.2314453125
2314 -0.1611328125
2315 -0.0859375
2316 -0.1044921875
2317 -0.2099609375
2318 -0.11328125
2319 -0.044921875
2320 -0.078125
2321 -0.2421875
2322 -0.1650390625
2323 -0.0849609375
2324 -0.103515625
2325 -0.2216796875
2326 -0.0888671875
2327 -0.0126953125
2328 -0.041015625
2329 -0.1416015625
2330 -0.08984375
2331 -0.0244140625
2332 -0.0556640625
2333 -0.2197265625
2334 -0.125
2335 -0.0556640625
2336 -0.0791015625
2337 -0.232421875
2338 -0.1376953125
2339 -0.0615234375
2340 -0.08203125
2341 -0.1689453125
2342 -0.044921875
2343 0.0283203125
2344 -0.005859375
2345 -0.0517578125
2346 0.0556640625
2347 0.1171875
2348 0.064453125
2349 0.001953125
2350 0.1015625
2351 0.1591796875
2352 0.095703125
2353 0.0224609375
2354 0.119140625
2355 0.1708984375
2356 0.1064453125
2357 0.0361328125
2358 0.1279296875
2359 0.1806640625
2360 0.111328125
2361 0.0478515625
2362 0.138671875
2363 0.1904296875
2364 0.1201171875
2365 0.0126953125
2366 0.1025390625
2367 0.150390625
2368 0.0888671875
2369 -0.0224609375
2370 0.072265625
2371 0.123046875
2372 0.0654296875
2373 -0.0126953125
2374 0.0849609375
2375 0.1357421875
2376 0.0732421875
2377 -0.017578125
2378 0.0224609375
2379 0.0703125
2380 0.013671875
2381 -0.072265625
2382 0.0283203125
2383 0.0859375
2384 0.0341796875
2385 -0.0283203125
2386 0.0703125
2387 0.1259765625
2388 0.06640625
2389 0.0078125
2390 0.1025390625
2391 0.1552734375
2392 0.0888671875
2393 -0.0146484375
2394 0.078125
2395 0.12890625
2396 0.06640625
2397 -0.0869140625
2398 -0.052734375
2399 -0.0009765625
2400 -0.0419921875
2401 -0.19921875
2402 -0.1181640625
2403 -0.05078125
2404 -0.0791015625
2405 -0.1875
2406 -0.0625
2407 0.0048828125
2408 -0.0283203125
2409 -0.0908203125
2410 0.01953125
2411 0.0810546875
2412 0.0283203125
2413 -0.0341796875
2414 0.0654296875
2415 0.1220703125
2416 0.060546875
2417 -0.0595703125
2418 -0.021484375
2419 0.02734375
2420 -0.0205078125
2421 -0.1474609375
2422 -0.06640625
2423 -0.0107421875
2424 -0.0498046875
2425 -0.232421875
2426 -0.1650390625
2427 -0.0869140625
2428 -0.1044921875
2429 -0.2099609375
2430 -0.115234375
2431 -0.0498046875
2432 -0.078125
2433 -0.2421875
2434 -0.1650390625
2435 -0.0859375
2436 -0.1044921875
2437 -0.220703125
2438 -0.0888671875
2439 -0.013671875
2440 -0.0380859375
2441 -0.138671875
2442 -0.087890625
2443 -0.0224609375
2444 -0.0537109375
2445 -0.177734375
2446 -0.0888671875
2447 -0.0244140625
2448 -0.0556640625
2449 -0.177734375
2450 -0.0927734375
2451 -0.02734375
2452 -0.0556640625
2453 -0.14453125
2454 -0.0283203125
2455 0.0390625
2456 0.0029296875
2457 -0.0419921875
2458 0.060546875
2459 0.1201171875
2460 0.06640625
2461 0.009765625
2462 0.1064453125
2463 0.158203125
2464 0.09765625
2465 0.033203125
2466 0.1240234375
2467 0.1748046875
2468 0.1083984375
2469 0.0390625
2470 0.130859375
2471 0.1796875
2472 0.11328125
2473 0.0498046875
2474 0.1416015625
2475 0.1904296875
2476 0.1181640625
2477 0.009765625
2478 0.1005859375
2479 0.1494140625
2480 0.0849609375
2481 -0.0244140625
2482 0.0693359375
2483 0.12109375
2484 0.0634765625
2485 -0.013671875
2486 0.08203125
2487 0.1318359375
2488 0.0712890625
2489 -0.0341796875
2490 0.00390625
2491 0.0537109375
2492 0.001953125
2493 -0.0869140625
2494 0.0185546875
2495 0.0771484375
2496 0.0283203125
2497 -0.029296875
2498 0.0703125
2499 0.1259765625
2500 0.0654296875
2501 0.0087890625
2502 0.1005859375
2503 0.154296875
2504 0.0888671875
2505 -0.0185546875
2506 0.076171875
2507 0.1279296875
2508 0.0634765625
2509 -0.091796875
2510 -0.0595703125
2511 -0.0029296875
2512 -0.0478515625
2513 -0.208984375
2514 -0.1279296875
2515 -0.0546875
2516 -0.0849609375
2517 -0.197265625
2518 -0.0673828125
2519 0.0048828125
2520 -0.0322265625
2521 -0.0947265625
2522 0.0185546875
2523 0.0830078125
2524 0.0263671875
2525 -0.0390625
2526 0.0673828125
2527 0.125
2528 0.0595703125
2529 -0.0654296875
2530 -0.0244140625
2531 0.0322265625
2532 -0.0244140625
2533 -0.166015625
2534 -0.080078125
2535 -0.015625
2536 -0.060546875
2537 -0.2431640625
2538 -0.171875
2539 -0.0869140625
2540 -0.1103515625
2541 -0.2197265625
2542 -0.1181640625
2543 -0.0458984375
2544 -0.0830078125
2545 -0.2587890625
2546 -0.17578125
2547 -0.0908203125
2548 -0.111328125
2549 -0.2626953125
2550 -0.119140625
2551 -0.03125
2552 -0.0576171875
2553 -0.1376953125
2554 -0.013671875
2555 0.0576171875
2556 0.0107421875
2557 -0.1240234375
2558 -0.08203125
2559 -0.01171875
2560 -0.05078125
2561 -0.1728515625
2562 -0.0830078125
2563 -0.01171875
2564 -0.05078125
2565 -0.16015625
2566 -0.0693359375
2567 -0.001953125
2568 -0.044921875
2569 -0.1630859375
2570 -0.0380859375
2571 0.0361328125
2572 -0.005859375
2573 -0.095703125
2574 0.0205078125
2575 0.0859375
2576 0.0341796875
2577 -0.029296875
2578 0.078125
2579 0.1376953125
2580 0.0751953125
2581 -0.01953125
2582 0.0302734375
2583 0.0810546875
2584 0.0205078125
2585 -0.1123046875
2586 0.0048828125
2587 0.068359375
2588 0.0205078125
2589 -0.119140625
2590 -0.078125
2591 -0.01171875
2592 -0.0458984375
2593 -0.162109375
2594 -0.076171875
2595 -0.0087890625
2596 -0.0458984375
2597 -0.1611328125
2598 -0.072265625
2599 -0.00390625
2600 -0.0419921875
2601 -0.1865234375
2602 -0.056640625
2603 0.0205078125
2604 -0.013671875
2605 -0.0751953125
2606 0.041015625
2607 0.10546875
2608 0.0537109375
2609 -0.0419921875
2610 0.0107421875
2611 0.0625
2612 0.0087890625
2613 -0.1240234375
2614 -0.005859375
2615 0.0625
2616 0.0166015625
2617 -0.123046875
2618 -0.08203125
2619 -0.009765625
2620 -0.0478515625
2621 -0.162109375
2622 -0.0751953125
2623 -0.0048828125
2624 -0.0419921875
2625 -0.158203125
2626 -0.068359375
2627 -0.0009765625
2628 -0.041015625
2629 -0.181640625
2630 -0.05078125
2631 0.0234375
2632 -0.009765625
2633 -0.06640625
2634 0.0478515625
2635 0.111328125
2636 0.0576171875
2637 -0.0361328125
2638 0.013671875
2639 0.0673828125
2640 0.013671875
2641 -0.1162109375
2642 0.0
2643 0.0654296875
2644 0.0224609375
2645 -0.1162109375
2646 -0.0751953125
2647 -0.0068359375
2648 -0.04296875
2649 -0.1591796875
2650 -0.0693359375
2651 -0.0009765625
2652 -0.0361328125
2653 -0.1513671875
2654 -0.0634765625
2655 0.001953125
2656 -0.03515625
2657 -0.177734375
2658 -0.0478515625
2659 0.02734375
2660 -0.0068359375
2661 -0.0625
2662 0.05078125
2663 0.1142578125
2664 0.0615234375
2665 -0.033203125
2666 0.017578125
2667 0.072265625
2668 0.0166015625
2669 -0.1142578125
2670 0.001953125
2671 0.068359375
2672 0.0244140625
2673 -0.115234375
2674 -0.07421875
2675 -0.005859375
2676 -0.0380859375
2677 -0.154296875
2678 -0.0654296875
2679 0.001953125
2680 -0.0322265625
2681 -0.1484375
2682 -0.0595703125
2683 0.0048828125
2684 -0.0322265625
2685 -0.171875
2686 -0.04296875
2687 0.03125
2688 -0.001953125
2689 -0.0576171875
2690 0.0546875
2691 0.1181640625
2692 0.0654296875
2693 -0.0263671875
2694 0.021484375
2695 0.07421875
2696 0.0224609375
2697 -0.109375
2698 0.0087890625
2699 0.0732421875
2700 0.029296875
2701 -0.111328125
2702 -0.068359375
2703 -0.0009765625
2704 -0.0341796875
2705 -0.1494140625
2706 -0.0615234375
2707 0.0068359375
2708 -0.03125
2709 -0.1455078125
2710 -0.0576171875
2711 0.0107421875
2712 -0.0283203125
2713 -0.1708984375
2714 -0.041015625
2715 0.033203125
2716 -0.0009765625
2717 -0.0556640625
2718 0.0556640625
2719 0.1181640625
2720 0.0673828125
2721 -0.0263671875
2722 0.0234375
2723 0.0751953125
2724 0.0244140625
2725 -0.107421875
2726 0.0107421875
2727 0.07421875
2728 0.03125
2729 -0.1083984375
2730 -0.06640625
2731 0.0009765625
2732 -0.033203125
2733 -0.1455078125
2734 -0.060546875
2735 0.0078125
2736 -0.0283203125
2737 -0.1416015625
2738 -0.0546875
2739 0.01171875
2740 -0.025390625
2741 -0.16796875
2742 -0.0400390625
2743 0.03515625
2744 0.001953125
2745 -0.0537109375
2746 0.060546875
2747 0.125
2748 0.0712890625
2749 -0.0224609375
2750 0.02734375
2751 0.0810546875
2752 0.025390625
2753 -0.1044921875
2754 0.01171875
2755 0.078125
2756 0.033203125
2757 -0.1064453125
2758 -0.064453125
2759 0.0048828125
2760 -0.03125
2761 -0.14453125
2762 -0.05859375
2763 0.01171875
2764 -0.025390625
2765 -0.1416015625
2766 -0.052734375
2767 0.01171875
2768 -0.0244140625
2769 -0.1689453125
2770 -0.037109375
2771 0.0361328125
2772 0.00390625
2773 -0.0517578125
2774 0.0615234375
2775 0.1240234375
2776 0.072265625
2777 -0.021484375
2778 0.0283203125
2779 0.0810546875
2780 0.02734375
2781 -0.1025390625
2782 0.0126953125
2783 0.078125
2784 0.03515625
2785 -0.103515625
2786 -0.0634765625
2787 0.00390625
2788 -0.029296875
2789 -0.142578125
2790 -0.0556640625
2791 0.009765625
2792 -0.021484375
2793 -0.1357421875
2794 -0.0498046875
2795 0.0146484375
2796 -0.01953125
2797 -0.16015625
2798 -0.03515625
2799 0.0390625
2800 0.0087890625
2801 -0.0458984375
2802 0.0615234375
2803 0.123046875
2804 0.0751953125
2805 -0.0166015625
2806 0.0302734375
2807 0.0810546875
2808 0.029296875
2809 -0.0986328125
2810 0.0146484375
2811 0.078125
2812 0.0380859375
2813 -0.1005859375
2814 -0.060546875
2815 0.0029296875
2816 -0.0244140625
2817 -0.1376953125
2818 -0.0537109375
2819 0.0087890625
2820 -0.021484375
2821 -0.1318359375
2822 -0.048828125
2823 0.0126953125
2824 -0.01953125
2825 -0.158203125
2826 -0.0361328125
2827 0.0361328125
2828 0.009765625
2829 -0.04296875
2830 0.064453125
2831 0.1240234375
2832 0.076171875
2833 -0.017578125
2834 0.03125
2835 0.0791015625
2836 0.033203125
2837 -0.0986328125
2838 0.0166015625
2839 0.0771484375
2840 0.0400390625
2841 -0.0986328125
2842 -0.0595703125
2843 0.0048828125
2844 -0.0244140625
2845 -0.13671875
2846 -0.0546875
2847 0.01171875
2848 -0.0205078125
2849 -0.1318359375
2850 -0.048828125
2851 0.0166015625
2852 -0.017578125
2853 -0.158203125
2854 -0.0322265625
2855 0.0390625
2856 0.009765625
2857 -0.0439453125
2858 0.0654296875
2859 0.125
2860 0.0771484375
2861 -0.0166015625
2862 0.03125
2863 0.0810546875
2864 0.033203125
2865 -0.095703125
2866 0.0166015625
2867 0.0791015625
2868 0.0400390625
2869 -0.095703125
2870 -0.05859375
2871 0.0068359375
2872 -0.0224609375
2873 -0.1337890625
2874 -0.0537109375
2875 0.0107421875
2876 -0.017578125
2877 -0.1318359375
2878 -0.0478515625
2879 0.0126953125
2880 -0.0166015625
2881 -0.16015625
2882 -0.0322265625
2883 0.0390625
2884 0.0107421875
2885 -0.0439453125
2886 0.0654296875
2887 0.126953125
2888 0.078125
2889 -0.0146484375
2890 0.03125
2891 0.083984375
2892 0.0322265625
2893 -0.095703125
2894 0.015625
2895 0.0810546875
2896 0.0400390625
2897 -0.0986328125
2898 -0.0595703125
2899 0.0068359375
2900 -0.0234375
2901 -0.13671875
2902 -0.0517578125
2903 0.013671875
2904 -0.017578125
2905 -0.1328125
2906 -0.0478515625
2907 0.017578125
2908 -0.017578125
2909 -0.1611328125
2910 -0.033203125
2911 0.0400390625
2912 0.0087890625
2913 -0.046875
2914 0.064453125
2915 0.12890625
2916 0.078125
2917 -0.0146484375
2918 0.0341796875
2919 0.0849609375
2920 0.033203125
2921 -0.095703125
2922 0.0185546875
2923 0.083984375
2924 0.041015625
2925 -0.0966796875
2926 -0.056640625
2927 0.009765625
2928 -0.021484375
2929 -0.134765625
2930 -0.05078125
2931 0.0166015625
2932 -0.017578125
2933 -0.1318359375
2934 -0.044921875
2935 0.0185546875
2936 -0.015625
2937 -0.158203125
2938 -0.033203125
2939 0.0419921875
2940 0.01171875
2941 -0.0439453125
2942 0.06640625
2943 0.130859375
2944 0.0791015625
2945 -0.0146484375
2946 0.0341796875
2947 0.0849609375
2948 0.0341796875
2949 -0.09765625
2950 0.0185546875
2951 0.083984375
2952 0.041015625
2953 -0.09765625
2954 -0.0556640625
2955 0.0107421875
2956 -0.0234375
2957 -0.13671875
2958 -0.05078125
2959 0.0166015625
2960 -0.01953125
2961 -0.130859375
2962 -0.0458984375
2963 0.0205078125
2964 -0.0166015625
2965 -0.1552734375
2966 -0.029296875
2967 0.044921875
2968 0.0126953125
2969 -0.04296875
2970 0.068359375
2971 0.130859375
2972 0.0791015625
2973 -0.013671875
2974 0.03515625
2975 0.0869140625
2976 0.0361328125
2977 -0.0947265625
2978 0.01953125
2979 0.08203125
2980 0.0439453125
2981 -0.0966796875
2982 -0.056640625
2983 0.0107421875
2984 -0.0224609375
2985 -0.1357421875
2986 -0.0498046875
2987 0.0205078125
2988 -0.0185546875
2989 -0.130859375
2990 -0.044921875
2991 0.0205078125
2992 -0.015625
2993 -0.1572265625
2994 -0.029296875
2995 0.0439453125
2996 0.01171875
2997 -0.04296875
2998 0.068359375
2999 0.130859375
3000 0.0810546875
3001 -0.013671875
3002 0.03515625
3003 0.0859375
3004 0.03515625
3005 -0.0966796875
3006 0.017578125
3007 0.0810546875
3008 0.0400390625
3009 -0.0966796875
3010 -0.056640625
3011 0.0087890625
3012 -0.021484375
3013 -0.134765625
3014 -0.048828125
3015 0.0166015625
3016 -0.015625
3017 -0.12890625
3018 -0.04296875
3019 0.021484375
3020 -0.0126953125
3021 -0.1533203125
3022 -0.0263671875
3023 0.0458984375
3024 0.015625
3025 -0.0400390625
3026 0.0693359375
3027 0.1318359375
3028 0.080078125
3029 -0.0107421875
3030 0.037109375
3031 0.0888671875
3032 0.0361328125
3033 -0.09375
3034 0.0234375
3035 0.087890625
3036 0.0419921875
3037 -0.0927734375
3038 -0.0537109375
3039 0.01171875
3040 -0.0185546875
3041 -0.1328125
3042 -0.0458984375
3043 0.01953125
3044 -0.015625
3045 -0.1298828125
3046 -0.0419921875
3047 0.01953125
3048 -0.0146484375
3049 -0.154296875
3050 -0.02734375
3051 0.046875
3052 0.013671875
3053 -0.0400390625
3054 0.068359375
3055 0.1318359375
3056 0.080078125
3057 -0.0107421875
3058 0.037109375
3059 0.0888671875
3060 0.03515625
3061 -0.095703125
3062 0.021484375
3063 0.0849609375
3064 0.044921875
3065 -0.0947265625
3066 -0.052734375
3067 0.0107421875
3068 -0.01953125
3069 -0.134765625
3070 -0.0478515625
3071 0.01953125
3072 -0.015625
3073 -0.12890625
3074 -0.0419921875
3075 0.0234375
3076 -0.0126953125
3077 -0.1552734375
3078 -0.0263671875
3079 0.0478515625
3080 0.013671875
3081 -0.041015625
3082 0.0712890625
3083 0.13671875
3084 0.0810546875
3085 -0.01171875
3086 0.037109375
3087 0.0908203125
3088 0.037109375
3089 -0.09375
3090 0.0234375
3091 0.087890625
3092 0.044921875
3093 -0.09375
3094 -0.0517578125
3095 0.0146484375
3096 -0.0205078125
3097 -0.134765625
3098 -0.048828125
3099 0.0224609375
3100 -0.0166015625
3101 -0.130859375
3102 -0.04296875
3103 0.021484375
3104 -0.013671875
3105 -0.1572265625
3106 -0.0283203125
3107 0.044921875
3108 0.0126953125
3109 -0.0419921875
3110 0.0712890625
3111 0.1318359375
3112 0.08203125
3113 -0.0126953125
3114 0.0380859375
3115 0.0888671875
3116 0.0380859375
3117 -0.095703125
3118 0.0205078125
3119 0.0859375
3120 0.04296875
3121 -0.0947265625
3122 -0.0546875
3123 0.0126953125
3124 -0.0205078125
3125 -0.1328125
3126 -0.048828125
3127 0.01953125
3128 -0.0146484375
3129 -0.12890625
3130 -0.04296875
3131 0.0205078125
3132 -0.013671875
3133 -0.1552734375
3134 -0.025390625
3135 0.046875
3136 0.015625
3137 -0.0419921875
3138 0.0732421875
3139 0.1357421875
3140 0.0810546875
3141 -0.0126953125
3142 0.037109375
3143 0.09375
3144 0.037109375
3145 -0.0947265625
3146 0.0224609375
3147 0.0927734375
3148 0.04296875
3149 -0.0966796875
3150 -0.0537109375
3151 0.0166015625
3152 -0.021484375
3153 -0.13671875
3154 -0.046875
3155 0.0224609375
3156 -0.015625
3157 -0.1328125
3158 -0.041015625
3159 0.025390625
3160 -0.01171875
3161 -0.158203125
3162 -0.025390625
3163 0.0498046875
3164 0.0126953125
3165 -0.044921875
3166 0.0732421875
3167 0.138671875
3168 0.0810546875
3169 -0.0146484375
3170 0.0380859375
3171 0.0966796875
3172 0.0380859375
3173 -0.0966796875
3174 0.0234375
3175 0.0908203125
3176 0.0439453125
3177 -0.095703125
3178 -0.052734375
3179 0.0166015625
3180 -0.01953125
3181 -0.1357421875
3182 -0.044921875
3183 0.0224609375
3184 -0.015625
3185 -0.1328125
3186 -0.0419921875
3187 0.0263671875
3188 -0.0146484375
3189 -0.158203125
3190 -0.025390625
3191 0.0517578125
3192 0.0146484375
3193 -0.04296875
3194 0.0712890625
3195 0.1396484375
3196 0.0810546875
3197 -0.013671875
3198 0.037109375
3199 0.0927734375
3200 0.0341796875
3201 -0.099609375
3202 0.021484375
3203 0.08984375
3204 0.0439453125
3205 -0.095703125
3206 -0.052734375
3207 0.0166015625
3208 -0.01953125
3209 -0.134765625
3210 -0.046875
3211 0.0244140625
3212 -0.015625
3213 -0.1318359375
3214 -0.04296875
3215 0.02734375
3216 -0.0146484375
3217 -0.1591796875
3218 -0.0263671875
3219 0.05078125
3220 0.0126953125
3221 -0.0439453125
3222 0.072265625
3223 0.1376953125
3224 0.0810546875
3225 -0.0146484375
3226 0.0380859375
3227 0.09375
3228 0.0361328125
3229 -0.095703125
3230 0.0224609375
3231 0.0869140625
3232 0.04296875
3233 -0.0927734375
3234 -0.052734375
3235 0.0146484375
3236 -0.01953125
3237 -0.1318359375
3238 -0.0458984375
3239 0.0234375
3240 -0.013671875
3241 -0.126953125
3242 -0.041015625
3243 0.0263671875
3244 -0.0126953125
3245 -0.15625
3246 -0.025390625
3247 0.0498046875
3248 0.0146484375
3249 -0.04296875
3250 0.072265625
3251 0.13671875
3252 0.0830078125
3253 -0.0126953125
3254 0.0380859375
3255 0.0927734375
3256 0.037109375
3257 -0.09375
3258 0.0224609375
3259 0.08984375
3260 0.0458984375
3261 -0.0908203125
3262 -0.048828125
3263 0.017578125
3264 -0.017578125
3265 -0.130859375
3266 -0.0458984375
3267 0.0205078125
3268 -0.01171875
3269 -0.126953125
3270 -0.0400390625
3271 0.0224609375
3272 -0.0107421875
3273 -0.154296875
3274 -0.0244140625
3275 0.048828125
3276 0.0166015625
3277 -0.0400390625
3278 0.0732421875
3279 0.1357421875
3280 0.083984375
3281 -0.0107421875
3282 0.0380859375
3283 0.0927734375
3284 0.0380859375
3285 -0.09375
3286 0.0224609375
3287 0.0888671875
3288 0.0439453125
3289 -0.0927734375
3290 -0.0517578125
3291 0.0166015625
3292 -0.017578125
3293 -0.1328125
3294 -0.0458984375
3295 0.0205078125
3296 -0.015625
3297 -0.12890625
3298 -0.0419921875
3299 0.0234375
3300 -0.01171875
3301 -0.154296875
3302 -0.025390625
3303 0.048828125
3304 0.0146484375
3305 -0.0400390625
3306 0.072265625
3307 0.1357421875
3308 0.0830078125
3309 -0.0107421875
3310 0.0380859375
3311 0.091796875
3312 0.0390625
3313 -0.0927734375
3314 0.0244140625
3315 0.0888671875
3316 0.044921875
3317 -0.0927734375
3318 -0.0498046875
3319 0.015625
3320 -0.017578125
3321 -0.130859375
3322 -0.0458984375
3323 0.0224609375
3324 -0.013671875
3325 -0.126953125
3326 -0.041015625
3327 0.0234375
3328 -0.0107421875
3329 -0.1533203125
3330 -0.02734375
3331 0.0458984375
3332 0.0146484375
3333 -0.0400390625
3334 0.0712890625
3335 0.134765625
3336 0.083984375
3337 -0.01171875
3338 0.0380859375
3339 0.08984375
3340 0.0390625
3341 -0.0947265625
3342 0.021484375
3343 0.0830078125
3344 0.044921875
3345 -0.09375
3346 -0.0546875
3347 0.01171875
3348 -0.01953125
3349 -0.1318359375
3350 -0.046875
3351 0.0185546875
3352 -0.013671875
3353 -0.126953125
3354 -0.041015625
3355 0.0234375
3356 -0.0126953125
3357 -0.1533203125
3358 -0.0263671875
3359 0.046875
3360 0.017578125
3361 -0.0361328125
3362 0.072265625
3363 0.1328125
3364 0.083984375
3365 -0.0087890625
3366 0.0400390625
3367 0.087890625
3368 0.0380859375
3369 -0.0908203125
3370 0.0234375
3371 0.0869140625
3372 0.0458984375
3373 -0.0908203125
3374 -0.0517578125
3375 0.0146484375
3376 -0.017578125
3377 -0.12890625
3378 -0.046875
3379 0.0185546875
3380 -0.013671875
3381 -0.1259765625
3382 -0.041015625
3383 0.0205078125
3384 -0.0107421875
3385 -0.15234375
3386 -0.0263671875
3387 0.04296875
3388 0.017578125
3389 -0.0361328125
3390 0.0712890625
3391 0.1279296875
3392 0.0830078125
3393 -0.0087890625
3394 0.0361328125
3395 0.0849609375
3396 0.0380859375
3397 -0.0888671875
3398 0.0224609375
3399 0.08203125
3400 0.0458984375
3401 -0.0908203125
3402 -0.0537109375
3403 0.0087890625
3404 -0.0166015625
3405 -0.1298828125
3406 -0.044921875
3407 0.015625
3408 -0.0126953125
3409 -0.12109375
3410 -0.0380859375
3411 0.021484375
3412 -0.0087890625
3413 -0.125
3414 -0.0068359375
3415 0.0595703125
3416 0.0302734375
3417 -0.0830078125
3418 -0.037109375
3419 0.025390625
3420 -0.0087890625
3421 -0.162109375
3422 -0.09375
3423 -0.0185546875
3424 -0.041015625
3425 -0.1865234375
3426 -0.109375
3427 -0.0322265625
3428 -0.0498046875
3429 -0.1513671875
3430 -0.0625
3431 0.0068359375
3432 -0.0205078125
3433 -0.1201171875
3434 -0.0322265625
3435 0.0302734375
3436 -0.0029296875
3437 -0.09375
3438 0.01953125
3439 0.0849609375
3440 0.048828125
3441 -0.0498046875
3442 -0.009765625
3443 0.0498046875
3444 0.0146484375
3445 -0.1572265625
3446 -0.0888671875
3447 -0.0146484375
3448 -0.033203125
3449 -0.1474609375
3450 -0.0634765625
3451 0.005859375
3452 -0.0185546875
3453 -0.13671875
3454 -0.0498046875
3455 0.0166015625
3456 -0.01171875
3457 -0.1103515625
3458 0.0107421875
3459 0.0791015625
3460 0.044921875
3461 0.0
3462 0.1025390625
3463 0.1630859375
3464 0.109375
3465 0.001953125
3466 0.0380859375
3467 0.091796875
3468 0.04296875
3469 -0.126953125
3470 -0.0634765625
3471 0.0029296875
3472 -0.0234375
3473 -0.126953125
3474 -0.052734375
3475 0.0029296875
3476 -0.00390625
3477 -0.091796875
3478 -0.02734375
3479 0.017578125
3480 0.0078125
3481 -0.0859375
3482 0.0107421875
3483 0.060546875
3484 0.048828125
3485 -0.0703125
3486 -0.048828125
3487 0.0
3488 -0.0048828125
3489 -0.130859375
3490 -0.0263671875
3491 0.0341796875
3492 0.0263671875
3493 -0.037109375
3494 0.0537109375
3495 0.1005859375
3496 0.078125
3497 0.0166015625
3498 0.09765625
3499 0.1376953125
3500 0.1083984375
3501 0.0361328125
3502 0.1142578125
3503 0.1494140625
3504 0.119140625
3505 0.06640625
3506 0.140625
3507 0.1728515625
3508 0.13671875
3509 0.060546875
3510 0.076171875
3511 0.1064453125
3512 0.07421875
3513 -0.0166015625
3514 0.03125
3515 0.0654296875
3516 0.0400390625
3517 -0.05859375
3518 -0.00390625
3519 0.03515625
3520 0.017578125
3521 -0.0888671875
3522 0.0068359375
3523 0.0517578125
3524 0.037109375
3525 -0.0654296875
3526 -0.0390625
3527 0.005859375
3528 -0.005859375
3529 -0.1640625
3530 -0.052734375
3531 0.0078125
3532 0.00390625
3533 -0.1142578125
3534 -0.08984375
3535 -0.0322265625
3536 -0.03515625
3537 -0.1484375
3538 -0.0791015625
3539 -0.0224609375
3540 -0.029296875
3541 -0.1767578125
3542 -0.1005859375
3543 -0.04296875
3544 -0.0419921875
3545 -0.173828125
3546 -0.09375
3547 -0.03515625
3548 -0.037109375
3549 -0.1689453125
3550 -0.0537109375
3551 0.009765625
3552 0.005859375
3553 -0.072265625
3554 0.0263671875
3555 0.0791015625
3556 0.05859375
3557 -0.01953125
3558 0.0673828125
3559 0.1142578125
3560 0.0859375
3561 -0.001953125
3562 0.080078125
3563 0.1240234375
3564 0.09375
3565 -0.0029296875
3566 0.0791015625
3567 0.12109375
3568 0.091796875
3569 -0.0126953125
3570 0.0712890625
3571 0.1142578125
3572 0.0849609375
3573 0.025390625
3574 0.107421875
3575 0.1455078125
3576 0.1083984375
3577 0.0029296875
3578 0.01953125
3579 0.0576171875
3580 0.0302734375
3581 -0.083984375
3582 -0.0302734375
3583 0.0166015625
3584 0.0
3585 -0.142578125
3586 -0.07421875
3587 -0.0224609375
3588 -0.0302734375
3589 -0.15625
3590 -0.0791015625
3591 -0.025390625
3592 -0.033203125
3593 -0.16796875
3594 -0.0546875
3595 0.0068359375
3596 0.0029296875
3597 -0.0849609375
3598 0.0146484375
3599 0.06640625
3600 0.048828125
3601 -0.0517578125
3602 0.0390625
3603 0.0869140625
3604 0.0625
3605 -0.0458984375
3606 0.0419921875
3607 0.08984375
3608 0.0654296875
3609 0.001953125
3610 0.0849609375
3611 0.125
3612 0.0947265625
3613 0.009765625
3614 0.0908203125
3615 0.1279296875
3616 0.0966796875
3617 -0.0439453125
3618 -0.0283203125
3619 0.015625
3620 0.0009765625
3621 -0.1298828125
3622 -0.0244140625
3623 0.029296875
3624 0.0166015625
3625 -0.0888671875
3626 -0.0947265625
3627 -0.0322265625
3628 -0.0361328125
3629 -0.1240234375
3630 -0.01953125
3631 0.037109375
3632 0.0263671875
3633 -0.0634765625
3634 -0.0341796875
3635 0.0107421875
3636 -0.00390625
3637 -0.0947265625
3638 -0.03515625
3639 0.013671875
3640 0.0009765625
3641 -0.1416015625
3642 -0.072265625
3643 -0.01953125
3644 -0.02734375
3645 -0.1591796875
3646 -0.0478515625
3647 0.0107421875
3648 0.005859375
3649 -0.130859375
3650 -0.10546875
3651 -0.04296875
3652 -0.0439453125
3653 -0.1884765625
3654 -0.072265625
3655 -0.0048828125
3656 -0.00390625
3657 -0.0927734375
3658 0.0078125
3659 0.0615234375
3660 0.0458984375
3661 -0.0400390625
3662 0.048828125
3663 0.095703125
3664 0.0751953125
3665 -0.0068359375
3666 0.076171875
3667 0.1181640625
3668 0.0908203125
3669 0.001953125
3670 0.0810546875
3671 0.1220703125
3672 0.09375
3673 -0.0068359375
3674 0.07421875
3675 0.1162109375
3676 0.0869140625
3677 -0.0244140625
3678 0.05859375
3679 0.1015625
3680 0.076171875
3681 -0.0009765625
3682 0.08203125
3683 0.1181640625
3684 0.0908203125
3685 0.001953125
3686 0.0830078125
3687 0.12109375
3688 0.091796875
3689 0.03515625
3690 0.1123046875
3691 0.1494140625
3692 0.111328125
3693 0.0556640625
3694 0.12890625
3695 0.1630859375
3696 0.123046875
3697 0.0380859375
3698 0.056640625
3699 0.0859375
3700 0.0517578125
3701 -0.052734375
3702 0.0341796875
3703 0.0771484375
3704 0.0517578125
3705 -0.052734375
3706 -0.0302734375
3707 0.0107421875
3708 -0.0068359375
3709 -0.1181640625
3710 -0.0595703125
3711 -0.0126953125
3712 -0.0224609375
3713 -0.1396484375
3714 -0.0751953125
3715 -0.0224609375
3716 -0.033203125
3717 -0.134765625
3718 -0.0732421875
3719 -0.021484375
3720 -0.029296875
3721 -0.13671875
3722 -0.072265625
3723 -0.0205078125
3724 -0.029296875
3725 -0.1416015625
3726 -0.078125
3727 -0.0283203125
3728 -0.0341796875
3729 -0.17578125
3730 -0.107421875
3731 -0.0498046875
3732 -0.0498046875
3733 -0.154296875
3734 -0.0771484375
3735 -0.02734375
3736 -0.0341796875
3737 -0.17578125
3738 -0.1015625
3739 -0.0419921875
3740 -0.0458984375
3741 -0.1318359375
3742 -0.0654296875
3743 -0.0126953125
3744 -0.021484375
3745 -0.1201171875
3746 -0.0546875
3747 -0.0107421875
3748 -0.01953125
3749 -0.130859375
3750 -0.0634765625
3751 -0.013671875
3752 -0.0205078125
3753 -0.1728515625
3754 -0.0615234375
3755 -0.001953125
3756 -0.0009765625
3757 -0.0654296875
3758 0.029296875
3759 0.076171875
3760 0.0595703125
3761 -0.0673828125
3762 0.0234375
3763 0.0673828125
3764 0.0546875
3765 -0.087890625
3766 -0.0712890625
3767 -0.01953125
3768 -0.01953125
3769 -0.193359375
3770 -0.119140625
3771 -0.0576171875
3772 -0.048828125
3773 -0.158203125
3774 -0.083984375
3775 -0.03125
3776 -0.029296875
3777 -0.1181640625
3778 -0.0126953125
3779 0.0390625
3780 0.033203125
3781 -0.0595703125
3782 -0.0576171875
3783 -0.0009765625
3784 -0.0068359375
3785 -0.107421875
3786 -0.005859375
3787 0.0458984375
3788 0.0390625
3789 -0.0888671875
3790 -0.064453125
3791 -0.009765625
3792 -0.013671875
3793 -0.1123046875
3794 -0.0087890625
3795 0.04296875
3796 0.0361328125
3797 -0.021484375
3798 0.06640625
3799 0.10546875
3800 0.0869140625
3801 -0.0419921875
3802 -0.025390625
3803 0.01953125
3804 0.0078125
3805 -0.173828125
3806 -0.1005859375
3807 -0.0390625
3808 -0.0361328125
3809 -0.1328125
3810 -0.0625
3811 -0.0107421875
3812 -0.0166015625
3813 -0.140625
3814 -0.0322265625
3815 0.0244140625
3816 0.0224609375
3817 -0.123046875
3818 -0.087890625
3819 -0.0341796875
3820 -0.0322265625
3821 -0.13671875
3822 -0.025390625
3823 0.0283203125
3824 0.0263671875
3825 -0.0498046875
3826 0.0439453125
3827 0.0927734375
3828 0.076171875
3829 -0.0625
3830 -0.0419921875
3831 0.0087890625
3832 0.001953125
3833 -0.1064453125
3834 -0.0048828125
3835 0.05078125
3836 0.04296875
3837 -0.0458984375
3838 -0.025390625
3839 0.0224609375
3840 0.0126953125
3841 -0.0869140625
3842 -0.0283203125
3843 0.0185546875
3844 0.0107421875
3845 -0.0986328125
3846 -0.037109375
3847 0.009765625
3848 0.0048828125
3849 -0.1591796875
3850 -0.083984375
3851 -0.0302734375
3852 -0.0302734375
3853 -0.1796875
3854 -0.0625
3855 0.0029296875
3856 0.0068359375
3857 -0.0986328125
3858 0.0048828125
3859 0.05859375
3860 0.048828125
3861 -0.048828125
3862 -0.0234375
3863 0.01953125
3864 0.0107421875
3865 -0.1201171875
3866 -0.0126953125
3867 0.0419921875
3868 0.0380859375
3869 -0.0498046875
3870 0.044921875
3871 0.0927734375
3872 0.0751953125
3873 -0.005859375
3874 0.0166015625
3875 0.0576171875
3876 0.0380859375
3877 -0.078125
3878 0.0185546875
3879 0.0712890625
3880 0.056640625
3881 -0.056640625
3882 -0.0341796875
3883 0.0146484375
3884 0.0048828125
3885 -0.0927734375
3886 -0.029296875
3887 0.01953125
3888 0.0087890625
3889 -0.1298828125
3890 -0.0615234375
3891 -0.009765625
3892 -0.0126953125
3893 -0.15234375
3894 -0.0390625
3895 0.021484375
3896 0.021484375
3897 -0.0654296875
3898 0.0283203125
3899 0.08203125
3900 0.0654296875
3901 -0.021484375
3902 0.06640625
3903 0.1103515625
3904 0.0888671875
3905 -0.0009765625
3906 0.08203125
3907 0.1240234375
3908 0.099609375
3909 0.0068359375
3910 0.08984375
3911 0.130859375
3912 0.103515625
3913 0.0068359375
3914 0.087890625
3915 0.126953125
3916 0.099609375
3917 -0.0166015625
3918 0.06640625
3919 0.1083984375
3920 0.0830078125
3921 -0.005859375
3922 0.0751953125
3923 0.1181640625
3924 0.091796875
3925 0.005859375
3926 0.021484375
3927 0.060546875
3928 0.0390625
3929 -0.048828125
3930 0.041015625
3931 0.0869140625
3932 0.0654296875
3933 0.0185546875
3934 0.099609375
3935 0.1376953125
3936 0.109375
3937 0.0361328125
3938 0.1123046875
3939 0.146484375
3940 0.1123046875
3941 0.0263671875
3942 0.099609375
3943 0.138671875
3944 0.1044921875
3945 0.0380859375
3946 0.11328125
3947 0.1474609375
3948 0.1123046875
3949 0.0625
3950 0.134765625
3951 0.1669921875
3952 0.1298828125
3953 0.091796875
3954 0.1591796875
3955 0.1904296875
3956 0.1484375
3957 0.1025390625
3958 0.1689453125
3959 0.1982421875
3960 0.15625
3961 0.095703125
3962 0.162109375
3963 0.189453125
3964 0.14453125
3965 0.0947265625
3966 0.158203125
3967 0.189453125
3968 0.142578125
3969 0.091796875
3970 0.1552734375
3971 0.185546875
3972 0.140625
3973 0.0537109375
3974 0.0732421875
3975 0.095703125
3976 0.0576171875
3977 -0.0439453125
3978 0.005859375
3979 0.0341796875
3980 0.0087890625
3981 -0.0908203125
3982 -0.001953125
3983 0.044921875
3984 0.0244140625
3985 -0.0244140625
3986 0.056640625
3987 0.0947265625
3988 0.064453125
3989 -0.03125
3990 -0.01171875
3991 0.0224609375
3992 -0.00390625
3993 -0.109375
3994 -0.0517578125
3995 -0.009765625
3996 -0.0283203125
3997 -0.1640625
3998 -0.099609375
3999 -0.0498046875
4000 -0.056640625
4001 -0.19921875
4002 -0.0888671875
4003 -0.029296875
4004 -0.0302734375
4005 -0.099609375
4006 -0.005859375
4007 0.0439453125
4008 0.025390625
4009 -0.041015625
4010 0.041015625
4011 0.0830078125
4012 0.0576171875
4013 -0.0166015625
4014 0.0615234375
4015 0.1025390625
4016 0.0703125
4017 0.0
4018 0.0751953125
4019 0.11328125
4020 0.0771484375
4021 0.0029296875
4022 0.0791015625
4023 0.1171875
4024 0.0791015625
4025 0.01953125
4026 0.0966796875
4027 0.1318359375
4028 0.091796875
4029 0.013671875
4030 0.033203125
4031 0.064453125
4032 0.0283203125
4033 -0.0654296875
4034 -0.0166015625
4035 0.0205078125
4036 -0.005859375
4037 -0.1103515625
4038 -0.052734375
4039 -0.01171875
4040 -0.03125
4041 -0.1142578125
4042 -0.01953125
4043 0.0302734375
4044 0.01171875
4045 -0.0654296875
4046 -0.0400390625
4047 0.0
4048 -0.0185546875
4049 -0.130859375
4050 -0.033203125
4051 0.0146484375
4052 0.0009765625
4053 -0.1396484375
4054 -0.1142578125
4055 -0.0615234375
4056 -0.0673828125
4057 -0.208984375
4058 -0.09765625
4059 -0.0322265625
4060 -0.0341796875
4061 -0.0849609375
4062 0.0068359375
4063 0.0537109375
4064 0.0341796875
4065 -0.0810546875
4066 -0.060546875
4067 -0.0185546875
4068 -0.0283203125
4069 -0.12890625
4070 -0.0625
4071 -0.021484375
4072 -0.0322265625
4073 -0.1650390625
4074 -0.0986328125
4075 -0.048828125
4076 -0.052734375
4077 -0.2109375
4078 -0.142578125
4079 -0.078125
4080 -0.0771484375
4081 -0.201171875
4082 -0.12890625
4083 -0.068359375
4084 -0.068359375
4085 -0.162109375
4086 -0.08984375
4087 -0.037109375
4088 -0.0439453125
4089 -0.1611328125
4090 -0.0537109375
4091 0.0009765625
4092 -0.00390625
4093 -0.162109375
4094 -0.134765625
4095 -0.07421875
4096 -0.068359375
4097 -0.1787109375
4098 -0.10546875
4099 -0.046875
4100 -0.048828125
4101 -0.1259765625
4102 -0.0546875
4103 -0.005859375
4104 -0.0185546875
4105 -0.142578125
4106 -0.0380859375
4107 0.0166015625
4108 0.0078125
4109 -0.126953125
4110 -0.103515625
4111 -0.0419921875
4112 -0.04296875
4113 -0.134765625
4114 -0.0283203125
4115 0.0283203125
4116 0.0185546875
4117 -0.029296875
4118 0.060546875
4119 0.1025390625
4120 0.0771484375
4121 0.0107421875
4122 0.0908203125
4123 0.126953125
4124 0.095703125
4125 0.0439453125
4126 0.0732421875
4127 0.072265625
4128 0.0986328125
4129 0.0
4130 -0.0419921875
4131 -0.0361328125
4132 0.00390625
4133 -0.0771484375
4134 -0.0322265625
4135 -0.021484375
4136 0.0263671875
4137 -0.05078125
4138 -0.080078125
4139 -0.0693359375
4140 -0.021484375
4141 -0.08203125
4142 -0.068359375
4143 -0.0595703125
4144 -0.0146484375
4145 -0.1142578125
4146 -0.099609375
4147 -0.0849609375
4148 -0.033203125
4149 -0.123046875
4150 -0.0673828125
4151 -0.0458984375
4152 0.0048828125
4153 -0.041015625
4154 -0.0029296875
4155 0.009765625
4156 0.048828125
4157 0.0
4158 0.029296875
4159 0.033203125
4160 0.0712890625
4161 0.0244140625
4162 0.0498046875
4163 0.0498046875
4164 0.0849609375
4165 0.0361328125
4166 0.0576171875
4167 0.0576171875
4168 0.0888671875
4169 0.0361328125
4170 0.0546875
4171 0.056640625
4172 0.0869140625
4173 0.0107421875
4174 0.03515625
4175 0.0380859375
4176 0.0693359375
4177 0.0185546875
4178 0.0419921875
4179 0.044921875
4180 0.0771484375
4181 0.0302734375
4182 -0.009765625
4183 -0.009765625
4184 0.0244140625
4185 -0.0244140625
4186 0.009765625
4187 0.0166015625
4188 0.052734375
4189 0.048828125
4190 0.072265625
4191 0.0673828125
4192 0.0947265625
4193 0.064453125
4194 0.0810546875
4195 0.0751953125
4196 0.1015625
4197 0.0546875
4198 0.0693359375
4199 0.068359375
4200 0.0927734375
4201 0.0693359375
4202 0.08203125
4203 0.0771484375
4204 0.1025390625
4205 0.0927734375
4206 0.10546875
4207 0.09765625
4208 0.119140625
4209 0.1220703125
4210 0.130859375
4211 0.12109375
4212 0.138671875
4213 0.13671875
4214 0.1396484375
4215 0.1298828125
4216 0.1455078125
4217 0.1298828125
4218 0.1328125
4219 0.119140625
4220 0.134765625
4221 0.12890625
4222 0.1318359375
4223 0.1201171875
4224 0.1337890625
4225 0.126953125
4226 0.130859375
4227 0.1181640625
4228 0.1328125
4229 0.0888671875
4230 0.0478515625
4231 0.03125
4232 0.0517578125
4233 -0.009765625
4234 -0.0205078125
4235 -0.0283203125
4236 0.0029296875
4237 -0.0615234375
4238 -0.029296875
4239 -0.0244140625
4240 0.013671875
4241 0.0107421875
4242 0.0302734375
4243 0.0322265625
4244 0.0595703125
4245 0.0009765625
4246 -0.041015625
4247 -0.0419921875
4248 -0.0078125
4249 -0.1083984375
4250 -0.1025390625
4251 -0.095703125
4252 -0.0498046875
4253 -0.1142578125
4254 -0.1083984375
4255 -0.09765625
4256 -0.0517578125
4257 -0.1025390625
4258 -0.091796875
4259 -0.0849609375
4260 -0.0419921875
4261 -0.1044921875
4262 -0.0986328125
4263 -0.0869140625
4264 -0.044921875
4265 -0.1552734375
4266 -0.1611328125
4267 -0.1357421875
4268 -0.080078125
4269 -0.1455078125
4270 -0.1318359375
4271 -0.1123046875
4272 -0.0625
4273 -0.1328125
4274 -0.1171875
4275 -0.10546875
4276 -0.052734375
4277 -0.1015625
4278 -0.0556640625
4279 -0.041015625
4280 0.0048828125
4281 -0.0478515625
4282 -0.099609375
4283 -0.0849609375
4284 -0.037109375
4285 -0.1025390625
4286 -0.0556640625
4287 -0.041015625
4288 0.0068359375
4289 -0.0927734375
4290 -0.123046875
4291 -0.1015625
4292 -0.05078125
4293 -0.1064453125
4294 -0.0576171875
4295 -0.041015625
4296 0.0068359375
4297 -0.013671875
4298 0.01953125
4299 0.021484375
4300 0.0556640625
4301 -0.0361328125
4302 -0.068359375
4303 -0.064453125
4304 -0.021484375
4305 -0.150390625
4306 -0.130859375
4307 -0.1103515625
4308 -0.0546875
4309 -0.130859375
4310 -0.1083984375
4311 -0.0947265625
4312 -0.044921875
4313 -0.1123046875
4314 -0.0595703125
4315 -0.0419921875
4316 0.005859375
4317 -0.0869140625
4318 -0.11328125
4319 -0.095703125
4320 -0.04296875
4321 -0.1142578125
4322 -0.0986328125
4323 -0.0830078125
4324 -0.0302734375
4325 -0.1025390625
4326 -0.0888671875
4327 -0.0771484375
4328 -0.025390625
4329 -0.130859375
4330 -0.07421875
4331 -0.0517578125
4332 0.0029296875
4333 -0.017578125
4334 0.0146484375
4335 0.0244140625
4336 0.0615234375
4337 0.0634765625
4338 0.0810546875
4339 0.08203125
4340 0.1083984375
4341 0.1171875
4342 0.12890625
4343 0.123046875
4344 0.1435546875
4345 0.142578125
4346 0.1484375
4347 0.1396484375
4348 0.1552734375
4349 0.1396484375
4350 0.146484375
4351 0.1328125
4352 0.1494140625
4353 0.142578125
4354 0.146484375
4355 0.13671875
4356 0.1513671875
4357 0.1435546875
4358 0.1474609375
4359 0.13671875
4360 0.150390625
4361 0.107421875
4362 0.06640625
4363 0.05078125
4364 0.068359375
4365 0.005859375
4366 -0.0029296875
4367 -0.01171875
4368 0.0205078125
4369 -0.0439453125
4370 -0.0107421875
4371 -0.005859375
4372 0.03125
4373 0.02734375
4374 0.0498046875
4375 0.0478515625
4376 0.0771484375
4377 0.0166015625
4378 -0.0234375
4379 -0.0244140625
4380 0.0078125
4381 -0.0908203125
4382 -0.0869140625
4383 -0.0791015625
4384 -0.033203125
4385 -0.0947265625
4386 -0.08984375
4387 -0.0810546875
4388 -0.03515625
4389 -0.087890625
4390 -0.076171875
4391 -0.0703125
4392 -0.0263671875
4393 -0.08984375
4394 -0.0810546875
4395 -0.0732421875
4396 -0.02734375
4397 -0.1396484375
4398 -0.1484375
4399 -0.123046875
4400 -0.0654296875
4401 -0.1318359375
4402 -0.1171875
4403 -0.099609375
4404 -0.0478515625
4405 -0.1181640625
4406 -0.103515625
4407 -0.0908203125
4408 -0.0400390625
4409 -0.0908203125
4410 -0.0439453125
4411 -0.0302734375
4412 0.017578125
4413 -0.0361328125
4414 -0.08984375
4415 -0.0732421875
4416 -0.0244140625
4417 -0.083984375
4418 -0.037109375
4419 -0.025390625
4420 0.0205078125
4421 -0.0703125
4422 -0.099609375
4423 -0.08203125
4424 -0.0322265625
4425 -0.091796875
4426 -0.04296875
4427 -0.02734375
4428 0.0205078125
4429 0.0
4430 0.0302734375
4431 0.0322265625
4432 0.0673828125
4433 -0.015625
4434 -0.0498046875
4435 -0.048828125
4436 -0.0048828125
4437 -0.134765625
4438 -0.1171875
4439 -0.0986328125
4440 -0.0400390625
4441 -0.125
4442 -0.0986328125
4443 -0.0859375
4444 -0.0361328125
4445 -0.103515625
4446 -0.052734375
4447 -0.0361328125
4448 0.013671875
4449 -0.080078125
4450 -0.1064453125
4451 -0.087890625
4452 -0.03515625
4453 -0.1064453125
4454 -0.091796875
4455 -0.07421875
4456 -0.0224609375
4457 -0.095703125
4458 -0.0849609375
4459 -0.0712890625
4460 -0.0185546875
4461 -0.1240234375
4462 -0.068359375
4463 -0.0458984375
4464 0.0087890625
4465 -0.0126953125
4466 0.0234375
4467 0.029296875
4468 0.0673828125
4469 0.068359375
4470 0.0888671875
4471 0.0888671875
4472 0.115234375
4473 0.1240234375
4474 0.1337890625
4475 0.130859375
4476 0.1494140625
4477 0.1494140625
4478 0.154296875
4479 0.14453125
4480 0.1630859375
4481 0.1474609375
4482 0.1513671875
4483 0.1416015625
4484 0.15625
4485 0.1513671875
4486 0.15234375
4487 0.142578125
4488 0.158203125
4489 0.150390625
4490 0.15234375
4491 0.140625
4492 0.1552734375
4493 0.111328125
4494 0.0712890625
4495 0.0556640625
4496 0.072265625
4497 0.01171875
4498 0.0009765625
4499 -0.0048828125
4500 0.0244140625
4501 -0.0390625
4502 -0.005859375
4503 -0.0009765625
4504 0.0380859375
4505 0.03125
4506 0.0537109375
4507 0.0517578125
4508 0.0810546875
4509 0.0205078125
4510 -0.0185546875
4511 -0.021484375
4512 0.01171875
4513 -0.0859375
4514 -0.0830078125
4515 -0.0732421875
4516 -0.0302734375
4517 -0.0908203125
4518 -0.0849609375
4519 -0.078125
4520 -0.03125
4521 -0.080078125
4522 -0.072265625
4523 -0.0654296875
4524 -0.0234375
4525 -0.0849609375
4526 -0.078125
4527 -0.0693359375
4528 -0.025390625
4529 -0.1357421875
4530 -0.142578125
4531 -0.1171875
4532 -0.0576171875
4533 -0.126953125
4534 -0.11328125
4535 -0.095703125
4536 -0.04296875
4537 -0.1123046875
4538 -0.1005859375
4539 -0.0869140625
4540 -0.037109375
4541 -0.0869140625
4542 -0.041015625
4543 -0.0244140625
4544 0.0205078125
4545 -0.0322265625
4546 -0.0859375
4547 -0.0693359375
4548 -0.021484375
4549 -0.080078125
4550 -0.0341796875
4551 -0.0224609375
4552 0.025390625
4553 -0.06640625
4554 -0.0947265625
4555 -0.078125
4556 -0.029296875
4557 -0.0888671875
4558 -0.0400390625
4559 -0.0263671875
4560 0.021484375
4561 0.001953125
4562 0.033203125
4563 0.03515625
4564 0.0703125
4565 -0.01171875
4566 -0.05078125
4567 -0.0439453125
4568 -0.0029296875
4569 -0.1328125
4570 -0.1162109375
4571 -0.095703125
4572 -0.0400390625
4573 -0.1201171875
4574 -0.095703125
4575 -0.0830078125
4576 -0.03125
4577 -0.0986328125
4578 -0.046875
4579 -0.0322265625
4580 0.01953125
4581 -0.0771484375
4582 -0.103515625
4583 -0.0849609375
4584 -0.03125
4585 -0.1025390625
4586 -0.08984375
4587 -0.072265625
4588 -0.01953125
4589 -0.0927734375
4590 -0.0810546875
4591 -0.0673828125
4592 -0.0166015625
4593 -0.1240234375
4594 -0.0673828125
4595 -0.044921875
4596 0.0107421875
4597 -0.0107421875
4598 0.0244140625
4599 0.03125
4600 0.0703125
4601 0.0693359375
4602 0.0908203125
4603 0.0888671875
4604 0.1171875
4605 0.1259765625
4606 0.13671875
4607 0.1318359375
4608 0.1494140625
4609 0.15234375
4610 0.158203125
4611 0.1474609375
4612 0.1650390625
4613 0.150390625
4614 0.1552734375
4615 0.142578125
4616 0.158203125
4617 0.1513671875
4618 0.1552734375
4619 0.14453125
4620 0.1591796875
4621 0.15234375
4622 0.1552734375
4623 0.142578125
4624 0.1591796875
4625 0.115234375
4626 0.0732421875
4627 0.056640625
4628 0.0751953125
4629 0.0146484375
4630 0.0048828125
4631 -0.00390625
4632 0.02734375
4633 -0.037109375
4634 -0.005859375
4635 0.0009765625
4636 0.0380859375
4637 0.033203125
4638 0.0537109375
4639 0.052734375
4640 0.083984375
4641 0.021484375
4642 -0.0166015625
4643 -0.0205078125
4644 0.0146484375
4645 -0.083984375
4646 -0.080078125
4647 -0.072265625
4648 -0.02734375
4649 -0.0888671875
4650 -0.0830078125
4651 -0.0751953125
4652 -0.0302734375
4653 -0.080078125
4654 -0.0703125
4655 -0.0634765625
4656 -0.0224609375
4657 -0.0830078125
4658 -0.0771484375
4659 -0.0673828125
4660 -0.0224609375
4661 -0.1357421875
4662 -0.1416015625
4663 -0.1171875
4664 -0.0595703125
4665 -0.1259765625
4666 -0.111328125
4667 -0.0947265625
4668 -0.0400390625
4669 -0.1123046875
4670 -0.0986328125
4671 -0.0859375
4672 -0.0341796875
4673 -0.083984375
4674 -0.0380859375
4675 -0.0234375
4676 0.0234375
4677 -0.0302734375
4678 -0.0849609375
4679 -0.06640625
4680 -0.0185546875
4681 -0.078125
4682 -0.033203125
4683 -0.0185546875
4684 0.02734375
4685 -0.068359375
4686 -0.0966796875
4687 -0.080078125
4688 -0.0283203125
4689 -0.0908203125
4690 -0.0400390625
4691 -0.025390625
4692 0.0234375
4693 0.00390625
4694 0.033203125
4695 0.03515625
4696 0.0703125
4697 -0.01171875
4698 -0.048828125
4699 -0.04296875
4700 -0.001953125
4701 -0.1328125
4702 -0.115234375
4703 -0.09375
4704 -0.0400390625
4705 -0.1171875
4706 -0.0947265625
4707 -0.08203125
4708 -0.03125
4709 -0.099609375
4710 -0.046875
4711 -0.0322265625
4712 0.0185546875
4713 -0.076171875
4714 -0.1025390625
4715 -0.083984375
4716 -0.029296875
4717 -0.1025390625
4718 -0.087890625
4719 -0.0693359375
4720 -0.0185546875
4721 -0.0908203125
4722 -0.080078125
4723 -0.0654296875
4724 -0.015625
4725 -0.119140625
4726 -0.0654296875
4727 -0.0380859375
4728 0.013671875
4729 -0.009765625
4730 0.02734375
4731 0.033203125
4732 0.0732421875
4733 0.0703125
4734 0.091796875
4735 0.0908203125
4736 0.1181640625
4737 0.126953125
4738 0.138671875
4739 0.1318359375
4740 0.1513671875
4741 0.15234375
4742 0.1572265625
4743 0.1494140625
4744 0.1650390625
4745 0.150390625
4746 0.15625
4747 0.14453125
4748 0.1591796875
4749 0.15234375
4750 0.15625
4751 0.146484375
4752 0.158203125
4753 0.1513671875
4754 0.15625
4755 0.14453125
4756 0.1591796875
4757 0.1171875
4758 0.0751953125
4759 0.05859375
4760 0.0771484375
4761 0.015625
4762 0.005859375
4763 -0.0009765625
4764 0.0283203125
4765 -0.037109375
4766 -0.0048828125
4767 0.0
4768 0.0400390625
4769 0.03515625
4770 0.056640625
4771 0.05859375
4772 0.083984375
4773 0.0244140625
4774 -0.0166015625
4775 -0.0166015625
4776 0.0146484375
4777 -0.083984375
4778 -0.0791015625
4779 -0.0703125
4780 -0.0283203125
4781 -0.0908203125
4782 -0.0830078125
4783 -0.07421875
4784 -0.0302734375
4785 -0.080078125
4786 -0.0693359375
4787 -0.0625
4788 -0.0224609375
4789 -0.0830078125
4790 -0.0751953125
4791 -0.064453125
4792 -0.0224609375
4793 -0.1318359375
4794 -0.140625
4795 -0.115234375
4796 -0.060546875
4797 -0.1240234375
4798 -0.111328125
4799 -0.0927734375
4800 -0.04296875
4801 -0.1123046875
4802 -0.0966796875
4803 -0.0830078125
4804 -0.033203125
4805 -0.0830078125
4806 -0.037109375
4807 -0.0205078125
4808 0.025390625
4809 -0.02734375
4810 -0.0849609375
4811 -0.0654296875
4812 -0.017578125
4813 -0.078125
4814 -0.033203125
4815 -0.0166015625
4816 0.0263671875
4817 -0.060546875
4818 -0.09375
4819 -0.07421875
4820 -0.0263671875
4821 -0.0869140625
4822 -0.0361328125
4823 -0.0224609375
4824 0.0244140625
4825 0.001953125
4826 0.03515625
4827 0.037109375
4828 0.0732421875
4829 -0.0107421875
4830 -0.0458984375
4831 -0.0419921875
4832 0.0
4833 -0.130859375
4834 -0.11328125
4835 -0.0927734375
4836 -0.0400390625
4837 -0.1171875
4838 -0.09375
4839 -0.0791015625
4840 -0.03125
4841 -0.0986328125
4842 -0.046875
4843 -0.0302734375
4844 0.01953125
4845 -0.0732421875
4846 -0.1015625
4847 -0.0830078125
4848 -0.029296875
4849 -0.1015625
4850 -0.087890625
4851 -0.0693359375
4852 -0.017578125
4853 -0.08984375
4854 -0.0791015625
4855 -0.064453125
4856 -0.015625
4857 -0.1220703125
4858 -0.0654296875
4859 -0.041015625
4860 0.0107421875
4861 -0.0078125
4862 0.025390625
4863 0.033203125
4864 0.0732421875
4865 0.072265625
4866 0.091796875
4867 0.091796875
4868 0.119140625
4869 0.126953125
4870 0.1396484375
4871 0.1328125
4872 0.154296875
4873 0.1533203125
4874 0.1591796875
4875 0.1494140625
4876 0.1669921875
4877 0.1513671875
4878 0.1552734375
4879 0.1435546875
4880 0.1591796875
4881 0.1533203125
4882 0.15625
4883 0.1455078125
4884 0.1591796875
4885 0.15234375
4886 0.154296875
4887 0.1455078125
4888 0.1591796875
4889 0.1142578125
4890 0.0732421875
4891 0.0556640625
4892 0.076171875
4893 0.0146484375
4894 0.005859375
4895 -0.0029296875
4896 0.0283203125
4897 -0.0361328125
4898 -0.0029296875
4899 0.0009765625
4900 0.041015625
4901 0.037109375
4902 0.056640625
4903 0.0546875
4904 0.0849609375
4905 0.025390625
4906 -0.0146484375
4907 -0.0166015625
4908 0.015625
4909 -0.08203125
4910 -0.0791015625
4911 -0.0693359375
4912 -0.02734375
4913 -0.0888671875
4914 -0.08203125
4915 -0.0751953125
4916 -0.02734375
4917 -0.0791015625
4918 -0.068359375
4919 -0.0615234375
4920 -0.01953125
4921 -0.08203125
4922 -0.0751953125
4923 -0.0654296875
4924 -0.0234375
4925 -0.1337890625
4926 -0.1416015625
4927 -0.1162109375
4928 -0.05859375
4929 -0.125
4930 -0.111328125
4931 -0.091796875
4932 -0.041015625
4933 -0.1103515625
4934 -0.0966796875
4935 -0.083984375
4936 -0.0341796875
4937 -0.083984375
4938 -0.0361328125
4939 -0.0244140625
4940 0.0234375
4941 -0.029296875
4942 -0.0830078125
4943 -0.06640625
4944 -0.017578125
4945 -0.078125
4946 -0.0322265625
4947 -0.0185546875
4948 0.02734375
4949 -0.064453125
4950 -0.0947265625
4951 -0.0751953125
4952 -0.0263671875
4953 -0.0869140625
4954 -0.0390625
4955 -0.0224609375
4956 0.0234375
4957 0.00390625
4958 0.0341796875
4959 0.0361328125
4960 0.0732421875
4961 -0.0126953125
4962 -0.0478515625
4963 -0.0439453125
4964 0.0
4965 -0.130859375
4966 -0.1142578125
4967 -0.0927734375
4968 -0.0361328125
4969 -0.119140625
4970 -0.095703125
4971 -0.080078125
4972 -0.03125
4973 -0.09765625
4974 -0.0478515625
4975 -0.029296875
4976 0.01953125
4977 -0.07421875
4978 -0.103515625
4979 -0.0830078125
4980 -0.0302734375
4981 -0.1015625
4982 -0.0869140625
4983 -0.068359375
4984 -0.017578125
4985 -0.0908203125
4986 -0.0791015625
4987 -0.0654296875
4988 -0.013671875
4989 -0.12109375
4990 -0.064453125
4991 -0.041015625
4992 0.0126953125
4993 -0.0078125
4994 0.02734375
4995 0.0341796875
4996 0.072265625
4997 0.0732421875
4998 0.0927734375
4999 0.0927734375
