x y
0 -0.0234375
1 -0.197265625
2 -0.1416015625
3 -0.078125
4 -0.0732421875
5 -0.4443359375
6 -0.1142578125
7 -0.03515625
8 -0.0615234375
9 -0.1767578125
10 -0.0849609375
11 -0.009765625
12 -0.0400390625
13 -0.1494140625
14 -0.0205078125
15 0.056640625
16 0.0166015625
17 -0.0908203125
18 -0.068359375
19 0.009765625
20 -0.025390625
21 -0.1513671875
22 -0.01953125
23 0.056640625
24 0.0185546875
25 -0.1142578125
26 -0.06640625
27 0.005859375
28 -0.0263671875
29 -0.14453125
30 -0.052734375
31 0.0185546875
32 -0.017578125
33 -0.1220703125
34 -0.0341796875
35 0.0341796875
36 -0.005859375
37 -0.125
38 -0.0009765625
39 0.0703125
40 0.0302734375
41 -0.0595703125
42 0.0576171875
43 0.123046875
44 0.072265625
45 0.0078125
46 0.1142578125
47 0.1748046875
48 0.111328125
49 0.013671875
50 0.0654296875
51 0.1162109375
52 0.0537109375
53 -0.0771484375
54 0.037109375
55 0.1025390625
56 0.052734375
57 -0.0849609375
58 -0.0439453125
59 0.0234375
60 -0.015625
61 -0.1318359375
62 -0.044921875
63 0.0244140625
64 -0.0146484375
65 -0.1298828125
66 -0.0419921875
67 0.0224609375
68 -0.013671875
69 -0.158203125
70 -0.0263671875
71 0.0478515625
72 0.013671875
73 -0.0439453125
74 0.0703125
75 0.1357421875
76 0.0791015625
77 -0.0146484375
78 0.037109375
79 0.091796875
80 0.03515625
81 -0.0947265625
82 0.021484375
83 0.0888671875
84 0.0439453125
85 -0.095703125
86 -0.0556640625
87 0.0146484375
88 -0.0205078125
89 -0.13671875
90 -0.0478515625
91 0.0205078125
92 -0.0166015625
93 -0.1318359375
94 -0.04296875
95 0.0244140625
96 -0.0146484375
97 -0.15625
98 -0.0283203125
99 0.0478515625
100 0.01171875
101 -0.04296875
102 0.0693359375
103 0.1328125
104 0.0791015625
105 -0.013671875
106 0.037109375
107 0.0908203125
108 0.037109375
109 -0.095703125
110 0.0224609375
111 0.0859375
112 0.0439453125
113 -0.09765625
114 -0.0537109375
115 0.01171875
116 -0.0224609375
117 -0.134765625
118 -0.0478515625
119 0.0185546875
120 -0.0166015625
121 -0.130859375
122 -0.0439453125
123 0.0224609375
124 -0.015625
125 -0.1572265625
126 -0.029296875
127 0.044921875
128 0.01171875
129 -0.0419921875
130 0.0693359375
131 0.1298828125
132 0.0810546875
133 -0.0126953125
134 0.037109375
135 0.0869140625
136 0.0361328125
137 -0.095703125
138 0.021484375
139 0.0849609375
140 0.04296875
141 -0.095703125
142 -0.056640625
143 0.009765625
144 -0.0224609375
145 -0.1337890625
146 -0.0498046875
147 0.015625
148 -0.015625
149 -0.1279296875
150 -0.044921875
151 0.017578125
152 -0.0146484375
153 -0.150390625
154 -0.02734375
155 0.04296875
156 0.015625
157 -0.037109375
158 0.0703125
159 0.1279296875
160 0.0830078125
161 -0.0107421875
162 0.03515625
163 0.08203125
164 0.03515625
165 -0.0908203125
166 0.0205078125
167 0.0810546875
168 0.0439453125
169 -0.091796875
170 -0.0556640625
171 0.0078125
172 -0.021484375
173 -0.1298828125
174 -0.048828125
175 0.0146484375
176 -0.015625
177 -0.126953125
178 -0.0439453125
179 0.017578125
180 -0.0126953125
181 -0.1513671875
182 -0.0283203125
183 0.04296875
184 0.0166015625
185 -0.0380859375
186 0.0703125
187 0.1279296875
188 0.0810546875
189 -0.0107421875
190 0.0341796875
191 0.0849609375
192 0.0361328125
193 -0.091796875
194 0.0185546875
195 0.08203125
196 0.0419921875
197 -0.09375
198 -0.0576171875
199 0.0087890625
200 -0.0205078125
201 -0.1318359375
202 -0.0478515625
203 0.015625
204 -0.015625
205 -0.12890625
206 -0.0439453125
207 0.0185546875
208 -0.0126953125
209 -0.1533203125
210 -0.02734375
211 0.04296875
212 0.013671875
213 -0.0400390625
214 0.0693359375
215 0.1298828125
216 0.0791015625
217 -0.0107421875
218 0.037109375
219 0.087890625
220 0.037109375
221 -0.0908203125
222 0.0205078125
223 0.0830078125
224 0.0439453125
225 -0.0947265625
226 -0.0556640625
227 0.009765625
228 -0.01953125
229 -0.1337890625
230 -0.048828125
231 0.017578125
232 -0.0146484375
233 -0.1279296875
234 -0.04296875
235 0.01953125
236 -0.013671875
237 -0.154296875
238 -0.029296875
239 0.04296875
240 0.0146484375
241 -0.0390625
242 0.0693359375
243 0.1318359375
244 0.0810546875
245 -0.01171875
246 0.0361328125
247 0.0849609375
248 0.037109375
249 -0.0927734375
250 0.0205078125
251 0.083984375
252 0.0439453125
253 -0.095703125
254 -0.0556640625
255 0.009765625
256 -0.0205078125
257 -0.1328125
258 -0.0498046875
259 0.017578125
260 -0.015625
261 -0.126953125
262 -0.04296875
263 0.021484375
264 -0.0146484375
265 -0.150390625
266 -0.0263671875
267 0.0458984375
268 0.0146484375
269 -0.041015625
270 0.0712890625
271 0.1337890625
272 0.0810546875
273 -0.01171875
274 0.037109375
275 0.08984375
276 0.0390625
277 -0.091796875
278 0.0224609375
279 0.0869140625
280 0.044921875
281 -0.091796875
282 -0.0517578125
283 0.013671875
284 -0.0185546875
285 -0.130859375
286 -0.0478515625
287 0.01953125
288 -0.013671875
289 -0.1259765625
290 -0.0419921875
291 0.01953125
292 -0.013671875
293 -0.15234375
294 -0.02734375
295 0.0419921875
296 0.015625
297 -0.0400390625
298 0.0703125
299 0.1298828125
300 0.08203125
301 -0.0107421875
302 0.03515625
303 0.0869140625
304 0.0361328125
305 -0.0927734375
306 0.0205078125
307 0.083984375
308 0.04296875
309 -0.091796875
310 -0.0546875
311 0.0107421875
312 -0.01953125
313 -0.1318359375
314 -0.0478515625
315 0.0166015625
316 -0.013671875
317 -0.1259765625
318 -0.0419921875
319 0.01953125
320 -0.013671875
321 -0.154296875
322 -0.0263671875
323 0.04296875
324 0.015625
325 -0.0400390625
326 0.0703125
327 0.1318359375
328 0.0830078125
329 -0.009765625
330 0.0361328125
331 0.0888671875
332 0.037109375
333 -0.091796875
334 0.021484375
335 0.087890625
336 0.044921875
337 -0.09375
338 -0.0517578125
339 0.0126953125
340 -0.0185546875
341 -0.1328125
342 -0.046875
343 0.01953125
344 -0.0146484375
345 -0.1279296875
346 -0.041015625
347 0.021484375
348 -0.0126953125
349 -0.1552734375
350 -0.0283203125
351 0.044921875
352 0.0146484375
353 -0.041015625
354 0.0693359375
355 0.1318359375
356 0.080078125
357 -0.0107421875
358 0.0361328125
359 0.0888671875
360 0.037109375
361 -0.095703125
362 0.0205078125
363 0.083984375
364 0.0439453125
365 -0.095703125
366 -0.052734375
367 0.0126953125
368 -0.01953125
369 -0.1337890625
370 -0.0478515625
371 0.0185546875
372 -0.015625
373 -0.126953125
374 -0.0419921875
375 0.0234375
376 -0.013671875
377 -0.1533203125
378 -0.0244140625
379 0.0478515625
380 0.015625
381 -0.041015625
382 0.0712890625
383 0.1337890625
384 0.08203125
385 -0.0126953125
386 0.0380859375
387 0.08984375
388 0.0380859375
389 -0.0966796875
390 0.025390625
391 0.0888671875
392 0.0439453125
393 -0.095703125
394 -0.0517578125
395 0.0166015625
396 -0.021484375
397 -0.134765625
398 -0.046875
399 0.021484375
400 -0.0166015625
401 -0.130859375
402 -0.04296875
403 0.0244140625
404 -0.0166015625
405 -0.15625
406 -0.0263671875
407 0.048828125
408 0.0146484375
409 -0.0419921875
410 0.0712890625
411 0.1357421875
412 0.08203125
413 -0.01171875
414 0.0380859375
415 0.0908203125
416 0.0361328125
417 -0.095703125
418 0.021484375
419 0.087890625
420 0.04296875
421 -0.095703125
422 -0.0537109375
423 0.015625
424 -0.0205078125
425 -0.13671875
426 -0.046875
427 0.0224609375
428 -0.015625
429 -0.130859375
430 -0.041015625
431 0.0263671875
432 -0.015625
433 -0.1572265625
434 -0.0234375
435 0.05078125
436 0.0146484375
437 -0.0439453125
438 0.072265625
439 0.13671875
440 0.0830078125
441 -0.0126953125
442 0.0380859375
443 0.09375
444 0.037109375
445 -0.09765625
446 0.021484375
447 0.091796875
448 0.04296875
449 -0.09765625
450 -0.0537109375
451 0.017578125
452 -0.021484375
453 -0.1376953125
454 -0.0478515625
455 0.0244140625
456 -0.015625
457 -0.1337890625
458 -0.041015625
459 0.02734375
460 -0.013671875
461 -0.16015625
462 -0.0263671875
463 0.0517578125
464 0.013671875
465 -0.044921875
466 0.072265625
467 0.1396484375
468 0.080078125
469 -0.013671875
470 0.0390625
471 0.095703125
472 0.0361328125
473 -0.0986328125
474 0.021484375
475 0.091796875
476 0.0439453125
477 -0.09765625
478 -0.0537109375
479 0.0185546875
480 -0.0205078125
481 -0.13671875
482 -0.0458984375
483 0.025390625
484 -0.0166015625
485 -0.130859375
486 -0.0380859375
487 0.029296875
488 -0.013671875
489 -0.15625
490 -0.025390625
491 0.052734375
492 0.015625
493 -0.04296875
494 0.0732421875
495 0.140625
496 0.0830078125
497 -0.0126953125
498 0.0400390625
499 0.09375
500 0.037109375
501 -0.095703125
502 0.0244140625
503 0.0927734375
504 0.0458984375
505 -0.09375
506 -0.0498046875
507 0.021484375
508 -0.0185546875
509 -0.1357421875
510 -0.0458984375
511 0.0263671875
512 -0.0146484375
513 -0.130859375
514 -0.041015625
515 0.029296875
516 -0.0146484375
517 -0.15625
518 -0.025390625
519 0.0537109375
520 0.0146484375
521 -0.0419921875
522 0.072265625
523 0.1376953125
524 0.08203125
525 -0.0126953125
526 0.0390625
527 0.0947265625
528 0.0380859375
529 -0.0947265625
530 0.025390625
531 0.0908203125
532 0.044921875
533 -0.0947265625
534 -0.0517578125
535 0.017578125
536 -0.0185546875
537 -0.1337890625
538 -0.0458984375
539 0.0244140625
540 -0.017578125
541 -0.1298828125
542 -0.041015625
543 0.02734375
544 -0.013671875
545 -0.1572265625
546 -0.02734375
547 0.05078125
548 0.013671875
549 -0.04296875
550 0.072265625
551 0.1357421875
552 0.0810546875
553 -0.0126953125
554 0.0390625
555 0.0927734375
556 0.037109375
557 -0.0947265625
558 0.0244140625
559 0.0927734375
560 0.044921875
561 -0.091796875
562 -0.0517578125
563 0.0185546875
564 -0.01953125
565 -0.134765625
566 -0.0458984375
567 0.0234375
568 -0.0146484375
569 -0.130859375
570 -0.0390625
571 0.025390625
572 -0.0126953125
573 -0.158203125
574 -0.0263671875
575 0.0498046875
576 0.0146484375
577 -0.0419921875
578 0.072265625
579 0.1357421875
580 0.08203125
581 -0.01171875
582 0.0380859375
583 0.091796875
584 0.0380859375
585 -0.0947265625
586 0.0234375
587 0.0888671875
588 0.0439453125
589 -0.095703125
590 -0.0537109375
591 0.015625
592 -0.0185546875
593 -0.1357421875
594 -0.0478515625
595 0.01953125
596 -0.013671875
597 -0.1318359375
598 -0.0400390625
599 0.0244140625
600 -0.01171875
601 -0.154296875
602 -0.025390625
603 0.05078125
604 0.015625
605 -0.041015625
606 0.072265625
607 0.13671875
608 0.0830078125
609 -0.0107421875
610 0.0380859375
611 0.0927734375
612 0.037109375
613 -0.0927734375
614 0.0244140625
615 0.087890625
616 0.0458984375
617 -0.09375
618 -0.05078125
619 0.0166015625
620 -0.017578125
621 -0.1328125
622 -0.044921875
623 0.0234375
624 -0.0146484375
625 -0.1279296875
626 -0.041015625
627 0.0263671875
628 -0.0126953125
629 -0.15234375
630 -0.025390625
631 0.0498046875
632 0.0146484375
633 -0.0390625
634 0.0712890625
635 0.13671875
636 0.0830078125
637 -0.0126953125
638 0.037109375
639 0.091796875
640 0.0380859375
641 -0.0947265625
642 0.021484375
643 0.083984375
644 0.0439453125
645 -0.095703125
646 -0.0537109375
647 0.0126953125
648 -0.0185546875
649 -0.1328125
650 -0.0478515625
651 0.0205078125
652 -0.013671875
653 -0.1279296875
654 -0.0419921875
655 0.025390625
656 -0.0126953125
657 -0.154296875
658 -0.025390625
659 0.0478515625
660 0.0166015625
661 -0.0400390625
662 0.072265625
663 0.134765625
664 0.08203125
665 -0.01171875
666 0.0390625
667 0.0908203125
668 0.0400390625
669 -0.09375
670 0.021484375
671 0.087890625
672 0.044921875
673 -0.09375
674 -0.0537109375
675 0.0146484375
676 -0.0185546875
677 -0.130859375
678 -0.0478515625
679 0.021484375
680 -0.013671875
681 -0.12890625
682 -0.0419921875
683 0.0234375
684 -0.01171875
685 -0.1572265625
686 -0.02734375
687 0.048828125
688 0.0146484375
689 -0.04296875
690 0.0703125
691 0.1357421875
692 0.0830078125
693 -0.01171875
694 0.037109375
695 0.0927734375
696 0.037109375
697 -0.095703125
698 0.021484375
699 0.0908203125
700 0.04296875
701 -0.0947265625
702 -0.052734375
703 0.0166015625
704 -0.0185546875
705 -0.1328125
706 -0.044921875
707 0.0224609375
708 -0.013671875
709 -0.126953125
710 -0.0400390625
711 0.0234375
712 -0.009765625
713 -0.154296875
714 -0.0234375
715 0.0478515625
716 0.015625
717 -0.0380859375
718 0.0712890625
719 0.1357421875
720 0.0830078125
721 -0.0107421875
722 0.0400390625
723 0.091796875
724 0.0390625
725 -0.091796875
726 0.0244140625
727 0.08984375
728 0.0458984375
729 -0.0908203125
730 -0.0498046875
731 0.017578125
732 -0.0166015625
733 -0.1337890625
734 -0.044921875
735 0.0244140625
736 -0.0126953125
737 -0.130859375
738 -0.041015625
739 0.0263671875
740 -0.013671875
741 -0.15625
742 -0.0263671875
743 0.0498046875
744 0.013671875
745 -0.0419921875
746 0.0712890625
747 0.1376953125
748 0.08203125
749 -0.0107421875
750 0.0400390625
751 0.0927734375
752 0.0380859375
753 -0.0947265625
754 0.0234375
755 0.0888671875
756 0.044921875
757 -0.091796875
758 -0.048828125
759 0.0166015625
760 -0.0185546875
761 -0.1337890625
762 -0.0458984375
763 0.0244140625
764 -0.015625
765 -0.1279296875
766 -0.041015625
767 0.02734375
768 -0.013671875
769 -0.1533203125
770 -0.025390625
771 0.0517578125
772 0.015625
773 -0.041015625
774 0.0732421875
775 0.134765625
776 0.0830078125
777 -0.01171875
778 0.0390625
779 0.0927734375
780 0.0380859375
781 -0.09375
782 0.0224609375
783 0.0908203125
784 0.044921875
785 -0.0927734375
786 -0.0517578125
787 0.0146484375
788 -0.017578125
789 -0.1337890625
790 -0.0458984375
791 0.0224609375
792 -0.0146484375
793 -0.126953125
794 -0.041015625
795 0.025390625
796 -0.0126953125
797 -0.1552734375
798 -0.0263671875
799 0.0478515625
800 0.0146484375
801 -0.0400390625
802 0.0732421875
803 0.134765625
804 0.0830078125
805 -0.0107421875
806 0.0380859375
807 0.0927734375
808 0.037109375
809 -0.0966796875
810 0.0205078125
811 0.08984375
812 0.0439453125
813 -0.0947265625
814 -0.052734375
815 0.017578125
816 -0.0185546875
817 -0.1337890625
818 -0.044921875
819 0.0224609375
820 -0.015625
821 -0.1298828125
822 -0.0390625
823 0.0283203125
824 -0.01171875
825 -0.154296875
826 -0.0244140625
827 0.052734375
828 0.017578125
829 -0.0419921875
830 0.0712890625
831 0.138671875
832 0.0830078125
833 -0.01171875
834 0.0380859375
835 0.091796875
836 0.037109375
837 -0.0947265625
838 0.0224609375
839 0.0908203125
840 0.0439453125
841 -0.09375
842 -0.05078125
843 0.0166015625
844 -0.017578125
845 -0.1337890625
846 -0.044921875
847 0.0234375
848 -0.0146484375
849 -0.12890625
850 -0.0380859375
851 0.025390625
852 -0.01171875
853 -0.154296875
854 -0.0244140625
855 0.048828125
856 0.015625
857 -0.0400390625
858 0.0712890625
859 0.13671875
860 0.08203125
861 -0.0107421875
862 0.0380859375
863 0.09375
864 0.037109375
865 -0.095703125
866 0.0234375
867 0.0888671875
868 0.0458984375
869 -0.0927734375
870 -0.05078125
871 0.0166015625
872 -0.0166015625
873 -0.1318359375
874 -0.0458984375
875 0.021484375
876 -0.0126953125
877 -0.126953125
878 -0.0419921875
879 0.0234375
880 -0.01171875
881 -0.154296875
882 -0.0263671875
883 0.048828125
884 0.015625
885 -0.0400390625
886 0.072265625
887 0.1357421875
888 0.0810546875
889 -0.009765625
890 0.0380859375
891 0.091796875
892 0.0390625
893 -0.095703125
894 0.021484375
895 0.0869140625
896 0.044921875
897 -0.091796875
898 -0.052734375
899 0.0146484375
900 -0.017578125
901 -0.1298828125
902 -0.0478515625
903 0.0205078125
904 -0.0126953125
905 -0.1259765625
906 -0.041015625
907 0.0224609375
908 -0.0107421875
909 -0.15234375
910 -0.02734375
911 0.0458984375
912 0.0146484375
913 -0.0380859375
914 0.0712890625
915 0.134765625
916 0.0849609375
917 -0.0107421875
918 0.0390625
919 0.087890625
920 0.037109375
921 -0.0927734375
922 0.021484375
923 0.0849609375
924 0.044921875
925 -0.09375
926 -0.0537109375
927 0.01171875
928 -0.01953125
929 -0.1337890625
930 -0.048828125
931 0.017578125
932 -0.0146484375
933 -0.1279296875
934 -0.041015625
935 0.0205078125
936 -0.0107421875
937 -0.15234375
938 -0.0263671875
939 0.044921875
940 0.017578125
941 -0.0361328125
942 0.0712890625
943 0.1318359375
944 0.083984375
945 -0.0087890625
946 0.0380859375
947 0.0888671875
948 0.0390625
949 -0.087890625
950 0.0234375
951 0.0869140625
952 0.048828125
953 -0.08984375
954 -0.0517578125
955 0.0126953125
956 -0.0166015625
957 -0.130859375
958 -0.0458984375
959 0.0185546875
960 -0.0126953125
961 -0.1259765625
962 -0.041015625
963 0.021484375
964 -0.0107421875
965 -0.1533203125
966 -0.0263671875
967 0.044921875
968 0.015625
969 -0.037109375
970 0.072265625
971 0.1328125
972 0.0830078125
973 -0.0087890625
974 0.037109375
975 0.0927734375
976 0.0380859375
977 -0.0927734375
978 0.0234375
979 0.0869140625
980 0.044921875
981 -0.09375
982 -0.0537109375
983 0.01171875
984 -0.017578125
985 -0.1318359375
986 -0.0458984375
987 0.0205078125
988 -0.0146484375
989 -0.1259765625
990 -0.0419921875
991 0.0234375
992 -0.01171875
993 -0.1533203125
994 -0.02734375
995 0.0458984375
996 0.0146484375
997 -0.0380859375
998 0.0732421875
999 0.1337890625
1000 0.083984375
1001 -0.0087890625
1002 0.0380859375
1003 0.0888671875
1004 0.0390625
1005 -0.091796875
1006 0.0244140625
1007 0.087890625
1008 0.046875
1009 -0.0927734375
1010 -0.0517578125
1011 0.0126953125
1012 -0.01953125
1013 -0.1318359375
1014 -0.044921875
1015 0.0224609375
1016 -0.015625
1017 -0.1279296875
1018 -0.041015625
1019 0.025390625
1020 -0.0126953125
1021 -0.1572265625
1022 -0.0263671875
1023 0.0498046875
1024 0.013671875
1025 -0.0439453125
1026 0.072265625
1027 0.1357421875
1028 0.0810546875
1029 -0.0126953125
1030 0.041015625
1031 0.09375
1032 0.0361328125
1033 -0.0966796875
1034 0.0224609375
1035 0.091796875
1036 0.0439453125
1037 -0.0966796875
1038 -0.0537109375
1039 0.0166015625
1040 -0.01953125
1041 -0.1357421875
1042 -0.046875
1043 0.0244140625
1044 -0.0146484375
1045 -0.1298828125
1046 -0.0400390625
1047 0.0263671875
1048 -0.013671875
1049 -0.1552734375
1050 -0.0234375
1051 0.05078125
1052 0.017578125
1053 -0.041015625
1054 0.072265625
1055 0.1376953125
1056 0.0830078125
1057 -0.01171875
1058 0.041015625
1059 0.0927734375
1060 0.0380859375
1061 -0.0908203125
1062 0.0244140625
1063 0.0869140625
1064 0.0458984375
1065 -0.09375
1066 -0.052734375
1067 0.013671875
1068 -0.017578125
1069 -0.1328125
1070 -0.0458984375
1071 0.01953125
1072 -0.013671875
1073 -0.1298828125
1074 -0.041015625
1075 0.021484375
1076 -0.01171875
1077 -0.154296875
1078 -0.0244140625
1079 0.0458984375
1080 0.0166015625
1081 -0.0390625
1082 0.072265625
1083 0.1337890625
1084 0.083984375
1085 -0.0107421875
1086 0.0380859375
1087 0.091796875
1088 0.0380859375
1089 -0.09375
1090 0.0224609375
1091 0.087890625
1092 0.046875
1093 -0.095703125
1094 -0.0546875
1095 0.0126953125
1096 -0.0185546875
1097 -0.1337890625
1098 -0.0458984375
1099 0.01953125
1100 -0.013671875
1101 -0.1279296875
1102 -0.0400390625
1103 0.0234375
1104 -0.013671875
1105 -0.154296875
1106 -0.0263671875
1107 0.0478515625
1108 0.015625
1109 -0.0400390625
1110 0.0732421875
1111 0.1376953125
1112 0.083984375
1113 -0.0107421875
1114 0.041015625
1115 0.0927734375
1116 0.037109375
1117 -0.0947265625
1118 0.0244140625
1119 0.0888671875
1120 0.0458984375
1121 -0.0966796875
1122 -0.0537109375
1123 0.013671875
1124 -0.021484375
1125 -0.1357421875
1126 -0.046875
1127 0.0224609375
1128 -0.0166015625
1129 -0.130859375
1130 -0.0419921875
1131 0.0263671875
1132 -0.0126953125
1133 -0.158203125
1134 -0.0263671875
1135 0.0498046875
1136 0.0126953125
1137 -0.04296875
1138 0.0732421875
1139 0.13671875
1140 0.0830078125
1141 -0.0107421875
1142 0.0400390625
1143 0.091796875
1144 0.0390625
1145 -0.0966796875
1146 0.021484375
1147 0.0888671875
1148 0.044921875
1149 -0.095703125
1150 -0.0556640625
1151 0.0166015625
1152 -0.0205078125
1153 -0.1328125
1154 -0.0458984375
1155 0.0224609375
1156 -0.013671875
1157 -0.126953125
1158 -0.0400390625
1159 0.0263671875
1160 -0.01171875
1161 -0.1552734375
1162 -0.0234375
1163 0.0498046875
1164 0.0166015625
1165 -0.0390625
1166 0.0732421875
1167 0.13671875
1168 0.083984375
1169 -0.01171875
1170 0.041015625
1171 0.0927734375
1172 0.0380859375
1173 -0.091796875
1174 0.0224609375
1175 0.08984375
1176 0.044921875
1177 -0.0908203125
1178 -0.05078125
1179 0.017578125
1180 -0.0166015625
1181 -0.1298828125
1182 -0.0458984375
1183 0.0224609375
1184 -0.013671875
1185 -0.1279296875
1186 -0.041015625
1187 0.02734375
1188 -0.01171875
1189 -0.15625
1190 -0.025390625
1191 0.0498046875
1192 0.0146484375
1193 -0.041015625
1194 0.0732421875
1195 0.1376953125
1196 0.0830078125
1197 -0.0107421875
1198 0.0390625
1199 0.0966796875
1200 0.0380859375
1201 -0.0947265625
1202 0.0234375
1203 0.0927734375
1204 0.0458984375
1205 -0.09375
1206 -0.0517578125
1207 0.015625
1208 -0.017578125
1209 -0.1328125
1210 -0.044921875
1211 0.0234375
1212 -0.013671875
1213 -0.12890625
1214 -0.0400390625
1215 0.025390625
1216 -0.01171875
1217 -0.1552734375
1218 -0.0283203125
1219 0.046875
1220 0.015625
1221 -0.0390625
1222 0.0712890625
1223 0.1337890625
1224 0.0830078125
1225 -0.009765625
1226 0.0390625
1227 0.08984375
1228 0.0390625
1229 -0.0908203125
1230 0.0234375
1231 0.0859375
1232 0.0478515625
1233 -0.0927734375
1234 -0.052734375
1235 0.013671875
1236 -0.015625
1237 -0.1298828125
1238 -0.044921875
1239 0.021484375
1240 -0.0126953125
1241 -0.126953125
1242 -0.041015625
1243 0.021484375
1244 -0.0107421875
1245 -0.1533203125
1246 -0.0283203125
1247 0.044921875
1248 0.0166015625
1249 -0.037109375
1250 0.0712890625
1251 0.130859375
1252 0.0830078125
1253 -0.0078125
1254 0.0380859375
1255 0.0869140625
1256 0.0390625
1257 -0.0908203125
1258 0.0224609375
1259 0.0830078125
1260 0.046875
1261 -0.0927734375
1262 -0.0537109375
1263 0.0087890625
1264 -0.0185546875
1265 -0.130859375
1266 -0.048828125
1267 0.015625
1268 -0.0126953125
1269 -0.125
1270 -0.04296875
1271 0.0205078125
1272 -0.01171875
1273 -0.1474609375
1274 -0.025390625
1275 0.0458984375
1276 0.0166015625
1277 -0.0361328125
1278 0.072265625
1279 0.1318359375
1280 0.0849609375
1281 -0.0078125
1282 0.037109375
1283 0.0888671875
1284 0.041015625
1285 -0.08984375
1286 0.0224609375
1287 0.0849609375
1288 0.0458984375
1289 -0.0908203125
1290 -0.052734375
1291 0.0107421875
1292 -0.01953125
1293 -0.12890625
1294 -0.044921875
1295 0.0205078125
1296 -0.013671875
1297 -0.125
1298 -0.041015625
1299 0.01953125
1300 -0.0107421875
1301 -0.15234375
1302 -0.025390625
1303 0.04296875
1304 0.017578125
1305 -0.03515625
1306 0.0732421875
1307 0.1318359375
1308 0.083984375
1309 -0.0068359375
1310 0.0380859375
1311 0.087890625
1312 0.0380859375
1313 -0.0927734375
1314 0.0205078125
1315 0.083984375
1316 0.0458984375
1317 -0.0927734375
1318 -0.0546875
1319 0.01171875
1320 -0.0185546875
1321 -0.1318359375
1322 -0.0458984375
1323 0.0185546875
1324 -0.013671875
1325 -0.1279296875
1326 -0.041015625
1327 0.0224609375
1328 -0.0107421875
1329 -0.1513671875
1330 -0.025390625
1331 0.0458984375
1332 0.0166015625
1333 -0.037109375
1334 0.0712890625
1335 0.1328125
1336 0.083984375
1337 -0.0087890625
1338 0.0380859375
1339 0.0908203125
1340 0.0390625
1341 -0.0927734375
1342 0.0224609375
1343 0.0849609375
1344 0.0458984375
1345 -0.095703125
1346 -0.0537109375
1347 0.013671875
1348 -0.0185546875
1349 -0.1328125
1350 -0.046875
1351 0.0205078125
1352 -0.0126953125
1353 -0.1279296875
1354 -0.0419921875
1355 0.0234375
1356 -0.0126953125
1357 -0.154296875
1358 -0.02734375
1359 0.0458984375
1360 0.015625
1361 -0.0380859375
1362 0.072265625
1363 0.1318359375
1364 0.0830078125
1365 -0.009765625
1366 0.037109375
1367 0.0908203125
1368 0.0390625
1369 -0.0947265625
1370 0.0224609375
1371 0.0849609375
1372 0.0458984375
1373 -0.0947265625
1374 -0.0537109375
1375 0.0107421875
1376 -0.0185546875
1377 -0.130859375
1378 -0.046875
1379 0.0185546875
1380 -0.013671875
1381 -0.126953125
1382 -0.0419921875
1383 0.0244140625
1384 -0.0107421875
1385 -0.1513671875
1386 -0.0244140625
1387 0.0498046875
1388 0.017578125
1389 -0.0380859375
1390 0.0732421875
1391 0.134765625
1392 0.0849609375
1393 -0.0078125
1394 0.0400390625
1395 0.08984375
1396 0.041015625
1397 -0.0888671875
1398 0.0263671875
1399 0.0888671875
1400 0.046875
1401 -0.0888671875
1402 -0.05078125
1403 0.015625
1404 -0.0166015625
1405 -0.1298828125
1406 -0.0478515625
1407 0.021484375
1408 -0.0126953125
1409 -0.1279296875
1410 -0.0419921875
1411 0.0234375
1412 -0.013671875
1413 -0.154296875
1414 -0.025390625
1415 0.0478515625
1416 0.015625
1417 -0.041015625
1418 0.0732421875
1419 0.1357421875
1420 0.083984375
1421 -0.0107421875
1422 0.0380859375
1423 0.0927734375
1424 0.0380859375
1425 -0.0927734375
1426 0.0244140625
1427 0.08984375
1428 0.0458984375
1429 -0.091796875
1430 -0.0517578125
1431 0.015625
1432 -0.0185546875
1433 -0.130859375
1434 -0.0458984375
1435 0.021484375
1436 -0.0126953125
1437 -0.125
1438 -0.0380859375
1439 0.02734375
1440 -0.0107421875
1441 -0.12890625
1442 -0.0048828125
1443 0.0654296875
1444 0.029296875
1445 -0.080078125
1446 -0.0283203125
1447 0.0322265625
1448 -0.005859375
1449 -0.1201171875
1450 -0.0400390625
1451 0.02734375
1452 -0.0078125
1453 -0.1279296875
1454 -0.046875
1455 0.0205078125
1456 -0.0126953125
1457 -0.181640625
1458 -0.0859375
1459 -0.0146484375
1460 -0.0400390625
1461 -0.1982421875
1462 -0.060546875
1463 0.021484375
1464 -0.001953125
1465 -0.076171875
1466 0.0439453125
1467 0.1103515625
1468 0.0654296875
1469 0.0029296875
1470 0.109375
1471 0.1689453125
1472 0.111328125
1473 0.0146484375
1474 0.0615234375
1475 0.11328125
1476 0.056640625
1477 -0.0517578125
1478 0.05859375
1479 0.12109375
1480 0.068359375
1481 -0.009765625
1482 0.0986328125
1483 0.15625
1484 0.0966796875
1485 -0.0224609375
1486 0.0263671875
1487 0.080078125
1488 0.0263671875
1489 -0.0791015625
1490 0.0390625
1491 0.1025390625
1492 0.0546875
1493 -0.0146484375
1494 0.0927734375
1495 0.15234375
1496 0.0927734375
1497 -0.0166015625
1498 0.0263671875
1499 0.0791015625
1500 0.0263671875
1501 -0.0810546875
1502 -0.0068359375
1503 0.052734375
1504 0.009765625
1505 -0.083984375
1506 0.0283203125
1507 0.091796875
1508 0.0478515625
1509 -0.0654296875
1510 0.0439453125
1511 0.10546875
1512 0.05859375
1513 -0.044921875
1514 0.0625
1515 0.12109375
1516 0.0712890625
1517 -0.001953125
1518 0.1005859375
1519 0.1572265625
1520 0.0966796875
1521 0.0078125
1522 0.05078125
1523 0.1025390625
1524 0.044921875
1525 -0.0478515625
1526 0.0576171875
1527 0.119140625
1528 0.064453125
1529 -0.044921875
1530 0.060546875
1531 0.1171875
1532 0.0654296875
1533 -0.0966796875
1534 -0.0556640625
1535 0.0029296875
1536 -0.03125
1537 -0.1982421875
1538 -0.109375
1539 -0.033203125
1540 -0.0595703125
1541 -0.1640625
1542 -0.0361328125
1543 0.037109375
1544 0.0029296875
1545 -0.0556640625
1546 0.05859375
1547 0.1201171875
1548 0.0673828125
1549 0.00390625
1550 0.1083984375
1551 0.162109375
1552 0.099609375
1553 -0.0185546875
1554 0.021484375
1555 0.072265625
1556 0.01953125
1557 -0.1103515625
1558 -0.0263671875
1559 0.033203125
1560 -0.0107421875
1561 -0.193359375
1562 -0.126953125
1563 -0.0439453125
1564 -0.068359375
1565 -0.173828125
1566 -0.078125
1567 -0.0048828125
1568 -0.0419921875
1569 -0.20703125
1570 -0.1279296875
1571 -0.04296875
1572 -0.0703125
1573 -0.1923828125
1574 -0.0537109375
1575 0.0244140625
1576 -0.0068359375
1577 -0.1083984375
1578 -0.052734375
1579 0.0166015625
1580 -0.0244140625
1581 -0.138671875
1582 -0.044921875
1583 0.021484375
1584 -0.0224609375
1585 -0.1318359375
1586 -0.044921875
1587 0.0224609375
1588 -0.0166015625
1589 -0.109375
1590 0.01171875
1591 0.0849609375
1592 0.0361328125
1593 -0.017578125
1594 0.0927734375
1595 0.1552734375
1596 0.0947265625
1597 -0.0224609375
1598 0.0849609375
1599 0.1435546875
1600 0.0849609375
1601 -0.021484375
1602 0.083984375
1603 0.142578125
1604 0.083984375
1605 0.0087890625
1606 0.111328125
1607 0.166015625
1608 0.103515625
1609 0.013671875
1610 0.056640625
1611 0.1083984375
1612 0.048828125
1613 -0.046875
1614 0.0615234375
1615 0.123046875
1616 0.0673828125
1617 -0.0458984375
1618 0.0595703125
1619 0.1201171875
1620 0.0654296875
1621 -0.0966796875
1622 -0.0576171875
1623 0.0068359375
1624 -0.03125
1625 -0.197265625
1626 -0.107421875
1627 -0.0302734375
1628 -0.0576171875
1629 -0.1669921875
1630 -0.037109375
1631 0.0390625
1632 0.001953125
1633 -0.0712890625
1634 0.0419921875
1635 0.109375
1636 0.0576171875
1637 -0.0048828125
1638 0.1015625
1639 0.1591796875
1640 0.095703125
1641 -0.0234375
1642 0.01953125
1643 0.07421875
1644 0.01953125
1645 -0.1123046875
1646 -0.0283203125
1647 0.03125
1648 -0.0126953125
1649 -0.197265625
1650 -0.1279296875
1651 -0.0458984375
1652 -0.0703125
1653 -0.177734375
1654 -0.0791015625
1655 -0.005859375
1656 -0.044921875
1657 -0.208984375
1658 -0.1298828125
1659 -0.044921875
1660 -0.0712890625
1661 -0.1953125
1662 -0.0576171875
1663 0.0224609375
1664 -0.0087890625
1665 -0.109375
1666 -0.056640625
1667 0.0107421875
1668 -0.0234375
1669 -0.138671875
1670 -0.046875
1671 0.0166015625
1672 -0.0205078125
1673 -0.1318359375
1674 -0.044921875
1675 0.0185546875
1676 -0.0166015625
1677 -0.1083984375
1678 0.0087890625
1679 0.0810546875
1680 0.0380859375
1681 -0.013671875
1682 0.0947265625
1683 0.15625
1684 0.095703125
1685 0.0419921875
1686 0.142578125
1687 0.1982421875
1688 0.1298828125
1689 0.0654296875
1690 0.162109375
1691 0.216796875
1692 0.14453125
1693 0.03515625
1694 0.1328125
1695 0.18359375
1696 0.1162109375
1697 0.0068359375
1698 0.10546875
1699 0.1572265625
1700 0.0966796875
1701 0.017578125
1702 0.1171875
1703 0.16796875
1704 0.103515625
1705 0.0146484375
1706 0.0546875
1707 0.1044921875
1708 0.0458984375
1709 -0.046875
1710 0.0595703125
1711 0.1181640625
1712 0.0625
1713 0.009765625
1714 0.107421875
1715 0.1630859375
1716 0.1005859375
1717 0.041015625
1718 0.1337890625
1719 0.1865234375
1720 0.119140625
1721 0.013671875
1722 0.1083984375
1723 0.158203125
1724 0.09375
1725 -0.0673828125
1726 -0.033203125
1727 0.0224609375
1728 -0.0224609375
1729 -0.18359375
1730 -0.1044921875
1731 -0.033203125
1732 -0.0625
1733 -0.171875
1734 -0.046875
1735 0.0234375
1736 -0.0107421875
1737 -0.0712890625
1738 0.041015625
1739 0.099609375
1740 0.0498046875
1741 -0.0166015625
1742 0.083984375
1743 0.1396484375
1744 0.080078125
1745 -0.0380859375
1746 -0.0009765625
1747 0.046875
1748 0.0009765625
1749 -0.126953125
1750 -0.048828125
1751 0.0087890625
1752 -0.0322265625
1753 -0.2119140625
1754 -0.14453125
1755 -0.0693359375
1756 -0.0859375
1757 -0.1904296875
1758 -0.0966796875
1759 -0.0283203125
1760 -0.05859375
1761 -0.224609375
1762 -0.14453125
1763 -0.0673828125
1764 -0.0849609375
1765 -0.205078125
1766 -0.0712890625
1767 0.0048828125
1768 -0.0224609375
1769 -0.12109375
1770 -0.0712890625
1771 -0.00390625
1772 -0.0400390625
1773 -0.1591796875
1774 -0.0703125
1775 -0.0048828125
1776 -0.0390625
1777 -0.162109375
1778 -0.0771484375
1779 -0.009765625
1780 -0.0400390625
1781 -0.140625
1782 -0.015625
1783 0.0537109375
1784 0.015625
1785 -0.0341796875
1786 0.07421875
1787 0.134765625
1788 0.080078125
1789 0.017578125
1790 0.119140625
1791 0.17578125
1792 0.111328125
1793 0.044921875
1794 0.1396484375
1795 0.193359375
1796 0.1240234375
1797 0.05859375
1798 0.15234375
1799 0.2041015625
1800 0.130859375
1801 0.06640625
1802 0.158203125
1803 0.208984375
1804 0.1376953125
1805 0.0244140625
1806 0.1162109375
1807 0.1689453125
1808 0.1005859375
1809 -0.01171875
1810 0.087890625
1811 0.140625
1812 0.0771484375
1813 -0.001953125
1814 0.095703125
1815 0.150390625
1816 0.0849609375
1817 -0.0048828125
1818 0.0361328125
1819 0.0859375
1820 0.0263671875
1821 -0.0625
1822 0.0400390625
1823 0.0986328125
1824 0.0439453125
1825 -0.015625
1826 0.0830078125
1827 0.138671875
1828 0.078125
1829 0.0185546875
1830 0.111328125
1831 0.1650390625
1832 0.099609375
1833 -0.005859375
1834 0.087890625
1835 0.1376953125
1836 0.0751953125
1837 -0.0859375
1838 -0.0546875
1839 0.001953125
1840 -0.041015625
1841 -0.20703125
1842 -0.1259765625
1843 -0.0537109375
1844 -0.080078125
1845 -0.1875
1846 -0.0625
1847 0.0078125
1848 -0.025390625
1849 -0.0849609375
1850 0.025390625
1851 0.0859375
1852 0.0361328125
1853 -0.029296875
1854 0.072265625
1855 0.1259765625
1856 0.0693359375
1857 -0.0498046875
1858 -0.0126953125
1859 0.0361328125
1860 -0.0126953125
1861 -0.138671875
1862 -0.05859375
1863 -0.0029296875
1864 -0.04296875
1865 -0.2216796875
1866 -0.1552734375
1867 -0.078125
1868 -0.0966796875
1869 -0.201171875
1870 -0.10546875
1871 -0.041015625
1872 -0.0693359375
1873 -0.234375
1874 -0.1552734375
1875 -0.080078125
1876 -0.0947265625
1877 -0.2158203125
1878 -0.083984375
1879 -0.0087890625
1880 -0.033203125
1881 -0.1328125
1882 -0.0830078125
1883 -0.015625
1884 -0.0478515625
1885 -0.19921875
1886 -0.1123046875
1887 -0.041015625
1888 -0.0673828125
1889 -0.2080078125
1890 -0.119140625
1891 -0.0478515625
1892 -0.068359375
1893 -0.162109375
1894 -0.0390625
1895 0.03125
1896 -0.0009765625
1897 -0.044921875
1898 0.060546875
1899 0.119140625
1900 0.068359375
1901 0.009765625
1902 0.1064453125
1903 0.1611328125
1904 0.099609375
1905 0.0361328125
1906 0.12890625
1907 0.1806640625
1908 0.115234375
1909 0.048828125
1910 0.1396484375
1911 0.1875
1912 0.1220703125
1913 0.0595703125
1914 0.1484375
1915 0.1962890625
1916 0.1279296875
1917 0.0205078125
1918 0.111328125
1919 0.158203125
1920 0.0947265625
1921 -0.0126953125
1922 0.0810546875
1923 0.1318359375
1924 0.07421875
1925 -0.00390625
1926 0.0908203125
1927 0.142578125
1928 0.080078125
1929 -0.0107421875
1930 0.0302734375
1931 0.0791015625
1932 0.0205078125
1933 -0.0693359375
1934 0.033203125
1935 0.09375
1936 0.0390625
1937 -0.017578125
1938 0.0810546875
1939 0.13671875
1940 0.076171875
1941 0.0166015625
1942 0.109375
1943 0.162109375
1944 0.0947265625
1945 -0.0068359375
1946 0.0859375
1947 0.134765625
1948 0.072265625
1949 -0.083984375
1950 -0.0517578125
1951 0.001953125
1952 -0.0400390625
1953 -0.19921875
1954 -0.119140625
1955 -0.0498046875
1956 -0.078125
1957 -0.1865234375
1958 -0.064453125
1959 0.0078125
1960 -0.0263671875
1961 -0.0888671875
1962 0.0224609375
1963 0.0830078125
1964 0.033203125
1965 -0.033203125
1966 0.068359375
1967 0.125
1968 0.064453125
1969 -0.052734375
1970 -0.015625
1971 0.037109375
1972 -0.0146484375
1973 -0.1416015625
1974 -0.0625
1975 -0.0029296875
1976 -0.0458984375
1977 -0.2265625
1978 -0.16015625
1979 -0.0810546875
1980 -0.1025390625
1981 -0.2080078125
1982 -0.111328125
1983 -0.0419921875
1984 -0.0732421875
1985 -0.2412109375
1986 -0.162109375
1987 -0.0810546875
1988 -0.1015625
1989 -0.2236328125
1990 -0.0869140625
1991 -0.0087890625
1992 -0.0361328125
1993 -0.138671875
1994 -0.083984375
1995 -0.015625
1996 -0.0537109375
1997 -0.173828125
1998 -0.0830078125
1999 -0.015625
2000 -0.052734375
2001 -0.1689453125
2002 -0.0849609375
2003 -0.015625
2004 -0.05078125
2005 -0.14453125
2006 -0.0224609375
2007 0.0478515625
2008 0.0068359375
2009 -0.044921875
2010 0.0654296875
2011 0.125
2012 0.068359375
2013 0.0068359375
2014 0.1064453125
2015 0.1630859375
2016 0.0986328125
2017 0.0283203125
2018 0.125
2019 0.177734375
2020 0.1103515625
2021 0.0341796875
2022 0.1298828125
2023 0.1826171875
2024 0.111328125
2025 0.046875
2026 0.1416015625
2027 0.1923828125
2028 0.12109375
2029 0.009765625
2030 0.10546875
2031 0.15625
2032 0.087890625
2033 -0.0224609375
2034 0.076171875
2035 0.1298828125
2036 0.06640625
2037 -0.015625
2038 0.087890625
2039 0.1396484375
2040 0.07421875
2041 -0.0341796875
2042 0.0078125
2043 0.0615234375
2044 0.0048828125
2045 -0.087890625
2046 0.01953125
2047 0.0830078125
2048 0.029296875
2049 -0.029296875
2050 0.072265625
2051 0.1298828125
2052 0.06640625
2053 0.0068359375
2054 0.1044921875
2055 0.158203125
2056 0.08984375
2057 -0.0185546875
2058 0.078125
2059 0.12890625
2060 0.0673828125
2061 -0.0927734375
2062 -0.0576171875
2063 -0.001953125
2064 -0.0478515625
2065 -0.212890625
2066 -0.130859375
2067 -0.0556640625
2068 -0.087890625
2069 -0.1962890625
2070 -0.0703125
2071 0.00390625
2072 -0.033203125
2073 -0.1083984375
2074 0.0068359375
2075 0.0703125
2076 0.0205078125
2077 -0.0439453125
2078 0.0634765625
2079 0.119140625
2080 0.0595703125
2081 -0.0634765625
2082 -0.0224609375
2083 0.03125
2084 -0.021484375
2085 -0.150390625
2086 -0.0673828125
2087 -0.0048828125
2088 -0.0517578125
2089 -0.2333984375
2090 -0.1640625
2091 -0.080078125
2092 -0.1064453125
2093 -0.212890625
2094 -0.1123046875
2095 -0.037109375
2096 -0.0751953125
2097 -0.2421875
2098 -0.1630859375
2099 -0.078125
2100 -0.1025390625
2101 -0.2265625
2102 -0.0888671875
2103 -0.0078125
2104 -0.0400390625
2105 -0.1435546875
2106 -0.0869140625
2107 -0.015625
2108 -0.056640625
2109 -0.220703125
2110 -0.123046875
2111 -0.0478515625
2112 -0.0771484375
2113 -0.2314453125
2114 -0.13671875
2115 -0.0576171875
2116 -0.0810546875
2117 -0.1708984375
2118 -0.04296875
2119 0.03515625
2120 -0.0048828125
2121 -0.0546875
2122 0.0576171875
2123 0.1201171875
2124 0.0634765625
2125 -0.0009765625
2126 0.1015625
2127 0.162109375
2128 0.095703125
2129 0.0205078125
2130 0.1220703125
2131 0.1728515625
2132 0.107421875
2133 0.0322265625
2134 0.130859375
2135 0.1845703125
2136 0.1123046875
2137 0.044921875
2138 0.1416015625
2139 0.1962890625
2140 0.119140625
2141 0.009765625
2142 0.103515625
2143 0.1572265625
2144 0.0888671875
2145 -0.0263671875
2146 0.0732421875
2147 0.126953125
2148 0.0654296875
2149 -0.0146484375
2150 0.0869140625
2151 0.1396484375
2152 0.07421875
2153 -0.0205078125
2154 0.0244140625
2155 0.0751953125
2156 0.015625
2157 -0.076171875
2158 0.0302734375
2159 0.091796875
2160 0.03515625
2161 -0.0302734375
2162 0.0732421875
2163 0.1318359375
2164 0.06640625
2165 0.005859375
2166 0.103515625
2167 0.1611328125
2168 0.08984375
2169 -0.0166015625
2170 0.0810546875
2171 0.1357421875
2172 0.0693359375
2173 -0.091796875
2174 -0.0556640625
2175 0.001953125
2176 -0.044921875
2177 -0.20703125
2178 -0.125
2179 -0.0517578125
2180 -0.0830078125
2181 -0.19140625
2182 -0.0654296875
2183 0.0048828125
2184 -0.029296875
2185 -0.0908203125
2186 0.01953125
2187 0.0810546875
2188 0.03125
2189 -0.0361328125
2190 0.06640625
2191 0.12109375
2192 0.0625
2193 -0.0595703125
2194 -0.021484375
2195 0.029296875
2196 -0.01953125
2197 -0.1494140625
2198 -0.06640625
2199 -0.0078125
2200 -0.048828125
2201 -0.2314453125
2202 -0.1630859375
2203 -0.0830078125
2204 -0.1044921875
2205 -0.2109375
2206 -0.1123046875
2207 -0.0419921875
2208 -0.0771484375
2209 -0.2421875
2210 -0.162109375
2211 -0.080078125
2212 -0.1025390625
2213 -0.22265625
2214 -0.087890625
2215 -0.0126953125
2216 -0.0390625
2217 -0.138671875
2218 -0.0859375
2219 -0.01953125
2220 -0.0537109375
2221 -0.177734375
2222 -0.0859375
2223 -0.0234375
2224 -0.056640625
2225 -0.1787109375
2226 -0.09375
2227 -0.0263671875
2228 -0.0556640625
2229 -0.1474609375
2230 -0.02734375
2231 0.04296875
2232 0.00390625
2233 -0.04296875
2234 0.0634765625
2235 0.1201171875
2236 0.068359375
2237 0.009765625
2238 0.1064453125
2239 0.158203125
2240 0.1005859375
2241 0.0322265625
2242 0.125
2243 0.1748046875
2244 0.111328125
2245 0.041015625
2246 0.130859375
2247 0.1806640625
2248 0.1142578125
2249 0.0517578125
2250 0.140625
2251 0.1884765625
2252 0.12109375
2253 0.0126953125
2254 0.1025390625
2255 0.150390625
2256 0.0859375
2257 -0.0224609375
2258 0.0712890625
2259 0.1220703125
2260 0.064453125
2261 -0.0126953125
2262 0.0830078125
2263 0.1318359375
2264 0.0732421875
2265 -0.033203125
2266 0.0068359375
2267 0.056640625
2268 0.00390625
2269 -0.0859375
2270 0.017578125
2271 0.078125
2272 0.0263671875
2273 -0.0283203125
2274 0.0703125
2275 0.126953125
2276 0.064453125
2277 0.0068359375
2278 0.1005859375
2279 0.15625
2280 0.0888671875
2281 -0.017578125
2282 0.076171875
2283 0.1259765625
2284 0.06640625
2285 -0.09375
2286 -0.05859375
2287 -0.0029296875
2288 -0.046875
2289 -0.21484375
2290 -0.130859375
2291 -0.05859375
2292 -0.0869140625
2293 -0.1962890625
2294 -0.0703125
2295 0.0009765625
2296 -0.03515625
2297 -0.1083984375
2298 0.00390625
2299 0.0673828125
2300 0.01953125
2301 -0.0419921875
2302 0.0595703125
2303 0.1171875
2304 0.0576171875
2305 -0.0615234375
2306 -0.021484375
2307 0.0302734375
2308 -0.01953125
2309 -0.1484375
2310 -0.06640625
2311 -0.0087890625
2312 -0.05078125
2313 -0.2314453125
2314 -0.1640625
2315 -0.0859375
2316 -0.1064453125
2317 -0.208984375
2318 -0.1142578125
2319 -0.0439453125
2320 -0.0771484375
2321 -0.2431640625
2322 -0.166015625
2323 -0.083984375
2324 -0.10546875
2325 -0.2236328125
2326 -0.0908203125
2327 -0.0146484375
2328 -0.0400390625
2329 -0.1416015625
2330 -0.0888671875
2331 -0.0234375
2332 -0.0556640625
2333 -0.2197265625
2334 -0.125
2335 -0.052734375
2336 -0.0791015625
2337 -0.23046875
2338 -0.1376953125
2339 -0.0615234375
2340 -0.0830078125
2341 -0.1689453125
2342 -0.044921875
2343 0.0263671875
2344 -0.005859375
2345 -0.052734375
2346 0.0546875
2347 0.1171875
2348 0.0625
2349 0.001953125
2350 0.1025390625
2351 0.15625
2352 0.0947265625
2353 0.0224609375
2354 0.1181640625
2355 0.169921875
2356 0.10546875
2357 0.03515625
2358 0.1298828125
2359 0.1787109375
2360 0.1142578125
2361 0.0498046875
2362 0.1376953125
2363 0.1884765625
2364 0.1201171875
2365 0.01171875
2366 0.1015625
2367 0.1513671875
2368 0.0869140625
2369 -0.0244140625
2370 0.0693359375
2371 0.1220703125
2372 0.0634765625
2373 -0.015625
2374 0.0830078125
2375 0.1337890625
2376 0.0732421875
2377 -0.021484375
2378 0.021484375
2379 0.0693359375
2380 0.0146484375
2381 -0.0751953125
2382 0.0302734375
2383 0.0869140625
2384 0.0341796875
2385 -0.0283203125
2386 0.0703125
2387 0.126953125
2388 0.0654296875
2389 0.0078125
2390 0.1025390625
2391 0.158203125
2392 0.08984375
2393 -0.015625
2394 0.0791015625
2395 0.12890625
2396 0.0673828125
2397 -0.087890625
2398 -0.052734375
2399 0.0009765625
2400 -0.04296875
2401 -0.2001953125
2402 -0.119140625
2403 -0.048828125
2404 -0.0791015625
2405 -0.189453125
2406 -0.0654296875
2407 0.005859375
2408 -0.029296875
2409 -0.091796875
2410 0.0185546875
2411 0.08203125
2412 0.029296875
2413 -0.0361328125
2414 0.06640625
2415 0.12109375
2416 0.060546875
2417 -0.0625
2418 -0.0244140625
2419 0.0283203125
2420 -0.0205078125
2421 -0.150390625
2422 -0.0673828125
2423 -0.0087890625
2424 -0.0498046875
2425 -0.2333984375
2426 -0.166015625
2427 -0.083984375
2428 -0.10546875
2429 -0.2119140625
2430 -0.1142578125
2431 -0.044921875
2432 -0.078125
2433 -0.2431640625
2434 -0.1640625
2435 -0.08203125
2436 -0.1044921875
2437 -0.224609375
2438 -0.0888671875
2439 -0.009765625
2440 -0.041015625
2441 -0.1396484375
2442 -0.087890625
2443 -0.0185546875
2444 -0.0556640625
2445 -0.1806640625
2446 -0.0888671875
2447 -0.021484375
2448 -0.05859375
2449 -0.1826171875
2450 -0.0908203125
2451 -0.0234375
2452 -0.056640625
2453 -0.150390625
2454 -0.0283203125
2455 0.0458984375
2456 0.001953125
2457 -0.0478515625
2458 0.0615234375
2459 0.1240234375
2460 0.06640625
2461 0.005859375
2462 0.10546875
2463 0.1611328125
2464 0.09765625
2465 0.029296875
2466 0.123046875
2467 0.1728515625
2468 0.109375
2469 0.0361328125
2470 0.1298828125
2471 0.1806640625
2472 0.1123046875
2473 0.046875
2474 0.1396484375
2475 0.1904296875
2476 0.119140625
2477 0.0087890625
2478 0.099609375
2479 0.1513671875
2480 0.0849609375
2481 -0.025390625
2482 0.0703125
2483 0.1220703125
2484 0.0634765625
2485 -0.015625
2486 0.08203125
2487 0.1318359375
2488 0.0703125
2489 -0.0361328125
2490 0.005859375
2491 0.0546875
2492 0.001953125
2493 -0.0888671875
2494 0.017578125
2495 0.078125
2496 0.025390625
2497 -0.033203125
2498 0.0703125
2499 0.12890625
2500 0.0634765625
2501 0.00390625
2502 0.1015625
2503 0.1572265625
2504 0.0869140625
2505 -0.0205078125
2506 0.0771484375
2507 0.12890625
2508 0.0625
2509 -0.0927734375
2510 -0.0576171875
2511 -0.001953125
2512 -0.0478515625
2513 -0.2119140625
2514 -0.1279296875
2515 -0.0556640625
2516 -0.0869140625
2517 -0.1982421875
2518 -0.0703125
2519 0.005859375
2520 -0.03515625
2521 -0.0947265625
2522 0.0185546875
2523 0.083984375
2524 0.02734375
2525 -0.0390625
2526 0.0673828125
2527 0.126953125
2528 0.0595703125
2529 -0.0634765625
2530 -0.0244140625
2531 0.03125
2532 -0.0244140625
2533 -0.166015625
2534 -0.080078125
2535 -0.015625
2536 -0.0595703125
2537 -0.2421875
2538 -0.169921875
2539 -0.0888671875
2540 -0.111328125
2541 -0.220703125
2542 -0.1181640625
2543 -0.0458984375
2544 -0.0830078125
2545 -0.255859375
2546 -0.177734375
2547 -0.0888671875
2548 -0.1123046875
2549 -0.26171875
2550 -0.119140625
2551 -0.0322265625
2552 -0.056640625
2553 -0.1357421875
2554 -0.0146484375
2555 0.056640625
2556 0.01171875
2557 -0.125
2558 -0.080078125
2559 -0.013671875
2560 -0.0517578125
2561 -0.1728515625
2562 -0.0830078125
2563 -0.015625
2564 -0.0517578125
2565 -0.1611328125
2566 -0.0712890625
2567 -0.0048828125
2568 -0.044921875
2569 -0.1611328125
2570 -0.0400390625
2571 0.03515625
2572 -0.0068359375
2573 -0.0947265625
2574 0.0205078125
2575 0.0888671875
2576 0.03515625
2577 -0.0283203125
2578 0.078125
2579 0.138671875
2580 0.076171875
2581 -0.021484375
2582 0.0302734375
2583 0.0810546875
2584 0.0205078125
2585 -0.1103515625
2586 0.0048828125
2587 0.0693359375
2588 0.0205078125
2589 -0.1181640625
2590 -0.0771484375
2591 -0.0087890625
2592 -0.0478515625
2593 -0.1611328125
2594 -0.076171875
2595 -0.0087890625
2596 -0.0439453125
2597 -0.1591796875
2598 -0.0703125
2599 -0.005859375
2600 -0.0439453125
2601 -0.1875
2602 -0.0556640625
2603 0.0185546875
2604 -0.0146484375
2605 -0.072265625
2606 0.041015625
2607 0.1044921875
2608 0.052734375
2609 -0.041015625
2610 0.0087890625
2611 0.060546875
2612 0.0078125
2613 -0.123046875
2614 -0.0068359375
2615 0.05859375
2616 0.015625
2617 -0.123046875
2618 -0.08203125
2619 -0.01171875
2620 -0.046875
2621 -0.162109375
2622 -0.07421875
2623 -0.0048828125
2624 -0.041015625
2625 -0.1572265625
2626 -0.0673828125
2627 -0.001953125
2628 -0.0400390625
2629 -0.1826171875
2630 -0.0517578125
2631 0.0244140625
2632 -0.009765625
2633 -0.0673828125
2634 0.0478515625
2635 0.111328125
2636 0.0556640625
2637 -0.037109375
2638 0.0126953125
2639 0.0693359375
2640 0.0126953125
2641 -0.1181640625
2642 0.0
2643 0.068359375
2644 0.0205078125
2645 -0.1162109375
2646 -0.076171875
2647 -0.005859375
2648 -0.0419921875
2649 -0.1572265625
2650 -0.0673828125
2651 -0.0009765625
2652 -0.037109375
2653 -0.1533203125
2654 -0.0634765625
2655 0.0029296875
2656 -0.03515625
2657 -0.1796875
2658 -0.0498046875
2659 0.025390625
2660 -0.0068359375
2661 -0.0625
2662 0.0498046875
2663 0.115234375
2664 0.060546875
2665 -0.033203125
2666 0.0166015625
2667 0.0732421875
2668 0.017578125
2669 -0.115234375
2670 0.00390625
2671 0.0673828125
2672 0.025390625
2673 -0.1162109375
2674 -0.072265625
2675 -0.005859375
2676 -0.037109375
2677 -0.154296875
2678 -0.0654296875
2679 0.0029296875
2680 -0.033203125
2681 -0.1474609375
2682 -0.05859375
2683 0.0078125
2684 -0.0322265625
2685 -0.1728515625
2686 -0.04296875
2687 0.0322265625
2688 -0.001953125
2689 -0.0595703125
2690 0.0546875
2691 0.119140625
2692 0.064453125
2693 -0.029296875
2694 0.021484375
2695 0.076171875
2696 0.0205078125
2697 -0.1123046875
2698 0.009765625
2699 0.0771484375
2700 0.029296875
2701 -0.1123046875
2702 -0.0673828125
2703 0.001953125
2704 -0.03515625
2705 -0.15234375
2706 -0.0634765625
2707 0.0078125
2708 -0.03125
2709 -0.146484375
2710 -0.0576171875
2711 0.0107421875
2712 -0.029296875
2713 -0.171875
2714 -0.041015625
2715 0.0361328125
2716 0.0
2717 -0.05859375
2718 0.05859375
2719 0.1240234375
2720 0.0673828125
2721 -0.0283203125
2722 0.0244140625
2723 0.0791015625
2724 0.0234375
2725 -0.1083984375
2726 0.0107421875
2727 0.07421875
2728 0.03125
2729 -0.1083984375
2730 -0.0673828125
2731 0.001953125
2732 -0.033203125
2733 -0.1474609375
2734 -0.0595703125
2735 0.009765625
2736 -0.029296875
2737 -0.1416015625
2738 -0.0546875
2739 0.0107421875
2740 -0.025390625
2741 -0.1689453125
2742 -0.0400390625
2743 0.0361328125
2744 0.00390625
2745 -0.0546875
2746 0.0595703125
2747 0.1220703125
2748 0.0712890625
2749 -0.0244140625
2750 0.025390625
2751 0.0810546875
2752 0.0244140625
2753 -0.1064453125
2754 0.0107421875
2755 0.076171875
2756 0.033203125
2757 -0.1064453125
2758 -0.06640625
2759 0.00390625
2760 -0.0302734375
2761 -0.146484375
2762 -0.05859375
2763 0.0087890625
2764 -0.025390625
2765 -0.142578125
2766 -0.0517578125
2767 0.01171875
2768 -0.0234375
2769 -0.1669921875
2770 -0.03515625
2771 0.0361328125
2772 0.00390625
2773 -0.0517578125
2774 0.060546875
2775 0.125
2776 0.072265625
2777 -0.021484375
2778 0.029296875
2779 0.08203125
2780 0.02734375
2781 -0.103515625
2782 0.01171875
2783 0.078125
2784 0.0341796875
2785 -0.1025390625
2786 -0.0634765625
2787 0.00390625
2788 -0.0283203125
2789 -0.142578125
2790 -0.0546875
2791 0.0126953125
2792 -0.0234375
2793 -0.13671875
2794 -0.048828125
2795 0.013671875
2796 -0.021484375
2797 -0.162109375
2798 -0.0361328125
2799 0.0380859375
2800 0.0087890625
2801 -0.0478515625
2802 0.0634765625
2803 0.1240234375
2804 0.07421875
2805 -0.017578125
2806 0.0302734375
2807 0.0830078125
2808 0.0302734375
2809 -0.1005859375
2810 0.015625
2811 0.0771484375
2812 0.0390625
2813 -0.1015625
2814 -0.05859375
2815 0.0068359375
2816 -0.025390625
2817 -0.140625
2818 -0.0537109375
2819 0.013671875
2820 -0.0224609375
2821 -0.134765625
2822 -0.0478515625
2823 0.0166015625
2824 -0.01953125
2825 -0.1611328125
2826 -0.0341796875
2827 0.041015625
2828 0.0068359375
2829 -0.0498046875
2830 0.0654296875
2831 0.1279296875
2832 0.0751953125
2833 -0.0185546875
2834 0.03125
2835 0.0810546875
2836 0.0322265625
2837 -0.0986328125
2838 0.015625
2839 0.0791015625
2840 0.0380859375
2841 -0.0986328125
2842 -0.05859375
2843 0.005859375
2844 -0.0244140625
2845 -0.138671875
2846 -0.0537109375
2847 0.01171875
2848 -0.0205078125
2849 -0.1328125
2850 -0.0498046875
2851 0.0126953125
2852 -0.01953125
2853 -0.1572265625
2854 -0.0341796875
2855 0.0361328125
2856 0.009765625
2857 -0.044921875
2858 0.064453125
2859 0.1240234375
2860 0.0771484375
2861 -0.015625
2862 0.03125
2863 0.080078125
2864 0.0322265625
2865 -0.095703125
2866 0.017578125
2867 0.0791015625
2868 0.041015625
2869 -0.095703125
2870 -0.05859375
2871 0.005859375
2872 -0.0224609375
2873 -0.134765625
2874 -0.05078125
2875 0.0126953125
2876 -0.017578125
2877 -0.1318359375
2878 -0.0478515625
2879 0.0126953125
2880 -0.0166015625
2881 -0.1591796875
2882 -0.0322265625
2883 0.0390625
2884 0.01171875
2885 -0.0439453125
2886 0.064453125
2887 0.1259765625
2888 0.078125
2889 -0.0146484375
2890 0.0322265625
2891 0.0830078125
2892 0.03125
2893 -0.0966796875
2894 0.0146484375
2895 0.08203125
2896 0.0390625
2897 -0.0986328125
2898 -0.0595703125
2899 0.0048828125
2900 -0.0244140625
2901 -0.1376953125
2902 -0.052734375
2903 0.0126953125
2904 -0.0185546875
2905 -0.1318359375
2906 -0.044921875
2907 0.015625
2908 -0.015625
2909 -0.1572265625
2910 -0.03125
2911 0.0419921875
2912 0.0107421875
2913 -0.04296875
2914 0.06640625
2915 0.1279296875
2916 0.078125
2917 -0.0146484375
2918 0.033203125
2919 0.0849609375
2920 0.0341796875
2921 -0.095703125
2922 0.01953125
2923 0.08203125
2924 0.0419921875
2925 -0.0966796875
2926 -0.056640625
2927 0.0107421875
2928 -0.0224609375
2929 -0.134765625
2930 -0.0498046875
2931 0.015625
2932 -0.017578125
2933 -0.1298828125
2934 -0.0458984375
2935 0.0185546875
2936 -0.017578125
2937 -0.1591796875
2938 -0.0322265625
2939 0.0419921875
2940 0.0107421875
2941 -0.04296875
2942 0.0654296875
2943 0.126953125
2944 0.078125
2945 -0.0166015625
2946 0.033203125
2947 0.08203125
2948 0.033203125
2949 -0.099609375
2950 0.017578125
2951 0.08203125
2952 0.041015625
2953 -0.0986328125
2954 -0.05859375
2955 0.009765625
2956 -0.0244140625
2957 -0.134765625
2958 -0.05078125
2959 0.0166015625
2960 -0.0166015625
2961 -0.1298828125
2962 -0.044921875
2963 0.01953125
2964 -0.0166015625
2965 -0.1552734375
2966 -0.029296875
2967 0.0439453125
2968 0.0126953125
2969 -0.04296875
2970 0.068359375
2971 0.1298828125
2972 0.0810546875
2973 -0.013671875
2974 0.03515625
2975 0.0869140625
2976 0.037109375
2977 -0.095703125
2978 0.0185546875
2979 0.08203125
2980 0.04296875
2981 -0.095703125
2982 -0.056640625
2983 0.0087890625
2984 -0.0224609375
2985 -0.134765625
2986 -0.0498046875
2987 0.0166015625
2988 -0.0166015625
2989 -0.1318359375
2990 -0.044921875
2991 0.017578125
2992 -0.015625
2993 -0.1572265625
2994 -0.0302734375
2995 0.041015625
2996 0.013671875
2997 -0.0419921875
2998 0.068359375
2999 0.12890625
3000 0.080078125
3001 -0.013671875
3002 0.0341796875
3003 0.0859375
3004 0.03515625
3005 -0.095703125
3006 0.0185546875
3007 0.08203125
3008 0.0419921875
3009 -0.0947265625
3010 -0.0576171875
3011 0.0107421875
3012 -0.021484375
3013 -0.1328125
3014 -0.0498046875
3015 0.017578125
3016 -0.0166015625
3017 -0.12890625
3018 -0.0419921875
3019 0.0205078125
3020 -0.013671875
3021 -0.1533203125
3022 -0.0263671875
3023 0.0458984375
3024 0.0146484375
3025 -0.0400390625
3026 0.0712890625
3027 0.1328125
3028 0.08203125
3029 -0.009765625
3030 0.037109375
3031 0.087890625
3032 0.0361328125
3033 -0.091796875
3034 0.0224609375
3035 0.083984375
3036 0.0458984375
3037 -0.091796875
3038 -0.052734375
3039 0.0126953125
3040 -0.0185546875
3041 -0.134765625
3042 -0.048828125
3043 0.01953125
3044 -0.0146484375
3045 -0.130859375
3046 -0.0439453125
3047 0.0205078125
3048 -0.0146484375
3049 -0.1552734375
3050 -0.0283203125
3051 0.0458984375
3052 0.013671875
3053 -0.04296875
3054 0.0693359375
3055 0.1337890625
3056 0.080078125
3057 -0.013671875
3058 0.0361328125
3059 0.08984375
3060 0.0361328125
3061 -0.095703125
3062 0.021484375
3063 0.0869140625
3064 0.04296875
3065 -0.0947265625
3066 -0.052734375
3067 0.013671875
3068 -0.01953125
3069 -0.134765625
3070 -0.048828125
3071 0.0205078125
3072 -0.017578125
3073 -0.1298828125
3074 -0.0439453125
3075 0.025390625
3076 -0.015625
3077 -0.1552734375
3078 -0.0263671875
3079 0.0498046875
3080 0.0146484375
3081 -0.04296875
3082 0.0712890625
3083 0.134765625
3084 0.0810546875
3085 -0.0126953125
3086 0.0380859375
3087 0.091796875
3088 0.03515625
3089 -0.0966796875
3090 0.0224609375
3091 0.0888671875
3092 0.0419921875
3093 -0.0947265625
3094 -0.0537109375
3095 0.015625
3096 -0.021484375
3097 -0.13671875
3098 -0.046875
3099 0.021484375
3100 -0.017578125
3101 -0.1298828125
3102 -0.04296875
3103 0.0224609375
3104 -0.013671875
3105 -0.1552734375
3106 -0.02734375
3107 0.0458984375
3108 0.0146484375
3109 -0.0419921875
3110 0.0712890625
3111 0.1337890625
3112 0.0810546875
3113 -0.0126953125
3114 0.037109375
3115 0.0888671875
3116 0.0361328125
3117 -0.09375
3118 0.021484375
3119 0.0869140625
3120 0.04296875
3121 -0.095703125
3122 -0.0546875
3123 0.0146484375
3124 -0.021484375
3125 -0.134765625
3126 -0.0478515625
3127 0.0224609375
3128 -0.0166015625
3129 -0.1328125
3130 -0.0419921875
3131 0.0263671875
3132 -0.0146484375
3133 -0.158203125
3134 -0.025390625
3135 0.0498046875
3136 0.013671875
3137 -0.0458984375
3138 0.0712890625
3139 0.13671875
3140 0.080078125
3141 -0.015625
3142 0.037109375
3143 0.09375
3144 0.0341796875
3145 -0.09765625
3146 0.0234375
3147 0.0927734375
3148 0.04296875
3149 -0.0966796875
3150 -0.05078125
3151 0.01953125
3152 -0.021484375
3153 -0.1376953125
3154 -0.044921875
3155 0.025390625
3156 -0.0166015625
3157 -0.134765625
3158 -0.0400390625
3159 0.029296875
3160 -0.0146484375
3161 -0.16015625
3162 -0.0263671875
3163 0.052734375
3164 0.0126953125
3165 -0.0458984375
3166 0.0732421875
3167 0.1416015625
3168 0.080078125
3169 -0.013671875
3170 0.0380859375
3171 0.0947265625
3172 0.0361328125
3173 -0.099609375
3174 0.0224609375
3175 0.091796875
3176 0.04296875
3177 -0.09765625
3178 -0.052734375
3179 0.0185546875
3180 -0.0185546875
3181 -0.13671875
3182 -0.044921875
3183 0.025390625
3184 -0.0146484375
3185 -0.1318359375
3186 -0.0419921875
3187 0.025390625
3188 -0.0146484375
3189 -0.158203125
3190 -0.02734375
3191 0.0517578125
3192 0.013671875
3193 -0.0439453125
3194 0.072265625
3195 0.1376953125
3196 0.08203125
3197 -0.015625
3198 0.0400390625
3199 0.09375
3200 0.0361328125
3201 -0.09765625
3202 0.0234375
3203 0.0908203125
3204 0.044921875
3205 -0.0947265625
3206 -0.0537109375
3207 0.0166015625
3208 -0.0205078125
3209 -0.134765625
3210 -0.0478515625
3211 0.025390625
3212 -0.0146484375
3213 -0.1328125
3214 -0.041015625
3215 0.0283203125
3216 -0.0146484375
3217 -0.158203125
3218 -0.02734375
3219 0.0498046875
3220 0.0146484375
3221 -0.04296875
3222 0.0712890625
3223 0.13671875
3224 0.0830078125
3225 -0.0126953125
3226 0.0400390625
3227 0.09375
3228 0.037109375
3229 -0.0966796875
3230 0.021484375
3231 0.0888671875
3232 0.04296875
3233 -0.095703125
3234 -0.0546875
3235 0.013671875
3236 -0.0205078125
3237 -0.1357421875
3238 -0.0478515625
3239 0.0224609375
3240 -0.0146484375
3241 -0.1298828125
3242 -0.0400390625
3243 0.0263671875
3244 -0.0126953125
3245 -0.1552734375
3246 -0.0244140625
3247 0.048828125
3248 0.017578125
3249 -0.041015625
3250 0.072265625
3251 0.134765625
3252 0.083984375
3253 -0.01171875
3254 0.0380859375
3255 0.09375
3256 0.0361328125
3257 -0.0927734375
3258 0.0244140625
3259 0.091796875
3260 0.044921875
3261 -0.0927734375
3262 -0.0498046875
3263 0.0185546875
3264 -0.0185546875
3265 -0.1328125
3266 -0.044921875
3267 0.0234375
3268 -0.013671875
3269 -0.1298828125
3270 -0.0400390625
3271 0.0234375
3272 -0.01171875
3273 -0.1572265625
3274 -0.0224609375
3275 0.0498046875
3276 0.0146484375
3277 -0.0419921875
3278 0.072265625
3279 0.1376953125
3280 0.0810546875
3281 -0.0126953125
3282 0.0390625
3283 0.09375
3284 0.0361328125
3285 -0.095703125
3286 0.021484375
3287 0.08984375
3288 0.044921875
3289 -0.09375
3290 -0.0498046875
3291 0.0185546875
3292 -0.017578125
3293 -0.134765625
3294 -0.0439453125
3295 0.0244140625
3296 -0.013671875
3297 -0.12890625
3298 -0.041015625
3299 0.0234375
3300 -0.0126953125
3301 -0.1533203125
3302 -0.02734375
3303 0.048828125
3304 0.015625
3305 -0.0390625
3306 0.072265625
3307 0.1357421875
3308 0.083984375
3309 -0.01171875
3310 0.0380859375
3311 0.091796875
3312 0.0380859375
3313 -0.09375
3314 0.0224609375
3315 0.0869140625
3316 0.0458984375
3317 -0.0908203125
3318 -0.0498046875
3319 0.015625
3320 -0.017578125
3321 -0.1318359375
3322 -0.0458984375
3323 0.0205078125
3324 -0.0126953125
3325 -0.12890625
3326 -0.0419921875
3327 0.0234375
3328 -0.0126953125
3329 -0.1552734375
3330 -0.0283203125
3331 0.044921875
3332 0.015625
3333 -0.0400390625
3334 0.0712890625
3335 0.1328125
3336 0.08203125
3337 -0.0107421875
3338 0.0380859375
3339 0.0888671875
3340 0.0390625
3341 -0.0927734375
3342 0.0224609375
3343 0.0849609375
3344 0.0439453125
3345 -0.09375
3346 -0.052734375
3347 0.0126953125
3348 -0.0185546875
3349 -0.130859375
3350 -0.0478515625
3351 0.01953125
3352 -0.01171875
3353 -0.126953125
3354 -0.041015625
3355 0.0224609375
3356 -0.0126953125
3357 -0.154296875
3358 -0.0263671875
3359 0.046875
3360 0.015625
3361 -0.0400390625
3362 0.072265625
3363 0.1357421875
3364 0.0830078125
3365 -0.0107421875
3366 0.0390625
3367 0.0908203125
3368 0.037109375
3369 -0.0947265625
3370 0.0234375
3371 0.0888671875
3372 0.044921875
3373 -0.091796875
3374 -0.0517578125
3375 0.0166015625
3376 -0.017578125
3377 -0.130859375
3378 -0.0478515625
3379 0.0205078125
3380 -0.013671875
3381 -0.12890625
3382 -0.0400390625
3383 0.0234375
3384 -0.013671875
3385 -0.15625
3386 -0.02734375
3387 0.046875
3388 0.015625
3389 -0.041015625
3390 0.0712890625
3391 0.134765625
3392 0.08203125
3393 -0.0087890625
3394 0.037109375
3395 0.087890625
3396 0.0400390625
3397 -0.08984375
3398 0.021484375
3399 0.0810546875
3400 0.0458984375
3401 -0.091796875
3402 -0.052734375
3403 0.009765625
3404 -0.015625
3405 -0.12890625
3406 -0.0458984375
3407 0.0146484375
3408 -0.01171875
3409 -0.1201171875
3410 -0.0380859375
3411 0.021484375
3412 -0.0078125
3413 -0.125
3414 -0.0068359375
3415 0.060546875
3416 0.029296875
3417 -0.08203125
3418 -0.0361328125
3419 0.0244140625
3420 -0.0078125
3421 -0.162109375
3422 -0.09375
3423 -0.021484375
3424 -0.0400390625
3425 -0.1904296875
3426 -0.1103515625
3427 -0.033203125
3428 -0.0498046875
3429 -0.1533203125
3430 -0.0634765625
3431 0.00390625
3432 -0.0205078125
3433 -0.119140625
3434 -0.033203125
3435 0.0302734375
3436 -0.0029296875
3437 -0.091796875
3438 0.021484375
3439 0.0869140625
3440 0.05078125
3441 -0.048828125
3442 -0.0068359375
3443 0.0517578125
3444 0.015625
3445 -0.1572265625
3446 -0.087890625
3447 -0.0146484375
3448 -0.033203125
3449 -0.1474609375
3450 -0.0634765625
3451 0.005859375
3452 -0.0185546875
3453 -0.1357421875
3454 -0.0498046875
3455 0.0166015625
3456 -0.01171875
3457 -0.1103515625
3458 0.009765625
3459 0.078125
3460 0.044921875
3461 -0.0009765625
3462 0.1044921875
3463 0.1650390625
3464 0.109375
3465 0.001953125
3466 0.041015625
3467 0.0908203125
3468 0.0439453125
3469 -0.1298828125
3470 -0.064453125
3471 0.0048828125
3472 -0.021484375
3473 -0.12890625
3474 -0.052734375
3475 0.0029296875
3476 -0.0068359375
3477 -0.0927734375
3478 -0.02734375
3479 0.017578125
3480 0.00390625
3481 -0.0859375
3482 0.01171875
3483 0.0615234375
3484 0.048828125
3485 -0.0693359375
3486 -0.0498046875
3487 0.001953125
3488 -0.0048828125
3489 -0.1298828125
3490 -0.025390625
3491 0.0322265625
3492 0.0263671875
3493 -0.0361328125
3494 0.0537109375
3495 0.099609375
3496 0.0791015625
3497 0.0166015625
3498 0.09765625
3499 0.1376953125
3500 0.109375
3501 0.0361328125
3502 0.1123046875
3503 0.1494140625
3504 0.1162109375
3505 0.06640625
3506 0.138671875
3507 0.173828125
3508 0.13671875
3509 0.0595703125
3510 0.0771484375
3511 0.107421875
3512 0.07421875
3513 -0.0185546875
3514 0.03125
3515 0.0654296875
3516 0.0400390625
3517 -0.060546875
3518 -0.0029296875
3519 0.03515625
3520 0.015625
3521 -0.08984375
3522 0.00390625
3523 0.048828125
3524 0.0380859375
3525 -0.064453125
3526 -0.041015625
3527 0.00390625
3528 -0.0078125
3529 -0.1611328125
3530 -0.0537109375
3531 0.0068359375
3532 0.0048828125
3533 -0.1142578125
3534 -0.0888671875
3535 -0.0322265625
3536 -0.03515625
3537 -0.1484375
3538 -0.0791015625
3539 -0.0244140625
3540 -0.0283203125
3541 -0.17578125
3542 -0.099609375
3543 -0.0439453125
3544 -0.0419921875
3545 -0.169921875
3546 -0.091796875
3547 -0.0361328125
3548 -0.0361328125
3549 -0.1669921875
3550 -0.0546875
3551 0.005859375
3552 0.005859375
3553 -0.068359375
3554 0.025390625
3555 0.0771484375
3556 0.060546875
3557 -0.0166015625
3558 0.06640625
3559 0.111328125
3560 0.0859375
3561 -0.0009765625
3562 0.0810546875
3563 0.1220703125
3564 0.09375
3565 -0.0009765625
3566 0.0771484375
3567 0.1201171875
3568 0.0927734375
3569 -0.013671875
3570 0.0693359375
3571 0.1103515625
3572 0.0849609375
3573 0.0263671875
3574 0.1044921875
3575 0.1435546875
3576 0.1083984375
3577 0.0048828125
3578 0.0185546875
3579 0.056640625
3580 0.0302734375
3581 -0.083984375
3582 -0.0283203125
3583 0.015625
3584 0.0
3585 -0.1416015625
3586 -0.076171875
3587 -0.0244140625
3588 -0.0283203125
3589 -0.1533203125
3590 -0.080078125
3591 -0.0283203125
3592 -0.033203125
3593 -0.1650390625
3594 -0.0556640625
3595 0.0068359375
3596 0.0048828125
3597 -0.0810546875
3598 0.0126953125
3599 0.064453125
3600 0.0478515625
3601 -0.0498046875
3602 0.0380859375
3603 0.0869140625
3604 0.064453125
3605 -0.0439453125
3606 0.0419921875
3607 0.087890625
3608 0.0654296875
3609 0.0029296875
3610 0.0849609375
3611 0.1240234375
3612 0.09375
3613 0.009765625
3614 0.0908203125
3615 0.126953125
3616 0.0966796875
3617 -0.0439453125
3618 -0.0302734375
3619 0.013671875
3620 0.0009765625
3621 -0.130859375
3622 -0.0263671875
3623 0.0263671875
3624 0.017578125
3625 -0.08984375
3626 -0.0927734375
3627 -0.0322265625
3628 -0.037109375
3629 -0.1240234375
3630 -0.0185546875
3631 0.0341796875
3632 0.0244140625
3633 -0.0615234375
3634 -0.0341796875
3635 0.0107421875
3636 -0.00390625
3637 -0.0947265625
3638 -0.033203125
3639 0.01171875
3640 0.0
3641 -0.138671875
3642 -0.0732421875
3643 -0.0224609375
3644 -0.02734375
3645 -0.1572265625
3646 -0.048828125
3647 0.0087890625
3648 0.0068359375
3649 -0.1318359375
3650 -0.1064453125
3651 -0.044921875
3652 -0.0419921875
3653 -0.1884765625
3654 -0.072265625
3655 -0.0068359375
3656 -0.00390625
3657 -0.0927734375
3658 0.005859375
3659 0.05859375
3660 0.0458984375
3661 -0.0380859375
3662 0.0478515625
3663 0.0947265625
3664 0.0732421875
3665 -0.0068359375
3666 0.0732421875
3667 0.1162109375
3668 0.0888671875
3669 0.001953125
3670 0.0810546875
3671 0.1220703125
3672 0.091796875
3673 -0.005859375
3674 0.0732421875
3675 0.1142578125
3676 0.087890625
3677 -0.0234375
3678 0.0576171875
3679 0.1005859375
3680 0.076171875
3681 0.0009765625
3682 0.0830078125
3683 0.119140625
3684 0.0908203125
3685 0.0029296875
3686 0.083984375
3687 0.123046875
3688 0.0908203125
3689 0.0361328125
3690 0.1123046875
3691 0.1494140625
3692 0.111328125
3693 0.0546875
3694 0.1298828125
3695 0.1640625
3696 0.1220703125
3697 0.0400390625
3698 0.0546875
3699 0.0869140625
3700 0.0517578125
3701 -0.0537109375
3702 0.033203125
3703 0.0751953125
3704 0.052734375
3705 -0.0517578125
3706 -0.0302734375
3707 0.01171875
3708 -0.005859375
3709 -0.119140625
3710 -0.0595703125
3711 -0.0107421875
3712 -0.025390625
3713 -0.1435546875
3714 -0.0751953125
3715 -0.0234375
3716 -0.03515625
3717 -0.1376953125
3718 -0.0732421875
3719 -0.0185546875
3720 -0.0322265625
3721 -0.140625
3722 -0.0703125
3723 -0.0185546875
3724 -0.0302734375
3725 -0.142578125
3726 -0.0751953125
3727 -0.0244140625
3728 -0.033203125
3729 -0.17578125
3730 -0.10546875
3731 -0.0458984375
3732 -0.05078125
3733 -0.1552734375
3734 -0.0791015625
3735 -0.025390625
3736 -0.0361328125
3737 -0.17578125
3738 -0.1015625
3739 -0.041015625
3740 -0.0458984375
3741 -0.1328125
3742 -0.0654296875
3743 -0.01171875
3744 -0.021484375
3745 -0.125
3746 -0.0537109375
3747 -0.0107421875
3748 -0.0205078125
3749 -0.134765625
3750 -0.0634765625
3751 -0.01171875
3752 -0.0205078125
3753 -0.1767578125
3754 -0.060546875
3755 0.0
3756 -0.001953125
3757 -0.0703125
3758 0.0302734375
3759 0.078125
3760 0.056640625
3761 -0.0712890625
3762 0.0224609375
3763 0.0712890625
3764 0.0517578125
3765 -0.0888671875
3766 -0.0712890625
3767 -0.0166015625
3768 -0.0234375
3769 -0.1953125
3770 -0.1201171875
3771 -0.052734375
3772 -0.05078125
3773 -0.16015625
3774 -0.083984375
3775 -0.02734375
3776 -0.0302734375
3777 -0.1201171875
3778 -0.0126953125
3779 0.04296875
3780 0.03125
3781 -0.0595703125
3782 -0.0576171875
3783 0.0009765625
3784 -0.0078125
3785 -0.109375
3786 -0.0068359375
3787 0.0498046875
3788 0.037109375
3789 -0.0927734375
3790 -0.068359375
3791 -0.0107421875
3792 -0.017578125
3793 -0.1240234375
3794 -0.013671875
3795 0.041015625
3796 0.0341796875
3797 -0.033203125
3798 0.0595703125
3799 0.103515625
3800 0.0810546875
3801 -0.0517578125
3802 -0.03515625
3803 0.0126953125
3804 0.0009765625
3805 -0.18359375
3806 -0.1083984375
3807 -0.0419921875
3808 -0.041015625
3809 -0.138671875
3810 -0.0673828125
3811 -0.013671875
3812 -0.0185546875
3813 -0.154296875
3814 -0.0400390625
3815 0.01953125
3816 0.017578125
3817 -0.1328125
3818 -0.095703125
3819 -0.0390625
3820 -0.037109375
3821 -0.142578125
3822 -0.0283203125
3823 0.025390625
3824 0.0224609375
3825 -0.0498046875
3826 0.04296875
3827 0.091796875
3828 0.0751953125
3829 -0.064453125
3830 -0.0439453125
3831 0.0078125
3832 0.001953125
3833 -0.1064453125
3834 -0.001953125
3835 0.0478515625
3836 0.0419921875
3837 -0.0458984375
3838 -0.025390625
3839 0.0224609375
3840 0.0146484375
3841 -0.0869140625
3842 -0.0283203125
3843 0.01953125
3844 0.01171875
3845 -0.0986328125
3846 -0.0380859375
3847 0.0107421875
3848 0.0029296875
3849 -0.16015625
3850 -0.083984375
3851 -0.029296875
3852 -0.029296875
3853 -0.1796875
3854 -0.060546875
3855 0.0048828125
3856 0.005859375
3857 -0.1015625
3858 0.0029296875
3859 0.05859375
3860 0.0478515625
3861 -0.048828125
3862 -0.0234375
3863 0.021484375
3864 0.0107421875
3865 -0.12109375
3866 -0.0126953125
3867 0.0439453125
3868 0.037109375
3869 -0.05078125
3870 0.0458984375
3871 0.0927734375
3872 0.076171875
3873 -0.0048828125
3874 0.0185546875
3875 0.0595703125
3876 0.0400390625
3877 -0.0791015625
3878 0.0185546875
3879 0.0693359375
3880 0.056640625
3881 -0.05859375
3882 -0.033203125
3883 0.013671875
3884 0.005859375
3885 -0.095703125
3886 -0.0283203125
3887 0.01953125
3888 0.009765625
3889 -0.130859375
3890 -0.0615234375
3891 -0.0087890625
3892 -0.009765625
3893 -0.1552734375
3894 -0.041015625
3895 0.01953125
3896 0.01953125
3897 -0.06640625
3898 0.0283203125
3899 0.0830078125
3900 0.0673828125
3901 -0.0244140625
3902 0.0625
3903 0.107421875
3904 0.08984375
3905 0.0
3906 0.0810546875
3907 0.12109375
3908 0.0986328125
3909 0.0087890625
3910 0.0888671875
3911 0.126953125
3912 0.103515625
3913 0.0078125
3914 0.0869140625
3915 0.1240234375
3916 0.1005859375
3917 -0.0146484375
3918 0.064453125
3919 0.1064453125
3920 0.0859375
3921 -0.001953125
3922 0.0751953125
3923 0.1181640625
3924 0.09375
3925 0.005859375
3926 0.021484375
3927 0.0595703125
3928 0.0400390625
3929 -0.044921875
3930 0.0439453125
3931 0.0859375
3932 0.0703125
3933 0.021484375
3934 0.0986328125
3935 0.13671875
3936 0.109375
3937 0.0361328125
3938 0.111328125
3939 0.1455078125
3940 0.115234375
3941 0.0263671875
3942 0.099609375
3943 0.1357421875
3944 0.1064453125
3945 0.0380859375
3946 0.11328125
3947 0.1474609375
3948 0.1142578125
3949 0.0634765625
3950 0.1357421875
3951 0.16796875
3952 0.130859375
3953 0.0888671875
3954 0.158203125
3955 0.19140625
3956 0.150390625
3957 0.103515625
3958 0.1689453125
3959 0.2001953125
3960 0.154296875
3961 0.0966796875
3962 0.1611328125
3963 0.1884765625
3964 0.14453125
3965 0.09375
3966 0.158203125
3967 0.1884765625
3968 0.1435546875
3969 0.09375
3970 0.1572265625
3971 0.1865234375
3972 0.140625
3973 0.0556640625
3974 0.0732421875
3975 0.0966796875
3976 0.056640625
3977 -0.041015625
3978 0.0078125
3979 0.0361328125
3980 0.01171875
3981 -0.0888671875
3982 -0.0009765625
3983 0.0439453125
3984 0.0244140625
3985 -0.0234375
3986 0.05859375
3987 0.09765625
3988 0.06640625
3989 -0.0302734375
3990 -0.0107421875
3991 0.0224609375
3992 -0.001953125
3993 -0.109375
3994 -0.0498046875
3995 -0.0087890625
3996 -0.0263671875
3997 -0.162109375
3998 -0.0986328125
3999 -0.05078125
4000 -0.056640625
4001 -0.2001953125
4002 -0.08984375
4003 -0.029296875
4004 -0.0302734375
4005 -0.1025390625
4006 -0.0087890625
4007 0.041015625
4008 0.025390625
4009 -0.041015625
4010 0.041015625
4011 0.083984375
4012 0.0576171875
4013 -0.013671875
4014 0.0615234375
4015 0.1025390625
4016 0.0712890625
4017 0.001953125
4018 0.0771484375
4019 0.1142578125
4020 0.080078125
4021 0.0048828125
4022 0.080078125
4023 0.115234375
4024 0.0810546875
4025 0.021484375
4026 0.0947265625
4027 0.130859375
4028 0.09375
4029 0.013671875
4030 0.0322265625
4031 0.0615234375
4032 0.029296875
4033 -0.0634765625
4034 -0.0166015625
4035 0.0205078125
4036 -0.00390625
4037 -0.109375
4038 -0.052734375
4039 -0.0107421875
4040 -0.029296875
4041 -0.11328125
4042 -0.0185546875
4043 0.029296875
4044 0.01171875
4045 -0.0634765625
4046 -0.0400390625
4047 0.0009765625
4048 -0.0185546875
4049 -0.1298828125
4050 -0.033203125
4051 0.013671875
4052 0.0009765625
4053 -0.1396484375
4054 -0.115234375
4055 -0.0625
4056 -0.06640625
4057 -0.2099609375
4058 -0.0966796875
4059 -0.0322265625
4060 -0.033203125
4061 -0.083984375
4062 0.0087890625
4063 0.0546875
4064 0.0341796875
4065 -0.080078125
4066 -0.0595703125
4067 -0.015625
4068 -0.029296875
4069 -0.1298828125
4070 -0.0634765625
4071 -0.0185546875
4072 -0.0322265625
4073 -0.1650390625
4074 -0.095703125
4075 -0.046875
4076 -0.0537109375
4077 -0.2119140625
4078 -0.140625
4079 -0.076171875
4080 -0.076171875
4081 -0.2021484375
4082 -0.126953125
4083 -0.0673828125
4084 -0.0673828125
4085 -0.162109375
4086 -0.0888671875
4087 -0.03515625
4088 -0.0439453125
4089 -0.1611328125
4090 -0.0517578125
4091 0.001953125
4092 -0.00390625
4093 -0.1630859375
4094 -0.134765625
4095 -0.072265625
4096 -0.0673828125
4097 -0.181640625
4098 -0.1064453125
4099 -0.0478515625
4100 -0.0498046875
4101 -0.1259765625
4102 -0.0556640625
4103 -0.0068359375
4104 -0.0185546875
4105 -0.1435546875
4106 -0.0390625
4107 0.0146484375
4108 0.009765625
4109 -0.1259765625
4110 -0.1005859375
4111 -0.041015625
4112 -0.0419921875
4113 -0.134765625
4114 -0.02734375
4115 0.02734375
4116 0.0205078125
4117 -0.02734375
4118 0.060546875
4119 0.1025390625
4120 0.078125
4121 0.0107421875
4122 0.08984375
4123 0.126953125
4124 0.0966796875
4125 0.0400390625
4126 0.072265625
4127 0.072265625
4128 0.0986328125
4129 0.0009765625
4130 -0.0419921875
4131 -0.037109375
4132 0.0029296875
4133 -0.08203125
4134 -0.0341796875
4135 -0.021484375
4136 0.0244140625
4137 -0.05078125
4138 -0.0810546875
4139 -0.0693359375
4140 -0.0205078125
4141 -0.0810546875
4142 -0.068359375
4143 -0.060546875
4144 -0.015625
4145 -0.115234375
4146 -0.1015625
4147 -0.0849609375
4148 -0.033203125
4149 -0.1259765625
4150 -0.0712890625
4151 -0.0478515625
4152 0.00390625
4153 -0.0419921875
4154 -0.005859375
4155 0.0068359375
4156 0.048828125
4157 -0.001953125
4158 0.02734375
4159 0.0341796875
4160 0.0693359375
4161 0.0234375
4162 0.048828125
4163 0.0517578125
4164 0.0849609375
4165 0.0361328125
4166 0.0576171875
4167 0.0576171875
4168 0.087890625
4169 0.03125
4170 0.0517578125
4171 0.0537109375
4172 0.0849609375
4173 0.009765625
4174 0.03125
4175 0.03515625
4176 0.0693359375
4177 0.017578125
4178 0.0400390625
4179 0.0439453125
4180 0.076171875
4181 0.0283203125
4182 -0.0087890625
4183 -0.01171875
4184 0.025390625
4185 -0.021484375
4186 0.0107421875
4187 0.0166015625
4188 0.0546875
4189 0.0478515625
4190 0.068359375
4191 0.0654296875
4192 0.09375
4193 0.064453125
4194 0.080078125
4195 0.0732421875
4196 0.099609375
4197 0.0546875
4198 0.0693359375
4199 0.0673828125
4200 0.0927734375
4201 0.068359375
4202 0.0830078125
4203 0.0771484375
4204 0.1025390625
4205 0.0927734375
4206 0.1044921875
4207 0.0986328125
4208 0.119140625
4209 0.123046875
4210 0.1298828125
4211 0.1220703125
4212 0.140625
4213 0.13671875
4214 0.1396484375
4215 0.1318359375
4216 0.1455078125
4217 0.1298828125
4218 0.134765625
4219 0.12109375
4220 0.1357421875
4221 0.1279296875
4222 0.1318359375
4223 0.1220703125
4224 0.1337890625
4225 0.1259765625
4226 0.1318359375
4227 0.119140625
4228 0.1328125
4229 0.091796875
4230 0.0498046875
4231 0.0322265625
4232 0.0517578125
4233 -0.0087890625
4234 -0.017578125
4235 -0.025390625
4236 0.001953125
4237 -0.0625
4238 -0.029296875
4239 -0.0234375
4240 0.013671875
4241 0.0107421875
4242 0.03125
4243 0.0322265625
4244 0.0595703125
4245 0.0009765625
4246 -0.0400390625
4247 -0.0419921875
4248 -0.0078125
4249 -0.1064453125
4250 -0.1025390625
4251 -0.0947265625
4252 -0.0498046875
4253 -0.1123046875
4254 -0.1044921875
4255 -0.0966796875
4256 -0.0498046875
4257 -0.1005859375
4258 -0.091796875
4259 -0.083984375
4260 -0.0419921875
4261 -0.103515625
4262 -0.0966796875
4263 -0.0849609375
4264 -0.04296875
4265 -0.1533203125
4266 -0.162109375
4267 -0.13671875
4268 -0.080078125
4269 -0.1455078125
4270 -0.1318359375
4271 -0.11328125
4272 -0.0625
4273 -0.1318359375
4274 -0.1171875
4275 -0.1025390625
4276 -0.05078125
4277 -0.103515625
4278 -0.0546875
4279 -0.041015625
4280 0.0048828125
4281 -0.046875
4282 -0.1005859375
4283 -0.0830078125
4284 -0.037109375
4285 -0.103515625
4286 -0.0576171875
4287 -0.041015625
4288 0.005859375
4289 -0.0986328125
4290 -0.12890625
4291 -0.1064453125
4292 -0.0556640625
4293 -0.1181640625
4294 -0.06640625
4295 -0.0458984375
4296 0.0029296875
4297 -0.01953125
4298 0.0146484375
4299 0.0185546875
4300 0.0546875
4301 -0.0390625
4302 -0.0732421875
4303 -0.0673828125
4304 -0.0224609375
4305 -0.15625
4306 -0.13671875
4307 -0.111328125
4308 -0.056640625
4309 -0.13671875
4310 -0.11328125
4311 -0.095703125
4312 -0.0458984375
4313 -0.1142578125
4314 -0.0615234375
4315 -0.0419921875
4316 0.005859375
4317 -0.0869140625
4318 -0.11328125
4319 -0.0947265625
4320 -0.0419921875
4321 -0.1142578125
4322 -0.099609375
4323 -0.08203125
4324 -0.029296875
4325 -0.1015625
4326 -0.0888671875
4327 -0.0771484375
4328 -0.0263671875
4329 -0.125
4330 -0.0703125
4331 -0.0458984375
4332 0.005859375
4333 -0.0166015625
4334 0.01953125
4335 0.0263671875
4336 0.064453125
4337 0.064453125
4338 0.0830078125
4339 0.0830078125
4340 0.109375
4341 0.1181640625
4342 0.130859375
4343 0.125
4344 0.14453125
4345 0.142578125
4346 0.150390625
4347 0.1396484375
4348 0.15625
4349 0.142578125
4350 0.146484375
4351 0.1357421875
4352 0.1513671875
4353 0.1455078125
4354 0.1484375
4355 0.13671875
4356 0.1513671875
4357 0.1455078125
4358 0.1484375
4359 0.13671875
4360 0.150390625
4361 0.107421875
4362 0.06640625
4363 0.05078125
4364 0.0703125
4365 0.0087890625
4366 -0.0009765625
4367 -0.0107421875
4368 0.0205078125
4369 -0.0439453125
4370 -0.0107421875
4371 -0.0048828125
4372 0.033203125
4373 0.02734375
4374 0.0498046875
4375 0.048828125
4376 0.0771484375
4377 0.0185546875
4378 -0.0205078125
4379 -0.0244140625
4380 0.0068359375
4381 -0.08984375
4382 -0.0869140625
4383 -0.078125
4384 -0.0341796875
4385 -0.095703125
4386 -0.0888671875
4387 -0.08203125
4388 -0.03515625
4389 -0.0869140625
4390 -0.076171875
4391 -0.0693359375
4392 -0.0263671875
4393 -0.08984375
4394 -0.0810546875
4395 -0.072265625
4396 -0.0283203125
4397 -0.1376953125
4398 -0.1474609375
4399 -0.1201171875
4400 -0.0634765625
4401 -0.1298828125
4402 -0.1181640625
4403 -0.0986328125
4404 -0.0478515625
4405 -0.1171875
4406 -0.103515625
4407 -0.08984375
4408 -0.0400390625
4409 -0.08984375
4410 -0.0439453125
4411 -0.0283203125
4412 0.0185546875
4413 -0.03515625
4414 -0.0908203125
4415 -0.072265625
4416 -0.0244140625
4417 -0.0830078125
4418 -0.037109375
4419 -0.0224609375
4420 0.021484375
4421 -0.0634765625
4422 -0.09375
4423 -0.0791015625
4424 -0.029296875
4425 -0.0849609375
4426 -0.0400390625
4427 -0.0234375
4428 0.0234375
4429 0.001953125
4430 0.03125
4431 0.033203125
4432 0.0693359375
4433 -0.013671875
4434 -0.048828125
4435 -0.0458984375
4436 -0.0029296875
4437 -0.1337890625
4438 -0.1162109375
4439 -0.095703125
4440 -0.0390625
4441 -0.1201171875
4442 -0.0966796875
4443 -0.0830078125
4444 -0.0341796875
4445 -0.099609375
4446 -0.0498046875
4447 -0.0341796875
4448 0.0166015625
4449 -0.078125
4450 -0.10546875
4451 -0.0849609375
4452 -0.0322265625
4453 -0.1044921875
4454 -0.0927734375
4455 -0.0751953125
4456 -0.0224609375
4457 -0.0947265625
4458 -0.083984375
4459 -0.0693359375
4460 -0.017578125
4461 -0.123046875
4462 -0.06640625
4463 -0.0439453125
4464 0.0107421875
4465 -0.0107421875
4466 0.0234375
4467 0.03125
4468 0.068359375
4469 0.0673828125
4470 0.0888671875
4471 0.0888671875
4472 0.1142578125
4473 0.125
4474 0.134765625
4475 0.1298828125
4476 0.1494140625
4477 0.1484375
4478 0.154296875
4479 0.14453125
4480 0.162109375
4481 0.1474609375
4482 0.1533203125
4483 0.138671875
4484 0.1552734375
4485 0.1484375
4486 0.15234375
4487 0.1416015625
4488 0.1572265625
4489 0.1494140625
4490 0.15234375
4491 0.140625
4492 0.1552734375
4493 0.11328125
4494 0.0712890625
4495 0.0537109375
4496 0.0732421875
4497 0.013671875
4498 0.001953125
4499 -0.005859375
4500 0.0244140625
4501 -0.0390625
4502 -0.005859375
4503 -0.0029296875
4504 0.037109375
4505 0.0322265625
4506 0.0537109375
4507 0.0517578125
4508 0.0810546875
4509 0.0205078125
4510 -0.0185546875
4511 -0.021484375
4512 0.01171875
4513 -0.0869140625
4514 -0.08203125
4515 -0.0732421875
4516 -0.029296875
4517 -0.0908203125
4518 -0.0849609375
4519 -0.0771484375
4520 -0.0322265625
4521 -0.0810546875
4522 -0.072265625
4523 -0.064453125
4524 -0.0224609375
4525 -0.0849609375
4526 -0.0791015625
4527 -0.068359375
4528 -0.0244140625
4529 -0.1376953125
4530 -0.142578125
4531 -0.1201171875
4532 -0.0595703125
4533 -0.1279296875
4534 -0.1142578125
4535 -0.095703125
4536 -0.0439453125
4537 -0.11328125
4538 -0.1005859375
4539 -0.0869140625
4540 -0.03515625
4541 -0.0849609375
4542 -0.041015625
4543 -0.025390625
4544 0.0205078125
4545 -0.0322265625
4546 -0.0849609375
4547 -0.068359375
4548 -0.021484375
4549 -0.080078125
4550 -0.0341796875
4551 -0.021484375
4552 0.025390625
4553 -0.0654296875
4554 -0.091796875
4555 -0.0771484375
4556 -0.02734375
4557 -0.087890625
4558 -0.0390625
4559 -0.0224609375
4560 0.0234375
4561 0.00390625
4562 0.033203125
4563 0.0361328125
4564 0.0712890625
4565 -0.009765625
4566 -0.046875
4567 -0.04296875
4568 -0.001953125
4569 -0.1318359375
4570 -0.1142578125
4571 -0.0947265625
4572 -0.0390625
4573 -0.1201171875
4574 -0.095703125
4575 -0.083984375
4576 -0.03125
4577 -0.1015625
4578 -0.048828125
4579 -0.0322265625
4580 0.0185546875
4581 -0.0751953125
4582 -0.1044921875
4583 -0.083984375
4584 -0.03125
4585 -0.1025390625
4586 -0.08984375
4587 -0.0712890625
4588 -0.021484375
4589 -0.091796875
4590 -0.0810546875
4591 -0.06640625
4592 -0.017578125
4593 -0.119140625
4594 -0.064453125
4595 -0.04296875
4596 0.0126953125
4597 -0.009765625
4598 0.02734375
4599 0.0322265625
4600 0.0712890625
4601 0.0703125
4602 0.0908203125
4603 0.0888671875
4604 0.1162109375
4605 0.125
4606 0.1357421875
4607 0.1298828125
4608 0.150390625
4609 0.1513671875
4610 0.15625
4611 0.146484375
4612 0.1640625
4613 0.1494140625
4614 0.1533203125
4615 0.1396484375
4616 0.1572265625
4617 0.150390625
4618 0.1572265625
4619 0.1435546875
4620 0.158203125
4621 0.1513671875
4622 0.1552734375
4623 0.142578125
4624 0.1572265625
4625 0.1142578125
4626 0.0712890625
4627 0.056640625
4628 0.0732421875
4629 0.0146484375
4630 0.0029296875
4631 -0.00390625
4632 0.025390625
4633 -0.037109375
4634 -0.0048828125
4635 0.0
4636 0.0380859375
4637 0.0341796875
4638 0.0546875
4639 0.0546875
4640 0.083984375
4641 0.0224609375
4642 -0.0166015625
4643 -0.0185546875
4644 0.0146484375
4645 -0.0859375
4646 -0.0791015625
4647 -0.072265625
4648 -0.0283203125
4649 -0.0908203125
4650 -0.0849609375
4651 -0.07421875
4652 -0.0302734375
4653 -0.0810546875
4654 -0.0703125
4655 -0.0634765625
4656 -0.0205078125
4657 -0.0810546875
4658 -0.0771484375
4659 -0.06640625
4660 -0.0234375
4661 -0.134765625
4662 -0.140625
4663 -0.1171875
4664 -0.05859375
4665 -0.125
4666 -0.1103515625
4667 -0.095703125
4668 -0.041015625
4669 -0.11328125
4670 -0.099609375
4671 -0.087890625
4672 -0.03515625
4673 -0.0859375
4674 -0.0400390625
4675 -0.0244140625
4676 0.021484375
4677 -0.0322265625
4678 -0.087890625
4679 -0.0673828125
4680 -0.0205078125
4681 -0.0791015625
4682 -0.033203125
4683 -0.021484375
4684 0.025390625
4685 -0.0615234375
4686 -0.091796875
4687 -0.076171875
4688 -0.025390625
4689 -0.0859375
4690 -0.037109375
4691 -0.0224609375
4692 0.0263671875
4693 0.00390625
4694 0.0341796875
4695 0.0361328125
4696 0.0703125
4697 -0.0126953125
4698 -0.048828125
4699 -0.04296875
4700 -0.0029296875
4701 -0.1328125
4702 -0.1162109375
4703 -0.0927734375
4704 -0.0390625
4705 -0.1181640625
4706 -0.0927734375
4707 -0.0810546875
4708 -0.0302734375
4709 -0.099609375
4710 -0.044921875
4711 -0.03125
4712 0.01953125
4713 -0.0751953125
4714 -0.1015625
4715 -0.0830078125
4716 -0.03125
4717 -0.1015625
4718 -0.0888671875
4719 -0.0703125
4720 -0.0205078125
4721 -0.091796875
4722 -0.0810546875
4723 -0.06640625
4724 -0.017578125
4725 -0.12109375
4726 -0.064453125
4727 -0.0419921875
4728 0.01171875
4729 -0.0087890625
4730 0.02734375
4731 0.033203125
4732 0.072265625
4733 0.0703125
4734 0.08984375
4735 0.0908203125
4736 0.1181640625
4737 0.1259765625
4738 0.138671875
4739 0.1328125
4740 0.1513671875
4741 0.150390625
4742 0.1572265625
4743 0.150390625
4744 0.1650390625
4745 0.150390625
4746 0.1552734375
4747 0.1416015625
4748 0.1591796875
4749 0.1513671875
4750 0.15625
4751 0.1435546875
4752 0.158203125
4753 0.1513671875
4754 0.1572265625
4755 0.1435546875
4756 0.158203125
4757 0.115234375
4758 0.0751953125
4759 0.05859375
4760 0.0771484375
4761 0.015625
4762 0.0048828125
4763 -0.001953125
4764 0.02734375
4765 -0.0361328125
4766 -0.00390625
4767 0.001953125
4768 0.0390625
4769 0.0341796875
4770 0.0546875
4771 0.0546875
4772 0.08203125
4773 0.0244140625
4774 -0.0166015625
4775 -0.01953125
4776 0.013671875
4777 -0.0859375
4778 -0.0791015625
4779 -0.072265625
4780 -0.0263671875
4781 -0.08984375
4782 -0.08203125
4783 -0.07421875
4784 -0.0283203125
4785 -0.0791015625
4786 -0.0703125
4787 -0.0615234375
4788 -0.021484375
4789 -0.0830078125
4790 -0.076171875
4791 -0.064453125
4792 -0.0234375
4793 -0.130859375
4794 -0.142578125
4795 -0.115234375
4796 -0.0595703125
4797 -0.1259765625
4798 -0.11328125
4799 -0.0947265625
4800 -0.0419921875
4801 -0.1123046875
4802 -0.09765625
4803 -0.083984375
4804 -0.0341796875
4805 -0.0869140625
4806 -0.0390625
4807 -0.0224609375
4808 0.021484375
4809 -0.029296875
4810 -0.0859375
4811 -0.064453125
4812 -0.01953125
4813 -0.080078125
4814 -0.033203125
4815 -0.017578125
4816 0.0263671875
4817 -0.0625
4818 -0.09375
4819 -0.07421875
4820 -0.0283203125
4821 -0.08984375
4822 -0.0390625
4823 -0.0234375
4824 0.0234375
4825 0.001953125
4826 0.033203125
4827 0.037109375
4828 0.072265625
4829 -0.009765625
4830 -0.0458984375
4831 -0.0419921875
4832 -0.001953125
4833 -0.1298828125
4834 -0.1142578125
4835 -0.091796875
4836 -0.0400390625
4837 -0.1181640625
4838 -0.095703125
4839 -0.0791015625
4840 -0.0322265625
4841 -0.099609375
4842 -0.0478515625
4843 -0.0302734375
4844 0.0185546875
4845 -0.0732421875
4846 -0.1015625
4847 -0.0830078125
4848 -0.0302734375
4849 -0.1025390625
4850 -0.0869140625
4851 -0.068359375
4852 -0.0185546875
4853 -0.0908203125
4854 -0.0791015625
4855 -0.064453125
4856 -0.0166015625
4857 -0.1171875
4858 -0.0634765625
4859 -0.0361328125
4860 0.0126953125
4861 -0.0087890625
4862 0.0283203125
4863 0.0361328125
4864 0.0712890625
4865 0.0693359375
4866 0.0927734375
4867 0.091796875
4868 0.1171875
4869 0.1259765625
4870 0.138671875
4871 0.1337890625
4872 0.15234375
4873 0.150390625
4874 0.16015625
4875 0.150390625
4876 0.166015625
4877 0.1513671875
4878 0.1552734375
4879 0.14453125
4880 0.1591796875
4881 0.154296875
4882 0.15625
4883 0.1455078125
4884 0.16015625
4885 0.15234375
4886 0.1572265625
4887 0.1455078125
4888 0.158203125
4889 0.115234375
4890 0.076171875
4891 0.056640625
4892 0.076171875
4893 0.0126953125
4894 0.0029296875
4895 -0.0009765625
4896 0.02734375
4897 -0.037109375
4898 -0.0048828125
4899 0.0029296875
4900 0.0419921875
4901 0.0341796875
4902 0.056640625
4903 0.056640625
4904 0.083984375
4905 0.0244140625
4906 -0.0146484375
4907 -0.015625
4908 0.015625
4909 -0.0830078125
4910 -0.078125
4911 -0.068359375
4912 -0.0263671875
4913 -0.0888671875
4914 -0.083984375
4915 -0.0732421875
4916 -0.0302734375
4917 -0.080078125
4918 -0.0703125
4919 -0.0615234375
4920 -0.021484375
4921 -0.0830078125
4922 -0.07421875
4923 -0.0654296875
4924 -0.0234375
4925 -0.1318359375
4926 -0.140625
4927 -0.1162109375
4928 -0.0595703125
4929 -0.1240234375
4930 -0.111328125
4931 -0.0927734375
4932 -0.0419921875
4933 -0.1103515625
4934 -0.0986328125
4935 -0.0849609375
4936 -0.0341796875
4937 -0.083984375
4938 -0.0361328125
4939 -0.0224609375
4940 0.0244140625
4941 -0.029296875
4942 -0.0830078125
4943 -0.06640625
4944 -0.0185546875
4945 -0.078125
4946 -0.0322265625
4947 -0.0185546875
4948 0.02734375
4949 -0.0595703125
4950 -0.091796875
4951 -0.07421875
4952 -0.025390625
4953 -0.083984375
4954 -0.037109375
4955 -0.01953125
4956 0.025390625
4957 0.0048828125
4958 0.03515625
4959 0.0380859375
4960 0.072265625
4961 -0.0107421875
4962 -0.0458984375
4963 -0.0419921875
4964 -0.0009765625
4965 -0.130859375
4966 -0.11328125
4967 -0.0927734375
4968 -0.0380859375
4969 -0.1181640625
4970 -0.091796875
4971 -0.080078125
4972 -0.03125
4973 -0.0986328125
4974 -0.044921875
4975 -0.0283203125
4976 0.0205078125
4977 -0.072265625
4978 -0.1015625
4979 -0.0830078125
4980 -0.029296875
4981 -0.1015625
4982 -0.087890625
4983 -0.0703125
4984 -0.0166015625
4985 -0.0908203125
4986 -0.0791015625
4987 -0.064453125
4988 -0.0146484375
4989 -0.1201171875
4990 -0.0654296875
4991 -0.041015625
4992 0.013671875
4993 -0.0087890625
4994 0.0263671875
4995 0.0341796875
4996 0.0732421875
4997 0.072265625
4998 0.09375
4999 0.091796875
