x y
0 -0.0234375
1 -0.1982421875
2 -0.1416015625
3 -0.0771484375
4 -0.0712890625
5 -0.4453125
6 -0.1123046875
7 -0.0341796875
8 -0.0595703125
9 -0.1767578125
10 -0.083984375
11 -0.0087890625
12 -0.041015625
13 -0.1484375
14 -0.01953125
15 0.0546875
16 0.017578125
17 -0.08984375
18 -0.0654296875
19 0.0126953125
20 -0.0244140625
21 -0.150390625
22 -0.01953125
23 0.0576171875
24 0.01953125
25 -0.115234375
26 -0.0673828125
27 0.0048828125
28 -0.02734375
29 -0.1435546875
30 -0.052734375
31 0.0166015625
32 -0.0166015625
33 -0.1240234375
34 -0.033203125
35 0.0322265625
36 -0.0078125
37 -0.125
38 -0.001953125
39 0.0693359375
40 0.0322265625
41 -0.0576171875
42 0.056640625
43 0.1220703125
44 0.0712890625
45 0.0078125
46 0.11328125
47 0.1708984375
48 0.111328125
49 0.0166015625
50 0.0654296875
51 0.11328125
52 0.0556640625
53 -0.076171875
54 0.037109375
55 0.0986328125
56 0.0546875
57 -0.0859375
58 -0.0458984375
59 0.021484375
60 -0.015625
61 -0.1298828125
62 -0.044921875
63 0.0224609375
64 -0.0126953125
65 -0.126953125
66 -0.041015625
67 0.0224609375
68 -0.01171875
69 -0.1552734375
70 -0.02734375
71 0.0458984375
72 0.015625
73 -0.04296875
74 0.0703125
75 0.1318359375
76 0.0810546875
77 -0.015625
78 0.03515625
79 0.0869140625
80 0.03515625
81 -0.095703125
82 0.0205078125
83 0.0849609375
84 0.0419921875
85 -0.09375
86 -0.0546875
87 0.0107421875
88 -0.0205078125
89 -0.134765625
90 -0.048828125
91 0.017578125
92 -0.0166015625
93 -0.1298828125
94 -0.0439453125
95 0.0205078125
96 -0.013671875
97 -0.1552734375
98 -0.029296875
99 0.0439453125
100 0.0146484375
101 -0.0390625
102 0.0693359375
103 0.1298828125
104 0.08203125
105 -0.01171875
106 0.0341796875
107 0.0859375
108 0.037109375
109 -0.08984375
110 0.021484375
111 0.083984375
112 0.044921875
113 -0.09375
114 -0.0556640625
115 0.005859375
116 -0.01953125
117 -0.1328125
118 -0.0478515625
119 0.013671875
120 -0.0146484375
121 -0.12890625
122 -0.04296875
123 0.0185546875
124 -0.015625
125 -0.1572265625
126 -0.03125
127 0.041015625
128 0.01171875
129 -0.0419921875
130 0.068359375
131 0.12890625
132 0.080078125
133 -0.009765625
134 0.0341796875
135 0.0859375
136 0.0361328125
137 -0.0947265625
138 0.021484375
139 0.0830078125
140 0.04296875
141 -0.095703125
142 -0.0546875
143 0.009765625
144 -0.0205078125
145 -0.1328125
146 -0.0498046875
147 0.0166015625
148 -0.0166015625
149 -0.1279296875
150 -0.0439453125
151 0.01953125
152 -0.0146484375
153 -0.1513671875
154 -0.0283203125
155 0.044921875
156 0.0146484375
157 -0.0390625
158 0.0693359375
159 0.12890625
160 0.0810546875
161 -0.0107421875
162 0.0380859375
163 0.0869140625
164 0.037109375
165 -0.0927734375
166 0.0224609375
167 0.0849609375
168 0.044921875
169 -0.0947265625
170 -0.0556640625
171 0.01171875
172 -0.0205078125
173 -0.134765625
174 -0.0498046875
175 0.017578125
176 -0.017578125
177 -0.1298828125
178 -0.0439453125
179 0.021484375
180 -0.015625
181 -0.154296875
182 -0.0263671875
183 0.0439453125
184 0.0126953125
185 -0.0439453125
186 0.0693359375
187 0.1298828125
188 0.0810546875
189 -0.013671875
190 0.037109375
191 0.0869140625
192 0.0361328125
193 -0.0947265625
194 0.021484375
195 0.0859375
196 0.0419921875
197 -0.095703125
198 -0.0546875
199 0.0126953125
200 -0.0224609375
201 -0.134765625
202 -0.048828125
203 0.0205078125
204 -0.0166015625
205 -0.1298828125
206 -0.0419921875
207 0.021484375
208 -0.013671875
209 -0.1552734375
210 -0.02734375
211 0.046875
212 0.013671875
213 -0.041015625
214 0.0712890625
215 0.1318359375
216 0.0810546875
217 -0.0126953125
218 0.03515625
219 0.0869140625
220 0.0361328125
221 -0.09375
222 0.0205078125
223 0.083984375
224 0.0439453125
225 -0.095703125
226 -0.0546875
227 0.0107421875
228 -0.0205078125
229 -0.134765625
230 -0.0478515625
231 0.0185546875
232 -0.015625
233 -0.130859375
234 -0.04296875
235 0.021484375
236 -0.013671875
237 -0.15625
238 -0.0283203125
239 0.0458984375
240 0.0146484375
241 -0.0419921875
242 0.0693359375
243 0.130859375
244 0.08203125
245 -0.01171875
246 0.037109375
247 0.087890625
248 0.037109375
249 -0.095703125
250 0.01953125
251 0.083984375
252 0.04296875
253 -0.0947265625
254 -0.0546875
255 0.01171875
256 -0.0205078125
257 -0.1337890625
258 -0.0478515625
259 0.017578125
260 -0.015625
261 -0.1279296875
262 -0.0419921875
263 0.021484375
264 -0.013671875
265 -0.1513671875
266 -0.0263671875
267 0.0458984375
268 0.0166015625
269 -0.0380859375
270 0.0703125
271 0.1298828125
272 0.08203125
273 -0.01171875
274 0.037109375
275 0.0859375
276 0.037109375
277 -0.0908203125
278 0.0234375
279 0.0849609375
280 0.0458984375
281 -0.091796875
282 -0.0517578125
283 0.0126953125
284 -0.017578125
285 -0.1318359375
286 -0.046875
287 0.0205078125
288 -0.0146484375
289 -0.126953125
290 -0.0419921875
291 0.0224609375
292 -0.0146484375
293 -0.1513671875
294 -0.0263671875
295 0.0478515625
296 0.0146484375
297 -0.041015625
298 0.0703125
299 0.1328125
300 0.08203125
301 -0.01171875
302 0.0380859375
303 0.0908203125
304 0.037109375
305 -0.0947265625
306 0.0224609375
307 0.0869140625
308 0.0439453125
309 -0.0927734375
310 -0.0537109375
311 0.0146484375
312 -0.01953125
313 -0.1337890625
314 -0.048828125
315 0.0205078125
316 -0.015625
317 -0.12890625
318 -0.0419921875
319 0.021484375
320 -0.0146484375
321 -0.15625
322 -0.0263671875
323 0.0458984375
324 0.015625
325 -0.0419921875
326 0.0712890625
327 0.1328125
328 0.0830078125
329 -0.01171875
330 0.0380859375
331 0.0888671875
332 0.037109375
333 -0.0927734375
334 0.0224609375
335 0.0849609375
336 0.0439453125
337 -0.0927734375
338 -0.0537109375
339 0.0126953125
340 -0.0185546875
341 -0.130859375
342 -0.046875
343 0.017578125
344 -0.0126953125
345 -0.126953125
346 -0.0419921875
347 0.0205078125
348 -0.013671875
349 -0.154296875
350 -0.02734375
351 0.0439453125
352 0.0146484375
353 -0.041015625
354 0.0703125
355 0.1318359375
356 0.08203125
357 -0.0126953125
358 0.037109375
359 0.0888671875
360 0.037109375
361 -0.095703125
362 0.0205078125
363 0.0869140625
364 0.0439453125
365 -0.095703125
366 -0.0546875
367 0.01171875
368 -0.021484375
369 -0.134765625
370 -0.0478515625
371 0.0166015625
372 -0.0146484375
373 -0.1298828125
374 -0.0419921875
375 0.021484375
376 -0.0126953125
377 -0.15234375
378 -0.025390625
379 0.046875
380 0.0146484375
381 -0.0390625
382 0.0712890625
383 0.134765625
384 0.08203125
385 -0.0107421875
386 0.0380859375
387 0.0908203125
388 0.0361328125
389 -0.09375
390 0.0224609375
391 0.0869140625
392 0.0458984375
393 -0.095703125
394 -0.05078125
395 0.0146484375
396 -0.01953125
397 -0.1337890625
398 -0.044921875
399 0.021484375
400 -0.0166015625
401 -0.12890625
402 -0.041015625
403 0.0244140625
404 -0.015625
405 -0.1552734375
406 -0.0263671875
407 0.0478515625
408 0.0146484375
409 -0.0400390625
410 0.0703125
411 0.134765625
412 0.08203125
413 -0.0126953125
414 0.0380859375
415 0.0908203125
416 0.0361328125
417 -0.0986328125
418 0.0224609375
419 0.08984375
420 0.0439453125
421 -0.0947265625
422 -0.0537109375
423 0.0166015625
424 -0.021484375
425 -0.1357421875
426 -0.046875
427 0.0244140625
428 -0.0146484375
429 -0.1298828125
430 -0.041015625
431 0.025390625
432 -0.0126953125
433 -0.1572265625
434 -0.0263671875
435 0.048828125
436 0.0146484375
437 -0.0439453125
438 0.0712890625
439 0.13671875
440 0.0810546875
441 -0.013671875
442 0.0380859375
443 0.0927734375
444 0.0361328125
445 -0.09765625
446 0.0234375
447 0.091796875
448 0.04296875
449 -0.0966796875
450 -0.052734375
451 0.0185546875
452 -0.0205078125
453 -0.1357421875
454 -0.0458984375
455 0.025390625
456 -0.0146484375
457 -0.1337890625
458 -0.041015625
459 0.0283203125
460 -0.013671875
461 -0.162109375
462 -0.02734375
463 0.048828125
464 0.0126953125
465 -0.0478515625
466 0.0712890625
467 0.1376953125
468 0.0810546875
469 -0.013671875
470 0.0380859375
471 0.0947265625
472 0.0361328125
473 -0.09765625
474 0.021484375
475 0.0908203125
476 0.0419921875
477 -0.095703125
478 -0.0537109375
479 0.017578125
480 -0.0205078125
481 -0.1357421875
482 -0.0458984375
483 0.025390625
484 -0.015625
485 -0.1318359375
486 -0.0390625
487 0.02734375
488 -0.013671875
489 -0.1552734375
490 -0.021484375
491 0.0537109375
492 0.0146484375
493 -0.04296875
494 0.072265625
495 0.138671875
496 0.0830078125
497 -0.0126953125
498 0.0390625
499 0.095703125
500 0.037109375
501 -0.0927734375
502 0.025390625
503 0.091796875
504 0.044921875
505 -0.09375
506 -0.05078125
507 0.01953125
508 -0.017578125
509 -0.13671875
510 -0.044921875
511 0.025390625
512 -0.013671875
513 -0.130859375
514 -0.041015625
515 0.02734375
516 -0.013671875
517 -0.1552734375
518 -0.025390625
519 0.0517578125
520 0.015625
521 -0.04296875
522 0.072265625
523 0.1376953125
524 0.0830078125
525 -0.0126953125
526 0.0390625
527 0.0947265625
528 0.0380859375
529 -0.0947265625
530 0.0244140625
531 0.08984375
532 0.0439453125
533 -0.09375
534 -0.0498046875
535 0.0185546875
536 -0.0185546875
537 -0.134765625
538 -0.0458984375
539 0.0234375
540 -0.0166015625
541 -0.1298828125
542 -0.0400390625
543 0.0263671875
544 -0.0126953125
545 -0.154296875
546 -0.02734375
547 0.0498046875
548 0.0146484375
549 -0.0419921875
550 0.072265625
551 0.13671875
552 0.0830078125
553 -0.01171875
554 0.0390625
555 0.0927734375
556 0.0380859375
557 -0.0966796875
558 0.0224609375
559 0.087890625
560 0.0439453125
561 -0.095703125
562 -0.0517578125
563 0.015625
564 -0.01953125
565 -0.1328125
566 -0.046875
567 0.0224609375
568 -0.013671875
569 -0.1298828125
570 -0.0400390625
571 0.025390625
572 -0.0126953125
573 -0.15625
574 -0.0263671875
575 0.0478515625
576 0.013671875
577 -0.0419921875
578 0.0732421875
579 0.1357421875
580 0.0830078125
581 -0.0126953125
582 0.0390625
583 0.091796875
584 0.0380859375
585 -0.09375
586 0.021484375
587 0.0888671875
588 0.04296875
589 -0.09375
590 -0.052734375
591 0.0146484375
592 -0.0185546875
593 -0.1328125
594 -0.0458984375
595 0.0205078125
596 -0.015625
597 -0.1298828125
598 -0.0400390625
599 0.0263671875
600 -0.0126953125
601 -0.154296875
602 -0.0244140625
603 0.0498046875
604 0.015625
605 -0.041015625
606 0.072265625
607 0.13671875
608 0.0830078125
609 -0.0126953125
610 0.0380859375
611 0.09375
612 0.0361328125
613 -0.09375
614 0.0234375
615 0.091796875
616 0.044921875
617 -0.09375
618 -0.0517578125
619 0.0185546875
620 -0.017578125
621 -0.1337890625
622 -0.0458984375
623 0.0234375
624 -0.015625
625 -0.1298828125
626 -0.0400390625
627 0.02734375
628 -0.0126953125
629 -0.15625
630 -0.0263671875
631 0.0498046875
632 0.015625
633 -0.04296875
634 0.072265625
635 0.1376953125
636 0.0810546875
637 -0.0107421875
638 0.0390625
639 0.0927734375
640 0.0390625
641 -0.0927734375
642 0.0234375
643 0.0888671875
644 0.044921875
645 -0.095703125
646 -0.0517578125
647 0.015625
648 -0.0185546875
649 -0.1337890625
650 -0.046875
651 0.021484375
652 -0.013671875
653 -0.1298828125
654 -0.0439453125
655 0.0234375
656 -0.015625
657 -0.15625
658 -0.0263671875
659 0.0478515625
660 0.0146484375
661 -0.0419921875
662 0.0712890625
663 0.13671875
664 0.0830078125
665 -0.0126953125
666 0.0390625
667 0.0927734375
668 0.0380859375
669 -0.0986328125
670 0.025390625
671 0.0908203125
672 0.0439453125
673 -0.09375
674 -0.05078125
675 0.017578125
676 -0.0185546875
677 -0.1357421875
678 -0.0458984375
679 0.025390625
680 -0.0146484375
681 -0.1279296875
682 -0.041015625
683 0.0263671875
684 -0.0126953125
685 -0.15625
686 -0.02734375
687 0.046875
688 0.015625
689 -0.041015625
690 0.0712890625
691 0.1357421875
692 0.08203125
693 -0.0107421875
694 0.0400390625
695 0.0908203125
696 0.0380859375
697 -0.095703125
698 0.021484375
699 0.0888671875
700 0.0419921875
701 -0.0947265625
702 -0.0556640625
703 0.013671875
704 -0.01953125
705 -0.1337890625
706 -0.046875
707 0.0224609375
708 -0.0146484375
709 -0.126953125
710 -0.041015625
711 0.0263671875
712 -0.01171875
713 -0.1533203125
714 -0.0244140625
715 0.0498046875
716 0.017578125
717 -0.041015625
718 0.07421875
719 0.134765625
720 0.0830078125
721 -0.009765625
722 0.0400390625
723 0.091796875
724 0.0390625
725 -0.0927734375
726 0.0244140625
727 0.0908203125
728 0.0458984375
729 -0.08984375
730 -0.0498046875
731 0.0185546875
732 -0.017578125
733 -0.1328125
734 -0.044921875
735 0.0244140625
736 -0.013671875
737 -0.1279296875
738 -0.0390625
739 0.0263671875
740 -0.01171875
741 -0.15625
742 -0.025390625
743 0.05078125
744 0.015625
745 -0.0439453125
746 0.072265625
747 0.138671875
748 0.08203125
749 -0.013671875
750 0.037109375
751 0.09375
752 0.0361328125
753 -0.0947265625
754 0.021484375
755 0.0908203125
756 0.0439453125
757 -0.0927734375
758 -0.05078125
759 0.0185546875
760 -0.0166015625
761 -0.134765625
762 -0.0439453125
763 0.0244140625
764 -0.013671875
765 -0.1279296875
766 -0.0390625
767 0.0263671875
768 -0.013671875
769 -0.154296875
770 -0.025390625
771 0.048828125
772 0.015625
773 -0.0400390625
774 0.0732421875
775 0.1357421875
776 0.0830078125
777 -0.009765625
778 0.0390625
779 0.0927734375
780 0.0380859375
781 -0.09375
782 0.0244140625
783 0.0908203125
784 0.0458984375
785 -0.0908203125
786 -0.0498046875
787 0.0166015625
788 -0.0166015625
789 -0.1328125
790 -0.044921875
791 0.0234375
792 -0.013671875
793 -0.12890625
794 -0.041015625
795 0.02734375
796 -0.01171875
797 -0.1552734375
798 -0.02734375
799 0.046875
800 0.0146484375
801 -0.0400390625
802 0.072265625
803 0.1337890625
804 0.08203125
805 -0.0107421875
806 0.0390625
807 0.0908203125
808 0.0400390625
809 -0.0947265625
810 0.0234375
811 0.087890625
812 0.0458984375
813 -0.09375
814 -0.052734375
815 0.0146484375
816 -0.0185546875
817 -0.1318359375
818 -0.0458984375
819 0.0205078125
820 -0.0126953125
821 -0.1259765625
822 -0.041015625
823 0.0234375
824 -0.01171875
825 -0.1533203125
826 -0.025390625
827 0.0478515625
828 0.0166015625
829 -0.0380859375
830 0.0732421875
831 0.134765625
832 0.0859375
833 -0.009765625
834 0.0390625
835 0.08984375
836 0.0380859375
837 -0.0908203125
838 0.0234375
839 0.0869140625
840 0.044921875
841 -0.0908203125
842 -0.05078125
843 0.013671875
844 -0.0185546875
845 -0.130859375
846 -0.0478515625
847 0.0166015625
848 -0.0126953125
849 -0.1259765625
850 -0.0419921875
851 0.0185546875
852 -0.0126953125
853 -0.1494140625
854 -0.025390625
855 0.0439453125
856 0.017578125
857 -0.037109375
858 0.0703125
859 0.130859375
860 0.0810546875
861 -0.009765625
862 0.037109375
863 0.08984375
864 0.0380859375
865 -0.091796875
866 0.01953125
867 0.0849609375
868 0.044921875
869 -0.0908203125
870 -0.0517578125
871 0.0126953125
872 -0.0185546875
873 -0.130859375
874 -0.0458984375
875 0.017578125
876 -0.0126953125
877 -0.1259765625
878 -0.0400390625
879 0.021484375
880 -0.0107421875
881 -0.1513671875
882 -0.0263671875
883 0.046875
884 0.015625
885 -0.0380859375
886 0.0712890625
887 0.1328125
888 0.0830078125
889 -0.0087890625
890 0.0390625
891 0.0888671875
892 0.0380859375
893 -0.0927734375
894 0.021484375
895 0.0830078125
896 0.0458984375
897 -0.0927734375
898 -0.0517578125
899 0.0126953125
900 -0.0185546875
901 -0.1318359375
902 -0.0439453125
903 0.01953125
904 -0.0126953125
905 -0.125
906 -0.041015625
907 0.0205078125
908 -0.013671875
909 -0.15234375
910 -0.02734375
911 0.0458984375
912 0.0146484375
913 -0.0380859375
914 0.0712890625
915 0.1328125
916 0.0830078125
917 -0.0107421875
918 0.0390625
919 0.08984375
920 0.0390625
921 -0.0947265625
922 0.021484375
923 0.083984375
924 0.044921875
925 -0.09375
926 -0.052734375
927 0.0107421875
928 -0.0185546875
929 -0.1328125
930 -0.0478515625
931 0.01953125
932 -0.013671875
933 -0.126953125
934 -0.0400390625
935 0.0244140625
936 -0.01171875
937 -0.1533203125
938 -0.025390625
939 0.0498046875
940 0.015625
941 -0.0390625
942 0.0712890625
943 0.1337890625
944 0.0830078125
945 -0.009765625
946 0.0400390625
947 0.0908203125
948 0.0380859375
949 -0.091796875
950 0.025390625
951 0.0888671875
952 0.0458984375
953 -0.0927734375
954 -0.0537109375
955 0.0126953125
956 -0.0185546875
957 -0.130859375
958 -0.046875
959 0.01953125
960 -0.013671875
961 -0.1279296875
962 -0.0400390625
963 0.0244140625
964 -0.01171875
965 -0.1552734375
966 -0.0263671875
967 0.046875
968 0.0166015625
969 -0.041015625
970 0.072265625
971 0.134765625
972 0.083984375
973 -0.009765625
974 0.0380859375
975 0.091796875
976 0.0380859375
977 -0.0927734375
978 0.0234375
979 0.087890625
980 0.0458984375
981 -0.0927734375
982 -0.052734375
983 0.0166015625
984 -0.0185546875
985 -0.1337890625
986 -0.046875
987 0.021484375
988 -0.0146484375
989 -0.130859375
990 -0.041015625
991 0.0244140625
992 -0.013671875
993 -0.15625
994 -0.0244140625
995 0.0498046875
996 0.0146484375
997 -0.0419921875
998 0.0732421875
999 0.1376953125
1000 0.08203125
1001 -0.01171875
1002 0.0390625
1003 0.095703125
1004 0.037109375
1005 -0.0927734375
1006 0.025390625
1007 0.091796875
1008 0.0458984375
1009 -0.09375
1010 -0.0517578125
1011 0.015625
1012 -0.0185546875
1013 -0.1328125
1014 -0.044921875
1015 0.0224609375
1016 -0.0126953125
1017 -0.1298828125
1018 -0.0400390625
1019 0.0244140625
1020 -0.013671875
1021 -0.154296875
1022 -0.0283203125
1023 0.0458984375
1024 0.0146484375
1025 -0.0419921875
1026 0.0732421875
1027 0.1337890625
1028 0.08203125
1029 -0.01171875
1030 0.0390625
1031 0.0927734375
1032 0.0380859375
1033 -0.0947265625
1034 0.0234375
1035 0.087890625
1036 0.0458984375
1037 -0.09765625
1038 -0.0556640625
1039 0.01171875
1040 -0.0205078125
1041 -0.134765625
1042 -0.0478515625
1043 0.0205078125
1044 -0.0146484375
1045 -0.130859375
1046 -0.0419921875
1047 0.02734375
1048 -0.013671875
1049 -0.1552734375
1050 -0.0244140625
1051 0.0537109375
1052 0.0146484375
1053 -0.04296875
1054 0.07421875
1055 0.1396484375
1056 0.08203125
1057 -0.0126953125
1058 0.0400390625
1059 0.0947265625
1060 0.0400390625
1061 -0.095703125
1062 0.0263671875
1063 0.09375
1064 0.0458984375
1065 -0.0947265625
1066 -0.0517578125
1067 0.0185546875
1068 -0.01953125
1069 -0.1337890625
1070 -0.046875
1071 0.025390625
1072 -0.013671875
1073 -0.12890625
1074 -0.041015625
1075 0.0283203125
1076 -0.013671875
1077 -0.1591796875
1078 -0.0244140625
1079 0.0517578125
1080 0.015625
1081 -0.0439453125
1082 0.072265625
1083 0.1376953125
1084 0.0830078125
1085 -0.0107421875
1086 0.0400390625
1087 0.0908203125
1088 0.0361328125
1089 -0.095703125
1090 0.0224609375
1091 0.0869140625
1092 0.044921875
1093 -0.09375
1094 -0.0537109375
1095 0.013671875
1096 -0.0185546875
1097 -0.1328125
1098 -0.0458984375
1099 0.0205078125
1100 -0.013671875
1101 -0.1298828125
1102 -0.0390625
1103 0.0234375
1104 -0.0107421875
1105 -0.1552734375
1106 -0.02734375
1107 0.0478515625
1108 0.0166015625
1109 -0.0400390625
1110 0.072265625
1111 0.134765625
1112 0.08203125
1113 -0.009765625
1114 0.0390625
1115 0.09375
1116 0.0380859375
1117 -0.0927734375
1118 0.0234375
1119 0.08984375
1120 0.044921875
1121 -0.0947265625
1122 -0.0537109375
1123 0.0166015625
1124 -0.0205078125
1125 -0.134765625
1126 -0.0458984375
1127 0.0224609375
1128 -0.013671875
1129 -0.1298828125
1130 -0.041015625
1131 0.025390625
1132 -0.0126953125
1133 -0.1591796875
1134 -0.02734375
1135 0.0478515625
1136 0.013671875
1137 -0.0419921875
1138 0.072265625
1139 0.13671875
1140 0.0830078125
1141 -0.01171875
1142 0.0380859375
1143 0.091796875
1144 0.0390625
1145 -0.0966796875
1146 0.0224609375
1147 0.087890625
1148 0.0439453125
1149 -0.095703125
1150 -0.0537109375
1151 0.017578125
1152 -0.01953125
1153 -0.1357421875
1154 -0.044921875
1155 0.0244140625
1156 -0.013671875
1157 -0.130859375
1158 -0.0400390625
1159 0.02734375
1160 -0.0126953125
1161 -0.1552734375
1162 -0.025390625
1163 0.05078125
1164 0.0146484375
1165 -0.041015625
1166 0.072265625
1167 0.138671875
1168 0.0830078125
1169 -0.01171875
1170 0.041015625
1171 0.0947265625
1172 0.0380859375
1173 -0.0947265625
1174 0.025390625
1175 0.091796875
1176 0.0458984375
1177 -0.09375
1178 -0.0498046875
1179 0.0185546875
1180 -0.01953125
1181 -0.1328125
1182 -0.0458984375
1183 0.0224609375
1184 -0.013671875
1185 -0.1298828125
1186 -0.041015625
1187 0.0263671875
1188 -0.0126953125
1189 -0.1552734375
1190 -0.025390625
1191 0.048828125
1192 0.0166015625
1193 -0.041015625
1194 0.0732421875
1195 0.1357421875
1196 0.083984375
1197 -0.01171875
1198 0.0390625
1199 0.091796875
1200 0.0390625
1201 -0.09375
1202 0.0234375
1203 0.0888671875
1204 0.0458984375
1205 -0.0927734375
1206 -0.0517578125
1207 0.0166015625
1208 -0.0185546875
1209 -0.1328125
1210 -0.0458984375
1211 0.0224609375
1212 -0.0146484375
1213 -0.12890625
1214 -0.0400390625
1215 0.025390625
1216 -0.01171875
1217 -0.15625
1218 -0.025390625
1219 0.0498046875
1220 0.0166015625
1221 -0.0419921875
1222 0.0732421875
1223 0.1376953125
1224 0.0830078125
1225 -0.0126953125
1226 0.0390625
1227 0.095703125
1228 0.0380859375
1229 -0.095703125
1230 0.0234375
1231 0.08984375
1232 0.04296875
1233 -0.095703125
1234 -0.0517578125
1235 0.0185546875
1236 -0.01953125
1237 -0.134765625
1238 -0.044921875
1239 0.0244140625
1240 -0.013671875
1241 -0.130859375
1242 -0.0400390625
1243 0.0283203125
1244 -0.0126953125
1245 -0.15625
1246 -0.0263671875
1247 0.048828125
1248 0.015625
1249 -0.0419921875
1250 0.072265625
1251 0.1337890625
1252 0.0830078125
1253 -0.009765625
1254 0.0390625
1255 0.0908203125
1256 0.0380859375
1257 -0.0908203125
1258 0.0205078125
1259 0.0869140625
1260 0.046875
1261 -0.09375
1262 -0.052734375
1263 0.009765625
1264 -0.017578125
1265 -0.1328125
1266 -0.044921875
1267 0.01953125
1268 -0.01171875
1269 -0.126953125
1270 -0.041015625
1271 0.0224609375
1272 -0.009765625
1273 -0.15234375
1274 -0.0263671875
1275 0.0478515625
1276 0.0166015625
1277 -0.0380859375
1278 0.072265625
1279 0.1337890625
1280 0.0830078125
1281 -0.0087890625
1282 0.0390625
1283 0.0908203125
1284 0.0400390625
1285 -0.0908203125
1286 0.0234375
1287 0.0849609375
1288 0.0478515625
1289 -0.09375
1290 -0.052734375
1291 0.0126953125
1292 -0.0166015625
1293 -0.130859375
1294 -0.0458984375
1295 0.0185546875
1296 -0.013671875
1297 -0.125
1298 -0.0419921875
1299 0.021484375
1300 -0.01171875
1301 -0.1494140625
1302 -0.0263671875
1303 0.044921875
1304 0.017578125
1305 -0.0380859375
1306 0.072265625
1307 0.130859375
1308 0.0849609375
1309 -0.009765625
1310 0.041015625
1311 0.0888671875
1312 0.0400390625
1313 -0.091796875
1314 0.0224609375
1315 0.0859375
1316 0.0458984375
1317 -0.091796875
1318 -0.0537109375
1319 0.01171875
1320 -0.0185546875
1321 -0.130859375
1322 -0.0478515625
1323 0.01953125
1324 -0.0146484375
1325 -0.1259765625
1326 -0.04296875
1327 0.01953125
1328 -0.0107421875
1329 -0.15234375
1330 -0.0263671875
1331 0.0439453125
1332 0.0166015625
1333 -0.037109375
1334 0.0712890625
1335 0.1328125
1336 0.0849609375
1337 -0.009765625
1338 0.037109375
1339 0.08984375
1340 0.0390625
1341 -0.091796875
1342 0.021484375
1343 0.0859375
1344 0.044921875
1345 -0.09375
1346 -0.052734375
1347 0.0126953125
1348 -0.0185546875
1349 -0.1318359375
1350 -0.0458984375
1351 0.0205078125
1352 -0.0126953125
1353 -0.12890625
1354 -0.041015625
1355 0.0224609375
1356 -0.01171875
1357 -0.1552734375
1358 -0.0263671875
1359 0.046875
1360 0.015625
1361 -0.0380859375
1362 0.0732421875
1363 0.1337890625
1364 0.0830078125
1365 -0.009765625
1366 0.037109375
1367 0.091796875
1368 0.0400390625
1369 -0.0927734375
1370 0.021484375
1371 0.0849609375
1372 0.044921875
1373 -0.0947265625
1374 -0.0537109375
1375 0.0126953125
1376 -0.0185546875
1377 -0.1328125
1378 -0.0458984375
1379 0.0205078125
1380 -0.013671875
1381 -0.1279296875
1382 -0.0380859375
1383 0.0244140625
1384 -0.0107421875
1385 -0.15234375
1386 -0.0244140625
1387 0.05078125
1388 0.0166015625
1389 -0.0390625
1390 0.0732421875
1391 0.13671875
1392 0.083984375
1393 -0.009765625
1394 0.0400390625
1395 0.0947265625
1396 0.0400390625
1397 -0.091796875
1398 0.025390625
1399 0.0908203125
1400 0.046875
1401 -0.091796875
1402 -0.048828125
1403 0.017578125
1404 -0.0166015625
1405 -0.1298828125
1406 -0.0439453125
1407 0.0234375
1408 -0.0126953125
1409 -0.126953125
1410 -0.0400390625
1411 0.025390625
1412 -0.01171875
1413 -0.15234375
1414 -0.0263671875
1415 0.0478515625
1416 0.0166015625
1417 -0.0380859375
1418 0.0732421875
1419 0.134765625
1420 0.0830078125
1421 -0.0107421875
1422 0.0380859375
1423 0.0888671875
1424 0.0380859375
1425 -0.09375
1426 0.0234375
1427 0.0869140625
1428 0.046875
1429 -0.091796875
1430 -0.0517578125
1431 0.0146484375
1432 -0.0166015625
1433 -0.12890625
1434 -0.046875
1435 0.0224609375
1436 -0.013671875
1437 -0.123046875
1438 -0.0380859375
1439 0.02734375
1440 -0.0107421875
1441 -0.126953125
1442 -0.005859375
1443 0.06640625
1444 0.029296875
1445 -0.080078125
1446 -0.029296875
1447 0.033203125
1448 -0.0048828125
1449 -0.1201171875
1450 -0.0390625
1451 0.0263671875
1452 -0.0078125
1453 -0.1279296875
1454 -0.046875
1455 0.01953125
1456 -0.013671875
1457 -0.1796875
1458 -0.0849609375
1459 -0.0146484375
1460 -0.0400390625
1461 -0.1943359375
1462 -0.060546875
1463 0.0205078125
1464 -0.0029296875
1465 -0.0751953125
1466 0.041015625
1467 0.109375
1468 0.064453125
1469 0.00390625
1470 0.1083984375
1471 0.1650390625
1472 0.1103515625
1473 0.015625
1474 0.0615234375
1475 0.109375
1476 0.0556640625
1477 -0.05078125
1478 0.05859375
1479 0.1171875
1480 0.0703125
1481 -0.0068359375
1482 0.095703125
1483 0.1533203125
1484 0.0986328125
1485 -0.0205078125
1486 0.0224609375
1487 0.078125
1488 0.02734375
1489 -0.076171875
1490 0.0361328125
1491 0.1005859375
1492 0.0556640625
1493 -0.013671875
1494 0.0927734375
1495 0.150390625
1496 0.09375
1497 -0.0166015625
1498 0.0283203125
1499 0.078125
1500 0.0263671875
1501 -0.0810546875
1502 -0.00390625
1503 0.056640625
1504 0.009765625
1505 -0.0849609375
1506 0.0283203125
1507 0.0947265625
1508 0.0478515625
1509 -0.0654296875
1510 0.044921875
1511 0.107421875
1512 0.05859375
1513 -0.046875
1514 0.0634765625
1515 0.1220703125
1516 0.0712890625
1517 -0.0029296875
1518 0.1005859375
1519 0.15625
1520 0.095703125
1521 0.0087890625
1522 0.0498046875
1523 0.1005859375
1524 0.0439453125
1525 -0.0478515625
1526 0.0576171875
1527 0.1181640625
1528 0.0654296875
1529 -0.0458984375
1530 0.0595703125
1531 0.1171875
1532 0.0634765625
1533 -0.095703125
1534 -0.056640625
1535 0.00390625
1536 -0.029296875
1537 -0.1962890625
1538 -0.109375
1539 -0.0341796875
1540 -0.056640625
1541 -0.1630859375
1542 -0.03515625
1543 0.037109375
1544 0.0048828125
1545 -0.052734375
1546 0.0576171875
1547 0.119140625
1548 0.068359375
1549 0.0048828125
1550 0.1064453125
1551 0.1611328125
1552 0.1015625
1553 -0.015625
1554 0.021484375
1555 0.072265625
1556 0.021484375
1557 -0.1064453125
1558 -0.025390625
1559 0.03125
1560 -0.009765625
1561 -0.1923828125
1562 -0.126953125
1563 -0.048828125
1564 -0.068359375
1565 -0.1728515625
1566 -0.0771484375
1567 -0.0107421875
1568 -0.041015625
1569 -0.20703125
1570 -0.12890625
1571 -0.0498046875
1572 -0.0703125
1573 -0.1904296875
1574 -0.0537109375
1575 0.0205078125
1576 -0.0078125
1577 -0.1044921875
1578 -0.0546875
1579 0.0126953125
1580 -0.0234375
1581 -0.134765625
1582 -0.046875
1583 0.0146484375
1584 -0.01953125
1585 -0.1298828125
1586 -0.0439453125
1587 0.017578125
1588 -0.015625
1589 -0.1064453125
1590 0.013671875
1591 0.0791015625
1592 0.0380859375
1593 -0.0146484375
1594 0.0927734375
1595 0.1494140625
1596 0.0947265625
1597 -0.0166015625
1598 0.0849609375
1599 0.1416015625
1600 0.087890625
1601 -0.0185546875
1602 0.083984375
1603 0.1416015625
1604 0.0859375
1605 0.0107421875
1606 0.11328125
1607 0.1650390625
1608 0.103515625
1609 0.013671875
1610 0.056640625
1611 0.107421875
1612 0.0498046875
1613 -0.046875
1614 0.060546875
1615 0.12109375
1616 0.06640625
1617 -0.0478515625
1618 0.0615234375
1619 0.123046875
1620 0.0634765625
1621 -0.0966796875
1622 -0.0595703125
1623 0.0087890625
1624 -0.0322265625
1625 -0.197265625
1626 -0.107421875
1627 -0.0283203125
1628 -0.0576171875
1629 -0.1689453125
1630 -0.03515625
1631 0.0400390625
1632 0.001953125
1633 -0.0732421875
1634 0.0439453125
1635 0.111328125
1636 0.056640625
1637 -0.0068359375
1638 0.1005859375
1639 0.1591796875
1640 0.095703125
1641 -0.021484375
1642 0.0205078125
1643 0.0771484375
1644 0.0185546875
1645 -0.11328125
1646 -0.029296875
1647 0.03515625
1648 -0.0146484375
1649 -0.1953125
1650 -0.1259765625
1651 -0.04296875
1652 -0.0703125
1653 -0.1787109375
1654 -0.0771484375
1655 -0.0048828125
1656 -0.0419921875
1657 -0.2109375
1658 -0.12890625
1659 -0.0458984375
1660 -0.0703125
1661 -0.197265625
1662 -0.056640625
1663 0.021484375
1664 -0.009765625
1665 -0.1103515625
1666 -0.056640625
1667 0.015625
1668 -0.025390625
1669 -0.140625
1670 -0.046875
1671 0.0224609375
1672 -0.021484375
1673 -0.1357421875
1674 -0.0458984375
1675 0.0234375
1676 -0.017578125
1677 -0.11328125
1678 0.0107421875
1679 0.08203125
1680 0.0361328125
1681 -0.0166015625
1682 0.0966796875
1683 0.158203125
1684 0.0966796875
1685 0.037109375
1686 0.142578125
1687 0.201171875
1688 0.1298828125
1689 0.0625
1690 0.1630859375
1691 0.2197265625
1692 0.1435546875
1693 0.0341796875
1694 0.1328125
1695 0.1875
1696 0.1171875
1697 0.00390625
1698 0.107421875
1699 0.162109375
1700 0.095703125
1701 0.0146484375
1702 0.1201171875
1703 0.1708984375
1704 0.1044921875
1705 0.01171875
1706 0.056640625
1707 0.1083984375
1708 0.0439453125
1709 -0.0517578125
1710 0.056640625
1711 0.12109375
1712 0.0615234375
1713 0.00390625
1714 0.107421875
1715 0.16796875
1716 0.0986328125
1717 0.033203125
1718 0.134765625
1719 0.1904296875
1720 0.1181640625
1721 0.0078125
1722 0.107421875
1723 0.162109375
1724 0.09375
1725 -0.06640625
1726 -0.03125
1727 0.0244140625
1728 -0.0224609375
1729 -0.1875
1730 -0.1025390625
1731 -0.0302734375
1732 -0.0634765625
1733 -0.173828125
1734 -0.046875
1735 0.0283203125
1736 -0.0107421875
1737 -0.0732421875
1738 0.0390625
1739 0.1025390625
1740 0.048828125
1741 -0.0185546875
1742 0.0859375
1743 0.142578125
1744 0.0810546875
1745 -0.0400390625
1746 0.0
1747 0.0537109375
1748 0.0
1749 -0.12890625
1750 -0.0478515625
1751 0.0146484375
1752 -0.029296875
1753 -0.21484375
1754 -0.1455078125
1755 -0.0625
1756 -0.0869140625
1757 -0.193359375
1758 -0.0947265625
1759 -0.025390625
1760 -0.0595703125
1761 -0.2255859375
1762 -0.1455078125
1763 -0.064453125
1764 -0.0859375
1765 -0.2080078125
1766 -0.072265625
1767 0.005859375
1768 -0.0224609375
1769 -0.125
1770 -0.0712890625
1771 -0.00390625
1772 -0.0380859375
1773 -0.1611328125
1774 -0.0693359375
1775 -0.005859375
1776 -0.0400390625
1777 -0.1640625
1778 -0.0791015625
1779 -0.0087890625
1780 -0.041015625
1781 -0.1396484375
1782 -0.017578125
1783 0.0537109375
1784 0.0166015625
1785 -0.03515625
1786 0.07421875
1787 0.1357421875
1788 0.080078125
1789 0.01953125
1790 0.1201171875
1791 0.171875
1792 0.111328125
1793 0.0478515625
1794 0.140625
1795 0.1904296875
1796 0.126953125
1797 0.0625
1798 0.15234375
1799 0.2001953125
1800 0.1337890625
1801 0.0703125
1802 0.158203125
1803 0.2060546875
1804 0.13671875
1805 0.0263671875
1806 0.1162109375
1807 0.1630859375
1808 0.1005859375
1809 -0.0078125
1810 0.0849609375
1811 0.1357421875
1812 0.0771484375
1813 0.0029296875
1814 0.0966796875
1815 0.1455078125
1816 0.0869140625
1817 -0.0048828125
1818 0.0361328125
1819 0.0830078125
1820 0.02734375
1821 -0.0625
1822 0.0380859375
1823 0.095703125
1824 0.0458984375
1825 -0.0126953125
1826 0.0830078125
1827 0.13671875
1828 0.078125
1829 0.0205078125
1830 0.1123046875
1831 0.162109375
1832 0.1005859375
1833 -0.0048828125
1834 0.0869140625
1835 0.1357421875
1836 0.076171875
1837 -0.0859375
1838 -0.0537109375
1839 -0.0009765625
1840 -0.0390625
1841 -0.2041015625
1842 -0.125
1843 -0.0556640625
1844 -0.0791015625
1845 -0.185546875
1846 -0.0634765625
1847 0.005859375
1848 -0.0244140625
1849 -0.083984375
1850 0.0244140625
1851 0.0830078125
1852 0.03515625
1853 -0.0283203125
1854 0.072265625
1855 0.126953125
1856 0.068359375
1857 -0.05078125
1858 -0.0126953125
1859 0.0361328125
1860 -0.0107421875
1861 -0.138671875
1862 -0.05859375
1863 -0.00390625
1864 -0.041015625
1865 -0.2216796875
1866 -0.1552734375
1867 -0.0810546875
1868 -0.09765625
1869 -0.2001953125
1870 -0.1044921875
1871 -0.0380859375
1872 -0.0693359375
1873 -0.2333984375
1874 -0.1572265625
1875 -0.078125
1876 -0.095703125
1877 -0.2138671875
1878 -0.083984375
1879 -0.0087890625
1880 -0.0322265625
1881 -0.1337890625
1882 -0.08203125
1883 -0.0146484375
1884 -0.0478515625
1885 -0.2021484375
1886 -0.1083984375
1887 -0.041015625
1888 -0.064453125
1889 -0.2080078125
1890 -0.1171875
1891 -0.0439453125
1892 -0.06640625
1893 -0.1640625
1894 -0.037109375
1895 0.03515625
1896 -0.0009765625
1897 -0.0478515625
1898 0.0615234375
1899 0.1240234375
1900 0.068359375
1901 0.005859375
1902 0.1044921875
1903 0.1611328125
1904 0.099609375
1905 0.033203125
1906 0.1298828125
1907 0.1806640625
1908 0.1162109375
1909 0.0458984375
1910 0.138671875
1911 0.1875
1912 0.12109375
1913 0.056640625
1914 0.1455078125
1915 0.1953125
1916 0.126953125
1917 0.0205078125
1918 0.109375
1919 0.16015625
1920 0.09375
1921 -0.01171875
1922 0.0810546875
1923 0.1318359375
1924 0.0732421875
1925 -0.005859375
1926 0.0927734375
1927 0.1396484375
1928 0.080078125
1929 -0.01171875
1930 0.0302734375
1931 0.0771484375
1932 0.021484375
1933 -0.0693359375
1934 0.0341796875
1935 0.091796875
1936 0.0400390625
1937 -0.0166015625
1938 0.0810546875
1939 0.134765625
1940 0.0751953125
1941 0.015625
1942 0.1103515625
1943 0.162109375
1944 0.095703125
1945 -0.0087890625
1946 0.0849609375
1947 0.1357421875
1948 0.072265625
1949 -0.0849609375
1950 -0.05078125
1951 0.001953125
1952 -0.0419921875
1953 -0.19921875
1954 -0.1201171875
1955 -0.0517578125
1956 -0.0791015625
1957 -0.1865234375
1958 -0.0625
1959 0.0068359375
1960 -0.02734375
1961 -0.087890625
1962 0.021484375
1963 0.0849609375
1964 0.03125
1965 -0.033203125
1966 0.068359375
1967 0.1240234375
1968 0.0654296875
1969 -0.0517578125
1970 -0.015625
1971 0.03515625
1972 -0.0146484375
1973 -0.142578125
1974 -0.0615234375
1975 -0.00390625
1976 -0.0439453125
1977 -0.2265625
1978 -0.16015625
1979 -0.08203125
1980 -0.099609375
1981 -0.2080078125
1982 -0.1103515625
1983 -0.0390625
1984 -0.0732421875
1985 -0.2392578125
1986 -0.16015625
1987 -0.0771484375
1988 -0.1025390625
1989 -0.2216796875
1990 -0.0859375
1991 -0.0048828125
1992 -0.0380859375
1993 -0.1376953125
1994 -0.0849609375
1995 -0.013671875
1996 -0.0537109375
1997 -0.177734375
1998 -0.083984375
1999 -0.0146484375
2000 -0.0537109375
2001 -0.1728515625
2002 -0.083984375
2003 -0.015625
2004 -0.05078125
2005 -0.146484375
2006 -0.0234375
2007 0.0478515625
2008 0.0078125
2009 -0.0439453125
2010 0.06640625
2011 0.1279296875
2012 0.068359375
2013 0.0068359375
2014 0.107421875
2015 0.1640625
2016 0.099609375
2017 0.02734375
2018 0.125
2019 0.1796875
2020 0.109375
2021 0.0341796875
2022 0.12890625
2023 0.1806640625
2024 0.1123046875
2025 0.0478515625
2026 0.140625
2027 0.189453125
2028 0.1220703125
2029 0.0126953125
2030 0.103515625
2031 0.15234375
2032 0.0888671875
2033 -0.01953125
2034 0.076171875
2035 0.1279296875
2036 0.0673828125
2037 -0.01171875
2038 0.0869140625
2039 0.13671875
2040 0.0751953125
2041 -0.0322265625
2042 0.0078125
2043 0.05859375
2044 0.005859375
2045 -0.0859375
2046 0.0205078125
2047 0.078125
2048 0.029296875
2049 -0.0263671875
2050 0.072265625
2051 0.126953125
2052 0.0673828125
2053 0.0087890625
2054 0.1025390625
2055 0.15625
2056 0.0908203125
2057 -0.0166015625
2058 0.0791015625
2059 0.12890625
2060 0.06640625
2061 -0.0908203125
2062 -0.0556640625
2063 -0.0029296875
2064 -0.0458984375
2065 -0.2119140625
2066 -0.1298828125
2067 -0.0556640625
2068 -0.0859375
2069 -0.197265625
2070 -0.068359375
2071 0.0029296875
2072 -0.0302734375
2073 -0.1083984375
2074 0.005859375
2075 0.072265625
2076 0.01953125
2077 -0.041015625
2078 0.0634765625
2079 0.12109375
2080 0.0576171875
2081 -0.0595703125
2082 -0.021484375
2083 0.0341796875
2084 -0.0205078125
2085 -0.150390625
2086 -0.0654296875
2087 -0.005859375
2088 -0.0498046875
2089 -0.2314453125
2090 -0.162109375
2091 -0.08203125
2092 -0.1044921875
2093 -0.2119140625
2094 -0.1123046875
2095 -0.0439453125
2096 -0.0771484375
2097 -0.2421875
2098 -0.1630859375
2099 -0.0810546875
2100 -0.1025390625
2101 -0.2275390625
2102 -0.0888671875
2103 -0.009765625
2104 -0.041015625
2105 -0.140625
2106 -0.087890625
2107 -0.0166015625
2108 -0.056640625
2109 -0.220703125
2110 -0.1220703125
2111 -0.048828125
2112 -0.0771484375
2113 -0.232421875
2114 -0.134765625
2115 -0.0576171875
2116 -0.0810546875
2117 -0.169921875
2118 -0.0419921875
2119 0.033203125
2120 -0.0048828125
2121 -0.0546875
2122 0.0576171875
2123 0.12109375
2124 0.0634765625
2125 0.0009765625
2126 0.1025390625
2127 0.16015625
2128 0.095703125
2129 0.021484375
2130 0.119140625
2131 0.1748046875
2132 0.1064453125
2133 0.0341796875
2134 0.1298828125
2135 0.1845703125
2136 0.1123046875
2137 0.046875
2138 0.1416015625
2139 0.1943359375
2140 0.119140625
2141 0.0087890625
2142 0.1044921875
2143 0.15625
2144 0.0888671875
2145 -0.0263671875
2146 0.0732421875
2147 0.1279296875
2148 0.0654296875
2149 -0.015625
2150 0.0859375
2151 0.1396484375
2152 0.0751953125
2153 -0.0185546875
2154 0.0234375
2155 0.0751953125
2156 0.015625
2157 -0.0771484375
2158 0.03125
2159 0.09375
2160 0.0361328125
2161 -0.0322265625
2162 0.0732421875
2163 0.130859375
2164 0.068359375
2165 0.00390625
2166 0.1044921875
2167 0.1591796875
2168 0.08984375
2169 -0.017578125
2170 0.0810546875
2171 0.1357421875
2172 0.0673828125
2173 -0.08984375
2174 -0.0537109375
2175 0.00390625
2176 -0.044921875
2177 -0.205078125
2178 -0.12109375
2179 -0.048828125
2180 -0.08203125
2181 -0.1923828125
2182 -0.064453125
2183 0.0078125
2184 -0.029296875
2185 -0.0927734375
2186 0.021484375
2187 0.0859375
2188 0.0302734375
2189 -0.037109375
2190 0.0654296875
2191 0.1240234375
2192 0.0595703125
2193 -0.0615234375
2194 -0.0224609375
2195 0.0322265625
2196 -0.0205078125
2197 -0.1494140625
2198 -0.0673828125
2199 -0.0048828125
2200 -0.05078125
2201 -0.232421875
2202 -0.1630859375
2203 -0.0830078125
2204 -0.10546875
2205 -0.2109375
2206 -0.1123046875
2207 -0.0439453125
2208 -0.076171875
2209 -0.2412109375
2210 -0.162109375
2211 -0.0810546875
2212 -0.103515625
2213 -0.2236328125
2214 -0.087890625
2215 -0.009765625
2216 -0.0400390625
2217 -0.1396484375
2218 -0.087890625
2219 -0.0166015625
2220 -0.0546875
2221 -0.177734375
2222 -0.0869140625
2223 -0.01953125
2224 -0.0556640625
2225 -0.1796875
2226 -0.091796875
2227 -0.0244140625
2228 -0.0556640625
2229 -0.1494140625
2230 -0.025390625
2231 0.044921875
2232 0.00390625
2233 -0.0478515625
2234 0.0625
2235 0.1259765625
2236 0.0654296875
2237 0.00390625
2238 0.1064453125
2239 0.1650390625
2240 0.0966796875
2241 0.02734375
2242 0.1259765625
2243 0.1806640625
2244 0.109375
2245 0.037109375
2246 0.1318359375
2247 0.185546875
2248 0.1142578125
2249 0.0458984375
2250 0.142578125
2251 0.1943359375
2252 0.12109375
2253 0.0087890625
2254 0.1025390625
2255 0.154296875
2256 0.087890625
2257 -0.02734375
2258 0.0732421875
2259 0.126953125
2260 0.0634765625
2261 -0.0185546875
2262 0.083984375
2263 0.1376953125
2264 0.072265625
2265 -0.0341796875
2266 0.005859375
2267 0.0615234375
2268 0.001953125
2269 -0.08984375
2270 0.0185546875
2271 0.0810546875
2272 0.02734375
2273 -0.033203125
2274 0.072265625
2275 0.1298828125
2276 0.06640625
2277 0.0029296875
2278 0.1025390625
2279 0.158203125
2280 0.087890625
2281 -0.021484375
2282 0.0771484375
2283 0.1328125
2284 0.0654296875
2285 -0.0947265625
2286 -0.0595703125
2287 -0.0009765625
2288 -0.05078125
2289 -0.21484375
2290 -0.1328125
2291 -0.0576171875
2292 -0.087890625
2293 -0.201171875
2294 -0.0712890625
2295 0.0029296875
2296 -0.0341796875
2297 -0.1123046875
2298 0.0048828125
2299 0.0712890625
2300 0.01953125
2301 -0.0439453125
2302 0.060546875
2303 0.119140625
2304 0.0576171875
2305 -0.0595703125
2306 -0.0224609375
2307 0.033203125
2308 -0.0205078125
2309 -0.1494140625
2310 -0.06640625
2311 -0.005859375
2312 -0.0498046875
2313 -0.2314453125
2314 -0.1640625
2315 -0.083984375
2316 -0.10546875
2317 -0.2099609375
2318 -0.11328125
2319 -0.0439453125
2320 -0.0771484375
2321 -0.2421875
2322 -0.1630859375
2323 -0.083984375
2324 -0.103515625
2325 -0.224609375
2326 -0.0888671875
2327 -0.01171875
2328 -0.041015625
2329 -0.1416015625
2330 -0.08984375
2331 -0.0205078125
2332 -0.0576171875
2333 -0.21875
2334 -0.126953125
2335 -0.0537109375
2336 -0.0791015625
2337 -0.23046875
2338 -0.1376953125
2339 -0.0615234375
2340 -0.0830078125
2341 -0.169921875
2342 -0.0439453125
2343 0.0283203125
2344 -0.0048828125
2345 -0.0537109375
2346 0.056640625
2347 0.1181640625
2348 0.0634765625
2349 0.0009765625
2350 0.1015625
2351 0.1572265625
2352 0.095703125
2353 0.0234375
2354 0.1171875
2355 0.1708984375
2356 0.1064453125
2357 0.03515625
2358 0.1279296875
2359 0.1796875
2360 0.1123046875
2361 0.046875
2362 0.138671875
2363 0.189453125
2364 0.119140625
2365 0.009765625
2366 0.103515625
2367 0.15234375
2368 0.087890625
2369 -0.0244140625
2370 0.07421875
2371 0.1259765625
2372 0.064453125
2373 -0.0146484375
2374 0.083984375
2375 0.1376953125
2376 0.0732421875
2377 -0.0185546875
2378 0.0224609375
2379 0.07421875
2380 0.015625
2381 -0.0751953125
2382 0.0283203125
2383 0.0859375
2384 0.033203125
2385 -0.03125
2386 0.0703125
2387 0.1279296875
2388 0.0654296875
2389 0.0048828125
2390 0.1025390625
2391 0.1552734375
2392 0.0888671875
2393 -0.0166015625
2394 0.0810546875
2395 0.1318359375
2396 0.068359375
2397 -0.0869140625
2398 -0.052734375
2399 0.0
2400 -0.0419921875
2401 -0.1982421875
2402 -0.1201171875
2403 -0.048828125
2404 -0.0791015625
2405 -0.1884765625
2406 -0.0634765625
2407 0.005859375
2408 -0.0283203125
2409 -0.0908203125
2410 0.01953125
2411 0.0810546875
2412 0.0302734375
2413 -0.0361328125
2414 0.064453125
2415 0.12109375
2416 0.060546875
2417 -0.060546875
2418 -0.0224609375
2419 0.029296875
2420 -0.0205078125
2421 -0.1474609375
2422 -0.0673828125
2423 -0.0078125
2424 -0.048828125
2425 -0.2314453125
2426 -0.166015625
2427 -0.0859375
2428 -0.10546875
2429 -0.2119140625
2430 -0.115234375
2431 -0.0439453125
2432 -0.078125
2433 -0.2431640625
2434 -0.1640625
2435 -0.0830078125
2436 -0.1044921875
2437 -0.224609375
2438 -0.0888671875
2439 -0.0087890625
2440 -0.0400390625
2441 -0.1396484375
2442 -0.087890625
2443 -0.01953125
2444 -0.056640625
2445 -0.177734375
2446 -0.087890625
2447 -0.021484375
2448 -0.0576171875
2449 -0.1806640625
2450 -0.091796875
2451 -0.0224609375
2452 -0.056640625
2453 -0.150390625
2454 -0.02734375
2455 0.0439453125
2456 0.00390625
2457 -0.046875
2458 0.0625
2459 0.1220703125
2460 0.0654296875
2461 0.0048828125
2462 0.1064453125
2463 0.1611328125
2464 0.09765625
2465 0.02734375
2466 0.1240234375
2467 0.1767578125
2468 0.1083984375
2469 0.037109375
2470 0.1318359375
2471 0.18359375
2472 0.11328125
2473 0.048828125
2474 0.1396484375
2475 0.19140625
2476 0.1181640625
2477 0.0087890625
2478 0.1015625
2479 0.1513671875
2480 0.0849609375
2481 -0.0263671875
2482 0.0712890625
2483 0.1240234375
2484 0.0634765625
2485 -0.0166015625
2486 0.08203125
2487 0.1328125
2488 0.0703125
2489 -0.03515625
2490 0.00390625
2491 0.056640625
2492 0.0009765625
2493 -0.0908203125
2494 0.017578125
2495 0.080078125
2496 0.0263671875
2497 -0.0322265625
2498 0.0703125
2499 0.126953125
2500 0.0654296875
2501 0.0048828125
2502 0.1025390625
2503 0.1552734375
2504 0.0888671875
2505 -0.0205078125
2506 0.0771484375
2507 0.130859375
2508 0.0634765625
2509 -0.09375
2510 -0.0576171875
2511 -0.0009765625
2512 -0.0478515625
2513 -0.208984375
2514 -0.1259765625
2515 -0.0537109375
2516 -0.0859375
2517 -0.1943359375
2518 -0.068359375
2519 0.0048828125
2520 -0.033203125
2521 -0.0927734375
2522 0.0185546875
2523 0.0810546875
2524 0.0283203125
2525 -0.0361328125
2526 0.0654296875
2527 0.1201171875
2528 0.0615234375
2529 -0.0625
2530 -0.0244140625
2531 0.02734375
2532 -0.021484375
2533 -0.1630859375
2534 -0.080078125
2535 -0.01953125
2536 -0.05859375
2537 -0.240234375
2538 -0.171875
2539 -0.087890625
2540 -0.1103515625
2541 -0.2177734375
2542 -0.1201171875
2543 -0.046875
2544 -0.0810546875
2545 -0.2568359375
2546 -0.1748046875
2547 -0.09375
2548 -0.1103515625
2549 -0.259765625
2550 -0.1171875
2551 -0.0341796875
2552 -0.056640625
2553 -0.1337890625
2554 -0.015625
2555 0.052734375
2556 0.01171875
2557 -0.1201171875
2558 -0.0810546875
2559 -0.0166015625
2560 -0.048828125
2561 -0.16796875
2562 -0.083984375
2563 -0.015625
2564 -0.05078125
2565 -0.158203125
2566 -0.0703125
2567 -0.0078125
2568 -0.0419921875
2569 -0.1611328125
2570 -0.0380859375
2571 0.0302734375
2572 -0.00390625
2573 -0.09375
2574 0.0185546875
2575 0.083984375
2576 0.03515625
2577 -0.0263671875
2578 0.0771484375
2579 0.1357421875
2580 0.0751953125
2581 -0.017578125
2582 0.029296875
2583 0.0771484375
2584 0.0205078125
2585 -0.109375
2586 0.0029296875
2587 0.0634765625
2588 0.0205078125
2589 -0.1171875
2590 -0.0771484375
2591 -0.0146484375
2592 -0.044921875
2593 -0.16015625
2594 -0.076171875
2595 -0.009765625
2596 -0.044921875
2597 -0.158203125
2598 -0.072265625
2599 -0.0087890625
2600 -0.0439453125
2601 -0.18359375
2602 -0.0576171875
2603 0.0166015625
2604 -0.0146484375
2605 -0.068359375
2606 0.0400390625
2607 0.1025390625
2608 0.0537109375
2609 -0.0390625
2610 0.0078125
2611 0.05859375
2612 0.0087890625
2613 -0.12109375
2614 -0.005859375
2615 0.056640625
2616 0.0185546875
2617 -0.123046875
2618 -0.08203125
2619 -0.0166015625
2620 -0.0458984375
2621 -0.1611328125
2622 -0.076171875
2623 -0.0087890625
2624 -0.0419921875
2625 -0.154296875
2626 -0.0693359375
2627 -0.00390625
2628 -0.041015625
2629 -0.177734375
2630 -0.0517578125
2631 0.0224609375
2632 -0.009765625
2633 -0.064453125
2634 0.0458984375
2635 0.109375
2636 0.056640625
2637 -0.03515625
2638 0.0146484375
2639 0.0654296875
2640 0.013671875
2641 -0.1142578125
2642 0.001953125
2643 0.0634765625
2644 0.0234375
2645 -0.1162109375
2646 -0.0751953125
2647 -0.0087890625
2648 -0.041015625
2649 -0.1552734375
2650 -0.0693359375
2651 -0.0009765625
2652 -0.037109375
2653 -0.150390625
2654 -0.064453125
2655 0.0009765625
2656 -0.0341796875
2657 -0.17578125
2658 -0.0478515625
2659 0.0244140625
2660 -0.0068359375
2661 -0.0625
2662 0.05078125
2663 0.11328125
2664 0.0625
2665 -0.033203125
2666 0.0185546875
2667 0.0712890625
2668 0.0166015625
2669 -0.1142578125
2670 0.001953125
2671 0.068359375
2672 0.0234375
2673 -0.115234375
2674 -0.07421875
2675 -0.005859375
2676 -0.0390625
2677 -0.15234375
2678 -0.0654296875
2679 0.0009765625
2680 -0.0322265625
2681 -0.1494140625
2682 -0.0595703125
2683 0.005859375
2684 -0.0302734375
2685 -0.1708984375
2686 -0.04296875
2687 0.0283203125
2688 -0.0009765625
2689 -0.0576171875
2690 0.0546875
2691 0.1162109375
2692 0.0654296875
2693 -0.02734375
2694 0.021484375
2695 0.0732421875
2696 0.021484375
2697 -0.1083984375
2698 0.0068359375
2699 0.0703125
2700 0.0302734375
2701 -0.1083984375
2702 -0.0673828125
2703 -0.0029296875
2704 -0.0341796875
2705 -0.1484375
2706 -0.0615234375
2707 0.00390625
2708 -0.0263671875
2709 -0.142578125
2710 -0.0576171875
2711 0.0048828125
2712 -0.02734375
2713 -0.1689453125
2714 -0.04296875
2715 0.029296875
2716 0.0
2717 -0.0556640625
2718 0.056640625
2719 0.1171875
2720 0.06640625
2721 -0.025390625
2722 0.0224609375
2723 0.076171875
2724 0.0224609375
2725 -0.1064453125
2726 0.0087890625
2727 0.072265625
2728 0.03125
2729 -0.107421875
2730 -0.06640625
2731 -0.0009765625
2732 -0.0322265625
2733 -0.1455078125
2734 -0.0595703125
2735 0.005859375
2736 -0.025390625
2737 -0.1416015625
2738 -0.0546875
2739 0.0107421875
2740 -0.025390625
2741 -0.1669921875
2742 -0.0400390625
2743 0.0341796875
2744 0.0029296875
2745 -0.0517578125
2746 0.0576171875
2747 0.12109375
2748 0.0703125
2749 -0.0234375
2750 0.0263671875
2751 0.076171875
2752 0.0263671875
2753 -0.10546875
2754 0.0126953125
2755 0.07421875
2756 0.0341796875
2757 -0.1064453125
2758 -0.0634765625
2759 0.001953125
2760 -0.0302734375
2761 -0.1435546875
2762 -0.0595703125
2763 0.009765625
2764 -0.0263671875
2765 -0.1416015625
2766 -0.0546875
2767 0.0126953125
2768 -0.025390625
2769 -0.1669921875
2770 -0.0390625
2771 0.0361328125
2772 0.00390625
2773 -0.052734375
2774 0.060546875
2775 0.123046875
2776 0.0732421875
2777 -0.021484375
2778 0.0283203125
2779 0.080078125
2780 0.0283203125
2781 -0.1044921875
2782 0.0126953125
2783 0.0751953125
2784 0.0341796875
2785 -0.1044921875
2786 -0.0625
2787 0.0048828125
2788 -0.029296875
2789 -0.1435546875
2790 -0.056640625
2791 0.0126953125
2792 -0.0234375
2793 -0.1376953125
2794 -0.048828125
2795 0.0166015625
2796 -0.021484375
2797 -0.1640625
2798 -0.033203125
2799 0.041015625
2800 0.0087890625
2801 -0.0498046875
2802 0.0634765625
2803 0.1259765625
2804 0.07421875
2805 -0.0205078125
2806 0.0302734375
2807 0.0830078125
2808 0.029296875
2809 -0.1015625
2810 0.0146484375
2811 0.08203125
2812 0.037109375
2813 -0.1005859375
2814 -0.060546875
2815 0.0068359375
2816 -0.0263671875
2817 -0.140625
2818 -0.0546875
2819 0.0126953125
2820 -0.0224609375
2821 -0.13671875
2822 -0.0478515625
2823 0.0146484375
2824 -0.01953125
2825 -0.1630859375
2826 -0.0322265625
2827 0.0400390625
2828 0.0068359375
2829 -0.048828125
2830 0.0634765625
2831 0.126953125
2832 0.076171875
2833 -0.0185546875
2834 0.03125
2835 0.083984375
2836 0.0302734375
2837 -0.099609375
2838 0.015625
2839 0.080078125
2840 0.0380859375
2841 -0.1005859375
2842 -0.05859375
2843 0.0068359375
2844 -0.0244140625
2845 -0.1396484375
2846 -0.052734375
2847 0.015625
2848 -0.0205078125
2849 -0.1357421875
2850 -0.0478515625
2851 0.0185546875
2852 -0.0185546875
2853 -0.16015625
2854 -0.0322265625
2855 0.04296875
2856 0.0087890625
2857 -0.0478515625
2858 0.064453125
2859 0.1298828125
2860 0.076171875
2861 -0.0185546875
2862 0.0322265625
2863 0.0849609375
2864 0.0322265625
2865 -0.1015625
2866 0.0166015625
2867 0.0810546875
2868 0.0380859375
2869 -0.0986328125
2870 -0.0576171875
2871 0.0087890625
2872 -0.0224609375
2873 -0.1396484375
2874 -0.0537109375
2875 0.0166015625
2876 -0.0205078125
2877 -0.134765625
2878 -0.0478515625
2879 0.0185546875
2880 -0.017578125
2881 -0.1611328125
2882 -0.0341796875
2883 0.04296875
2884 0.009765625
2885 -0.0458984375
2886 0.06640625
2887 0.1279296875
2888 0.076171875
2889 -0.0166015625
2890 0.033203125
2891 0.0859375
2892 0.0322265625
2893 -0.0986328125
2894 0.017578125
2895 0.080078125
2896 0.0390625
2897 -0.099609375
2898 -0.0595703125
2899 0.0087890625
2900 -0.0244140625
2901 -0.1376953125
2902 -0.0517578125
2903 0.015625
2904 -0.0185546875
2905 -0.1337890625
2906 -0.0458984375
2907 0.0185546875
2908 -0.017578125
2909 -0.162109375
2910 -0.03125
2911 0.0419921875
2912 0.0107421875
2913 -0.0458984375
2914 0.0673828125
2915 0.1298828125
2916 0.078125
2917 -0.0166015625
2918 0.0341796875
2919 0.0859375
2920 0.0341796875
2921 -0.0986328125
2922 0.01953125
2923 0.0849609375
2924 0.041015625
2925 -0.09765625
2926 -0.0556640625
2927 0.01171875
2928 -0.0234375
2929 -0.13671875
2930 -0.05078125
2931 0.017578125
2932 -0.0185546875
2933 -0.1318359375
2934 -0.044921875
2935 0.01953125
2936 -0.015625
2937 -0.1611328125
2938 -0.03125
2939 0.04296875
2940 0.01171875
2941 -0.044921875
2942 0.06640625
2943 0.12890625
2944 0.080078125
2945 -0.015625
2946 0.0341796875
2947 0.087890625
2948 0.033203125
2949 -0.0966796875
2950 0.0185546875
2951 0.083984375
2952 0.0419921875
2953 -0.0966796875
2954 -0.056640625
2955 0.0107421875
2956 -0.0224609375
2957 -0.1376953125
2958 -0.0498046875
2959 0.0166015625
2960 -0.017578125
2961 -0.1318359375
2962 -0.0439453125
2963 0.01953125
2964 -0.017578125
2965 -0.15625
2966 -0.029296875
2967 0.0439453125
2968 0.0126953125
2969 -0.0400390625
2970 0.068359375
2971 0.12890625
2972 0.0791015625
2973 -0.0126953125
2974 0.03515625
2975 0.0869140625
2976 0.0341796875
2977 -0.0947265625
2978 0.0205078125
2979 0.0810546875
2980 0.04296875
2981 -0.095703125
2982 -0.056640625
2983 0.009765625
2984 -0.01953125
2985 -0.1357421875
2986 -0.0498046875
2987 0.0185546875
2988 -0.0166015625
2989 -0.130859375
2990 -0.0439453125
2991 0.0205078125
2992 -0.0166015625
2993 -0.1572265625
2994 -0.0302734375
2995 0.0439453125
2996 0.01171875
2997 -0.0439453125
2998 0.0693359375
2999 0.1318359375
3000 0.080078125
3001 -0.0146484375
3002 0.0341796875
3003 0.087890625
3004 0.03515625
3005 -0.1005859375
3006 0.01953125
3007 0.0849609375
3008 0.041015625
3009 -0.099609375
3010 -0.0556640625
3011 0.013671875
3012 -0.0224609375
3013 -0.138671875
3014 -0.048828125
3015 0.021484375
3016 -0.017578125
3017 -0.1318359375
3018 -0.0419921875
3019 0.0263671875
3020 -0.0166015625
3021 -0.1552734375
3022 -0.025390625
3023 0.0498046875
3024 0.0126953125
3025 -0.0439453125
3026 0.0703125
3027 0.134765625
3028 0.0810546875
3029 -0.015625
3030 0.0380859375
3031 0.0927734375
3032 0.037109375
3033 -0.095703125
3034 0.0234375
3035 0.08984375
3036 0.0439453125
3037 -0.09375
3038 -0.052734375
3039 0.0185546875
3040 -0.0205078125
3041 -0.1357421875
3042 -0.046875
3043 0.0244140625
3044 -0.0146484375
3045 -0.1328125
3046 -0.041015625
3047 0.0263671875
3048 -0.013671875
3049 -0.1591796875
3050 -0.025390625
3051 0.0517578125
3052 0.013671875
3053 -0.046875
3054 0.072265625
3055 0.134765625
3056 0.0810546875
3057 -0.0146484375
3058 0.037109375
3059 0.09375
3060 0.0341796875
3061 -0.0986328125
3062 0.021484375
3063 0.08984375
3064 0.0419921875
3065 -0.095703125
3066 -0.0537109375
3067 0.017578125
3068 -0.0205078125
3069 -0.1337890625
3070 -0.046875
3071 0.021484375
3072 -0.0166015625
3073 -0.1318359375
3074 -0.0419921875
3075 0.0234375
3076 -0.013671875
3077 -0.15625
3078 -0.025390625
3079 0.05078125
3080 0.0146484375
3081 -0.044921875
3082 0.0712890625
3083 0.1376953125
3084 0.080078125
3085 -0.013671875
3086 0.0380859375
3087 0.0947265625
3088 0.0361328125
3089 -0.09765625
3090 0.0234375
3091 0.091796875
3092 0.0439453125
3093 -0.095703125
3094 -0.0517578125
3095 0.017578125
3096 -0.0205078125
3097 -0.1357421875
3098 -0.046875
3099 0.0224609375
3100 -0.0166015625
3101 -0.1318359375
3102 -0.041015625
3103 0.0234375
3104 -0.015625
3105 -0.1591796875
3106 -0.02734375
3107 0.048828125
3108 0.0126953125
3109 -0.04296875
3110 0.0693359375
3111 0.1357421875
3112 0.080078125
3113 -0.013671875
3114 0.037109375
3115 0.091796875
3116 0.0361328125
3117 -0.0966796875
3118 0.0224609375
3119 0.0869140625
3120 0.0439453125
3121 -0.095703125
3122 -0.0537109375
3123 0.01171875
3124 -0.0185546875
3125 -0.1337890625
3126 -0.0478515625
3127 0.0185546875
3128 -0.015625
3129 -0.1298828125
3130 -0.0439453125
3131 0.0224609375
3132 -0.013671875
3133 -0.1533203125
3134 -0.0244140625
3135 0.0478515625
3136 0.015625
3137 -0.0400390625
3138 0.0712890625
3139 0.1318359375
3140 0.0830078125
3141 -0.01171875
3142 0.0380859375
3143 0.08984375
3144 0.0380859375
3145 -0.0927734375
3146 0.0234375
3147 0.087890625
3148 0.0439453125
3149 -0.095703125
3150 -0.0546875
3151 0.013671875
3152 -0.0224609375
3153 -0.1337890625
3154 -0.0498046875
3155 0.01953125
3156 -0.0146484375
3157 -0.1298828125
3158 -0.041015625
3159 0.0244140625
3160 -0.013671875
3161 -0.158203125
3162 -0.02734375
3163 0.048828125
3164 0.013671875
3165 -0.04296875
3166 0.0712890625
3167 0.134765625
3168 0.0810546875
3169 -0.0126953125
3170 0.0380859375
3171 0.0927734375
3172 0.0361328125
3173 -0.0947265625
3174 0.021484375
3175 0.0888671875
3176 0.04296875
3177 -0.095703125
3178 -0.0537109375
3179 0.0146484375
3180 -0.0205078125
3181 -0.134765625
3182 -0.0478515625
3183 0.0205078125
3184 -0.013671875
3185 -0.1298828125
3186 -0.041015625
3187 0.0234375
3188 -0.013671875
3189 -0.1572265625
3190 -0.025390625
3191 0.0478515625
3192 0.0146484375
3193 -0.04296875
3194 0.0712890625
3195 0.1337890625
3196 0.080078125
3197 -0.01171875
3198 0.0361328125
3199 0.0888671875
3200 0.037109375
3201 -0.09375
3202 0.021484375
3203 0.0859375
3204 0.0439453125
3205 -0.09375
3206 -0.0537109375
3207 0.0126953125
3208 -0.017578125
3209 -0.134765625
3210 -0.044921875
3211 0.0205078125
3212 -0.013671875
3213 -0.12890625
3214 -0.0419921875
3215 0.0224609375
3216 -0.0126953125
3217 -0.1552734375
3218 -0.02734375
3219 0.0458984375
3220 0.0146484375
3221 -0.041015625
3222 0.072265625
3223 0.1337890625
3224 0.0830078125
3225 -0.01171875
3226 0.037109375
3227 0.0908203125
3228 0.037109375
3229 -0.095703125
3230 0.021484375
3231 0.087890625
3232 0.044921875
3233 -0.0947265625
3234 -0.0517578125
3235 0.013671875
3236 -0.0185546875
3237 -0.1337890625
3238 -0.044921875
3239 0.0224609375
3240 -0.0146484375
3241 -0.1279296875
3242 -0.0400390625
3243 0.025390625
3244 -0.0126953125
3245 -0.1552734375
3246 -0.02734375
3247 0.0478515625
3248 0.015625
3249 -0.041015625
3250 0.0712890625
3251 0.134765625
3252 0.08203125
3253 -0.01171875
3254 0.0390625
3255 0.091796875
3256 0.0380859375
3257 -0.0947265625
3258 0.0234375
3259 0.08984375
3260 0.0458984375
3261 -0.0927734375
3262 -0.0498046875
3263 0.0146484375
3264 -0.017578125
3265 -0.130859375
3266 -0.0458984375
3267 0.0224609375
3268 -0.013671875
3269 -0.126953125
3270 -0.0400390625
3271 0.025390625
3272 -0.013671875
3273 -0.15625
3274 -0.025390625
3275 0.0498046875
3276 0.0146484375
3277 -0.041015625
3278 0.0732421875
3279 0.134765625
3280 0.0849609375
3281 -0.0107421875
3282 0.0380859375
3283 0.0908203125
3284 0.0390625
3285 -0.0947265625
3286 0.0224609375
3287 0.087890625
3288 0.0439453125
3289 -0.091796875
3290 -0.0517578125
3291 0.0166015625
3292 -0.0185546875
3293 -0.134765625
3294 -0.0458984375
3295 0.0224609375
3296 -0.015625
3297 -0.12890625
3298 -0.041015625
3299 0.025390625
3300 -0.013671875
3301 -0.1552734375
3302 -0.025390625
3303 0.0498046875
3304 0.015625
3305 -0.0419921875
3306 0.072265625
3307 0.1357421875
3308 0.0830078125
3309 -0.0126953125
3310 0.0380859375
3311 0.0947265625
3312 0.0380859375
3313 -0.0947265625
3314 0.0224609375
3315 0.08984375
3316 0.044921875
3317 -0.0927734375
3318 -0.0498046875
3319 0.0185546875
3320 -0.0185546875
3321 -0.1337890625
3322 -0.044921875
3323 0.0224609375
3324 -0.013671875
3325 -0.1279296875
3326 -0.0400390625
3327 0.0234375
3328 -0.0126953125
3329 -0.15625
3330 -0.0244140625
3331 0.0478515625
3332 0.013671875
3333 -0.041015625
3334 0.0712890625
3335 0.134765625
3336 0.08203125
3337 -0.01171875
3338 0.0380859375
3339 0.0927734375
3340 0.037109375
3341 -0.095703125
3342 0.021484375
3343 0.0869140625
3344 0.04296875
3345 -0.095703125
3346 -0.0517578125
3347 0.015625
3348 -0.01953125
3349 -0.1328125
3350 -0.044921875
3351 0.0224609375
3352 -0.0126953125
3353 -0.130859375
3354 -0.041015625
3355 0.025390625
3356 -0.0126953125
3357 -0.1552734375
3358 -0.025390625
3359 0.0498046875
3360 0.0146484375
3361 -0.0400390625
3362 0.072265625
3363 0.1376953125
3364 0.08203125
3365 -0.0126953125
3366 0.0390625
3367 0.091796875
3368 0.037109375
3369 -0.09375
3370 0.0234375
3371 0.08984375
3372 0.044921875
3373 -0.091796875
3374 -0.0498046875
3375 0.0146484375
3376 -0.0166015625
3377 -0.1318359375
3378 -0.044921875
3379 0.021484375
3380 -0.0126953125
3381 -0.1279296875
3382 -0.0400390625
3383 0.025390625
3384 -0.01171875
3385 -0.1552734375
3386 -0.029296875
3387 0.0478515625
3388 0.0146484375
3389 -0.0419921875
3390 0.072265625
3391 0.1337890625
3392 0.0830078125
3393 -0.0107421875
3394 0.037109375
3395 0.0908203125
3396 0.037109375
3397 -0.09375
3398 0.0224609375
3399 0.0888671875
3400 0.044921875
3401 -0.0927734375
3402 -0.0517578125
3403 0.0166015625
3404 -0.01953125
3405 -0.1328125
3406 -0.0458984375
3407 0.0234375
3408 -0.0126953125
3409 -0.1240234375
3410 -0.037109375
3411 0.025390625
3412 -0.0107421875
3413 -0.1298828125
3414 -0.0048828125
3415 0.0654296875
3416 0.029296875
3417 -0.0849609375
3418 -0.03515625
3419 0.0283203125
3420 -0.0087890625
3421 -0.1640625
3422 -0.0908203125
3423 -0.0146484375
3424 -0.041015625
3425 -0.1884765625
3426 -0.1083984375
3427 -0.029296875
3428 -0.0498046875
3429 -0.1533203125
3430 -0.0615234375
3431 0.009765625
3432 -0.0205078125
3433 -0.1220703125
3434 -0.033203125
3435 0.033203125
3436 -0.0029296875
3437 -0.09765625
3438 0.0224609375
3439 0.0869140625
3440 0.048828125
3441 -0.05078125
3442 -0.0068359375
3443 0.05078125
3444 0.0146484375
3445 -0.1572265625
3446 -0.0888671875
3447 -0.015625
3448 -0.033203125
3449 -0.1474609375
3450 -0.064453125
3451 0.0068359375
3452 -0.0185546875
3453 -0.1357421875
3454 -0.0517578125
3455 0.0146484375
3456 -0.01171875
3457 -0.1103515625
3458 0.009765625
3459 0.0771484375
3460 0.044921875
3461 -0.0009765625
3462 0.103515625
3463 0.16015625
3464 0.1103515625
3465 0.0009765625
3466 0.0419921875
3467 0.0869140625
3468 0.0439453125
3469 -0.1279296875
3470 -0.0634765625
3471 0.0029296875
3472 -0.0205078125
3473 -0.125
3474 -0.052734375
3475 0.00390625
3476 -0.005859375
3477 -0.08984375
3478 -0.0263671875
3479 0.0166015625
3480 0.0068359375
3481 -0.083984375
3482 0.0107421875
3483 0.0576171875
3484 0.05078125
3485 -0.0693359375
3486 -0.0478515625
3487 -0.0009765625
3488 -0.0048828125
3489 -0.1318359375
3490 -0.0263671875
3491 0.029296875
3492 0.0283203125
3493 -0.0341796875
3494 0.052734375
3495 0.095703125
3496 0.0810546875
3497 0.01953125
3498 0.095703125
3499 0.13671875
3500 0.1103515625
3501 0.0390625
3502 0.1103515625
3503 0.1474609375
3504 0.119140625
3505 0.068359375
3506 0.138671875
3507 0.1708984375
3508 0.13671875
3509 0.0615234375
3510 0.076171875
3511 0.10546875
3512 0.0751953125
3513 -0.017578125
3514 0.03125
3515 0.0634765625
3516 0.0390625
3517 -0.05859375
3518 -0.0029296875
3519 0.03515625
3520 0.0166015625
3521 -0.0869140625
3522 0.0048828125
3523 0.05078125
3524 0.037109375
3525 -0.0634765625
3526 -0.041015625
3527 0.005859375
3528 -0.005859375
3529 -0.162109375
3530 -0.05078125
3531 0.0068359375
3532 0.005859375
3533 -0.115234375
3534 -0.0908203125
3535 -0.0341796875
3536 -0.0341796875
3537 -0.1455078125
3538 -0.0791015625
3539 -0.025390625
3540 -0.0283203125
3541 -0.1728515625
3542 -0.1005859375
3543 -0.0439453125
3544 -0.041015625
3545 -0.169921875
3546 -0.0927734375
3547 -0.0380859375
3548 -0.037109375
3549 -0.1669921875
3550 -0.0556640625
3551 0.005859375
3552 0.0078125
3553 -0.068359375
3554 0.025390625
3555 0.07421875
3556 0.060546875
3557 -0.017578125
3558 0.0673828125
3559 0.109375
3560 0.0869140625
3561 -0.0009765625
3562 0.080078125
3563 0.1201171875
3564 0.0947265625
3565 0.0009765625
3566 0.0791015625
3567 0.1181640625
3568 0.0927734375
3569 -0.009765625
3570 0.0703125
3571 0.109375
3572 0.0859375
3573 0.0283203125
3574 0.10546875
3575 0.140625
3576 0.1103515625
3577 0.0048828125
3578 0.0185546875
3579 0.0517578125
3580 0.033203125
3581 -0.083984375
3582 -0.0283203125
3583 0.013671875
3584 0.001953125
3585 -0.140625
3586 -0.0771484375
3587 -0.0244140625
3588 -0.029296875
3589 -0.150390625
3590 -0.0810546875
3591 -0.0263671875
3592 -0.033203125
3593 -0.166015625
3594 -0.0537109375
3595 0.005859375
3596 0.001953125
3597 -0.083984375
3598 0.0126953125
3599 0.064453125
3600 0.0478515625
3601 -0.05078125
3602 0.037109375
3603 0.0849609375
3604 0.064453125
3605 -0.0439453125
3606 0.041015625
3607 0.0869140625
3608 0.06640625
3609 0.005859375
3610 0.0859375
3611 0.12109375
3612 0.0927734375
3613 0.0126953125
3614 0.0888671875
3615 0.1259765625
3616 0.09765625
3617 -0.0419921875
3618 -0.02734375
3619 0.013671875
3620 0.001953125
3621 -0.1298828125
3622 -0.0244140625
3623 0.025390625
3624 0.0185546875
3625 -0.0888671875
3626 -0.0927734375
3627 -0.0341796875
3628 -0.0361328125
3629 -0.123046875
3630 -0.01953125
3631 0.033203125
3632 0.0244140625
3633 -0.0634765625
3634 -0.0361328125
3635 0.01171875
3636 -0.0048828125
3637 -0.0947265625
3638 -0.03515625
3639 0.013671875
3640 0.0
3641 -0.1416015625
3642 -0.072265625
3643 -0.021484375
3644 -0.0263671875
3645 -0.1591796875
3646 -0.0478515625
3647 0.0087890625
3648 0.005859375
3649 -0.1318359375
3650 -0.1044921875
3651 -0.0439453125
3652 -0.04296875
3653 -0.1884765625
3654 -0.072265625
3655 -0.0048828125
3656 -0.005859375
3657 -0.091796875
3658 0.0068359375
3659 0.060546875
3660 0.0458984375
3661 -0.0390625
3662 0.0478515625
3663 0.0947265625
3664 0.0732421875
3665 -0.005859375
3666 0.07421875
3667 0.1171875
3668 0.0908203125
3669 0.001953125
3670 0.0810546875
3671 0.1220703125
3672 0.09375
3673 -0.0068359375
3674 0.0732421875
3675 0.11328125
3676 0.0849609375
3677 -0.0234375
3678 0.0576171875
3679 0.1015625
3680 0.07421875
3681 0.0009765625
3682 0.0810546875
3683 0.1201171875
3684 0.0888671875
3685 0.0029296875
3686 0.08203125
3687 0.12109375
3688 0.091796875
3689 0.03515625
3690 0.1123046875
3691 0.1474609375
3692 0.1123046875
3693 0.0556640625
3694 0.130859375
3695 0.1611328125
3696 0.123046875
3697 0.0390625
3698 0.0537109375
3699 0.083984375
3700 0.05078125
3701 -0.052734375
3702 0.0322265625
3703 0.0751953125
3704 0.0517578125
3705 -0.0517578125
3706 -0.03125
3707 0.01171875
3708 -0.0068359375
3709 -0.119140625
3710 -0.0595703125
3711 -0.01171875
3712 -0.0234375
3713 -0.1416015625
3714 -0.07421875
3715 -0.0234375
3716 -0.0322265625
3717 -0.13671875
3718 -0.0712890625
3719 -0.01953125
3720 -0.0302734375
3721 -0.1376953125
3722 -0.072265625
3723 -0.0205078125
3724 -0.029296875
3725 -0.140625
3726 -0.0791015625
3727 -0.02734375
3728 -0.0361328125
3729 -0.17578125
3730 -0.109375
3731 -0.0478515625
3732 -0.0498046875
3733 -0.1572265625
3734 -0.0810546875
3735 -0.0283203125
3736 -0.0341796875
3737 -0.1748046875
3738 -0.1005859375
3739 -0.0439453125
3740 -0.044921875
3741 -0.130859375
3742 -0.064453125
3743 -0.013671875
3744 -0.0205078125
3745 -0.1240234375
3746 -0.056640625
3747 -0.01171875
3748 -0.0205078125
3749 -0.1318359375
3750 -0.0654296875
3751 -0.0126953125
3752 -0.0205078125
3753 -0.173828125
3754 -0.0625
3755 -0.0029296875
3756 -0.0029296875
3757 -0.06640625
3758 0.029296875
3759 0.076171875
3760 0.0595703125
3761 -0.0703125
3762 0.0244140625
3763 0.068359375
3764 0.0546875
3765 -0.087890625
3766 -0.0703125
3767 -0.0166015625
3768 -0.0224609375
3769 -0.1953125
3770 -0.12109375
3771 -0.052734375
3772 -0.052734375
3773 -0.1591796875
3774 -0.0849609375
3775 -0.0263671875
3776 -0.0322265625
3777 -0.1220703125
3778 -0.0146484375
3779 0.0419921875
3780 0.0322265625
3781 -0.060546875
3782 -0.0576171875
3783 0.0
3784 -0.0068359375
3785 -0.1103515625
3786 -0.0068359375
3787 0.048828125
3788 0.0380859375
3789 -0.0908203125
3790 -0.064453125
3791 -0.0078125
3792 -0.0146484375
3793 -0.123046875
3794 -0.015625
3795 0.0419921875
3796 0.03125
3797 -0.033203125
3798 0.0595703125
3799 0.103515625
3800 0.0791015625
3801 -0.052734375
3802 -0.03515625
3803 0.01171875
3804 0.0009765625
3805 -0.185546875
3806 -0.107421875
3807 -0.0419921875
3808 -0.0400390625
3809 -0.1396484375
3810 -0.064453125
3811 -0.013671875
3812 -0.0185546875
3813 -0.1533203125
3814 -0.0390625
3815 0.021484375
3816 0.0166015625
3817 -0.1328125
3818 -0.095703125
3819 -0.0361328125
3820 -0.037109375
3821 -0.1455078125
3822 -0.03125
3823 0.0263671875
3824 0.0234375
3825 -0.0537109375
3826 0.04296875
3827 0.0927734375
3828 0.072265625
3829 -0.0654296875
3830 -0.0419921875
3831 0.0087890625
3832 0.0009765625
3833 -0.111328125
3834 -0.001953125
3835 0.0498046875
3836 0.041015625
3837 -0.0458984375
3838 -0.0244140625
3839 0.0244140625
3840 0.0126953125
3841 -0.0869140625
3842 -0.0283203125
3843 0.0234375
3844 0.009765625
3845 -0.09765625
3846 -0.037109375
3847 0.0126953125
3848 0.001953125
3849 -0.162109375
3850 -0.08203125
3851 -0.029296875
3852 -0.029296875
3853 -0.1826171875
3854 -0.060546875
3855 0.0048828125
3856 0.0087890625
3857 -0.1025390625
3858 0.0009765625
3859 0.060546875
3860 0.048828125
3861 -0.0478515625
3862 -0.0244140625
3863 0.0224609375
3864 0.009765625
3865 -0.1240234375
3866 -0.0146484375
3867 0.0439453125
3868 0.0361328125
3869 -0.052734375
3870 0.0419921875
3871 0.091796875
3872 0.07421875
3873 -0.0078125
3874 0.017578125
3875 0.0576171875
3876 0.0380859375
3877 -0.0859375
3878 0.0146484375
3879 0.06640625
3880 0.0546875
3881 -0.0615234375
3882 -0.0361328125
3883 0.0126953125
3884 0.0029296875
3885 -0.0947265625
3886 -0.029296875
3887 0.0205078125
3888 0.0078125
3889 -0.130859375
3890 -0.0625
3891 -0.0078125
3892 -0.01171875
3893 -0.158203125
3894 -0.041015625
3895 0.0185546875
3896 0.0205078125
3897 -0.0712890625
3898 0.0263671875
3899 0.0791015625
3900 0.0654296875
3901 -0.02734375
3902 0.060546875
3903 0.107421875
3904 0.0869140625
3905 -0.001953125
3906 0.080078125
3907 0.123046875
3908 0.0986328125
3909 0.0087890625
3910 0.08984375
3911 0.130859375
3912 0.1044921875
3913 0.0087890625
3914 0.0869140625
3915 0.12890625
3916 0.103515625
3917 -0.017578125
3918 0.0654296875
3919 0.1064453125
3920 0.0859375
3921 -0.0048828125
3922 0.0771484375
3923 0.1171875
3924 0.0927734375
3925 0.0068359375
3926 0.025390625
3927 0.0625
3928 0.0400390625
3929 -0.0458984375
3930 0.0439453125
3931 0.087890625
3932 0.0673828125
3933 0.01953125
3934 0.1005859375
3935 0.138671875
3936 0.1083984375
3937 0.0361328125
3938 0.111328125
3939 0.14453125
3940 0.1123046875
3941 0.025390625
3942 0.1005859375
3943 0.138671875
3944 0.10546875
3945 0.037109375
3946 0.1123046875
3947 0.1455078125
3948 0.1142578125
3949 0.0625
3950 0.134765625
3951 0.16796875
3952 0.1318359375
3953 0.08984375
3954 0.158203125
3955 0.1923828125
3956 0.1494140625
3957 0.1025390625
3958 0.1708984375
3959 0.2021484375
3960 0.1552734375
3961 0.095703125
3962 0.1611328125
3963 0.1884765625
3964 0.146484375
3965 0.09765625
3966 0.16015625
3967 0.1865234375
3968 0.1455078125
3969 0.0947265625
3970 0.158203125
3971 0.1845703125
3972 0.142578125
3973 0.0556640625
3974 0.07421875
3975 0.0966796875
3976 0.0595703125
3977 -0.0390625
3978 0.0068359375
3979 0.037109375
3980 0.0107421875
3981 -0.087890625
3982 -0.0009765625
3983 0.04296875
3984 0.0263671875
3985 -0.021484375
3986 0.05859375
3987 0.0947265625
3988 0.068359375
3989 -0.0302734375
3990 -0.0087890625
3991 0.021484375
3992 -0.0009765625
3993 -0.107421875
3994 -0.0498046875
3995 -0.0107421875
3996 -0.0244140625
3997 -0.1591796875
3998 -0.0986328125
3999 -0.0498046875
4000 -0.0546875
4001 -0.1943359375
4002 -0.0888671875
4003 -0.02734375
4004 -0.0283203125
4005 -0.099609375
4006 -0.0078125
4007 0.0400390625
4008 0.0244140625
4009 -0.04296875
4010 0.041015625
4011 0.0810546875
4012 0.056640625
4013 -0.0146484375
4014 0.0615234375
4015 0.1015625
4016 0.0712890625
4017 0.001953125
4018 0.0751953125
4019 0.111328125
4020 0.0810546875
4021 0.0068359375
4022 0.0791015625
4023 0.1142578125
4024 0.08203125
4025 0.0244140625
4026 0.0966796875
4027 0.1298828125
4028 0.09375
4029 0.015625
4030 0.03515625
4031 0.0625
4032 0.0302734375
4033 -0.0634765625
4034 -0.0166015625
4035 0.01953125
4036 -0.0029296875
4037 -0.1064453125
4038 -0.0517578125
4039 -0.01171875
4040 -0.0283203125
4041 -0.111328125
4042 -0.01953125
4043 0.029296875
4044 0.01171875
4045 -0.0625
4046 -0.0400390625
4047 0.001953125
4048 -0.017578125
4049 -0.126953125
4050 -0.0341796875
4051 0.015625
4052 0.00390625
4053 -0.1396484375
4054 -0.1142578125
4055 -0.0615234375
4056 -0.0654296875
4057 -0.2099609375
4058 -0.0966796875
4059 -0.0341796875
4060 -0.033203125
4061 -0.0849609375
4062 0.0087890625
4063 0.0546875
4064 0.0341796875
4065 -0.0791015625
4066 -0.060546875
4067 -0.0146484375
4068 -0.029296875
4069 -0.1279296875
4070 -0.064453125
4071 -0.017578125
4072 -0.033203125
4073 -0.1650390625
4074 -0.0966796875
4075 -0.0458984375
4076 -0.0537109375
4077 -0.212890625
4078 -0.1416015625
4079 -0.0791015625
4080 -0.076171875
4081 -0.2021484375
4082 -0.1259765625
4083 -0.0693359375
4084 -0.0673828125
4085 -0.162109375
4086 -0.0888671875
4087 -0.0361328125
4088 -0.0419921875
4089 -0.16015625
4090 -0.0556640625
4091 0.0009765625
4092 -0.00390625
4093 -0.1591796875
4094 -0.1337890625
4095 -0.0703125
4096 -0.06640625
4097 -0.1767578125
4098 -0.10546875
4099 -0.046875
4100 -0.046875
4101 -0.125
4102 -0.0546875
4103 -0.00390625
4104 -0.017578125
4105 -0.142578125
4106 -0.037109375
4107 0.0146484375
4108 0.0087890625
4109 -0.1279296875
4110 -0.1015625
4111 -0.041015625
4112 -0.04296875
4113 -0.134765625
4114 -0.0283203125
4115 0.029296875
4116 0.0185546875
4117 -0.02734375
4118 0.05859375
4119 0.103515625
4120 0.078125
4121 0.0107421875
4122 0.0908203125
4123 0.126953125
4124 0.09765625
4125 0.0390625
4126 0.0712890625
4127 0.0712890625
4128 0.09765625
4129 -0.001953125
4130 -0.0439453125
4131 -0.037109375
4132 0.001953125
4133 -0.0869140625
4134 -0.0390625
4135 -0.0244140625
4136 0.0224609375
4137 -0.05078125
4138 -0.0830078125
4139 -0.0693359375
4140 -0.0244140625
4141 -0.08203125
4142 -0.0693359375
4143 -0.0576171875
4144 -0.015625
4145 -0.1142578125
4146 -0.0986328125
4147 -0.0849609375
4148 -0.0322265625
4149 -0.12890625
4150 -0.0703125
4151 -0.048828125
4152 0.0048828125
4153 -0.044921875
4154 -0.005859375
4155 0.005859375
4156 0.046875
4157 -0.005859375
4158 0.0244140625
4159 0.03125
4160 0.068359375
4161 0.0234375
4162 0.0458984375
4163 0.0517578125
4164 0.083984375
4165 0.0361328125
4166 0.0556640625
4167 0.05859375
4168 0.0888671875
4169 0.0341796875
4170 0.0556640625
4171 0.0556640625
4172 0.0869140625
4173 0.0087890625
4174 0.0341796875
4175 0.037109375
4176 0.0732421875
4177 0.017578125
4178 0.041015625
4179 0.044921875
4180 0.076171875
4181 0.0302734375
4182 -0.009765625
4183 -0.009765625
4184 0.0244140625
4185 -0.021484375
4186 0.009765625
4187 0.0185546875
4188 0.0537109375
4189 0.046875
4190 0.0673828125
4191 0.0654296875
4192 0.09375
4193 0.0634765625
4194 0.080078125
4195 0.07421875
4196 0.099609375
4197 0.052734375
4198 0.0703125
4199 0.0673828125
4200 0.0927734375
4201 0.0673828125
4202 0.08203125
4203 0.0771484375
4204 0.1005859375
4205 0.09375
4206 0.1044921875
4207 0.0966796875
4208 0.1171875
4209 0.1220703125
4210 0.1298828125
4211 0.1220703125
4212 0.138671875
4213 0.1357421875
4214 0.1416015625
4215 0.1298828125
4216 0.146484375
4217 0.12890625
4218 0.1328125
4219 0.1220703125
4220 0.1357421875
4221 0.1279296875
4222 0.1318359375
4223 0.1201171875
4224 0.134765625
4225 0.1279296875
4226 0.130859375
4227 0.1201171875
4228 0.1337890625
4229 0.08984375
4230 0.0498046875
4231 0.033203125
4232 0.0517578125
4233 -0.0078125
4234 -0.01953125
4235 -0.025390625
4236 0.0029296875
4237 -0.0615234375
4238 -0.0283203125
4239 -0.0224609375
4240 0.015625
4241 0.0107421875
4242 0.033203125
4243 0.03125
4244 0.060546875
4245 0.0
4246 -0.037109375
4247 -0.041015625
4248 -0.0087890625
4249 -0.1064453125
4250 -0.1015625
4251 -0.0947265625
4252 -0.0498046875
4253 -0.111328125
4254 -0.10546875
4255 -0.095703125
4256 -0.052734375
4257 -0.099609375
4258 -0.091796875
4259 -0.0830078125
4260 -0.0419921875
4261 -0.103515625
4262 -0.0966796875
4263 -0.0869140625
4264 -0.04296875
4265 -0.154296875
4266 -0.16015625
4267 -0.1376953125
4268 -0.0791015625
4269 -0.146484375
4270 -0.130859375
4271 -0.1142578125
4272 -0.0615234375
4273 -0.12890625
4274 -0.1171875
4275 -0.1025390625
4276 -0.052734375
4277 -0.1015625
4278 -0.0556640625
4279 -0.0400390625
4280 0.005859375
4281 -0.046875
4282 -0.1015625
4283 -0.0830078125
4284 -0.03515625
4285 -0.1025390625
4286 -0.0556640625
4287 -0.0400390625
4288 0.005859375
4289 -0.0908203125
4290 -0.1201171875
4291 -0.1005859375
4292 -0.046875
4293 -0.1142578125
4294 -0.0625
4295 -0.0439453125
4296 0.0029296875
4297 -0.01953125
4298 0.013671875
4299 0.01953125
4300 0.0546875
4301 -0.0439453125
4302 -0.080078125
4303 -0.0712890625
4304 -0.02734375
4305 -0.1591796875
4306 -0.138671875
4307 -0.1142578125
4308 -0.05859375
4309 -0.1337890625
4310 -0.1103515625
4311 -0.0947265625
4312 -0.044921875
4313 -0.1142578125
4314 -0.0595703125
4315 -0.04296875
4316 0.0068359375
4317 -0.0859375
4318 -0.11328125
4319 -0.0947265625
4320 -0.0419921875
4321 -0.11328125
4322 -0.0986328125
4323 -0.080078125
4324 -0.029296875
4325 -0.099609375
4326 -0.0908203125
4327 -0.0751953125
4328 -0.025390625
4329 -0.1328125
4330 -0.076171875
4331 -0.0517578125
4332 0.0029296875
4333 -0.0205078125
4334 0.017578125
4335 0.025390625
4336 0.0634765625
4337 0.0615234375
4338 0.0849609375
4339 0.0830078125
4340 0.109375
4341 0.1181640625
4342 0.1298828125
4343 0.1259765625
4344 0.1435546875
4345 0.142578125
4346 0.1484375
4347 0.1416015625
4348 0.15625
4349 0.1435546875
4350 0.146484375
4351 0.134765625
4352 0.150390625
4353 0.1435546875
4354 0.1474609375
4355 0.13671875
4356 0.1513671875
4357 0.14453125
4358 0.1484375
4359 0.13671875
4360 0.15234375
4361 0.1083984375
4362 0.0673828125
4363 0.05078125
4364 0.0703125
4365 0.0078125
4366 -0.0009765625
4367 -0.0087890625
4368 0.0205078125
4369 -0.04296875
4370 -0.0107421875
4371 -0.00390625
4372 0.033203125
4373 0.0283203125
4374 0.0498046875
4375 0.048828125
4376 0.078125
4377 0.017578125
4378 -0.021484375
4379 -0.0244140625
4380 0.0087890625
4381 -0.087890625
4382 -0.0849609375
4383 -0.078125
4384 -0.0322265625
4385 -0.0947265625
4386 -0.0888671875
4387 -0.0791015625
4388 -0.03515625
4389 -0.0859375
4390 -0.076171875
4391 -0.0673828125
4392 -0.025390625
4393 -0.0869140625
4394 -0.0810546875
4395 -0.0703125
4396 -0.029296875
4397 -0.1396484375
4398 -0.1455078125
4399 -0.1240234375
4400 -0.064453125
4401 -0.130859375
4402 -0.1171875
4403 -0.1005859375
4404 -0.046875
4405 -0.1162109375
4406 -0.103515625
4407 -0.08984375
4408 -0.0390625
4409 -0.08984375
4410 -0.04296875
4411 -0.0283203125
4412 0.0166015625
4413 -0.03515625
4414 -0.08984375
4415 -0.0712890625
4416 -0.0244140625
4417 -0.0830078125
4418 -0.037109375
4419 -0.0234375
4420 0.0224609375
4421 -0.06640625
4422 -0.0966796875
4423 -0.0791015625
4424 -0.0283203125
4425 -0.09765625
4426 -0.0478515625
4427 -0.03125
4428 0.0166015625
4429 -0.0048828125
4430 0.0283203125
4431 0.0283203125
4432 0.0634765625
4433 -0.0234375
4434 -0.0595703125
4435 -0.052734375
4436 -0.0107421875
4437 -0.14453125
4438 -0.1240234375
4439 -0.1025390625
4440 -0.0458984375
4441 -0.1240234375
4442 -0.1005859375
4443 -0.0859375
4444 -0.03515625
4445 -0.107421875
4446 -0.052734375
4447 -0.037109375
4448 0.015625
4449 -0.080078125
4450 -0.10546875
4451 -0.0869140625
4452 -0.0322265625
4453 -0.10546875
4454 -0.0908203125
4455 -0.0732421875
4456 -0.021484375
4457 -0.095703125
4458 -0.0830078125
4459 -0.0673828125
4460 -0.0185546875
4461 -0.125
4462 -0.0673828125
4463 -0.0419921875
4464 0.0107421875
4465 -0.009765625
4466 0.0244140625
4467 0.03125
4468 0.0693359375
4469 0.0693359375
4470 0.0888671875
4471 0.0888671875
4472 0.1162109375
4473 0.125
4474 0.13671875
4475 0.12890625
4476 0.150390625
4477 0.150390625
4478 0.15625
4479 0.1474609375
4480 0.162109375
4481 0.1494140625
4482 0.1533203125
4483 0.1416015625
4484 0.15625
4485 0.150390625
4486 0.1552734375
4487 0.1435546875
4488 0.158203125
4489 0.150390625
4490 0.154296875
4491 0.142578125
4492 0.1572265625
4493 0.1142578125
4494 0.0732421875
4495 0.056640625
4496 0.0751953125
4497 0.013671875
4498 0.00390625
4499 -0.00390625
4500 0.025390625
4501 -0.0380859375
4502 -0.005859375
4503 -0.0009765625
4504 0.0390625
4505 0.0341796875
4506 0.0546875
4507 0.0537109375
4508 0.08203125
4509 0.0234375
4510 -0.0166015625
4511 -0.0205078125
4512 0.013671875
4513 -0.0859375
4514 -0.0810546875
4515 -0.0732421875
4516 -0.029296875
4517 -0.0888671875
4518 -0.083984375
4519 -0.076171875
4520 -0.029296875
4521 -0.0810546875
4522 -0.0712890625
4523 -0.064453125
4524 -0.0234375
4525 -0.08203125
4526 -0.0771484375
4527 -0.06640625
4528 -0.025390625
4529 -0.1337890625
4530 -0.1435546875
4531 -0.1171875
4532 -0.060546875
4533 -0.125
4534 -0.11328125
4535 -0.095703125
4536 -0.0419921875
4537 -0.1142578125
4538 -0.0986328125
4539 -0.0888671875
4540 -0.03515625
4541 -0.0859375
4542 -0.0390625
4543 -0.0263671875
4544 0.0224609375
4545 -0.033203125
4546 -0.0869140625
4547 -0.068359375
4548 -0.0205078125
4549 -0.0791015625
4550 -0.0341796875
4551 -0.0205078125
4552 0.02734375
4553 -0.0634765625
4554 -0.09375
4555 -0.076171875
4556 -0.0263671875
4557 -0.0947265625
4558 -0.0439453125
4559 -0.0283203125
4560 0.0205078125
4561 -0.0029296875
4562 0.029296875
4563 0.03125
4564 0.0673828125
4565 -0.0205078125
4566 -0.0556640625
4567 -0.0517578125
4568 -0.0078125
4569 -0.142578125
4570 -0.123046875
4571 -0.1005859375
4572 -0.044921875
4573 -0.12109375
4574 -0.0986328125
4575 -0.083984375
4576 -0.033203125
4577 -0.1005859375
4578 -0.048828125
4579 -0.033203125
4580 0.017578125
4581 -0.076171875
4582 -0.1025390625
4583 -0.083984375
4584 -0.0302734375
4585 -0.1025390625
4586 -0.087890625
4587 -0.0712890625
4588 -0.01953125
4589 -0.091796875
4590 -0.080078125
4591 -0.0673828125
4592 -0.017578125
4593 -0.125
4594 -0.0693359375
4595 -0.0439453125
4596 0.0107421875
4597 -0.0107421875
4598 0.0244140625
4599 0.03125
4600 0.0712890625
4601 0.0712890625
4602 0.0908203125
4603 0.0888671875
4604 0.1181640625
4605 0.1259765625
4606 0.1376953125
4607 0.130859375
4608 0.15234375
4609 0.1513671875
4610 0.158203125
4611 0.1494140625
4612 0.1650390625
4613 0.1513671875
4614 0.15625
4615 0.1435546875
4616 0.16015625
4617 0.1513671875
4618 0.15625
4619 0.1455078125
4620 0.16015625
4621 0.1533203125
4622 0.1552734375
4623 0.1435546875
4624 0.158203125
4625 0.1162109375
4626 0.076171875
4627 0.0576171875
4628 0.078125
4629 0.0166015625
4630 0.0048828125
4631 -0.0029296875
4632 0.02734375
4633 -0.03515625
4634 -0.0029296875
4635 0.0009765625
4636 0.0400390625
4637 0.03515625
4638 0.0546875
4639 0.0546875
4640 0.0830078125
4641 0.0244140625
4642 -0.017578125
4643 -0.017578125
4644 0.0146484375
4645 -0.083984375
4646 -0.080078125
4647 -0.0712890625
4648 -0.02734375
4649 -0.0888671875
4650 -0.0830078125
4651 -0.0732421875
4652 -0.0283203125
4653 -0.0791015625
4654 -0.0693359375
4655 -0.0615234375
4656 -0.0205078125
4657 -0.08203125
4658 -0.0751953125
4659 -0.064453125
4660 -0.0224609375
4661 -0.1328125
4662 -0.1396484375
4663 -0.1162109375
4664 -0.0595703125
4665 -0.1240234375
4666 -0.1123046875
4667 -0.0927734375
4668 -0.04296875
4669 -0.1103515625
4670 -0.0986328125
4671 -0.0849609375
4672 -0.033203125
4673 -0.083984375
4674 -0.037109375
4675 -0.0234375
4676 0.0234375
4677 -0.0302734375
4678 -0.0830078125
4679 -0.06640625
4680 -0.017578125
4681 -0.0771484375
4682 -0.0322265625
4683 -0.01953125
4684 0.02734375
4685 -0.064453125
4686 -0.0947265625
4687 -0.0771484375
4688 -0.0283203125
4689 -0.095703125
4690 -0.044921875
4691 -0.02734375
4692 0.01953125
4693 -0.0029296875
4694 0.0302734375
4695 0.0341796875
4696 0.0693359375
4697 -0.01953125
4698 -0.0556640625
4699 -0.0498046875
4700 -0.005859375
4701 -0.1416015625
4702 -0.12109375
4703 -0.09765625
4704 -0.0419921875
4705 -0.1220703125
4706 -0.09765625
4707 -0.08203125
4708 -0.0322265625
4709 -0.099609375
4710 -0.048828125
4711 -0.0302734375
4712 0.0185546875
4713 -0.072265625
4714 -0.1005859375
4715 -0.0810546875
4716 -0.0302734375
4717 -0.1005859375
4718 -0.0869140625
4719 -0.0693359375
4720 -0.0166015625
4721 -0.08984375
4722 -0.0791015625
4723 -0.0634765625
4724 -0.013671875
4725 -0.119140625
4726 -0.0625
4727 -0.0390625
4728 0.0146484375
4729 -0.0068359375
4730 0.02734375
4731 0.03515625
4732 0.0732421875
4733 0.072265625
4734 0.0927734375
4735 0.09375
4736 0.119140625
4737 0.1279296875
4738 0.138671875
4739 0.134765625
4740 0.1533203125
4741 0.15234375
4742 0.158203125
4743 0.150390625
4744 0.1669921875
4745 0.150390625
4746 0.15625
4747 0.14453125
4748 0.1591796875
4749 0.1533203125
4750 0.15625
4751 0.146484375
4752 0.1591796875
4753 0.1533203125
4754 0.15625
4755 0.146484375
4756 0.1591796875
4757 0.1171875
4758 0.0751953125
4759 0.0595703125
4760 0.0771484375
4761 0.017578125
4762 0.0068359375
4763 -0.0009765625
4764 0.029296875
4765 -0.0341796875
4766 -0.001953125
4767 0.0009765625
4768 0.0400390625
4769 0.0361328125
4770 0.0576171875
4771 0.0556640625
4772 0.0859375
4773 0.025390625
4774 -0.015625
4775 -0.017578125
4776 0.0166015625
4777 -0.08203125
4778 -0.078125
4779 -0.0703125
4780 -0.0263671875
4781 -0.087890625
4782 -0.0830078125
4783 -0.072265625
4784 -0.029296875
4785 -0.078125
4786 -0.0673828125
4787 -0.0625
4788 -0.0205078125
4789 -0.0830078125
4790 -0.0751953125
4791 -0.0654296875
4792 -0.021484375
4793 -0.13671875
4794 -0.1396484375
4795 -0.1181640625
4796 -0.05859375
4797 -0.1259765625
4798 -0.1123046875
4799 -0.09375
4800 -0.04296875
4801 -0.111328125
4802 -0.0986328125
4803 -0.083984375
4804 -0.033203125
4805 -0.08203125
4806 -0.037109375
4807 -0.0224609375
4808 0.0244140625
4809 -0.0302734375
4810 -0.083984375
4811 -0.06640625
4812 -0.017578125
4813 -0.078125
4814 -0.03125
4815 -0.0185546875
4816 0.0283203125
4817 -0.060546875
4818 -0.08984375
4819 -0.072265625
4820 -0.0244140625
4821 -0.091796875
4822 -0.041015625
4823 -0.0244140625
4824 0.0224609375
4825 0.0
4826 0.0322265625
4827 0.0361328125
4828 0.0703125
4829 -0.0185546875
4830 -0.0546875
4831 -0.0498046875
4832 -0.005859375
4833 -0.138671875
4834 -0.119140625
4835 -0.09765625
4836 -0.0419921875
4837 -0.12109375
4838 -0.095703125
4839 -0.0810546875
4840 -0.03125
4841 -0.1015625
4842 -0.046875
4843 -0.03125
4844 0.0185546875
4845 -0.07421875
4846 -0.1025390625
4847 -0.0830078125
4848 -0.0302734375
4849 -0.1005859375
4850 -0.087890625
4851 -0.068359375
4852 -0.017578125
4853 -0.08984375
4854 -0.080078125
4855 -0.064453125
4856 -0.013671875
4857 -0.123046875
4858 -0.06640625
4859 -0.041015625
4860 0.013671875
4861 -0.0087890625
4862 0.0283203125
4863 0.03515625
4864 0.0732421875
4865 0.072265625
4866 0.0927734375
4867 0.09375
4868 0.1201171875
4869 0.126953125
4870 0.140625
4871 0.1357421875
4872 0.154296875
4873 0.154296875
4874 0.1591796875
4875 0.1533203125
4876 0.16796875
4877 0.150390625
4878 0.1552734375
4879 0.1435546875
4880 0.1611328125
4881 0.1513671875
4882 0.1572265625
4883 0.1474609375
4884 0.1611328125
4885 0.15234375
4886 0.1572265625
4887 0.14453125
4888 0.1591796875
4889 0.1181640625
4890 0.0751953125
4891 0.0595703125
4892 0.076171875
4893 0.0166015625
4894 0.0048828125
4895 0.0
4896 0.0283203125
4897 -0.0341796875
4898 -0.00390625
4899 0.00390625
4900 0.041015625
4901 0.0361328125
4902 0.05859375
4903 0.056640625
4904 0.0859375
4905 0.0263671875
4906 -0.013671875
4907 -0.0185546875
4908 0.017578125
4909 -0.0830078125
4910 -0.0771484375
4911 -0.0693359375
4912 -0.025390625
4913 -0.0859375
4914 -0.0810546875
4915 -0.0693359375
4916 -0.02734375
4917 -0.0771484375
4918 -0.0693359375
4919 -0.060546875
4920 -0.01953125
4921 -0.08203125
4922 -0.076171875
4923 -0.0654296875
4924 -0.0224609375
4925 -0.1337890625
4926 -0.1396484375
4927 -0.1181640625
4928 -0.0576171875
4929 -0.125
4930 -0.1103515625
4931 -0.09375
4932 -0.041015625
4933 -0.1123046875
4934 -0.0966796875
4935 -0.083984375
4936 -0.033203125
4937 -0.0830078125
4938 -0.0380859375
4939 -0.021484375
4940 0.0234375
4941 -0.029296875
4942 -0.0830078125
4943 -0.0654296875
4944 -0.017578125
4945 -0.0771484375
4946 -0.0322265625
4947 -0.0185546875
4948 0.029296875
4949 -0.0615234375
4950 -0.0908203125
4951 -0.07421875
4952 -0.0234375
4953 -0.09375
4954 -0.041015625
4955 -0.02734375
4956 0.0234375
4957 -0.0009765625
4958 0.0302734375
4959 0.0341796875
4960 0.0693359375
4961 -0.0205078125
4962 -0.0556640625
4963 -0.048828125
4964 -0.0048828125
4965 -0.138671875
4966 -0.119140625
4967 -0.095703125
4968 -0.041015625
4969 -0.1201171875
4970 -0.0966796875
4971 -0.08203125
4972 -0.0322265625
4973 -0.1025390625
4974 -0.0478515625
4975 -0.0322265625
4976 0.0185546875
4977 -0.076171875
4978 -0.1015625
4979 -0.0830078125
4980 -0.0302734375
4981 -0.1015625
4982 -0.0869140625
4983 -0.0693359375
4984 -0.0185546875
4985 -0.0908203125
4986 -0.080078125
4987 -0.0654296875
4988 -0.015625
4989 -0.1201171875
4990 -0.064453125
4991 -0.041015625
4992 0.0126953125
4993 -0.0078125
4994 0.029296875
4995 0.0361328125
4996 0.0751953125
4997 0.0732421875
4998 0.095703125
4999 0.0927734375
