x y
0 -0.0234375
1 -0.197265625
2 -0.142578125
3 -0.078125
4 -0.0712890625
5 -0.4365234375
6 -0.11328125
7 -0.0390625
8 -0.0615234375
9 -0.173828125
10 -0.083984375
11 -0.01171875
12 -0.0400390625
13 -0.1474609375
14 -0.0224609375
15 0.052734375
16 0.0185546875
17 -0.091796875
18 -0.0673828125
19 0.0068359375
20 -0.0244140625
21 -0.15234375
22 -0.0205078125
23 0.0546875
24 0.0185546875
25 -0.11328125
26 -0.0654296875
27 0.005859375
28 -0.0283203125
29 -0.1435546875
30 -0.052734375
31 0.01953125
32 -0.0205078125
33 -0.1240234375
34 -0.0341796875
35 0.037109375
36 -0.0068359375
37 -0.126953125
38 -0.001953125
39 0.072265625
40 0.0302734375
41 -0.060546875
42 0.0576171875
43 0.1220703125
44 0.0712890625
45 0.005859375
46 0.1142578125
47 0.1748046875
48 0.1103515625
49 0.0146484375
50 0.0634765625
51 0.1162109375
52 0.0546875
53 -0.0771484375
54 0.0380859375
55 0.1025390625
56 0.05078125
57 -0.0859375
58 -0.0439453125
59 0.0244140625
60 -0.0146484375
61 -0.1318359375
62 -0.044921875
63 0.0263671875
64 -0.0146484375
65 -0.1298828125
66 -0.0419921875
67 0.0224609375
68 -0.013671875
69 -0.158203125
70 -0.025390625
71 0.0478515625
72 0.0126953125
73 -0.0439453125
74 0.0693359375
75 0.1337890625
76 0.0791015625
77 -0.013671875
78 0.0361328125
79 0.0908203125
80 0.0361328125
81 -0.095703125
82 0.021484375
83 0.0869140625
84 0.04296875
85 -0.09765625
86 -0.0537109375
87 0.0146484375
88 -0.0205078125
89 -0.1376953125
90 -0.048828125
91 0.0205078125
92 -0.015625
93 -0.1328125
94 -0.04296875
95 0.025390625
96 -0.0166015625
97 -0.1591796875
98 -0.02734375
99 0.0478515625
100 0.0126953125
101 -0.0419921875
102 0.0693359375
103 0.134765625
104 0.0791015625
105 -0.0146484375
106 0.037109375
107 0.0908203125
108 0.03515625
109 -0.0966796875
110 0.0224609375
111 0.087890625
112 0.041015625
113 -0.0986328125
114 -0.0546875
115 0.0126953125
116 -0.0244140625
117 -0.13671875
118 -0.0478515625
119 0.01953125
120 -0.0185546875
121 -0.130859375
122 -0.0439453125
123 0.0234375
124 -0.015625
125 -0.1591796875
126 -0.029296875
127 0.044921875
128 0.01171875
129 -0.041015625
130 0.0693359375
131 0.1318359375
132 0.0791015625
133 -0.013671875
134 0.037109375
135 0.087890625
136 0.03515625
137 -0.0966796875
138 0.021484375
139 0.0859375
140 0.0419921875
141 -0.0986328125
142 -0.0556640625
143 0.0146484375
144 -0.0224609375
145 -0.13671875
146 -0.048828125
147 0.021484375
148 -0.0166015625
149 -0.130859375
150 -0.0439453125
151 0.0224609375
152 -0.0166015625
153 -0.1552734375
154 -0.02734375
155 0.0478515625
156 0.013671875
157 -0.04296875
158 0.0693359375
159 0.1328125
160 0.0810546875
161 -0.013671875
162 0.0361328125
163 0.087890625
164 0.0341796875
165 -0.095703125
166 0.021484375
167 0.087890625
168 0.04296875
169 -0.0947265625
170 -0.0537109375
171 0.0146484375
172 -0.021484375
173 -0.134765625
174 -0.0498046875
175 0.0224609375
176 -0.015625
177 -0.130859375
178 -0.04296875
179 0.0224609375
180 -0.0146484375
181 -0.1572265625
182 -0.0263671875
183 0.048828125
184 0.013671875
185 -0.0419921875
186 0.0712890625
187 0.134765625
188 0.080078125
189 -0.013671875
190 0.0361328125
191 0.0927734375
192 0.03515625
193 -0.0947265625
194 0.01953125
195 0.0849609375
196 0.0419921875
197 -0.0966796875
198 -0.0546875
199 0.0126953125
200 -0.0224609375
201 -0.1357421875
202 -0.0478515625
203 0.01953125
204 -0.015625
205 -0.1318359375
206 -0.041015625
207 0.021484375
208 -0.0146484375
209 -0.1572265625
210 -0.029296875
211 0.0458984375
212 0.01171875
213 -0.0439453125
214 0.0693359375
215 0.1328125
216 0.0810546875
217 -0.01171875
218 0.037109375
219 0.0888671875
220 0.03515625
221 -0.095703125
222 0.021484375
223 0.083984375
224 0.04296875
225 -0.0966796875
226 -0.0537109375
227 0.01171875
228 -0.0205078125
229 -0.13671875
230 -0.0458984375
231 0.01953125
232 -0.015625
233 -0.130859375
234 -0.0439453125
235 0.021484375
236 -0.0126953125
237 -0.1572265625
238 -0.0283203125
239 0.046875
240 0.0126953125
241 -0.04296875
242 0.0703125
243 0.134765625
244 0.080078125
245 -0.0126953125
246 0.0380859375
247 0.0908203125
248 0.03515625
249 -0.095703125
250 0.0224609375
251 0.0869140625
252 0.0419921875
253 -0.0966796875
254 -0.0537109375
255 0.01171875
256 -0.0205078125
257 -0.134765625
258 -0.048828125
259 0.017578125
260 -0.0166015625
261 -0.1298828125
262 -0.0419921875
263 0.0224609375
264 -0.0146484375
265 -0.154296875
266 -0.02734375
267 0.0478515625
268 0.013671875
269 -0.0419921875
270 0.0712890625
271 0.134765625
272 0.0810546875
273 -0.0126953125
274 0.0390625
275 0.0908203125
276 0.037109375
277 -0.09375
278 0.0244140625
279 0.0888671875
280 0.0439453125
281 -0.091796875
282 -0.052734375
283 0.0166015625
284 -0.0185546875
285 -0.1337890625
286 -0.0478515625
287 0.0205078125
288 -0.0146484375
289 -0.12890625
290 -0.0439453125
291 0.0205078125
292 -0.0126953125
293 -0.154296875
294 -0.0263671875
295 0.044921875
296 0.015625
297 -0.041015625
298 0.0703125
299 0.1318359375
300 0.08203125
301 -0.01171875
302 0.037109375
303 0.087890625
304 0.0361328125
305 -0.09375
306 0.0205078125
307 0.0830078125
308 0.0439453125
309 -0.09375
310 -0.0546875
311 0.0126953125
312 -0.0205078125
313 -0.1318359375
314 -0.046875
315 0.017578125
316 -0.013671875
317 -0.1279296875
318 -0.0419921875
319 0.021484375
320 -0.0126953125
321 -0.154296875
322 -0.025390625
323 0.0478515625
324 0.015625
325 -0.0400390625
326 0.0703125
327 0.1337890625
328 0.0810546875
329 -0.0107421875
330 0.0361328125
331 0.087890625
332 0.0361328125
333 -0.09375
334 0.0224609375
335 0.0888671875
336 0.0439453125
337 -0.0908203125
338 -0.052734375
339 0.013671875
340 -0.01953125
341 -0.1337890625
342 -0.0478515625
343 0.01953125
344 -0.0146484375
345 -0.126953125
346 -0.0419921875
347 0.021484375
348 -0.0146484375
349 -0.1572265625
350 -0.029296875
351 0.044921875
352 0.013671875
353 -0.0419921875
354 0.068359375
355 0.1337890625
356 0.0791015625
357 -0.013671875
358 0.037109375
359 0.0888671875
360 0.037109375
361 -0.095703125
362 0.0205078125
363 0.0849609375
364 0.0439453125
365 -0.0966796875
366 -0.0537109375
367 0.013671875
368 -0.0205078125
369 -0.1337890625
370 -0.046875
371 0.0205078125
372 -0.0166015625
373 -0.12890625
374 -0.041015625
375 0.0244140625
376 -0.0146484375
377 -0.1533203125
378 -0.0244140625
379 0.05078125
380 0.0146484375
381 -0.041015625
382 0.072265625
383 0.1337890625
384 0.0810546875
385 -0.0107421875
386 0.0380859375
387 0.0888671875
388 0.037109375
389 -0.0927734375
390 0.0244140625
391 0.0859375
392 0.044921875
393 -0.0927734375
394 -0.0517578125
395 0.013671875
396 -0.0185546875
397 -0.1318359375
398 -0.046875
399 0.0185546875
400 -0.015625
401 -0.1279296875
402 -0.0439453125
403 0.0205078125
404 -0.013671875
405 -0.15234375
406 -0.0263671875
407 0.044921875
408 0.0146484375
409 -0.0390625
410 0.0712890625
411 0.1337890625
412 0.0830078125
413 -0.0126953125
414 0.0361328125
415 0.0888671875
416 0.0380859375
417 -0.095703125
418 0.0205078125
419 0.0869140625
420 0.04296875
421 -0.095703125
422 -0.0546875
423 0.015625
424 -0.0205078125
425 -0.134765625
426 -0.0458984375
427 0.0234375
428 -0.015625
429 -0.1298828125
430 -0.0419921875
431 0.0244140625
432 -0.0146484375
433 -0.154296875
434 -0.0263671875
435 0.0478515625
436 0.0166015625
437 -0.041015625
438 0.0732421875
439 0.134765625
440 0.08203125
441 -0.0126953125
442 0.0380859375
443 0.0908203125
444 0.037109375
445 -0.09375
446 0.021484375
447 0.0869140625
448 0.0439453125
449 -0.0927734375
450 -0.0537109375
451 0.009765625
452 -0.01953125
453 -0.1337890625
454 -0.046875
455 0.0166015625
456 -0.0146484375
457 -0.1279296875
458 -0.0419921875
459 0.0185546875
460 -0.0126953125
461 -0.1533203125
462 -0.02734375
463 0.044921875
464 0.0146484375
465 -0.0400390625
466 0.0712890625
467 0.130859375
468 0.08203125
469 -0.009765625
470 0.0361328125
471 0.0888671875
472 0.0380859375
473 -0.0908203125
474 0.021484375
475 0.083984375
476 0.0439453125
477 -0.0947265625
478 -0.0537109375
479 0.0126953125
480 -0.01953125
481 -0.1337890625
482 -0.0458984375
483 0.01953125
484 -0.0146484375
485 -0.1279296875
486 -0.0400390625
487 0.0234375
488 -0.01171875
489 -0.1513671875
490 -0.0244140625
491 0.0478515625
492 0.015625
493 -0.0390625
494 0.0712890625
495 0.1357421875
496 0.0830078125
497 -0.0107421875
498 0.0380859375
499 0.0888671875
500 0.0380859375
501 -0.091796875
502 0.0244140625
503 0.0888671875
504 0.044921875
505 -0.08984375
506 -0.05078125
507 0.0166015625
508 -0.0166015625
509 -0.1318359375
510 -0.0458984375
511 0.0234375
512 -0.0146484375
513 -0.126953125
514 -0.0400390625
515 0.025390625
516 -0.0146484375
517 -0.1533203125
518 -0.0263671875
519 0.0498046875
520 0.0146484375
521 -0.0390625
522 0.0732421875
523 0.1357421875
524 0.083984375
525 -0.0126953125
526 0.0390625
527 0.091796875
528 0.037109375
529 -0.09375
530 0.0244140625
531 0.08984375
532 0.044921875
533 -0.09375
534 -0.05078125
535 0.0185546875
536 -0.01953125
537 -0.1337890625
538 -0.0458984375
539 0.0244140625
540 -0.0126953125
541 -0.1279296875
542 -0.0419921875
543 0.0263671875
544 -0.0126953125
545 -0.1572265625
546 -0.025390625
547 0.0498046875
548 0.0146484375
549 -0.04296875
550 0.0712890625
551 0.13671875
552 0.0810546875
553 -0.013671875
554 0.0390625
555 0.09375
556 0.037109375
557 -0.0947265625
558 0.0234375
559 0.091796875
560 0.0439453125
561 -0.091796875
562 -0.0517578125
563 0.0185546875
564 -0.0185546875
565 -0.1318359375
566 -0.044921875
567 0.0244140625
568 -0.015625
569 -0.1298828125
570 -0.041015625
571 0.025390625
572 -0.01171875
573 -0.1572265625
574 -0.02734375
575 0.0478515625
576 0.013671875
577 -0.041015625
578 0.0712890625
579 0.13671875
580 0.08203125
581 -0.01171875
582 0.0380859375
583 0.0927734375
584 0.0380859375
585 -0.095703125
586 0.0224609375
587 0.08984375
588 0.044921875
589 -0.0947265625
590 -0.052734375
591 0.0166015625
592 -0.0205078125
593 -0.1357421875
594 -0.0478515625
595 0.021484375
596 -0.015625
597 -0.1318359375
598 -0.0419921875
599 0.0263671875
600 -0.0126953125
601 -0.15625
602 -0.025390625
603 0.052734375
604 0.0146484375
605 -0.0419921875
606 0.0712890625
607 0.1376953125
608 0.08203125
609 -0.0126953125
610 0.0380859375
611 0.0947265625
612 0.0380859375
613 -0.09375
614 0.0234375
615 0.08984375
616 0.044921875
617 -0.0927734375
618 -0.05078125
619 0.0166015625
620 -0.017578125
621 -0.1328125
622 -0.0439453125
623 0.0234375
624 -0.013671875
625 -0.1279296875
626 -0.0400390625
627 0.0263671875
628 -0.0126953125
629 -0.1552734375
630 -0.025390625
631 0.0517578125
632 0.015625
633 -0.0400390625
634 0.072265625
635 0.13671875
636 0.0830078125
637 -0.01171875
638 0.0400390625
639 0.09375
640 0.037109375
641 -0.0966796875
642 0.0234375
643 0.0888671875
644 0.0439453125
645 -0.0947265625
646 -0.0517578125
647 0.015625
648 -0.0185546875
649 -0.1337890625
650 -0.0458984375
651 0.0224609375
652 -0.015625
653 -0.1279296875
654 -0.0400390625
655 0.025390625
656 -0.013671875
657 -0.154296875
658 -0.0263671875
659 0.0478515625
660 0.0146484375
661 -0.0390625
662 0.0712890625
663 0.1337890625
664 0.0830078125
665 -0.0107421875
666 0.0400390625
667 0.0908203125
668 0.0380859375
669 -0.0947265625
670 0.0244140625
671 0.087890625
672 0.0439453125
673 -0.09375
674 -0.0537109375
675 0.0146484375
676 -0.017578125
677 -0.130859375
678 -0.046875
679 0.021484375
680 -0.0126953125
681 -0.1279296875
682 -0.041015625
683 0.0234375
684 -0.01171875
685 -0.1533203125
686 -0.0263671875
687 0.044921875
688 0.015625
689 -0.041015625
690 0.0712890625
691 0.1328125
692 0.0830078125
693 -0.0126953125
694 0.037109375
695 0.091796875
696 0.037109375
697 -0.09375
698 0.0205078125
699 0.087890625
700 0.044921875
701 -0.091796875
702 -0.052734375
703 0.015625
704 -0.0185546875
705 -0.1328125
706 -0.0458984375
707 0.0224609375
708 -0.013671875
709 -0.1279296875
710 -0.0390625
711 0.02734375
712 -0.0126953125
713 -0.154296875
714 -0.0244140625
715 0.05078125
716 0.015625
717 -0.041015625
718 0.0732421875
719 0.138671875
720 0.0830078125
721 -0.0107421875
722 0.0400390625
723 0.0947265625
724 0.037109375
725 -0.08984375
726 0.0244140625
727 0.0888671875
728 0.046875
729 -0.08984375
730 -0.048828125
731 0.015625
732 -0.015625
733 -0.1298828125
734 -0.0458984375
735 0.0205078125
736 -0.01171875
737 -0.126953125
738 -0.0419921875
739 0.021484375
740 -0.01171875
741 -0.1533203125
742 -0.02734375
743 0.0458984375
744 0.015625
745 -0.0380859375
746 0.0712890625
747 0.134765625
748 0.083984375
749 -0.0087890625
750 0.0400390625
751 0.0908203125
752 0.0380859375
753 -0.09375
754 0.0234375
755 0.0859375
756 0.0458984375
757 -0.0908203125
758 -0.0498046875
759 0.015625
760 -0.017578125
761 -0.130859375
762 -0.044921875
763 0.0224609375
764 -0.013671875
765 -0.126953125
766 -0.041015625
767 0.025390625
768 -0.0126953125
769 -0.154296875
770 -0.0244140625
771 0.05078125
772 0.015625
773 -0.041015625
774 0.072265625
775 0.138671875
776 0.0830078125
777 -0.0126953125
778 0.0390625
779 0.0947265625
780 0.0390625
781 -0.095703125
782 0.0234375
783 0.091796875
784 0.044921875
785 -0.0927734375
786 -0.05078125
787 0.017578125
788 -0.0185546875
789 -0.134765625
790 -0.0458984375
791 0.025390625
792 -0.0146484375
793 -0.12890625
794 -0.0400390625
795 0.0283203125
796 -0.0126953125
797 -0.158203125
798 -0.02734375
799 0.048828125
800 0.0166015625
801 -0.04296875
802 0.072265625
803 0.13671875
804 0.0830078125
805 -0.01171875
806 0.0380859375
807 0.09375
808 0.0380859375
809 -0.095703125
810 0.021484375
811 0.0908203125
812 0.04296875
813 -0.09375
814 -0.052734375
815 0.0185546875
816 -0.01953125
817 -0.1328125
818 -0.0458984375
819 0.0244140625
820 -0.013671875
821 -0.12890625
822 -0.0400390625
823 0.025390625
824 -0.0107421875
825 -0.154296875
826 -0.0244140625
827 0.0498046875
828 0.0185546875
829 -0.0400390625
830 0.0712890625
831 0.1357421875
832 0.08203125
833 -0.0087890625
834 0.0380859375
835 0.08984375
836 0.0380859375
837 -0.0927734375
838 0.0224609375
839 0.087890625
840 0.0439453125
841 -0.0908203125
842 -0.0517578125
843 0.015625
844 -0.0185546875
845 -0.130859375
846 -0.044921875
847 0.0224609375
848 -0.0126953125
849 -0.126953125
850 -0.0390625
851 0.025390625
852 -0.0107421875
853 -0.15234375
854 -0.0263671875
855 0.048828125
856 0.015625
857 -0.037109375
858 0.072265625
859 0.134765625
860 0.083984375
861 -0.0107421875
862 0.0380859375
863 0.09375
864 0.037109375
865 -0.0947265625
866 0.021484375
867 0.0888671875
868 0.0458984375
869 -0.09375
870 -0.0517578125
871 0.015625
872 -0.017578125
873 -0.1337890625
874 -0.044921875
875 0.0224609375
876 -0.013671875
877 -0.12890625
878 -0.041015625
879 0.025390625
880 -0.013671875
881 -0.15625
882 -0.02734375
883 0.0478515625
884 0.0146484375
885 -0.0400390625
886 0.0712890625
887 0.1357421875
888 0.08203125
889 -0.01171875
890 0.0390625
891 0.0927734375
892 0.0380859375
893 -0.0966796875
894 0.0244140625
895 0.08984375
896 0.044921875
897 -0.09375
898 -0.05078125
899 0.015625
900 -0.0185546875
901 -0.130859375
902 -0.0458984375
903 0.021484375
904 -0.0146484375
905 -0.126953125
906 -0.041015625
907 0.0244140625
908 -0.0126953125
909 -0.1533203125
910 -0.02734375
911 0.0478515625
912 0.015625
913 -0.041015625
914 0.072265625
915 0.1337890625
916 0.083984375
917 -0.009765625
918 0.0390625
919 0.0908203125
920 0.0390625
921 -0.09375
922 0.0205078125
923 0.087890625
924 0.04296875
925 -0.095703125
926 -0.056640625
927 0.0126953125
928 -0.0205078125
929 -0.13671875
930 -0.046875
931 0.0224609375
932 -0.0146484375
933 -0.130859375
934 -0.041015625
935 0.0244140625
936 -0.0126953125
937 -0.15625
938 -0.025390625
939 0.048828125
940 0.017578125
941 -0.0400390625
942 0.07421875
943 0.1376953125
944 0.08203125
945 -0.009765625
946 0.0400390625
947 0.0947265625
948 0.0380859375
949 -0.0908203125
950 0.0244140625
951 0.0908203125
952 0.0458984375
953 -0.091796875
954 -0.05078125
955 0.0146484375
956 -0.0166015625
957 -0.1298828125
958 -0.0458984375
959 0.0205078125
960 -0.01171875
961 -0.1259765625
962 -0.0400390625
963 0.021484375
964 -0.009765625
965 -0.1533203125
966 -0.0263671875
967 0.0458984375
968 0.0146484375
969 -0.0390625
970 0.072265625
971 0.1328125
972 0.083984375
973 -0.009765625
974 0.0380859375
975 0.08984375
976 0.0380859375
977 -0.091796875
978 0.021484375
979 0.0859375
980 0.044921875
981 -0.09375
982 -0.052734375
983 0.0107421875
984 -0.0185546875
985 -0.1318359375
986 -0.046875
987 0.0205078125
988 -0.0126953125
989 -0.126953125
990 -0.0400390625
991 0.0224609375
992 -0.0126953125
993 -0.1552734375
994 -0.02734375
995 0.0478515625
996 0.0146484375
997 -0.0390625
998 0.072265625
999 0.134765625
1000 0.08203125
1001 -0.0087890625
1002 0.0400390625
1003 0.08984375
1004 0.0380859375
1005 -0.091796875
1006 0.0244140625
1007 0.08984375
1008 0.046875
1009 -0.0927734375
1010 -0.052734375
1011 0.013671875
1012 -0.0166015625
1013 -0.1318359375
1014 -0.046875
1015 0.0205078125
1016 -0.013671875
1017 -0.126953125
1018 -0.0400390625
1019 0.0234375
1020 -0.013671875
1021 -0.1552734375
1022 -0.0263671875
1023 0.048828125
1024 0.0146484375
1025 -0.0400390625
1026 0.0703125
1027 0.130859375
1028 0.08203125
1029 -0.0107421875
1030 0.0380859375
1031 0.0888671875
1032 0.0380859375
1033 -0.0927734375
1034 0.0234375
1035 0.0859375
1036 0.044921875
1037 -0.0947265625
1038 -0.0546875
1039 0.01171875
1040 -0.0185546875
1041 -0.1318359375
1042 -0.0478515625
1043 0.0185546875
1044 -0.013671875
1045 -0.125
1046 -0.041015625
1047 0.0234375
1048 -0.01171875
1049 -0.150390625
1050 -0.0244140625
1051 0.046875
1052 0.0166015625
1053 -0.0390625
1054 0.0732421875
1055 0.134765625
1056 0.0830078125
1057 -0.0087890625
1058 0.0380859375
1059 0.091796875
1060 0.0380859375
1061 -0.091796875
1062 0.0234375
1063 0.0888671875
1064 0.046875
1065 -0.09375
1066 -0.052734375
1067 0.015625
1068 -0.0185546875
1069 -0.1318359375
1070 -0.0458984375
1071 0.021484375
1072 -0.013671875
1073 -0.12890625
1074 -0.041015625
1075 0.0224609375
1076 -0.013671875
1077 -0.15625
1078 -0.02734375
1079 0.046875
1080 0.017578125
1081 -0.0400390625
1082 0.072265625
1083 0.1357421875
1084 0.0830078125
1085 -0.0107421875
1086 0.0390625
1087 0.0908203125
1088 0.0380859375
1089 -0.091796875
1090 0.0224609375
1091 0.0869140625
1092 0.044921875
1093 -0.09375
1094 -0.0537109375
1095 0.013671875
1096 -0.01953125
1097 -0.1337890625
1098 -0.0458984375
1099 0.0205078125
1100 -0.0146484375
1101 -0.1279296875
1102 -0.0400390625
1103 0.0244140625
1104 -0.01171875
1105 -0.1552734375
1106 -0.0263671875
1107 0.046875
1108 0.0146484375
1109 -0.0390625
1110 0.072265625
1111 0.1357421875
1112 0.08203125
1113 -0.009765625
1114 0.0390625
1115 0.09375
1116 0.0380859375
1117 -0.0966796875
1118 0.0234375
1119 0.0908203125
1120 0.044921875
1121 -0.09765625
1122 -0.0537109375
1123 0.015625
1124 -0.0205078125
1125 -0.13671875
1126 -0.044921875
1127 0.0263671875
1128 -0.0166015625
1129 -0.1318359375
1130 -0.0419921875
1131 0.0302734375
1132 -0.013671875
1133 -0.16015625
1134 -0.02734375
1135 0.052734375
1136 0.013671875
1137 -0.0439453125
1138 0.072265625
1139 0.1396484375
1140 0.08203125
1141 -0.0126953125
1142 0.0400390625
1143 0.095703125
1144 0.037109375
1145 -0.099609375
1146 0.0244140625
1147 0.0927734375
1148 0.044921875
1149 -0.0966796875
1150 -0.0537109375
1151 0.0185546875
1152 -0.021484375
1153 -0.1357421875
1154 -0.0439453125
1155 0.0244140625
1156 -0.0146484375
1157 -0.1298828125
1158 -0.0390625
1159 0.029296875
1160 -0.0126953125
1161 -0.15625
1162 -0.025390625
1163 0.052734375
1164 0.0146484375
1165 -0.044921875
1166 0.07421875
1167 0.140625
1168 0.08203125
1169 -0.013671875
1170 0.041015625
1171 0.0966796875
1172 0.037109375
1173 -0.0966796875
1174 0.025390625
1175 0.09375
1176 0.044921875
1177 -0.09375
1178 -0.05078125
1179 0.021484375
1180 -0.0185546875
1181 -0.134765625
1182 -0.044921875
1183 0.02734375
1184 -0.015625
1185 -0.1298828125
1186 -0.0400390625
1187 0.029296875
1188 -0.013671875
1189 -0.158203125
1190 -0.025390625
1191 0.0517578125
1192 0.015625
1193 -0.0439453125
1194 0.07421875
1195 0.138671875
1196 0.083984375
1197 -0.0126953125
1198 0.0400390625
1199 0.0966796875
1200 0.0380859375
1201 -0.0947265625
1202 0.0244140625
1203 0.091796875
1204 0.044921875
1205 -0.09375
1206 -0.05078125
1207 0.01953125
1208 -0.017578125
1209 -0.134765625
1210 -0.0439453125
1211 0.025390625
1212 -0.0126953125
1213 -0.1298828125
1214 -0.0400390625
1215 0.0283203125
1216 -0.0126953125
1217 -0.158203125
1218 -0.0263671875
1219 0.048828125
1220 0.0146484375
1221 -0.04296875
1222 0.0732421875
1223 0.138671875
1224 0.08203125
1225 -0.0107421875
1226 0.0380859375
1227 0.09375
1228 0.037109375
1229 -0.09375
1230 0.0234375
1231 0.091796875
1232 0.0458984375
1233 -0.09375
1234 -0.0517578125
1235 0.017578125
1236 -0.0185546875
1237 -0.1337890625
1238 -0.044921875
1239 0.0244140625
1240 -0.013671875
1241 -0.12890625
1242 -0.0390625
1243 0.0263671875
1244 -0.01171875
1245 -0.158203125
1246 -0.02734375
1247 0.05078125
1248 0.013671875
1249 -0.041015625
1250 0.0712890625
1251 0.1357421875
1252 0.0830078125
1253 -0.01171875
1254 0.0380859375
1255 0.091796875
1256 0.0380859375
1257 -0.0947265625
1258 0.0224609375
1259 0.0869140625
1260 0.0458984375
1261 -0.0947265625
1262 -0.052734375
1263 0.013671875
1264 -0.01953125
1265 -0.134765625
1266 -0.0458984375
1267 0.0205078125
1268 -0.013671875
1269 -0.1298828125
1270 -0.04296875
1271 0.025390625
1272 -0.013671875
1273 -0.154296875
1274 -0.025390625
1275 0.05078125
1276 0.0166015625
1277 -0.0400390625
1278 0.0732421875
1279 0.13671875
1280 0.0830078125
1281 -0.0107421875
1282 0.0400390625
1283 0.0927734375
1284 0.0380859375
1285 -0.0908203125
1286 0.0234375
1287 0.0888671875
1288 0.046875
1289 -0.09375
1290 -0.052734375
1291 0.017578125
1292 -0.017578125
1293 -0.1328125
1294 -0.044921875
1295 0.0244140625
1296 -0.0146484375
1297 -0.12890625
1298 -0.0390625
1299 0.0263671875
1300 -0.0126953125
1301 -0.154296875
1302 -0.025390625
1303 0.0498046875
1304 0.015625
1305 -0.0400390625
1306 0.07421875
1307 0.1357421875
1308 0.0830078125
1309 -0.0107421875
1310 0.0400390625
1311 0.0927734375
1312 0.037109375
1313 -0.0947265625
1314 0.0205078125
1315 0.0859375
1316 0.0439453125
1317 -0.0947265625
1318 -0.052734375
1319 0.013671875
1320 -0.01953125
1321 -0.1328125
1322 -0.0458984375
1323 0.0224609375
1324 -0.0146484375
1325 -0.12890625
1326 -0.0419921875
1327 0.0244140625
1328 -0.01171875
1329 -0.1552734375
1330 -0.025390625
1331 0.0498046875
1332 0.0166015625
1333 -0.0400390625
1334 0.072265625
1335 0.13671875
1336 0.083984375
1337 -0.009765625
1338 0.0400390625
1339 0.09375
1340 0.0380859375
1341 -0.09375
1342 0.0224609375
1343 0.0908203125
1344 0.0458984375
1345 -0.0927734375
1346 -0.0537109375
1347 0.013671875
1348 -0.0185546875
1349 -0.1337890625
1350 -0.0458984375
1351 0.0205078125
1352 -0.0126953125
1353 -0.1279296875
1354 -0.0400390625
1355 0.0234375
1356 -0.01171875
1357 -0.154296875
1358 -0.0283203125
1359 0.044921875
1360 0.015625
1361 -0.0400390625
1362 0.0712890625
1363 0.1337890625
1364 0.0810546875
1365 -0.009765625
1366 0.037109375
1367 0.08984375
1368 0.0380859375
1369 -0.09375
1370 0.021484375
1371 0.0869140625
1372 0.044921875
1373 -0.09375
1374 -0.052734375
1375 0.013671875
1376 -0.017578125
1377 -0.1337890625
1378 -0.0458984375
1379 0.0224609375
1380 -0.0126953125
1381 -0.126953125
1382 -0.0400390625
1383 0.0263671875
1384 -0.0126953125
1385 -0.1513671875
1386 -0.0244140625
1387 0.052734375
1388 0.015625
1389 -0.0390625
1390 0.0751953125
1391 0.138671875
1392 0.083984375
1393 -0.009765625
1394 0.041015625
1395 0.09375
1396 0.0400390625
1397 -0.0908203125
1398 0.025390625
1399 0.0908203125
1400 0.0478515625
1401 -0.091796875
1402 -0.0498046875
1403 0.017578125
1404 -0.017578125
1405 -0.1318359375
1406 -0.044921875
1407 0.0234375
1408 -0.0126953125
1409 -0.1259765625
1410 -0.0419921875
1411 0.021484375
1412 -0.0107421875
1413 -0.1513671875
1414 -0.0263671875
1415 0.046875
1416 0.0146484375
1417 -0.0380859375
1418 0.0732421875
1419 0.1328125
1420 0.0849609375
1421 -0.009765625
1422 0.0380859375
1423 0.08984375
1424 0.0400390625
1425 -0.0908203125
1426 0.0224609375
1427 0.0859375
1428 0.046875
1429 -0.0908203125
1430 -0.0517578125
1431 0.013671875
1432 -0.017578125
1433 -0.1279296875
1434 -0.044921875
1435 0.0185546875
1436 -0.0126953125
1437 -0.123046875
1438 -0.0380859375
1439 0.0224609375
1440 -0.009765625
1441 -0.1279296875
1442 -0.0048828125
1443 0.0634765625
1444 0.0302734375
1445 -0.0791015625
1446 -0.02734375
1447 0.0302734375
1448 -0.005859375
1449 -0.1181640625
1450 -0.0419921875
1451 0.025390625
1452 -0.0078125
1453 -0.126953125
1454 -0.0458984375
1455 0.01953125
1456 -0.0146484375
1457 -0.1796875
1458 -0.0849609375
1459 -0.0166015625
1460 -0.0419921875
1461 -0.1962890625
1462 -0.0625
1463 0.01953125
1464 -0.001953125
1465 -0.07421875
1466 0.0439453125
1467 0.109375
1468 0.0654296875
1469 0.005859375
1470 0.111328125
1471 0.16796875
1472 0.1103515625
1473 0.017578125
1474 0.0615234375
1475 0.1103515625
1476 0.0556640625
1477 -0.0498046875
1478 0.060546875
1479 0.1201171875
1480 0.0693359375
1481 -0.0068359375
1482 0.0966796875
1483 0.1572265625
1484 0.0986328125
1485 -0.0205078125
1486 0.0234375
1487 0.0771484375
1488 0.02734375
1489 -0.076171875
1490 0.037109375
1491 0.1015625
1492 0.0556640625
1493 -0.0126953125
1494 0.0947265625
1495 0.150390625
1496 0.09375
1497 -0.0166015625
1498 0.02734375
1499 0.0771484375
1500 0.0263671875
1501 -0.080078125
1502 -0.0068359375
1503 0.0546875
1504 0.0087890625
1505 -0.0830078125
1506 0.0283203125
1507 0.091796875
1508 0.048828125
1509 -0.06640625
1510 0.0439453125
1511 0.1044921875
1512 0.0576171875
1513 -0.0439453125
1514 0.0625
1515 0.12109375
1516 0.072265625
1517 -0.0009765625
1518 0.1025390625
1519 0.1572265625
1520 0.09765625
1521 0.0087890625
1522 0.048828125
1523 0.099609375
1524 0.0458984375
1525 -0.046875
1526 0.05859375
1527 0.1171875
1528 0.0654296875
1529 -0.0439453125
1530 0.05859375
1531 0.1162109375
1532 0.0673828125
1533 -0.0947265625
1534 -0.0576171875
1535 0.0048828125
1536 -0.029296875
1537 -0.1982421875
1538 -0.107421875
1539 -0.0322265625
1540 -0.0576171875
1541 -0.1640625
1542 -0.037109375
1543 0.0380859375
1544 0.001953125
1545 -0.0537109375
1546 0.05859375
1547 0.1201171875
1548 0.068359375
1549 0.00390625
1550 0.10546875
1551 0.16015625
1552 0.1005859375
1553 -0.017578125
1554 0.01953125
1555 0.0712890625
1556 0.01953125
1557 -0.1083984375
1558 -0.0263671875
1559 0.0302734375
1560 -0.0107421875
1561 -0.1923828125
1562 -0.126953125
1563 -0.0458984375
1564 -0.0673828125
1565 -0.1708984375
1566 -0.0791015625
1567 -0.0107421875
1568 -0.041015625
1569 -0.205078125
1570 -0.12890625
1571 -0.0498046875
1572 -0.068359375
1573 -0.1865234375
1574 -0.0556640625
1575 0.0185546875
1576 -0.005859375
1577 -0.10546875
1578 -0.0546875
1579 0.009765625
1580 -0.0224609375
1581 -0.1337890625
1582 -0.046875
1583 0.0126953125
1584 -0.01953125
1585 -0.126953125
1586 -0.0458984375
1587 0.0166015625
1588 -0.0146484375
1589 -0.1025390625
1590 0.0107421875
1591 0.078125
1592 0.0390625
1593 -0.01171875
1594 0.0908203125
1595 0.1484375
1596 0.095703125
1597 -0.015625
1598 0.083984375
1599 0.138671875
1600 0.0869140625
1601 -0.01953125
1602 0.083984375
1603 0.138671875
1604 0.0849609375
1605 0.01171875
1606 0.1103515625
1607 0.1630859375
1608 0.1025390625
1609 0.0146484375
1610 0.0546875
1611 0.1064453125
1612 0.048828125
1613 -0.0439453125
1614 0.0615234375
1615 0.1201171875
1616 0.06640625
1617 -0.0439453125
1618 0.0595703125
1619 0.1181640625
1620 0.0654296875
1621 -0.0966796875
1622 -0.05859375
1623 0.0009765625
1624 -0.0302734375
1625 -0.1953125
1626 -0.1083984375
1627 -0.0341796875
1628 -0.0556640625
1629 -0.1650390625
1630 -0.0361328125
1631 0.0341796875
1632 0.001953125
1633 -0.0703125
1634 0.0419921875
1635 0.107421875
1636 0.0556640625
1637 -0.0048828125
1638 0.099609375
1639 0.15625
1640 0.095703125
1641 -0.0205078125
1642 0.01953125
1643 0.072265625
1644 0.0205078125
1645 -0.1103515625
1646 -0.0302734375
1647 0.029296875
1648 -0.0146484375
1649 -0.197265625
1650 -0.12890625
1651 -0.048828125
1652 -0.0703125
1653 -0.177734375
1654 -0.0791015625
1655 -0.0078125
1656 -0.0439453125
1657 -0.2099609375
1658 -0.12890625
1659 -0.048828125
1660 -0.0712890625
1661 -0.1923828125
1662 -0.0576171875
1663 0.0224609375
1664 -0.009765625
1665 -0.107421875
1666 -0.0556640625
1667 0.0146484375
1668 -0.025390625
1669 -0.140625
1670 -0.0458984375
1671 0.0224609375
1672 -0.021484375
1673 -0.1337890625
1674 -0.0458984375
1675 0.0244140625
1676 -0.017578125
1677 -0.11328125
1678 0.01171875
1679 0.0849609375
1680 0.0361328125
1681 -0.0166015625
1682 0.095703125
1683 0.1591796875
1684 0.095703125
1685 0.037109375
1686 0.142578125
1687 0.2021484375
1688 0.1279296875
1689 0.0615234375
1690 0.1650390625
1691 0.2197265625
1692 0.142578125
1693 0.03125
1694 0.1328125
1695 0.1865234375
1696 0.115234375
1697 0.00390625
1698 0.1064453125
1699 0.1630859375
1700 0.095703125
1701 0.013671875
1702 0.1171875
1703 0.1748046875
1704 0.1025390625
1705 0.0107421875
1706 0.0546875
1707 0.1123046875
1708 0.0439453125
1709 -0.0517578125
1710 0.0595703125
1711 0.125
1712 0.0595703125
1713 0.001953125
1714 0.1103515625
1715 0.1708984375
1716 0.0986328125
1717 0.0322265625
1718 0.1357421875
1719 0.1923828125
1720 0.1181640625
1721 0.0087890625
1722 0.111328125
1723 0.1650390625
1724 0.091796875
1725 -0.0703125
1726 -0.0302734375
1727 0.0283203125
1728 -0.0244140625
1729 -0.1884765625
1730 -0.1044921875
1731 -0.02734375
1732 -0.0634765625
1733 -0.17578125
1734 -0.044921875
1735 0.0322265625
1736 -0.0107421875
1737 -0.078125
1738 0.0400390625
1739 0.10546875
1740 0.046875
1741 -0.0234375
1742 0.087890625
1743 0.146484375
1744 0.080078125
1745 -0.0419921875
1746 0.0
1747 0.0546875
1748 0.0
1749 -0.1328125
1750 -0.0478515625
1751 0.0166015625
1752 -0.033203125
1753 -0.2138671875
1754 -0.14453125
1755 -0.0595703125
1756 -0.0888671875
1757 -0.1962890625
1758 -0.095703125
1759 -0.0205078125
1760 -0.0615234375
1761 -0.2255859375
1762 -0.14453125
1763 -0.0625
1764 -0.087890625
1765 -0.2109375
1766 -0.0712890625
1767 0.0087890625
1768 -0.0244140625
1769 -0.1259765625
1770 -0.0712890625
1771 0.0009765625
1772 -0.0400390625
1773 -0.1650390625
1774 -0.0712890625
1775 0.0009765625
1776 -0.04296875
1777 -0.1689453125
1778 -0.0771484375
1779 -0.001953125
1780 -0.0419921875
1781 -0.14453125
1782 -0.017578125
1783 0.05859375
1784 0.013671875
1785 -0.0400390625
1786 0.076171875
1787 0.1416015625
1788 0.0791015625
1789 0.013671875
1790 0.1201171875
1791 0.1826171875
1792 0.109375
1793 0.0419921875
1794 0.140625
1795 0.1982421875
1796 0.123046875
1797 0.0537109375
1798 0.15234375
1799 0.20703125
1800 0.130859375
1801 0.0634765625
1802 0.158203125
1803 0.2138671875
1804 0.1376953125
1805 0.021484375
1806 0.119140625
1807 0.169921875
1808 0.099609375
1809 -0.0146484375
1810 0.087890625
1811 0.142578125
1812 0.0771484375
1813 -0.00390625
1814 0.099609375
1815 0.154296875
1816 0.0859375
1817 -0.0068359375
1818 0.0361328125
1819 0.08984375
1820 0.025390625
1821 -0.068359375
1822 0.0400390625
1823 0.1044921875
1824 0.04296875
1825 -0.01953125
1826 0.083984375
1827 0.1416015625
1828 0.076171875
1829 0.0126953125
1830 0.11328125
1831 0.1689453125
1832 0.0986328125
1833 -0.01171875
1834 0.0888671875
1835 0.142578125
1836 0.076171875
1837 -0.0888671875
1838 -0.052734375
1839 0.0048828125
1840 -0.0419921875
1841 -0.2099609375
1842 -0.1259765625
1843 -0.05078125
1844 -0.0830078125
1845 -0.19140625
1846 -0.0615234375
1847 0.0107421875
1848 -0.0263671875
1849 -0.087890625
1850 0.025390625
1851 0.0888671875
1852 0.0361328125
1853 -0.03125
1854 0.072265625
1855 0.130859375
1856 0.0693359375
1857 -0.0517578125
1858 -0.0107421875
1859 0.0400390625
1860 -0.0107421875
1861 -0.1416015625
1862 -0.0595703125
1863 0.0009765625
1864 -0.04296875
1865 -0.22265625
1866 -0.15625
1867 -0.076171875
1868 -0.0966796875
1869 -0.19921875
1870 -0.10546875
1871 -0.0380859375
1872 -0.0673828125
1873 -0.2333984375
1874 -0.1572265625
1875 -0.080078125
1876 -0.0966796875
1877 -0.2158203125
1878 -0.08203125
1879 -0.0078125
1880 -0.0322265625
1881 -0.1318359375
1882 -0.0810546875
1883 -0.0166015625
1884 -0.048828125
1885 -0.2021484375
1886 -0.1103515625
1887 -0.041015625
1888 -0.068359375
1889 -0.208984375
1890 -0.119140625
1891 -0.046875
1892 -0.068359375
1893 -0.162109375
1894 -0.041015625
1895 0.0302734375
1896 0.0
1897 -0.044921875
1898 0.060546875
1899 0.1181640625
1900 0.0703125
1901 0.0068359375
1902 0.10546875
1903 0.16015625
1904 0.1005859375
1905 0.037109375
1906 0.130859375
1907 0.1806640625
1908 0.1162109375
1909 0.048828125
1910 0.13671875
1911 0.1865234375
1912 0.12109375
1913 0.0576171875
1914 0.1474609375
1915 0.197265625
1916 0.1279296875
1917 0.0234375
1918 0.1123046875
1919 0.158203125
1920 0.095703125
1921 -0.013671875
1922 0.08203125
1923 0.1337890625
1924 0.0732421875
1925 -0.00390625
1926 0.0908203125
1927 0.1416015625
1928 0.0810546875
1929 -0.009765625
1930 0.029296875
1931 0.0771484375
1932 0.021484375
1933 -0.0673828125
1934 0.033203125
1935 0.0927734375
1936 0.0380859375
1937 -0.015625
1938 0.0810546875
1939 0.1357421875
1940 0.07421875
1941 0.015625
1942 0.1103515625
1943 0.1591796875
1944 0.095703125
1945 -0.0068359375
1946 0.083984375
1947 0.1328125
1948 0.07421875
1949 -0.0830078125
1950 -0.0498046875
1951 0.001953125
1952 -0.0390625
1953 -0.19921875
1954 -0.12109375
1955 -0.048828125
1956 -0.0771484375
1957 -0.1875
1958 -0.064453125
1959 0.0078125
1960 -0.02734375
1961 -0.0869140625
1962 0.021484375
1963 0.0830078125
1964 0.033203125
1965 -0.0322265625
1966 0.068359375
1967 0.1240234375
1968 0.0634765625
1969 -0.052734375
1970 -0.0146484375
1971 0.0361328125
1972 -0.0146484375
1973 -0.142578125
1974 -0.060546875
1975 -0.0048828125
1976 -0.044921875
1977 -0.2265625
1978 -0.1611328125
1979 -0.0810546875
1980 -0.1005859375
1981 -0.205078125
1982 -0.1123046875
1983 -0.04296875
1984 -0.0732421875
1985 -0.2392578125
1986 -0.162109375
1987 -0.083984375
1988 -0.1005859375
1989 -0.220703125
1990 -0.0849609375
1991 -0.0107421875
1992 -0.0380859375
1993 -0.1357421875
1994 -0.0859375
1995 -0.0205078125
1996 -0.0517578125
1997 -0.1708984375
1998 -0.0830078125
1999 -0.017578125
2000 -0.0537109375
2001 -0.171875
2002 -0.0859375
2003 -0.0185546875
2004 -0.0517578125
2005 -0.1416015625
2006 -0.0234375
2007 0.0458984375
2008 0.0068359375
2009 -0.041015625
2010 0.0634765625
2011 0.1240234375
2012 0.0703125
2013 0.0078125
2014 0.1064453125
2015 0.1611328125
2016 0.09765625
2017 0.029296875
2018 0.125
2019 0.177734375
2020 0.111328125
2021 0.0341796875
2022 0.1279296875
2023 0.181640625
2024 0.1103515625
2025 0.0458984375
2026 0.140625
2027 0.193359375
2028 0.119140625
2029 0.0107421875
2030 0.103515625
2031 0.1572265625
2032 0.087890625
2033 -0.0224609375
2034 0.076171875
2035 0.1279296875
2036 0.0654296875
2037 -0.013671875
2038 0.0859375
2039 0.1376953125
2040 0.072265625
2041 -0.0322265625
2042 0.0078125
2043 0.05859375
2044 0.00390625
2045 -0.0869140625
2046 0.01953125
2047 0.08203125
2048 0.0283203125
2049 -0.029296875
2050 0.0732421875
2051 0.130859375
2052 0.068359375
2053 0.0068359375
2054 0.103515625
2055 0.1591796875
2056 0.08984375
2057 -0.0185546875
2058 0.0791015625
2059 0.130859375
2060 0.0654296875
2061 -0.0927734375
2062 -0.056640625
2063 0.0009765625
2064 -0.0458984375
2065 -0.2119140625
2066 -0.12890625
2067 -0.0546875
2068 -0.0859375
2069 -0.197265625
2070 -0.0693359375
2071 0.00390625
2072 -0.0322265625
2073 -0.1083984375
2074 0.0078125
2075 0.0732421875
2076 0.0205078125
2077 -0.04296875
2078 0.0625
2079 0.1201171875
2080 0.056640625
2081 -0.0615234375
2082 -0.021484375
2083 0.03125
2084 -0.0205078125
2085 -0.15234375
2086 -0.06640625
2087 -0.0068359375
2088 -0.05078125
2089 -0.2314453125
2090 -0.1640625
2091 -0.0849609375
2092 -0.1064453125
2093 -0.208984375
2094 -0.11328125
2095 -0.041015625
2096 -0.076171875
2097 -0.240234375
2098 -0.162109375
2099 -0.080078125
2100 -0.1025390625
2101 -0.22265625
2102 -0.087890625
2103 -0.0126953125
2104 -0.0390625
2105 -0.1396484375
2106 -0.087890625
2107 -0.0234375
2108 -0.052734375
2109 -0.216796875
2110 -0.1240234375
2111 -0.0517578125
2112 -0.076171875
2113 -0.228515625
2114 -0.13671875
2115 -0.060546875
2116 -0.08203125
2117 -0.16796875
2118 -0.0439453125
2119 0.0283203125
2120 -0.00390625
2121 -0.05078125
2122 0.0546875
2123 0.1171875
2124 0.064453125
2125 0.00390625
2126 0.1025390625
2127 0.15625
2128 0.0966796875
2129 0.0234375
2130 0.119140625
2131 0.169921875
2132 0.10546875
2133 0.0361328125
2134 0.1298828125
2135 0.1806640625
2136 0.111328125
2137 0.048828125
2138 0.140625
2139 0.19140625
2140 0.12109375
2141 0.01171875
2142 0.103515625
2143 0.1533203125
2144 0.087890625
2145 -0.0244140625
2146 0.072265625
2147 0.1279296875
2148 0.064453125
2149 -0.0126953125
2150 0.0859375
2151 0.138671875
2152 0.07421875
2153 -0.0185546875
2154 0.0224609375
2155 0.07421875
2156 0.0166015625
2157 -0.0751953125
2158 0.029296875
2159 0.0888671875
2160 0.0361328125
2161 -0.0283203125
2162 0.0712890625
2163 0.1279296875
2164 0.06640625
2165 0.0087890625
2166 0.1025390625
2167 0.158203125
2168 0.08984375
2169 -0.015625
2170 0.080078125
2171 0.130859375
2172 0.0693359375
2173 -0.0888671875
2174 -0.0556640625
2175 -0.001953125
2176 -0.04296875
2177 -0.2041015625
2178 -0.1240234375
2179 -0.0537109375
2180 -0.0810546875
2181 -0.19140625
2182 -0.0654296875
2183 0.005859375
2184 -0.029296875
2185 -0.0908203125
2186 0.01953125
2187 0.0810546875
2188 0.0302734375
2189 -0.033203125
2190 0.06640625
2191 0.119140625
2192 0.0615234375
2193 -0.0595703125
2194 -0.021484375
2195 0.029296875
2196 -0.0185546875
2197 -0.1474609375
2198 -0.0654296875
2199 -0.0087890625
2200 -0.0498046875
2201 -0.23046875
2202 -0.1630859375
2203 -0.083984375
2204 -0.1044921875
2205 -0.2099609375
2206 -0.1142578125
2207 -0.0419921875
2208 -0.078125
2209 -0.2421875
2210 -0.162109375
2211 -0.078125
2212 -0.103515625
2213 -0.224609375
2214 -0.0869140625
2215 -0.0068359375
2216 -0.041015625
2217 -0.1416015625
2218 -0.0869140625
2219 -0.015625
2220 -0.0556640625
2221 -0.1796875
2222 -0.0859375
2223 -0.0166015625
2224 -0.056640625
2225 -0.181640625
2226 -0.091796875
2227 -0.0205078125
2228 -0.05859375
2229 -0.150390625
2230 -0.0263671875
2231 0.0478515625
2232 0.0029296875
2233 -0.048828125
2234 0.0625
2235 0.1279296875
2236 0.06640625
2237 0.0048828125
2238 0.1064453125
2239 0.1669921875
2240 0.09765625
2241 0.029296875
2242 0.1259765625
2243 0.1787109375
2244 0.109375
2245 0.03515625
2246 0.1328125
2247 0.1865234375
2248 0.1123046875
2249 0.046875
2250 0.1416015625
2251 0.1962890625
2252 0.119140625
2253 0.0068359375
2254 0.1025390625
2255 0.1572265625
2256 0.0859375
2257 -0.02734375
2258 0.072265625
2259 0.1279296875
2260 0.0634765625
2261 -0.015625
2262 0.083984375
2263 0.1376953125
2264 0.072265625
2265 -0.03515625
2266 0.0078125
2267 0.0595703125
2268 0.0029296875
2269 -0.091796875
2270 0.01953125
2271 0.0810546875
2272 0.02734375
2273 -0.033203125
2274 0.072265625
2275 0.1298828125
2276 0.064453125
2277 0.00390625
2278 0.1025390625
2279 0.158203125
2280 0.0869140625
2281 -0.01953125
2282 0.078125
2283 0.1318359375
2284 0.064453125
2285 -0.0947265625
2286 -0.0576171875
2287 0.0
2288 -0.0478515625
2289 -0.21484375
2290 -0.130859375
2291 -0.0556640625
2292 -0.087890625
2293 -0.1982421875
2294 -0.0703125
2295 0.0029296875
2296 -0.033203125
2297 -0.1103515625
2298 0.0048828125
2299 0.0712890625
2300 0.0185546875
2301 -0.04296875
2302 0.0615234375
2303 0.1220703125
2304 0.056640625
2305 -0.0595703125
2306 -0.0224609375
2307 0.03125
2308 -0.01953125
2309 -0.1484375
2310 -0.06640625
2311 -0.005859375
2312 -0.0498046875
2313 -0.2314453125
2314 -0.162109375
2315 -0.0830078125
2316 -0.1044921875
2317 -0.212890625
2318 -0.1123046875
2319 -0.041015625
2320 -0.0771484375
2321 -0.2431640625
2322 -0.1650390625
2323 -0.0830078125
2324 -0.10546875
2325 -0.2265625
2326 -0.08984375
2327 -0.0087890625
2328 -0.0419921875
2329 -0.1416015625
2330 -0.0888671875
2331 -0.01953125
2332 -0.056640625
2333 -0.2216796875
2334 -0.1259765625
2335 -0.05078125
2336 -0.080078125
2337 -0.2353515625
2338 -0.13671875
2339 -0.056640625
2340 -0.0830078125
2341 -0.173828125
2342 -0.04296875
2343 0.0322265625
2344 -0.0078125
2345 -0.056640625
2346 0.0576171875
2347 0.1220703125
2348 0.0615234375
2349 -0.0009765625
2350 0.1025390625
2351 0.1630859375
2352 0.09375
2353 0.0185546875
2354 0.1181640625
2355 0.1767578125
2356 0.1044921875
2357 0.03125
2358 0.12890625
2359 0.185546875
2360 0.1103515625
2361 0.0439453125
2362 0.140625
2363 0.1953125
2364 0.119140625
2365 0.0087890625
2366 0.1044921875
2367 0.1572265625
2368 0.0888671875
2369 -0.0283203125
2370 0.072265625
2371 0.1279296875
2372 0.0634765625
2373 -0.017578125
2374 0.083984375
2375 0.138671875
2376 0.072265625
2377 -0.01953125
2378 0.0224609375
2379 0.0751953125
2380 0.013671875
2381 -0.078125
2382 0.0302734375
2383 0.091796875
2384 0.0341796875
2385 -0.033203125
2386 0.072265625
2387 0.130859375
2388 0.0673828125
2389 0.0029296875
2390 0.103515625
2391 0.16015625
2392 0.0888671875
2393 -0.0185546875
2394 0.080078125
2395 0.134765625
2396 0.0673828125
2397 -0.087890625
2398 -0.0517578125
2399 0.0068359375
2400 -0.0439453125
2401 -0.2041015625
2402 -0.1181640625
2403 -0.044921875
2404 -0.080078125
2405 -0.1923828125
2406 -0.064453125
2407 0.009765625
2408 -0.029296875
2409 -0.09375
2410 0.021484375
2411 0.0849609375
2412 0.029296875
2413 -0.0380859375
2414 0.0654296875
2415 0.125
2416 0.05859375
2417 -0.0625
2418 -0.0224609375
2419 0.0322265625
2420 -0.021484375
2421 -0.1494140625
2422 -0.068359375
2423 -0.005859375
2424 -0.0517578125
2425 -0.2333984375
2426 -0.1650390625
2427 -0.08203125
2428 -0.1064453125
2429 -0.212890625
2430 -0.1123046875
2431 -0.041015625
2432 -0.0771484375
2433 -0.2421875
2434 -0.1630859375
2435 -0.0810546875
2436 -0.103515625
2437 -0.22265625
2438 -0.0888671875
2439 -0.0087890625
2440 -0.041015625
2441 -0.140625
2442 -0.087890625
2443 -0.0166015625
2444 -0.0576171875
2445 -0.1796875
2446 -0.0869140625
2447 -0.0185546875
2448 -0.0576171875
2449 -0.1806640625
2450 -0.0927734375
2451 -0.0224609375
2452 -0.056640625
2453 -0.150390625
2454 -0.0263671875
2455 0.044921875
2456 0.0029296875
2457 -0.0478515625
2458 0.0615234375
2459 0.1259765625
2460 0.0654296875
2461 0.00390625
2462 0.1064453125
2463 0.1640625
2464 0.0966796875
2465 0.02734375
2466 0.1240234375
2467 0.177734375
2468 0.107421875
2469 0.03515625
2470 0.1318359375
2471 0.18359375
2472 0.1123046875
2473 0.0458984375
2474 0.1416015625
2475 0.1923828125
2476 0.119140625
2477 0.0078125
2478 0.1025390625
2479 0.1552734375
2480 0.0869140625
2481 -0.02734375
2482 0.0703125
2483 0.126953125
2484 0.0634765625
2485 -0.017578125
2486 0.08203125
2487 0.13671875
2488 0.0712890625
2489 -0.03515625
2490 0.0068359375
2491 0.0595703125
2492 0.001953125
2493 -0.08984375
2494 0.017578125
2495 0.080078125
2496 0.02734375
2497 -0.03125
2498 0.0703125
2499 0.12890625
2500 0.0654296875
2501 0.0048828125
2502 0.1025390625
2503 0.1552734375
2504 0.087890625
2505 -0.017578125
2506 0.076171875
2507 0.12890625
2508 0.0634765625
2509 -0.091796875
2510 -0.0576171875
2511 -0.00390625
2512 -0.0478515625
2513 -0.2080078125
2514 -0.1279296875
2515 -0.0556640625
2516 -0.0869140625
2517 -0.1953125
2518 -0.068359375
2519 0.001953125
2520 -0.0322265625
2521 -0.0927734375
2522 0.01953125
2523 0.08203125
2524 0.0283203125
2525 -0.0341796875
2526 0.0673828125
2527 0.1220703125
2528 0.060546875
2529 -0.0615234375
2530 -0.0234375
2531 0.0283203125
2532 -0.021484375
2533 -0.16015625
2534 -0.0810546875
2535 -0.0185546875
2536 -0.056640625
2537 -0.240234375
2538 -0.171875
2539 -0.0927734375
2540 -0.109375
2541 -0.216796875
2542 -0.1201171875
2543 -0.05078125
2544 -0.08203125
2545 -0.2548828125
2546 -0.1748046875
2547 -0.095703125
2548 -0.1103515625
2549 -0.2578125
2550 -0.1181640625
2551 -0.03515625
2552 -0.0576171875
2553 -0.1337890625
2554 -0.0146484375
2555 0.052734375
2556 0.01171875
2557 -0.12109375
2558 -0.0830078125
2559 -0.0166015625
2560 -0.0498046875
2561 -0.169921875
2562 -0.083984375
2563 -0.0185546875
2564 -0.052734375
2565 -0.1591796875
2566 -0.0712890625
2567 -0.0078125
2568 -0.04296875
2569 -0.1611328125
2570 -0.037109375
2571 0.0322265625
2572 -0.0048828125
2573 -0.09375
2574 0.021484375
2575 0.0859375
2576 0.0361328125
2577 -0.025390625
2578 0.078125
2579 0.13671875
2580 0.0771484375
2581 -0.0185546875
2582 0.0302734375
2583 0.0810546875
2584 0.0185546875
2585 -0.109375
2586 0.0029296875
2587 0.0654296875
2588 0.021484375
2589 -0.1181640625
2590 -0.0771484375
2591 -0.0146484375
2592 -0.0458984375
2593 -0.1611328125
2594 -0.0751953125
2595 -0.0107421875
2596 -0.04296875
2597 -0.1572265625
2598 -0.072265625
2599 -0.0068359375
2600 -0.04296875
2601 -0.18359375
2602 -0.0576171875
2603 0.0166015625
2604 -0.0146484375
2605 -0.0693359375
2606 0.041015625
2607 0.1025390625
2608 0.0537109375
2609 -0.0419921875
2610 0.0078125
2611 0.05859375
2612 0.0087890625
2613 -0.1220703125
2614 -0.005859375
2615 0.0576171875
2616 0.0166015625
2617 -0.12109375
2618 -0.0810546875
2619 -0.015625
2620 -0.0458984375
2621 -0.158203125
2622 -0.0751953125
2623 -0.0068359375
2624 -0.041015625
2625 -0.1552734375
2626 -0.0693359375
2627 -0.001953125
2628 -0.0390625
2629 -0.177734375
2630 -0.0517578125
2631 0.0224609375
2632 -0.009765625
2633 -0.0654296875
2634 0.046875
2635 0.109375
2636 0.056640625
2637 -0.0361328125
2638 0.0146484375
2639 0.0673828125
2640 0.0126953125
2641 -0.115234375
2642 0.0
2643 0.064453125
2644 0.01953125
2645 -0.1171875
2646 -0.076171875
2647 -0.005859375
2648 -0.0419921875
2649 -0.154296875
2650 -0.068359375
2651 0.0
2652 -0.037109375
2653 -0.1533203125
2654 -0.0634765625
2655 0.0029296875
2656 -0.0341796875
2657 -0.177734375
2658 -0.048828125
2659 0.025390625
2660 -0.005859375
2661 -0.0625
2662 0.048828125
2663 0.1123046875
2664 0.0615234375
2665 -0.0302734375
2666 0.0166015625
2667 0.0712890625
2668 0.017578125
2669 -0.1123046875
2670 0.001953125
2671 0.0654296875
2672 0.025390625
2673 -0.1142578125
2674 -0.0732421875
2675 -0.0087890625
2676 -0.0390625
2677 -0.15234375
2678 -0.0654296875
2679 0.0
2680 -0.0341796875
2681 -0.146484375
2682 -0.05859375
2683 0.0048828125
2684 -0.029296875
2685 -0.1708984375
2686 -0.0419921875
2687 0.0322265625
2688 -0.001953125
2689 -0.056640625
2690 0.0546875
2691 0.119140625
2692 0.064453125
2693 -0.0283203125
2694 0.021484375
2695 0.076171875
2696 0.01953125
2697 -0.1083984375
2698 0.0078125
2699 0.0712890625
2700 0.0283203125
2701 -0.111328125
2702 -0.068359375
2703 -0.0009765625
2704 -0.0341796875
2705 -0.1494140625
2706 -0.0634765625
2707 0.00390625
2708 -0.029296875
2709 -0.1455078125
2710 -0.05859375
2711 0.0078125
2712 -0.029296875
2713 -0.169921875
2714 -0.0419921875
2715 0.033203125
2716 0.0009765625
2717 -0.056640625
2718 0.0556640625
2719 0.12109375
2720 0.06640625
2721 -0.02734375
2722 0.0234375
2723 0.078125
2724 0.0234375
2725 -0.1103515625
2726 0.009765625
2727 0.076171875
2728 0.03125
2729 -0.1083984375
2730 -0.06640625
2731 0.001953125
2732 -0.0341796875
2733 -0.1494140625
2734 -0.060546875
2735 0.0107421875
2736 -0.02734375
2737 -0.142578125
2738 -0.0537109375
2739 0.0126953125
2740 -0.0263671875
2741 -0.1689453125
2742 -0.0390625
2743 0.037109375
2744 0.001953125
2745 -0.0546875
2746 0.0595703125
2747 0.123046875
2748 0.0703125
2749 -0.0234375
2750 0.0263671875
2751 0.080078125
2752 0.0263671875
2753 -0.1064453125
2754 0.0126953125
2755 0.0751953125
2756 0.0322265625
2757 -0.1064453125
2758 -0.0654296875
2759 0.0009765625
2760 -0.033203125
2761 -0.1435546875
2762 -0.05859375
2763 0.0107421875
2764 -0.025390625
2765 -0.1416015625
2766 -0.052734375
2767 0.013671875
2768 -0.025390625
2769 -0.16796875
2770 -0.037109375
2771 0.0380859375
2772 0.00390625
2773 -0.0537109375
2774 0.0625
2775 0.1259765625
2776 0.0712890625
2777 -0.0234375
2778 0.0283203125
2779 0.083984375
2780 0.02734375
2781 -0.1064453125
2782 0.0107421875
2783 0.080078125
2784 0.0322265625
2785 -0.10546875
2786 -0.0625
2787 0.0107421875
2788 -0.029296875
2789 -0.1455078125
2790 -0.0556640625
2791 0.0146484375
2792 -0.0234375
2793 -0.140625
2794 -0.048828125
2795 0.0205078125
2796 -0.0224609375
2797 -0.1689453125
2798 -0.033203125
2799 0.044921875
2800 0.0068359375
2801 -0.0537109375
2802 0.0625
2803 0.1298828125
2804 0.072265625
2805 -0.0224609375
2806 0.0302734375
2807 0.087890625
2808 0.0283203125
2809 -0.103515625
2810 0.0166015625
2811 0.0849609375
2812 0.037109375
2813 -0.1025390625
2814 -0.0595703125
2815 0.0107421875
2816 -0.025390625
2817 -0.142578125
2818 -0.052734375
2819 0.015625
2820 -0.0224609375
2821 -0.1376953125
2822 -0.046875
2823 0.01953125
2824 -0.0205078125
2825 -0.1650390625
2826 -0.0341796875
2827 0.04296875
2828 0.0068359375
2829 -0.05078125
2830 0.0634765625
2831 0.1298828125
2832 0.07421875
2833 -0.0185546875
2834 0.0322265625
2835 0.087890625
2836 0.029296875
2837 -0.103515625
2838 0.0166015625
2839 0.0830078125
2840 0.0361328125
2841 -0.1015625
2842 -0.0576171875
2843 0.01171875
2844 -0.0244140625
2845 -0.1435546875
2846 -0.052734375
2847 0.0166015625
2848 -0.021484375
2849 -0.13671875
2850 -0.0478515625
2851 0.0166015625
2852 -0.0205078125
2853 -0.162109375
2854 -0.0341796875
2855 0.041015625
2856 0.0087890625
2857 -0.046875
2858 0.064453125
2859 0.1279296875
2860 0.076171875
2861 -0.0166015625
2862 0.0322265625
2863 0.0849609375
2864 0.0322265625
2865 -0.099609375
2866 0.0185546875
2867 0.083984375
2868 0.0390625
2869 -0.099609375
2870 -0.0576171875
2871 0.0107421875
2872 -0.025390625
2873 -0.138671875
2874 -0.05078125
2875 0.017578125
2876 -0.0205078125
2877 -0.1357421875
2878 -0.046875
2879 0.0205078125
2880 -0.0185546875
2881 -0.162109375
2882 -0.0322265625
2883 0.041015625
2884 0.0087890625
2885 -0.048828125
2886 0.0654296875
2887 0.1298828125
2888 0.0771484375
2889 -0.017578125
2890 0.0341796875
2891 0.087890625
2892 0.0322265625
2893 -0.1005859375
2894 0.0166015625
2895 0.0830078125
2896 0.0390625
2897 -0.1025390625
2898 -0.0595703125
2899 0.0087890625
2900 -0.0263671875
2901 -0.1396484375
2902 -0.0517578125
2903 0.017578125
2904 -0.01953125
2905 -0.134765625
2906 -0.044921875
2907 0.01953125
2908 -0.017578125
2909 -0.162109375
2910 -0.03125
2911 0.044921875
2912 0.0107421875
2913 -0.044921875
2914 0.068359375
2915 0.1279296875
2916 0.078125
2917 -0.0146484375
2918 0.0322265625
2919 0.0869140625
2920 0.0341796875
2921 -0.09765625
2922 0.0205078125
2923 0.083984375
2924 0.041015625
2925 -0.09765625
2926 -0.056640625
2927 0.0126953125
2928 -0.0224609375
2929 -0.13671875
2930 -0.0498046875
2931 0.015625
2932 -0.017578125
2933 -0.1328125
2934 -0.0439453125
2935 0.021484375
2936 -0.015625
2937 -0.162109375
2938 -0.03125
2939 0.04296875
2940 0.009765625
2941 -0.044921875
2942 0.06640625
2943 0.1298828125
2944 0.0771484375
2945 -0.0166015625
2946 0.0341796875
2947 0.087890625
2948 0.0322265625
2949 -0.0986328125
2950 0.017578125
2951 0.083984375
2952 0.0400390625
2953 -0.0986328125
2954 -0.056640625
2955 0.0107421875
2956 -0.021484375
2957 -0.13671875
2958 -0.05078125
2959 0.0185546875
2960 -0.017578125
2961 -0.1337890625
2962 -0.0439453125
2963 0.021484375
2964 -0.0166015625
2965 -0.1591796875
2966 -0.0302734375
2967 0.046875
2968 0.0126953125
2969 -0.04296875
2970 0.068359375
2971 0.1328125
2972 0.0791015625
2973 -0.0146484375
2974 0.0361328125
2975 0.0888671875
2976 0.0341796875
2977 -0.09765625
2978 0.01953125
2979 0.0830078125
2980 0.0419921875
2981 -0.09765625
2982 -0.0556640625
2983 0.01171875
2984 -0.0224609375
2985 -0.13671875
2986 -0.05078125
2987 0.0185546875
2988 -0.017578125
2989 -0.1318359375
2990 -0.044921875
2991 0.021484375
2992 -0.015625
2993 -0.1572265625
2994 -0.0302734375
2995 0.044921875
2996 0.01171875
2997 -0.0439453125
2998 0.068359375
2999 0.130859375
3000 0.080078125
3001 -0.013671875
3002 0.037109375
3003 0.0869140625
3004 0.0361328125
3005 -0.0947265625
3006 0.0185546875
3007 0.0810546875
3008 0.0419921875
3009 -0.0947265625
3010 -0.056640625
3011 0.0107421875
3012 -0.021484375
3013 -0.134765625
3014 -0.0478515625
3015 0.017578125
3016 -0.0166015625
3017 -0.1279296875
3018 -0.0439453125
3019 0.0224609375
3020 -0.013671875
3021 -0.15234375
3022 -0.02734375
3023 0.0478515625
3024 0.0146484375
3025 -0.0400390625
3026 0.0712890625
3027 0.1328125
3028 0.0830078125
3029 -0.009765625
3030 0.037109375
3031 0.0888671875
3032 0.037109375
3033 -0.0908203125
3034 0.0224609375
3035 0.0859375
3036 0.044921875
3037 -0.091796875
3038 -0.052734375
3039 0.013671875
3040 -0.0185546875
3041 -0.1337890625
3042 -0.0478515625
3043 0.0166015625
3044 -0.015625
3045 -0.1298828125
3046 -0.0419921875
3047 0.0205078125
3048 -0.013671875
3049 -0.154296875
3050 -0.0263671875
3051 0.0478515625
3052 0.0126953125
3053 -0.0419921875
3054 0.0693359375
3055 0.1337890625
3056 0.08203125
3057 -0.0107421875
3058 0.0361328125
3059 0.08984375
3060 0.0361328125
3061 -0.0927734375
3062 0.021484375
3063 0.0849609375
3064 0.04296875
3065 -0.0947265625
3066 -0.052734375
3067 0.0126953125
3068 -0.0185546875
3069 -0.134765625
3070 -0.0478515625
3071 0.0205078125
3072 -0.0146484375
3073 -0.12890625
3074 -0.0419921875
3075 0.021484375
3076 -0.013671875
3077 -0.1552734375
3078 -0.0283203125
3079 0.0478515625
3080 0.0146484375
3081 -0.0400390625
3082 0.0703125
3083 0.1357421875
3084 0.080078125
3085 -0.0126953125
3086 0.0361328125
3087 0.0908203125
3088 0.037109375
3089 -0.095703125
3090 0.021484375
3091 0.0869140625
3092 0.04296875
3093 -0.09375
3094 -0.052734375
3095 0.013671875
3096 -0.0205078125
3097 -0.1328125
3098 -0.0478515625
3099 0.01953125
3100 -0.015625
3101 -0.1298828125
3102 -0.04296875
3103 0.0224609375
3104 -0.015625
3105 -0.15625
3106 -0.02734375
3107 0.0478515625
3108 0.0126953125
3109 -0.0419921875
3110 0.0693359375
3111 0.134765625
3112 0.0810546875
3113 -0.013671875
3114 0.0390625
3115 0.0908203125
3116 0.0361328125
3117 -0.095703125
3118 0.021484375
3119 0.0869140625
3120 0.0419921875
3121 -0.095703125
3122 -0.0546875
3123 0.013671875
3124 -0.0205078125
3125 -0.1318359375
3126 -0.048828125
3127 0.021484375
3128 -0.0146484375
3129 -0.130859375
3130 -0.0439453125
3131 0.0234375
3132 -0.0126953125
3133 -0.154296875
3134 -0.0263671875
3135 0.0478515625
3136 0.0146484375
3137 -0.0419921875
3138 0.0703125
3139 0.1318359375
3140 0.0810546875
3141 -0.0126953125
3142 0.037109375
3143 0.0888671875
3144 0.0361328125
3145 -0.09375
3146 0.0224609375
3147 0.087890625
3148 0.0439453125
3149 -0.0927734375
3150 -0.052734375
3151 0.0146484375
3152 -0.0185546875
3153 -0.130859375
3154 -0.046875
3155 0.0205078125
3156 -0.015625
3157 -0.12890625
3158 -0.041015625
3159 0.0224609375
3160 -0.0126953125
3161 -0.154296875
3162 -0.02734375
3163 0.0458984375
3164 0.0146484375
3165 -0.04296875
3166 0.0703125
3167 0.134765625
3168 0.080078125
3169 -0.0126953125
3170 0.0361328125
3171 0.0927734375
3172 0.0361328125
3173 -0.0947265625
3174 0.021484375
3175 0.08984375
3176 0.04296875
3177 -0.095703125
3178 -0.0537109375
3179 0.0146484375
3180 -0.01953125
3181 -0.1357421875
3182 -0.046875
3183 0.0205078125
3184 -0.0146484375
3185 -0.1318359375
3186 -0.04296875
3187 0.021484375
3188 -0.015625
3189 -0.1572265625
3190 -0.0283203125
3191 0.046875
3192 0.013671875
3193 -0.0419921875
3194 0.0712890625
3195 0.1337890625
3196 0.0810546875
3197 -0.0107421875
3198 0.0380859375
3199 0.0908203125
3200 0.0380859375
3201 -0.091796875
3202 0.0224609375
3203 0.083984375
3204 0.0458984375
3205 -0.0947265625
3206 -0.0546875
3207 0.013671875
3208 -0.01953125
3209 -0.1328125
3210 -0.0458984375
3211 0.0185546875
3212 -0.013671875
3213 -0.1298828125
3214 -0.04296875
3215 0.0234375
3216 -0.013671875
3217 -0.1552734375
3218 -0.0283203125
3219 0.0478515625
3220 0.013671875
3221 -0.0390625
3222 0.0712890625
3223 0.1328125
3224 0.0810546875
3225 -0.0107421875
3226 0.037109375
3227 0.0888671875
3228 0.0390625
3229 -0.09375
3230 0.021484375
3231 0.083984375
3232 0.044921875
3233 -0.0947265625
3234 -0.0537109375
3235 0.01171875
3236 -0.01953125
3237 -0.130859375
3238 -0.0478515625
3239 0.0205078125
3240 -0.013671875
3241 -0.125
3242 -0.041015625
3243 0.0224609375
3244 -0.0126953125
3245 -0.15234375
3246 -0.0263671875
3247 0.0478515625
3248 0.015625
3249 -0.0400390625
3250 0.072265625
3251 0.134765625
3252 0.0830078125
3253 -0.01171875
3254 0.0380859375
3255 0.0888671875
3256 0.0380859375
3257 -0.091796875
3258 0.0234375
3259 0.08984375
3260 0.044921875
3261 -0.08984375
3262 -0.05078125
3263 0.017578125
3264 -0.01953125
3265 -0.1318359375
3266 -0.0458984375
3267 0.0234375
3268 -0.0126953125
3269 -0.1279296875
3270 -0.041015625
3271 0.0244140625
3272 -0.0126953125
3273 -0.1572265625
3274 -0.025390625
3275 0.046875
3276 0.0146484375
3277 -0.0419921875
3278 0.072265625
3279 0.1357421875
3280 0.08203125
3281 -0.0126953125
3282 0.037109375
3283 0.0927734375
3284 0.0361328125
3285 -0.0966796875
3286 0.0205078125
3287 0.08984375
3288 0.0439453125
3289 -0.09375
3290 -0.05078125
3291 0.0185546875
3292 -0.0185546875
3293 -0.134765625
3294 -0.046875
3295 0.021484375
3296 -0.015625
3297 -0.1298828125
3298 -0.0419921875
3299 0.0244140625
3300 -0.01171875
3301 -0.1552734375
3302 -0.0263671875
3303 0.048828125
3304 0.0146484375
3305 -0.0419921875
3306 0.0712890625
3307 0.134765625
3308 0.0830078125
3309 -0.01171875
3310 0.0380859375
3311 0.0927734375
3312 0.0361328125
3313 -0.09375
3314 0.0234375
3315 0.08984375
3316 0.0439453125
3317 -0.091796875
3318 -0.05078125
3319 0.0166015625
3320 -0.0185546875
3321 -0.134765625
3322 -0.044921875
3323 0.0224609375
3324 -0.0146484375
3325 -0.1298828125
3326 -0.041015625
3327 0.0244140625
3328 -0.013671875
3329 -0.158203125
3330 -0.0283203125
3331 0.0498046875
3332 0.0126953125
3333 -0.0439453125
3334 0.0712890625
3335 0.1357421875
3336 0.080078125
3337 -0.0107421875
3338 0.037109375
3339 0.091796875
3340 0.0380859375
3341 -0.095703125
3342 0.0205078125
3343 0.0888671875
3344 0.0439453125
3345 -0.095703125
3346 -0.052734375
3347 0.0166015625
3348 -0.017578125
3349 -0.1337890625
3350 -0.046875
3351 0.0234375
3352 -0.013671875
3353 -0.12890625
3354 -0.041015625
3355 0.0244140625
3356 -0.01171875
3357 -0.15625
3358 -0.0263671875
3359 0.048828125
3360 0.0146484375
3361 -0.0400390625
3362 0.072265625
3363 0.134765625
3364 0.08203125
3365 -0.0107421875
3366 0.0390625
3367 0.091796875
3368 0.0380859375
3369 -0.095703125
3370 0.0244140625
3371 0.08984375
3372 0.044921875
3373 -0.0927734375
3374 -0.0517578125
3375 0.0146484375
3376 -0.01953125
3377 -0.1337890625
3378 -0.0478515625
3379 0.021484375
3380 -0.015625
3381 -0.12890625
3382 -0.041015625
3383 0.025390625
3384 -0.013671875
3385 -0.1572265625
3386 -0.02734375
3387 0.046875
3388 0.015625
3389 -0.0419921875
3390 0.0712890625
3391 0.134765625
3392 0.08203125
3393 -0.01171875
3394 0.0380859375
3395 0.0908203125
3396 0.0380859375
3397 -0.095703125
3398 0.0224609375
3399 0.087890625
3400 0.044921875
3401 -0.09375
3402 -0.0517578125
3403 0.0146484375
3404 -0.01953125
3405 -0.1328125
3406 -0.0458984375
3407 0.0244140625
3408 -0.0146484375
3409 -0.1259765625
3410 -0.0380859375
3411 0.025390625
3412 -0.0107421875
3413 -0.1318359375
3414 -0.0048828125
3415 0.0654296875
3416 0.0283203125
3417 -0.0849609375
3418 -0.0341796875
3419 0.0283203125
3420 -0.009765625
3421 -0.1650390625
3422 -0.0947265625
3423 -0.015625
3424 -0.04296875
3425 -0.189453125
3426 -0.111328125
3427 -0.029296875
3428 -0.0517578125
3429 -0.1552734375
3430 -0.0634765625
3431 0.009765625
3432 -0.0224609375
3433 -0.1259765625
3434 -0.033203125
3435 0.03515625
3436 -0.00390625
3437 -0.1015625
3438 0.0224609375
3439 0.09375
3440 0.0478515625
3441 -0.052734375
3442 -0.005859375
3443 0.060546875
3444 0.0126953125
3445 -0.16015625
3446 -0.0869140625
3447 -0.0068359375
3448 -0.03515625
3449 -0.15234375
3450 -0.0625
3451 0.0146484375
3452 -0.0205078125
3453 -0.140625
3454 -0.0498046875
3455 0.0234375
3456 -0.013671875
3457 -0.1181640625
3458 0.0107421875
3459 0.0859375
3460 0.0439453125
3461 -0.0087890625
3462 0.1064453125
3463 0.1689453125
3464 0.107421875
3465 -0.00390625
3466 0.0419921875
3467 0.095703125
3468 0.041015625
3469 -0.1318359375
3470 -0.064453125
3471 0.0107421875
3472 -0.0244140625
3473 -0.1357421875
3474 -0.052734375
3475 0.0048828125
3476 -0.0078125
3477 -0.0947265625
3478 -0.025390625
3479 0.0205078125
3480 0.0048828125
3481 -0.0888671875
3482 0.0126953125
3483 0.0634765625
3484 0.0478515625
3485 -0.0703125
3486 -0.048828125
3487 0.0029296875
3488 -0.0048828125
3489 -0.1337890625
3490 -0.025390625
3491 0.03515625
3492 0.0263671875
3493 -0.0380859375
3494 0.0517578125
3495 0.1015625
3496 0.078125
3497 0.0166015625
3498 0.09765625
3499 0.1396484375
3500 0.107421875
3501 0.0341796875
3502 0.11328125
3503 0.15234375
3504 0.1181640625
3505 0.064453125
3506 0.1396484375
3507 0.17578125
3508 0.13671875
3509 0.0595703125
3510 0.0791015625
3511 0.109375
3512 0.0732421875
3513 -0.0205078125
3514 0.033203125
3515 0.0693359375
3516 0.0400390625
3517 -0.0595703125
3518 -0.00390625
3519 0.037109375
3520 0.0146484375
3521 -0.0908203125
3522 0.00390625
3523 0.052734375
3524 0.03515625
3525 -0.06640625
3526 -0.0400390625
3527 0.0048828125
3528 -0.0078125
3529 -0.1630859375
3530 -0.0517578125
3531 0.0087890625
3532 0.0048828125
3533 -0.1142578125
3534 -0.0888671875
3535 -0.0302734375
3536 -0.0341796875
3537 -0.146484375
3538 -0.0791015625
3539 -0.0234375
3540 -0.029296875
3541 -0.1748046875
3542 -0.1015625
3543 -0.041015625
3544 -0.04296875
3545 -0.1689453125
3546 -0.0927734375
3547 -0.03515625
3548 -0.037109375
3549 -0.1689453125
3550 -0.0556640625
3551 0.0087890625
3552 0.0068359375
3553 -0.0712890625
3554 0.0263671875
3555 0.078125
3556 0.0595703125
3557 -0.01953125
3558 0.0673828125
3559 0.1123046875
3560 0.0869140625
3561 -0.0009765625
3562 0.0810546875
3563 0.125
3564 0.09375
3565 -0.001953125
3566 0.078125
3567 0.12109375
3568 0.091796875
3569 -0.013671875
3570 0.0693359375
3571 0.1123046875
3572 0.0849609375
3573 0.0244140625
3574 0.1064453125
3575 0.1435546875
3576 0.1083984375
3577 0.0048828125
3578 0.0185546875
3579 0.056640625
3580 0.03125
3581 -0.083984375
3582 -0.0283203125
3583 0.0185546875
3584 0.0
3585 -0.140625
3586 -0.076171875
3587 -0.0224609375
3588 -0.029296875
3589 -0.1513671875
3590 -0.080078125
3591 -0.025390625
3592 -0.0322265625
3593 -0.1669921875
3594 -0.0546875
3595 0.0068359375
3596 0.0048828125
3597 -0.083984375
3598 0.013671875
3599 0.0654296875
3600 0.048828125
3601 -0.05078125
3602 0.0390625
3603 0.0849609375
3604 0.0634765625
3605 -0.044921875
3606 0.0419921875
3607 0.087890625
3608 0.0654296875
3609 0.00390625
3610 0.0869140625
3611 0.1240234375
3612 0.0947265625
3613 0.01171875
3614 0.08984375
3615 0.126953125
3616 0.095703125
3617 -0.0439453125
3618 -0.029296875
3619 0.015625
3620 -0.0009765625
3621 -0.130859375
3622 -0.0244140625
3623 0.0283203125
3624 0.017578125
3625 -0.0888671875
3626 -0.0927734375
3627 -0.033203125
3628 -0.037109375
3629 -0.1240234375
3630 -0.01953125
3631 0.037109375
3632 0.025390625
3633 -0.0625
3634 -0.0341796875
3635 0.013671875
3636 -0.0048828125
3637 -0.0947265625
3638 -0.0341796875
3639 0.013671875
3640 -0.0009765625
3641 -0.140625
3642 -0.072265625
3643 -0.021484375
3644 -0.0263671875
3645 -0.1591796875
3646 -0.0478515625
3647 0.01171875
3648 0.005859375
3649 -0.1318359375
3650 -0.10546875
3651 -0.04296875
3652 -0.0419921875
3653 -0.1884765625
3654 -0.072265625
3655 -0.0048828125
3656 -0.005859375
3657 -0.0927734375
3658 0.0068359375
3659 0.0615234375
3660 0.046875
3661 -0.0400390625
3662 0.0478515625
3663 0.0966796875
3664 0.0732421875
3665 -0.009765625
3666 0.0751953125
3667 0.1162109375
3668 0.08984375
3669 0.0
3670 0.08203125
3671 0.1220703125
3672 0.0927734375
3673 -0.005859375
3674 0.0732421875
3675 0.1171875
3676 0.0869140625
3677 -0.0244140625
3678 0.0576171875
3679 0.1025390625
3680 0.076171875
3681 0.001953125
3682 0.083984375
3683 0.1201171875
3684 0.0888671875
3685 0.0048828125
3686 0.08203125
3687 0.1220703125
3688 0.0908203125
3689 0.03515625
3690 0.11328125
3691 0.1474609375
3692 0.111328125
3693 0.056640625
3694 0.12890625
3695 0.162109375
3696 0.123046875
3697 0.0390625
3698 0.0546875
3699 0.083984375
3700 0.0517578125
3701 -0.05078125
3702 0.0341796875
3703 0.076171875
3704 0.0517578125
3705 -0.05078125
3706 -0.029296875
3707 0.009765625
3708 -0.0068359375
3709 -0.1181640625
3710 -0.05859375
3711 -0.0126953125
3712 -0.0224609375
3713 -0.1416015625
3714 -0.076171875
3715 -0.025390625
3716 -0.0322265625
3717 -0.13671875
3718 -0.07421875
3719 -0.0224609375
3720 -0.029296875
3721 -0.1357421875
3722 -0.0712890625
3723 -0.01953125
3724 -0.029296875
3725 -0.1396484375
3726 -0.0771484375
3727 -0.0263671875
3728 -0.033203125
3729 -0.1748046875
3730 -0.1064453125
3731 -0.0498046875
3732 -0.048828125
3733 -0.154296875
3734 -0.080078125
3735 -0.029296875
3736 -0.033203125
3737 -0.173828125
3738 -0.099609375
3739 -0.044921875
3740 -0.044921875
3741 -0.1318359375
3742 -0.06640625
3743 -0.0146484375
3744 -0.0205078125
3745 -0.1220703125
3746 -0.0556640625
3747 -0.0107421875
3748 -0.0205078125
3749 -0.130859375
3750 -0.064453125
3751 -0.013671875
3752 -0.01953125
3753 -0.1748046875
3754 -0.0615234375
3755 -0.0029296875
3756 -0.001953125
3757 -0.0673828125
3758 0.0283203125
3759 0.0771484375
3760 0.0595703125
3761 -0.0712890625
3762 0.0234375
3763 0.0693359375
3764 0.0517578125
3765 -0.08984375
3766 -0.072265625
3767 -0.0166015625
3768 -0.0224609375
3769 -0.193359375
3770 -0.1181640625
3771 -0.0517578125
3772 -0.0498046875
3773 -0.1572265625
3774 -0.083984375
3775 -0.02734375
3776 -0.0302734375
3777 -0.1201171875
3778 -0.0146484375
3779 0.041015625
3780 0.0322265625
3781 -0.05859375
3782 -0.0556640625
3783 0.0
3784 -0.0068359375
3785 -0.1103515625
3786 -0.0048828125
3787 0.048828125
3788 0.037109375
3789 -0.09375
3790 -0.0693359375
3791 -0.0126953125
3792 -0.01953125
3793 -0.125
3794 -0.0185546875
3795 0.0400390625
3796 0.0302734375
3797 -0.03515625
3798 0.056640625
3799 0.099609375
3800 0.0791015625
3801 -0.056640625
3802 -0.03515625
3803 0.0107421875
3804 0.0
3805 -0.1884765625
3806 -0.1103515625
3807 -0.0458984375
3808 -0.041015625
3809 -0.1416015625
3810 -0.0673828125
3811 -0.0146484375
3812 -0.021484375
3813 -0.1552734375
3814 -0.0419921875
3815 0.0205078125
3816 0.0146484375
3817 -0.1337890625
3818 -0.09765625
3819 -0.037109375
3820 -0.0390625
3821 -0.1455078125
3822 -0.03125
3823 0.02734375
3824 0.0224609375
3825 -0.052734375
3826 0.04296875
3827 0.09375
3828 0.07421875
3829 -0.0634765625
3830 -0.0390625
3831 0.0107421875
3832 0.0
3833 -0.1083984375
3834 -0.0029296875
3835 0.0517578125
3836 0.041015625
3837 -0.0439453125
3838 -0.0244140625
3839 0.0263671875
3840 0.013671875
3841 -0.0869140625
3842 -0.0283203125
3843 0.0224609375
3844 0.009765625
3845 -0.1005859375
3846 -0.03515625
3847 0.01171875
3848 0.0048828125
3849 -0.162109375
3850 -0.0830078125
3851 -0.02734375
3852 -0.029296875
3853 -0.181640625
3854 -0.060546875
3855 0.0048828125
3856 0.0068359375
3857 -0.1025390625
3858 0.001953125
3859 0.0595703125
3860 0.0498046875
3861 -0.048828125
3862 -0.0234375
3863 0.0224609375
3864 0.01171875
3865 -0.123046875
3866 -0.013671875
3867 0.04296875
3868 0.0361328125
3869 -0.052734375
3870 0.04296875
3871 0.091796875
3872 0.076171875
3873 -0.0068359375
3874 0.0185546875
3875 0.0576171875
3876 0.0400390625
3877 -0.0810546875
3878 0.0166015625
3879 0.06640625
3880 0.0556640625
3881 -0.0595703125
3882 -0.0341796875
3883 0.013671875
3884 0.0048828125
3885 -0.09375
3886 -0.029296875
3887 0.01953125
3888 0.009765625
3889 -0.130859375
3890 -0.0615234375
3891 -0.0087890625
3892 -0.0107421875
3893 -0.154296875
3894 -0.0400390625
3895 0.01953125
3896 0.0205078125
3897 -0.064453125
3898 0.029296875
3899 0.0830078125
3900 0.0693359375
3901 -0.0244140625
3902 0.0625
3903 0.111328125
3904 0.087890625
3905 -0.001953125
3906 0.08203125
3907 0.1259765625
3908 0.099609375
3909 0.0126953125
3910 0.0927734375
3911 0.13671875
3912 0.10546875
3913 0.009765625
3914 0.08984375
3915 0.1328125
3916 0.103515625
3917 -0.0146484375
3918 0.0693359375
3919 0.1103515625
3920 0.0859375
3921 -0.0048828125
3922 0.0791015625
3923 0.1220703125
3924 0.0927734375
3925 0.0068359375
3926 0.0263671875
3927 0.0634765625
3928 0.0380859375
3929 -0.0478515625
3930 0.0439453125
3931 0.08984375
3932 0.0673828125
3933 0.0185546875
3934 0.1005859375
3935 0.138671875
3936 0.107421875
3937 0.0341796875
3938 0.1123046875
3939 0.1474609375
3940 0.111328125
3941 0.0234375
3942 0.099609375
3943 0.1396484375
3944 0.10546875
3945 0.03515625
3946 0.11328125
3947 0.1484375
3948 0.1123046875
3949 0.060546875
3950 0.1357421875
3951 0.171875
3952 0.1279296875
3953 0.0869140625
3954 0.158203125
3955 0.1943359375
3956 0.1474609375
3957 0.1005859375
3958 0.169921875
3959 0.2021484375
3960 0.15234375
3961 0.0927734375
3962 0.162109375
3963 0.1943359375
3964 0.14453125
3965 0.091796875
3966 0.1611328125
3967 0.19140625
3968 0.1435546875
3969 0.0908203125
3970 0.1591796875
3971 0.189453125
3972 0.1416015625
3973 0.0546875
3974 0.076171875
3975 0.1005859375
3976 0.056640625
3977 -0.0419921875
3978 0.005859375
3979 0.0390625
3980 0.0107421875
3981 -0.091796875
3982 0.0
3983 0.046875
3984 0.025390625
3985 -0.025390625
3986 0.05859375
3987 0.09765625
3988 0.0673828125
3989 -0.0322265625
3990 -0.0087890625
3991 0.0234375
3992 -0.0009765625
3993 -0.1123046875
3994 -0.0498046875
3995 -0.005859375
3996 -0.0263671875
3997 -0.1630859375
3998 -0.0986328125
3999 -0.046875
4000 -0.056640625
4001 -0.1953125
4002 -0.0859375
4003 -0.0224609375
4004 -0.029296875
4005 -0.1025390625
4006 -0.0068359375
4007 0.0439453125
4008 0.025390625
4009 -0.0439453125
4010 0.0419921875
4011 0.0849609375
4012 0.056640625
4013 -0.0166015625
4014 0.064453125
4015 0.1044921875
4016 0.0712890625
4017 0.005859375
4018 0.0791015625
4019 0.1162109375
4020 0.08203125
4021 0.009765625
4022 0.0810546875
4023 0.115234375
4024 0.0810546875
4025 0.0244140625
4026 0.09765625
4027 0.130859375
4028 0.0947265625
4029 0.0146484375
4030 0.0341796875
4031 0.0625
4032 0.0302734375
4033 -0.0625
4034 -0.0146484375
4035 0.017578125
4036 -0.001953125
4037 -0.1083984375
4038 -0.052734375
4039 -0.013671875
4040 -0.0302734375
4041 -0.111328125
4042 -0.0185546875
4043 0.02734375
4044 0.01171875
4045 -0.064453125
4046 -0.041015625
4047 0.0029296875
4048 -0.0185546875
4049 -0.130859375
4050 -0.033203125
4051 0.0126953125
4052 0.0
4053 -0.1416015625
4054 -0.1142578125
4055 -0.0625
4056 -0.0654296875
4057 -0.2099609375
4058 -0.095703125
4059 -0.0322265625
4060 -0.0341796875
4061 -0.0849609375
4062 0.0078125
4063 0.0546875
4064 0.0341796875
4065 -0.0810546875
4066 -0.0595703125
4067 -0.0146484375
4068 -0.0283203125
4069 -0.1279296875
4070 -0.064453125
4071 -0.017578125
4072 -0.0322265625
4073 -0.166015625
4074 -0.09765625
4075 -0.048828125
4076 -0.0546875
4077 -0.212890625
4078 -0.140625
4079 -0.078125
4080 -0.076171875
4081 -0.2021484375
4082 -0.1259765625
4083 -0.0693359375
4084 -0.06640625
4085 -0.162109375
4086 -0.087890625
4087 -0.037109375
4088 -0.0439453125
4089 -0.16015625
4090 -0.0546875
4091 0.001953125
4092 -0.0029296875
4093 -0.162109375
4094 -0.134765625
4095 -0.072265625
4096 -0.06640625
4097 -0.1806640625
4098 -0.1064453125
4099 -0.0498046875
4100 -0.048828125
4101 -0.1259765625
4102 -0.0556640625
4103 -0.0068359375
4104 -0.0185546875
4105 -0.1416015625
4106 -0.037109375
4107 0.013671875
4108 0.0087890625
4109 -0.1259765625
4110 -0.1015625
4111 -0.0400390625
4112 -0.04296875
4113 -0.1337890625
4114 -0.02734375
4115 0.0263671875
4116 0.017578125
4117 -0.025390625
4118 0.060546875
4119 0.1005859375
4120 0.0791015625
4121 0.0107421875
4122 0.091796875
4123 0.1259765625
4124 0.0986328125
4125 0.041015625
4126 0.072265625
4127 0.0703125
4128 0.099609375
4129 -0.0009765625
4130 -0.04296875
4131 -0.037109375
4132 0.0029296875
4133 -0.083984375
4134 -0.037109375
4135 -0.0224609375
4136 0.0234375
4137 -0.0498046875
4138 -0.08203125
4139 -0.0693359375
4140 -0.0234375
4141 -0.08203125
4142 -0.0703125
4143 -0.0615234375
4144 -0.0146484375
4145 -0.115234375
4146 -0.1005859375
4147 -0.0859375
4148 -0.033203125
4149 -0.12890625
4150 -0.0693359375
4151 -0.0498046875
4152 0.001953125
4153 -0.041015625
4154 -0.0029296875
4155 0.0078125
4156 0.048828125
4157 -0.001953125
4158 0.02734375
4159 0.0361328125
4160 0.0703125
4161 0.0263671875
4162 0.048828125
4163 0.0517578125
4164 0.0849609375
4165 0.0400390625
4166 0.0615234375
4167 0.060546875
4168 0.0927734375
4169 0.03515625
4170 0.0576171875
4171 0.0576171875
4172 0.087890625
4173 0.0087890625
4174 0.03515625
4175 0.037109375
4176 0.0712890625
4177 0.017578125
4178 0.0400390625
4179 0.044921875
4180 0.0751953125
4181 0.0302734375
4182 -0.0107421875
4183 -0.009765625
4184 0.0244140625
4185 -0.021484375
4186 0.009765625
4187 0.015625
4188 0.0537109375
4189 0.0439453125
4190 0.06640625
4191 0.064453125
4192 0.09375
4193 0.0615234375
4194 0.0771484375
4195 0.07421875
4196 0.09765625
4197 0.052734375
4198 0.068359375
4199 0.06640625
4200 0.091796875
4201 0.06640625
4202 0.08203125
4203 0.076171875
4204 0.1005859375
4205 0.0927734375
4206 0.103515625
4207 0.0986328125
4208 0.1171875
4209 0.1220703125
4210 0.12890625
4211 0.1220703125
4212 0.138671875
4213 0.1357421875
4214 0.140625
4215 0.1318359375
4216 0.1455078125
4217 0.1279296875
4218 0.1337890625
4219 0.12109375
4220 0.1357421875
4221 0.126953125
4222 0.1328125
4223 0.1220703125
4224 0.134765625
4225 0.126953125
4226 0.1298828125
4227 0.119140625
4228 0.1328125
4229 0.0908203125
4230 0.0478515625
4231 0.0341796875
4232 0.0517578125
4233 -0.009765625
4234 -0.0205078125
4235 -0.02734375
4236 0.0029296875
4237 -0.0615234375
4238 -0.0283203125
4239 -0.0244140625
4240 0.0126953125
4241 0.0078125
4242 0.0322265625
4243 0.0322265625
4244 0.0576171875
4245 0.0
4246 -0.0400390625
4247 -0.0419921875
4248 -0.0078125
4249 -0.10546875
4250 -0.103515625
4251 -0.091796875
4252 -0.05078125
4253 -0.1103515625
4254 -0.1064453125
4255 -0.0966796875
4256 -0.0517578125
4257 -0.1015625
4258 -0.08984375
4259 -0.0830078125
4260 -0.0419921875
4261 -0.1044921875
4262 -0.0966796875
4263 -0.0869140625
4264 -0.0419921875
4265 -0.15234375
4266 -0.162109375
4267 -0.13671875
4268 -0.0791015625
4269 -0.146484375
4270 -0.1328125
4271 -0.1123046875
4272 -0.0625
4273 -0.130859375
4274 -0.1181640625
4275 -0.1015625
4276 -0.0537109375
4277 -0.1025390625
4278 -0.0576171875
4279 -0.0400390625
4280 0.00390625
4281 -0.046875
4282 -0.1005859375
4283 -0.0830078125
4284 -0.037109375
4285 -0.103515625
4286 -0.0556640625
4287 -0.0419921875
4288 0.005859375
4289 -0.1005859375
4290 -0.12890625
4291 -0.107421875
4292 -0.0537109375
4293 -0.123046875
4294 -0.0693359375
4295 -0.05078125
4296 0.0009765625
4297 -0.0224609375
4298 0.009765625
4299 0.0146484375
4300 0.0517578125
4301 -0.0498046875
4302 -0.083984375
4303 -0.0751953125
4304 -0.0263671875
4305 -0.1640625
4306 -0.1416015625
4307 -0.1181640625
4308 -0.0576171875
4309 -0.13671875
4310 -0.111328125
4311 -0.0966796875
4312 -0.0458984375
4313 -0.1123046875
4314 -0.0595703125
4315 -0.0439453125
4316 0.0068359375
4317 -0.0849609375
4318 -0.11328125
4319 -0.0927734375
4320 -0.041015625
4321 -0.1123046875
4322 -0.09765625
4323 -0.080078125
4324 -0.029296875
4325 -0.1025390625
4326 -0.0888671875
4327 -0.078125
4328 -0.025390625
4329 -0.13671875
4330 -0.0791015625
4331 -0.0556640625
4332 0.0009765625
4333 -0.0205078125
4334 0.017578125
4335 0.0224609375
4336 0.0615234375
4337 0.0595703125
4338 0.0810546875
4339 0.0810546875
4340 0.1083984375
4341 0.1181640625
4342 0.1279296875
4343 0.1240234375
4344 0.1435546875
4345 0.14453125
4346 0.150390625
4347 0.140625
4348 0.1572265625
4349 0.1416015625
4350 0.1474609375
4351 0.13671875
4352 0.1513671875
4353 0.1435546875
4354 0.150390625
4355 0.13671875
4356 0.154296875
4357 0.14453125
4358 0.1494140625
4359 0.1376953125
4360 0.1513671875
4361 0.1083984375
4362 0.06640625
4363 0.0517578125
4364 0.0703125
4365 0.0087890625
4366 -0.001953125
4367 -0.0078125
4368 0.0205078125
4369 -0.04296875
4370 -0.0087890625
4371 -0.00390625
4372 0.0341796875
4373 0.029296875
4374 0.05078125
4375 0.048828125
4376 0.0791015625
4377 0.0185546875
4378 -0.01953125
4379 -0.0234375
4380 0.009765625
4381 -0.0908203125
4382 -0.0859375
4383 -0.078125
4384 -0.0341796875
4385 -0.0947265625
4386 -0.08984375
4387 -0.0810546875
4388 -0.0361328125
4389 -0.0849609375
4390 -0.076171875
4391 -0.0673828125
4392 -0.0283203125
4393 -0.087890625
4394 -0.0810546875
4395 -0.0712890625
4396 -0.0283203125
4397 -0.138671875
4398 -0.14453125
4399 -0.1220703125
4400 -0.0634765625
4401 -0.130859375
4402 -0.115234375
4403 -0.0986328125
4404 -0.046875
4405 -0.1162109375
4406 -0.103515625
4407 -0.08984375
4408 -0.0400390625
4409 -0.0888671875
4410 -0.0439453125
4411 -0.0283203125
4412 0.017578125
4413 -0.0341796875
4414 -0.0888671875
4415 -0.0703125
4416 -0.0234375
4417 -0.0830078125
4418 -0.0380859375
4419 -0.0224609375
4420 0.0224609375
4421 -0.0712890625
4422 -0.099609375
4423 -0.0830078125
4424 -0.0322265625
4425 -0.1015625
4426 -0.0498046875
4427 -0.0322265625
4428 0.015625
4429 -0.0087890625
4430 0.0244140625
4431 0.0283203125
4432 0.0625
4433 -0.0244140625
4434 -0.0615234375
4435 -0.0537109375
4436 -0.01171875
4437 -0.1455078125
4438 -0.126953125
4439 -0.1025390625
4440 -0.046875
4441 -0.1240234375
4442 -0.099609375
4443 -0.0849609375
4444 -0.03515625
4445 -0.103515625
4446 -0.048828125
4447 -0.0341796875
4448 0.0166015625
4449 -0.0771484375
4450 -0.10546875
4451 -0.083984375
4452 -0.033203125
4453 -0.10546875
4454 -0.0927734375
4455 -0.0712890625
4456 -0.021484375
4457 -0.0947265625
4458 -0.083984375
4459 -0.0673828125
4460 -0.0185546875
4461 -0.1337890625
4462 -0.0751953125
4463 -0.0498046875
4464 0.005859375
4465 -0.015625
4466 0.021484375
4467 0.029296875
4468 0.068359375
4469 0.0693359375
4470 0.08984375
4471 0.0888671875
4472 0.115234375
4473 0.125
4474 0.1357421875
4475 0.1298828125
4476 0.150390625
4477 0.150390625
4478 0.1552734375
4479 0.146484375
4480 0.1630859375
4481 0.1494140625
4482 0.1533203125
4483 0.1416015625
4484 0.15625
4485 0.1494140625
4486 0.154296875
4487 0.1416015625
4488 0.1572265625
4489 0.1494140625
4490 0.154296875
4491 0.1416015625
4492 0.1572265625
4493 0.1123046875
4494 0.0751953125
4495 0.0556640625
4496 0.07421875
4497 0.0146484375
4498 0.0029296875
4499 -0.00390625
4500 0.0263671875
4501 -0.0361328125
4502 -0.0048828125
4503 0.0
4504 0.0380859375
4505 0.03515625
4506 0.0546875
4507 0.0537109375
4508 0.08203125
4509 0.021484375
4510 -0.0185546875
4511 -0.0205078125
4512 0.0126953125
4513 -0.0859375
4514 -0.0810546875
4515 -0.072265625
4516 -0.0283203125
4517 -0.0908203125
4518 -0.0830078125
4519 -0.0751953125
4520 -0.0302734375
4521 -0.080078125
4522 -0.0703125
4523 -0.0625
4524 -0.021484375
4525 -0.083984375
4526 -0.076171875
4527 -0.0654296875
4528 -0.0244140625
4529 -0.1357421875
4530 -0.142578125
4531 -0.119140625
4532 -0.0615234375
4533 -0.126953125
4534 -0.1123046875
4535 -0.0966796875
4536 -0.044921875
4537 -0.1123046875
4538 -0.099609375
4539 -0.0869140625
4540 -0.0341796875
4541 -0.0849609375
4542 -0.0400390625
4543 -0.0244140625
4544 0.0224609375
4545 -0.03125
4546 -0.0859375
4547 -0.0673828125
4548 -0.01953125
4549 -0.078125
4550 -0.033203125
4551 -0.0205078125
4552 0.0263671875
4553 -0.0712890625
4554 -0.099609375
4555 -0.08203125
4556 -0.03125
4557 -0.1025390625
4558 -0.048828125
4559 -0.0322265625
4560 0.0185546875
4561 -0.005859375
4562 0.0283203125
4563 0.0302734375
4564 0.06640625
4565 -0.0244140625
4566 -0.05859375
4567 -0.0517578125
4568 -0.0087890625
4569 -0.142578125
4570 -0.1240234375
4571 -0.1015625
4572 -0.0439453125
4573 -0.12109375
4574 -0.0986328125
4575 -0.083984375
4576 -0.0341796875
4577 -0.1015625
4578 -0.0478515625
4579 -0.03125
4580 0.0185546875
4581 -0.076171875
4582 -0.1015625
4583 -0.083984375
4584 -0.029296875
4585 -0.1025390625
4586 -0.0869140625
4587 -0.0703125
4588 -0.01953125
4589 -0.08984375
4590 -0.080078125
4591 -0.0654296875
4592 -0.017578125
4593 -0.12890625
4594 -0.0712890625
4595 -0.044921875
4596 0.0087890625
4597 -0.0126953125
4598 0.025390625
4599 0.03125
4600 0.0712890625
4601 0.0703125
4602 0.0908203125
4603 0.08984375
4604 0.119140625
4605 0.125
4606 0.138671875
4607 0.1328125
4608 0.1533203125
4609 0.15234375
4610 0.158203125
4611 0.1484375
4612 0.166015625
4613 0.150390625
4614 0.15625
4615 0.1435546875
4616 0.16015625
4617 0.15234375
4618 0.1572265625
4619 0.146484375
4620 0.162109375
4621 0.1533203125
4622 0.15625
4623 0.14453125
4624 0.1572265625
4625 0.115234375
4626 0.0751953125
4627 0.05859375
4628 0.0771484375
4629 0.0166015625
4630 0.0068359375
4631 -0.0029296875
4632 0.029296875
4633 -0.03515625
4634 -0.0029296875
4635 0.00390625
4636 0.0400390625
4637 0.0361328125
4638 0.056640625
4639 0.056640625
4640 0.0830078125
4641 0.0244140625
4642 -0.0146484375
4643 -0.017578125
4644 0.0166015625
4645 -0.083984375
4646 -0.0791015625
4647 -0.0693359375
4648 -0.0263671875
4649 -0.0888671875
4650 -0.08203125
4651 -0.0751953125
4652 -0.0283203125
4653 -0.0791015625
4654 -0.068359375
4655 -0.0615234375
4656 -0.0205078125
4657 -0.0810546875
4658 -0.0751953125
4659 -0.0634765625
4660 -0.021484375
4661 -0.1318359375
4662 -0.1416015625
4663 -0.1162109375
4664 -0.0576171875
4665 -0.123046875
4666 -0.109375
4667 -0.0947265625
4668 -0.0419921875
4669 -0.11328125
4670 -0.09765625
4671 -0.0869140625
4672 -0.033203125
4673 -0.083984375
4674 -0.0380859375
4675 -0.0234375
4676 0.0234375
4677 -0.03125
4678 -0.083984375
4679 -0.0673828125
4680 -0.0185546875
4681 -0.0771484375
4682 -0.0322265625
4683 -0.0185546875
4684 0.02734375
4685 -0.068359375
4686 -0.0966796875
4687 -0.078125
4688 -0.0283203125
4689 -0.099609375
4690 -0.046875
4691 -0.0302734375
4692 0.01953125
4693 -0.0068359375
4694 0.02734375
4695 0.029296875
4696 0.0673828125
4697 -0.025390625
4698 -0.0595703125
4699 -0.052734375
4700 -0.0078125
4701 -0.1455078125
4702 -0.126953125
4703 -0.1005859375
4704 -0.0439453125
4705 -0.12109375
4706 -0.09765625
4707 -0.08203125
4708 -0.03125
4709 -0.0966796875
4710 -0.044921875
4711 -0.0302734375
4712 0.01953125
4713 -0.0712890625
4714 -0.099609375
4715 -0.0810546875
4716 -0.0283203125
4717 -0.1015625
4718 -0.0859375
4719 -0.068359375
4720 -0.017578125
4721 -0.091796875
4722 -0.080078125
4723 -0.0654296875
4724 -0.0166015625
4725 -0.130859375
4726 -0.07421875
4727 -0.0478515625
4728 0.0078125
4729 -0.01171875
4730 0.0234375
4731 0.0322265625
4732 0.0712890625
4733 0.0712890625
4734 0.0927734375
4735 0.091796875
4736 0.119140625
4737 0.126953125
4738 0.1396484375
4739 0.1318359375
4740 0.1533203125
4741 0.154296875
4742 0.1591796875
4743 0.150390625
4744 0.1669921875
4745 0.1513671875
4746 0.1572265625
4747 0.14453125
4748 0.1611328125
4749 0.1533203125
4750 0.158203125
4751 0.146484375
4752 0.162109375
4753 0.154296875
4754 0.15625
4755 0.1455078125
4756 0.16015625
4757 0.1171875
4758 0.0771484375
4759 0.0595703125
4760 0.0791015625
4761 0.0166015625
4762 0.0068359375
4763 0.0
4764 0.0302734375
4765 -0.03515625
4766 0.0
4767 0.0029296875
4768 0.0419921875
4769 0.0361328125
4770 0.0576171875
4771 0.056640625
4772 0.083984375
4773 0.025390625
4774 -0.0126953125
4775 -0.0166015625
4776 0.0146484375
4777 -0.08203125
4778 -0.078125
4779 -0.0673828125
4780 -0.025390625
4781 -0.0859375
4782 -0.08203125
4783 -0.0712890625
4784 -0.02734375
4785 -0.0771484375
4786 -0.06640625
4787 -0.060546875
4788 -0.0185546875
4789 -0.080078125
4790 -0.0732421875
4791 -0.0634765625
4792 -0.021484375
4793 -0.130859375
4794 -0.1396484375
4795 -0.1162109375
4796 -0.0576171875
4797 -0.123046875
4798 -0.111328125
4799 -0.0927734375
4800 -0.0400390625
4801 -0.1083984375
4802 -0.0966796875
4803 -0.08203125
4804 -0.0322265625
4805 -0.08203125
4806 -0.037109375
4807 -0.0224609375
4808 0.0234375
4809 -0.029296875
4810 -0.0810546875
4811 -0.0654296875
4812 -0.0166015625
4813 -0.0771484375
4814 -0.03125
4815 -0.0185546875
4816 0.029296875
4817 -0.0703125
4818 -0.099609375
4819 -0.080078125
4820 -0.029296875
4821 -0.099609375
4822 -0.048828125
4823 -0.0302734375
4824 0.0185546875
4825 -0.00390625
4826 0.0283203125
4827 0.0322265625
4828 0.068359375
4829 -0.0224609375
4830 -0.0556640625
4831 -0.05078125
4832 -0.005859375
4833 -0.1416015625
4834 -0.1201171875
4835 -0.099609375
4836 -0.0419921875
4837 -0.1201171875
4838 -0.0947265625
4839 -0.08203125
4840 -0.0302734375
4841 -0.09765625
4842 -0.0458984375
4843 -0.029296875
4844 0.021484375
4845 -0.0712890625
4846 -0.099609375
4847 -0.0810546875
4848 -0.0283203125
4849 -0.0986328125
4850 -0.0859375
4851 -0.068359375
4852 -0.0166015625
4853 -0.0869140625
4854 -0.0771484375
4855 -0.0625
4856 -0.0126953125
4857 -0.1220703125
4858 -0.0654296875
4859 -0.041015625
4860 0.013671875
4861 -0.009765625
4862 0.0283203125
4863 0.03515625
4864 0.072265625
4865 0.0732421875
4866 0.09375
4867 0.091796875
4868 0.1201171875
4869 0.1298828125
4870 0.138671875
4871 0.134765625
4872 0.154296875
4873 0.1552734375
4874 0.16015625
4875 0.1513671875
4876 0.16796875
4877 0.15234375
4878 0.1572265625
4879 0.1455078125
4880 0.162109375
4881 0.1552734375
4882 0.158203125
4883 0.1455078125
4884 0.162109375
4885 0.1552734375
4886 0.158203125
4887 0.1455078125
4888 0.1591796875
4889 0.1171875
4890 0.0751953125
4891 0.0595703125
4892 0.078125
4893 0.0166015625
4894 0.0068359375
4895 -0.001953125
4896 0.029296875
4897 -0.03515625
4898 -0.001953125
4899 0.0029296875
4900 0.041015625
4901 0.0361328125
4902 0.0595703125
4903 0.05859375
4904 0.0859375
4905 0.0263671875
4906 -0.0126953125
4907 -0.0166015625
4908 0.0166015625
4909 -0.0810546875
4910 -0.078125
4911 -0.0693359375
4912 -0.0263671875
4913 -0.087890625
4914 -0.08203125
4915 -0.0732421875
4916 -0.0283203125
4917 -0.078125
4918 -0.068359375
4919 -0.0595703125
4920 -0.01953125
4921 -0.0810546875
4922 -0.07421875
4923 -0.064453125
4924 -0.0205078125
4925 -0.1337890625
4926 -0.13671875
4927 -0.115234375
4928 -0.056640625
4929 -0.1220703125
4930 -0.1083984375
4931 -0.0927734375
4932 -0.0400390625
4933 -0.109375
4934 -0.09765625
4935 -0.083984375
4936 -0.0341796875
4937 -0.0810546875
4938 -0.037109375
4939 -0.0224609375
4940 0.0244140625
4941 -0.0283203125
4942 -0.0830078125
4943 -0.0673828125
4944 -0.017578125
4945 -0.0771484375
4946 -0.0302734375
4947 -0.017578125
4948 0.0302734375
4949 -0.0654296875
4950 -0.09375
4951 -0.078125
4952 -0.0234375
4953 -0.091796875
4954 -0.04296875
4955 -0.02734375
4956 0.021484375
4957 -0.0009765625
4958 0.03125
4959 0.03515625
4960 0.0703125
4961 -0.017578125
4962 -0.0546875
4963 -0.0478515625
4964 -0.0029296875
4965 -0.138671875
4966 -0.119140625
4967 -0.0966796875
4968 -0.041015625
4969 -0.1181640625
4970 -0.09375
4971 -0.080078125
4972 -0.029296875
4973 -0.0947265625
4974 -0.0439453125
4975 -0.0283203125
4976 0.0224609375
4977 -0.0712890625
4978 -0.1005859375
4979 -0.08203125
4980 -0.0283203125
4981 -0.099609375
4982 -0.0859375
4983 -0.0673828125
4984 -0.01953125
4985 -0.087890625
4986 -0.078125
4987 -0.0634765625
4988 -0.013671875
4989 -0.1259765625
4990 -0.0673828125
4991 -0.0439453125
4992 0.0107421875
4993 -0.01171875
4994 0.025390625
4995 0.0341796875
4996 0.072265625
4997 0.072265625
4998 0.09375
4999 0.0927734375
