x y
0 -0.0244140625
1 -0.197265625
2 -0.142578125
3 -0.0791015625
4 -0.0703125
5 -0.4443359375
6 -0.11328125
7 -0.037109375
8 -0.0615234375
9 -0.177734375
10 -0.083984375
11 -0.01171875
12 -0.041015625
13 -0.1494140625
14 -0.0224609375
15 0.052734375
16 0.017578125
17 -0.0908203125
18 -0.0673828125
19 0.009765625
20 -0.0244140625
21 -0.1494140625
22 -0.0224609375
23 0.0537109375
24 0.021484375
25 -0.11328125
26 -0.0673828125
27 0.0048828125
28 -0.02734375
29 -0.1455078125
30 -0.0537109375
31 0.015625
32 -0.0185546875
33 -0.1240234375
34 -0.0361328125
35 0.033203125
36 -0.0068359375
37 -0.1240234375
38 -0.001953125
39 0.0703125
40 0.03125
41 -0.0595703125
42 0.056640625
43 0.123046875
44 0.0712890625
45 0.0068359375
46 0.1142578125
47 0.1728515625
48 0.111328125
49 0.0146484375
50 0.064453125
51 0.115234375
52 0.0546875
53 -0.0771484375
54 0.0390625
55 0.1015625
56 0.0537109375
57 -0.0869140625
58 -0.044921875
59 0.0224609375
60 -0.0146484375
61 -0.1298828125
62 -0.0439453125
63 0.0244140625
64 -0.013671875
65 -0.12890625
66 -0.0400390625
67 0.0234375
68 -0.0126953125
69 -0.1572265625
70 -0.0263671875
71 0.046875
72 0.0146484375
73 -0.04296875
74 0.0703125
75 0.134765625
76 0.0810546875
77 -0.0146484375
78 0.03515625
79 0.08984375
80 0.03515625
81 -0.095703125
82 0.0205078125
83 0.0869140625
84 0.04296875
85 -0.0966796875
86 -0.0556640625
87 0.013671875
88 -0.0224609375
89 -0.134765625
90 -0.048828125
91 0.01953125
92 -0.015625
93 -0.1328125
94 -0.0419921875
95 0.021484375
96 -0.013671875
97 -0.158203125
98 -0.02734375
99 0.046875
100 0.013671875
101 -0.04296875
102 0.0703125
103 0.134765625
104 0.0791015625
105 -0.0146484375
106 0.0361328125
107 0.08984375
108 0.03515625
109 -0.09375
110 0.0224609375
111 0.0869140625
112 0.04296875
113 -0.0966796875
114 -0.0546875
115 0.01171875
116 -0.0205078125
117 -0.1357421875
118 -0.0498046875
119 0.017578125
120 -0.015625
121 -0.1318359375
122 -0.044921875
123 0.0224609375
124 -0.013671875
125 -0.1591796875
126 -0.0302734375
127 0.0419921875
128 0.0126953125
129 -0.0439453125
130 0.0693359375
131 0.1318359375
132 0.080078125
133 -0.0146484375
134 0.03515625
135 0.08984375
136 0.0361328125
137 -0.0986328125
138 0.0205078125
139 0.0859375
140 0.04296875
141 -0.0986328125
142 -0.0546875
143 0.01171875
144 -0.021484375
145 -0.13671875
146 -0.0478515625
147 0.0185546875
148 -0.0185546875
149 -0.130859375
150 -0.0439453125
151 0.0224609375
152 -0.015625
153 -0.154296875
154 -0.025390625
155 0.048828125
156 0.0146484375
157 -0.0400390625
158 0.0712890625
159 0.134765625
160 0.08203125
161 -0.0126953125
162 0.0380859375
163 0.08984375
164 0.0380859375
165 -0.095703125
166 0.0224609375
167 0.087890625
168 0.044921875
169 -0.0966796875
170 -0.0556640625
171 0.0126953125
172 -0.021484375
173 -0.1357421875
174 -0.0498046875
175 0.01953125
176 -0.0166015625
177 -0.130859375
178 -0.04296875
179 0.0224609375
180 -0.015625
181 -0.15625
182 -0.0263671875
183 0.046875
184 0.0146484375
185 -0.041015625
186 0.0712890625
187 0.1337890625
188 0.0810546875
189 -0.0107421875
190 0.037109375
191 0.0859375
192 0.037109375
193 -0.09375
194 0.0205078125
195 0.083984375
196 0.0439453125
197 -0.0966796875
198 -0.0556640625
199 0.0107421875
200 -0.0205078125
201 -0.1337890625
202 -0.048828125
203 0.0185546875
204 -0.015625
205 -0.1318359375
206 -0.0458984375
207 0.0205078125
208 -0.013671875
209 -0.1572265625
210 -0.0283203125
211 0.0458984375
212 0.0146484375
213 -0.041015625
214 0.0712890625
215 0.1337890625
216 0.0810546875
217 -0.013671875
218 0.0361328125
219 0.08984375
220 0.037109375
221 -0.095703125
222 0.0224609375
223 0.087890625
224 0.04296875
225 -0.095703125
226 -0.0556640625
227 0.01171875
228 -0.021484375
229 -0.1357421875
230 -0.0478515625
231 0.017578125
232 -0.0166015625
233 -0.130859375
234 -0.04296875
235 0.021484375
236 -0.0146484375
237 -0.1572265625
238 -0.02734375
239 0.0439453125
240 0.0146484375
241 -0.04296875
242 0.0712890625
243 0.1328125
244 0.080078125
245 -0.01171875
246 0.037109375
247 0.091796875
248 0.0361328125
249 -0.09765625
250 0.021484375
251 0.0869140625
252 0.04296875
253 -0.09765625
254 -0.0537109375
255 0.01171875
256 -0.0185546875
257 -0.1357421875
258 -0.046875
259 0.01953125
260 -0.0146484375
261 -0.1298828125
262 -0.041015625
263 0.0234375
264 -0.0126953125
265 -0.1572265625
266 -0.0263671875
267 0.0478515625
268 0.013671875
269 -0.0439453125
270 0.0703125
271 0.1357421875
272 0.0810546875
273 -0.0146484375
274 0.037109375
275 0.091796875
276 0.037109375
277 -0.0947265625
278 0.0244140625
279 0.0888671875
280 0.044921875
281 -0.09375
282 -0.0498046875
283 0.0166015625
284 -0.0185546875
285 -0.1337890625
286 -0.046875
287 0.0205078125
288 -0.015625
289 -0.1298828125
290 -0.04296875
291 0.025390625
292 -0.0126953125
293 -0.1552734375
294 -0.0263671875
295 0.048828125
296 0.015625
297 -0.0419921875
298 0.0712890625
299 0.1357421875
300 0.08203125
301 -0.01171875
302 0.037109375
303 0.0908203125
304 0.0380859375
305 -0.095703125
306 0.0224609375
307 0.0888671875
308 0.0439453125
309 -0.0947265625
310 -0.052734375
311 0.0146484375
312 -0.0185546875
313 -0.1337890625
314 -0.0478515625
315 0.0224609375
316 -0.0146484375
317 -0.130859375
318 -0.04296875
319 0.0205078125
320 -0.013671875
321 -0.1533203125
322 -0.02734375
323 0.04296875
324 0.0146484375
325 -0.0390625
326 0.0703125
327 0.1298828125
328 0.0830078125
329 -0.01171875
330 0.0361328125
331 0.0859375
332 0.0361328125
333 -0.0927734375
334 0.0224609375
335 0.083984375
336 0.0458984375
337 -0.0927734375
338 -0.0537109375
339 0.01171875
340 -0.01953125
341 -0.1318359375
342 -0.0478515625
343 0.017578125
344 -0.013671875
345 -0.1279296875
346 -0.0419921875
347 0.0205078125
348 -0.0126953125
349 -0.1552734375
350 -0.02734375
351 0.0439453125
352 0.015625
353 -0.0400390625
354 0.0693359375
355 0.1318359375
356 0.0830078125
357 -0.009765625
358 0.0361328125
359 0.0908203125
360 0.037109375
361 -0.09375
362 0.01953125
363 0.083984375
364 0.04296875
365 -0.0966796875
366 -0.0537109375
367 0.0107421875
368 -0.0205078125
369 -0.1337890625
370 -0.0478515625
371 0.017578125
372 -0.015625
373 -0.1279296875
374 -0.041015625
375 0.0205078125
376 -0.013671875
377 -0.1513671875
378 -0.0263671875
379 0.046875
380 0.015625
381 -0.03515625
382 0.0732421875
383 0.1328125
384 0.08203125
385 -0.0087890625
386 0.037109375
387 0.087890625
388 0.0390625
389 -0.0908203125
390 0.0224609375
391 0.0849609375
392 0.0458984375
393 -0.0927734375
394 -0.0537109375
395 0.009765625
396 -0.0166015625
397 -0.130859375
398 -0.0478515625
399 0.015625
400 -0.013671875
401 -0.126953125
402 -0.04296875
403 0.0205078125
404 -0.013671875
405 -0.1513671875
406 -0.02734375
407 0.044921875
408 0.015625
409 -0.0390625
410 0.0712890625
411 0.1328125
412 0.0830078125
413 -0.01171875
414 0.037109375
415 0.0859375
416 0.037109375
417 -0.0927734375
418 0.0224609375
419 0.083984375
420 0.044921875
421 -0.0927734375
422 -0.0546875
423 0.009765625
424 -0.0185546875
425 -0.1328125
426 -0.048828125
427 0.0185546875
428 -0.0146484375
429 -0.126953125
430 -0.04296875
431 0.0205078125
432 -0.0126953125
433 -0.15234375
434 -0.0263671875
435 0.0439453125
436 0.0166015625
437 -0.0400390625
438 0.0712890625
439 0.1318359375
440 0.0830078125
441 -0.009765625
442 0.0380859375
443 0.08984375
444 0.0380859375
445 -0.0927734375
446 0.0224609375
447 0.0859375
448 0.044921875
449 -0.09375
450 -0.0546875
451 0.013671875
452 -0.017578125
453 -0.1328125
454 -0.048828125
455 0.0185546875
456 -0.0146484375
457 -0.1298828125
458 -0.0439453125
459 0.01953125
460 -0.0126953125
461 -0.158203125
462 -0.0283203125
463 0.044921875
464 0.0146484375
465 -0.0390625
466 0.0712890625
467 0.130859375
468 0.08203125
469 -0.0107421875
470 0.037109375
471 0.087890625
472 0.0361328125
473 -0.0947265625
474 0.021484375
475 0.0849609375
476 0.0439453125
477 -0.0927734375
478 -0.0537109375
479 0.01171875
480 -0.0185546875
481 -0.1337890625
482 -0.0458984375
483 0.01953125
484 -0.0126953125
485 -0.1279296875
486 -0.0390625
487 0.0224609375
488 -0.0107421875
489 -0.15234375
490 -0.025390625
491 0.0478515625
492 0.0166015625
493 -0.0390625
494 0.072265625
495 0.134765625
496 0.0830078125
497 -0.009765625
498 0.0380859375
499 0.0927734375
500 0.0380859375
501 -0.0927734375
502 0.025390625
503 0.0888671875
504 0.0458984375
505 -0.0927734375
506 -0.0517578125
507 0.0166015625
508 -0.017578125
509 -0.134765625
510 -0.044921875
511 0.0205078125
512 -0.0146484375
513 -0.1298828125
514 -0.0419921875
515 0.0234375
516 -0.0146484375
517 -0.154296875
518 -0.025390625
519 0.046875
520 0.0166015625
521 -0.037109375
522 0.0703125
523 0.1328125
524 0.083984375
525 -0.0107421875
526 0.0390625
527 0.08984375
528 0.0380859375
529 -0.0927734375
530 0.0224609375
531 0.0869140625
532 0.0458984375
533 -0.0927734375
534 -0.0517578125
535 0.0146484375
536 -0.01953125
537 -0.1328125
538 -0.044921875
539 0.021484375
540 -0.0146484375
541 -0.1279296875
542 -0.041015625
543 0.0244140625
544 -0.013671875
545 -0.154296875
546 -0.025390625
547 0.0478515625
548 0.0146484375
549 -0.041015625
550 0.0732421875
551 0.1357421875
552 0.083984375
553 -0.0126953125
554 0.0390625
555 0.0927734375
556 0.0380859375
557 -0.0966796875
558 0.025390625
559 0.0908203125
560 0.04296875
561 -0.095703125
562 -0.05078125
563 0.01953125
564 -0.01953125
565 -0.1357421875
566 -0.0458984375
567 0.0263671875
568 -0.015625
569 -0.130859375
570 -0.0390625
571 0.029296875
572 -0.0146484375
573 -0.16015625
574 -0.0263671875
575 0.0517578125
576 0.0146484375
577 -0.044921875
578 0.0732421875
579 0.1396484375
580 0.083984375
581 -0.0126953125
582 0.0380859375
583 0.0947265625
584 0.037109375
585 -0.09765625
586 0.0205078125
587 0.091796875
588 0.0439453125
589 -0.0947265625
590 -0.0537109375
591 0.0185546875
592 -0.0205078125
593 -0.13671875
594 -0.0458984375
595 0.0234375
596 -0.0146484375
597 -0.1318359375
598 -0.0400390625
599 0.0283203125
600 -0.013671875
601 -0.158203125
602 -0.0234375
603 0.0546875
604 0.0146484375
605 -0.044921875
606 0.0732421875
607 0.140625
608 0.0810546875
609 -0.0146484375
610 0.0390625
611 0.09765625
612 0.037109375
613 -0.0966796875
614 0.0244140625
615 0.0947265625
616 0.0439453125
617 -0.0947265625
618 -0.05078125
619 0.01953125
620 -0.0205078125
621 -0.1376953125
622 -0.0439453125
623 0.0234375
624 -0.0126953125
625 -0.130859375
626 -0.041015625
627 0.0283203125
628 -0.013671875
629 -0.1572265625
630 -0.0244140625
631 0.0517578125
632 0.015625
633 -0.0419921875
634 0.0732421875
635 0.1396484375
636 0.0830078125
637 -0.01171875
638 0.0400390625
639 0.0927734375
640 0.0380859375
641 -0.0966796875
642 0.0234375
643 0.0908203125
644 0.0458984375
645 -0.095703125
646 -0.052734375
647 0.015625
648 -0.017578125
649 -0.1376953125
650 -0.046875
651 0.025390625
652 -0.015625
653 -0.1337890625
654 -0.0439453125
655 0.0234375
656 -0.0146484375
657 -0.1572265625
658 -0.0263671875
659 0.0498046875
660 0.013671875
661 -0.0419921875
662 0.0732421875
663 0.13671875
664 0.0830078125
665 -0.0126953125
666 0.0400390625
667 0.0927734375
668 0.037109375
669 -0.0947265625
670 0.0234375
671 0.08984375
672 0.044921875
673 -0.09375
674 -0.0537109375
675 0.0166015625
676 -0.0205078125
677 -0.1376953125
678 -0.0458984375
679 0.0234375
680 -0.0146484375
681 -0.1318359375
682 -0.0419921875
683 0.02734375
684 -0.0146484375
685 -0.1591796875
686 -0.0263671875
687 0.0498046875
688 0.0146484375
689 -0.041015625
690 0.0732421875
691 0.13671875
692 0.0830078125
693 -0.01171875
694 0.0390625
695 0.091796875
696 0.0390625
697 -0.0947265625
698 0.0234375
699 0.0888671875
700 0.044921875
701 -0.09375
702 -0.0537109375
703 0.013671875
704 -0.01953125
705 -0.1337890625
706 -0.0458984375
707 0.0224609375
708 -0.013671875
709 -0.1298828125
710 -0.0390625
711 0.0244140625
712 -0.0107421875
713 -0.1552734375
714 -0.0244140625
715 0.05078125
716 0.017578125
717 -0.0390625
718 0.0732421875
719 0.1357421875
720 0.0830078125
721 -0.0087890625
722 0.0380859375
723 0.0927734375
724 0.0390625
725 -0.091796875
726 0.0244140625
727 0.0908203125
728 0.046875
729 -0.08984375
730 -0.0498046875
731 0.0185546875
732 -0.0146484375
733 -0.1298828125
734 -0.0439453125
735 0.021484375
736 -0.0126953125
737 -0.126953125
738 -0.0390625
739 0.025390625
740 -0.0107421875
741 -0.1533203125
742 -0.025390625
743 0.048828125
744 0.0166015625
745 -0.0400390625
746 0.072265625
747 0.13671875
748 0.0830078125
749 -0.009765625
750 0.0380859375
751 0.0888671875
752 0.0380859375
753 -0.0927734375
754 0.0244140625
755 0.0849609375
756 0.046875
757 -0.091796875
758 -0.0517578125
759 0.0126953125
760 -0.015625
761 -0.130859375
762 -0.044921875
763 0.01953125
764 -0.0126953125
765 -0.1259765625
766 -0.0400390625
767 0.0224609375
768 -0.0107421875
769 -0.1513671875
770 -0.025390625
771 0.0458984375
772 0.017578125
773 -0.037109375
774 0.072265625
775 0.1337890625
776 0.0849609375
777 -0.009765625
778 0.0390625
779 0.08984375
780 0.0390625
781 -0.09375
782 0.0234375
783 0.0869140625
784 0.046875
785 -0.0908203125
786 -0.0498046875
787 0.0146484375
788 -0.017578125
789 -0.1298828125
790 -0.0458984375
791 0.01953125
792 -0.0126953125
793 -0.125
794 -0.0419921875
795 0.0205078125
796 -0.0107421875
797 -0.1533203125
798 -0.0283203125
799 0.0439453125
800 0.015625
801 -0.0380859375
802 0.0712890625
803 0.130859375
804 0.0830078125
805 -0.0087890625
806 0.037109375
807 0.0869140625
808 0.0400390625
809 -0.0908203125
810 0.0205078125
811 0.0830078125
812 0.0458984375
813 -0.091796875
814 -0.0537109375
815 0.0107421875
816 -0.0166015625
817 -0.1298828125
818 -0.046875
819 0.017578125
820 -0.0126953125
821 -0.125
822 -0.0400390625
823 0.0185546875
824 -0.0107421875
825 -0.1484375
826 -0.0244140625
827 0.0458984375
828 0.0185546875
829 -0.0361328125
830 0.0732421875
831 0.130859375
832 0.0849609375
833 -0.0078125
834 0.0380859375
835 0.087890625
836 0.0390625
837 -0.0888671875
838 0.0224609375
839 0.083984375
840 0.0458984375
841 -0.0888671875
842 -0.052734375
843 0.01171875
844 -0.017578125
845 -0.1318359375
846 -0.0478515625
847 0.0166015625
848 -0.013671875
849 -0.125
850 -0.0419921875
851 0.021484375
852 -0.009765625
853 -0.150390625
854 -0.0263671875
855 0.044921875
856 0.017578125
857 -0.0361328125
858 0.072265625
859 0.1328125
860 0.0849609375
861 -0.0078125
862 0.0380859375
863 0.0888671875
864 0.0390625
865 -0.08984375
866 0.021484375
867 0.0830078125
868 0.046875
869 -0.091796875
870 -0.0537109375
871 0.009765625
872 -0.015625
873 -0.1298828125
874 -0.046875
875 0.0166015625
876 -0.01171875
877 -0.1259765625
878 -0.0400390625
879 0.0205078125
880 -0.0107421875
881 -0.150390625
882 -0.0263671875
883 0.0458984375
884 0.015625
885 -0.0361328125
886 0.0732421875
887 0.1318359375
888 0.083984375
889 -0.009765625
890 0.0380859375
891 0.087890625
892 0.0390625
893 -0.09375
894 0.021484375
895 0.083984375
896 0.0458984375
897 -0.0947265625
898 -0.0537109375
899 0.01171875
900 -0.0185546875
901 -0.130859375
902 -0.046875
903 0.0185546875
904 -0.013671875
905 -0.126953125
906 -0.0439453125
907 0.0205078125
908 -0.01171875
909 -0.154296875
910 -0.0283203125
911 0.0458984375
912 0.015625
913 -0.0380859375
914 0.0712890625
915 0.1318359375
916 0.0830078125
917 -0.009765625
918 0.0380859375
919 0.087890625
920 0.0380859375
921 -0.09375
922 0.0224609375
923 0.0849609375
924 0.0458984375
925 -0.0947265625
926 -0.0546875
927 0.0126953125
928 -0.0185546875
929 -0.1318359375
930 -0.046875
931 0.021484375
932 -0.0146484375
933 -0.1259765625
934 -0.041015625
935 0.0234375
936 -0.0126953125
937 -0.1533203125
938 -0.0263671875
939 0.046875
940 0.017578125
941 -0.0390625
942 0.072265625
943 0.1328125
944 0.0830078125
945 -0.009765625
946 0.037109375
947 0.08984375
948 0.0380859375
949 -0.091796875
950 0.0244140625
951 0.087890625
952 0.0478515625
953 -0.091796875
954 -0.0537109375
955 0.015625
956 -0.017578125
957 -0.1328125
958 -0.0458984375
959 0.021484375
960 -0.013671875
961 -0.1279296875
962 -0.0400390625
963 0.0234375
964 -0.01171875
965 -0.1552734375
966 -0.0244140625
967 0.0478515625
968 0.015625
969 -0.0400390625
970 0.0732421875
971 0.1337890625
972 0.083984375
973 -0.009765625
974 0.0390625
975 0.0888671875
976 0.0390625
977 -0.0908203125
978 0.0234375
979 0.0859375
980 0.046875
981 -0.091796875
982 -0.0517578125
983 0.01171875
984 -0.017578125
985 -0.1318359375
986 -0.0458984375
987 0.0185546875
988 -0.0126953125
989 -0.1279296875
990 -0.0419921875
991 0.0205078125
992 -0.0107421875
993 -0.15234375
994 -0.0263671875
995 0.0458984375
996 0.017578125
997 -0.0380859375
998 0.072265625
999 0.1328125
1000 0.083984375
1001 -0.009765625
1002 0.0380859375
1003 0.08984375
1004 0.0400390625
1005 -0.0908203125
1006 0.0234375
1007 0.0869140625
1008 0.046875
1009 -0.0947265625
1010 -0.0517578125
1011 0.01171875
1012 -0.0185546875
1013 -0.1328125
1014 -0.044921875
1015 0.0205078125
1016 -0.013671875
1017 -0.126953125
1018 -0.0419921875
1019 0.0234375
1020 -0.0126953125
1021 -0.1533203125
1022 -0.0283203125
1023 0.046875
1024 0.0146484375
1025 -0.0390625
1026 0.072265625
1027 0.134765625
1028 0.0830078125
1029 -0.0107421875
1030 0.0380859375
1031 0.0908203125
1032 0.0380859375
1033 -0.0947265625
1034 0.0224609375
1035 0.0859375
1036 0.0458984375
1037 -0.09765625
1038 -0.0556640625
1039 0.009765625
1040 -0.0205078125
1041 -0.1337890625
1042 -0.048828125
1043 0.01953125
1044 -0.0146484375
1045 -0.1298828125
1046 -0.0419921875
1047 0.0234375
1048 -0.0126953125
1049 -0.1552734375
1050 -0.0263671875
1051 0.0498046875
1052 0.0166015625
1053 -0.041015625
1054 0.07421875
1055 0.1376953125
1056 0.0849609375
1057 -0.0107421875
1058 0.041015625
1059 0.0927734375
1060 0.0390625
1061 -0.0927734375
1062 0.0244140625
1063 0.091796875
1064 0.0458984375
1065 -0.0947265625
1066 -0.052734375
1067 0.015625
1068 -0.0185546875
1069 -0.1337890625
1070 -0.046875
1071 0.021484375
1072 -0.013671875
1073 -0.12890625
1074 -0.041015625
1075 0.0244140625
1076 -0.01171875
1077 -0.1572265625
1078 -0.0244140625
1079 0.0498046875
1080 0.0166015625
1081 -0.0439453125
1082 0.0732421875
1083 0.1396484375
1084 0.083984375
1085 -0.013671875
1086 0.0390625
1087 0.0947265625
1088 0.037109375
1089 -0.0966796875
1090 0.0234375
1091 0.0927734375
1092 0.044921875
1093 -0.095703125
1094 -0.0546875
1095 0.017578125
1096 -0.01953125
1097 -0.1357421875
1098 -0.0458984375
1099 0.0224609375
1100 -0.013671875
1101 -0.1328125
1102 -0.0400390625
1103 0.0263671875
1104 -0.0126953125
1105 -0.158203125
1106 -0.025390625
1107 0.05078125
1108 0.013671875
1109 -0.044921875
1110 0.07421875
1111 0.1396484375
1112 0.083984375
1113 -0.01171875
1114 0.0400390625
1115 0.0966796875
1116 0.037109375
1117 -0.09765625
1118 0.025390625
1119 0.0947265625
1120 0.044921875
1121 -0.095703125
1122 -0.052734375
1123 0.01953125
1124 -0.0205078125
1125 -0.13671875
1126 -0.0458984375
1127 0.0244140625
1128 -0.013671875
1129 -0.1337890625
1130 -0.041015625
1131 0.0283203125
1132 -0.013671875
1133 -0.158203125
1134 -0.0283203125
1135 0.048828125
1136 0.013671875
1137 -0.04296875
1138 0.0712890625
1139 0.1396484375
1140 0.08203125
1141 -0.0126953125
1142 0.0380859375
1143 0.09375
1144 0.0380859375
1145 -0.09765625
1146 0.0244140625
1147 0.08984375
1148 0.044921875
1149 -0.09765625
1150 -0.052734375
1151 0.015625
1152 -0.01953125
1153 -0.134765625
1154 -0.0458984375
1155 0.0244140625
1156 -0.013671875
1157 -0.130859375
1158 -0.0400390625
1159 0.0283203125
1160 -0.013671875
1161 -0.15625
1162 -0.025390625
1163 0.0517578125
1164 0.0166015625
1165 -0.0419921875
1166 0.0732421875
1167 0.1376953125
1168 0.083984375
1169 -0.01171875
1170 0.041015625
1171 0.095703125
1172 0.0380859375
1173 -0.09375
1174 0.0263671875
1175 0.0927734375
1176 0.046875
1177 -0.0947265625
1178 -0.05078125
1179 0.01953125
1180 -0.0185546875
1181 -0.134765625
1182 -0.046875
1183 0.025390625
1184 -0.013671875
1185 -0.1298828125
1186 -0.041015625
1187 0.0283203125
1188 -0.01171875
1189 -0.158203125
1190 -0.0263671875
1191 0.05078125
1192 0.0166015625
1193 -0.0419921875
1194 0.0732421875
1195 0.1376953125
1196 0.083984375
1197 -0.009765625
1198 0.041015625
1199 0.0927734375
1200 0.0390625
1201 -0.0947265625
1202 0.0234375
1203 0.0888671875
1204 0.0458984375
1205 -0.09375
1206 -0.0517578125
1207 0.015625
1208 -0.0185546875
1209 -0.1328125
1210 -0.044921875
1211 0.0224609375
1212 -0.013671875
1213 -0.1298828125
1214 -0.041015625
1215 0.025390625
1216 -0.0107421875
1217 -0.158203125
1218 -0.0244140625
1219 0.05078125
1220 0.0166015625
1221 -0.0419921875
1222 0.07421875
1223 0.13671875
1224 0.083984375
1225 -0.0126953125
1226 0.0400390625
1227 0.0927734375
1228 0.0380859375
1229 -0.09375
1230 0.0224609375
1231 0.0869140625
1232 0.0458984375
1233 -0.0927734375
1234 -0.0537109375
1235 0.01171875
1236 -0.017578125
1237 -0.134765625
1238 -0.0458984375
1239 0.0205078125
1240 -0.0126953125
1241 -0.12890625
1242 -0.0400390625
1243 0.0234375
1244 -0.01171875
1245 -0.1552734375
1246 -0.02734375
1247 0.0478515625
1248 0.0166015625
1249 -0.0400390625
1250 0.0732421875
1251 0.134765625
1252 0.0849609375
1253 -0.0087890625
1254 0.0390625
1255 0.091796875
1256 0.0400390625
1257 -0.0947265625
1258 0.0224609375
1259 0.0869140625
1260 0.044921875
1261 -0.0947265625
1262 -0.0546875
1263 0.0126953125
1264 -0.017578125
1265 -0.1337890625
1266 -0.0458984375
1267 0.0205078125
1268 -0.0126953125
1269 -0.1279296875
1270 -0.041015625
1271 0.0244140625
1272 -0.0107421875
1273 -0.1533203125
1274 -0.0244140625
1275 0.0498046875
1276 0.017578125
1277 -0.0400390625
1278 0.0732421875
1279 0.1376953125
1280 0.083984375
1281 -0.009765625
1282 0.0400390625
1283 0.0908203125
1284 0.0400390625
1285 -0.09375
1286 0.0244140625
1287 0.0888671875
1288 0.046875
1289 -0.09375
1290 -0.05078125
1291 0.0146484375
1292 -0.0185546875
1293 -0.1318359375
1294 -0.046875
1295 0.0185546875
1296 -0.0126953125
1297 -0.126953125
1298 -0.041015625
1299 0.0244140625
1300 -0.0107421875
1301 -0.15234375
1302 -0.025390625
1303 0.048828125
1304 0.017578125
1305 -0.0400390625
1306 0.07421875
1307 0.1357421875
1308 0.0859375
1309 -0.009765625
1310 0.041015625
1311 0.091796875
1312 0.0400390625
1313 -0.09375
1314 0.0224609375
1315 0.087890625
1316 0.044921875
1317 -0.0947265625
1318 -0.052734375
1319 0.015625
1320 -0.01953125
1321 -0.1337890625
1322 -0.0458984375
1323 0.0234375
1324 -0.013671875
1325 -0.1318359375
1326 -0.041015625
1327 0.0224609375
1328 -0.0126953125
1329 -0.15625
1330 -0.025390625
1331 0.0478515625
1332 0.017578125
1333 -0.041015625
1334 0.0751953125
1335 0.1357421875
1336 0.083984375
1337 -0.009765625
1338 0.0390625
1339 0.09375
1340 0.0390625
1341 -0.0947265625
1342 0.0224609375
1343 0.08984375
1344 0.0458984375
1345 -0.09375
1346 -0.0546875
1347 0.015625
1348 -0.017578125
1349 -0.1357421875
1350 -0.0458984375
1351 0.0224609375
1352 -0.013671875
1353 -0.1298828125
1354 -0.0400390625
1355 0.0224609375
1356 -0.01171875
1357 -0.158203125
1358 -0.02734375
1359 0.046875
1360 0.0166015625
1361 -0.0400390625
1362 0.072265625
1363 0.1337890625
1364 0.0849609375
1365 -0.0087890625
1366 0.0400390625
1367 0.08984375
1368 0.0390625
1369 -0.0908203125
1370 0.021484375
1371 0.083984375
1372 0.0458984375
1373 -0.0947265625
1374 -0.0546875
1375 0.0078125
1376 -0.0185546875
1377 -0.1318359375
1378 -0.046875
1379 0.0166015625
1380 -0.01171875
1381 -0.125
1382 -0.0419921875
1383 0.0205078125
1384 -0.009765625
1385 -0.150390625
1386 -0.025390625
1387 0.046875
1388 0.017578125
1389 -0.037109375
1390 0.0732421875
1391 0.1337890625
1392 0.0849609375
1393 -0.0078125
1394 0.0390625
1395 0.0908203125
1396 0.041015625
1397 -0.0888671875
1398 0.0263671875
1399 0.087890625
1400 0.0478515625
1401 -0.0908203125
1402 -0.05078125
1403 0.015625
1404 -0.015625
1405 -0.1298828125
1406 -0.0458984375
1407 0.0205078125
1408 -0.01171875
1409 -0.1259765625
1410 -0.0400390625
1411 0.0234375
1412 -0.01171875
1413 -0.1513671875
1414 -0.0263671875
1415 0.0478515625
1416 0.017578125
1417 -0.0390625
1418 0.072265625
1419 0.1337890625
1420 0.0849609375
1421 -0.0087890625
1422 0.0380859375
1423 0.0888671875
1424 0.0390625
1425 -0.0908203125
1426 0.0234375
1427 0.0849609375
1428 0.0458984375
1429 -0.0927734375
1430 -0.052734375
1431 0.0126953125
1432 -0.0166015625
1433 -0.1298828125
1434 -0.046875
1435 0.021484375
1436 -0.013671875
1437 -0.1201171875
1438 -0.0380859375
1439 0.0234375
1440 -0.0087890625
1441 -0.1259765625
1442 -0.005859375
1443 0.0634765625
1444 0.0302734375
1445 -0.0791015625
1446 -0.0302734375
1447 0.0302734375
1448 -0.0029296875
1449 -0.1181640625
1450 -0.041015625
1451 0.0244140625
1452 -0.0078125
1453 -0.1279296875
1454 -0.0458984375
1455 0.017578125
1456 -0.01171875
1457 -0.177734375
1458 -0.0859375
1459 -0.0166015625
1460 -0.041015625
1461 -0.193359375
1462 -0.0625
1463 0.0185546875
1464 -0.0009765625
1465 -0.072265625
1466 0.04296875
1467 0.1064453125
1468 0.064453125
1469 0.0048828125
1470 0.1103515625
1471 0.1650390625
1472 0.111328125
1473 0.01953125
1474 0.0595703125
1475 0.1083984375
1476 0.0546875
1477 -0.048828125
1478 0.0576171875
1479 0.1171875
1480 0.0712890625
1481 -0.0048828125
1482 0.095703125
1483 0.1513671875
1484 0.0986328125
1485 -0.0205078125
1486 0.0234375
1487 0.0751953125
1488 0.02734375
1489 -0.076171875
1490 0.0361328125
1491 0.099609375
1492 0.056640625
1493 -0.01171875
1494 0.0927734375
1495 0.1484375
1496 0.0947265625
1497 -0.015625
1498 0.0263671875
1499 0.076171875
1500 0.02734375
1501 -0.080078125
1502 -0.0068359375
1503 0.052734375
1504 0.013671875
1505 -0.0849609375
1506 0.029296875
1507 0.09375
1508 0.048828125
1509 -0.0654296875
1510 0.0458984375
1511 0.10546875
1512 0.0595703125
1513 -0.0458984375
1514 0.0625
1515 0.1201171875
1516 0.0712890625
1517 -0.0029296875
1518 0.1025390625
1519 0.154296875
1520 0.09765625
1521 0.0078125
1522 0.0478515625
1523 0.1005859375
1524 0.044921875
1525 -0.046875
1526 0.05859375
1527 0.119140625
1528 0.06640625
1529 -0.044921875
1530 0.0595703125
1531 0.119140625
1532 0.064453125
1533 -0.0966796875
1534 -0.056640625
1535 0.00390625
1536 -0.0283203125
1537 -0.1982421875
1538 -0.109375
1539 -0.033203125
1540 -0.0556640625
1541 -0.1650390625
1542 -0.0361328125
1543 0.0380859375
1544 0.0048828125
1545 -0.0546875
1546 0.056640625
1547 0.12109375
1548 0.068359375
1549 0.00390625
1550 0.1064453125
1551 0.1630859375
1552 0.1005859375
1553 -0.0166015625
1554 0.021484375
1555 0.0712890625
1556 0.021484375
1557 -0.1064453125
1558 -0.02734375
1559 0.0302734375
1560 -0.0107421875
1561 -0.1923828125
1562 -0.1259765625
1563 -0.046875
1564 -0.0673828125
1565 -0.1748046875
1566 -0.0791015625
1567 -0.0078125
1568 -0.04296875
1569 -0.2080078125
1570 -0.130859375
1571 -0.0478515625
1572 -0.0703125
1573 -0.1884765625
1574 -0.0546875
1575 0.0205078125
1576 -0.0068359375
1577 -0.107421875
1578 -0.0556640625
1579 0.01171875
1580 -0.0224609375
1581 -0.1376953125
1582 -0.046875
1583 0.0166015625
1584 -0.01953125
1585 -0.12890625
1586 -0.046875
1587 0.0185546875
1588 -0.015625
1589 -0.1044921875
1590 0.0107421875
1591 0.080078125
1592 0.0390625
1593 -0.0146484375
1594 0.09375
1595 0.1533203125
1596 0.0966796875
1597 -0.017578125
1598 0.0849609375
1599 0.1416015625
1600 0.0859375
1601 -0.017578125
1602 0.0849609375
1603 0.1416015625
1604 0.0859375
1605 0.0126953125
1606 0.11328125
1607 0.1650390625
1608 0.1044921875
1609 0.0146484375
1610 0.0556640625
1611 0.1064453125
1612 0.048828125
1613 -0.0439453125
1614 0.05859375
1615 0.1171875
1616 0.0673828125
1617 -0.04296875
1618 0.0595703125
1619 0.1162109375
1620 0.0654296875
1621 -0.095703125
1622 -0.0576171875
1623 0.0009765625
1624 -0.03125
1625 -0.1962890625
1626 -0.1083984375
1627 -0.03515625
1628 -0.056640625
1629 -0.1640625
1630 -0.0361328125
1631 0.0341796875
1632 0.00390625
1633 -0.0703125
1634 0.0439453125
1635 0.10546875
1636 0.05859375
1637 -0.001953125
1638 0.1005859375
1639 0.1552734375
1640 0.09765625
1641 -0.0185546875
1642 0.0185546875
1643 0.0693359375
1644 0.01953125
1645 -0.1103515625
1646 -0.029296875
1647 0.0283203125
1648 -0.0146484375
1649 -0.197265625
1650 -0.126953125
1651 -0.0478515625
1652 -0.0693359375
1653 -0.1767578125
1654 -0.076171875
1655 -0.0068359375
1656 -0.041015625
1657 -0.2099609375
1658 -0.1318359375
1659 -0.0458984375
1660 -0.0712890625
1661 -0.1943359375
1662 -0.0595703125
1663 0.0205078125
1664 -0.009765625
1665 -0.1103515625
1666 -0.0576171875
1667 0.013671875
1668 -0.025390625
1669 -0.138671875
1670 -0.046875
1671 0.017578125
1672 -0.021484375
1673 -0.134765625
1674 -0.0478515625
1675 0.0205078125
1676 -0.0166015625
1677 -0.1123046875
1678 0.0107421875
1679 0.08203125
1680 0.0380859375
1681 -0.0166015625
1682 0.0947265625
1683 0.158203125
1684 0.09765625
1685 0.0400390625
1686 0.1435546875
1687 0.2001953125
1688 0.1298828125
1689 0.0654296875
1690 0.1640625
1691 0.2197265625
1692 0.1435546875
1693 0.0361328125
1694 0.1337890625
1695 0.1865234375
1696 0.1171875
1697 0.0068359375
1698 0.1083984375
1699 0.162109375
1700 0.09765625
1701 0.017578125
1702 0.1201171875
1703 0.1728515625
1704 0.1044921875
1705 0.0126953125
1706 0.0556640625
1707 0.107421875
1708 0.044921875
1709 -0.0478515625
1710 0.0576171875
1711 0.119140625
1712 0.0615234375
1713 0.005859375
1714 0.109375
1715 0.166015625
1716 0.1005859375
1717 0.037109375
1718 0.134765625
1719 0.189453125
1720 0.1181640625
1721 0.0107421875
1722 0.109375
1723 0.162109375
1724 0.0947265625
1725 -0.068359375
1726 -0.03125
1727 0.025390625
1728 -0.0234375
1729 -0.1884765625
1730 -0.1044921875
1731 -0.0302734375
1732 -0.0625
1733 -0.1748046875
1734 -0.0458984375
1735 0.0302734375
1736 -0.0107421875
1737 -0.0751953125
1738 0.0390625
1739 0.10546875
1740 0.046875
1741 -0.021484375
1742 0.0869140625
1743 0.1435546875
1744 0.080078125
1745 -0.0400390625
1746 0.001953125
1747 0.0537109375
1748 0.0
1749 -0.130859375
1750 -0.0478515625
1751 0.013671875
1752 -0.0322265625
1753 -0.212890625
1754 -0.1474609375
1755 -0.0634765625
1756 -0.0888671875
1757 -0.1943359375
1758 -0.09765625
1759 -0.02734375
1760 -0.0595703125
1761 -0.228515625
1762 -0.1474609375
1763 -0.064453125
1764 -0.0869140625
1765 -0.2119140625
1766 -0.0712890625
1767 0.0068359375
1768 -0.0244140625
1769 -0.1259765625
1770 -0.072265625
1771 -0.0009765625
1772 -0.0400390625
1773 -0.1630859375
1774 -0.072265625
1775 -0.00390625
1776 -0.0419921875
1777 -0.166015625
1778 -0.078125
1779 -0.0068359375
1780 -0.0419921875
1781 -0.1416015625
1782 -0.017578125
1783 0.0556640625
1784 0.0166015625
1785 -0.0341796875
1786 0.076171875
1787 0.1376953125
1788 0.0810546875
1789 0.01953125
1790 0.1220703125
1791 0.17578125
1792 0.11328125
1793 0.044921875
1794 0.1435546875
1795 0.1962890625
1796 0.125
1797 0.05859375
1798 0.1533203125
1799 0.205078125
1800 0.1337890625
1801 0.068359375
1802 0.1591796875
1803 0.212890625
1804 0.1357421875
1805 0.0234375
1806 0.1171875
1807 0.16796875
1808 0.1005859375
1809 -0.01171875
1810 0.0869140625
1811 0.1396484375
1812 0.078125
1813 -0.0009765625
1814 0.0986328125
1815 0.1494140625
1816 0.0849609375
1817 -0.0068359375
1818 0.03515625
1819 0.0849609375
1820 0.0263671875
1821 -0.064453125
1822 0.0400390625
1823 0.0986328125
1824 0.0439453125
1825 -0.0166015625
1826 0.083984375
1827 0.140625
1828 0.078125
1829 0.015625
1830 0.11328125
1831 0.166015625
1832 0.099609375
1833 -0.0068359375
1834 0.087890625
1835 0.1396484375
1836 0.076171875
1837 -0.087890625
1838 -0.0517578125
1839 0.0009765625
1840 -0.0419921875
1841 -0.208984375
1842 -0.1259765625
1843 -0.0517578125
1844 -0.0810546875
1845 -0.189453125
1846 -0.0615234375
1847 0.009765625
1848 -0.025390625
1849 -0.0869140625
1850 0.025390625
1851 0.0908203125
1852 0.0341796875
1853 -0.03125
1854 0.0732421875
1855 0.126953125
1856 0.0673828125
1857 -0.052734375
1858 -0.01171875
1859 0.0400390625
1860 -0.009765625
1861 -0.1435546875
1862 -0.0595703125
1863 0.0
1864 -0.04296875
1865 -0.2255859375
1866 -0.158203125
1867 -0.0751953125
1868 -0.099609375
1869 -0.203125
1870 -0.107421875
1871 -0.0361328125
1872 -0.0693359375
1873 -0.236328125
1874 -0.15625
1875 -0.076171875
1876 -0.09765625
1877 -0.2197265625
1878 -0.0830078125
1879 -0.0048828125
1880 -0.0341796875
1881 -0.1337890625
1882 -0.08203125
1883 -0.013671875
1884 -0.048828125
1885 -0.203125
1886 -0.1083984375
1887 -0.037109375
1888 -0.068359375
1889 -0.2109375
1890 -0.1181640625
1891 -0.041015625
1892 -0.0693359375
1893 -0.166015625
1894 -0.0390625
1895 0.037109375
1896 -0.0009765625
1897 -0.0498046875
1898 0.060546875
1899 0.1240234375
1900 0.0693359375
1901 0.005859375
1902 0.10546875
1903 0.1611328125
1904 0.1005859375
1905 0.03515625
1906 0.1298828125
1907 0.1826171875
1908 0.1162109375
1909 0.0458984375
1910 0.1396484375
1911 0.189453125
1912 0.1220703125
1913 0.05859375
1914 0.1484375
1915 0.19921875
1916 0.126953125
1917 0.0205078125
1918 0.1103515625
1919 0.162109375
1920 0.095703125
1921 -0.015625
1922 0.08203125
1923 0.1328125
1924 0.0732421875
1925 -0.005859375
1926 0.0927734375
1927 0.1416015625
1928 0.08203125
1929 -0.01171875
1930 0.029296875
1931 0.0771484375
1932 0.021484375
1933 -0.0703125
1934 0.033203125
1935 0.09375
1936 0.0400390625
1937 -0.0185546875
1938 0.08203125
1939 0.138671875
1940 0.0751953125
1941 0.017578125
1942 0.1103515625
1943 0.1630859375
1944 0.0966796875
1945 -0.0078125
1946 0.0849609375
1947 0.1337890625
1948 0.072265625
1949 -0.083984375
1950 -0.0517578125
1951 -0.0009765625
1952 -0.0390625
1953 -0.2001953125
1954 -0.1201171875
1955 -0.0517578125
1956 -0.0771484375
1957 -0.185546875
1958 -0.0625
1959 0.00390625
1960 -0.0263671875
1961 -0.0859375
1962 0.0205078125
1963 0.0810546875
1964 0.03125
1965 -0.0283203125
1966 0.0693359375
1967 0.1201171875
1968 0.0654296875
1969 -0.0517578125
1970 -0.017578125
1971 0.0302734375
1972 -0.0126953125
1973 -0.1396484375
1974 -0.0625
1975 -0.0068359375
1976 -0.0439453125
1977 -0.2265625
1978 -0.1611328125
1979 -0.0859375
1980 -0.1005859375
1981 -0.203125
1982 -0.111328125
1983 -0.0439453125
1984 -0.0732421875
1985 -0.236328125
1986 -0.16015625
1987 -0.083984375
1988 -0.1005859375
1989 -0.2177734375
1990 -0.0869140625
1991 -0.0126953125
1992 -0.0361328125
1993 -0.13671875
1994 -0.0859375
1995 -0.0224609375
1996 -0.052734375
1997 -0.1728515625
1998 -0.0830078125
1999 -0.021484375
2000 -0.052734375
2001 -0.1708984375
2002 -0.0888671875
2003 -0.0205078125
2004 -0.052734375
2005 -0.1416015625
2006 -0.0244140625
2007 0.044921875
2008 0.005859375
2009 -0.0400390625
2010 0.0654296875
2011 0.123046875
2012 0.0693359375
2013 0.009765625
2014 0.107421875
2015 0.1611328125
2016 0.1005859375
2017 0.03125
2018 0.125
2019 0.17578125
2020 0.1123046875
2021 0.037109375
2022 0.130859375
2023 0.1796875
2024 0.11328125
2025 0.05078125
2026 0.138671875
2027 0.1904296875
2028 0.12109375
2029 0.0146484375
2030 0.103515625
2031 0.154296875
2032 0.087890625
2033 -0.0185546875
2034 0.0751953125
2035 0.12890625
2036 0.0673828125
2037 -0.01171875
2038 0.0859375
2039 0.138671875
2040 0.076171875
2041 -0.0341796875
2042 0.0078125
2043 0.0625
2044 0.005859375
2045 -0.087890625
2046 0.0205078125
2047 0.0830078125
2048 0.02734375
2049 -0.029296875
2050 0.07421875
2051 0.1298828125
2052 0.0673828125
2053 0.0068359375
2054 0.103515625
2055 0.1591796875
2056 0.0908203125
2057 -0.0185546875
2058 0.0771484375
2059 0.12890625
2060 0.06640625
2061 -0.091796875
2062 -0.0576171875
2063 -0.005859375
2064 -0.0458984375
2065 -0.212890625
2066 -0.130859375
2067 -0.060546875
2068 -0.0869140625
2069 -0.1962890625
2070 -0.0693359375
2071 0.001953125
2072 -0.03125
2073 -0.1064453125
2074 0.005859375
2075 0.0712890625
2076 0.021484375
2077 -0.0390625
2078 0.0625
2079 0.1181640625
2080 0.0615234375
2081 -0.0595703125
2082 -0.021484375
2083 0.029296875
2084 -0.01953125
2085 -0.1474609375
2086 -0.0673828125
2087 -0.0107421875
2088 -0.0478515625
2089 -0.2314453125
2090 -0.166015625
2091 -0.087890625
2092 -0.103515625
2093 -0.2080078125
2094 -0.1142578125
2095 -0.048828125
2096 -0.076171875
2097 -0.2421875
2098 -0.1640625
2099 -0.0849609375
2100 -0.103515625
2101 -0.2197265625
2102 -0.08984375
2103 -0.015625
2104 -0.0390625
2105 -0.1396484375
2106 -0.087890625
2107 -0.0224609375
2108 -0.0546875
2109 -0.2177734375
2110 -0.123046875
2111 -0.0537109375
2112 -0.076171875
2113 -0.2294921875
2114 -0.1357421875
2115 -0.0595703125
2116 -0.08203125
2117 -0.1689453125
2118 -0.04296875
2119 0.029296875
2120 -0.0048828125
2121 -0.05078125
2122 0.0556640625
2123 0.1181640625
2124 0.06640625
2125 0.0029296875
2126 0.103515625
2127 0.158203125
2128 0.0986328125
2129 0.0244140625
2130 0.1201171875
2131 0.171875
2132 0.1083984375
2133 0.0361328125
2134 0.130859375
2135 0.1826171875
2136 0.1142578125
2137 0.048828125
2138 0.140625
2139 0.1923828125
2140 0.12109375
2141 0.0107421875
2142 0.103515625
2143 0.1533203125
2144 0.087890625
2145 -0.0244140625
2146 0.0712890625
2147 0.1259765625
2148 0.0654296875
2149 -0.013671875
2150 0.0849609375
2151 0.13671875
2152 0.0751953125
2153 -0.0185546875
2154 0.0224609375
2155 0.0712890625
2156 0.0146484375
2157 -0.0732421875
2158 0.0302734375
2159 0.08984375
2160 0.03515625
2161 -0.0283203125
2162 0.0712890625
2163 0.1279296875
2164 0.0673828125
2165 0.0078125
2166 0.1044921875
2167 0.1572265625
2168 0.0908203125
2169 -0.013671875
2170 0.0810546875
2171 0.1318359375
2172 0.0703125
2173 -0.08984375
2174 -0.0556640625
2175 0.0
2176 -0.0439453125
2177 -0.2041015625
2178 -0.12109375
2179 -0.0517578125
2180 -0.080078125
2181 -0.19140625
2182 -0.0654296875
2183 0.005859375
2184 -0.029296875
2185 -0.09375
2186 0.01953125
2187 0.0830078125
2188 0.029296875
2189 -0.0390625
2190 0.06640625
2191 0.123046875
2192 0.0595703125
2193 -0.0625
2194 -0.021484375
2195 0.0302734375
2196 -0.0205078125
2197 -0.150390625
2198 -0.06640625
2199 -0.0078125
2200 -0.0498046875
2201 -0.2333984375
2202 -0.1640625
2203 -0.0830078125
2204 -0.1064453125
2205 -0.2138671875
2206 -0.1123046875
2207 -0.0419921875
2208 -0.0771484375
2209 -0.2431640625
2210 -0.1630859375
2211 -0.0810546875
2212 -0.103515625
2213 -0.2255859375
2214 -0.0888671875
2215 -0.0087890625
2216 -0.0400390625
2217 -0.140625
2218 -0.087890625
2219 -0.01953125
2220 -0.0546875
2221 -0.177734375
2222 -0.087890625
2223 -0.0244140625
2224 -0.0556640625
2225 -0.1796875
2226 -0.091796875
2227 -0.0244140625
2228 -0.0546875
2229 -0.1484375
2230 -0.0283203125
2231 0.0439453125
2232 0.005859375
2233 -0.048828125
2234 0.0634765625
2235 0.1259765625
2236 0.06640625
2237 0.0048828125
2238 0.107421875
2239 0.1640625
2240 0.0986328125
2241 0.02734375
2242 0.1259765625
2243 0.181640625
2244 0.1103515625
2245 0.03515625
2246 0.134765625
2247 0.185546875
2248 0.11328125
2249 0.0458984375
2250 0.14453125
2251 0.1953125
2252 0.119140625
2253 0.0068359375
2254 0.103515625
2255 0.15625
2256 0.0859375
2257 -0.0263671875
2258 0.0732421875
2259 0.1279296875
2260 0.0634765625
2261 -0.0185546875
2262 0.083984375
2263 0.1396484375
2264 0.0703125
2265 -0.037109375
2266 0.0068359375
2267 0.0634765625
2268 0.0029296875
2269 -0.091796875
2270 0.01953125
2271 0.0859375
2272 0.0263671875
2273 -0.0341796875
2274 0.07421875
2275 0.1337890625
2276 0.0654296875
2277 0.0029296875
2278 0.1044921875
2279 0.1630859375
2280 0.087890625
2281 -0.0224609375
2282 0.0771484375
2283 0.134765625
2284 0.0654296875
2285 -0.095703125
2286 -0.0595703125
2287 -0.0029296875
2288 -0.048828125
2289 -0.2177734375
2290 -0.130859375
2291 -0.0556640625
2292 -0.0888671875
2293 -0.201171875
2294 -0.068359375
2295 0.00390625
2296 -0.0341796875
2297 -0.111328125
2298 0.0068359375
2299 0.0712890625
2300 0.0185546875
2301 -0.044921875
2302 0.0625
2303 0.123046875
2304 0.0576171875
2305 -0.0615234375
2306 -0.0205078125
2307 0.0341796875
2308 -0.0205078125
2309 -0.15234375
2310 -0.06640625
2311 -0.005859375
2312 -0.0517578125
2313 -0.234375
2314 -0.1640625
2315 -0.0830078125
2316 -0.10546875
2317 -0.212890625
2318 -0.1142578125
2319 -0.0419921875
2320 -0.078125
2321 -0.2451171875
2322 -0.1650390625
2323 -0.08203125
2324 -0.1044921875
2325 -0.2265625
2326 -0.0908203125
2327 -0.009765625
2328 -0.041015625
2329 -0.1416015625
2330 -0.08984375
2331 -0.0185546875
2332 -0.056640625
2333 -0.22265625
2334 -0.125
2335 -0.0498046875
2336 -0.080078125
2337 -0.2353515625
2338 -0.1376953125
2339 -0.05859375
2340 -0.0830078125
2341 -0.173828125
2342 -0.0419921875
2343 0.0322265625
2344 -0.005859375
2345 -0.056640625
2346 0.056640625
2347 0.12109375
2348 0.0625
2349 0.0009765625
2350 0.103515625
2351 0.1611328125
2352 0.0947265625
2353 0.021484375
2354 0.1201171875
2355 0.1728515625
2356 0.10546875
2357 0.0341796875
2358 0.130859375
2359 0.18359375
2360 0.1123046875
2361 0.0458984375
2362 0.142578125
2363 0.193359375
2364 0.12109375
2365 0.0087890625
2366 0.1025390625
2367 0.154296875
2368 0.0888671875
2369 -0.025390625
2370 0.0712890625
2371 0.126953125
2372 0.064453125
2373 -0.0146484375
2374 0.0849609375
2375 0.140625
2376 0.07421875
2377 -0.021484375
2378 0.021484375
2379 0.07421875
2380 0.013671875
2381 -0.0771484375
2382 0.0283203125
2383 0.08984375
2384 0.033203125
2385 -0.03125
2386 0.0712890625
2387 0.12890625
2388 0.0654296875
2389 0.005859375
2390 0.1025390625
2391 0.1591796875
2392 0.0888671875
2393 -0.017578125
2394 0.0810546875
2395 0.1318359375
2396 0.0673828125
2397 -0.0869140625
2398 -0.052734375
2399 0.0029296875
2400 -0.04296875
2401 -0.2021484375
2402 -0.119140625
2403 -0.0498046875
2404 -0.080078125
2405 -0.189453125
2406 -0.064453125
2407 0.0048828125
2408 -0.0283203125
2409 -0.0927734375
2410 0.0205078125
2411 0.0810546875
2412 0.029296875
2413 -0.0341796875
2414 0.0654296875
2415 0.1201171875
2416 0.0634765625
2417 -0.0595703125
2418 -0.0224609375
2419 0.0283203125
2420 -0.0205078125
2421 -0.1474609375
2422 -0.0673828125
2423 -0.0107421875
2424 -0.048828125
2425 -0.2314453125
2426 -0.166015625
2427 -0.0888671875
2428 -0.1044921875
2429 -0.2119140625
2430 -0.115234375
2431 -0.0498046875
2432 -0.076171875
2433 -0.2431640625
2434 -0.166015625
2435 -0.0869140625
2436 -0.103515625
2437 -0.2216796875
2438 -0.0888671875
2439 -0.013671875
2440 -0.0400390625
2441 -0.140625
2442 -0.08984375
2443 -0.021484375
2444 -0.0537109375
2445 -0.1767578125
2446 -0.0888671875
2447 -0.025390625
2448 -0.056640625
2449 -0.1796875
2450 -0.09375
2451 -0.0283203125
2452 -0.056640625
2453 -0.1474609375
2454 -0.02734375
2455 0.041015625
2456 0.005859375
2457 -0.0439453125
2458 0.0615234375
2459 0.12109375
2460 0.068359375
2461 0.0087890625
2462 0.1064453125
2463 0.162109375
2464 0.099609375
2465 0.0302734375
2466 0.125
2467 0.177734375
2468 0.1103515625
2469 0.0380859375
2470 0.1318359375
2471 0.1806640625
2472 0.11328125
2473 0.048828125
2474 0.1416015625
2475 0.189453125
2476 0.12109375
2477 0.0107421875
2478 0.1015625
2479 0.146484375
2480 0.0859375
2481 -0.0224609375
2482 0.0693359375
2483 0.119140625
2484 0.0654296875
2485 -0.01171875
2486 0.0810546875
2487 0.1279296875
2488 0.0732421875
2489 -0.0322265625
2490 0.00390625
2491 0.05078125
2492 0.0029296875
2493 -0.0830078125
2494 0.0166015625
2495 0.072265625
2496 0.0283203125
2497 -0.02734375
2498 0.0693359375
2499 0.12109375
2500 0.0673828125
2501 0.0087890625
2502 0.1015625
2503 0.1513671875
2504 0.08984375
2505 -0.0126953125
2506 0.076171875
2507 0.1240234375
2508 0.064453125
2509 -0.08984375
2510 -0.0595703125
2511 -0.0068359375
2512 -0.0458984375
2513 -0.2080078125
2514 -0.1279296875
2515 -0.0595703125
2516 -0.0830078125
2517 -0.1923828125
2518 -0.068359375
2519 -0.0009765625
2520 -0.03125
2521 -0.08984375
2522 0.01953125
2523 0.078125
2524 0.029296875
2525 -0.033203125
2526 0.0654296875
2527 0.119140625
2528 0.060546875
2529 -0.060546875
2530 -0.025390625
2531 0.0244140625
2532 -0.0224609375
2533 -0.16015625
2534 -0.080078125
2535 -0.0224609375
2536 -0.05859375
2537 -0.240234375
2538 -0.1728515625
2539 -0.0947265625
2540 -0.1103515625
2541 -0.216796875
2542 -0.12109375
2543 -0.0517578125
2544 -0.080078125
2545 -0.2578125
2546 -0.1767578125
2547 -0.0966796875
2548 -0.1103515625
2549 -0.2607421875
2550 -0.119140625
2551 -0.03515625
2552 -0.056640625
2553 -0.1337890625
2554 -0.013671875
2555 0.0546875
2556 0.01171875
2557 -0.1220703125
2558 -0.0810546875
2559 -0.0166015625
2560 -0.05078125
2561 -0.169921875
2562 -0.083984375
2563 -0.0185546875
2564 -0.0498046875
2565 -0.15625
2566 -0.0703125
2567 -0.0087890625
2568 -0.04296875
2569 -0.1611328125
2570 -0.0380859375
2571 0.029296875
2572 -0.0048828125
2573 -0.0927734375
2574 0.0205078125
2575 0.080078125
2576 0.03515625
2577 -0.0234375
2578 0.076171875
2579 0.134765625
2580 0.0771484375
2581 -0.0166015625
2582 0.0283203125
2583 0.0751953125
2584 0.0205078125
2585 -0.109375
2586 0.0029296875
2587 0.064453125
2588 0.021484375
2589 -0.1181640625
2590 -0.0791015625
2591 -0.0146484375
2592 -0.044921875
2593 -0.16015625
2594 -0.0771484375
2595 -0.0107421875
2596 -0.0439453125
2597 -0.1572265625
2598 -0.072265625
2599 -0.0087890625
2600 -0.0439453125
2601 -0.18359375
2602 -0.056640625
2603 0.0166015625
2604 -0.015625
2605 -0.0712890625
2606 0.041015625
2607 0.1025390625
2608 0.0537109375
2609 -0.041015625
2610 0.0087890625
2611 0.0595703125
2612 0.0087890625
2613 -0.1220703125
2614 -0.0048828125
2615 0.0576171875
2616 0.017578125
2617 -0.1220703125
2618 -0.08203125
2619 -0.013671875
2620 -0.046875
2621 -0.162109375
2622 -0.0751953125
2623 -0.0078125
2624 -0.04296875
2625 -0.1552734375
2626 -0.068359375
2627 -0.00390625
2628 -0.0400390625
2629 -0.181640625
2630 -0.0517578125
2631 0.021484375
2632 -0.0087890625
2633 -0.064453125
2634 0.046875
2635 0.109375
2636 0.0576171875
2637 -0.03515625
2638 0.0146484375
2639 0.06640625
2640 0.013671875
2641 -0.1181640625
2642 -0.001953125
2643 0.0654296875
2644 0.021484375
2645 -0.1171875
2646 -0.076171875
2647 -0.0068359375
2648 -0.0419921875
2649 -0.15625
2650 -0.0703125
2651 0.0009765625
2652 -0.037109375
2653 -0.15234375
2654 -0.0625
2655 0.0029296875
2656 -0.0341796875
2657 -0.1787109375
2658 -0.0458984375
2659 0.0283203125
2660 -0.0068359375
2661 -0.0634765625
2662 0.052734375
2663 0.1162109375
2664 0.060546875
2665 -0.03125
2666 0.0185546875
2667 0.072265625
2668 0.0166015625
2669 -0.115234375
2670 0.001953125
2671 0.0673828125
2672 0.0234375
2673 -0.1142578125
2674 -0.07421875
2675 -0.0068359375
2676 -0.0390625
2677 -0.15234375
2678 -0.0654296875
2679 0.0
2680 -0.0322265625
2681 -0.1494140625
2682 -0.0595703125
2683 0.0048828125
2684 -0.0283203125
2685 -0.1708984375
2686 -0.04296875
2687 0.03125
2688 -0.0009765625
2689 -0.0556640625
2690 0.0546875
2691 0.1162109375
2692 0.0654296875
2693 -0.0263671875
2694 0.021484375
2695 0.07421875
2696 0.0205078125
2697 -0.109375
2698 0.0068359375
2699 0.0712890625
2700 0.029296875
2701 -0.1123046875
2702 -0.068359375
2703 -0.0029296875
2704 -0.033203125
2705 -0.1484375
2706 -0.0615234375
2707 0.00390625
2708 -0.0302734375
2709 -0.14453125
2710 -0.056640625
2711 0.0078125
2712 -0.0283203125
2713 -0.169921875
2714 -0.0419921875
2715 0.0322265625
2716 0.0
2717 -0.0556640625
2718 0.0576171875
2719 0.1181640625
2720 0.068359375
2721 -0.0263671875
2722 0.0224609375
2723 0.076171875
2724 0.0224609375
2725 -0.1083984375
2726 0.009765625
2727 0.0732421875
2728 0.0322265625
2729 -0.109375
2730 -0.0673828125
2731 0.0009765625
2732 -0.033203125
2733 -0.146484375
2734 -0.060546875
2735 0.0068359375
2736 -0.02734375
2737 -0.1435546875
2738 -0.0546875
2739 0.0107421875
2740 -0.0263671875
2741 -0.169921875
2742 -0.0380859375
2743 0.037109375
2744 0.00390625
2745 -0.0546875
2746 0.060546875
2747 0.1220703125
2748 0.0712890625
2749 -0.0234375
2750 0.0263671875
2751 0.0810546875
2752 0.02734375
2753 -0.10546875
2754 0.0126953125
2755 0.0771484375
2756 0.0322265625
2757 -0.1064453125
2758 -0.0654296875
2759 0.0048828125
2760 -0.033203125
2761 -0.1474609375
2762 -0.0576171875
2763 0.0107421875
2764 -0.0263671875
2765 -0.142578125
2766 -0.0546875
2767 0.0126953125
2768 -0.0244140625
2769 -0.169921875
2770 -0.0390625
2771 0.037109375
2772 0.0029296875
2773 -0.0546875
2774 0.060546875
2775 0.126953125
2776 0.072265625
2777 -0.0234375
2778 0.029296875
2779 0.0849609375
2780 0.02734375
2781 -0.1064453125
2782 0.0126953125
2783 0.08203125
2784 0.0341796875
2785 -0.1064453125
2786 -0.0625
2787 0.0078125
2788 -0.029296875
2789 -0.1455078125
2790 -0.0556640625
2791 0.015625
2792 -0.0234375
2793 -0.1416015625
2794 -0.0478515625
2795 0.0185546875
2796 -0.0224609375
2797 -0.166015625
2798 -0.033203125
2799 0.041015625
2800 0.005859375
2801 -0.0517578125
2802 0.0654296875
2803 0.1298828125
2804 0.0751953125
2805 -0.021484375
2806 0.03125
2807 0.0869140625
2808 0.0302734375
2809 -0.1025390625
2810 0.015625
2811 0.0849609375
2812 0.037109375
2813 -0.103515625
2814 -0.0595703125
2815 0.009765625
2816 -0.0263671875
2817 -0.1435546875
2818 -0.0546875
2819 0.0166015625
2820 -0.0224609375
2821 -0.1376953125
2822 -0.0478515625
2823 0.0205078125
2824 -0.0205078125
2825 -0.166015625
2826 -0.0341796875
2827 0.041015625
2828 0.0078125
2829 -0.048828125
2830 0.064453125
2831 0.1279296875
2832 0.0751953125
2833 -0.0185546875
2834 0.03125
2835 0.0849609375
2836 0.0302734375
2837 -0.1025390625
2838 0.0166015625
2839 0.0830078125
2840 0.037109375
2841 -0.1015625
2842 -0.0576171875
2843 0.0087890625
2844 -0.0244140625
2845 -0.140625
2846 -0.052734375
2847 0.015625
2848 -0.0205078125
2849 -0.1357421875
2850 -0.046875
2851 0.0185546875
2852 -0.01953125
2853 -0.162109375
2854 -0.0322265625
2855 0.0439453125
2856 0.0087890625
2857 -0.0498046875
2858 0.0654296875
2859 0.1318359375
2860 0.076171875
2861 -0.01953125
2862 0.0322265625
2863 0.0849609375
2864 0.0322265625
2865 -0.1015625
2866 0.0185546875
2867 0.0830078125
2868 0.0400390625
2869 -0.099609375
2870 -0.05859375
2871 0.0107421875
2872 -0.0244140625
2873 -0.1376953125
2874 -0.0517578125
2875 0.017578125
2876 -0.0185546875
2877 -0.1337890625
2878 -0.0458984375
2879 0.0185546875
2880 -0.017578125
2881 -0.1640625
2882 -0.0322265625
2883 0.041015625
2884 0.009765625
2885 -0.0478515625
2886 0.068359375
2887 0.1298828125
2888 0.0771484375
2889 -0.017578125
2890 0.0341796875
2891 0.0849609375
2892 0.0322265625
2893 -0.09765625
2894 0.0166015625
2895 0.0810546875
2896 0.041015625
2897 -0.099609375
2898 -0.0595703125
2899 0.0078125
2900 -0.0244140625
2901 -0.138671875
2902 -0.0517578125
2903 0.015625
2904 -0.01953125
2905 -0.134765625
2906 -0.0458984375
2907 0.0185546875
2908 -0.0166015625
2909 -0.1640625
2910 -0.0322265625
2911 0.041015625
2912 0.0107421875
2913 -0.046875
2914 0.06640625
2915 0.130859375
2916 0.0771484375
2917 -0.0166015625
2918 0.0341796875
2919 0.0869140625
2920 0.0322265625
2921 -0.0986328125
2922 0.01953125
2923 0.0849609375
2924 0.0400390625
2925 -0.0986328125
2926 -0.056640625
2927 0.0107421875
2928 -0.0205078125
2929 -0.138671875
2930 -0.05078125
2931 0.0166015625
2932 -0.0166015625
2933 -0.1337890625
2934 -0.0439453125
2935 0.0185546875
2936 -0.0166015625
2937 -0.16015625
2938 -0.0302734375
2939 0.0439453125
2940 0.0107421875
2941 -0.0458984375
2942 0.068359375
2943 0.1318359375
2944 0.0810546875
2945 -0.013671875
2946 0.03515625
2947 0.087890625
2948 0.0341796875
2949 -0.1005859375
2950 0.0185546875
2951 0.0849609375
2952 0.041015625
2953 -0.099609375
2954 -0.056640625
2955 0.0107421875
2956 -0.0234375
2957 -0.138671875
2958 -0.0498046875
2959 0.0146484375
2960 -0.0185546875
2961 -0.1318359375
2962 -0.0458984375
2963 0.017578125
2964 -0.0166015625
2965 -0.15625
2966 -0.029296875
2967 0.04296875
2968 0.0126953125
2969 -0.0419921875
2970 0.0693359375
2971 0.130859375
2972 0.0810546875
2973 -0.0126953125
2974 0.037109375
2975 0.0859375
2976 0.037109375
2977 -0.09375
2978 0.0205078125
2979 0.0830078125
2980 0.0419921875
2981 -0.09765625
2982 -0.056640625
2983 0.009765625
2984 -0.0224609375
2985 -0.134765625
2986 -0.0498046875
2987 0.015625
2988 -0.0166015625
2989 -0.1279296875
2990 -0.044921875
2991 0.015625
2992 -0.015625
2993 -0.1533203125
2994 -0.0302734375
2995 0.0400390625
2996 0.0146484375
2997 -0.0390625
2998 0.0693359375
2999 0.126953125
3000 0.08203125
3001 -0.0107421875
3002 0.0341796875
3003 0.0859375
3004 0.037109375
3005 -0.0966796875
3006 0.017578125
3007 0.08203125
3008 0.0419921875
3009 -0.0966796875
3010 -0.0556640625
3011 0.01171875
3012 -0.021484375
3013 -0.1357421875
3014 -0.0498046875
3015 0.0185546875
3016 -0.015625
3017 -0.130859375
3018 -0.041015625
3019 0.0205078125
3020 -0.0146484375
3021 -0.1533203125
3022 -0.0263671875
3023 0.0458984375
3024 0.0166015625
3025 -0.037109375
3026 0.0712890625
3027 0.130859375
3028 0.08203125
3029 -0.009765625
3030 0.037109375
3031 0.0869140625
3032 0.037109375
3033 -0.0908203125
3034 0.0234375
3035 0.0859375
3036 0.0458984375
3037 -0.0908203125
3038 -0.052734375
3039 0.01171875
3040 -0.0185546875
3041 -0.1318359375
3042 -0.0478515625
3043 0.0166015625
3044 -0.0146484375
3045 -0.126953125
3046 -0.0419921875
3047 0.0185546875
3048 -0.0126953125
3049 -0.15234375
3050 -0.02734375
3051 0.04296875
3052 0.015625
3053 -0.0361328125
3054 0.068359375
3055 0.1279296875
3056 0.08203125
3057 -0.0107421875
3058 0.03515625
3059 0.083984375
3060 0.037109375
3061 -0.08984375
3062 0.0205078125
3063 0.080078125
3064 0.0458984375
3065 -0.09375
3066 -0.052734375
3067 0.0078125
3068 -0.017578125
3069 -0.1298828125
3070 -0.0478515625
3071 0.013671875
3072 -0.013671875
3073 -0.125
3074 -0.0439453125
3075 0.015625
3076 -0.01171875
3077 -0.1494140625
3078 -0.0263671875
3079 0.04296875
3080 0.0166015625
3081 -0.0361328125
3082 0.0693359375
3083 0.1279296875
3084 0.0830078125
3085 -0.0107421875
3086 0.037109375
3087 0.0849609375
3088 0.037109375
3089 -0.0908203125
3090 0.021484375
3091 0.08203125
3092 0.044921875
3093 -0.091796875
3094 -0.052734375
3095 0.0087890625
3096 -0.017578125
3097 -0.1318359375
3098 -0.0498046875
3099 0.015625
3100 -0.013671875
3101 -0.1279296875
3102 -0.044921875
3103 0.0185546875
3104 -0.0146484375
3105 -0.15234375
3106 -0.029296875
3107 0.0439453125
3108 0.013671875
3109 -0.0380859375
3110 0.0712890625
3111 0.1279296875
3112 0.08203125
3113 -0.0107421875
3114 0.0380859375
3115 0.0859375
3116 0.037109375
3117 -0.091796875
3118 0.0224609375
3119 0.08203125
3120 0.044921875
3121 -0.0947265625
3122 -0.056640625
3123 0.009765625
3124 -0.01953125
3125 -0.1328125
3126 -0.0498046875
3127 0.0166015625
3128 -0.0146484375
3129 -0.1259765625
3130 -0.04296875
3131 0.01953125
3132 -0.0126953125
3133 -0.150390625
3134 -0.0263671875
3135 0.0439453125
3136 0.015625
3137 -0.0380859375
3138 0.0703125
3139 0.1318359375
3140 0.083984375
3141 -0.0087890625
3142 0.0390625
3143 0.087890625
3144 0.0380859375
3145 -0.091796875
3146 0.021484375
3147 0.0849609375
3148 0.0439453125
3149 -0.09375
3150 -0.0546875
3151 0.0107421875
3152 -0.01953125
3153 -0.1318359375
3154 -0.0478515625
3155 0.017578125
3156 -0.0146484375
3157 -0.12890625
3158 -0.04296875
3159 0.0205078125
3160 -0.0126953125
3161 -0.154296875
3162 -0.0263671875
3163 0.044921875
3164 0.0146484375
3165 -0.0390625
3166 0.0712890625
3167 0.1328125
3168 0.0830078125
3169 -0.009765625
3170 0.0361328125
3171 0.08984375
3172 0.037109375
3173 -0.091796875
3174 0.021484375
3175 0.0849609375
3176 0.0458984375
3177 -0.0927734375
3178 -0.0537109375
3179 0.009765625
3180 -0.0185546875
3181 -0.1318359375
3182 -0.0478515625
3183 0.0146484375
3184 -0.013671875
3185 -0.1279296875
3186 -0.0419921875
3187 0.01953125
3188 -0.01171875
3189 -0.15234375
3190 -0.02734375
3191 0.044921875
3192 0.015625
3193 -0.0390625
3194 0.0703125
3195 0.1318359375
3196 0.08203125
3197 -0.0107421875
3198 0.0361328125
3199 0.0869140625
3200 0.037109375
3201 -0.09375
3202 0.0224609375
3203 0.0859375
3204 0.044921875
3205 -0.0947265625
3206 -0.0537109375
3207 0.0126953125
3208 -0.0185546875
3209 -0.1357421875
3210 -0.046875
3211 0.021484375
3212 -0.0146484375
3213 -0.130859375
3214 -0.04296875
3215 0.025390625
3216 -0.0146484375
3217 -0.158203125
3218 -0.0283203125
3219 0.0498046875
3220 0.013671875
3221 -0.0419921875
3222 0.072265625
3223 0.1357421875
3224 0.0810546875
3225 -0.013671875
3226 0.0390625
3227 0.0927734375
3228 0.0380859375
3229 -0.0966796875
3230 0.0234375
3231 0.08984375
3232 0.0458984375
3233 -0.0947265625
3234 -0.052734375
3235 0.0166015625
3236 -0.0205078125
3237 -0.134765625
3238 -0.0478515625
3239 0.0234375
3240 -0.0146484375
3241 -0.12890625
3242 -0.041015625
3243 0.02734375
3244 -0.013671875
3245 -0.154296875
3246 -0.0263671875
3247 0.046875
3248 0.0166015625
3249 -0.0400390625
3250 0.0732421875
3251 0.1337890625
3252 0.0830078125
3253 -0.0126953125
3254 0.0400390625
3255 0.0927734375
3256 0.0390625
3257 -0.0947265625
3258 0.025390625
3259 0.08984375
3260 0.044921875
3261 -0.091796875
3262 -0.05078125
3263 0.017578125
3264 -0.0166015625
3265 -0.130859375
3266 -0.0458984375
3267 0.021484375
3268 -0.0126953125
3269 -0.1279296875
3270 -0.0400390625
3271 0.0234375
3272 -0.0126953125
3273 -0.154296875
3274 -0.0263671875
3275 0.046875
3276 0.0166015625
3277 -0.0400390625
3278 0.0712890625
3279 0.1318359375
3280 0.0830078125
3281 -0.0087890625
3282 0.0390625
3283 0.087890625
3284 0.037109375
3285 -0.091796875
3286 0.0224609375
3287 0.0849609375
3288 0.0458984375
3289 -0.091796875
3290 -0.0517578125
3291 0.0126953125
3292 -0.017578125
3293 -0.1318359375
3294 -0.0478515625
3295 0.0166015625
3296 -0.013671875
3297 -0.1279296875
3298 -0.041015625
3299 0.0205078125
3300 -0.01171875
3301 -0.15234375
3302 -0.0263671875
3303 0.0458984375
3304 0.0146484375
3305 -0.0400390625
3306 0.072265625
3307 0.1328125
3308 0.0830078125
3309 -0.009765625
3310 0.037109375
3311 0.0888671875
3312 0.0380859375
3313 -0.0908203125
3314 0.0224609375
3315 0.0849609375
3316 0.0458984375
3317 -0.091796875
3318 -0.0517578125
3319 0.0126953125
3320 -0.017578125
3321 -0.1318359375
3322 -0.044921875
3323 0.0185546875
3324 -0.0126953125
3325 -0.1259765625
3326 -0.041015625
3327 0.021484375
3328 -0.01171875
3329 -0.1552734375
3330 -0.0283203125
3331 0.0458984375
3332 0.015625
3333 -0.0400390625
3334 0.0712890625
3335 0.1328125
3336 0.083984375
3337 -0.01171875
3338 0.0380859375
3339 0.0888671875
3340 0.037109375
3341 -0.09765625
3342 0.01953125
3343 0.0859375
3344 0.04296875
3345 -0.0966796875
3346 -0.0537109375
3347 0.0146484375
3348 -0.0205078125
3349 -0.134765625
3350 -0.046875
3351 0.0234375
3352 -0.0146484375
3353 -0.1328125
3354 -0.0400390625
3355 0.0283203125
3356 -0.013671875
3357 -0.1552734375
3358 -0.025390625
3359 0.0517578125
3360 0.015625
3361 -0.04296875
3362 0.0732421875
3363 0.138671875
3364 0.0830078125
3365 -0.0126953125
3366 0.0400390625
3367 0.0947265625
3368 0.0390625
3369 -0.095703125
3370 0.025390625
3371 0.091796875
3372 0.0439453125
3373 -0.0947265625
3374 -0.0517578125
3375 0.01953125
3376 -0.0185546875
3377 -0.134765625
3378 -0.044921875
3379 0.02734375
3380 -0.015625
3381 -0.1328125
3382 -0.041015625
3383 0.029296875
3384 -0.013671875
3385 -0.1611328125
3386 -0.02734375
3387 0.0517578125
3388 0.013671875
3389 -0.046875
3390 0.0732421875
3391 0.1376953125
3392 0.08203125
3393 -0.0146484375
3394 0.0390625
3395 0.095703125
3396 0.0380859375
3397 -0.0986328125
3398 0.0224609375
3399 0.0908203125
3400 0.0419921875
3401 -0.095703125
3402 -0.0537109375
3403 0.01953125
3404 -0.01953125
3405 -0.134765625
3406 -0.0458984375
3407 0.0224609375
3408 -0.0146484375
3409 -0.1298828125
3410 -0.0380859375
3411 0.0283203125
3412 -0.0107421875
3413 -0.1357421875
3414 -0.005859375
3415 0.0673828125
3416 0.029296875
3417 -0.087890625
3418 -0.0341796875
3419 0.0322265625
3420 -0.009765625
3421 -0.1669921875
3422 -0.09375
3423 -0.0126953125
3424 -0.0419921875
3425 -0.19140625
3426 -0.1083984375
3427 -0.0244140625
3428 -0.0517578125
3429 -0.1572265625
3430 -0.0634765625
3431 0.0126953125
3432 -0.0224609375
3433 -0.12890625
3434 -0.033203125
3435 0.0361328125
3436 -0.0048828125
3437 -0.1005859375
3438 0.0224609375
3439 0.0927734375
3440 0.0478515625
3441 -0.052734375
3442 -0.0078125
3443 0.0556640625
3444 0.013671875
3445 -0.162109375
3446 -0.0888671875
3447 -0.0087890625
3448 -0.0341796875
3449 -0.1513671875
3450 -0.064453125
3451 0.0146484375
3452 -0.021484375
3453 -0.1416015625
3454 -0.048828125
3455 0.021484375
3456 -0.0126953125
3457 -0.1171875
3458 0.0107421875
3459 0.0849609375
3460 0.0439453125
3461 -0.0078125
3462 0.1064453125
3463 0.1708984375
3464 0.109375
3465 -0.0048828125
3466 0.0400390625
3467 0.095703125
3468 0.0419921875
3469 -0.1318359375
3470 -0.064453125
3471 0.009765625
3472 -0.025390625
3473 -0.1337890625
3474 -0.0517578125
3475 0.0048828125
3476 -0.005859375
3477 -0.09375
3478 -0.0263671875
3479 0.0185546875
3480 0.0048828125
3481 -0.0888671875
3482 0.0126953125
3483 0.0634765625
3484 0.048828125
3485 -0.0693359375
3486 -0.046875
3487 0.0009765625
3488 -0.005859375
3489 -0.1337890625
3490 -0.02734375
3491 0.0341796875
3492 0.02734375
3493 -0.037109375
3494 0.052734375
3495 0.1015625
3496 0.080078125
3497 0.0166015625
3498 0.0986328125
3499 0.138671875
3500 0.109375
3501 0.03515625
3502 0.11328125
3503 0.1513671875
3504 0.119140625
3505 0.064453125
3506 0.1416015625
3507 0.1767578125
3508 0.138671875
3509 0.060546875
3510 0.078125
3511 0.107421875
3512 0.07421875
3513 -0.0205078125
3514 0.033203125
3515 0.0693359375
3516 0.0390625
3517 -0.060546875
3518 -0.001953125
3519 0.0380859375
3520 0.0166015625
3521 -0.091796875
3522 0.005859375
3523 0.0517578125
3524 0.037109375
3525 -0.0654296875
3526 -0.0400390625
3527 0.005859375
3528 -0.005859375
3529 -0.1650390625
3530 -0.052734375
3531 0.005859375
3532 0.00390625
3533 -0.1171875
3534 -0.091796875
3535 -0.0361328125
3536 -0.03515625
3537 -0.1484375
3538 -0.0810546875
3539 -0.025390625
3540 -0.029296875
3541 -0.1748046875
3542 -0.1025390625
3543 -0.044921875
3544 -0.0419921875
3545 -0.1689453125
3546 -0.09375
3547 -0.0390625
3548 -0.03515625
3549 -0.1669921875
3550 -0.0537109375
3551 0.0068359375
3552 0.009765625
3553 -0.0693359375
3554 0.025390625
3555 0.0771484375
3556 0.0615234375
3557 -0.017578125
3558 0.0673828125
3559 0.1103515625
3560 0.087890625
3561 0.0
3562 0.0810546875
3563 0.1220703125
3564 0.0947265625
3565 0.0
3566 0.078125
3567 0.1181640625
3568 0.09375
3569 -0.0107421875
3570 0.0712890625
3571 0.109375
3572 0.0869140625
3573 0.029296875
3574 0.1064453125
3575 0.142578125
3576 0.1123046875
3577 0.005859375
3578 0.01953125
3579 0.0537109375
3580 0.0302734375
3581 -0.0830078125
3582 -0.029296875
3583 0.0146484375
3584 0.0
3585 -0.1416015625
3586 -0.078125
3587 -0.025390625
3588 -0.02734375
3589 -0.1513671875
3590 -0.080078125
3591 -0.029296875
3592 -0.0322265625
3593 -0.1669921875
3594 -0.0546875
3595 0.0048828125
3596 0.00390625
3597 -0.083984375
3598 0.0126953125
3599 0.06640625
3600 0.0498046875
3601 -0.0498046875
3602 0.0380859375
3603 0.0849609375
3604 0.064453125
3605 -0.0439453125
3606 0.041015625
3607 0.0888671875
3608 0.0673828125
3609 0.005859375
3610 0.0869140625
3611 0.1240234375
3612 0.0947265625
3613 0.01171875
3614 0.0908203125
3615 0.126953125
3616 0.0966796875
3617 -0.0419921875
3618 -0.02734375
3619 0.0146484375
3620 0.0009765625
3621 -0.12890625
3622 -0.0244140625
3623 0.02734375
3624 0.0185546875
3625 -0.087890625
3626 -0.09375
3627 -0.0341796875
3628 -0.0361328125
3629 -0.123046875
3630 -0.01953125
3631 0.033203125
3632 0.025390625
3633 -0.060546875
3634 -0.0361328125
3635 0.0087890625
3636 -0.0029296875
3637 -0.0947265625
3638 -0.03515625
3639 0.0107421875
3640 0.0009765625
3641 -0.1396484375
3642 -0.0732421875
3643 -0.0224609375
3644 -0.025390625
3645 -0.1572265625
3646 -0.0478515625
3647 0.0087890625
3648 0.005859375
3649 -0.1318359375
3650 -0.1064453125
3651 -0.044921875
3652 -0.0419921875
3653 -0.1875
3654 -0.072265625
3655 -0.0048828125
3656 -0.00390625
3657 -0.0908203125
3658 0.005859375
3659 0.0576171875
3660 0.0478515625
3661 -0.0390625
3662 0.0478515625
3663 0.09375
3664 0.076171875
3665 -0.0048828125
3666 0.076171875
3667 0.115234375
3668 0.091796875
3669 0.005859375
3670 0.08203125
3671 0.1220703125
3672 0.0947265625
3673 -0.0029296875
3674 0.07421875
3675 0.11328125
3676 0.087890625
3677 -0.021484375
3678 0.05859375
3679 0.1005859375
3680 0.0751953125
3681 0.0048828125
3682 0.0810546875
3683 0.1162109375
3684 0.091796875
3685 0.0048828125
3686 0.0830078125
3687 0.119140625
3688 0.09375
3689 0.0380859375
3690 0.1123046875
3691 0.146484375
3692 0.1123046875
3693 0.05859375
3694 0.12890625
3695 0.1611328125
3696 0.1240234375
3697 0.0400390625
3698 0.0537109375
3699 0.08203125
3700 0.052734375
3701 -0.048828125
3702 0.0322265625
3703 0.0732421875
3704 0.0517578125
3705 -0.05078125
3706 -0.03125
3707 0.0068359375
3708 -0.005859375
3709 -0.1162109375
3710 -0.0595703125
3711 -0.0146484375
3712 -0.0224609375
3713 -0.138671875
3714 -0.076171875
3715 -0.0263671875
3716 -0.03125
3717 -0.1337890625
3718 -0.07421875
3719 -0.0234375
3720 -0.0283203125
3721 -0.1376953125
3722 -0.07421875
3723 -0.0224609375
3724 -0.0283203125
3725 -0.138671875
3726 -0.0791015625
3727 -0.0302734375
3728 -0.033203125
3729 -0.1748046875
3730 -0.109375
3731 -0.0517578125
3732 -0.048828125
3733 -0.1533203125
3734 -0.080078125
3735 -0.0302734375
3736 -0.033203125
3737 -0.17578125
3738 -0.1025390625
3739 -0.0439453125
3740 -0.044921875
3741 -0.130859375
3742 -0.0654296875
3743 -0.0146484375
3744 -0.01953125
3745 -0.12109375
3746 -0.0556640625
3747 -0.01171875
3748 -0.0185546875
3749 -0.130859375
3750 -0.0634765625
3751 -0.015625
3752 -0.01953125
3753 -0.1728515625
3754 -0.0615234375
3755 -0.0048828125
3756 -0.0009765625
3757 -0.064453125
3758 0.029296875
3759 0.076171875
3760 0.0595703125
3761 -0.0673828125
3762 0.025390625
3763 0.0693359375
3764 0.0537109375
3765 -0.0888671875
3766 -0.072265625
3767 -0.017578125
3768 -0.021484375
3769 -0.1923828125
3770 -0.1201171875
3771 -0.0546875
3772 -0.0498046875
3773 -0.158203125
3774 -0.0849609375
3775 -0.0322265625
3776 -0.0302734375
3777 -0.119140625
3778 -0.0146484375
3779 0.0390625
3780 0.033203125
3781 -0.0595703125
3782 -0.056640625
3783 -0.001953125
3784 -0.005859375
3785 -0.1083984375
3786 -0.0078125
3787 0.0458984375
3788 0.0380859375
3789 -0.09375
3790 -0.068359375
3791 -0.01171875
3792 -0.0166015625
3793 -0.1171875
3794 -0.0126953125
3795 0.041015625
3796 0.03515625
3797 -0.0244140625
3798 0.0634765625
3799 0.103515625
3800 0.0849609375
3801 -0.044921875
3802 -0.0283203125
3803 0.0146484375
3804 0.0078125
3805 -0.1787109375
3806 -0.103515625
3807 -0.0419921875
3808 -0.037109375
3809 -0.13671875
3810 -0.0654296875
3811 -0.0146484375
3812 -0.017578125
3813 -0.1455078125
3814 -0.037109375
3815 0.0224609375
3816 0.0205078125
3817 -0.1259765625
3818 -0.091796875
3819 -0.0361328125
3820 -0.033203125
3821 -0.140625
3822 -0.02734375
3823 0.02734375
3824 0.025390625
3825 -0.0517578125
3826 0.044921875
3827 0.0927734375
3828 0.076171875
3829 -0.0615234375
3830 -0.0419921875
3831 0.0107421875
3832 0.0009765625
3833 -0.1083984375
3834 -0.00390625
3835 0.0517578125
3836 0.0419921875
3837 -0.044921875
3838 -0.0263671875
3839 0.025390625
3840 0.0126953125
3841 -0.0888671875
3842 -0.029296875
3843 0.01953125
3844 0.0107421875
3845 -0.099609375
3846 -0.037109375
3847 0.0087890625
3848 0.0029296875
3849 -0.162109375
3850 -0.0830078125
3851 -0.0302734375
3852 -0.0302734375
3853 -0.1806640625
3854 -0.0625
3855 0.0029296875
3856 0.0068359375
3857 -0.1005859375
3858 0.001953125
3859 0.0576171875
3860 0.048828125
3861 -0.0458984375
3862 -0.025390625
3863 0.0205078125
3864 0.0107421875
3865 -0.1220703125
3866 -0.013671875
3867 0.041015625
3868 0.037109375
3869 -0.0517578125
3870 0.0439453125
3871 0.0908203125
3872 0.076171875
3873 -0.005859375
3874 0.017578125
3875 0.05859375
3876 0.0380859375
3877 -0.0830078125
3878 0.017578125
3879 0.06640625
3880 0.0546875
3881 -0.0615234375
3882 -0.0380859375
3883 0.0126953125
3884 0.0029296875
3885 -0.095703125
3886 -0.0302734375
3887 0.0166015625
3888 0.009765625
3889 -0.1328125
3890 -0.0634765625
3891 -0.009765625
3892 -0.01171875
3893 -0.1552734375
3894 -0.0390625
3895 0.0185546875
3896 0.0205078125
3897 -0.0673828125
3898 0.02734375
3899 0.080078125
3900 0.06640625
3901 -0.0263671875
3902 0.0615234375
3903 0.1064453125
3904 0.087890625
3905 -0.0009765625
3906 0.080078125
3907 0.123046875
3908 0.099609375
3909 0.0107421875
3910 0.08984375
3911 0.1298828125
3912 0.10546875
3913 0.0107421875
3914 0.0908203125
3915 0.130859375
3916 0.103515625
3917 -0.015625
3918 0.0693359375
3919 0.1103515625
3920 0.0869140625
3921 -0.0029296875
3922 0.078125
3923 0.119140625
3924 0.0927734375
3925 0.0068359375
3926 0.0244140625
3927 0.0615234375
3928 0.0380859375
3929 -0.0478515625
3930 0.0419921875
3931 0.08984375
3932 0.0673828125
3933 0.0185546875
3934 0.1005859375
3935 0.1396484375
3936 0.107421875
3937 0.0341796875
3938 0.111328125
3939 0.1474609375
3940 0.1142578125
3941 0.0234375
3942 0.1015625
3943 0.138671875
3944 0.1044921875
3945 0.03515625
3946 0.115234375
3947 0.1484375
3948 0.111328125
3949 0.0615234375
3950 0.134765625
3951 0.169921875
3952 0.1298828125
3953 0.08984375
3954 0.1611328125
3955 0.193359375
3956 0.1494140625
3957 0.1025390625
3958 0.1708984375
3959 0.2021484375
3960 0.154296875
3961 0.0947265625
3962 0.1630859375
3963 0.19140625
3964 0.1455078125
3965 0.0927734375
3966 0.16015625
3967 0.19140625
3968 0.14453125
3969 0.0908203125
3970 0.1591796875
3971 0.189453125
3972 0.1396484375
3973 0.0546875
3974 0.07421875
3975 0.1005859375
3976 0.0576171875
3977 -0.0439453125
3978 0.005859375
3979 0.0380859375
3980 0.009765625
3981 -0.09375
3982 -0.0009765625
3983 0.044921875
3984 0.0244140625
3985 -0.025390625
3986 0.056640625
3987 0.09765625
3988 0.06640625
3989 -0.033203125
3990 -0.009765625
3991 0.0244140625
3992 -0.001953125
3993 -0.111328125
3994 -0.0517578125
3995 -0.0078125
3996 -0.02734375
3997 -0.1640625
3998 -0.0986328125
3999 -0.0478515625
4000 -0.056640625
4001 -0.1982421875
4002 -0.087890625
4003 -0.02734375
4004 -0.029296875
4005 -0.1025390625
4006 -0.0068359375
4007 0.04296875
4008 0.0234375
4009 -0.04296875
4010 0.041015625
4011 0.083984375
4012 0.0576171875
4013 -0.0166015625
4014 0.0625
4015 0.1015625
4016 0.0703125
4017 0.001953125
4018 0.0751953125
4019 0.1142578125
4020 0.0810546875
4021 0.0087890625
4022 0.08203125
4023 0.1201171875
4024 0.0830078125
4025 0.0234375
4026 0.09765625
4027 0.1337890625
4028 0.09375
4029 0.015625
4030 0.0361328125
4031 0.0654296875
4032 0.029296875
4033 -0.0654296875
4034 -0.0146484375
4035 0.0205078125
4036 -0.00390625
4037 -0.111328125
4038 -0.05078125
4039 -0.0107421875
4040 -0.0302734375
4041 -0.1142578125
4042 -0.0205078125
4043 0.029296875
4044 0.009765625
4045 -0.064453125
4046 -0.0400390625
4047 0.0029296875
4048 -0.0185546875
4049 -0.1318359375
4050 -0.033203125
4051 0.0146484375
4052 0.0009765625
4053 -0.140625
4054 -0.11328125
4055 -0.0625
4056 -0.0654296875
4057 -0.2119140625
4058 -0.095703125
4059 -0.0322265625
4060 -0.033203125
4061 -0.0869140625
4062 0.0078125
4063 0.0556640625
4064 0.0341796875
4065 -0.0810546875
4066 -0.0615234375
4067 -0.0146484375
4068 -0.03125
4069 -0.1298828125
4070 -0.064453125
4071 -0.0185546875
4072 -0.0322265625
4073 -0.1689453125
4074 -0.09765625
4075 -0.048828125
4076 -0.0537109375
4077 -0.2138671875
4078 -0.1416015625
4079 -0.080078125
4080 -0.0771484375
4081 -0.203125
4082 -0.126953125
4083 -0.068359375
4084 -0.068359375
4085 -0.1630859375
4086 -0.0888671875
4087 -0.0361328125
4088 -0.04296875
4089 -0.16015625
4090 -0.052734375
4091 0.001953125
4092 -0.0048828125
4093 -0.162109375
4094 -0.1337890625
4095 -0.072265625
4096 -0.06640625
4097 -0.1806640625
4098 -0.10546875
4099 -0.048828125
4100 -0.0478515625
4101 -0.1259765625
4102 -0.0546875
4103 -0.005859375
4104 -0.017578125
4105 -0.14453125
4106 -0.0390625
4107 0.0146484375
4108 0.0078125
4109 -0.1279296875
4110 -0.1025390625
4111 -0.04296875
4112 -0.04296875
4113 -0.1357421875
4114 -0.0283203125
4115 0.02734375
4116 0.01953125
4117 -0.02734375
4118 0.0615234375
4119 0.1015625
4120 0.0791015625
4121 0.0126953125
4122 0.091796875
4123 0.126953125
4124 0.0986328125
4125 0.044921875
4126 0.07421875
4127 0.0712890625
4128 0.1015625
4129 0.0009765625
4130 -0.0419921875
4131 -0.0380859375
4132 0.0029296875
4133 -0.08203125
4134 -0.0361328125
4135 -0.021484375
4136 0.0244140625
4137 -0.05078125
4138 -0.0830078125
4139 -0.0712890625
4140 -0.0224609375
4141 -0.08203125
4142 -0.0703125
4143 -0.0615234375
4144 -0.0146484375
4145 -0.1142578125
4146 -0.099609375
4147 -0.083984375
4148 -0.03125
4149 -0.125
4150 -0.068359375
4151 -0.0478515625
4152 0.0048828125
4153 -0.0419921875
4154 -0.0048828125
4155 0.0078125
4156 0.0498046875
4157 -0.00390625
4158 0.02734375
4159 0.0341796875
4160 0.068359375
4161 0.0234375
4162 0.048828125
4163 0.0517578125
4164 0.0849609375
4165 0.0380859375
4166 0.0595703125
4167 0.05859375
4168 0.0888671875
4169 0.0341796875
4170 0.0546875
4171 0.0546875
4172 0.0849609375
4173 0.009765625
4174 0.0341796875
4175 0.03515625
4176 0.0693359375
4177 0.017578125
4178 0.0419921875
4179 0.044921875
4180 0.076171875
4181 0.03125
4182 -0.0107421875
4183 -0.0107421875
4184 0.025390625
4185 -0.0205078125
4186 0.0107421875
4187 0.015625
4188 0.0537109375
4189 0.046875
4190 0.0703125
4191 0.06640625
4192 0.095703125
4193 0.0654296875
4194 0.080078125
4195 0.0751953125
4196 0.1005859375
4197 0.0556640625
4198 0.0703125
4199 0.068359375
4200 0.0947265625
4201 0.0693359375
4202 0.083984375
4203 0.078125
4204 0.1015625
4205 0.09375
4206 0.10546875
4207 0.099609375
4208 0.1181640625
4209 0.1220703125
4210 0.1318359375
4211 0.1220703125
4212 0.138671875
4213 0.13671875
4214 0.142578125
4215 0.130859375
4216 0.1455078125
4217 0.1298828125
4218 0.134765625
4219 0.12109375
4220 0.13671875
4221 0.1298828125
4222 0.1337890625
4223 0.1201171875
4224 0.1357421875
4225 0.1279296875
4226 0.1318359375
4227 0.119140625
4228 0.1328125
4229 0.091796875
4230 0.05078125
4231 0.033203125
4232 0.0517578125
4233 -0.0107421875
4234 -0.01953125
4235 -0.02734375
4236 0.001953125
4237 -0.0625
4238 -0.029296875
4239 -0.0234375
4240 0.015625
4241 0.009765625
4242 0.03125
4243 0.0322265625
4244 0.05859375
4245 0.0009765625
4246 -0.0390625
4247 -0.041015625
4248 -0.0078125
4249 -0.1064453125
4250 -0.1025390625
4251 -0.0927734375
4252 -0.05078125
4253 -0.1123046875
4254 -0.107421875
4255 -0.0966796875
4256 -0.0517578125
4257 -0.1025390625
4258 -0.091796875
4259 -0.0859375
4260 -0.041015625
4261 -0.1044921875
4262 -0.095703125
4263 -0.0869140625
4264 -0.04296875
4265 -0.15625
4266 -0.1640625
4267 -0.1376953125
4268 -0.080078125
4269 -0.146484375
4270 -0.1337890625
4271 -0.11328125
4272 -0.0615234375
4273 -0.130859375
4274 -0.1181640625
4275 -0.103515625
4276 -0.052734375
4277 -0.103515625
4278 -0.0556640625
4279 -0.041015625
4280 0.005859375
4281 -0.048828125
4282 -0.1005859375
4283 -0.083984375
4284 -0.0341796875
4285 -0.103515625
4286 -0.0556640625
4287 -0.0400390625
4288 0.005859375
4289 -0.0908203125
4290 -0.1220703125
4291 -0.1005859375
4292 -0.0498046875
4293 -0.10546875
4294 -0.0576171875
4295 -0.0390625
4296 0.0078125
4297 -0.01171875
4298 0.0185546875
4299 0.0224609375
4300 0.05859375
4301 -0.0361328125
4302 -0.0703125
4303 -0.064453125
4304 -0.0205078125
4305 -0.15234375
4306 -0.130859375
4307 -0.109375
4308 -0.0537109375
4309 -0.130859375
4310 -0.107421875
4311 -0.091796875
4312 -0.0439453125
4313 -0.109375
4314 -0.0576171875
4315 -0.04296875
4316 0.0078125
4317 -0.0859375
4318 -0.1123046875
4319 -0.0947265625
4320 -0.041015625
4321 -0.11328125
4322 -0.099609375
4323 -0.0830078125
4324 -0.0283203125
4325 -0.1025390625
4326 -0.08984375
4327 -0.0751953125
4328 -0.0244140625
4329 -0.1298828125
4330 -0.0732421875
4331 -0.0498046875
4332 0.0048828125
4333 -0.0166015625
4334 0.0166015625
4335 0.0244140625
4336 0.0625
4337 0.0625
4338 0.0830078125
4339 0.0830078125
4340 0.109375
4341 0.1181640625
4342 0.130859375
4343 0.1240234375
4344 0.14453125
4345 0.142578125
4346 0.150390625
4347 0.140625
4348 0.1572265625
4349 0.142578125
4350 0.1455078125
4351 0.1337890625
4352 0.150390625
4353 0.14453125
4354 0.1484375
4355 0.134765625
4356 0.150390625
4357 0.14453125
4358 0.1474609375
4359 0.134765625
4360 0.150390625
4361 0.107421875
4362 0.0654296875
4363 0.0478515625
4364 0.06640625
4365 0.0068359375
4366 -0.00390625
4367 -0.0107421875
4368 0.01953125
4369 -0.044921875
4370 -0.0126953125
4371 -0.0048828125
4372 0.0322265625
4373 0.0283203125
4374 0.0498046875
4375 0.05078125
4376 0.0771484375
4377 0.017578125
4378 -0.0224609375
4379 -0.025390625
4380 0.0078125
4381 -0.0908203125
4382 -0.0859375
4383 -0.078125
4384 -0.0341796875
4385 -0.095703125
4386 -0.08984375
4387 -0.0791015625
4388 -0.0361328125
4389 -0.0849609375
4390 -0.0771484375
4391 -0.0703125
4392 -0.02734375
4393 -0.08984375
4394 -0.0830078125
4395 -0.072265625
4396 -0.029296875
4397 -0.1416015625
4398 -0.146484375
4399 -0.125
4400 -0.064453125
4401 -0.1318359375
4402 -0.119140625
4403 -0.099609375
4404 -0.0498046875
4405 -0.1181640625
4406 -0.1044921875
4407 -0.0908203125
4408 -0.0400390625
4409 -0.0908203125
4410 -0.0439453125
4411 -0.02734375
4412 0.0166015625
4413 -0.037109375
4414 -0.091796875
4415 -0.072265625
4416 -0.0244140625
4417 -0.0849609375
4418 -0.0380859375
4419 -0.0244140625
4420 0.0224609375
4421 -0.068359375
4422 -0.0986328125
4423 -0.0810546875
4424 -0.029296875
4425 -0.0908203125
4426 -0.0439453125
4427 -0.0283203125
4428 0.0205078125
4429 -0.0009765625
4430 0.0302734375
4431 0.0341796875
4432 0.0673828125
4433 -0.0146484375
4434 -0.0498046875
4435 -0.0458984375
4436 -0.005859375
4437 -0.1357421875
4438 -0.1181640625
4439 -0.095703125
4440 -0.04296875
4441 -0.123046875
4442 -0.0986328125
4443 -0.083984375
4444 -0.0341796875
4445 -0.103515625
4446 -0.048828125
4447 -0.0341796875
4448 0.013671875
4449 -0.0791015625
4450 -0.1064453125
4451 -0.0869140625
4452 -0.03515625
4453 -0.107421875
4454 -0.091796875
4455 -0.0732421875
4456 -0.0244140625
4457 -0.09375
4458 -0.0849609375
4459 -0.068359375
4460 -0.021484375
4461 -0.123046875
4462 -0.06640625
4463 -0.04296875
4464 0.0107421875
4465 -0.0107421875
4466 0.025390625
4467 0.03125
4468 0.0703125
4469 0.068359375
4470 0.0888671875
4471 0.087890625
4472 0.1171875
4473 0.1240234375
4474 0.1357421875
4475 0.1318359375
4476 0.1494140625
4477 0.1494140625
4478 0.15625
4479 0.1474609375
4480 0.162109375
4481 0.1484375
4482 0.15234375
4483 0.1416015625
4484 0.158203125
4485 0.1494140625
4486 0.154296875
4487 0.1435546875
4488 0.1572265625
4489 0.1474609375
4490 0.1533203125
4491 0.140625
4492 0.1552734375
4493 0.111328125
4494 0.0712890625
4495 0.0537109375
4496 0.0712890625
4497 0.01171875
4498 0.0
4499 -0.0048828125
4500 0.0234375
4501 -0.0390625
4502 -0.0068359375
4503 -0.001953125
4504 0.0361328125
4505 0.03125
4506 0.0537109375
4507 0.052734375
4508 0.0830078125
4509 0.0205078125
4510 -0.017578125
4511 -0.021484375
4512 0.0126953125
4513 -0.0869140625
4514 -0.08203125
4515 -0.0751953125
4516 -0.029296875
4517 -0.0927734375
4518 -0.0859375
4519 -0.0771484375
4520 -0.03125
4521 -0.0810546875
4522 -0.07421875
4523 -0.064453125
4524 -0.0234375
4525 -0.0859375
4526 -0.080078125
4527 -0.068359375
4528 -0.025390625
4529 -0.1357421875
4530 -0.1416015625
4531 -0.1201171875
4532 -0.060546875
4533 -0.12890625
4534 -0.115234375
4535 -0.0966796875
4536 -0.0439453125
4537 -0.115234375
4538 -0.1005859375
4539 -0.087890625
4540 -0.0361328125
4541 -0.0869140625
4542 -0.0419921875
4543 -0.025390625
4544 0.0205078125
4545 -0.0322265625
4546 -0.0869140625
4547 -0.068359375
4548 -0.021484375
4549 -0.0810546875
4550 -0.03515625
4551 -0.0224609375
4552 0.0263671875
4553 -0.0654296875
4554 -0.09375
4555 -0.078125
4556 -0.029296875
4557 -0.08984375
4558 -0.0400390625
4559 -0.0244140625
4560 0.0234375
4561 0.0009765625
4562 0.033203125
4563 0.03515625
4564 0.0693359375
4565 -0.013671875
4566 -0.0498046875
4567 -0.044921875
4568 -0.001953125
4569 -0.1328125
4570 -0.1171875
4571 -0.09375
4572 -0.0400390625
4573 -0.1181640625
4574 -0.095703125
4575 -0.08203125
4576 -0.0322265625
4577 -0.099609375
4578 -0.046875
4579 -0.03125
4580 0.0185546875
4581 -0.0751953125
4582 -0.103515625
4583 -0.0830078125
4584 -0.0322265625
4585 -0.103515625
4586 -0.08984375
4587 -0.072265625
4588 -0.0224609375
4589 -0.09375
4590 -0.08203125
4591 -0.068359375
4592 -0.017578125
4593 -0.123046875
4594 -0.06640625
4595 -0.0439453125
4596 0.01171875
4597 -0.0107421875
4598 0.0263671875
4599 0.0322265625
4600 0.072265625
4601 0.0693359375
4602 0.0908203125
4603 0.08984375
4604 0.1171875
4605 0.126953125
4606 0.13671875
4607 0.1318359375
4608 0.15234375
4609 0.1513671875
4610 0.15625
4611 0.1494140625
4612 0.1650390625
4613 0.1513671875
4614 0.1552734375
4615 0.142578125
4616 0.158203125
4617 0.1513671875
4618 0.1552734375
4619 0.142578125
4620 0.16015625
4621 0.15234375
4622 0.1552734375
4623 0.142578125
4624 0.1591796875
4625 0.11328125
4626 0.0751953125
4627 0.0576171875
4628 0.076171875
4629 0.0146484375
4630 0.0029296875
4631 -0.0048828125
4632 0.02734375
4633 -0.0380859375
4634 -0.005859375
4635 0.0009765625
4636 0.0380859375
4637 0.03515625
4638 0.0546875
4639 0.0546875
4640 0.083984375
4641 0.0224609375
4642 -0.0166015625
4643 -0.0205078125
4644 0.0126953125
4645 -0.0859375
4646 -0.0810546875
4647 -0.0732421875
4648 -0.02734375
4649 -0.0908203125
4650 -0.083984375
4651 -0.076171875
4652 -0.0283203125
4653 -0.0810546875
4654 -0.072265625
4655 -0.0634765625
4656 -0.021484375
4657 -0.0830078125
4658 -0.078125
4659 -0.06640625
4660 -0.0234375
4661 -0.134765625
4662 -0.142578125
4663 -0.1162109375
4664 -0.0595703125
4665 -0.126953125
4666 -0.1123046875
4667 -0.095703125
4668 -0.0439453125
4669 -0.1142578125
4670 -0.09765625
4671 -0.0869140625
4672 -0.0341796875
4673 -0.083984375
4674 -0.0361328125
4675 -0.0244140625
4676 0.0224609375
4677 -0.0302734375
4678 -0.0859375
4679 -0.0673828125
4680 -0.01953125
4681 -0.080078125
4682 -0.03515625
4683 -0.01953125
4684 0.0263671875
4685 -0.064453125
4686 -0.09765625
4687 -0.078125
4688 -0.029296875
4689 -0.08984375
4690 -0.0400390625
4691 -0.0234375
4692 0.025390625
4693 0.001953125
4694 0.0341796875
4695 0.03515625
4696 0.072265625
4697 -0.0126953125
4698 -0.0478515625
4699 -0.0439453125
4700 -0.001953125
4701 -0.1337890625
4702 -0.1162109375
4703 -0.0947265625
4704 -0.0390625
4705 -0.1162109375
4706 -0.0947265625
4707 -0.0810546875
4708 -0.0322265625
4709 -0.09765625
4710 -0.0458984375
4711 -0.0302734375
4712 0.0205078125
4713 -0.0751953125
4714 -0.1025390625
4715 -0.083984375
4716 -0.0302734375
4717 -0.1025390625
4718 -0.087890625
4719 -0.0712890625
4720 -0.017578125
4721 -0.08984375
4722 -0.080078125
4723 -0.0654296875
4724 -0.0166015625
4725 -0.1162109375
4726 -0.0625
4727 -0.0390625
4728 0.013671875
4729 -0.0068359375
4730 0.0283203125
4731 0.0341796875
4732 0.0732421875
4733 0.072265625
4734 0.0908203125
4735 0.0908203125
4736 0.119140625
4737 0.126953125
4738 0.1396484375
4739 0.130859375
4740 0.15234375
4741 0.15234375
4742 0.1572265625
4743 0.1484375
4744 0.1640625
4745 0.150390625
4746 0.1552734375
4747 0.1435546875
4748 0.158203125
4749 0.1533203125
4750 0.15625
4751 0.1455078125
4752 0.16015625
4753 0.15234375
4754 0.15625
4755 0.1435546875
4756 0.1591796875
4757 0.115234375
4758 0.0751953125
4759 0.056640625
4760 0.076171875
4761 0.0146484375
4762 0.0068359375
4763 -0.001953125
4764 0.0283203125
4765 -0.037109375
4766 -0.00390625
4767 0.001953125
4768 0.0390625
4769 0.0361328125
4770 0.056640625
4771 0.056640625
4772 0.0849609375
4773 0.0234375
4774 -0.0166015625
4775 -0.017578125
4776 0.015625
4777 -0.083984375
4778 -0.080078125
4779 -0.072265625
4780 -0.025390625
4781 -0.08984375
4782 -0.083984375
4783 -0.076171875
4784 -0.0302734375
4785 -0.0810546875
4786 -0.0693359375
4787 -0.064453125
4788 -0.021484375
4789 -0.08203125
4790 -0.078125
4791 -0.0654296875
4792 -0.0234375
4793 -0.1337890625
4794 -0.1416015625
4795 -0.1171875
4796 -0.0595703125
4797 -0.1259765625
4798 -0.1123046875
4799 -0.091796875
4800 -0.0419921875
4801 -0.1123046875
4802 -0.0986328125
4803 -0.0869140625
4804 -0.0322265625
4805 -0.0859375
4806 -0.0390625
4807 -0.0234375
4808 0.0244140625
4809 -0.03125
4810 -0.0830078125
4811 -0.068359375
4812 -0.017578125
4813 -0.0771484375
4814 -0.033203125
4815 -0.0185546875
4816 0.0263671875
4817 -0.0615234375
4818 -0.0908203125
4819 -0.076171875
4820 -0.025390625
4821 -0.0849609375
4822 -0.0361328125
4823 -0.021484375
4824 0.025390625
4825 0.0048828125
4826 0.03515625
4827 0.037109375
4828 0.0732421875
4829 -0.0107421875
4830 -0.046875
4831 -0.0439453125
4832 -0.0009765625
4833 -0.130859375
4834 -0.11328125
4835 -0.09375
4836 -0.0400390625
4837 -0.115234375
4838 -0.09375
4839 -0.080078125
4840 -0.03125
4841 -0.0966796875
4842 -0.0458984375
4843 -0.029296875
4844 0.01953125
4845 -0.0732421875
4846 -0.1005859375
4847 -0.0830078125
4848 -0.029296875
4849 -0.1015625
4850 -0.0869140625
4851 -0.0712890625
4852 -0.01953125
4853 -0.0908203125
4854 -0.0791015625
4855 -0.0654296875
4856 -0.0146484375
4857 -0.1201171875
4858 -0.0634765625
4859 -0.0419921875
4860 0.013671875
4861 -0.0068359375
4862 0.025390625
4863 0.0341796875
4864 0.0732421875
4865 0.0732421875
4866 0.091796875
4867 0.0927734375
4868 0.119140625
4869 0.12890625
4870 0.1396484375
4871 0.1328125
4872 0.154296875
4873 0.1513671875
4874 0.158203125
4875 0.1484375
4876 0.166015625
4877 0.1494140625
4878 0.1552734375
4879 0.142578125
4880 0.1591796875
4881 0.1513671875
4882 0.15625
4883 0.1455078125
4884 0.16015625
4885 0.1513671875
4886 0.1572265625
4887 0.1435546875
4888 0.158203125
4889 0.1162109375
4890 0.07421875
4891 0.0595703125
4892 0.0751953125
4893 0.0146484375
4894 0.00390625
4895 -0.00390625
4896 0.0263671875
4897 -0.037109375
4898 -0.0048828125
4899 0.0009765625
4900 0.0390625
4901 0.03515625
4902 0.0576171875
4903 0.0556640625
4904 0.083984375
4905 0.0234375
4906 -0.015625
4907 -0.0185546875
4908 0.0146484375
4909 -0.0830078125
4910 -0.0810546875
4911 -0.0712890625
4912 -0.02734375
4913 -0.087890625
4914 -0.0830078125
4915 -0.0732421875
4916 -0.0283203125
4917 -0.0791015625
4918 -0.0703125
4919 -0.0634765625
4920 -0.0205078125
4921 -0.083984375
4922 -0.076171875
4923 -0.0673828125
4924 -0.0224609375
4925 -0.134765625
4926 -0.1416015625
4927 -0.1181640625
4928 -0.0595703125
4929 -0.1259765625
4930 -0.11328125
4931 -0.0947265625
4932 -0.0419921875
4933 -0.11328125
4934 -0.099609375
4935 -0.0830078125
4936 -0.0341796875
4937 -0.0849609375
4938 -0.0390625
4939 -0.0244140625
4940 0.0224609375
4941 -0.0302734375
4942 -0.0849609375
4943 -0.068359375
4944 -0.0205078125
4945 -0.080078125
4946 -0.0322265625
4947 -0.0185546875
4948 0.0283203125
4949 -0.0634765625
4950 -0.0947265625
4951 -0.076171875
4952 -0.0263671875
4953 -0.0869140625
4954 -0.0390625
4955 -0.021484375
4956 0.0244140625
4957 0.0029296875
4958 0.0341796875
4959 0.0361328125
4960 0.0732421875
4961 -0.01171875
4962 -0.0478515625
4963 -0.04296875
4964 -0.0009765625
4965 -0.1328125
4966 -0.1142578125
4967 -0.09375
4968 -0.0390625
4969 -0.119140625
4970 -0.0947265625
4971 -0.080078125
4972 -0.029296875
4973 -0.0986328125
4974 -0.0458984375
4975 -0.0302734375
4976 0.01953125
4977 -0.0751953125
4978 -0.103515625
4979 -0.0830078125
4980 -0.0302734375
4981 -0.1025390625
4982 -0.087890625
4983 -0.068359375
4984 -0.01953125
4985 -0.08984375
4986 -0.080078125
4987 -0.0654296875
4988 -0.0146484375
4989 -0.12109375
4990 -0.0634765625
4991 -0.0400390625
4992 0.0126953125
4993 -0.0087890625
4994 0.029296875
4995 0.03515625
4996 0.0732421875
4997 0.072265625
4998 0.0927734375
4999 0.09375
