x y
0 -0.0234375
1 -0.1982421875
2 -0.14453125
3 -0.0771484375
4 -0.072265625
5 -0.435546875
6 -0.115234375
7 -0.0380859375
8 -0.0615234375
9 -0.173828125
10 -0.0859375
11 -0.0146484375
12 -0.0380859375
13 -0.1455078125
14 -0.021484375
15 0.0498046875
16 0.01953125
17 -0.08984375
18 -0.06640625
19 0.0068359375
20 -0.0224609375
21 -0.1494140625
22 -0.021484375
23 0.0517578125
24 0.01953125
25 -0.1123046875
26 -0.0703125
27 0.001953125
28 -0.02734375
29 -0.140625
30 -0.0546875
31 0.0146484375
32 -0.0166015625
33 -0.12109375
34 -0.03515625
35 0.0283203125
36 -0.005859375
37 -0.1240234375
38 -0.0009765625
39 0.064453125
40 0.033203125
41 -0.056640625
42 0.056640625
43 0.1171875
44 0.0751953125
45 0.009765625
46 0.11328125
47 0.171875
48 0.111328125
49 0.017578125
50 0.0654296875
51 0.1123046875
52 0.0556640625
53 -0.0751953125
54 0.0380859375
55 0.099609375
56 0.0546875
57 -0.0849609375
58 -0.0458984375
59 0.0205078125
60 -0.0146484375
61 -0.130859375
62 -0.0419921875
63 0.0224609375
64 -0.013671875
65 -0.1298828125
66 -0.0400390625
67 0.025390625
68 -0.0126953125
69 -0.1572265625
70 -0.0263671875
71 0.048828125
72 0.0126953125
73 -0.0439453125
74 0.0693359375
75 0.13671875
76 0.0810546875
77 -0.015625
78 0.0361328125
79 0.08984375
80 0.033203125
81 -0.09765625
82 0.0205078125
83 0.0869140625
84 0.04296875
85 -0.095703125
86 -0.052734375
87 0.0126953125
88 -0.0205078125
89 -0.13671875
90 -0.0478515625
91 0.0205078125
92 -0.017578125
93 -0.1328125
94 -0.0439453125
95 0.0234375
96 -0.0146484375
97 -0.1572265625
98 -0.02734375
99 0.0458984375
100 0.0126953125
101 -0.0419921875
102 0.0712890625
103 0.134765625
104 0.0810546875
105 -0.0146484375
106 0.0361328125
107 0.0888671875
108 0.0361328125
109 -0.0986328125
110 0.0224609375
111 0.08984375
112 0.044921875
113 -0.0966796875
114 -0.0546875
115 0.0146484375
116 -0.021484375
117 -0.13671875
118 -0.048828125
119 0.021484375
120 -0.0166015625
121 -0.1337890625
122 -0.0439453125
123 0.0244140625
124 -0.0166015625
125 -0.16015625
126 -0.029296875
127 0.0458984375
128 0.0126953125
129 -0.044921875
130 0.0693359375
131 0.1328125
132 0.080078125
133 -0.0146484375
134 0.037109375
135 0.0888671875
136 0.0361328125
137 -0.0966796875
138 0.01953125
139 0.087890625
140 0.0419921875
141 -0.09765625
142 -0.0576171875
143 0.0107421875
144 -0.021484375
145 -0.1376953125
146 -0.05078125
147 0.01953125
148 -0.0166015625
149 -0.1318359375
150 -0.04296875
151 0.0224609375
152 -0.0146484375
153 -0.158203125
154 -0.02734375
155 0.05078125
156 0.0146484375
157 -0.04296875
158 0.0732421875
159 0.13671875
160 0.08203125
161 -0.013671875
162 0.0361328125
163 0.091796875
164 0.0361328125
165 -0.0966796875
166 0.0224609375
167 0.0888671875
168 0.0439453125
169 -0.0966796875
170 -0.0546875
171 0.0146484375
172 -0.021484375
173 -0.1396484375
174 -0.0498046875
175 0.0185546875
176 -0.0185546875
177 -0.134765625
178 -0.04296875
179 0.021484375
180 -0.015625
181 -0.16015625
182 -0.0263671875
183 0.05078125
184 0.0126953125
185 -0.044921875
186 0.0712890625
187 0.13671875
188 0.0810546875
189 -0.013671875
190 0.0361328125
191 0.09375
192 0.03515625
193 -0.095703125
194 0.021484375
195 0.0888671875
196 0.04296875
197 -0.0986328125
198 -0.0556640625
199 0.0146484375
200 -0.0224609375
201 -0.138671875
202 -0.048828125
203 0.021484375
204 -0.015625
205 -0.1318359375
206 -0.0419921875
207 0.0234375
208 -0.0146484375
209 -0.1572265625
210 -0.0283203125
211 0.0478515625
212 0.0126953125
213 -0.04296875
214 0.0693359375
215 0.1357421875
216 0.0810546875
217 -0.0126953125
218 0.0380859375
219 0.0927734375
220 0.0361328125
221 -0.0966796875
222 0.0224609375
223 0.087890625
224 0.04296875
225 -0.0966796875
226 -0.0546875
227 0.01171875
228 -0.0205078125
229 -0.13671875
230 -0.048828125
231 0.0205078125
232 -0.017578125
233 -0.1328125
234 -0.044921875
235 0.0224609375
236 -0.015625
237 -0.158203125
238 -0.0283203125
239 0.046875
240 0.013671875
241 -0.0419921875
242 0.0712890625
243 0.1337890625
244 0.08203125
245 -0.0126953125
246 0.037109375
247 0.08984375
248 0.0361328125
249 -0.0966796875
250 0.021484375
251 0.087890625
252 0.0439453125
253 -0.095703125
254 -0.0546875
255 0.015625
256 -0.01953125
257 -0.134765625
258 -0.048828125
259 0.0205078125
260 -0.015625
261 -0.1298828125
262 -0.041015625
263 0.0234375
264 -0.0146484375
265 -0.1572265625
266 -0.025390625
267 0.048828125
268 0.0146484375
269 -0.041015625
270 0.0712890625
271 0.1337890625
272 0.083984375
273 -0.0107421875
274 0.0390625
275 0.0888671875
276 0.0361328125
277 -0.09375
278 0.0234375
279 0.0869140625
280 0.044921875
281 -0.091796875
282 -0.052734375
283 0.015625
284 -0.0185546875
285 -0.1318359375
286 -0.0458984375
287 0.0205078125
288 -0.0146484375
289 -0.1279296875
290 -0.0419921875
291 0.021484375
292 -0.0126953125
293 -0.154296875
294 -0.02734375
295 0.0439453125
296 0.017578125
297 -0.037109375
298 0.0703125
299 0.1298828125
300 0.0830078125
301 -0.0107421875
302 0.037109375
303 0.0869140625
304 0.0380859375
305 -0.0908203125
306 0.021484375
307 0.0849609375
308 0.044921875
309 -0.0927734375
310 -0.0556640625
311 0.009765625
312 -0.0185546875
313 -0.130859375
314 -0.048828125
315 0.0146484375
316 -0.0146484375
317 -0.1279296875
318 -0.0419921875
319 0.017578125
320 -0.0126953125
321 -0.1533203125
322 -0.0283203125
323 0.04296875
324 0.0146484375
325 -0.0380859375
326 0.0712890625
327 0.12890625
328 0.083984375
329 -0.0087890625
330 0.0361328125
331 0.0869140625
332 0.037109375
333 -0.091796875
334 0.0205078125
335 0.0849609375
336 0.0458984375
337 -0.09375
338 -0.0537109375
339 0.0107421875
340 -0.0185546875
341 -0.1318359375
342 -0.046875
343 0.017578125
344 -0.013671875
345 -0.12890625
346 -0.0419921875
347 0.021484375
348 -0.0126953125
349 -0.1552734375
350 -0.0283203125
351 0.0458984375
352 0.0146484375
353 -0.0400390625
354 0.0712890625
355 0.1318359375
356 0.08203125
357 -0.01171875
358 0.0390625
359 0.0888671875
360 0.0380859375
361 -0.095703125
362 0.021484375
363 0.083984375
364 0.0439453125
365 -0.0966796875
366 -0.0556640625
367 0.0107421875
368 -0.021484375
369 -0.1337890625
370 -0.0498046875
371 0.0185546875
372 -0.0166015625
373 -0.12890625
374 -0.0419921875
375 0.0224609375
376 -0.013671875
377 -0.1533203125
378 -0.025390625
379 0.0478515625
380 0.0166015625
381 -0.0390625
382 0.072265625
383 0.134765625
384 0.0830078125
385 -0.0107421875
386 0.0390625
387 0.091796875
388 0.0390625
389 -0.0927734375
390 0.0234375
391 0.087890625
392 0.0458984375
393 -0.09375
394 -0.0517578125
395 0.013671875
396 -0.0185546875
397 -0.1318359375
398 -0.0478515625
399 0.0185546875
400 -0.0126953125
401 -0.1298828125
402 -0.04296875
403 0.01953125
404 -0.01171875
405 -0.1533203125
406 -0.025390625
407 0.0458984375
408 0.0166015625
409 -0.0390625
410 0.0732421875
411 0.1328125
412 0.08203125
413 -0.0107421875
414 0.037109375
415 0.0888671875
416 0.0361328125
417 -0.0927734375
418 0.021484375
419 0.0849609375
420 0.044921875
421 -0.09375
422 -0.0537109375
423 0.009765625
424 -0.0185546875
425 -0.1328125
426 -0.048828125
427 0.0166015625
428 -0.0146484375
429 -0.12890625
430 -0.0419921875
431 0.0205078125
432 -0.01171875
433 -0.1533203125
434 -0.02734375
435 0.044921875
436 0.015625
437 -0.0390625
438 0.0703125
439 0.1337890625
440 0.0830078125
441 -0.009765625
442 0.037109375
443 0.0908203125
444 0.0380859375
445 -0.09375
446 0.0244140625
447 0.0859375
448 0.044921875
449 -0.09375
450 -0.0546875
451 0.01171875
452 -0.01953125
453 -0.1328125
454 -0.046875
455 0.01953125
456 -0.013671875
457 -0.12890625
458 -0.0419921875
459 0.021484375
460 -0.013671875
461 -0.1572265625
462 -0.029296875
463 0.0439453125
464 0.013671875
465 -0.041015625
466 0.0703125
467 0.134765625
468 0.0830078125
469 -0.0107421875
470 0.0380859375
471 0.0908203125
472 0.037109375
473 -0.0947265625
474 0.021484375
475 0.0859375
476 0.0439453125
477 -0.0947265625
478 -0.0537109375
479 0.01171875
480 -0.0166015625
481 -0.1337890625
482 -0.0478515625
483 0.021484375
484 -0.0146484375
485 -0.12890625
486 -0.041015625
487 0.0263671875
488 -0.013671875
489 -0.15625
490 -0.0244140625
491 0.0546875
492 0.015625
493 -0.0419921875
494 0.07421875
495 0.1396484375
496 0.0830078125
497 -0.0107421875
498 0.041015625
499 0.0966796875
500 0.037109375
501 -0.0947265625
502 0.0263671875
503 0.0947265625
504 0.0458984375
505 -0.09375
506 -0.05078125
507 0.021484375
508 -0.01953125
509 -0.1357421875
510 -0.046875
511 0.025390625
512 -0.015625
513 -0.1318359375
514 -0.0400390625
515 0.0283203125
516 -0.013671875
517 -0.158203125
518 -0.025390625
519 0.052734375
520 0.015625
521 -0.04296875
522 0.07421875
523 0.138671875
524 0.0830078125
525 -0.01171875
526 0.0380859375
527 0.09375
528 0.037109375
529 -0.0966796875
530 0.0244140625
531 0.0908203125
532 0.044921875
533 -0.09375
534 -0.0517578125
535 0.0185546875
536 -0.017578125
537 -0.1337890625
538 -0.0458984375
539 0.0234375
540 -0.0146484375
541 -0.1318359375
542 -0.041015625
543 0.02734375
544 -0.013671875
545 -0.1572265625
546 -0.0244140625
547 0.052734375
548 0.0166015625
549 -0.04296875
550 0.0751953125
551 0.1396484375
552 0.0830078125
553 -0.0146484375
554 0.0380859375
555 0.095703125
556 0.03515625
557 -0.0966796875
558 0.021484375
559 0.08984375
560 0.0439453125
561 -0.0947265625
562 -0.0517578125
563 0.017578125
564 -0.0205078125
565 -0.13671875
566 -0.0458984375
567 0.0244140625
568 -0.0146484375
569 -0.1328125
570 -0.0400390625
571 0.02734375
572 -0.01171875
573 -0.16015625
574 -0.0263671875
575 0.0517578125
576 0.013671875
577 -0.0439453125
578 0.0732421875
579 0.138671875
580 0.08203125
581 -0.0107421875
582 0.0400390625
583 0.095703125
584 0.0380859375
585 -0.0986328125
586 0.0244140625
587 0.091796875
588 0.0439453125
589 -0.09765625
590 -0.052734375
591 0.0146484375
592 -0.0205078125
593 -0.134765625
594 -0.0458984375
595 0.0224609375
596 -0.0146484375
597 -0.1298828125
598 -0.041015625
599 0.02734375
600 -0.013671875
601 -0.154296875
602 -0.0263671875
603 0.052734375
604 0.0146484375
605 -0.04296875
606 0.0712890625
607 0.1376953125
608 0.0830078125
609 -0.013671875
610 0.0390625
611 0.0927734375
612 0.0380859375
613 -0.0947265625
614 0.0234375
615 0.08984375
616 0.044921875
617 -0.0947265625
618 -0.0517578125
619 0.0146484375
620 -0.01953125
621 -0.1318359375
622 -0.046875
623 0.021484375
624 -0.013671875
625 -0.126953125
626 -0.0419921875
627 0.021484375
628 -0.0126953125
629 -0.1533203125
630 -0.0263671875
631 0.0458984375
632 0.015625
633 -0.0400390625
634 0.0732421875
635 0.134765625
636 0.083984375
637 -0.009765625
638 0.0390625
639 0.0927734375
640 0.0390625
641 -0.0947265625
642 0.0234375
643 0.0908203125
644 0.0439453125
645 -0.09375
646 -0.052734375
647 0.015625
648 -0.0205078125
649 -0.134765625
650 -0.0478515625
651 0.0234375
652 -0.015625
653 -0.1318359375
654 -0.0419921875
655 0.0263671875
656 -0.013671875
657 -0.1572265625
658 -0.02734375
659 0.048828125
660 0.0146484375
661 -0.0419921875
662 0.07421875
663 0.1376953125
664 0.0849609375
665 -0.0107421875
666 0.0380859375
667 0.095703125
668 0.037109375
669 -0.09375
670 0.0234375
671 0.0908203125
672 0.0458984375
673 -0.0947265625
674 -0.052734375
675 0.0185546875
676 -0.01953125
677 -0.134765625
678 -0.0458984375
679 0.0224609375
680 -0.0146484375
681 -0.1318359375
682 -0.041015625
683 0.025390625
684 -0.013671875
685 -0.158203125
686 -0.025390625
687 0.048828125
688 0.0146484375
689 -0.0419921875
690 0.0732421875
691 0.1376953125
692 0.08203125
693 -0.01171875
694 0.0380859375
695 0.09375
696 0.0380859375
697 -0.095703125
698 0.021484375
699 0.0908203125
700 0.044921875
701 -0.0966796875
702 -0.0537109375
703 0.0146484375
704 -0.01953125
705 -0.134765625
706 -0.0458984375
707 0.021484375
708 -0.013671875
709 -0.12890625
710 -0.0400390625
711 0.02734375
712 -0.01171875
713 -0.154296875
714 -0.025390625
715 0.0517578125
716 0.0146484375
717 -0.0400390625
718 0.07421875
719 0.1376953125
720 0.083984375
721 -0.0107421875
722 0.0400390625
723 0.0947265625
724 0.0380859375
725 -0.09375
726 0.0244140625
727 0.091796875
728 0.046875
729 -0.0927734375
730 -0.0498046875
731 0.0185546875
732 -0.017578125
733 -0.130859375
734 -0.044921875
735 0.0234375
736 -0.013671875
737 -0.126953125
738 -0.0390625
739 0.0283203125
740 -0.0126953125
741 -0.15625
742 -0.025390625
743 0.048828125
744 0.0146484375
745 -0.0390625
746 0.0712890625
747 0.1357421875
748 0.0830078125
749 -0.0107421875
750 0.0380859375
751 0.0908203125
752 0.0390625
753 -0.0947265625
754 0.0224609375
755 0.0888671875
756 0.046875
757 -0.0927734375
758 -0.05078125
759 0.0166015625
760 -0.017578125
761 -0.1337890625
762 -0.0458984375
763 0.0244140625
764 -0.013671875
765 -0.12890625
766 -0.0400390625
767 0.02734375
768 -0.01171875
769 -0.1552734375
770 -0.0263671875
771 0.048828125
772 0.0146484375
773 -0.041015625
774 0.07421875
775 0.134765625
776 0.083984375
777 -0.0107421875
778 0.0400390625
779 0.09375
780 0.0390625
781 -0.09375
782 0.0234375
783 0.0888671875
784 0.0458984375
785 -0.0908203125
786 -0.0517578125
787 0.0166015625
788 -0.017578125
789 -0.1298828125
790 -0.0439453125
791 0.021484375
792 -0.0126953125
793 -0.12890625
794 -0.041015625
795 0.0224609375
796 -0.0107421875
797 -0.1572265625
798 -0.02734375
799 0.046875
800 0.0166015625
801 -0.0400390625
802 0.072265625
803 0.134765625
804 0.08203125
805 -0.0107421875
806 0.037109375
807 0.0908203125
808 0.0390625
809 -0.0947265625
810 0.0224609375
811 0.087890625
812 0.044921875
813 -0.0947265625
814 -0.052734375
815 0.013671875
816 -0.017578125
817 -0.1337890625
818 -0.0458984375
819 0.0185546875
820 -0.0126953125
821 -0.126953125
822 -0.0390625
823 0.0234375
824 -0.0107421875
825 -0.150390625
826 -0.0234375
827 0.0478515625
828 0.0166015625
829 -0.0380859375
830 0.07421875
831 0.1357421875
832 0.0849609375
833 -0.0087890625
834 0.0390625
835 0.091796875
836 0.0380859375
837 -0.091796875
838 0.0234375
839 0.087890625
840 0.0458984375
841 -0.0908203125
842 -0.0517578125
843 0.013671875
844 -0.017578125
845 -0.1337890625
846 -0.0478515625
847 0.0166015625
848 -0.013671875
849 -0.1279296875
850 -0.04296875
851 0.01953125
852 -0.01171875
853 -0.150390625
854 -0.025390625
855 0.044921875
856 0.017578125
857 -0.0361328125
858 0.0732421875
859 0.1337890625
860 0.0849609375
861 -0.0078125
862 0.0390625
863 0.087890625
864 0.0400390625
865 -0.0908203125
866 0.021484375
867 0.0849609375
868 0.044921875
869 -0.091796875
870 -0.052734375
871 0.0126953125
872 -0.0185546875
873 -0.1318359375
874 -0.0478515625
875 0.017578125
876 -0.0126953125
877 -0.125
878 -0.04296875
879 0.0205078125
880 -0.0107421875
881 -0.150390625
882 -0.0244140625
883 0.0439453125
884 0.017578125
885 -0.0361328125
886 0.0732421875
887 0.1318359375
888 0.0849609375
889 -0.0087890625
890 0.0380859375
891 0.087890625
892 0.041015625
893 -0.091796875
894 0.0205078125
895 0.0849609375
896 0.0458984375
897 -0.091796875
898 -0.052734375
899 0.01171875
900 -0.0185546875
901 -0.1298828125
902 -0.048828125
903 0.01953125
904 -0.0126953125
905 -0.125
906 -0.041015625
907 0.0205078125
908 -0.01171875
909 -0.15234375
910 -0.0283203125
911 0.044921875
912 0.017578125
913 -0.037109375
914 0.0712890625
915 0.1318359375
916 0.083984375
917 -0.0078125
918 0.0380859375
919 0.0888671875
920 0.0390625
921 -0.091796875
922 0.021484375
923 0.0849609375
924 0.0458984375
925 -0.09375
926 -0.0546875
927 0.01171875
928 -0.017578125
929 -0.1298828125
930 -0.046875
931 0.0166015625
932 -0.013671875
933 -0.1259765625
934 -0.041015625
935 0.0205078125
936 -0.0107421875
937 -0.15234375
938 -0.0263671875
939 0.0478515625
940 0.015625
941 -0.0380859375
942 0.0732421875
943 0.134765625
944 0.0830078125
945 -0.0087890625
946 0.0380859375
947 0.08984375
948 0.0380859375
949 -0.08984375
950 0.0234375
951 0.087890625
952 0.046875
953 -0.091796875
954 -0.052734375
955 0.0126953125
956 -0.017578125
957 -0.130859375
958 -0.044921875
959 0.0185546875
960 -0.0126953125
961 -0.1259765625
962 -0.041015625
963 0.021484375
964 -0.0126953125
965 -0.1513671875
966 -0.0263671875
967 0.044921875
968 0.0166015625
969 -0.037109375
970 0.072265625
971 0.1318359375
972 0.083984375
973 -0.0078125
974 0.0390625
975 0.087890625
976 0.0400390625
977 -0.08984375
978 0.021484375
979 0.0849609375
980 0.046875
981 -0.091796875
982 -0.0537109375
983 0.01171875
984 -0.0166015625
985 -0.1318359375
986 -0.0478515625
987 0.0185546875
988 -0.013671875
989 -0.126953125
990 -0.04296875
991 0.0205078125
992 -0.0126953125
993 -0.1513671875
994 -0.0263671875
995 0.0478515625
996 0.0166015625
997 -0.037109375
998 0.07421875
999 0.1328125
1000 0.083984375
1001 -0.0107421875
1002 0.037109375
1003 0.08984375
1004 0.0380859375
1005 -0.091796875
1006 0.0263671875
1007 0.0869140625
1008 0.046875
1009 -0.0947265625
1010 -0.0537109375
1011 0.013671875
1012 -0.01953125
1013 -0.1328125
1014 -0.0478515625
1015 0.0205078125
1016 -0.0146484375
1017 -0.1279296875
1018 -0.0419921875
1019 0.0234375
1020 -0.01171875
1021 -0.1572265625
1022 -0.02734375
1023 0.0478515625
1024 0.015625
1025 -0.0400390625
1026 0.07421875
1027 0.1357421875
1028 0.083984375
1029 -0.009765625
1030 0.0390625
1031 0.0908203125
1032 0.0380859375
1033 -0.09375
1034 0.0224609375
1035 0.087890625
1036 0.044921875
1037 -0.0947265625
1038 -0.056640625
1039 0.01171875
1040 -0.021484375
1041 -0.134765625
1042 -0.0478515625
1043 0.0205078125
1044 -0.013671875
1045 -0.1298828125
1046 -0.041015625
1047 0.0224609375
1048 -0.01171875
1049 -0.1552734375
1050 -0.0244140625
1051 0.05078125
1052 0.015625
1053 -0.0390625
1054 0.0732421875
1055 0.1376953125
1056 0.0849609375
1057 -0.0107421875
1058 0.0390625
1059 0.09375
1060 0.0390625
1061 -0.0927734375
1062 0.025390625
1063 0.08984375
1064 0.046875
1065 -0.095703125
1066 -0.0537109375
1067 0.0146484375
1068 -0.0185546875
1069 -0.1328125
1070 -0.046875
1071 0.0224609375
1072 -0.013671875
1073 -0.1298828125
1074 -0.041015625
1075 0.0234375
1076 -0.01171875
1077 -0.1552734375
1078 -0.0244140625
1079 0.048828125
1080 0.015625
1081 -0.0390625
1082 0.072265625
1083 0.1376953125
1084 0.0830078125
1085 -0.0107421875
1086 0.037109375
1087 0.09375
1088 0.0390625
1089 -0.0947265625
1090 0.0224609375
1091 0.0869140625
1092 0.044921875
1093 -0.095703125
1094 -0.052734375
1095 0.01171875
1096 -0.0185546875
1097 -0.13671875
1098 -0.044921875
1099 0.0205078125
1100 -0.013671875
1101 -0.1298828125
1102 -0.0419921875
1103 0.0234375
1104 -0.0126953125
1105 -0.1552734375
1106 -0.02734375
1107 0.048828125
1108 0.0146484375
1109 -0.0380859375
1110 0.0732421875
1111 0.13671875
1112 0.0830078125
1113 -0.0107421875
1114 0.0400390625
1115 0.0927734375
1116 0.0380859375
1117 -0.09375
1118 0.0244140625
1119 0.0888671875
1120 0.046875
1121 -0.0947265625
1122 -0.0537109375
1123 0.0146484375
1124 -0.01953125
1125 -0.1328125
1126 -0.0458984375
1127 0.0205078125
1128 -0.013671875
1129 -0.130859375
1130 -0.04296875
1131 0.0234375
1132 -0.0126953125
1133 -0.15625
1134 -0.0283203125
1135 0.0439453125
1136 0.0146484375
1137 -0.0400390625
1138 0.0732421875
1139 0.1357421875
1140 0.08203125
1141 -0.0126953125
1142 0.0400390625
1143 0.0947265625
1144 0.0380859375
1145 -0.0966796875
1146 0.0234375
1147 0.091796875
1148 0.044921875
1149 -0.0966796875
1150 -0.0537109375
1151 0.0185546875
1152 -0.0205078125
1153 -0.134765625
1154 -0.046875
1155 0.025390625
1156 -0.0146484375
1157 -0.1298828125
1158 -0.0390625
1159 0.02734375
1160 -0.0107421875
1161 -0.158203125
1162 -0.0244140625
1163 0.052734375
1164 0.0166015625
1165 -0.04296875
1166 0.07421875
1167 0.140625
1168 0.0849609375
1169 -0.0126953125
1170 0.0400390625
1171 0.0966796875
1172 0.0390625
1173 -0.0947265625
1174 0.025390625
1175 0.095703125
1176 0.0458984375
1177 -0.09375
1178 -0.0517578125
1179 0.0224609375
1180 -0.0185546875
1181 -0.1357421875
1182 -0.0458984375
1183 0.025390625
1184 -0.013671875
1185 -0.1318359375
1186 -0.0400390625
1187 0.0283203125
1188 -0.0107421875
1189 -0.158203125
1190 -0.0244140625
1191 0.05078125
1192 0.015625
1193 -0.04296875
1194 0.0732421875
1195 0.1416015625
1196 0.0830078125
1197 -0.01171875
1198 0.0400390625
1199 0.095703125
1200 0.0380859375
1201 -0.095703125
1202 0.0234375
1203 0.0927734375
1204 0.0458984375
1205 -0.095703125
1206 -0.05078125
1207 0.0185546875
1208 -0.017578125
1209 -0.1357421875
1210 -0.0439453125
1211 0.025390625
1212 -0.013671875
1213 -0.1298828125
1214 -0.0390625
1215 0.03125
1216 -0.0126953125
1217 -0.1572265625
1218 -0.025390625
1219 0.0537109375
1220 0.0146484375
1221 -0.04296875
1222 0.0751953125
1223 0.1416015625
1224 0.083984375
1225 -0.013671875
1226 0.0400390625
1227 0.0947265625
1228 0.0380859375
1229 -0.0966796875
1230 0.025390625
1231 0.0908203125
1232 0.044921875
1233 -0.095703125
1234 -0.05078125
1235 0.0166015625
1236 -0.0185546875
1237 -0.1357421875
1238 -0.044921875
1239 0.0244140625
1240 -0.0146484375
1241 -0.12890625
1242 -0.0400390625
1243 0.0283203125
1244 -0.0126953125
1245 -0.1572265625
1246 -0.02734375
1247 0.05078125
1248 0.0146484375
1249 -0.0419921875
1250 0.0732421875
1251 0.138671875
1252 0.083984375
1253 -0.0126953125
1254 0.0400390625
1255 0.0947265625
1256 0.0380859375
1257 -0.0966796875
1258 0.0224609375
1259 0.0888671875
1260 0.0458984375
1261 -0.0966796875
1262 -0.0537109375
1263 0.0166015625
1264 -0.0185546875
1265 -0.1357421875
1266 -0.046875
1267 0.0244140625
1268 -0.013671875
1269 -0.1279296875
1270 -0.041015625
1271 0.0263671875
1272 -0.01171875
1273 -0.1552734375
1274 -0.0244140625
1275 0.0498046875
1276 0.017578125
1277 -0.0400390625
1278 0.07421875
1279 0.13671875
1280 0.083984375
1281 -0.0107421875
1282 0.041015625
1283 0.09375
1284 0.0380859375
1285 -0.09375
1286 0.0244140625
1287 0.08984375
1288 0.044921875
1289 -0.0947265625
1290 -0.052734375
1291 0.017578125
1292 -0.017578125
1293 -0.1318359375
1294 -0.046875
1295 0.0224609375
1296 -0.013671875
1297 -0.1279296875
1298 -0.041015625
1299 0.021484375
1300 -0.0107421875
1301 -0.1533203125
1302 -0.0244140625
1303 0.048828125
1304 0.017578125
1305 -0.0380859375
1306 0.0751953125
1307 0.13671875
1308 0.0849609375
1309 -0.009765625
1310 0.0400390625
1311 0.09375
1312 0.0390625
1313 -0.0927734375
1314 0.0224609375
1315 0.08984375
1316 0.0458984375
1317 -0.09375
1318 -0.0537109375
1319 0.013671875
1320 -0.0185546875
1321 -0.134765625
1322 -0.0458984375
1323 0.0205078125
1324 -0.013671875
1325 -0.130859375
1326 -0.041015625
1327 0.0224609375
1328 -0.01171875
1329 -0.1552734375
1330 -0.0263671875
1331 0.0478515625
1332 0.0146484375
1333 -0.0400390625
1334 0.07421875
1335 0.1376953125
1336 0.083984375
1337 -0.009765625
1338 0.041015625
1339 0.0966796875
1340 0.0390625
1341 -0.0947265625
1342 0.0234375
1343 0.0908203125
1344 0.046875
1345 -0.0947265625
1346 -0.052734375
1347 0.0146484375
1348 -0.017578125
1349 -0.1337890625
1350 -0.044921875
1351 0.0234375
1352 -0.0126953125
1353 -0.1298828125
1354 -0.0419921875
1355 0.025390625
1356 -0.0126953125
1357 -0.15625
1358 -0.0263671875
1359 0.0478515625
1360 0.0166015625
1361 -0.0400390625
1362 0.0732421875
1363 0.13671875
1364 0.0830078125
1365 -0.009765625
1366 0.0419921875
1367 0.091796875
1368 0.041015625
1369 -0.0966796875
1370 0.0234375
1371 0.087890625
1372 0.0458984375
1373 -0.095703125
1374 -0.052734375
1375 0.0146484375
1376 -0.0205078125
1377 -0.1337890625
1378 -0.044921875
1379 0.0205078125
1380 -0.013671875
1381 -0.1279296875
1382 -0.0400390625
1383 0.025390625
1384 -0.01171875
1385 -0.15234375
1386 -0.0244140625
1387 0.048828125
1388 0.0166015625
1389 -0.0380859375
1390 0.07421875
1391 0.13671875
1392 0.0859375
1393 -0.0087890625
1394 0.041015625
1395 0.09375
1396 0.041015625
1397 -0.0927734375
1398 0.025390625
1399 0.091796875
1400 0.0478515625
1401 -0.0908203125
1402 -0.0498046875
1403 0.0185546875
1404 -0.0166015625
1405 -0.130859375
1406 -0.0439453125
1407 0.025390625
1408 -0.0126953125
1409 -0.126953125
1410 -0.0380859375
1411 0.025390625
1412 -0.0126953125
1413 -0.154296875
1414 -0.0234375
1415 0.048828125
1416 0.017578125
1417 -0.0400390625
1418 0.0751953125
1419 0.1357421875
1420 0.0849609375
1421 -0.0087890625
1422 0.0390625
1423 0.087890625
1424 0.0390625
1425 -0.08984375
1426 0.0224609375
1427 0.0849609375
1428 0.0458984375
1429 -0.08984375
1430 -0.052734375
1431 0.0087890625
1432 -0.0166015625
1433 -0.1298828125
1434 -0.0458984375
1435 0.0166015625
1436 -0.01171875
1437 -0.123046875
1438 -0.0390625
1439 0.021484375
1440 -0.0087890625
1441 -0.1259765625
1442 -0.0048828125
1443 0.0615234375
1444 0.0322265625
1445 -0.078125
1446 -0.0302734375
1447 0.0302734375
1448 -0.00390625
1449 -0.12109375
1450 -0.0419921875
1451 0.0244140625
1452 -0.0068359375
1453 -0.1298828125
1454 -0.0458984375
1455 0.0185546875
1456 -0.01171875
1457 -0.1806640625
1458 -0.0849609375
1459 -0.0185546875
1460 -0.0390625
1461 -0.1962890625
1462 -0.060546875
1463 0.0205078125
1464 -0.001953125
1465 -0.0732421875
1466 0.044921875
1467 0.109375
1468 0.064453125
1469 0.0068359375
1470 0.109375
1471 0.16796875
1472 0.111328125
1473 0.017578125
1474 0.060546875
1475 0.1083984375
1476 0.056640625
1477 -0.046875
1478 0.05859375
1479 0.115234375
1480 0.0712890625
1481 -0.0048828125
1482 0.09765625
1483 0.1513671875
1484 0.0986328125
1485 -0.01953125
1486 0.025390625
1487 0.0751953125
1488 0.02734375
1489 -0.076171875
1490 0.0361328125
1491 0.1025390625
1492 0.0556640625
1493 -0.0107421875
1494 0.0927734375
1495 0.150390625
1496 0.0947265625
1497 -0.0146484375
1498 0.0263671875
1499 0.0791015625
1500 0.0263671875
1501 -0.0810546875
1502 -0.0048828125
1503 0.0537109375
1504 0.009765625
1505 -0.083984375
1506 0.029296875
1507 0.09375
1508 0.0498046875
1509 -0.064453125
1510 0.0458984375
1511 0.10546875
1512 0.0595703125
1513 -0.0439453125
1514 0.0615234375
1515 0.1201171875
1516 0.0712890625
1517 0.0
1518 0.1005859375
1519 0.1552734375
1520 0.0966796875
1521 0.0087890625
1522 0.048828125
1523 0.1005859375
1524 0.046875
1525 -0.048828125
1526 0.0576171875
1527 0.1171875
1528 0.0673828125
1529 -0.044921875
1530 0.0595703125
1531 0.1181640625
1532 0.06640625
1533 -0.0947265625
1534 -0.056640625
1535 0.00390625
1536 -0.03125
1537 -0.197265625
1538 -0.111328125
1539 -0.033203125
1540 -0.0576171875
1541 -0.1640625
1542 -0.037109375
1543 0.0380859375
1544 0.0048828125
1545 -0.0517578125
1546 0.05859375
1547 0.1201171875
1548 0.0693359375
1549 0.005859375
1550 0.1083984375
1551 0.16015625
1552 0.1015625
1553 -0.0146484375
1554 0.021484375
1555 0.072265625
1556 0.0224609375
1557 -0.1064453125
1558 -0.0263671875
1559 0.029296875
1560 -0.009765625
1561 -0.193359375
1562 -0.126953125
1563 -0.0478515625
1564 -0.068359375
1565 -0.1728515625
1566 -0.0810546875
1567 -0.009765625
1568 -0.04296875
1569 -0.20703125
1570 -0.12890625
1571 -0.0498046875
1572 -0.0693359375
1573 -0.189453125
1574 -0.0546875
1575 0.0205078125
1576 -0.005859375
1577 -0.107421875
1578 -0.0546875
1579 0.01171875
1580 -0.0224609375
1581 -0.1376953125
1582 -0.048828125
1583 0.0166015625
1584 -0.01953125
1585 -0.130859375
1586 -0.046875
1587 0.0205078125
1588 -0.0166015625
1589 -0.1064453125
1590 0.0126953125
1591 0.0830078125
1592 0.0380859375
1593 -0.0146484375
1594 0.0927734375
1595 0.1533203125
1596 0.0966796875
1597 -0.0166015625
1598 0.083984375
1599 0.140625
1600 0.0869140625
1601 -0.0185546875
1602 0.0869140625
1603 0.1435546875
1604 0.0859375
1605 0.0126953125
1606 0.11328125
1607 0.1689453125
1608 0.1044921875
1609 0.0146484375
1610 0.0556640625
1611 0.1083984375
1612 0.048828125
1613 -0.0439453125
1614 0.05859375
1615 0.1201171875
1616 0.0673828125
1617 -0.0439453125
1618 0.0595703125
1619 0.1162109375
1620 0.06640625
1621 -0.09765625
1622 -0.0576171875
1623 0.001953125
1624 -0.0302734375
1625 -0.197265625
1626 -0.1083984375
1627 -0.033203125
1628 -0.056640625
1629 -0.1650390625
1630 -0.0380859375
1631 0.037109375
1632 0.0029296875
1633 -0.0693359375
1634 0.0419921875
1635 0.1083984375
1636 0.0576171875
1637 -0.0029296875
1638 0.1005859375
1639 0.158203125
1640 0.09765625
1641 -0.021484375
1642 0.01953125
1643 0.072265625
1644 0.01953125
1645 -0.11328125
1646 -0.0283203125
1647 0.03125
1648 -0.01171875
1649 -0.197265625
1650 -0.126953125
1651 -0.0458984375
1652 -0.0703125
1653 -0.1767578125
1654 -0.0791015625
1655 -0.00390625
1656 -0.044921875
1657 -0.2099609375
1658 -0.130859375
1659 -0.044921875
1660 -0.072265625
1661 -0.1953125
1662 -0.0576171875
1663 0.0224609375
1664 -0.0107421875
1665 -0.111328125
1666 -0.0556640625
1667 0.0166015625
1668 -0.0244140625
1669 -0.140625
1670 -0.046875
1671 0.0205078125
1672 -0.0205078125
1673 -0.134765625
1674 -0.0458984375
1675 0.0224609375
1676 -0.0166015625
1677 -0.111328125
1678 0.0107421875
1679 0.0810546875
1680 0.037109375
1681 -0.013671875
1682 0.095703125
1683 0.158203125
1684 0.09765625
1685 0.041015625
1686 0.1435546875
1687 0.2001953125
1688 0.130859375
1689 0.0673828125
1690 0.1650390625
1691 0.2197265625
1692 0.1455078125
1693 0.037109375
1694 0.1357421875
1695 0.1875
1696 0.1171875
1697 0.0068359375
1698 0.1064453125
1699 0.1630859375
1700 0.0986328125
1701 0.01953125
1702 0.1181640625
1703 0.173828125
1704 0.10546875
1705 0.013671875
1706 0.0556640625
1707 0.1083984375
1708 0.044921875
1709 -0.0478515625
1710 0.0576171875
1711 0.1181640625
1712 0.0615234375
1713 0.0087890625
1714 0.1103515625
1715 0.1650390625
1716 0.1015625
1717 0.037109375
1718 0.1357421875
1719 0.1904296875
1720 0.1181640625
1721 0.01171875
1722 0.1083984375
1723 0.162109375
1724 0.0947265625
1725 -0.0673828125
1726 -0.033203125
1727 0.0244140625
1728 -0.0234375
1729 -0.1875
1730 -0.1044921875
1731 -0.0302734375
1732 -0.0634765625
1733 -0.173828125
1734 -0.0458984375
1735 0.0263671875
1736 -0.009765625
1737 -0.0751953125
1738 0.041015625
1739 0.1015625
1740 0.0498046875
1741 -0.0166015625
1742 0.0849609375
1743 0.140625
1744 0.0810546875
1745 -0.0390625
1746 0.0
1747 0.05078125
1748 0.0009765625
1749 -0.1298828125
1750 -0.0478515625
1751 0.0107421875
1752 -0.03125
1753 -0.2138671875
1754 -0.1455078125
1755 -0.068359375
1756 -0.0869140625
1757 -0.1923828125
1758 -0.09765625
1759 -0.0302734375
1760 -0.0595703125
1761 -0.2265625
1762 -0.1474609375
1763 -0.0673828125
1764 -0.0859375
1765 -0.20703125
1766 -0.0732421875
1767 0.005859375
1768 -0.0244140625
1769 -0.125
1770 -0.0732421875
1771 -0.0029296875
1772 -0.0400390625
1773 -0.1630859375
1774 -0.0712890625
1775 -0.00390625
1776 -0.041015625
1777 -0.166015625
1778 -0.0771484375
1779 -0.0087890625
1780 -0.04296875
1781 -0.1416015625
1782 -0.0166015625
1783 0.0546875
1784 0.015625
1785 -0.0361328125
1786 0.0771484375
1787 0.138671875
1788 0.0791015625
1789 0.01953125
1790 0.12109375
1791 0.1796875
1792 0.111328125
1793 0.044921875
1794 0.142578125
1795 0.1982421875
1796 0.1259765625
1797 0.0595703125
1798 0.1533203125
1799 0.2080078125
1800 0.1337890625
1801 0.064453125
1802 0.1611328125
1803 0.2138671875
1804 0.13671875
1805 0.0244140625
1806 0.1181640625
1807 0.1669921875
1808 0.1015625
1809 -0.0126953125
1810 0.0869140625
1811 0.1416015625
1812 0.0771484375
1813 -0.0029296875
1814 0.09765625
1815 0.1513671875
1816 0.0869140625
1817 -0.0078125
1818 0.0341796875
1819 0.087890625
1820 0.025390625
1821 -0.06640625
1822 0.0400390625
1823 0.1015625
1824 0.044921875
1825 -0.0185546875
1826 0.0859375
1827 0.1416015625
1828 0.078125
1829 0.013671875
1830 0.11328125
1831 0.1689453125
1832 0.099609375
1833 -0.009765625
1834 0.0888671875
1835 0.140625
1836 0.0751953125
1837 -0.087890625
1838 -0.0546875
1839 0.001953125
1840 -0.0390625
1841 -0.2080078125
1842 -0.126953125
1843 -0.0517578125
1844 -0.080078125
1845 -0.189453125
1846 -0.0625
1847 0.009765625
1848 -0.0234375
1849 -0.0859375
1850 0.025390625
1851 0.087890625
1852 0.0361328125
1853 -0.0302734375
1854 0.07421875
1855 0.12890625
1856 0.0673828125
1857 -0.0517578125
1858 -0.0126953125
1859 0.0390625
1860 -0.01171875
1861 -0.1416015625
1862 -0.060546875
1863 0.0
1864 -0.04296875
1865 -0.224609375
1866 -0.158203125
1867 -0.076171875
1868 -0.099609375
1869 -0.201171875
1870 -0.107421875
1871 -0.0419921875
1872 -0.068359375
1873 -0.234375
1874 -0.158203125
1875 -0.0830078125
1876 -0.095703125
1877 -0.2138671875
1878 -0.08203125
1879 -0.01171875
1880 -0.03125
1881 -0.1318359375
1882 -0.083984375
1883 -0.0185546875
1884 -0.0478515625
1885 -0.1982421875
1886 -0.111328125
1887 -0.0439453125
1888 -0.06640625
1889 -0.2060546875
1890 -0.119140625
1891 -0.0478515625
1892 -0.0673828125
1893 -0.1611328125
1894 -0.0380859375
1895 0.0302734375
1896 0.001953125
1897 -0.044921875
1898 0.0615234375
1899 0.119140625
1900 0.072265625
1901 0.009765625
1902 0.10546875
1903 0.158203125
1904 0.1025390625
1905 0.0380859375
1906 0.12890625
1907 0.1806640625
1908 0.1162109375
1909 0.048828125
1910 0.1376953125
1911 0.1875
1912 0.123046875
1913 0.060546875
1914 0.1474609375
1915 0.1962890625
1916 0.12890625
1917 0.0224609375
1918 0.111328125
1919 0.1591796875
1920 0.095703125
1921 -0.01171875
1922 0.0810546875
1923 0.1328125
1924 0.07421875
1925 -0.001953125
1926 0.0927734375
1927 0.1396484375
1928 0.0830078125
1929 -0.0107421875
1930 0.029296875
1931 0.0771484375
1932 0.0205078125
1933 -0.0673828125
1934 0.033203125
1935 0.08984375
1936 0.0390625
1937 -0.013671875
1938 0.08203125
1939 0.1337890625
1940 0.0771484375
1941 0.0185546875
1942 0.111328125
1943 0.162109375
1944 0.0986328125
1945 -0.0068359375
1946 0.0849609375
1947 0.1357421875
1948 0.07421875
1949 -0.0849609375
1950 -0.0517578125
1951 0.001953125
1952 -0.0419921875
1953 -0.201171875
1954 -0.1220703125
1955 -0.0517578125
1956 -0.078125
1957 -0.185546875
1958 -0.0634765625
1959 0.0048828125
1960 -0.0263671875
1961 -0.0859375
1962 0.021484375
1963 0.0791015625
1964 0.033203125
1965 -0.029296875
1966 0.0693359375
1967 0.1201171875
1968 0.064453125
1969 -0.0517578125
1970 -0.0166015625
1971 0.03125
1972 -0.0146484375
1973 -0.140625
1974 -0.064453125
1975 -0.0078125
1976 -0.046875
1977 -0.2265625
1978 -0.162109375
1979 -0.0849609375
1980 -0.1015625
1981 -0.203125
1982 -0.1123046875
1983 -0.044921875
1984 -0.07421875
1985 -0.23828125
1986 -0.162109375
1987 -0.083984375
1988 -0.099609375
1989 -0.21875
1990 -0.0869140625
1991 -0.0107421875
1992 -0.0361328125
1993 -0.1376953125
1994 -0.0869140625
1995 -0.01953125
1996 -0.0546875
1997 -0.1728515625
1998 -0.0849609375
1999 -0.01953125
2000 -0.0537109375
2001 -0.171875
2002 -0.0869140625
2003 -0.01953125
2004 -0.0517578125
2005 -0.14453125
2006 -0.0244140625
2007 0.044921875
2008 0.005859375
2009 -0.041015625
2010 0.0654296875
2011 0.125
2012 0.0712890625
2013 0.009765625
2014 0.109375
2015 0.1611328125
2016 0.099609375
2017 0.029296875
2018 0.1240234375
2019 0.177734375
2020 0.111328125
2021 0.0361328125
2022 0.130859375
2023 0.1796875
2024 0.11328125
2025 0.05078125
2026 0.1416015625
2027 0.1904296875
2028 0.12109375
2029 0.0126953125
2030 0.1044921875
2031 0.1533203125
2032 0.0888671875
2033 -0.01953125
2034 0.0771484375
2035 0.126953125
2036 0.0693359375
2037 -0.0126953125
2038 0.0859375
2039 0.138671875
2040 0.0751953125
2041 -0.03125
2042 0.0068359375
2043 0.0576171875
2044 0.00390625
2045 -0.0869140625
2046 0.01953125
2047 0.0810546875
2048 0.02734375
2049 -0.029296875
2050 0.072265625
2051 0.1298828125
2052 0.068359375
2053 0.0068359375
2054 0.1044921875
2055 0.1572265625
2056 0.0908203125
2057 -0.017578125
2058 0.0791015625
2059 0.130859375
2060 0.0673828125
2061 -0.09375
2062 -0.0576171875
2063 -0.0029296875
2064 -0.0478515625
2065 -0.21484375
2066 -0.1318359375
2067 -0.0556640625
2068 -0.0888671875
2069 -0.197265625
2070 -0.0703125
2071 0.0048828125
2072 -0.0322265625
2073 -0.107421875
2074 0.0068359375
2075 0.072265625
2076 0.0205078125
2077 -0.04296875
2078 0.0634765625
2079 0.1201171875
2080 0.0595703125
2081 -0.060546875
2082 -0.0224609375
2083 0.0322265625
2084 -0.0185546875
2085 -0.1494140625
2086 -0.06640625
2087 -0.0087890625
2088 -0.0498046875
2089 -0.2333984375
2090 -0.166015625
2091 -0.0859375
2092 -0.1064453125
2093 -0.2119140625
2094 -0.115234375
2095 -0.0478515625
2096 -0.0771484375
2097 -0.2431640625
2098 -0.1650390625
2099 -0.083984375
2100 -0.1025390625
2101 -0.2265625
2102 -0.0888671875
2103 -0.0107421875
2104 -0.0390625
2105 -0.1416015625
2106 -0.087890625
2107 -0.0205078125
2108 -0.0556640625
2109 -0.21875
2110 -0.123046875
2111 -0.0517578125
2112 -0.078125
2113 -0.2314453125
2114 -0.1376953125
2115 -0.05859375
2116 -0.08203125
2117 -0.169921875
2118 -0.0439453125
2119 0.033203125
2120 -0.0048828125
2121 -0.052734375
2122 0.0595703125
2123 0.1220703125
2124 0.064453125
2125 0.0
2126 0.1044921875
2127 0.1640625
2128 0.0966796875
2129 0.0205078125
2130 0.1220703125
2131 0.1767578125
2132 0.1064453125
2133 0.0341796875
2134 0.1318359375
2135 0.1875
2136 0.11328125
2137 0.046875
2138 0.1435546875
2139 0.1962890625
2140 0.12109375
2141 0.0087890625
2142 0.10546875
2143 0.1572265625
2144 0.0888671875
2145 -0.02734375
2146 0.07421875
2147 0.1279296875
2148 0.0654296875
2149 -0.0166015625
2150 0.0859375
2151 0.1416015625
2152 0.0751953125
2153 -0.021484375
2154 0.0234375
2155 0.0771484375
2156 0.013671875
2157 -0.0771484375
2158 0.0302734375
2159 0.09375
2160 0.0361328125
2161 -0.0341796875
2162 0.072265625
2163 0.134765625
2164 0.0654296875
2165 0.00390625
2166 0.1044921875
2167 0.1630859375
2168 0.08984375
2169 -0.0185546875
2170 0.0810546875
2171 0.1376953125
2172 0.0673828125
2173 -0.0927734375
2174 -0.0537109375
2175 0.0048828125
2176 -0.0439453125
2177 -0.2080078125
2178 -0.1220703125
2179 -0.046875
2180 -0.0830078125
2181 -0.1962890625
2182 -0.064453125
2183 0.0107421875
2184 -0.0302734375
2185 -0.0947265625
2186 0.01953125
2187 0.0869140625
2188 0.029296875
2189 -0.0400390625
2190 0.06640625
2191 0.1259765625
2192 0.0615234375
2193 -0.0625
2194 -0.0224609375
2195 0.033203125
2196 -0.021484375
2197 -0.1533203125
2198 -0.0673828125
2199 -0.00390625
2200 -0.0498046875
2201 -0.2353515625
2202 -0.1640625
2203 -0.0810546875
2204 -0.1064453125
2205 -0.2119140625
2206 -0.1142578125
2207 -0.0390625
2208 -0.0771484375
2209 -0.2431640625
2210 -0.1640625
2211 -0.0791015625
2212 -0.1044921875
2213 -0.2275390625
2214 -0.087890625
2215 -0.0087890625
2216 -0.0400390625
2217 -0.1435546875
2218 -0.0869140625
2219 -0.0166015625
2220 -0.0556640625
2221 -0.1826171875
2222 -0.0869140625
2223 -0.0185546875
2224 -0.0576171875
2225 -0.181640625
2226 -0.0927734375
2227 -0.0185546875
2228 -0.0576171875
2229 -0.15234375
2230 -0.025390625
2231 0.0498046875
2232 0.0029296875
2233 -0.0498046875
2234 0.0654296875
2235 0.130859375
2236 0.0654296875
2237 0.0029296875
2238 0.1083984375
2239 0.16796875
2240 0.09765625
2241 0.0244140625
2242 0.1279296875
2243 0.1845703125
2244 0.1083984375
2245 0.0341796875
2246 0.134765625
2247 0.189453125
2248 0.111328125
2249 0.044921875
2250 0.142578125
2251 0.19921875
2252 0.119140625
2253 0.0078125
2254 0.103515625
2255 0.1572265625
2256 0.0859375
2257 -0.02734375
2258 0.0732421875
2259 0.1298828125
2260 0.064453125
2261 -0.01953125
2262 0.083984375
2263 0.1396484375
2264 0.072265625
2265 -0.037109375
2266 0.0068359375
2267 0.0615234375
2268 0.001953125
2269 -0.0908203125
2270 0.0185546875
2271 0.083984375
2272 0.0263671875
2273 -0.03125
2274 0.072265625
2275 0.1337890625
2276 0.0654296875
2277 0.0048828125
2278 0.1044921875
2279 0.1630859375
2280 0.0888671875
2281 -0.021484375
2282 0.0771484375
2283 0.1318359375
2284 0.0634765625
2285 -0.0966796875
2286 -0.060546875
2287 -0.0048828125
2288 -0.048828125
2289 -0.2177734375
2290 -0.1318359375
2291 -0.0595703125
2292 -0.087890625
2293 -0.2001953125
2294 -0.0703125
2295 0.001953125
2296 -0.0341796875
2297 -0.1083984375
2298 0.0048828125
2299 0.072265625
2300 0.0185546875
2301 -0.0419921875
2302 0.0615234375
2303 0.1220703125
2304 0.0595703125
2305 -0.0615234375
2306 -0.0224609375
2307 0.0322265625
2308 -0.01953125
2309 -0.1513671875
2310 -0.06640625
2311 -0.0068359375
2312 -0.05078125
2313 -0.2353515625
2314 -0.1650390625
2315 -0.083984375
2316 -0.1044921875
2317 -0.212890625
2318 -0.1142578125
2319 -0.04296875
2320 -0.078125
2321 -0.244140625
2322 -0.1650390625
2323 -0.0830078125
2324 -0.1044921875
2325 -0.224609375
2326 -0.08984375
2327 -0.0107421875
2328 -0.041015625
2329 -0.1435546875
2330 -0.0888671875
2331 -0.0224609375
2332 -0.0556640625
2333 -0.2216796875
2334 -0.1259765625
2335 -0.0546875
2336 -0.0791015625
2337 -0.2333984375
2338 -0.1396484375
2339 -0.060546875
2340 -0.0830078125
2341 -0.1728515625
2342 -0.0439453125
2343 0.0302734375
2344 -0.0068359375
2345 -0.0537109375
2346 0.0556640625
2347 0.1201171875
2348 0.0625
2349 0.001953125
2350 0.103515625
2351 0.1591796875
2352 0.095703125
2353 0.0224609375
2354 0.119140625
2355 0.1728515625
2356 0.1064453125
2357 0.0361328125
2358 0.130859375
2359 0.1806640625
2360 0.11328125
2361 0.046875
2362 0.140625
2363 0.1943359375
2364 0.1201171875
2365 0.0107421875
2366 0.103515625
2367 0.1533203125
2368 0.087890625
2369 -0.025390625
2370 0.072265625
2371 0.126953125
2372 0.0654296875
2373 -0.013671875
2374 0.0849609375
2375 0.138671875
2376 0.07421875
2377 -0.0224609375
2378 0.021484375
2379 0.07421875
2380 0.013671875
2381 -0.078125
2382 0.0283203125
2383 0.08984375
2384 0.033203125
2385 -0.0322265625
2386 0.072265625
2387 0.1279296875
2388 0.064453125
2389 0.0048828125
2390 0.1044921875
2391 0.1591796875
2392 0.08984375
2393 -0.015625
2394 0.0810546875
2395 0.1337890625
2396 0.0673828125
2397 -0.0869140625
2398 -0.052734375
2399 0.0009765625
2400 -0.0419921875
2401 -0.201171875
2402 -0.1201171875
2403 -0.0498046875
2404 -0.080078125
2405 -0.189453125
2406 -0.064453125
2407 0.0068359375
2408 -0.02734375
2409 -0.091796875
2410 0.0185546875
2411 0.08203125
2412 0.029296875
2413 -0.0361328125
2414 0.064453125
2415 0.12109375
2416 0.060546875
2417 -0.060546875
2418 -0.0234375
2419 0.029296875
2420 -0.01953125
2421 -0.1494140625
2422 -0.06640625
2423 -0.009765625
2424 -0.0498046875
2425 -0.234375
2426 -0.1650390625
2427 -0.0869140625
2428 -0.1044921875
2429 -0.212890625
2430 -0.1142578125
2431 -0.0458984375
2432 -0.078125
2433 -0.2451171875
2434 -0.166015625
2435 -0.0849609375
2436 -0.103515625
2437 -0.2236328125
2438 -0.08984375
2439 -0.01171875
2440 -0.041015625
2441 -0.140625
2442 -0.0888671875
2443 -0.021484375
2444 -0.0556640625
2445 -0.1806640625
2446 -0.0888671875
2447 -0.0234375
2448 -0.0576171875
2449 -0.181640625
2450 -0.0927734375
2451 -0.0263671875
2452 -0.0556640625
2453 -0.150390625
2454 -0.0283203125
2455 0.0439453125
2456 0.0029296875
2457 -0.0458984375
2458 0.0625
2459 0.125
2460 0.0673828125
2461 0.005859375
2462 0.1064453125
2463 0.166015625
2464 0.09765625
2465 0.029296875
2466 0.1259765625
2467 0.1787109375
2468 0.1103515625
2469 0.0380859375
2470 0.1337890625
2471 0.1845703125
2472 0.1142578125
2473 0.046875
2474 0.142578125
2475 0.193359375
2476 0.1201171875
2477 0.0107421875
2478 0.1015625
2479 0.1494140625
2480 0.0859375
2481 -0.0263671875
2482 0.0703125
2483 0.1220703125
2484 0.0634765625
2485 -0.0146484375
2486 0.08203125
2487 0.1337890625
2488 0.0712890625
2489 -0.0341796875
2490 0.00390625
2491 0.0537109375
2492 0.00390625
2493 -0.0869140625
2494 0.0185546875
2495 0.076171875
2496 0.0283203125
2497 -0.029296875
2498 0.0712890625
2499 0.1259765625
2500 0.06640625
2501 0.0087890625
2502 0.1015625
2503 0.15234375
2504 0.0888671875
2505 -0.015625
2506 0.0751953125
2507 0.126953125
2508 0.06640625
2509 -0.091796875
2510 -0.0576171875
2511 -0.00390625
2512 -0.046875
2513 -0.2080078125
2514 -0.12890625
2515 -0.0595703125
2516 -0.083984375
2517 -0.193359375
2518 -0.068359375
2519 0.0
2520 -0.0322265625
2521 -0.0908203125
2522 0.01953125
2523 0.0791015625
2524 0.029296875
2525 -0.0322265625
2526 0.06640625
2527 0.119140625
2528 0.0615234375
2529 -0.060546875
2530 -0.025390625
2531 0.0244140625
2532 -0.0224609375
2533 -0.162109375
2534 -0.08203125
2535 -0.0224609375
2536 -0.05859375
2537 -0.2412109375
2538 -0.173828125
2539 -0.09375
2540 -0.109375
2541 -0.21875
2542 -0.123046875
2543 -0.052734375
2544 -0.080078125
2545 -0.2568359375
2546 -0.177734375
2547 -0.0966796875
2548 -0.1123046875
2549 -0.259765625
2550 -0.1201171875
2551 -0.0341796875
2552 -0.0576171875
2553 -0.1328125
2554 -0.0146484375
2555 0.056640625
2556 0.01171875
2557 -0.12109375
2558 -0.0810546875
2559 -0.015625
2560 -0.0498046875
2561 -0.169921875
2562 -0.0849609375
2563 -0.0185546875
2564 -0.0498046875
2565 -0.15625
2566 -0.0703125
2567 -0.0087890625
2568 -0.04296875
2569 -0.16015625
2570 -0.0390625
2571 0.0302734375
2572 -0.005859375
2573 -0.0927734375
2574 0.01953125
2575 0.083984375
2576 0.0361328125
2577 -0.025390625
2578 0.0771484375
2579 0.1357421875
2580 0.078125
2581 -0.0185546875
2582 0.0302734375
2583 0.0791015625
2584 0.0205078125
2585 -0.109375
2586 0.0048828125
2587 0.06640625
2588 0.0224609375
2589 -0.1181640625
2590 -0.078125
2591 -0.013671875
2592 -0.046875
2593 -0.162109375
2594 -0.078125
2595 -0.0107421875
2596 -0.0439453125
2597 -0.1591796875
2598 -0.072265625
2599 -0.0068359375
2600 -0.0439453125
2601 -0.185546875
2602 -0.056640625
2603 0.017578125
2604 -0.0146484375
2605 -0.0712890625
2606 0.0419921875
2607 0.1044921875
2608 0.052734375
2609 -0.04296875
2610 0.009765625
2611 0.0654296875
2612 0.0087890625
2613 -0.1240234375
2614 -0.0048828125
2615 0.060546875
2616 0.015625
2617 -0.125
2618 -0.08203125
2619 -0.01171875
2620 -0.0478515625
2621 -0.162109375
2622 -0.07421875
2623 -0.005859375
2624 -0.0419921875
2625 -0.15625
2626 -0.0673828125
2627 -0.00390625
2628 -0.0390625
2629 -0.1826171875
2630 -0.0517578125
2631 0.0224609375
2632 -0.009765625
2633 -0.0654296875
2634 0.0478515625
2635 0.111328125
2636 0.05859375
2637 -0.0341796875
2638 0.0126953125
2639 0.0654296875
2640 0.013671875
2641 -0.1162109375
2642 0.0
2643 0.064453125
2644 0.0224609375
2645 -0.1162109375
2646 -0.076171875
2647 -0.0087890625
2648 -0.0400390625
2649 -0.15625
2650 -0.0703125
2651 -0.0029296875
2652 -0.0361328125
2653 -0.1513671875
2654 -0.0634765625
2655 0.0
2656 -0.033203125
2657 -0.1767578125
2658 -0.046875
2659 0.025390625
2660 -0.005859375
2661 -0.0615234375
2662 0.0498046875
2663 0.11328125
2664 0.0615234375
2665 -0.03125
2666 0.0166015625
2667 0.0712890625
2668 0.017578125
2669 -0.1162109375
2670 0.0009765625
2671 0.06640625
2672 0.0234375
2673 -0.1162109375
2674 -0.0732421875
2675 -0.0068359375
2676 -0.0390625
2677 -0.1552734375
2678 -0.0654296875
2679 0.00390625
2680 -0.0322265625
2681 -0.1494140625
2682 -0.0595703125
2683 0.0068359375
2684 -0.03125
2685 -0.1728515625
2686 -0.04296875
2687 0.033203125
2688 -0.001953125
2689 -0.05859375
2690 0.0556640625
2691 0.119140625
2692 0.0654296875
2693 -0.02734375
2694 0.021484375
2695 0.076171875
2696 0.01953125
2697 -0.111328125
2698 0.0078125
2699 0.0732421875
2700 0.029296875
2701 -0.111328125
2702 -0.068359375
2703 -0.00390625
2704 -0.0341796875
2705 -0.1484375
2706 -0.0615234375
2707 0.0048828125
2708 -0.0302734375
2709 -0.1435546875
2710 -0.056640625
2711 0.0078125
2712 -0.0283203125
2713 -0.169921875
2714 -0.041015625
2715 0.0341796875
2716 0.0
2717 -0.0546875
2718 0.056640625
2719 0.119140625
2720 0.0673828125
2721 -0.025390625
2722 0.0234375
2723 0.076171875
2724 0.0244140625
2725 -0.109375
2726 0.0087890625
2727 0.07421875
2728 0.03125
2729 -0.1103515625
2730 -0.0693359375
2731 -0.0009765625
2732 -0.033203125
2733 -0.1494140625
2734 -0.0615234375
2735 0.0078125
2736 -0.0263671875
2737 -0.142578125
2738 -0.0556640625
2739 0.0126953125
2740 -0.025390625
2741 -0.169921875
2742 -0.0400390625
2743 0.0361328125
2744 0.001953125
2745 -0.0546875
2746 0.0615234375
2747 0.125
2748 0.0712890625
2749 -0.0244140625
2750 0.0263671875
2751 0.0791015625
2752 0.02734375
2753 -0.10546875
2754 0.0107421875
2755 0.0771484375
2756 0.033203125
2757 -0.10546875
2758 -0.06640625
2759 0.001953125
2760 -0.03125
2761 -0.1455078125
2762 -0.060546875
2763 0.0078125
2764 -0.0263671875
2765 -0.138671875
2766 -0.0537109375
2767 0.005859375
2768 -0.0244140625
2769 -0.1669921875
2770 -0.0400390625
2771 0.03125
2772 0.005859375
2773 -0.05078125
2774 0.0615234375
2775 0.1201171875
2776 0.0732421875
2777 -0.0205078125
2778 0.02734375
2779 0.080078125
2780 0.02734375
2781 -0.1025390625
2782 0.01171875
2783 0.0771484375
2784 0.03515625
2785 -0.103515625
2786 -0.0634765625
2787 0.0009765625
2788 -0.0283203125
2789 -0.142578125
2790 -0.056640625
2791 0.0078125
2792 -0.0234375
2793 -0.1396484375
2794 -0.0517578125
2795 0.0126953125
2796 -0.021484375
2797 -0.1650390625
2798 -0.03515625
2799 0.0380859375
2800 0.005859375
2801 -0.048828125
2802 0.064453125
2803 0.126953125
2804 0.07421875
2805 -0.017578125
2806 0.03125
2807 0.083984375
2808 0.0302734375
2809 -0.099609375
2810 0.015625
2811 0.0810546875
2812 0.0380859375
2813 -0.1025390625
2814 -0.0595703125
2815 0.0068359375
2816 -0.0263671875
2817 -0.1416015625
2818 -0.0537109375
2819 0.013671875
2820 -0.0205078125
2821 -0.13671875
2822 -0.048828125
2823 0.0146484375
2824 -0.0205078125
2825 -0.1640625
2826 -0.033203125
2827 0.0400390625
2828 0.0068359375
2829 -0.048828125
2830 0.064453125
2831 0.1279296875
2832 0.076171875
2833 -0.017578125
2834 0.0322265625
2835 0.0849609375
2836 0.029296875
2837 -0.1025390625
2838 0.0166015625
2839 0.08203125
2840 0.0380859375
2841 -0.1005859375
2842 -0.0576171875
2843 0.009765625
2844 -0.0244140625
2845 -0.140625
2846 -0.0517578125
2847 0.015625
2848 -0.0205078125
2849 -0.134765625
2850 -0.048828125
2851 0.0185546875
2852 -0.01953125
2853 -0.162109375
2854 -0.033203125
2855 0.0439453125
2856 0.0087890625
2857 -0.05078125
2858 0.06640625
2859 0.1328125
2860 0.076171875
2861 -0.0205078125
2862 0.0322265625
2863 0.08984375
2864 0.0302734375
2865 -0.103515625
2866 0.0166015625
2867 0.0869140625
2868 0.0380859375
2869 -0.1025390625
2870 -0.05859375
2871 0.0146484375
2872 -0.0263671875
2873 -0.1416015625
2874 -0.0517578125
2875 0.021484375
2876 -0.021484375
2877 -0.138671875
2878 -0.0458984375
2879 0.0234375
2880 -0.0205078125
2881 -0.1669921875
2882 -0.0322265625
2883 0.046875
2884 0.0087890625
2885 -0.0517578125
2886 0.068359375
2887 0.134765625
2888 0.0771484375
2889 -0.0185546875
2890 0.03515625
2891 0.0908203125
2892 0.033203125
2893 -0.103515625
2894 0.017578125
2895 0.0869140625
2896 0.0390625
2897 -0.1015625
2898 -0.0595703125
2899 0.0126953125
2900 -0.0263671875
2901 -0.140625
2902 -0.05078125
2903 0.0205078125
2904 -0.01953125
2905 -0.1376953125
2906 -0.0458984375
2907 0.0224609375
2908 -0.0185546875
2909 -0.166015625
2910 -0.03125
2911 0.044921875
2912 0.01171875
2913 -0.048828125
2914 0.068359375
2915 0.1337890625
2916 0.0771484375
2917 -0.017578125
2918 0.0341796875
2919 0.08984375
2920 0.0322265625
2921 -0.1025390625
2922 0.01953125
2923 0.0888671875
2924 0.0400390625
2925 -0.099609375
2926 -0.0556640625
2927 0.0126953125
2928 -0.0234375
2929 -0.1396484375
2930 -0.0498046875
2931 0.0185546875
2932 -0.017578125
2933 -0.13671875
2934 -0.044921875
2935 0.0205078125
2936 -0.0166015625
2937 -0.1630859375
2938 -0.0302734375
2939 0.046875
2940 0.0107421875
2941 -0.0458984375
2942 0.068359375
2943 0.134765625
2944 0.0791015625
2945 -0.015625
2946 0.0361328125
2947 0.0908203125
2948 0.0341796875
2949 -0.0986328125
2950 0.01953125
2951 0.0869140625
2952 0.041015625
2953 -0.1015625
2954 -0.056640625
2955 0.013671875
2956 -0.0234375
2957 -0.140625
2958 -0.05078125
2959 0.0185546875
2960 -0.0166015625
2961 -0.1328125
2962 -0.044921875
2963 0.021484375
2964 -0.0166015625
2965 -0.158203125
2966 -0.029296875
2967 0.046875
2968 0.01171875
2969 -0.0439453125
2970 0.0712890625
2971 0.1376953125
2972 0.080078125
2973 -0.0146484375
2974 0.037109375
2975 0.0888671875
2976 0.03515625
2977 -0.0986328125
2978 0.021484375
2979 0.0869140625
2980 0.04296875
2981 -0.0966796875
2982 -0.0537109375
2983 0.0126953125
2984 -0.021484375
2985 -0.1376953125
2986 -0.05078125
2987 0.0205078125
2988 -0.0185546875
2989 -0.1337890625
2990 -0.044921875
2991 0.021484375
2992 -0.015625
2993 -0.1572265625
2994 -0.029296875
2995 0.0439453125
2996 0.0126953125
2997 -0.0439453125
2998 0.0712890625
2999 0.1328125
3000 0.08203125
3001 -0.013671875
3002 0.03515625
3003 0.08984375
3004 0.037109375
3005 -0.0966796875
3006 0.017578125
3007 0.083984375
3008 0.0439453125
3009 -0.09765625
3010 -0.0576171875
3011 0.01171875
3012 -0.0224609375
3013 -0.1357421875
3014 -0.0498046875
3015 0.01953125
3016 -0.0166015625
3017 -0.1298828125
3018 -0.0439453125
3019 0.0224609375
3020 -0.0126953125
3021 -0.154296875
3022 -0.0263671875
3023 0.048828125
3024 0.0166015625
3025 -0.0390625
3026 0.0712890625
3027 0.1318359375
3028 0.0830078125
3029 -0.009765625
3030 0.0361328125
3031 0.087890625
3032 0.0380859375
3033 -0.08984375
3034 0.0224609375
3035 0.083984375
3036 0.046875
3037 -0.0908203125
3038 -0.0537109375
3039 0.0107421875
3040 -0.0185546875
3041 -0.130859375
3042 -0.048828125
3043 0.0166015625
3044 -0.0126953125
3045 -0.126953125
3046 -0.04296875
3047 0.0166015625
3048 -0.01171875
3049 -0.15234375
3050 -0.0283203125
3051 0.0419921875
3052 0.0146484375
3053 -0.0390625
3054 0.0693359375
3055 0.1279296875
3056 0.0810546875
3057 -0.0087890625
3058 0.03515625
3059 0.0849609375
3060 0.0361328125
3061 -0.08984375
3062 0.021484375
3063 0.0810546875
3064 0.0458984375
3065 -0.0927734375
3066 -0.0537109375
3067 0.0087890625
3068 -0.0185546875
3069 -0.1318359375
3070 -0.046875
3071 0.0146484375
3072 -0.0126953125
3073 -0.1259765625
3074 -0.041015625
3075 0.0166015625
3076 -0.013671875
3077 -0.150390625
3078 -0.02734375
3079 0.04296875
3080 0.0166015625
3081 -0.0361328125
3082 0.0693359375
3083 0.12890625
3084 0.0830078125
3085 -0.0087890625
3086 0.0361328125
3087 0.0859375
3088 0.0380859375
3089 -0.0908203125
3090 0.0224609375
3091 0.0830078125
3092 0.0458984375
3093 -0.09375
3094 -0.0537109375
3095 0.009765625
3096 -0.0166015625
3097 -0.1318359375
3098 -0.048828125
3099 0.015625
3100 -0.0146484375
3101 -0.126953125
3102 -0.0439453125
3103 0.017578125
3104 -0.013671875
3105 -0.15234375
3106 -0.029296875
3107 0.0419921875
3108 0.0146484375
3109 -0.0361328125
3110 0.0693359375
3111 0.12890625
3112 0.083984375
3113 -0.009765625
3114 0.03515625
3115 0.083984375
3116 0.0380859375
3117 -0.0908203125
3118 0.0205078125
3119 0.0810546875
3120 0.0458984375
3121 -0.0947265625
3122 -0.0556640625
3123 0.009765625
3124 -0.01953125
3125 -0.130859375
3126 -0.0498046875
3127 0.0146484375
3128 -0.015625
3129 -0.1259765625
3130 -0.04296875
3131 0.01953125
3132 -0.0126953125
3133 -0.1513671875
3134 -0.025390625
3135 0.044921875
3136 0.0166015625
3137 -0.0361328125
3138 0.072265625
3139 0.1318359375
3140 0.083984375
3141 -0.009765625
3142 0.037109375
3143 0.0869140625
3144 0.0390625
3145 -0.0908203125
3146 0.021484375
3147 0.083984375
3148 0.044921875
3149 -0.09375
3150 -0.056640625
3151 0.0087890625
3152 -0.01953125
3153 -0.1328125
3154 -0.0498046875
3155 0.0166015625
3156 -0.0146484375
3157 -0.1279296875
3158 -0.0439453125
3159 0.0185546875
3160 -0.01171875
3161 -0.1533203125
3162 -0.0263671875
3163 0.044921875
3164 0.0166015625
3165 -0.0361328125
3166 0.0712890625
3167 0.1328125
3168 0.083984375
3169 -0.0107421875
3170 0.037109375
3171 0.0888671875
3172 0.0390625
3173 -0.0888671875
3174 0.021484375
3175 0.0849609375
3176 0.044921875
3177 -0.09375
3178 -0.0546875
3179 0.009765625
3180 -0.0185546875
3181 -0.1337890625
3182 -0.0478515625
3183 0.017578125
3184 -0.013671875
3185 -0.1298828125
3186 -0.041015625
3187 0.0224609375
3188 -0.01171875
3189 -0.154296875
3190 -0.02734375
3191 0.0458984375
3192 0.0146484375
3193 -0.041015625
3194 0.0712890625
3195 0.134765625
3196 0.08203125
3197 -0.0107421875
3198 0.037109375
3199 0.0888671875
3200 0.037109375
3201 -0.09375
3202 0.021484375
3203 0.0859375
3204 0.044921875
3205 -0.0947265625
3206 -0.0537109375
3207 0.013671875
3208 -0.0185546875
3209 -0.1337890625
3210 -0.0478515625
3211 0.01953125
3212 -0.0146484375
3213 -0.12890625
3214 -0.0419921875
3215 0.0224609375
3216 -0.0146484375
3217 -0.15625
3218 -0.0283203125
3219 0.0478515625
3220 0.013671875
3221 -0.0419921875
3222 0.0712890625
3223 0.1357421875
3224 0.08203125
3225 -0.0126953125
3226 0.0390625
3227 0.0927734375
3228 0.037109375
3229 -0.09765625
3230 0.0224609375
3231 0.0888671875
3232 0.0439453125
3233 -0.0966796875
3234 -0.0517578125
3235 0.0185546875
3236 -0.0185546875
3237 -0.13671875
3238 -0.0458984375
3239 0.025390625
3240 -0.015625
3241 -0.130859375
3242 -0.0419921875
3243 0.0283203125
3244 -0.015625
3245 -0.1591796875
3246 -0.02734375
3247 0.0517578125
3248 0.013671875
3249 -0.044921875
3250 0.072265625
3251 0.1396484375
3252 0.0810546875
3253 -0.013671875
3254 0.0400390625
3255 0.0966796875
3256 0.0361328125
3257 -0.0986328125
3258 0.025390625
3259 0.0947265625
3260 0.044921875
3261 -0.09375
3262 -0.0517578125
3263 0.021484375
3264 -0.0185546875
3265 -0.1357421875
3266 -0.0458984375
3267 0.0283203125
3268 -0.015625
3269 -0.1318359375
3270 -0.0380859375
3271 0.0302734375
3272 -0.013671875
3273 -0.1611328125
3274 -0.0263671875
3275 0.0546875
3276 0.013671875
3277 -0.044921875
3278 0.07421875
3279 0.138671875
3280 0.0830078125
3281 -0.0146484375
3282 0.0400390625
3283 0.095703125
3284 0.037109375
3285 -0.099609375
3286 0.0224609375
3287 0.0927734375
3288 0.0439453125
3289 -0.0947265625
3290 -0.0517578125
3291 0.0205078125
3292 -0.01953125
3293 -0.1376953125
3294 -0.0458984375
3295 0.0263671875
3296 -0.0166015625
3297 -0.1328125
3298 -0.0390625
3299 0.029296875
3300 -0.013671875
3301 -0.16015625
3302 -0.0244140625
3303 0.052734375
3304 0.013671875
3305 -0.0458984375
3306 0.072265625
3307 0.140625
3308 0.08203125
3309 -0.0146484375
3310 0.0400390625
3311 0.095703125
3312 0.037109375
3313 -0.095703125
3314 0.0224609375
3315 0.0908203125
3316 0.044921875
3317 -0.09375
3318 -0.0517578125
3319 0.0185546875
3320 -0.0185546875
3321 -0.1357421875
3322 -0.044921875
3323 0.025390625
3324 -0.0146484375
3325 -0.1318359375
3326 -0.0400390625
3327 0.0263671875
3328 -0.01171875
3329 -0.158203125
3330 -0.02734375
3331 0.0517578125
3332 0.013671875
3333 -0.04296875
3334 0.072265625
3335 0.1376953125
3336 0.0810546875
3337 -0.013671875
3338 0.0390625
3339 0.0966796875
3340 0.0380859375
3341 -0.0986328125
3342 0.0224609375
3343 0.087890625
3344 0.0439453125
3345 -0.0947265625
3346 -0.052734375
3347 0.013671875
3348 -0.0185546875
3349 -0.1357421875
3350 -0.0458984375
3351 0.0244140625
3352 -0.0146484375
3353 -0.130859375
3354 -0.041015625
3355 0.025390625
3356 -0.0146484375
3357 -0.1552734375
3358 -0.0263671875
3359 0.0517578125
3360 0.0146484375
3361 -0.041015625
3362 0.07421875
3363 0.138671875
3364 0.083984375
3365 -0.01171875
3366 0.0400390625
3367 0.09375
3368 0.037109375
3369 -0.095703125
3370 0.0234375
3371 0.091796875
3372 0.046875
3373 -0.0947265625
3374 -0.0517578125
3375 0.0185546875
3376 -0.017578125
3377 -0.1337890625
3378 -0.044921875
3379 0.021484375
3380 -0.0146484375
3381 -0.12890625
3382 -0.041015625
3383 0.025390625
3384 -0.01171875
3385 -0.1572265625
3386 -0.02734375
3387 0.048828125
3388 0.0146484375
3389 -0.041015625
3390 0.07421875
3391 0.13671875
3392 0.0830078125
3393 -0.01171875
3394 0.0390625
3395 0.0927734375
3396 0.0380859375
3397 -0.0966796875
3398 0.0224609375
3399 0.0908203125
3400 0.04296875
3401 -0.095703125
3402 -0.052734375
3403 0.017578125
3404 -0.0205078125
3405 -0.1337890625
3406 -0.046875
3407 0.0244140625
3408 -0.013671875
3409 -0.126953125
3410 -0.0390625
3411 0.02734375
3412 -0.01171875
3413 -0.1328125
3414 -0.0068359375
3415 0.0673828125
3416 0.0283203125
3417 -0.0869140625
3418 -0.03515625
3419 0.0302734375
3420 -0.0087890625
3421 -0.166015625
3422 -0.09375
3423 -0.0146484375
3424 -0.0419921875
3425 -0.189453125
3426 -0.1103515625
3427 -0.029296875
3428 -0.0498046875
3429 -0.154296875
3430 -0.0634765625
3431 0.0107421875
3432 -0.0205078125
3433 -0.1240234375
3434 -0.033203125
3435 0.033203125
3436 -0.00390625
3437 -0.09765625
3438 0.0234375
3439 0.087890625
3440 0.048828125
3441 -0.0517578125
3442 -0.0068359375
3443 0.0546875
3444 0.0126953125
3445 -0.16015625
3446 -0.087890625
3447 -0.0107421875
3448 -0.03515625
3449 -0.150390625
3450 -0.064453125
3451 0.01171875
3452 -0.01953125
3453 -0.1396484375
3454 -0.0498046875
3455 0.021484375
3456 -0.0126953125
3457 -0.115234375
3458 0.009765625
3459 0.08203125
3460 0.044921875
3461 -0.0048828125
3462 0.107421875
3463 0.1669921875
3464 0.1103515625
3465 -0.0009765625
3466 0.0419921875
3467 0.0947265625
3468 0.04296875
3469 -0.1298828125
3470 -0.064453125
3471 0.005859375
3472 -0.0224609375
3473 -0.12890625
3474 -0.0517578125
3475 0.0048828125
3476 -0.005859375
3477 -0.0927734375
3478 -0.0263671875
3479 0.0205078125
3480 0.005859375
3481 -0.087890625
3482 0.013671875
3483 0.0634765625
3484 0.048828125
3485 -0.0703125
3486 -0.0478515625
3487 0.0009765625
3488 -0.005859375
3489 -0.1337890625
3490 -0.0244140625
3491 0.033203125
3492 0.02734375
3493 -0.037109375
3494 0.052734375
3495 0.1025390625
3496 0.080078125
3497 0.0166015625
3498 0.0966796875
3499 0.138671875
3500 0.109375
3501 0.0380859375
3502 0.11328125
3503 0.1513671875
3504 0.1181640625
3505 0.0654296875
3506 0.142578125
3507 0.17578125
3508 0.138671875
3509 0.0615234375
3510 0.078125
3511 0.109375
3512 0.076171875
3513 -0.0185546875
3514 0.033203125
3515 0.0673828125
3516 0.0390625
3517 -0.0595703125
3518 -0.001953125
3519 0.037109375
3520 0.0146484375
3521 -0.0908203125
3522 0.0048828125
3523 0.052734375
3524 0.0390625
3525 -0.064453125
3526 -0.0400390625
3527 0.005859375
3528 -0.005859375
3529 -0.1650390625
3530 -0.0517578125
3531 0.0078125
3532 0.0048828125
3533 -0.1162109375
3534 -0.08984375
3535 -0.0341796875
3536 -0.0341796875
3537 -0.1484375
3538 -0.080078125
3539 -0.025390625
3540 -0.029296875
3541 -0.1767578125
3542 -0.1015625
3543 -0.041015625
3544 -0.0419921875
3545 -0.169921875
3546 -0.0947265625
3547 -0.037109375
3548 -0.0361328125
3549 -0.1689453125
3550 -0.0546875
3551 0.0078125
3552 0.0087890625
3553 -0.0712890625
3554 0.025390625
3555 0.0771484375
3556 0.0625
3557 -0.0166015625
3558 0.0673828125
3559 0.1123046875
3560 0.0869140625
3561 -0.0009765625
3562 0.080078125
3563 0.1240234375
3564 0.0947265625
3565 -0.0009765625
3566 0.078125
3567 0.1201171875
3568 0.0927734375
3569 -0.0107421875
3570 0.0703125
3571 0.109375
3572 0.0859375
3573 0.0283203125
3574 0.1064453125
3575 0.142578125
3576 0.1123046875
3577 0.005859375
3578 0.01953125
3579 0.052734375
3580 0.03125
3581 -0.08203125
3582 -0.029296875
3583 0.015625
3584 0.001953125
3585 -0.140625
3586 -0.076171875
3587 -0.025390625
3588 -0.0283203125
3589 -0.1533203125
3590 -0.080078125
3591 -0.0283203125
3592 -0.0322265625
3593 -0.166015625
3594 -0.0556640625
3595 0.005859375
3596 0.0048828125
3597 -0.0830078125
3598 0.013671875
3599 0.064453125
3600 0.05078125
3601 -0.05078125
3602 0.0380859375
3603 0.0849609375
3604 0.0654296875
3605 -0.0439453125
3606 0.0439453125
3607 0.0888671875
3608 0.06640625
3609 0.0048828125
3610 0.0869140625
3611 0.1259765625
3612 0.095703125
3613 0.0126953125
3614 0.0908203125
3615 0.12890625
3616 0.09765625
3617 -0.0419921875
3618 -0.029296875
3619 0.0146484375
3620 0.0
3621 -0.130859375
3622 -0.0244140625
3623 0.0263671875
3624 0.0185546875
3625 -0.0908203125
3626 -0.091796875
3627 -0.0361328125
3628 -0.0361328125
3629 -0.1240234375
3630 -0.0205078125
3631 0.0341796875
3632 0.0244140625
3633 -0.0615234375
3634 -0.037109375
3635 0.0107421875
3636 -0.0048828125
3637 -0.09375
3638 -0.0361328125
3639 0.01171875
3640 0.0
3641 -0.1416015625
3642 -0.0732421875
3643 -0.021484375
3644 -0.025390625
3645 -0.1591796875
3646 -0.046875
3647 0.009765625
3648 0.0078125
3649 -0.1328125
3650 -0.107421875
3651 -0.0439453125
3652 -0.04296875
3653 -0.189453125
3654 -0.072265625
3655 -0.0048828125
3656 -0.00390625
3657 -0.091796875
3658 0.0068359375
3659 0.0625
3660 0.0478515625
3661 -0.041015625
3662 0.0478515625
3663 0.0947265625
3664 0.0751953125
3665 -0.0078125
3666 0.076171875
3667 0.1162109375
3668 0.08984375
3669 0.0029296875
3670 0.0830078125
3671 0.123046875
3672 0.0947265625
3673 -0.001953125
3674 0.0732421875
3675 0.1142578125
3676 0.087890625
3677 -0.0205078125
3678 0.05859375
3679 0.099609375
3680 0.078125
3681 0.0048828125
3682 0.0810546875
3683 0.1162109375
3684 0.0908203125
3685 0.005859375
3686 0.0830078125
3687 0.12109375
3688 0.0927734375
3689 0.037109375
3690 0.1123046875
3691 0.146484375
3692 0.11328125
3693 0.05859375
3694 0.12890625
3695 0.1611328125
3696 0.123046875
3697 0.0390625
3698 0.0537109375
3699 0.0830078125
3700 0.05078125
3701 -0.05078125
3702 0.0322265625
3703 0.07421875
3704 0.0537109375
3705 -0.0517578125
3706 -0.0302734375
3707 0.0087890625
3708 -0.0068359375
3709 -0.1171875
3710 -0.05859375
3711 -0.013671875
3712 -0.021484375
3713 -0.138671875
3714 -0.0751953125
3715 -0.025390625
3716 -0.0322265625
3717 -0.134765625
3718 -0.072265625
3719 -0.0244140625
3720 -0.029296875
3721 -0.1376953125
3722 -0.07421875
3723 -0.021484375
3724 -0.029296875
3725 -0.1416015625
3726 -0.080078125
3727 -0.029296875
3728 -0.033203125
3729 -0.1748046875
3730 -0.109375
3731 -0.0517578125
3732 -0.048828125
3733 -0.1552734375
3734 -0.080078125
3735 -0.0302734375
3736 -0.0341796875
3737 -0.1748046875
3738 -0.1025390625
3739 -0.04296875
3740 -0.0439453125
3741 -0.130859375
3742 -0.0654296875
3743 -0.015625
3744 -0.01953125
3745 -0.1220703125
3746 -0.0556640625
3747 -0.0107421875
3748 -0.01953125
3749 -0.130859375
3750 -0.064453125
3751 -0.015625
3752 -0.01953125
3753 -0.17578125
3754 -0.0615234375
3755 -0.00390625
3756 -0.0009765625
3757 -0.0654296875
3758 0.0283203125
3759 0.076171875
3760 0.0615234375
3761 -0.0673828125
3762 0.0244140625
3763 0.068359375
3764 0.0546875
3765 -0.0888671875
3766 -0.0712890625
3767 -0.0185546875
3768 -0.021484375
3769 -0.193359375
3770 -0.12109375
3771 -0.0556640625
3772 -0.05078125
3773 -0.15625
3774 -0.0849609375
3775 -0.0302734375
3776 -0.029296875
3777 -0.1201171875
3778 -0.015625
3779 0.0400390625
3780 0.0322265625
3781 -0.060546875
3782 -0.0576171875
3783 -0.001953125
3784 -0.005859375
3785 -0.109375
3786 -0.0068359375
3787 0.046875
3788 0.0380859375
3789 -0.0947265625
3790 -0.068359375
3791 -0.0126953125
3792 -0.0166015625
3793 -0.1240234375
3794 -0.0166015625
3795 0.0400390625
3796 0.033203125
3797 -0.033203125
3798 0.05859375
3799 0.1015625
3800 0.080078125
3801 -0.0546875
3802 -0.03515625
3803 0.009765625
3804 0.001953125
3805 -0.1865234375
3806 -0.1083984375
3807 -0.044921875
3808 -0.0419921875
3809 -0.1396484375
3810 -0.068359375
3811 -0.015625
3812 -0.01953125
3813 -0.154296875
3814 -0.0419921875
3815 0.0185546875
3816 0.0166015625
3817 -0.134765625
3818 -0.0986328125
3819 -0.0419921875
3820 -0.0380859375
3821 -0.1455078125
3822 -0.03125
3823 0.0244140625
3824 0.0244140625
3825 -0.052734375
3826 0.04296875
3827 0.0927734375
3828 0.07421875
3829 -0.0654296875
3830 -0.0439453125
3831 0.0087890625
3832 -0.0009765625
3833 -0.1103515625
3834 -0.00390625
3835 0.0517578125
3836 0.0400390625
3837 -0.044921875
3838 -0.025390625
3839 0.025390625
3840 0.01171875
3841 -0.087890625
3842 -0.0283203125
3843 0.0234375
3844 0.009765625
3845 -0.099609375
3846 -0.037109375
3847 0.01171875
3848 0.0029296875
3849 -0.1611328125
3850 -0.08203125
3851 -0.0302734375
3852 -0.029296875
3853 -0.18359375
3854 -0.0595703125
3855 0.0048828125
3856 0.005859375
3857 -0.1015625
3858 0.001953125
3859 0.0595703125
3860 0.048828125
3861 -0.048828125
3862 -0.0244140625
3863 0.021484375
3864 0.01171875
3865 -0.123046875
3866 -0.015625
3867 0.04296875
3868 0.037109375
3869 -0.052734375
3870 0.04296875
3871 0.0908203125
3872 0.076171875
3873 -0.0068359375
3874 0.0185546875
3875 0.056640625
3876 0.0400390625
3877 -0.0810546875
3878 0.0185546875
3879 0.0693359375
3880 0.0556640625
3881 -0.0595703125
3882 -0.037109375
3883 0.013671875
3884 0.0048828125
3885 -0.09375
3886 -0.0302734375
3887 0.0205078125
3888 0.0087890625
3889 -0.1337890625
3890 -0.0625
3891 -0.0087890625
3892 -0.01171875
3893 -0.1552734375
3894 -0.041015625
3895 0.0185546875
3896 0.0205078125
3897 -0.0673828125
3898 0.0302734375
3899 0.0830078125
3900 0.068359375
3901 -0.0234375
3902 0.064453125
3903 0.111328125
3904 0.08984375
3905 0.0009765625
3906 0.0830078125
3907 0.126953125
3908 0.1015625
3909 0.01171875
3910 0.0908203125
3911 0.1328125
3912 0.1064453125
3913 0.01171875
3914 0.08984375
3915 0.1318359375
3916 0.103515625
3917 -0.015625
3918 0.0654296875
3919 0.107421875
3920 0.0859375
3921 -0.005859375
3922 0.076171875
3923 0.119140625
3924 0.0947265625
3925 0.0068359375
3926 0.0224609375
3927 0.060546875
3928 0.0400390625
3929 -0.046875
3930 0.04296875
3931 0.087890625
3932 0.0693359375
3933 0.0185546875
3934 0.099609375
3935 0.138671875
3936 0.1083984375
3937 0.03515625
3938 0.1123046875
3939 0.146484375
3940 0.11328125
3941 0.0244140625
3942 0.1005859375
3943 0.138671875
3944 0.107421875
3945 0.037109375
3946 0.1142578125
3947 0.1494140625
3948 0.115234375
3949 0.0625
3950 0.1357421875
3951 0.1689453125
3952 0.1298828125
3953 0.091796875
3954 0.16015625
3955 0.1943359375
3956 0.150390625
3957 0.1044921875
3958 0.1708984375
3959 0.201171875
3960 0.15625
3961 0.0966796875
3962 0.1630859375
3963 0.1923828125
3964 0.1474609375
3965 0.095703125
3966 0.1611328125
3967 0.189453125
3968 0.1455078125
3969 0.09375
3970 0.1591796875
3971 0.1884765625
3972 0.142578125
3973 0.0556640625
3974 0.076171875
3975 0.0986328125
3976 0.05859375
3977 -0.0419921875
3978 0.0048828125
3979 0.037109375
3980 0.0107421875
3981 -0.0908203125
3982 -0.0009765625
3983 0.044921875
3984 0.0263671875
3985 -0.0244140625
3986 0.05859375
3987 0.09765625
3988 0.068359375
3989 -0.03125
3990 -0.0107421875
3991 0.021484375
3992 -0.0009765625
3993 -0.1103515625
3994 -0.05078125
3995 -0.0087890625
3996 -0.0283203125
3997 -0.162109375
3998 -0.099609375
3999 -0.0498046875
4000 -0.056640625
4001 -0.1962890625
4002 -0.0869140625
4003 -0.0263671875
4004 -0.029296875
4005 -0.0986328125
4006 -0.005859375
4007 0.04296875
4008 0.0263671875
4009 -0.041015625
4010 0.0419921875
4011 0.0830078125
4012 0.05859375
4013 -0.0146484375
4014 0.0634765625
4015 0.1015625
4016 0.0732421875
4017 0.00390625
4018 0.0771484375
4019 0.1123046875
4020 0.0810546875
4021 0.009765625
4022 0.08203125
4023 0.1181640625
4024 0.0830078125
4025 0.0244140625
4026 0.0986328125
4027 0.1337890625
4028 0.0947265625
4029 0.015625
4030 0.0341796875
4031 0.064453125
4032 0.03125
4033 -0.0634765625
4034 -0.0166015625
4035 0.021484375
4036 -0.0029296875
4037 -0.1083984375
4038 -0.0498046875
4039 -0.0126953125
4040 -0.029296875
4041 -0.1123046875
4042 -0.0205078125
4043 0.0283203125
4044 0.01171875
4045 -0.0634765625
4046 -0.041015625
4047 0.0029296875
4048 -0.0185546875
4049 -0.1298828125
4050 -0.033203125
4051 0.0166015625
4052 0.0
4053 -0.140625
4054 -0.1142578125
4055 -0.0625
4056 -0.0654296875
4057 -0.2109375
4058 -0.095703125
4059 -0.033203125
4060 -0.0341796875
4061 -0.0849609375
4062 0.0087890625
4063 0.056640625
4064 0.0341796875
4065 -0.08203125
4066 -0.0615234375
4067 -0.0146484375
4068 -0.0302734375
4069 -0.1298828125
4070 -0.0634765625
4071 -0.0185546875
4072 -0.0322265625
4073 -0.16796875
4074 -0.099609375
4075 -0.0478515625
4076 -0.0556640625
4077 -0.21484375
4078 -0.140625
4079 -0.078125
4080 -0.076171875
4081 -0.205078125
4082 -0.126953125
4083 -0.06640625
4084 -0.0673828125
4085 -0.1640625
4086 -0.0888671875
4087 -0.033203125
4088 -0.0439453125
4089 -0.162109375
4090 -0.0537109375
4091 0.0048828125
4092 -0.00390625
4093 -0.1611328125
4094 -0.134765625
4095 -0.0703125
4096 -0.068359375
4097 -0.1806640625
4098 -0.1064453125
4099 -0.046875
4100 -0.048828125
4101 -0.1279296875
4102 -0.0537109375
4103 -0.00390625
4104 -0.0185546875
4105 -0.146484375
4106 -0.0390625
4107 0.0166015625
4108 0.0087890625
4109 -0.12890625
4110 -0.103515625
4111 -0.0400390625
4112 -0.0439453125
4113 -0.13671875
4114 -0.02734375
4115 0.0302734375
4116 0.0185546875
4117 -0.0283203125
4118 0.0615234375
4119 0.1044921875
4120 0.078125
4121 0.009765625
4122 0.0927734375
4123 0.1279296875
4124 0.09765625
4125 0.0400390625
4126 0.0732421875
4127 0.0712890625
4128 0.099609375
4129 -0.0009765625
4130 -0.04296875
4131 -0.0390625
4132 0.0029296875
4133 -0.08203125
4134 -0.0361328125
4135 -0.0234375
4136 0.025390625
4137 -0.052734375
4138 -0.083984375
4139 -0.0693359375
4140 -0.0224609375
4141 -0.0810546875
4142 -0.0703125
4143 -0.0595703125
4144 -0.013671875
4145 -0.115234375
4146 -0.1005859375
4147 -0.0849609375
4148 -0.0322265625
4149 -0.126953125
4150 -0.068359375
4151 -0.0498046875
4152 0.0048828125
4153 -0.0419921875
4154 -0.001953125
4155 0.009765625
4156 0.05078125
4157 -0.0009765625
4158 0.0283203125
4159 0.03515625
4160 0.072265625
4161 0.0263671875
4162 0.048828125
4163 0.052734375
4164 0.0849609375
4165 0.0380859375
4166 0.0595703125
4167 0.060546875
4168 0.0908203125
4169 0.0390625
4170 0.05859375
4171 0.0595703125
4172 0.0888671875
4173 0.01171875
4174 0.037109375
4175 0.0361328125
4176 0.0732421875
4177 0.01953125
4178 0.04296875
4179 0.0458984375
4180 0.076171875
4181 0.03125
4182 -0.009765625
4183 -0.009765625
4184 0.0244140625
4185 -0.0205078125
4186 0.01171875
4187 0.017578125
4188 0.0537109375
4189 0.0458984375
4190 0.0673828125
4191 0.06640625
4192 0.095703125
4193 0.0634765625
4194 0.0791015625
4195 0.07421875
4196 0.1005859375
4197 0.052734375
4198 0.0703125
4199 0.0673828125
4200 0.0947265625
4201 0.0654296875
4202 0.08203125
4203 0.076171875
4204 0.1005859375
4205 0.09375
4206 0.103515625
4207 0.0986328125
4208 0.1181640625
4209 0.1240234375
4210 0.1318359375
4211 0.1220703125
4212 0.1396484375
4213 0.13671875
4214 0.140625
4215 0.1318359375
4216 0.146484375
4217 0.1298828125
4218 0.134765625
4219 0.12109375
4220 0.13671875
4221 0.12890625
4222 0.1357421875
4223 0.12109375
4224 0.1357421875
4225 0.1279296875
4226 0.130859375
4227 0.119140625
4228 0.134765625
4229 0.0908203125
4230 0.048828125
4231 0.0322265625
4232 0.05078125
4233 -0.0087890625
4234 -0.01953125
4235 -0.02734375
4236 0.0029296875
4237 -0.0615234375
4238 -0.0283203125
4239 -0.025390625
4240 0.0166015625
4241 0.01171875
4242 0.033203125
4243 0.03125
4244 0.0615234375
4245 -0.0009765625
4246 -0.0390625
4247 -0.04296875
4248 -0.0078125
4249 -0.107421875
4250 -0.1044921875
4251 -0.0947265625
4252 -0.0498046875
4253 -0.1123046875
4254 -0.1064453125
4255 -0.0966796875
4256 -0.0517578125
4257 -0.1015625
4258 -0.091796875
4259 -0.0849609375
4260 -0.04296875
4261 -0.10546875
4262 -0.0966796875
4263 -0.0888671875
4264 -0.04296875
4265 -0.158203125
4266 -0.162109375
4267 -0.138671875
4268 -0.080078125
4269 -0.1474609375
4270 -0.1337890625
4271 -0.1142578125
4272 -0.0634765625
4273 -0.1318359375
4274 -0.1201171875
4275 -0.1025390625
4276 -0.0537109375
4277 -0.1025390625
4278 -0.0556640625
4279 -0.041015625
4280 0.0068359375
4281 -0.0478515625
4282 -0.1015625
4283 -0.083984375
4284 -0.03515625
4285 -0.1044921875
4286 -0.0546875
4287 -0.041015625
4288 0.0068359375
4289 -0.0966796875
4290 -0.1240234375
4291 -0.1044921875
4292 -0.0498046875
4293 -0.1162109375
4294 -0.0625
4295 -0.044921875
4296 0.001953125
4297 -0.0185546875
4298 0.0126953125
4299 0.01953125
4300 0.052734375
4301 -0.0458984375
4302 -0.080078125
4303 -0.0703125
4304 -0.029296875
4305 -0.1630859375
4306 -0.1416015625
4307 -0.1171875
4308 -0.05859375
4309 -0.1396484375
4310 -0.1142578125
4311 -0.0966796875
4312 -0.046875
4313 -0.1162109375
4314 -0.0595703125
4315 -0.04296875
4316 0.005859375
4317 -0.0869140625
4318 -0.11328125
4319 -0.095703125
4320 -0.0419921875
4321 -0.1123046875
4322 -0.1015625
4323 -0.0810546875
4324 -0.0283203125
4325 -0.1015625
4326 -0.0908203125
4327 -0.0771484375
4328 -0.0244140625
4329 -0.1376953125
4330 -0.0791015625
4331 -0.0537109375
4332 0.001953125
4333 -0.0224609375
4334 0.0166015625
4335 0.0234375
4336 0.0634765625
4337 0.0615234375
4338 0.083984375
4339 0.0830078125
4340 0.1103515625
4341 0.119140625
4342 0.130859375
4343 0.126953125
4344 0.14453125
4345 0.1435546875
4346 0.150390625
4347 0.14453125
4348 0.1572265625
4349 0.142578125
4350 0.1494140625
4351 0.13671875
4352 0.1533203125
4353 0.1455078125
4354 0.1513671875
4355 0.138671875
4356 0.1533203125
4357 0.14453125
4358 0.150390625
4359 0.1376953125
4360 0.1513671875
4361 0.109375
4362 0.0673828125
4363 0.052734375
4364 0.068359375
4365 0.0087890625
4366 -0.0029296875
4367 -0.0087890625
4368 0.0205078125
4369 -0.04296875
4370 -0.01171875
4371 -0.0048828125
4372 0.033203125
4373 0.0283203125
4374 0.0498046875
4375 0.048828125
4376 0.078125
4377 0.017578125
4378 -0.021484375
4379 -0.0244140625
4380 0.0087890625
4381 -0.0908203125
4382 -0.0859375
4383 -0.0791015625
4384 -0.033203125
4385 -0.095703125
4386 -0.08984375
4387 -0.080078125
4388 -0.0341796875
4389 -0.083984375
4390 -0.076171875
4391 -0.0673828125
4392 -0.02734375
4393 -0.08984375
4394 -0.0830078125
4395 -0.0703125
4396 -0.0283203125
4397 -0.1416015625
4398 -0.1474609375
4399 -0.1240234375
4400 -0.0654296875
4401 -0.1328125
4402 -0.1181640625
4403 -0.1005859375
4404 -0.0478515625
4405 -0.119140625
4406 -0.1044921875
4407 -0.08984375
4408 -0.0400390625
4409 -0.08984375
4410 -0.0419921875
4411 -0.0283203125
4412 0.01953125
4413 -0.0341796875
4414 -0.08984375
4415 -0.0703125
4416 -0.0244140625
4417 -0.0810546875
4418 -0.03515625
4419 -0.0224609375
4420 0.021484375
4421 -0.0703125
4422 -0.099609375
4423 -0.083984375
4424 -0.03125
4425 -0.1025390625
4426 -0.05078125
4427 -0.0322265625
4428 0.0166015625
4429 -0.0068359375
4430 0.0263671875
4431 0.0302734375
4432 0.064453125
4433 -0.0234375
4434 -0.0615234375
4435 -0.052734375
4436 -0.01171875
4437 -0.1474609375
4438 -0.1279296875
4439 -0.1025390625
4440 -0.0478515625
4441 -0.1298828125
4442 -0.1044921875
4443 -0.0888671875
4444 -0.037109375
4445 -0.107421875
4446 -0.052734375
4447 -0.0361328125
4448 0.0146484375
4449 -0.080078125
4450 -0.10546875
4451 -0.087890625
4452 -0.0322265625
4453 -0.10546875
4454 -0.0927734375
4455 -0.0751953125
4456 -0.0224609375
4457 -0.095703125
4458 -0.0859375
4459 -0.0693359375
4460 -0.01953125
4461 -0.1298828125
4462 -0.072265625
4463 -0.046875
4464 0.0068359375
4465 -0.013671875
4466 0.0224609375
4467 0.029296875
4468 0.068359375
4469 0.0673828125
4470 0.0908203125
4471 0.08984375
4472 0.1181640625
4473 0.1240234375
4474 0.1376953125
4475 0.1328125
4476 0.1513671875
4477 0.150390625
4478 0.15625
4479 0.1494140625
4480 0.1650390625
4481 0.150390625
4482 0.1552734375
4483 0.14453125
4484 0.158203125
4485 0.150390625
4486 0.15625
4487 0.1435546875
4488 0.16015625
4489 0.1513671875
4490 0.1552734375
4491 0.1435546875
4492 0.1591796875
4493 0.11328125
4494 0.0712890625
4495 0.0556640625
4496 0.0751953125
4497 0.0126953125
4498 0.00390625
4499 -0.00390625
4500 0.0263671875
4501 -0.0380859375
4502 -0.005859375
4503 0.0009765625
4504 0.037109375
4505 0.033203125
4506 0.0537109375
4507 0.0546875
4508 0.083984375
4509 0.0234375
4510 -0.0166015625
4511 -0.01953125
4512 0.013671875
4513 -0.0869140625
4514 -0.08203125
4515 -0.0732421875
4516 -0.0283203125
4517 -0.091796875
4518 -0.083984375
4519 -0.0771484375
4520 -0.029296875
4521 -0.0830078125
4522 -0.072265625
4523 -0.0625
4524 -0.0234375
4525 -0.0849609375
4526 -0.078125
4527 -0.06640625
4528 -0.0244140625
4529 -0.1337890625
4530 -0.1435546875
4531 -0.1181640625
4532 -0.0595703125
4533 -0.126953125
4534 -0.1142578125
4535 -0.095703125
4536 -0.0419921875
4537 -0.115234375
4538 -0.099609375
4539 -0.0869140625
4540 -0.0341796875
4541 -0.0869140625
4542 -0.0390625
4543 -0.025390625
4544 0.021484375
4545 -0.0322265625
4546 -0.0869140625
4547 -0.068359375
4548 -0.0205078125
4549 -0.0810546875
4550 -0.0341796875
4551 -0.0185546875
4552 0.025390625
4553 -0.06640625
4554 -0.0986328125
4555 -0.078125
4556 -0.0283203125
4557 -0.0986328125
4558 -0.0458984375
4559 -0.0302734375
4560 0.0185546875
4561 -0.00390625
4562 0.029296875
4563 0.0322265625
4564 0.0693359375
4565 -0.0224609375
4566 -0.0576171875
4567 -0.0517578125
4568 -0.0078125
4569 -0.14453125
4570 -0.1259765625
4571 -0.1005859375
4572 -0.0458984375
4573 -0.1259765625
4574 -0.1015625
4575 -0.0849609375
4576 -0.0361328125
4577 -0.103515625
4578 -0.05078125
4579 -0.033203125
4580 0.017578125
4581 -0.078125
4582 -0.1025390625
4583 -0.083984375
4584 -0.0322265625
4585 -0.1064453125
4586 -0.08984375
4587 -0.0703125
4588 -0.01953125
4589 -0.09375
4590 -0.080078125
4591 -0.0673828125
4592 -0.0185546875
4593 -0.1298828125
4594 -0.072265625
4595 -0.046875
4596 0.009765625
4597 -0.0107421875
4598 0.0234375
4599 0.0302734375
4600 0.072265625
4601 0.072265625
4602 0.0927734375
4603 0.0908203125
4604 0.119140625
4605 0.1279296875
4606 0.1396484375
4607 0.1337890625
4608 0.154296875
4609 0.154296875
4610 0.16015625
4611 0.150390625
4612 0.1689453125
4613 0.15234375
4614 0.1591796875
4615 0.1455078125
4616 0.1611328125
4617 0.1552734375
4618 0.158203125
4619 0.1455078125
4620 0.1611328125
4621 0.1552734375
4622 0.158203125
4623 0.14453125
4624 0.16015625
4625 0.1162109375
4626 0.0751953125
4627 0.056640625
4628 0.078125
4629 0.0146484375
4630 0.005859375
4631 -0.001953125
4632 0.0283203125
4633 -0.0341796875
4634 -0.00390625
4635 0.001953125
4636 0.041015625
4637 0.03515625
4638 0.056640625
4639 0.056640625
4640 0.083984375
4641 0.0234375
4642 -0.015625
4643 -0.0185546875
4644 0.0146484375
4645 -0.0830078125
4646 -0.080078125
4647 -0.0712890625
4648 -0.025390625
4649 -0.08984375
4650 -0.0830078125
4651 -0.07421875
4652 -0.0283203125
4653 -0.080078125
4654 -0.0703125
4655 -0.0634765625
4656 -0.0205078125
4657 -0.0830078125
4658 -0.0751953125
4659 -0.0654296875
4660 -0.021484375
4661 -0.134765625
4662 -0.1416015625
4663 -0.1171875
4664 -0.05859375
4665 -0.1240234375
4666 -0.1123046875
4667 -0.091796875
4668 -0.04296875
4669 -0.111328125
4670 -0.0986328125
4671 -0.0859375
4672 -0.0341796875
4673 -0.083984375
4674 -0.037109375
4675 -0.0224609375
4676 0.0244140625
4677 -0.0302734375
4678 -0.0830078125
4679 -0.06640625
4680 -0.017578125
4681 -0.0771484375
4682 -0.03125
4683 -0.01953125
4684 0.02734375
4685 -0.0703125
4686 -0.0986328125
4687 -0.0810546875
4688 -0.0302734375
4689 -0.09765625
4690 -0.046875
4691 -0.0302734375
4692 0.0205078125
4693 -0.0009765625
4694 0.03125
4695 0.03125
4696 0.0703125
4697 -0.021484375
4698 -0.0556640625
4699 -0.0498046875
4700 -0.0048828125
4701 -0.1435546875
4702 -0.123046875
4703 -0.1005859375
4704 -0.041015625
4705 -0.1259765625
4706 -0.1005859375
4707 -0.0849609375
4708 -0.0341796875
4709 -0.1005859375
4710 -0.0478515625
4711 -0.0302734375
4712 0.0205078125
4713 -0.0771484375
4714 -0.1025390625
4715 -0.08203125
4716 -0.0302734375
4717 -0.1015625
4718 -0.0859375
4719 -0.0703125
4720 -0.017578125
4721 -0.08984375
4722 -0.0771484375
4723 -0.0654296875
4724 -0.013671875
4725 -0.12109375
4726 -0.0634765625
4727 -0.04296875
4728 0.0126953125
4729 -0.0078125
4730 0.02734375
4731 0.03515625
4732 0.0732421875
4733 0.07421875
4734 0.09375
4735 0.09375
4736 0.12109375
4737 0.130859375
4738 0.1396484375
4739 0.134765625
4740 0.15625
4741 0.1552734375
4742 0.16015625
4743 0.1513671875
4744 0.16796875
4745 0.15234375
4746 0.158203125
4747 0.1455078125
4748 0.162109375
4749 0.1552734375
4750 0.158203125
4751 0.146484375
4752 0.1630859375
4753 0.1552734375
4754 0.1572265625
4755 0.1474609375
4756 0.1591796875
4757 0.1181640625
4758 0.0751953125
4759 0.0595703125
4760 0.078125
4761 0.0185546875
4762 0.0068359375
4763 -0.0009765625
4764 0.0302734375
4765 -0.0361328125
4766 -0.0009765625
4767 0.001953125
4768 0.0400390625
4769 0.037109375
4770 0.0595703125
4771 0.056640625
4772 0.0859375
4773 0.0263671875
4774 -0.0126953125
4775 -0.017578125
4776 0.0166015625
4777 -0.08203125
4778 -0.0791015625
4779 -0.0693359375
4780 -0.02734375
4781 -0.087890625
4782 -0.083984375
4783 -0.07421875
4784 -0.0283203125
4785 -0.078125
4786 -0.0693359375
4787 -0.064453125
4788 -0.01953125
4789 -0.0830078125
4790 -0.076171875
4791 -0.0654296875
4792 -0.0205078125
4793 -0.1337890625
4794 -0.140625
4795 -0.1162109375
4796 -0.0556640625
4797 -0.125
4798 -0.1123046875
4799 -0.09375
4800 -0.041015625
4801 -0.111328125
4802 -0.0986328125
4803 -0.083984375
4804 -0.0341796875
4805 -0.0810546875
4806 -0.0361328125
4807 -0.01953125
4808 0.025390625
4809 -0.029296875
4810 -0.083984375
4811 -0.06640625
4812 -0.0166015625
4813 -0.0791015625
4814 -0.03125
4815 -0.017578125
4816 0.0302734375
4817 -0.0625
4818 -0.091796875
4819 -0.0751953125
4820 -0.0263671875
4821 -0.0927734375
4822 -0.0419921875
4823 -0.0244140625
4824 0.0234375
4825 -0.0009765625
4826 0.03125
4827 0.0361328125
4828 0.0712890625
4829 -0.017578125
4830 -0.0556640625
4831 -0.048828125
4832 -0.0048828125
4833 -0.1416015625
4834 -0.1201171875
4835 -0.09765625
4836 -0.0400390625
4837 -0.1240234375
4838 -0.099609375
4839 -0.0830078125
4840 -0.0322265625
4841 -0.103515625
4842 -0.0498046875
4843 -0.03125
4844 0.0185546875
4845 -0.076171875
4846 -0.1015625
4847 -0.0830078125
4848 -0.029296875
4849 -0.1025390625
4850 -0.087890625
4851 -0.0673828125
4852 -0.017578125
4853 -0.08984375
4854 -0.0791015625
4855 -0.064453125
4856 -0.013671875
4857 -0.1259765625
4858 -0.0673828125
4859 -0.0439453125
4860 0.01171875
4861 -0.0078125
4862 0.02734375
4863 0.0341796875
4864 0.0732421875
4865 0.07421875
4866 0.0947265625
4867 0.091796875
4868 0.1201171875
4869 0.1298828125
4870 0.140625
4871 0.1357421875
4872 0.1552734375
4873 0.1552734375
4874 0.1611328125
4875 0.1513671875
4876 0.16796875
4877 0.1533203125
4878 0.1572265625
4879 0.1455078125
4880 0.1630859375
4881 0.1552734375
4882 0.1591796875
4883 0.146484375
4884 0.162109375
4885 0.1552734375
4886 0.1591796875
4887 0.146484375
4888 0.162109375
4889 0.1162109375
4890 0.0751953125
4891 0.0595703125
4892 0.078125
4893 0.0166015625
4894 0.005859375
4895 -0.001953125
4896 0.02734375
4897 -0.03515625
4898 -0.0029296875
4899 0.00390625
4900 0.041015625
4901 0.037109375
4902 0.060546875
4903 0.0576171875
4904 0.087890625
4905 0.0244140625
4906 -0.0126953125
4907 -0.0166015625
4908 0.0166015625
4909 -0.0830078125
4910 -0.0771484375
4911 -0.0712890625
4912 -0.0263671875
4913 -0.087890625
4914 -0.0810546875
4915 -0.072265625
4916 -0.02734375
4917 -0.076171875
4918 -0.068359375
4919 -0.060546875
4920 -0.0185546875
4921 -0.0791015625
4922 -0.07421875
4923 -0.064453125
4924 -0.0205078125
4925 -0.134765625
4926 -0.140625
4927 -0.1181640625
4928 -0.0576171875
4929 -0.1259765625
4930 -0.111328125
4931 -0.09375
4932 -0.041015625
4933 -0.1123046875
4934 -0.09765625
4935 -0.0849609375
4936 -0.0322265625
4937 -0.08203125
4938 -0.037109375
4939 -0.021484375
4940 0.0244140625
4941 -0.029296875
4942 -0.083984375
4943 -0.06640625
4944 -0.017578125
4945 -0.0771484375
4946 -0.0322265625
4947 -0.0185546875
4948 0.029296875
4949 -0.0654296875
4950 -0.0947265625
4951 -0.078125
4952 -0.0263671875
4953 -0.095703125
4954 -0.0439453125
4955 -0.0263671875
4956 0.0224609375
4957 -0.0009765625
4958 0.0302734375
4959 0.0341796875
4960 0.0712890625
4961 -0.0205078125
4962 -0.0537109375
4963 -0.048828125
4964 -0.005859375
4965 -0.140625
4966 -0.1220703125
4967 -0.0986328125
4968 -0.04296875
4969 -0.1279296875
4970 -0.1015625
4971 -0.0859375
4972 -0.0341796875
4973 -0.1044921875
4974 -0.0498046875
4975 -0.033203125
4976 0.0185546875
4977 -0.078125
4978 -0.103515625
4979 -0.083984375
4980 -0.0302734375
4981 -0.1025390625
4982 -0.087890625
4983 -0.0693359375
4984 -0.0185546875
4985 -0.0908203125
4986 -0.0791015625
4987 -0.0625
4988 -0.013671875
4989 -0.1259765625
4990 -0.0673828125
4991 -0.041015625
4992 0.01171875
4993 -0.009765625
4994 0.02734375
4995 0.0361328125
4996 0.07421875
4997 0.0732421875
4998 0.095703125
4999 0.095703125
