x y
0 -0.0234375
1 -0.1962890625
2 -0.142578125
3 -0.078125
4 -0.072265625
5 -0.4384765625
6 -0.1142578125
7 -0.037109375
8 -0.0615234375
9 -0.173828125
10 -0.0849609375
11 -0.01171875
12 -0.0390625
13 -0.1474609375
14 -0.0224609375
15 0.0537109375
16 0.0185546875
17 -0.0888671875
18 -0.06640625
19 0.0048828125
20 -0.0224609375
21 -0.150390625
22 -0.0224609375
23 0.052734375
24 0.0205078125
25 -0.1123046875
26 -0.068359375
27 0.0029296875
28 -0.02734375
29 -0.1416015625
30 -0.052734375
31 0.015625
32 -0.017578125
33 -0.1201171875
34 -0.0341796875
35 0.0322265625
36 -0.0048828125
37 -0.1240234375
38 -0.001953125
39 0.0693359375
40 0.03125
41 -0.0595703125
42 0.0556640625
43 0.119140625
44 0.0712890625
45 0.0087890625
46 0.11328125
47 0.1689453125
48 0.1103515625
49 0.015625
50 0.064453125
51 0.1123046875
52 0.0546875
53 -0.07421875
54 0.0361328125
55 0.0966796875
56 0.0537109375
57 -0.0849609375
58 -0.0458984375
59 0.0205078125
60 -0.0146484375
61 -0.1298828125
62 -0.0439453125
63 0.021484375
64 -0.013671875
65 -0.12890625
66 -0.0400390625
67 0.0234375
68 -0.0126953125
69 -0.158203125
70 -0.0263671875
71 0.048828125
72 0.013671875
73 -0.0439453125
74 0.0712890625
75 0.1337890625
76 0.080078125
77 -0.0146484375
78 0.037109375
79 0.091796875
80 0.0341796875
81 -0.0966796875
82 0.021484375
83 0.08984375
84 0.0419921875
85 -0.09765625
86 -0.0546875
87 0.017578125
88 -0.021484375
89 -0.1396484375
90 -0.0478515625
91 0.021484375
92 -0.0185546875
93 -0.134765625
94 -0.04296875
95 0.0263671875
96 -0.0166015625
97 -0.1630859375
98 -0.02734375
99 0.05078125
100 0.009765625
101 -0.046875
102 0.0703125
103 0.13671875
104 0.0791015625
105 -0.0146484375
106 0.037109375
107 0.09375
108 0.0341796875
109 -0.0986328125
110 0.021484375
111 0.0908203125
112 0.04296875
113 -0.09765625
114 -0.052734375
115 0.0166015625
116 -0.021484375
117 -0.1396484375
118 -0.0478515625
119 0.0234375
120 -0.017578125
121 -0.1357421875
122 -0.04296875
123 0.0244140625
124 -0.0166015625
125 -0.16015625
126 -0.0283203125
127 0.048828125
128 0.009765625
129 -0.0478515625
130 0.0693359375
131 0.1357421875
132 0.078125
133 -0.017578125
134 0.037109375
135 0.091796875
136 0.0341796875
137 -0.1015625
138 0.0205078125
139 0.087890625
140 0.041015625
141 -0.099609375
142 -0.0546875
143 0.0146484375
144 -0.0244140625
145 -0.140625
146 -0.0498046875
147 0.0244140625
148 -0.017578125
149 -0.1337890625
150 -0.0439453125
151 0.0263671875
152 -0.0166015625
153 -0.1572265625
154 -0.0263671875
155 0.0498046875
156 0.013671875
157 -0.0458984375
158 0.0712890625
159 0.1376953125
160 0.0810546875
161 -0.0146484375
162 0.0380859375
163 0.0927734375
164 0.0361328125
165 -0.09765625
166 0.0224609375
167 0.0908203125
168 0.0439453125
169 -0.095703125
170 -0.0556640625
171 0.015625
172 -0.021484375
173 -0.1376953125
174 -0.048828125
175 0.0224609375
176 -0.0166015625
177 -0.1328125
178 -0.041015625
179 0.0234375
180 -0.0146484375
181 -0.1611328125
182 -0.029296875
183 0.048828125
184 0.01171875
185 -0.0439453125
186 0.0703125
187 0.1337890625
188 0.080078125
189 -0.0146484375
190 0.0361328125
191 0.08984375
192 0.03515625
193 -0.0966796875
194 0.0205078125
195 0.087890625
196 0.04296875
197 -0.0966796875
198 -0.0556640625
199 0.01171875
200 -0.021484375
201 -0.1357421875
202 -0.048828125
203 0.0185546875
204 -0.015625
205 -0.1318359375
206 -0.04296875
207 0.021484375
208 -0.013671875
209 -0.158203125
210 -0.02734375
211 0.0478515625
212 0.013671875
213 -0.044921875
214 0.0693359375
215 0.134765625
216 0.080078125
217 -0.0126953125
218 0.0361328125
219 0.08984375
220 0.0361328125
221 -0.0947265625
222 0.021484375
223 0.0869140625
224 0.0439453125
225 -0.095703125
226 -0.0537109375
227 0.0107421875
228 -0.021484375
229 -0.1357421875
230 -0.0478515625
231 0.017578125
232 -0.015625
233 -0.1328125
234 -0.04296875
235 0.0205078125
236 -0.015625
237 -0.1572265625
238 -0.0302734375
239 0.044921875
240 0.01171875
241 -0.04296875
242 0.0703125
243 0.1337890625
244 0.0810546875
245 -0.0146484375
246 0.037109375
247 0.08984375
248 0.0361328125
249 -0.095703125
250 0.021484375
251 0.0859375
252 0.04296875
253 -0.09765625
254 -0.0556640625
255 0.0126953125
256 -0.0205078125
257 -0.1337890625
258 -0.048828125
259 0.0205078125
260 -0.0166015625
261 -0.1298828125
262 -0.0419921875
263 0.0263671875
264 -0.013671875
265 -0.1533203125
266 -0.025390625
267 0.0478515625
268 0.013671875
269 -0.041015625
270 0.0712890625
271 0.134765625
272 0.08203125
273 -0.0107421875
274 0.0400390625
275 0.0908203125
276 0.037109375
277 -0.0947265625
278 0.0234375
279 0.0869140625
280 0.044921875
281 -0.09375
282 -0.052734375
283 0.0146484375
284 -0.01953125
285 -0.1318359375
286 -0.0478515625
287 0.01953125
288 -0.015625
289 -0.1279296875
290 -0.0419921875
291 0.0234375
292 -0.0146484375
293 -0.15625
294 -0.02734375
295 0.0458984375
296 0.013671875
297 -0.041015625
298 0.0712890625
299 0.1328125
300 0.08203125
301 -0.013671875
302 0.037109375
303 0.0908203125
304 0.0380859375
305 -0.0947265625
306 0.0224609375
307 0.0869140625
308 0.0439453125
309 -0.09375
310 -0.0537109375
311 0.0146484375
312 -0.0205078125
313 -0.134765625
314 -0.046875
315 0.0205078125
316 -0.0166015625
317 -0.1279296875
318 -0.041015625
319 0.0205078125
320 -0.0126953125
321 -0.1552734375
322 -0.025390625
323 0.0458984375
324 0.0146484375
325 -0.041015625
326 0.0712890625
327 0.1337890625
328 0.0810546875
329 -0.01171875
330 0.0361328125
331 0.0888671875
332 0.0361328125
333 -0.09375
334 0.021484375
335 0.0859375
336 0.04296875
337 -0.09375
338 -0.052734375
339 0.013671875
340 -0.0185546875
341 -0.134765625
342 -0.046875
343 0.0205078125
344 -0.0146484375
345 -0.130859375
346 -0.0419921875
347 0.0234375
348 -0.013671875
349 -0.158203125
350 -0.0283203125
351 0.0478515625
352 0.0126953125
353 -0.0419921875
354 0.0712890625
355 0.1357421875
356 0.0810546875
357 -0.0126953125
358 0.037109375
359 0.0908203125
360 0.037109375
361 -0.095703125
362 0.021484375
363 0.0859375
364 0.0439453125
365 -0.0966796875
366 -0.0546875
367 0.013671875
368 -0.0224609375
369 -0.1337890625
370 -0.0478515625
371 0.0205078125
372 -0.0166015625
373 -0.1298828125
374 -0.04296875
375 0.0234375
376 -0.0146484375
377 -0.1533203125
378 -0.02734375
379 0.046875
380 0.0146484375
381 -0.0390625
382 0.0712890625
383 0.1337890625
384 0.083984375
385 -0.01171875
386 0.0380859375
387 0.0908203125
388 0.0380859375
389 -0.09375
390 0.0234375
391 0.0888671875
392 0.0458984375
393 -0.09375
394 -0.052734375
395 0.015625
396 -0.01953125
397 -0.1328125
398 -0.0478515625
399 0.0224609375
400 -0.0146484375
401 -0.12890625
402 -0.041015625
403 0.0244140625
404 -0.0146484375
405 -0.15625
406 -0.025390625
407 0.0478515625
408 0.0146484375
409 -0.0419921875
410 0.072265625
411 0.134765625
412 0.08203125
413 -0.0107421875
414 0.0390625
415 0.08984375
416 0.037109375
417 -0.09375
418 0.0224609375
419 0.0859375
420 0.044921875
421 -0.0947265625
422 -0.0537109375
423 0.0146484375
424 -0.0205078125
425 -0.1337890625
426 -0.0478515625
427 0.0185546875
428 -0.015625
429 -0.12890625
430 -0.041015625
431 0.021484375
432 -0.0126953125
433 -0.1552734375
434 -0.025390625
435 0.0458984375
436 0.015625
437 -0.041015625
438 0.0712890625
439 0.1337890625
440 0.08203125
441 -0.0107421875
442 0.0361328125
443 0.087890625
444 0.037109375
445 -0.0908203125
446 0.021484375
447 0.0859375
448 0.044921875
449 -0.09375
450 -0.052734375
451 0.01171875
452 -0.017578125
453 -0.1328125
454 -0.0458984375
455 0.017578125
456 -0.0146484375
457 -0.1279296875
458 -0.0419921875
459 0.0205078125
460 -0.01171875
461 -0.154296875
462 -0.0263671875
463 0.0458984375
464 0.015625
465 -0.0400390625
466 0.0703125
467 0.1337890625
468 0.08203125
469 -0.0107421875
470 0.037109375
471 0.08984375
472 0.037109375
473 -0.095703125
474 0.01953125
475 0.0849609375
476 0.0439453125
477 -0.0947265625
478 -0.052734375
479 0.0126953125
480 -0.017578125
481 -0.134765625
482 -0.0458984375
483 0.01953125
484 -0.01171875
485 -0.1279296875
486 -0.0419921875
487 0.0244140625
488 -0.01171875
489 -0.150390625
490 -0.0244140625
491 0.0517578125
492 0.0166015625
493 -0.0380859375
494 0.0732421875
495 0.134765625
496 0.0830078125
497 -0.009765625
498 0.0390625
499 0.08984375
500 0.0390625
501 -0.0908203125
502 0.0244140625
503 0.0888671875
504 0.0458984375
505 -0.091796875
506 -0.048828125
507 0.0146484375
508 -0.0185546875
509 -0.1298828125
510 -0.044921875
511 0.0205078125
512 -0.013671875
513 -0.125
514 -0.041015625
515 0.0234375
516 -0.0126953125
517 -0.1533203125
518 -0.025390625
519 0.0498046875
520 0.0166015625
521 -0.041015625
522 0.0712890625
523 0.134765625
524 0.0810546875
525 -0.01171875
526 0.0380859375
527 0.0888671875
528 0.0380859375
529 -0.09375
530 0.0244140625
531 0.0888671875
532 0.0458984375
533 -0.091796875
534 -0.052734375
535 0.015625
536 -0.017578125
537 -0.1337890625
538 -0.0458984375
539 0.0224609375
540 -0.013671875
541 -0.126953125
542 -0.0419921875
543 0.0224609375
544 -0.0107421875
545 -0.1533203125
546 -0.0263671875
547 0.0458984375
548 0.015625
549 -0.0400390625
550 0.0732421875
551 0.1337890625
552 0.0830078125
553 -0.0107421875
554 0.0400390625
555 0.08984375
556 0.037109375
557 -0.0908203125
558 0.0234375
559 0.0869140625
560 0.044921875
561 -0.0908203125
562 -0.052734375
563 0.0126953125
564 -0.0185546875
565 -0.1318359375
566 -0.0478515625
567 0.017578125
568 -0.013671875
569 -0.126953125
570 -0.0419921875
571 0.017578125
572 -0.01171875
573 -0.1513671875
574 -0.0283203125
575 0.0419921875
576 0.0166015625
577 -0.0390625
578 0.0703125
579 0.130859375
580 0.0830078125
581 -0.0087890625
582 0.0380859375
583 0.0869140625
584 0.0390625
585 -0.0908203125
586 0.021484375
587 0.083984375
588 0.044921875
589 -0.0927734375
590 -0.0537109375
591 0.009765625
592 -0.0185546875
593 -0.1318359375
594 -0.0458984375
595 0.015625
596 -0.01171875
597 -0.1259765625
598 -0.0400390625
599 0.01953125
600 -0.0126953125
601 -0.15234375
602 -0.0244140625
603 0.046875
604 0.0166015625
605 -0.0361328125
606 0.072265625
607 0.1328125
608 0.0830078125
609 -0.0087890625
610 0.0380859375
611 0.08984375
612 0.0380859375
613 -0.08984375
614 0.0234375
615 0.0869140625
616 0.0458984375
617 -0.09375
618 -0.052734375
619 0.01171875
620 -0.0185546875
621 -0.134765625
622 -0.044921875
623 0.021484375
624 -0.0146484375
625 -0.1279296875
626 -0.041015625
627 0.0234375
628 -0.0126953125
629 -0.154296875
630 -0.0263671875
631 0.0478515625
632 0.0166015625
633 -0.0400390625
634 0.072265625
635 0.1357421875
636 0.083984375
637 -0.01171875
638 0.0390625
639 0.0927734375
640 0.0380859375
641 -0.09375
642 0.0234375
643 0.0888671875
644 0.044921875
645 -0.0947265625
646 -0.0517578125
647 0.0166015625
648 -0.0205078125
649 -0.1337890625
650 -0.044921875
651 0.0224609375
652 -0.015625
653 -0.126953125
654 -0.0419921875
655 0.025390625
656 -0.0126953125
657 -0.154296875
658 -0.025390625
659 0.048828125
660 0.015625
661 -0.0419921875
662 0.0732421875
663 0.1357421875
664 0.0830078125
665 -0.01171875
666 0.037109375
667 0.0888671875
668 0.0380859375
669 -0.09375
670 0.021484375
671 0.083984375
672 0.0439453125
673 -0.0927734375
674 -0.0537109375
675 0.0126953125
676 -0.0185546875
677 -0.1318359375
678 -0.0458984375
679 0.01953125
680 -0.013671875
681 -0.1279296875
682 -0.041015625
683 0.01953125
684 -0.01171875
685 -0.1552734375
686 -0.0263671875
687 0.044921875
688 0.015625
689 -0.0390625
690 0.0712890625
691 0.1328125
692 0.0830078125
693 -0.0107421875
694 0.0380859375
695 0.0888671875
696 0.0380859375
697 -0.09375
698 0.0224609375
699 0.0869140625
700 0.0439453125
701 -0.0927734375
702 -0.0537109375
703 0.013671875
704 -0.01953125
705 -0.1328125
706 -0.0458984375
707 0.0185546875
708 -0.0126953125
709 -0.126953125
710 -0.0400390625
711 0.0244140625
712 -0.01171875
713 -0.1513671875
714 -0.025390625
715 0.046875
716 0.0166015625
717 -0.0380859375
718 0.0712890625
719 0.1318359375
720 0.083984375
721 -0.009765625
722 0.0380859375
723 0.08984375
724 0.0390625
725 -0.08984375
726 0.0234375
727 0.0888671875
728 0.046875
729 -0.0908203125
730 -0.048828125
731 0.0166015625
732 -0.0166015625
733 -0.1318359375
734 -0.04296875
735 0.0244140625
736 -0.0126953125
737 -0.1298828125
738 -0.0400390625
739 0.02734375
740 -0.0126953125
741 -0.15625
742 -0.025390625
743 0.0517578125
744 0.013671875
745 -0.041015625
746 0.0732421875
747 0.1376953125
748 0.08203125
749 -0.01171875
750 0.0400390625
751 0.09375
752 0.0380859375
753 -0.09375
754 0.0244140625
755 0.087890625
756 0.044921875
757 -0.0927734375
758 -0.0517578125
759 0.0146484375
760 -0.0166015625
761 -0.1328125
762 -0.0458984375
763 0.0185546875
764 -0.013671875
765 -0.126953125
766 -0.04296875
767 0.0224609375
768 -0.0126953125
769 -0.15234375
770 -0.0263671875
771 0.0478515625
772 0.015625
773 -0.0390625
774 0.0732421875
775 0.134765625
776 0.0830078125
777 -0.0107421875
778 0.0390625
779 0.08984375
780 0.0390625
781 -0.0927734375
782 0.0244140625
783 0.0869140625
784 0.0458984375
785 -0.091796875
786 -0.0517578125
787 0.015625
788 -0.0185546875
789 -0.130859375
790 -0.0458984375
791 0.0205078125
792 -0.013671875
793 -0.126953125
794 -0.041015625
795 0.0234375
796 -0.01171875
797 -0.154296875
798 -0.0263671875
799 0.044921875
800 0.0146484375
801 -0.0400390625
802 0.0732421875
803 0.1328125
804 0.0830078125
805 -0.0107421875
806 0.0380859375
807 0.087890625
808 0.0380859375
809 -0.0947265625
810 0.0205078125
811 0.0849609375
812 0.0439453125
813 -0.09375
814 -0.0537109375
815 0.0146484375
816 -0.01953125
817 -0.1328125
818 -0.0458984375
819 0.0205078125
820 -0.013671875
821 -0.1279296875
822 -0.041015625
823 0.021484375
824 -0.01171875
825 -0.1513671875
826 -0.0244140625
827 0.0458984375
828 0.0185546875
829 -0.0361328125
830 0.0732421875
831 0.1318359375
832 0.083984375
833 -0.0087890625
834 0.0380859375
835 0.0888671875
836 0.0380859375
837 -0.0908203125
838 0.021484375
839 0.0869140625
840 0.0458984375
841 -0.0908203125
842 -0.0517578125
843 0.0146484375
844 -0.017578125
845 -0.130859375
846 -0.044921875
847 0.0185546875
848 -0.0126953125
849 -0.126953125
850 -0.0400390625
851 0.0205078125
852 -0.009765625
853 -0.1513671875
854 -0.0263671875
855 0.0458984375
856 0.017578125
857 -0.0390625
858 0.072265625
859 0.1328125
860 0.0830078125
861 -0.009765625
862 0.037109375
863 0.0888671875
864 0.0380859375
865 -0.0927734375
866 0.0224609375
867 0.083984375
868 0.0458984375
869 -0.091796875
870 -0.0517578125
871 0.0126953125
872 -0.017578125
873 -0.130859375
874 -0.0439453125
875 0.0185546875
876 -0.013671875
877 -0.1259765625
878 -0.0400390625
879 0.021484375
880 -0.01171875
881 -0.1513671875
882 -0.025390625
883 0.0458984375
884 0.015625
885 -0.037109375
886 0.0712890625
887 0.1318359375
888 0.0830078125
889 -0.0087890625
890 0.0380859375
891 0.083984375
892 0.0400390625
893 -0.0908203125
894 0.0234375
895 0.0830078125
896 0.046875
897 -0.0908203125
898 -0.0517578125
899 0.01171875
900 -0.0166015625
901 -0.130859375
902 -0.048828125
903 0.017578125
904 -0.013671875
905 -0.126953125
906 -0.0439453125
907 0.017578125
908 -0.0126953125
909 -0.1533203125
910 -0.02734375
911 0.0419921875
912 0.017578125
913 -0.037109375
914 0.0712890625
915 0.12890625
916 0.0830078125
917 -0.0087890625
918 0.0390625
919 0.0859375
920 0.0390625
921 -0.0927734375
922 0.021484375
923 0.083984375
924 0.044921875
925 -0.09375
926 -0.0546875
927 0.0107421875
928 -0.01953125
929 -0.130859375
930 -0.046875
931 0.01953125
932 -0.0126953125
933 -0.1259765625
934 -0.0400390625
935 0.0224609375
936 -0.0107421875
937 -0.1513671875
938 -0.025390625
939 0.0478515625
940 0.0166015625
941 -0.0361328125
942 0.072265625
943 0.1328125
944 0.0830078125
945 -0.0087890625
946 0.0380859375
947 0.08984375
948 0.0390625
949 -0.08984375
950 0.0234375
951 0.0859375
952 0.046875
953 -0.09375
954 -0.0537109375
955 0.0126953125
956 -0.0185546875
957 -0.1337890625
958 -0.046875
959 0.017578125
960 -0.013671875
961 -0.1279296875
962 -0.041015625
963 0.021484375
964 -0.0107421875
965 -0.1533203125
966 -0.0263671875
967 0.046875
968 0.0166015625
969 -0.037109375
970 0.0712890625
971 0.1337890625
972 0.0830078125
973 -0.0087890625
974 0.0380859375
975 0.0888671875
976 0.037109375
977 -0.08984375
978 0.0234375
979 0.0869140625
980 0.0458984375
981 -0.09375
982 -0.052734375
983 0.0107421875
984 -0.017578125
985 -0.1328125
986 -0.044921875
987 0.0185546875
988 -0.01171875
989 -0.126953125
990 -0.041015625
991 0.021484375
992 -0.0107421875
993 -0.1533203125
994 -0.0263671875
995 0.0458984375
996 0.0146484375
997 -0.0390625
998 0.0712890625
999 0.134765625
1000 0.08203125
1001 -0.0107421875
1002 0.037109375
1003 0.08984375
1004 0.0400390625
1005 -0.091796875
1006 0.0234375
1007 0.0849609375
1008 0.044921875
1009 -0.0947265625
1010 -0.052734375
1011 0.0126953125
1012 -0.01953125
1013 -0.1318359375
1014 -0.046875
1015 0.01953125
1016 -0.0126953125
1017 -0.12890625
1018 -0.04296875
1019 0.0224609375
1020 -0.01171875
1021 -0.1533203125
1022 -0.02734375
1023 0.0458984375
1024 0.0146484375
1025 -0.0390625
1026 0.0712890625
1027 0.1328125
1028 0.0830078125
1029 -0.009765625
1030 0.037109375
1031 0.08984375
1032 0.0390625
1033 -0.09375
1034 0.0224609375
1035 0.0869140625
1036 0.044921875
1037 -0.0947265625
1038 -0.0546875
1039 0.0107421875
1040 -0.01953125
1041 -0.1337890625
1042 -0.0458984375
1043 0.0185546875
1044 -0.0146484375
1045 -0.1279296875
1046 -0.041015625
1047 0.025390625
1048 -0.0126953125
1049 -0.1533203125
1050 -0.025390625
1051 0.046875
1052 0.0146484375
1053 -0.041015625
1054 0.0732421875
1055 0.1357421875
1056 0.083984375
1057 -0.0107421875
1058 0.0400390625
1059 0.0908203125
1060 0.0390625
1061 -0.091796875
1062 0.0234375
1063 0.08984375
1064 0.0439453125
1065 -0.0927734375
1066 -0.0537109375
1067 0.0146484375
1068 -0.0185546875
1069 -0.130859375
1070 -0.0478515625
1071 0.021484375
1072 -0.0146484375
1073 -0.1298828125
1074 -0.0400390625
1075 0.0224609375
1076 -0.01171875
1077 -0.1552734375
1078 -0.025390625
1079 0.0478515625
1080 0.0166015625
1081 -0.041015625
1082 0.0712890625
1083 0.1357421875
1084 0.08203125
1085 -0.009765625
1086 0.0390625
1087 0.091796875
1088 0.0380859375
1089 -0.0927734375
1090 0.0234375
1091 0.0869140625
1092 0.0439453125
1093 -0.0947265625
1094 -0.052734375
1095 0.013671875
1096 -0.0185546875
1097 -0.13671875
1098 -0.046875
1099 0.01953125
1100 -0.0146484375
1101 -0.130859375
1102 -0.041015625
1103 0.025390625
1104 -0.013671875
1105 -0.158203125
1106 -0.025390625
1107 0.0517578125
1108 0.0126953125
1109 -0.0419921875
1110 0.0732421875
1111 0.138671875
1112 0.08203125
1113 -0.01171875
1114 0.0400390625
1115 0.0947265625
1116 0.0380859375
1117 -0.095703125
1118 0.0244140625
1119 0.0908203125
1120 0.044921875
1121 -0.0966796875
1122 -0.052734375
1123 0.0166015625
1124 -0.01953125
1125 -0.1357421875
1126 -0.046875
1127 0.0244140625
1128 -0.0146484375
1129 -0.130859375
1130 -0.041015625
1131 0.0263671875
1132 -0.0126953125
1133 -0.1591796875
1134 -0.0263671875
1135 0.0498046875
1136 0.0126953125
1137 -0.0439453125
1138 0.0732421875
1139 0.1396484375
1140 0.0830078125
1141 -0.0146484375
1142 0.0400390625
1143 0.0947265625
1144 0.037109375
1145 -0.0986328125
1146 0.021484375
1147 0.087890625
1148 0.0439453125
1149 -0.0966796875
1150 -0.052734375
1151 0.0146484375
1152 -0.0205078125
1153 -0.134765625
1154 -0.046875
1155 0.0224609375
1156 -0.0146484375
1157 -0.1298828125
1158 -0.0400390625
1159 0.02734375
1160 -0.01171875
1161 -0.1552734375
1162 -0.025390625
1163 0.05078125
1164 0.017578125
1165 -0.041015625
1166 0.07421875
1167 0.1376953125
1168 0.083984375
1169 -0.01171875
1170 0.041015625
1171 0.09375
1172 0.0390625
1173 -0.0966796875
1174 0.0234375
1175 0.091796875
1176 0.0458984375
1177 -0.0927734375
1178 -0.0517578125
1179 0.0205078125
1180 -0.017578125
1181 -0.1318359375
1182 -0.0458984375
1183 0.0244140625
1184 -0.0146484375
1185 -0.1279296875
1186 -0.0390625
1187 0.0263671875
1188 -0.0126953125
1189 -0.1572265625
1190 -0.025390625
1191 0.0478515625
1192 0.015625
1193 -0.0419921875
1194 0.0732421875
1195 0.1357421875
1196 0.0830078125
1197 -0.0107421875
1198 0.0390625
1199 0.0927734375
1200 0.0361328125
1201 -0.095703125
1202 0.0234375
1203 0.08984375
1204 0.044921875
1205 -0.095703125
1206 -0.0537109375
1207 0.015625
1208 -0.01953125
1209 -0.1337890625
1210 -0.0458984375
1211 0.0224609375
1212 -0.013671875
1213 -0.1298828125
1214 -0.0390625
1215 0.02734375
1216 -0.0107421875
1217 -0.1572265625
1218 -0.0263671875
1219 0.048828125
1220 0.017578125
1221 -0.0419921875
1222 0.0732421875
1223 0.1376953125
1224 0.083984375
1225 -0.01171875
1226 0.041015625
1227 0.0947265625
1228 0.0390625
1229 -0.0947265625
1230 0.0244140625
1231 0.0927734375
1232 0.046875
1233 -0.095703125
1234 -0.05078125
1235 0.017578125
1236 -0.017578125
1237 -0.1337890625
1238 -0.0458984375
1239 0.0224609375
1240 -0.013671875
1241 -0.1298828125
1242 -0.0400390625
1243 0.0244140625
1244 -0.0126953125
1245 -0.1572265625
1246 -0.0283203125
1247 0.0478515625
1248 0.0146484375
1249 -0.041015625
1250 0.0712890625
1251 0.13671875
1252 0.0830078125
1253 -0.0107421875
1254 0.0380859375
1255 0.0927734375
1256 0.0400390625
1257 -0.095703125
1258 0.0224609375
1259 0.087890625
1260 0.0458984375
1261 -0.095703125
1262 -0.052734375
1263 0.0126953125
1264 -0.017578125
1265 -0.1318359375
1266 -0.044921875
1267 0.0224609375
1268 -0.013671875
1269 -0.12890625
1270 -0.0419921875
1271 0.0244140625
1272 -0.0126953125
1273 -0.1533203125
1274 -0.0244140625
1275 0.05078125
1276 0.017578125
1277 -0.0361328125
1278 0.0732421875
1279 0.134765625
1280 0.0849609375
1281 -0.0107421875
1282 0.0400390625
1283 0.091796875
1284 0.0400390625
1285 -0.0927734375
1286 0.0244140625
1287 0.0888671875
1288 0.044921875
1289 -0.0947265625
1290 -0.052734375
1291 0.0126953125
1292 -0.01953125
1293 -0.130859375
1294 -0.046875
1295 0.021484375
1296 -0.013671875
1297 -0.1279296875
1298 -0.0400390625
1299 0.025390625
1300 -0.0126953125
1301 -0.1533203125
1302 -0.0244140625
1303 0.048828125
1304 0.015625
1305 -0.0390625
1306 0.0732421875
1307 0.134765625
1308 0.083984375
1309 -0.009765625
1310 0.0390625
1311 0.0908203125
1312 0.0390625
1313 -0.0927734375
1314 0.021484375
1315 0.0869140625
1316 0.0458984375
1317 -0.0927734375
1318 -0.0537109375
1319 0.0126953125
1320 -0.017578125
1321 -0.1298828125
1322 -0.046875
1323 0.0205078125
1324 -0.0126953125
1325 -0.1259765625
1326 -0.0400390625
1327 0.021484375
1328 -0.009765625
1329 -0.1552734375
1330 -0.025390625
1331 0.046875
1332 0.017578125
1333 -0.0380859375
1334 0.0732421875
1335 0.134765625
1336 0.0830078125
1337 -0.0107421875
1338 0.037109375
1339 0.091796875
1340 0.037109375
1341 -0.09375
1342 0.021484375
1343 0.087890625
1344 0.044921875
1345 -0.09375
1346 -0.0537109375
1347 0.0166015625
1348 -0.01953125
1349 -0.1337890625
1350 -0.046875
1351 0.0234375
1352 -0.0126953125
1353 -0.1279296875
1354 -0.0400390625
1355 0.0224609375
1356 -0.009765625
1357 -0.15625
1358 -0.0263671875
1359 0.046875
1360 0.0146484375
1361 -0.0390625
1362 0.0712890625
1363 0.1357421875
1364 0.0830078125
1365 -0.0087890625
1366 0.037109375
1367 0.09375
1368 0.0390625
1369 -0.09375
1370 0.021484375
1371 0.0869140625
1372 0.044921875
1373 -0.09375
1374 -0.052734375
1375 0.013671875
1376 -0.0185546875
1377 -0.1328125
1378 -0.044921875
1379 0.0205078125
1380 -0.01171875
1381 -0.126953125
1382 -0.0400390625
1383 0.025390625
1384 -0.01171875
1385 -0.1533203125
1386 -0.025390625
1387 0.048828125
1388 0.0146484375
1389 -0.037109375
1390 0.0732421875
1391 0.1337890625
1392 0.083984375
1393 -0.0087890625
1394 0.0400390625
1395 0.0908203125
1396 0.0400390625
1397 -0.091796875
1398 0.025390625
1399 0.0888671875
1400 0.048828125
1401 -0.091796875
1402 -0.05078125
1403 0.015625
1404 -0.0166015625
1405 -0.1298828125
1406 -0.044921875
1407 0.021484375
1408 -0.01171875
1409 -0.1259765625
1410 -0.041015625
1411 0.0234375
1412 -0.0107421875
1413 -0.150390625
1414 -0.025390625
1415 0.046875
1416 0.017578125
1417 -0.037109375
1418 0.0732421875
1419 0.1337890625
1420 0.0849609375
1421 -0.0078125
1422 0.0400390625
1423 0.087890625
1424 0.041015625
1425 -0.087890625
1426 0.0244140625
1427 0.083984375
1428 0.0458984375
1429 -0.091796875
1430 -0.0517578125
1431 0.0107421875
1432 -0.0185546875
1433 -0.1298828125
1434 -0.0478515625
1435 0.0185546875
1436 -0.013671875
1437 -0.1240234375
1438 -0.0400390625
1439 0.0234375
1440 -0.009765625
1441 -0.126953125
1442 -0.005859375
1443 0.0625
1444 0.0302734375
1445 -0.078125
1446 -0.029296875
1447 0.0322265625
1448 -0.00390625
1449 -0.1162109375
1450 -0.041015625
1451 0.0244140625
1452 -0.0078125
1453 -0.126953125
1454 -0.046875
1455 0.0205078125
1456 -0.0146484375
1457 -0.1787109375
1458 -0.0849609375
1459 -0.0146484375
1460 -0.0400390625
1461 -0.1943359375
1462 -0.0625
1463 0.0185546875
1464 -0.001953125
1465 -0.0732421875
1466 0.04296875
1467 0.107421875
1468 0.064453125
1469 0.005859375
1470 0.1103515625
1471 0.166015625
1472 0.1103515625
1473 0.0185546875
1474 0.0595703125
1475 0.109375
1476 0.056640625
1477 -0.0498046875
1478 0.0576171875
1479 0.119140625
1480 0.0712890625
1481 -0.005859375
1482 0.095703125
1483 0.150390625
1484 0.0966796875
1485 -0.01953125
1486 0.021484375
1487 0.0732421875
1488 0.0283203125
1489 -0.076171875
1490 0.037109375
1491 0.09765625
1492 0.056640625
1493 -0.0107421875
1494 0.0927734375
1495 0.146484375
1496 0.0947265625
1497 -0.015625
1498 0.0244140625
1499 0.0732421875
1500 0.02734375
1501 -0.078125
1502 -0.005859375
1503 0.0517578125
1504 0.01171875
1505 -0.0810546875
1506 0.0283203125
1507 0.0908203125
1508 0.0498046875
1509 -0.0654296875
1510 0.0439453125
1511 0.1044921875
1512 0.05859375
1513 -0.0439453125
1514 0.0634765625
1515 0.1201171875
1516 0.0712890625
1517 0.0009765625
1518 0.1025390625
1519 0.154296875
1520 0.0966796875
1521 0.0107421875
1522 0.0498046875
1523 0.1005859375
1524 0.044921875
1525 -0.0458984375
1526 0.056640625
1527 0.1171875
1528 0.06640625
1529 -0.044921875
1530 0.0595703125
1531 0.1142578125
1532 0.0654296875
1533 -0.095703125
1534 -0.05859375
1535 0.0029296875
1536 -0.0302734375
1537 -0.1982421875
1538 -0.1083984375
1539 -0.033203125
1540 -0.0556640625
1541 -0.162109375
1542 -0.037109375
1543 0.0380859375
1544 0.00390625
1545 -0.0517578125
1546 0.056640625
1547 0.1162109375
1548 0.0693359375
1549 0.0048828125
1550 0.10546875
1551 0.1611328125
1552 0.099609375
1553 -0.0185546875
1554 0.0224609375
1555 0.0712890625
1556 0.0224609375
1557 -0.107421875
1558 -0.0263671875
1559 0.0302734375
1560 -0.01171875
1561 -0.1923828125
1562 -0.125
1563 -0.0458984375
1564 -0.0673828125
1565 -0.1728515625
1566 -0.078125
1567 -0.0078125
1568 -0.04296875
1569 -0.2060546875
1570 -0.12890625
1571 -0.0478515625
1572 -0.0703125
1573 -0.19140625
1574 -0.0556640625
1575 0.0224609375
1576 -0.0078125
1577 -0.107421875
1578 -0.0546875
1579 0.0126953125
1580 -0.0244140625
1581 -0.13671875
1582 -0.0458984375
1583 0.0166015625
1584 -0.01953125
1585 -0.130859375
1586 -0.0458984375
1587 0.0185546875
1588 -0.0166015625
1589 -0.1083984375
1590 0.01171875
1591 0.080078125
1592 0.0380859375
1593 -0.0146484375
1594 0.091796875
1595 0.1513671875
1596 0.0947265625
1597 -0.0185546875
1598 0.083984375
1599 0.1416015625
1600 0.0869140625
1601 -0.01953125
1602 0.083984375
1603 0.1416015625
1604 0.0869140625
1605 0.0107421875
1606 0.1123046875
1607 0.166015625
1608 0.1044921875
1609 0.013671875
1610 0.0556640625
1611 0.1083984375
1612 0.0478515625
1613 -0.0439453125
1614 0.060546875
1615 0.12109375
1616 0.0673828125
1617 -0.044921875
1618 0.0595703125
1619 0.119140625
1620 0.0654296875
1621 -0.0966796875
1622 -0.0576171875
1623 0.0029296875
1624 -0.03125
1625 -0.1982421875
1626 -0.109375
1627 -0.0341796875
1628 -0.056640625
1629 -0.166015625
1630 -0.037109375
1631 0.03515625
1632 0.001953125
1633 -0.0703125
1634 0.0400390625
1635 0.10546875
1636 0.0576171875
1637 -0.0029296875
1638 0.099609375
1639 0.1572265625
1640 0.0966796875
1641 -0.01953125
1642 0.0185546875
1643 0.072265625
1644 0.01953125
1645 -0.111328125
1646 -0.0302734375
1647 0.0283203125
1648 -0.013671875
1649 -0.1953125
1650 -0.126953125
1651 -0.048828125
1652 -0.0693359375
1653 -0.17578125
1654 -0.078125
1655 -0.0107421875
1656 -0.04296875
1657 -0.2080078125
1658 -0.12890625
1659 -0.0498046875
1660 -0.0712890625
1661 -0.1923828125
1662 -0.05859375
1663 0.01953125
1664 -0.0087890625
1665 -0.1064453125
1666 -0.0576171875
1667 0.009765625
1668 -0.0244140625
1669 -0.1376953125
1670 -0.046875
1671 0.0146484375
1672 -0.0205078125
1673 -0.1328125
1674 -0.0478515625
1675 0.015625
1676 -0.0166015625
1677 -0.1103515625
1678 0.0107421875
1679 0.078125
1680 0.037109375
1681 -0.013671875
1682 0.0927734375
1683 0.154296875
1684 0.095703125
1685 0.041015625
1686 0.1416015625
1687 0.19921875
1688 0.1279296875
1689 0.06640625
1690 0.1630859375
1691 0.21875
1692 0.1435546875
1693 0.03515625
1694 0.1337890625
1695 0.1845703125
1696 0.115234375
1697 0.0068359375
1698 0.107421875
1699 0.1611328125
1700 0.095703125
1701 0.017578125
1702 0.1171875
1703 0.1708984375
1704 0.103515625
1705 0.0126953125
1706 0.0556640625
1707 0.1064453125
1708 0.044921875
1709 -0.046875
1710 0.05859375
1711 0.1201171875
1712 0.0625
1713 0.0068359375
1714 0.109375
1715 0.1669921875
1716 0.0986328125
1717 0.03515625
1718 0.134765625
1719 0.189453125
1720 0.1171875
1721 0.01171875
1722 0.107421875
1723 0.158203125
1724 0.09375
1725 -0.0693359375
1726 -0.033203125
1727 0.0234375
1728 -0.021484375
1729 -0.1884765625
1730 -0.10546875
1731 -0.0322265625
1732 -0.0634765625
1733 -0.173828125
1734 -0.0439453125
1735 0.029296875
1736 -0.0107421875
1737 -0.07421875
1738 0.041015625
1739 0.1005859375
1740 0.0478515625
1741 -0.0185546875
1742 0.0859375
1743 0.142578125
1744 0.080078125
1745 -0.0400390625
1746 0.0
1747 0.052734375
1748 0.001953125
1749 -0.1298828125
1750 -0.0458984375
1751 0.013671875
1752 -0.03125
1753 -0.212890625
1754 -0.146484375
1755 -0.0625
1756 -0.0888671875
1757 -0.1923828125
1758 -0.0947265625
1759 -0.0234375
1760 -0.0595703125
1761 -0.224609375
1762 -0.1455078125
1763 -0.0625
1764 -0.0869140625
1765 -0.2099609375
1766 -0.0712890625
1767 0.0087890625
1768 -0.025390625
1769 -0.1259765625
1770 -0.0703125
1771 0.0
1772 -0.0419921875
1773 -0.1650390625
1774 -0.0703125
1775 -0.0009765625
1776 -0.04296875
1777 -0.1669921875
1778 -0.078125
1779 -0.00390625
1780 -0.04296875
1781 -0.14453125
1782 -0.0185546875
1783 0.05859375
1784 0.0126953125
1785 -0.0361328125
1786 0.0751953125
1787 0.1376953125
1788 0.0791015625
1789 0.015625
1790 0.12109375
1791 0.1787109375
1792 0.1103515625
1793 0.0439453125
1794 0.1416015625
1795 0.1962890625
1796 0.125
1797 0.0595703125
1798 0.154296875
1799 0.20703125
1800 0.1318359375
1801 0.0673828125
1802 0.16015625
1803 0.2099609375
1804 0.13671875
1805 0.025390625
1806 0.1171875
1807 0.1689453125
1808 0.1005859375
1809 -0.0107421875
1810 0.087890625
1811 0.140625
1812 0.0791015625
1813 -0.0009765625
1814 0.0986328125
1815 0.1513671875
1816 0.0859375
1817 -0.0078125
1818 0.0361328125
1819 0.0859375
1820 0.0263671875
1821 -0.064453125
1822 0.0380859375
1823 0.099609375
1824 0.044921875
1825 -0.017578125
1826 0.083984375
1827 0.1416015625
1828 0.078125
1829 0.015625
1830 0.11328125
1831 0.1669921875
1832 0.0986328125
1833 -0.0068359375
1834 0.087890625
1835 0.138671875
1836 0.0751953125
1837 -0.0869140625
1838 -0.052734375
1839 0.0
1840 -0.0400390625
1841 -0.2080078125
1842 -0.125
1843 -0.05078125
1844 -0.080078125
1845 -0.1904296875
1846 -0.0634765625
1847 0.009765625
1848 -0.0263671875
1849 -0.0849609375
1850 0.025390625
1851 0.0888671875
1852 0.03515625
1853 -0.0283203125
1854 0.0732421875
1855 0.1279296875
1856 0.06640625
1857 -0.05078125
1858 -0.0107421875
1859 0.0380859375
1860 -0.0107421875
1861 -0.1416015625
1862 -0.05859375
1863 0.0009765625
1864 -0.04296875
1865 -0.224609375
1866 -0.1572265625
1867 -0.0791015625
1868 -0.09765625
1869 -0.2021484375
1870 -0.107421875
1871 -0.037109375
1872 -0.0703125
1873 -0.2353515625
1874 -0.1572265625
1875 -0.0771484375
1876 -0.0966796875
1877 -0.2177734375
1878 -0.0810546875
1879 -0.0048828125
1880 -0.033203125
1881 -0.1328125
1882 -0.0810546875
1883 -0.013671875
1884 -0.048828125
1885 -0.2001953125
1886 -0.1083984375
1887 -0.0400390625
1888 -0.0673828125
1889 -0.2080078125
1890 -0.1181640625
1891 -0.04296875
1892 -0.068359375
1893 -0.1630859375
1894 -0.0390625
1895 0.0361328125
1896 -0.0009765625
1897 -0.0478515625
1898 0.0615234375
1899 0.1220703125
1900 0.0693359375
1901 0.0068359375
1902 0.107421875
1903 0.1630859375
1904 0.1015625
1905 0.03515625
1906 0.1298828125
1907 0.1826171875
1908 0.1162109375
1909 0.0439453125
1910 0.1376953125
1911 0.1904296875
1912 0.119140625
1913 0.0546875
1914 0.1484375
1915 0.2001953125
1916 0.1259765625
1917 0.017578125
1918 0.1103515625
1919 0.162109375
1920 0.0947265625
1921 -0.0166015625
1922 0.08203125
1923 0.134765625
1924 0.0732421875
1925 -0.0078125
1926 0.0927734375
1927 0.14453125
1928 0.0810546875
1929 -0.0107421875
1930 0.0302734375
1931 0.080078125
1932 0.0205078125
1933 -0.0693359375
1934 0.033203125
1935 0.09375
1936 0.0400390625
1937 -0.017578125
1938 0.0810546875
1939 0.13671875
1940 0.076171875
1941 0.0146484375
1942 0.1103515625
1943 0.166015625
1944 0.0966796875
1945 -0.0078125
1946 0.0859375
1947 0.1357421875
1948 0.0732421875
1949 -0.083984375
1950 -0.0498046875
1951 0.00390625
1952 -0.0380859375
1953 -0.2001953125
1954 -0.119140625
1955 -0.048828125
1956 -0.0771484375
1957 -0.1875
1958 -0.0634765625
1959 0.0087890625
1960 -0.02734375
1961 -0.087890625
1962 0.021484375
1963 0.083984375
1964 0.0322265625
1965 -0.033203125
1966 0.0673828125
1967 0.1240234375
1968 0.0625
1969 -0.0546875
1970 -0.0146484375
1971 0.033203125
1972 -0.0146484375
1973 -0.14453125
1974 -0.0615234375
1975 -0.0048828125
1976 -0.0458984375
1977 -0.2275390625
1978 -0.16015625
1979 -0.0830078125
1980 -0.1025390625
1981 -0.2021484375
1982 -0.111328125
1983 -0.0458984375
1984 -0.07421875
1985 -0.2373046875
1986 -0.162109375
1987 -0.083984375
1988 -0.099609375
1989 -0.21484375
1990 -0.0869140625
1991 -0.013671875
1992 -0.037109375
1993 -0.1357421875
1994 -0.0849609375
1995 -0.021484375
1996 -0.05078125
1997 -0.169921875
1998 -0.08203125
1999 -0.0224609375
2000 -0.0498046875
2001 -0.1669921875
2002 -0.0869140625
2003 -0.021484375
2004 -0.0498046875
2005 -0.1416015625
2006 -0.0234375
2007 0.0439453125
2008 0.0068359375
2009 -0.0400390625
2010 0.0634765625
2011 0.123046875
2012 0.0703125
2013 0.0087890625
2014 0.1064453125
2015 0.158203125
2016 0.0986328125
2017 0.03125
2018 0.125
2019 0.173828125
2020 0.1103515625
2021 0.0380859375
2022 0.12890625
2023 0.177734375
2024 0.111328125
2025 0.0517578125
2026 0.138671875
2027 0.1875
2028 0.12109375
2029 0.015625
2030 0.103515625
2031 0.150390625
2032 0.0888671875
2033 -0.0166015625
2034 0.0751953125
2035 0.1240234375
2036 0.068359375
2037 -0.009765625
2038 0.0859375
2039 0.1337890625
2040 0.0751953125
2041 -0.0322265625
2042 0.0078125
2043 0.056640625
2044 0.005859375
2045 -0.083984375
2046 0.0205078125
2047 0.080078125
2048 0.0283203125
2049 -0.02734375
2050 0.0732421875
2051 0.1279296875
2052 0.0693359375
2053 0.0078125
2054 0.103515625
2055 0.1572265625
2056 0.0908203125
2057 -0.0146484375
2058 0.0771484375
2059 0.125
2060 0.0673828125
2061 -0.0927734375
2062 -0.0595703125
2063 -0.0068359375
2064 -0.0439453125
2065 -0.212890625
2066 -0.1298828125
2067 -0.0595703125
2068 -0.0849609375
2069 -0.193359375
2070 -0.0703125
2071 -0.0009765625
2072 -0.0322265625
2073 -0.10546875
2074 0.0048828125
2075 0.06640625
2076 0.021484375
2077 -0.0390625
2078 0.0615234375
2079 0.115234375
2080 0.060546875
2081 -0.0576171875
2082 -0.0224609375
2083 0.0302734375
2084 -0.0166015625
2085 -0.146484375
2086 -0.0673828125
2087 -0.009765625
2088 -0.0498046875
2089 -0.2314453125
2090 -0.1630859375
2091 -0.0849609375
2092 -0.10546875
2093 -0.2080078125
2094 -0.115234375
2095 -0.0439453125
2096 -0.0771484375
2097 -0.2392578125
2098 -0.1640625
2099 -0.083984375
2100 -0.1025390625
2101 -0.2216796875
2102 -0.0908203125
2103 -0.0126953125
2104 -0.041015625
2105 -0.140625
2106 -0.08984375
2107 -0.0244140625
2108 -0.0556640625
2109 -0.21875
2110 -0.123046875
2111 -0.0517578125
2112 -0.078125
2113 -0.2314453125
2114 -0.1357421875
2115 -0.0595703125
2116 -0.0830078125
2117 -0.16796875
2118 -0.04296875
2119 0.03125
2120 -0.0048828125
2121 -0.0537109375
2122 0.0576171875
2123 0.119140625
2124 0.0634765625
2125 0.0029296875
2126 0.1025390625
2127 0.1591796875
2128 0.0966796875
2129 0.0234375
2130 0.1201171875
2131 0.1728515625
2132 0.107421875
2133 0.03515625
2134 0.130859375
2135 0.1826171875
2136 0.1142578125
2137 0.0478515625
2138 0.1416015625
2139 0.1943359375
2140 0.1201171875
2141 0.0107421875
2142 0.10546875
2143 0.15625
2144 0.08984375
2145 -0.0244140625
2146 0.0732421875
2147 0.126953125
2148 0.06640625
2149 -0.013671875
2150 0.0849609375
2151 0.138671875
2152 0.0751953125
2153 -0.0185546875
2154 0.0224609375
2155 0.0703125
2156 0.0146484375
2157 -0.076171875
2158 0.029296875
2159 0.0888671875
2160 0.0361328125
2161 -0.03125
2162 0.0712890625
2163 0.130859375
2164 0.0654296875
2165 0.0048828125
2166 0.1044921875
2167 0.1611328125
2168 0.0888671875
2169 -0.017578125
2170 0.0810546875
2171 0.13671875
2172 0.06640625
2173 -0.091796875
2174 -0.0537109375
2175 0.0029296875
2176 -0.0439453125
2177 -0.205078125
2178 -0.1220703125
2179 -0.0478515625
2180 -0.08203125
2181 -0.193359375
2182 -0.0634765625
2183 0.009765625
2184 -0.0302734375
2185 -0.0947265625
2186 0.0205078125
2187 0.0859375
2188 0.029296875
2189 -0.0380859375
2190 0.0673828125
2191 0.125
2192 0.0595703125
2193 -0.0625
2194 -0.021484375
2195 0.0361328125
2196 -0.021484375
2197 -0.1513671875
2198 -0.0673828125
2199 -0.0068359375
2200 -0.0498046875
2201 -0.234375
2202 -0.1630859375
2203 -0.083984375
2204 -0.1064453125
2205 -0.2119140625
2206 -0.111328125
2207 -0.0419921875
2208 -0.078125
2209 -0.2421875
2210 -0.1630859375
2211 -0.0810546875
2212 -0.103515625
2213 -0.224609375
2214 -0.0888671875
2215 -0.0087890625
2216 -0.041015625
2217 -0.1396484375
2218 -0.0869140625
2219 -0.017578125
2220 -0.0546875
2221 -0.1787109375
2222 -0.0869140625
2223 -0.0185546875
2224 -0.0556640625
2225 -0.181640625
2226 -0.0908203125
2227 -0.021484375
2228 -0.0556640625
2229 -0.15234375
2230 -0.0263671875
2231 0.0478515625
2232 0.00390625
2233 -0.0478515625
2234 0.0634765625
2235 0.1259765625
2236 0.06640625
2237 0.005859375
2238 0.107421875
2239 0.1650390625
2240 0.09765625
2241 0.02734375
2242 0.125
2243 0.1796875
2244 0.1103515625
2245 0.0361328125
2246 0.1328125
2247 0.185546875
2248 0.11328125
2249 0.046875
2250 0.142578125
2251 0.1943359375
2252 0.119140625
2253 0.005859375
2254 0.1015625
2255 0.154296875
2256 0.0869140625
2257 -0.0263671875
2258 0.0712890625
2259 0.1259765625
2260 0.0634765625
2261 -0.0185546875
2262 0.0830078125
2263 0.13671875
2264 0.072265625
2265 -0.03515625
2266 0.005859375
2267 0.0576171875
2268 0.00390625
2269 -0.0888671875
2270 0.01953125
2271 0.0810546875
2272 0.02734375
2273 -0.03125
2274 0.0712890625
2275 0.1279296875
2276 0.06640625
2277 0.0048828125
2278 0.1025390625
2279 0.1591796875
2280 0.087890625
2281 -0.0185546875
2282 0.078125
2283 0.1298828125
2284 0.0654296875
2285 -0.0947265625
2286 -0.05859375
2287 -0.0029296875
2288 -0.0478515625
2289 -0.21484375
2290 -0.130859375
2291 -0.05859375
2292 -0.0869140625
2293 -0.2001953125
2294 -0.0712890625
2295 0.0009765625
2296 -0.033203125
2297 -0.1103515625
2298 0.00390625
2299 0.0693359375
2300 0.0166015625
2301 -0.0419921875
2302 0.060546875
2303 0.119140625
2304 0.05859375
2305 -0.0615234375
2306 -0.021484375
2307 0.03125
2308 -0.0205078125
2309 -0.1484375
2310 -0.06640625
2311 -0.0068359375
2312 -0.0517578125
2313 -0.2333984375
2314 -0.1640625
2315 -0.083984375
2316 -0.10546875
2317 -0.2119140625
2318 -0.1123046875
2319 -0.0419921875
2320 -0.076171875
2321 -0.2431640625
2322 -0.1640625
2323 -0.08203125
2324 -0.1044921875
2325 -0.224609375
2326 -0.0908203125
2327 -0.0107421875
2328 -0.041015625
2329 -0.1416015625
2330 -0.0888671875
2331 -0.0185546875
2332 -0.0556640625
2333 -0.21875
2334 -0.1240234375
2335 -0.052734375
2336 -0.078125
2337 -0.2314453125
2338 -0.1357421875
2339 -0.060546875
2340 -0.0830078125
2341 -0.171875
2342 -0.04296875
2343 0.0302734375
2344 -0.0068359375
2345 -0.0546875
2346 0.0537109375
2347 0.1181640625
2348 0.0625
2349 0.0009765625
2350 0.1005859375
2351 0.158203125
2352 0.09375
2353 0.0224609375
2354 0.1181640625
2355 0.169921875
2356 0.10546875
2357 0.033203125
2358 0.12890625
2359 0.1806640625
2360 0.111328125
2361 0.046875
2362 0.1396484375
2363 0.19140625
2364 0.1201171875
2365 0.0107421875
2366 0.103515625
2367 0.1533203125
2368 0.087890625
2369 -0.0244140625
2370 0.0712890625
2371 0.125
2372 0.064453125
2373 -0.0126953125
2374 0.0849609375
2375 0.1357421875
2376 0.0732421875
2377 -0.0185546875
2378 0.0234375
2379 0.072265625
2380 0.013671875
2381 -0.0751953125
2382 0.029296875
2383 0.0888671875
2384 0.0361328125
2385 -0.0283203125
2386 0.0712890625
2387 0.125
2388 0.06640625
2389 0.0087890625
2390 0.1015625
2391 0.1533203125
2392 0.0888671875
2393 -0.0126953125
2394 0.076171875
2395 0.125
2396 0.0673828125
2397 -0.0859375
2398 -0.0546875
2399 -0.0048828125
2400 -0.04296875
2401 -0.1953125
2402 -0.1201171875
2403 -0.0556640625
2404 -0.0791015625
2405 -0.1845703125
2406 -0.0634765625
2407 0.0
2408 -0.02734375
2409 -0.0859375
2410 0.01953125
2411 0.07421875
2412 0.0322265625
2413 -0.0302734375
2414 0.064453125
2415 0.115234375
2416 0.0615234375
2417 -0.0556640625
2418 -0.0244140625
2419 0.0224609375
2420 -0.0185546875
2421 -0.1435546875
2422 -0.068359375
2423 -0.013671875
2424 -0.0498046875
2425 -0.2314453125
2426 -0.166015625
2427 -0.08984375
2428 -0.1044921875
2429 -0.2060546875
2430 -0.11328125
2431 -0.048828125
2432 -0.07421875
2433 -0.2412109375
2434 -0.1630859375
2435 -0.087890625
2436 -0.103515625
2437 -0.2197265625
2438 -0.0888671875
2439 -0.0146484375
2440 -0.041015625
2441 -0.1396484375
2442 -0.091796875
2443 -0.0263671875
2444 -0.0556640625
2445 -0.17578125
2446 -0.0888671875
2447 -0.0283203125
2448 -0.0556640625
2449 -0.177734375
2450 -0.09375
2451 -0.029296875
2452 -0.0546875
2453 -0.14453125
2454 -0.02734375
2455 0.037109375
2456 0.00390625
2457 -0.0419921875
2458 0.060546875
2459 0.119140625
2460 0.068359375
2461 0.0087890625
2462 0.1044921875
2463 0.158203125
2464 0.0986328125
2465 0.033203125
2466 0.1240234375
2467 0.173828125
2468 0.1103515625
2469 0.041015625
2470 0.1298828125
2471 0.1796875
2472 0.11328125
2473 0.05078125
2474 0.140625
2475 0.1884765625
2476 0.1220703125
2477 0.01171875
2478 0.1005859375
2479 0.1484375
2480 0.0859375
2481 -0.0244140625
2482 0.0712890625
2483 0.1220703125
2484 0.0634765625
2485 -0.013671875
2486 0.08203125
2487 0.130859375
2488 0.0712890625
2489 -0.0341796875
2490 0.00390625
2491 0.0537109375
2492 0.001953125
2493 -0.0888671875
2494 0.0166015625
2495 0.076171875
2496 0.0263671875
2497 -0.029296875
2498 0.0693359375
2499 0.1259765625
2500 0.0654296875
2501 0.0048828125
2502 0.1015625
2503 0.1552734375
2504 0.087890625
2505 -0.0166015625
2506 0.0751953125
2507 0.1279296875
2508 0.0634765625
2509 -0.08984375
2510 -0.0576171875
2511 -0.0029296875
2512 -0.046875
2513 -0.20703125
2514 -0.126953125
2515 -0.0556640625
2516 -0.083984375
2517 -0.1923828125
2518 -0.0693359375
2519 0.0
2520 -0.03125
2521 -0.0908203125
2522 0.0185546875
2523 0.076171875
2524 0.0302734375
2525 -0.0341796875
2526 0.0673828125
2527 0.119140625
2528 0.060546875
2529 -0.0634765625
2530 -0.0244140625
2531 0.0263671875
2532 -0.021484375
2533 -0.162109375
2534 -0.080078125
2535 -0.01953125
2536 -0.0595703125
2537 -0.240234375
2538 -0.173828125
2539 -0.0947265625
2540 -0.111328125
2541 -0.2177734375
2542 -0.1220703125
2543 -0.0546875
2544 -0.0810546875
2545 -0.2578125
2546 -0.1767578125
2547 -0.095703125
2548 -0.109375
2549 -0.2587890625
2550 -0.1181640625
2551 -0.0361328125
2552 -0.056640625
2553 -0.1337890625
2554 -0.015625
2555 0.0537109375
2556 0.0107421875
2557 -0.1201171875
2558 -0.0810546875
2559 -0.0146484375
2560 -0.048828125
2561 -0.169921875
2562 -0.0830078125
2563 -0.017578125
2564 -0.048828125
2565 -0.15625
2566 -0.0712890625
2567 -0.005859375
2568 -0.041015625
2569 -0.1591796875
2570 -0.0380859375
2571 0.03125
2572 -0.005859375
2573 -0.0927734375
2574 0.01953125
2575 0.083984375
2576 0.0361328125
2577 -0.0263671875
2578 0.0771484375
2579 0.134765625
2580 0.076171875
2581 -0.0166015625
2582 0.0283203125
2583 0.078125
2584 0.021484375
2585 -0.1083984375
2586 0.001953125
2587 0.0634765625
2588 0.0185546875
2589 -0.1181640625
2590 -0.078125
2591 -0.013671875
2592 -0.046875
2593 -0.1611328125
2594 -0.076171875
2595 -0.0087890625
2596 -0.0439453125
2597 -0.1591796875
2598 -0.0732421875
2599 -0.005859375
2600 -0.0439453125
2601 -0.18359375
2602 -0.056640625
2603 0.0166015625
2604 -0.0146484375
2605 -0.0693359375
2606 0.041015625
2607 0.1044921875
2608 0.052734375
2609 -0.0400390625
2610 0.0078125
2611 0.060546875
2612 0.0087890625
2613 -0.123046875
2614 -0.005859375
2615 0.0595703125
2616 0.017578125
2617 -0.1220703125
2618 -0.0810546875
2619 -0.015625
2620 -0.0458984375
2621 -0.1591796875
2622 -0.0751953125
2623 -0.0078125
2624 -0.041015625
2625 -0.154296875
2626 -0.068359375
2627 -0.0029296875
2628 -0.0400390625
2629 -0.1796875
2630 -0.052734375
2631 0.021484375
2632 -0.009765625
2633 -0.0673828125
2634 0.0458984375
2635 0.107421875
2636 0.056640625
2637 -0.037109375
2638 0.013671875
2639 0.064453125
2640 0.0146484375
2641 -0.1171875
2642 0.0
2643 0.0625
2644 0.0224609375
2645 -0.115234375
2646 -0.076171875
2647 -0.009765625
2648 -0.041015625
2649 -0.1533203125
2650 -0.0703125
2651 -0.001953125
2652 -0.03515625
2653 -0.1513671875
2654 -0.0625
2655 0.0
2656 -0.0341796875
2657 -0.1767578125
2658 -0.0458984375
2659 0.0263671875
2660 -0.0048828125
2661 -0.0625
2662 0.052734375
2663 0.11328125
2664 0.060546875
2665 -0.03125
2666 0.0185546875
2667 0.0703125
2668 0.017578125
2669 -0.1123046875
2670 0.0029296875
2671 0.0673828125
2672 0.025390625
2673 -0.1142578125
2674 -0.0732421875
2675 -0.005859375
2676 -0.0390625
2677 -0.154296875
2678 -0.06640625
2679 0.0009765625
2680 -0.0322265625
2681 -0.150390625
2682 -0.060546875
2683 0.0048828125
2684 -0.0302734375
2685 -0.173828125
2686 -0.044921875
2687 0.0322265625
2688 -0.0009765625
2689 -0.0595703125
2690 0.0546875
2691 0.119140625
2692 0.0625
2693 -0.029296875
2694 0.021484375
2695 0.076171875
2696 0.021484375
2697 -0.109375
2698 0.0068359375
2699 0.0732421875
2700 0.0283203125
2701 -0.111328125
2702 -0.068359375
2703 -0.001953125
2704 -0.03515625
2705 -0.150390625
2706 -0.0615234375
2707 0.0048828125
2708 -0.029296875
2709 -0.146484375
2710 -0.0556640625
2711 0.009765625
2712 -0.029296875
2713 -0.169921875
2714 -0.04296875
2715 0.033203125
2716 0.0009765625
2717 -0.0537109375
2718 0.0576171875
2719 0.119140625
2720 0.068359375
2721 -0.025390625
2722 0.0234375
2723 0.0771484375
2724 0.025390625
2725 -0.107421875
2726 0.0087890625
2727 0.07421875
2728 0.0322265625
2729 -0.1103515625
2730 -0.0673828125
2731 -0.0009765625
2732 -0.0322265625
2733 -0.1484375
2734 -0.0595703125
2735 0.0078125
2736 -0.0302734375
2737 -0.142578125
2738 -0.0537109375
2739 0.0107421875
2740 -0.025390625
2741 -0.1689453125
2742 -0.0400390625
2743 0.03515625
2744 0.0009765625
2745 -0.0546875
2746 0.060546875
2747 0.123046875
2748 0.0693359375
2749 -0.0244140625
2750 0.02734375
2751 0.080078125
2752 0.0263671875
2753 -0.1064453125
2754 0.01171875
2755 0.076171875
2756 0.0341796875
2757 -0.1064453125
2758 -0.0654296875
2759 0.00390625
2760 -0.03125
2761 -0.1455078125
2762 -0.0576171875
2763 0.0126953125
2764 -0.0263671875
2765 -0.1416015625
2766 -0.0537109375
2767 0.013671875
2768 -0.0224609375
2769 -0.1669921875
2770 -0.037109375
2771 0.0361328125
2772 0.0029296875
2773 -0.0517578125
2774 0.0615234375
2775 0.1240234375
2776 0.0732421875
2777 -0.021484375
2778 0.0263671875
2779 0.0771484375
2780 0.0283203125
2781 -0.1044921875
2782 0.0107421875
2783 0.07421875
2784 0.0341796875
2785 -0.103515625
2786 -0.064453125
2787 0.0029296875
2788 -0.029296875
2789 -0.1416015625
2790 -0.056640625
2791 0.0126953125
2792 -0.0224609375
2793 -0.1376953125
2794 -0.0498046875
2795 0.0126953125
2796 -0.021484375
2797 -0.1630859375
2798 -0.033203125
2799 0.0390625
2800 0.005859375
2801 -0.048828125
2802 0.064453125
2803 0.126953125
2804 0.07421875
2805 -0.021484375
2806 0.0302734375
2807 0.0849609375
2808 0.029296875
2809 -0.103515625
2810 0.015625
2811 0.0849609375
2812 0.0361328125
2813 -0.1005859375
2814 -0.0595703125
2815 0.01171875
2816 -0.0263671875
2817 -0.1416015625
2818 -0.0517578125
2819 0.0185546875
2820 -0.021484375
2821 -0.1396484375
2822 -0.0478515625
2823 0.021484375
2824 -0.0205078125
2825 -0.1669921875
2826 -0.0341796875
2827 0.0419921875
2828 0.005859375
2829 -0.05078125
2830 0.064453125
2831 0.1318359375
2832 0.07421875
2833 -0.0224609375
2834 0.0322265625
2835 0.0888671875
2836 0.029296875
2837 -0.1044921875
2838 0.0166015625
2839 0.083984375
2840 0.037109375
2841 -0.1015625
2842 -0.0576171875
2843 0.0107421875
2844 -0.0263671875
2845 -0.1396484375
2846 -0.0517578125
2847 0.017578125
2848 -0.0205078125
2849 -0.1376953125
2850 -0.0478515625
2851 0.021484375
2852 -0.0205078125
2853 -0.1640625
2854 -0.0322265625
2855 0.0439453125
2856 0.0078125
2857 -0.048828125
2858 0.0673828125
2859 0.1318359375
2860 0.0751953125
2861 -0.01953125
2862 0.0322265625
2863 0.087890625
2864 0.03125
2865 -0.103515625
2866 0.0185546875
2867 0.0859375
2868 0.0380859375
2869 -0.1015625
2870 -0.05859375
2871 0.013671875
2872 -0.0244140625
2873 -0.1416015625
2874 -0.052734375
2875 0.017578125
2876 -0.0224609375
2877 -0.13671875
2878 -0.046875
2879 0.01953125
2880 -0.01953125
2881 -0.1640625
2882 -0.0322265625
2883 0.044921875
2884 0.0087890625
2885 -0.0478515625
2886 0.0654296875
2887 0.130859375
2888 0.076171875
2889 -0.0166015625
2890 0.0341796875
2891 0.0859375
2892 0.033203125
2893 -0.1005859375
2894 0.0185546875
2895 0.0830078125
2896 0.0390625
2897 -0.099609375
2898 -0.05859375
2899 0.009765625
2900 -0.025390625
2901 -0.138671875
2902 -0.0517578125
2903 0.017578125
2904 -0.0205078125
2905 -0.130859375
2906 -0.044921875
2907 0.0185546875
2908 -0.017578125
2909 -0.1572265625
2910 -0.03125
2911 0.041015625
2912 0.0107421875
2913 -0.0439453125
2914 0.0673828125
2915 0.12890625
2916 0.0791015625
2917 -0.015625
2918 0.033203125
2919 0.0859375
2920 0.0341796875
2921 -0.09765625
2922 0.0185546875
2923 0.0810546875
2924 0.041015625
2925 -0.09765625
2926 -0.0576171875
2927 0.0107421875
2928 -0.0224609375
2929 -0.1357421875
2930 -0.0498046875
2931 0.0146484375
2932 -0.017578125
2933 -0.1337890625
2934 -0.044921875
2935 0.0185546875
2936 -0.015625
2937 -0.1591796875
2938 -0.03125
2939 0.0400390625
2940 0.0107421875
2941 -0.0439453125
2942 0.06640625
2943 0.1298828125
2944 0.0791015625
2945 -0.013671875
2946 0.0322265625
2947 0.0859375
2948 0.03515625
2949 -0.095703125
2950 0.017578125
2951 0.08203125
2952 0.041015625
2953 -0.0966796875
2954 -0.056640625
2955 0.0087890625
2956 -0.021484375
2957 -0.1357421875
2958 -0.0478515625
2959 0.0166015625
2960 -0.017578125
2961 -0.130859375
2962 -0.0439453125
2963 0.01953125
2964 -0.0146484375
2965 -0.15625
2966 -0.0302734375
2967 0.0439453125
2968 0.0126953125
2969 -0.041015625
2970 0.068359375
2971 0.1279296875
2972 0.0810546875
2973 -0.01171875
2974 0.0341796875
2975 0.0849609375
2976 0.03515625
2977 -0.09375
2978 0.01953125
2979 0.080078125
2980 0.04296875
2981 -0.095703125
2982 -0.0576171875
2983 0.0078125
2984 -0.021484375
2985 -0.1337890625
2986 -0.048828125
2987 0.0146484375
2988 -0.0166015625
2989 -0.12890625
2990 -0.0458984375
2991 0.015625
2992 -0.0166015625
2993 -0.154296875
2994 -0.029296875
2995 0.0400390625
2996 0.0146484375
2997 -0.037109375
2998 0.06640625
2999 0.1259765625
3000 0.0810546875
3001 -0.01171875
3002 0.0361328125
3003 0.083984375
3004 0.0361328125
3005 -0.0927734375
3006 0.0185546875
3007 0.080078125
3008 0.0439453125
3009 -0.0947265625
3010 -0.056640625
3011 0.0078125
3012 -0.0205078125
3013 -0.1337890625
3014 -0.048828125
3015 0.0146484375
3016 -0.0146484375
3017 -0.126953125
3018 -0.044921875
3019 0.0185546875
3020 -0.0146484375
3021 -0.1513671875
3022 -0.0263671875
3023 0.04296875
3024 0.0166015625
3025 -0.0380859375
3026 0.0703125
3027 0.1279296875
3028 0.0830078125
3029 -0.009765625
3030 0.0361328125
3031 0.0849609375
3032 0.037109375
3033 -0.08984375
3034 0.021484375
3035 0.083984375
3036 0.044921875
3037 -0.0908203125
3038 -0.052734375
3039 0.01171875
3040 -0.01953125
3041 -0.1298828125
3042 -0.0478515625
3043 0.0166015625
3044 -0.013671875
3045 -0.1259765625
3046 -0.0419921875
3047 0.01953125
3048 -0.0126953125
3049 -0.1513671875
3050 -0.0263671875
3051 0.0439453125
3052 0.0146484375
3053 -0.0380859375
3054 0.0693359375
3055 0.12890625
3056 0.08203125
3057 -0.009765625
3058 0.0361328125
3059 0.0849609375
3060 0.0361328125
3061 -0.0908203125
3062 0.0205078125
3063 0.083984375
3064 0.0439453125
3065 -0.09375
3066 -0.0546875
3067 0.009765625
3068 -0.0205078125
3069 -0.1337890625
3070 -0.0478515625
3071 0.0166015625
3072 -0.0166015625
3073 -0.1298828125
3074 -0.0400390625
3075 0.0205078125
3076 -0.013671875
3077 -0.15234375
3078 -0.0263671875
3079 0.0458984375
3080 0.0146484375
3081 -0.0390625
3082 0.0703125
3083 0.1328125
3084 0.08203125
3085 -0.01171875
3086 0.0380859375
3087 0.0888671875
3088 0.0380859375
3089 -0.08984375
3090 0.0224609375
3091 0.0830078125
3092 0.0458984375
3093 -0.091796875
3094 -0.052734375
3095 0.0107421875
3096 -0.017578125
3097 -0.1328125
3098 -0.0478515625
3099 0.017578125
3100 -0.013671875
3101 -0.1279296875
3102 -0.0439453125
3103 0.0205078125
3104 -0.0126953125
3105 -0.150390625
3106 -0.0283203125
3107 0.0419921875
3108 0.0146484375
3109 -0.0390625
3110 0.0693359375
3111 0.130859375
3112 0.0810546875
3113 -0.01171875
3114 0.03515625
3115 0.0859375
3116 0.037109375
3117 -0.0947265625
3118 0.01953125
3119 0.08203125
3120 0.04296875
3121 -0.0947265625
3122 -0.0537109375
3123 0.0087890625
3124 -0.0205078125
3125 -0.1337890625
3126 -0.048828125
3127 0.0166015625
3128 -0.0146484375
3129 -0.12890625
3130 -0.04296875
3131 0.021484375
3132 -0.013671875
3133 -0.1552734375
3134 -0.025390625
3135 0.05078125
3136 0.013671875
3137 -0.0419921875
3138 0.072265625
3139 0.1357421875
3140 0.0810546875
3141 -0.013671875
3142 0.0390625
3143 0.0927734375
3144 0.0380859375
3145 -0.095703125
3146 0.0234375
3147 0.087890625
3148 0.044921875
3149 -0.0927734375
3150 -0.0517578125
3151 0.015625
3152 -0.01953125
3153 -0.1337890625
3154 -0.0458984375
3155 0.0205078125
3156 -0.0146484375
3157 -0.1298828125
3158 -0.0419921875
3159 0.0234375
3160 -0.013671875
3161 -0.1591796875
3162 -0.02734375
3163 0.046875
3164 0.0146484375
3165 -0.0439453125
3166 0.0732421875
3167 0.13671875
3168 0.08203125
3169 -0.013671875
3170 0.0390625
3171 0.0927734375
3172 0.0361328125
3173 -0.09765625
3174 0.021484375
3175 0.091796875
3176 0.04296875
3177 -0.095703125
3178 -0.0537109375
3179 0.0185546875
3180 -0.01953125
3181 -0.1357421875
3182 -0.0458984375
3183 0.0244140625
3184 -0.0146484375
3185 -0.1328125
3186 -0.041015625
3187 0.025390625
3188 -0.0146484375
3189 -0.1591796875
3190 -0.025390625
3191 0.0498046875
3192 0.0146484375
3193 -0.04296875
3194 0.0712890625
3195 0.13671875
3196 0.080078125
3197 -0.013671875
3198 0.037109375
3199 0.0927734375
3200 0.0361328125
3201 -0.095703125
3202 0.0234375
3203 0.0888671875
3204 0.0439453125
3205 -0.095703125
3206 -0.0537109375
3207 0.013671875
3208 -0.0185546875
3209 -0.13671875
3210 -0.0478515625
3211 0.0205078125
3212 -0.015625
3213 -0.1318359375
3214 -0.0419921875
3215 0.021484375
3216 -0.015625
3217 -0.16015625
3218 -0.0283203125
3219 0.0498046875
3220 0.013671875
3221 -0.044921875
3222 0.0712890625
3223 0.1396484375
3224 0.0791015625
3225 -0.0126953125
3226 0.0390625
3227 0.095703125
3228 0.0361328125
3229 -0.09765625
3230 0.0224609375
3231 0.0888671875
3232 0.04296875
3233 -0.095703125
3234 -0.0517578125
3235 0.0166015625
3236 -0.0185546875
3237 -0.1357421875
3238 -0.044921875
3239 0.0234375
3240 -0.015625
3241 -0.1298828125
3242 -0.0400390625
3243 0.0263671875
3244 -0.0126953125
3245 -0.1552734375
3246 -0.0244140625
3247 0.0517578125
3248 0.015625
3249 -0.041015625
3250 0.072265625
3251 0.1376953125
3252 0.0830078125
3253 -0.0126953125
3254 0.0380859375
3255 0.0927734375
3256 0.037109375
3257 -0.0947265625
3258 0.0234375
3259 0.08984375
3260 0.044921875
3261 -0.0927734375
3262 -0.0498046875
3263 0.0166015625
3264 -0.0185546875
3265 -0.1337890625
3266 -0.0458984375
3267 0.0234375
3268 -0.013671875
3269 -0.1279296875
3270 -0.0400390625
3271 0.025390625
3272 -0.0126953125
3273 -0.1552734375
3274 -0.0263671875
3275 0.048828125
3276 0.0146484375
3277 -0.0419921875
3278 0.072265625
3279 0.13671875
3280 0.0830078125
3281 -0.0126953125
3282 0.0390625
3283 0.09375
3284 0.0380859375
3285 -0.0966796875
3286 0.0224609375
3287 0.08984375
3288 0.04296875
3289 -0.091796875
3290 -0.0517578125
3291 0.0185546875
3292 -0.0185546875
3293 -0.130859375
3294 -0.044921875
3295 0.0234375
3296 -0.0146484375
3297 -0.1279296875
3298 -0.0390625
3299 0.0234375
3300 -0.0126953125
3301 -0.1552734375
3302 -0.025390625
3303 0.0478515625
3304 0.017578125
3305 -0.041015625
3306 0.0732421875
3307 0.1328125
3308 0.0830078125
3309 -0.01171875
3310 0.037109375
3311 0.0908203125
3312 0.037109375
3313 -0.0927734375
3314 0.0234375
3315 0.0888671875
3316 0.044921875
3317 -0.0927734375
3318 -0.0517578125
3319 0.0166015625
3320 -0.0166015625
3321 -0.1318359375
3322 -0.0458984375
3323 0.01953125
3324 -0.0126953125
3325 -0.1279296875
3326 -0.041015625
3327 0.0224609375
3328 -0.0126953125
3329 -0.15625
3330 -0.0263671875
3331 0.048828125
3332 0.013671875
3333 -0.0400390625
3334 0.0712890625
3335 0.13671875
3336 0.08203125
3337 -0.0107421875
3338 0.0390625
3339 0.0927734375
3340 0.037109375
3341 -0.0947265625
3342 0.0234375
3343 0.087890625
3344 0.044921875
3345 -0.0947265625
3346 -0.0537109375
3347 0.0126953125
3348 -0.0185546875
3349 -0.1337890625
3350 -0.046875
3351 0.0224609375
3352 -0.0126953125
3353 -0.1298828125
3354 -0.0400390625
3355 0.0234375
3356 -0.013671875
3357 -0.1552734375
3358 -0.0263671875
3359 0.0478515625
3360 0.0146484375
3361 -0.0419921875
3362 0.0732421875
3363 0.1357421875
3364 0.0830078125
3365 -0.01171875
3366 0.0390625
3367 0.0927734375
3368 0.0380859375
3369 -0.0947265625
3370 0.0234375
3371 0.08984375
3372 0.0458984375
3373 -0.09375
3374 -0.05078125
3375 0.0185546875
3376 -0.0166015625
3377 -0.1337890625
3378 -0.0458984375
3379 0.0234375
3380 -0.0146484375
3381 -0.1298828125
3382 -0.0400390625
3383 0.0263671875
3384 -0.013671875
3385 -0.1552734375
3386 -0.02734375
3387 0.048828125
3388 0.013671875
3389 -0.0400390625
3390 0.072265625
3391 0.134765625
3392 0.0830078125
3393 -0.0107421875
3394 0.0390625
3395 0.0908203125
3396 0.0390625
3397 -0.095703125
3398 0.0234375
3399 0.087890625
3400 0.044921875
3401 -0.095703125
3402 -0.052734375
3403 0.013671875
3404 -0.0205078125
3405 -0.1328125
3406 -0.048828125
3407 0.0234375
3408 -0.013671875
3409 -0.1259765625
3410 -0.0390625
3411 0.0263671875
3412 -0.0107421875
3413 -0.1318359375
3414 -0.0068359375
3415 0.06640625
3416 0.0283203125
3417 -0.0869140625
3418 -0.033203125
3419 0.0302734375
3420 -0.0078125
3421 -0.166015625
3422 -0.0927734375
3423 -0.013671875
3424 -0.0419921875
3425 -0.189453125
3426 -0.1083984375
3427 -0.0263671875
3428 -0.052734375
3429 -0.154296875
3430 -0.0615234375
3431 0.0126953125
3432 -0.0224609375
3433 -0.123046875
3434 -0.0322265625
3435 0.0341796875
3436 -0.0029296875
3437 -0.09765625
3438 0.0234375
3439 0.0888671875
3440 0.05078125
3441 -0.0517578125
3442 -0.0048828125
3443 0.052734375
3444 0.0146484375
3445 -0.158203125
3446 -0.087890625
3447 -0.01171875
3448 -0.0341796875
3449 -0.150390625
3450 -0.064453125
3451 0.009765625
3452 -0.0205078125
3453 -0.1396484375
3454 -0.05078125
3455 0.017578125
3456 -0.0126953125
3457 -0.1142578125
3458 0.0107421875
3459 0.080078125
3460 0.044921875
3461 -0.005859375
3462 0.103515625
3463 0.166015625
3464 0.109375
3465 -0.0009765625
3466 0.0400390625
3467 0.0927734375
3468 0.0439453125
3469 -0.1298828125
3470 -0.0634765625
3471 0.0087890625
3472 -0.0224609375
3473 -0.1328125
3474 -0.0517578125
3475 0.0048828125
3476 -0.005859375
3477 -0.0927734375
3478 -0.0263671875
3479 0.0205078125
3480 0.0048828125
3481 -0.087890625
3482 0.01171875
3483 0.0625
3484 0.0478515625
3485 -0.0693359375
3486 -0.0478515625
3487 0.001953125
3488 -0.0048828125
3489 -0.1318359375
3490 -0.0244140625
3491 0.0341796875
3492 0.0263671875
3493 -0.0361328125
3494 0.0537109375
3495 0.1015625
3496 0.0810546875
3497 0.015625
3498 0.09765625
3499 0.1376953125
3500 0.1083984375
3501 0.0361328125
3502 0.111328125
3503 0.1494140625
3504 0.1162109375
3505 0.064453125
3506 0.140625
3507 0.1748046875
3508 0.1357421875
3509 0.0595703125
3510 0.0751953125
3511 0.1083984375
3512 0.076171875
3513 -0.01953125
3514 0.0322265625
3515 0.0654296875
3516 0.0400390625
3517 -0.05859375
3518 -0.0029296875
3519 0.0341796875
3520 0.0166015625
3521 -0.0888671875
3522 0.0048828125
3523 0.0498046875
3524 0.0390625
3525 -0.064453125
3526 -0.0400390625
3527 0.0029296875
3528 -0.005859375
3529 -0.162109375
3530 -0.0517578125
3531 0.0068359375
3532 0.0068359375
3533 -0.1142578125
3534 -0.0888671875
3535 -0.033203125
3536 -0.0322265625
3537 -0.146484375
3538 -0.0791015625
3539 -0.025390625
3540 -0.02734375
3541 -0.17578125
3542 -0.1015625
3543 -0.04296875
3544 -0.041015625
3545 -0.1689453125
3546 -0.095703125
3547 -0.0380859375
3548 -0.0361328125
3549 -0.166015625
3550 -0.056640625
3551 0.0048828125
3552 0.0068359375
3553 -0.068359375
3554 0.025390625
3555 0.0751953125
3556 0.060546875
3557 -0.015625
3558 0.0693359375
3559 0.1083984375
3560 0.0869140625
3561 0.0009765625
3562 0.0791015625
3563 0.1201171875
3564 0.0947265625
3565 0.0009765625
3566 0.0771484375
3567 0.1171875
3568 0.09375
3569 -0.0087890625
3570 0.0703125
3571 0.1103515625
3572 0.087890625
3573 0.0283203125
3574 0.10546875
3575 0.1396484375
3576 0.109375
3577 0.00390625
3578 0.01953125
3579 0.0517578125
3580 0.0322265625
3581 -0.08203125
3582 -0.0283203125
3583 0.013671875
3584 0.001953125
3585 -0.1376953125
3586 -0.076171875
3587 -0.0244140625
3588 -0.0283203125
3589 -0.150390625
3590 -0.0791015625
3591 -0.0283203125
3592 -0.0322265625
3593 -0.1630859375
3594 -0.056640625
3595 0.005859375
3596 0.0048828125
3597 -0.0830078125
3598 0.0126953125
3599 0.0625
3600 0.05078125
3601 -0.0478515625
3602 0.0361328125
3603 0.0810546875
3604 0.0654296875
3605 -0.04296875
3606 0.0419921875
3607 0.0859375
3608 0.06640625
3609 0.005859375
3610 0.0869140625
3611 0.1220703125
3612 0.0947265625
3613 0.0126953125
3614 0.0888671875
3615 0.1259765625
3616 0.0966796875
3617 -0.0419921875
3618 -0.029296875
3619 0.013671875
3620 0.001953125
3621 -0.1279296875
3622 -0.0234375
3623 0.0263671875
3624 0.01953125
3625 -0.0888671875
3626 -0.091796875
3627 -0.03515625
3628 -0.03515625
3629 -0.119140625
3630 -0.01953125
3631 0.0341796875
3632 0.0263671875
3633 -0.060546875
3634 -0.0361328125
3635 0.009765625
3636 -0.0029296875
3637 -0.0927734375
3638 -0.03515625
3639 0.0107421875
3640 -0.0009765625
3641 -0.140625
3642 -0.0751953125
3643 -0.0244140625
3644 -0.0263671875
3645 -0.1591796875
3646 -0.0478515625
3647 0.0087890625
3648 0.005859375
3649 -0.1318359375
3650 -0.1064453125
3651 -0.0458984375
3652 -0.0419921875
3653 -0.1875
3654 -0.072265625
3655 -0.0048828125
3656 -0.0048828125
3657 -0.08984375
3658 0.0048828125
3659 0.060546875
3660 0.046875
3661 -0.0380859375
3662 0.0478515625
3663 0.09375
3664 0.0732421875
3665 -0.0048828125
3666 0.0751953125
3667 0.1162109375
3668 0.091796875
3669 0.0029296875
3670 0.0830078125
3671 0.1201171875
3672 0.09375
3673 -0.00390625
3674 0.0732421875
3675 0.11328125
3676 0.0869140625
3677 -0.0234375
3678 0.05859375
3679 0.1015625
3680 0.0771484375
3681 0.0029296875
3682 0.0830078125
3683 0.119140625
3684 0.0908203125
3685 0.00390625
3686 0.0830078125
3687 0.1220703125
3688 0.091796875
3689 0.03515625
3690 0.111328125
3691 0.1455078125
3692 0.1123046875
3693 0.0546875
3694 0.12890625
3695 0.16015625
3696 0.123046875
3697 0.037109375
3698 0.0537109375
3699 0.08203125
3700 0.05078125
3701 -0.0517578125
3702 0.03125
3703 0.0732421875
3704 0.05078125
3705 -0.0517578125
3706 -0.0322265625
3707 0.0107421875
3708 -0.0068359375
3709 -0.1171875
3710 -0.0576171875
3711 -0.013671875
3712 -0.0224609375
3713 -0.138671875
3714 -0.076171875
3715 -0.025390625
3716 -0.0322265625
3717 -0.1337890625
3718 -0.072265625
3719 -0.0234375
3720 -0.0283203125
3721 -0.1357421875
3722 -0.072265625
3723 -0.021484375
3724 -0.0283203125
3725 -0.138671875
3726 -0.0791015625
3727 -0.0283203125
3728 -0.033203125
3729 -0.171875
3730 -0.107421875
3731 -0.048828125
3732 -0.048828125
3733 -0.154296875
3734 -0.0791015625
3735 -0.029296875
3736 -0.0341796875
3737 -0.1767578125
3738 -0.1005859375
3739 -0.0439453125
3740 -0.044921875
3741 -0.1318359375
3742 -0.0673828125
3743 -0.013671875
3744 -0.0224609375
3745 -0.123046875
3746 -0.0556640625
3747 -0.0107421875
3748 -0.0205078125
3749 -0.130859375
3750 -0.0654296875
3751 -0.013671875
3752 -0.01953125
3753 -0.173828125
3754 -0.060546875
3755 -0.0009765625
3756 -0.0009765625
3757 -0.06640625
3758 0.029296875
3759 0.076171875
3760 0.060546875
3761 -0.068359375
3762 0.025390625
3763 0.0703125
3764 0.052734375
3765 -0.0888671875
3766 -0.0712890625
3767 -0.0205078125
3768 -0.0224609375
3769 -0.1943359375
3770 -0.1201171875
3771 -0.0537109375
3772 -0.05078125
3773 -0.15625
3774 -0.0849609375
3775 -0.029296875
3776 -0.029296875
3777 -0.1181640625
3778 -0.0146484375
3779 0.041015625
3780 0.0322265625
3781 -0.060546875
3782 -0.056640625
3783 -0.0009765625
3784 -0.0068359375
3785 -0.111328125
3786 -0.0068359375
3787 0.0458984375
3788 0.03515625
3789 -0.0947265625
3790 -0.0703125
3791 -0.0146484375
3792 -0.0185546875
3793 -0.126953125
3794 -0.0185546875
3795 0.0380859375
3796 0.029296875
3797 -0.037109375
3798 0.0556640625
3799 0.099609375
3800 0.076171875
3801 -0.0576171875
3802 -0.0400390625
3803 0.0078125
3804 -0.001953125
3805 -0.1904296875
3806 -0.1103515625
3807 -0.0478515625
3808 -0.04296875
3809 -0.140625
3810 -0.06640625
3811 -0.0146484375
3812 -0.01953125
3813 -0.15625
3814 -0.0439453125
3815 0.0166015625
3816 0.0146484375
3817 -0.13671875
3818 -0.099609375
3819 -0.041015625
3820 -0.0390625
3821 -0.1455078125
3822 -0.0322265625
3823 0.025390625
3824 0.0244140625
3825 -0.052734375
3826 0.04296875
3827 0.0908203125
3828 0.076171875
3829 -0.06640625
3830 -0.0439453125
3831 0.0068359375
3832 0.001953125
3833 -0.1083984375
3834 -0.0048828125
3835 0.0478515625
3836 0.0419921875
3837 -0.044921875
3838 -0.025390625
3839 0.0224609375
3840 0.0146484375
3841 -0.087890625
3842 -0.029296875
3843 0.0205078125
3844 0.0107421875
3845 -0.0986328125
3846 -0.037109375
3847 0.0107421875
3848 0.0029296875
3849 -0.16015625
3850 -0.0810546875
3851 -0.03125
3852 -0.0263671875
3853 -0.1787109375
3854 -0.060546875
3855 0.0029296875
3856 0.0078125
3857 -0.0986328125
3858 0.0029296875
3859 0.0576171875
3860 0.0498046875
3861 -0.0478515625
3862 -0.0244140625
3863 0.0205078125
3864 0.01171875
3865 -0.123046875
3866 -0.015625
3867 0.0419921875
3868 0.03515625
3869 -0.05078125
3870 0.04296875
3871 0.091796875
3872 0.0751953125
3873 -0.0068359375
3874 0.017578125
3875 0.056640625
3876 0.0380859375
3877 -0.0830078125
3878 0.017578125
3879 0.06640625
3880 0.0556640625
3881 -0.0625
3882 -0.0380859375
3883 0.01171875
3884 0.001953125
3885 -0.095703125
3886 -0.03125
3887 0.01953125
3888 0.0087890625
3889 -0.1298828125
3890 -0.0625
3891 -0.0087890625
3892 -0.0107421875
3893 -0.1611328125
3894 -0.044921875
3895 0.017578125
3896 0.017578125
3897 -0.0673828125
3898 0.0302734375
3899 0.080078125
3900 0.06640625
3901 -0.0263671875
3902 0.0634765625
3903 0.1083984375
3904 0.087890625
3905 -0.0009765625
3906 0.0830078125
3907 0.1259765625
3908 0.1005859375
3909 0.01171875
3910 0.0927734375
3911 0.1337890625
3912 0.1064453125
3913 0.009765625
3914 0.0908203125
3915 0.130859375
3916 0.103515625
3917 -0.0166015625
3918 0.06640625
3919 0.109375
3920 0.0859375
3921 -0.005859375
3922 0.078125
3923 0.12109375
3924 0.09375
3925 0.0068359375
3926 0.0244140625
3927 0.0615234375
3928 0.041015625
3929 -0.048828125
3930 0.04296875
3931 0.0888671875
3932 0.06640625
3933 0.0166015625
3934 0.099609375
3935 0.1396484375
3936 0.107421875
3937 0.033203125
3938 0.1123046875
3939 0.146484375
3940 0.11328125
3941 0.0224609375
3942 0.1015625
3943 0.1396484375
3944 0.10546875
3945 0.03515625
3946 0.1142578125
3947 0.1494140625
3948 0.11328125
3949 0.060546875
3950 0.1357421875
3951 0.1708984375
3952 0.12890625
3953 0.08984375
3954 0.162109375
3955 0.1953125
3956 0.150390625
3957 0.1025390625
3958 0.1708984375
3959 0.2021484375
3960 0.154296875
3961 0.09375
3962 0.1640625
3963 0.1923828125
3964 0.1474609375
3965 0.0927734375
3966 0.162109375
3967 0.19140625
3968 0.14453125
3969 0.0908203125
3970 0.16015625
3971 0.1904296875
3972 0.142578125
3973 0.0556640625
3974 0.07421875
3975 0.1005859375
3976 0.056640625
3977 -0.0419921875
3978 0.0048828125
3979 0.0390625
3980 0.0087890625
3981 -0.0908203125
3982 -0.0009765625
3983 0.046875
3984 0.025390625
3985 -0.025390625
3986 0.0595703125
3987 0.0986328125
3988 0.06640625
3989 -0.03125
3990 -0.0087890625
3991 0.0244140625
3992 -0.0009765625
3993 -0.111328125
3994 -0.048828125
3995 -0.0078125
3996 -0.0263671875
3997 -0.162109375
3998 -0.0966796875
3999 -0.048828125
4000 -0.0556640625
4001 -0.1953125
4002 -0.083984375
4003 -0.0234375
4004 -0.0283203125
4005 -0.0986328125
4006 -0.005859375
4007 0.0439453125
4008 0.0244140625
4009 -0.0419921875
4010 0.04296875
4011 0.083984375
4012 0.056640625
4013 -0.013671875
4014 0.0634765625
4015 0.103515625
4016 0.0732421875
4017 0.00390625
4018 0.080078125
4019 0.1181640625
4020 0.08203125
4021 0.005859375
4022 0.080078125
4023 0.1171875
4024 0.0810546875
4025 0.0224609375
4026 0.0966796875
4027 0.130859375
4028 0.0927734375
4029 0.0146484375
4030 0.0322265625
4031 0.0625
4032 0.0302734375
4033 -0.064453125
4034 -0.0166015625
4035 0.021484375
4036 -0.001953125
4037 -0.1083984375
4038 -0.0498046875
4039 -0.01171875
4040 -0.0283203125
4041 -0.1142578125
4042 -0.0185546875
4043 0.0302734375
4044 0.01171875
4045 -0.0634765625
4046 -0.0400390625
4047 0.00390625
4048 -0.0185546875
4049 -0.1298828125
4050 -0.0322265625
4051 0.017578125
4052 0.0009765625
4053 -0.1376953125
4054 -0.1142578125
4055 -0.0615234375
4056 -0.0654296875
4057 -0.2099609375
4058 -0.0966796875
4059 -0.0322265625
4060 -0.033203125
4061 -0.0849609375
4062 0.0107421875
4063 0.056640625
4064 0.03515625
4065 -0.080078125
4066 -0.0576171875
4067 -0.013671875
4068 -0.0283203125
4069 -0.1279296875
4070 -0.0634765625
4071 -0.0185546875
4072 -0.03125
4073 -0.166015625
4074 -0.0986328125
4075 -0.0478515625
4076 -0.0537109375
4077 -0.21484375
4078 -0.140625
4079 -0.080078125
4080 -0.076171875
4081 -0.203125
4082 -0.1240234375
4083 -0.0693359375
4084 -0.06640625
4085 -0.1630859375
4086 -0.087890625
4087 -0.037109375
4088 -0.0419921875
4089 -0.16015625
4090 -0.0537109375
4091 0.001953125
4092 -0.00390625
4093 -0.1611328125
4094 -0.134765625
4095 -0.072265625
4096 -0.06640625
4097 -0.1767578125
4098 -0.10546875
4099 -0.048828125
4100 -0.046875
4101 -0.125
4102 -0.052734375
4103 -0.0068359375
4104 -0.015625
4105 -0.1416015625
4106 -0.037109375
4107 0.0126953125
4108 0.01171875
4109 -0.125
4110 -0.099609375
4111 -0.041015625
4112 -0.041015625
4113 -0.130859375
4114 -0.029296875
4115 0.02734375
4116 0.0205078125
4117 -0.025390625
4118 0.060546875
4119 0.1025390625
4120 0.0791015625
4121 0.0107421875
4122 0.0908203125
4123 0.125
4124 0.09765625
4125 0.04296875
4126 0.072265625
4127 0.0693359375
4128 0.099609375
4129 -0.001953125
4130 -0.0419921875
4131 -0.0390625
4132 0.001953125
4133 -0.0830078125
4134 -0.0361328125
4135 -0.0234375
4136 0.0224609375
4137 -0.0517578125
4138 -0.08203125
4139 -0.0712890625
4140 -0.0234375
4141 -0.0810546875
4142 -0.0712890625
4143 -0.0595703125
4144 -0.0146484375
4145 -0.1142578125
4146 -0.099609375
4147 -0.0849609375
4148 -0.03125
4149 -0.130859375
4150 -0.0732421875
4151 -0.052734375
4152 0.001953125
4153 -0.0439453125
4154 -0.0048828125
4155 0.0048828125
4156 0.05078125
4157 -0.001953125
4158 0.0263671875
4159 0.0341796875
4160 0.0693359375
4161 0.0244140625
4162 0.048828125
4163 0.052734375
4164 0.083984375
4165 0.0390625
4166 0.0595703125
4167 0.060546875
4168 0.091796875
4169 0.0341796875
4170 0.0556640625
4171 0.0537109375
4172 0.0859375
4173 0.0078125
4174 0.033203125
4175 0.03515625
4176 0.0693359375
4177 0.017578125
4178 0.041015625
4179 0.0439453125
4180 0.076171875
4181 0.029296875
4182 -0.0107421875
4183 -0.01171875
4184 0.025390625
4185 -0.021484375
4186 0.0107421875
4187 0.015625
4188 0.0537109375
4189 0.046875
4190 0.0673828125
4191 0.0634765625
4192 0.0947265625
4193 0.0625
4194 0.0810546875
4195 0.0732421875
4196 0.1005859375
4197 0.0537109375
4198 0.0703125
4199 0.0654296875
4200 0.09375
4201 0.068359375
4202 0.08203125
4203 0.0771484375
4204 0.1005859375
4205 0.095703125
4206 0.10546875
4207 0.09765625
4208 0.119140625
4209 0.1259765625
4210 0.1298828125
4211 0.1220703125
4212 0.1396484375
4213 0.13671875
4214 0.1396484375
4215 0.130859375
4216 0.1455078125
4217 0.1279296875
4218 0.1328125
4219 0.1201171875
4220 0.1357421875
4221 0.1279296875
4222 0.1328125
4223 0.12109375
4224 0.134765625
4225 0.1259765625
4226 0.130859375
4227 0.119140625
4228 0.1337890625
4229 0.0888671875
4230 0.0517578125
4231 0.0341796875
4232 0.05078125
4233 -0.0087890625
4234 -0.01953125
4235 -0.02734375
4236 0.001953125
4237 -0.0615234375
4238 -0.029296875
4239 -0.0234375
4240 0.015625
4241 0.009765625
4242 0.0322265625
4243 0.0322265625
4244 0.060546875
4245 0.0009765625
4246 -0.0400390625
4247 -0.0419921875
4248 -0.0078125
4249 -0.1064453125
4250 -0.103515625
4251 -0.0927734375
4252 -0.0498046875
4253 -0.111328125
4254 -0.10546875
4255 -0.0947265625
4256 -0.05078125
4257 -0.1025390625
4258 -0.091796875
4259 -0.08203125
4260 -0.0419921875
4261 -0.1044921875
4262 -0.0966796875
4263 -0.0869140625
4264 -0.04296875
4265 -0.1552734375
4266 -0.162109375
4267 -0.138671875
4268 -0.0810546875
4269 -0.146484375
4270 -0.130859375
4271 -0.11328125
4272 -0.0625
4273 -0.1318359375
4274 -0.1171875
4275 -0.1025390625
4276 -0.0537109375
4277 -0.1015625
4278 -0.056640625
4279 -0.0400390625
4280 0.0048828125
4281 -0.044921875
4282 -0.1015625
4283 -0.083984375
4284 -0.0361328125
4285 -0.1044921875
4286 -0.0556640625
4287 -0.0400390625
4288 0.005859375
4289 -0.0947265625
4290 -0.1240234375
4291 -0.103515625
4292 -0.048828125
4293 -0.123046875
4294 -0.068359375
4295 -0.048828125
4296 0.0
4297 -0.0234375
4298 0.0107421875
4299 0.0146484375
4300 0.05078125
4301 -0.0517578125
4302 -0.0849609375
4303 -0.0751953125
4304 -0.0302734375
4305 -0.1650390625
4306 -0.1435546875
4307 -0.1181640625
4308 -0.060546875
4309 -0.1416015625
4310 -0.115234375
4311 -0.099609375
4312 -0.0478515625
4313 -0.115234375
4314 -0.060546875
4315 -0.044921875
4316 0.005859375
4317 -0.087890625
4318 -0.115234375
4319 -0.095703125
4320 -0.041015625
4321 -0.1123046875
4322 -0.0986328125
4323 -0.0791015625
4324 -0.029296875
4325 -0.099609375
4326 -0.08984375
4327 -0.076171875
4328 -0.0244140625
4329 -0.1357421875
4330 -0.0791015625
4331 -0.0517578125
4332 0.001953125
4333 -0.021484375
4334 0.0166015625
4335 0.0234375
4336 0.0634765625
4337 0.0625
4338 0.083984375
4339 0.0830078125
4340 0.109375
4341 0.119140625
4342 0.130859375
4343 0.1240234375
4344 0.1435546875
4345 0.142578125
4346 0.1494140625
4347 0.142578125
4348 0.1572265625
4349 0.1435546875
4350 0.1474609375
4351 0.1376953125
4352 0.15234375
4353 0.14453125
4354 0.150390625
4355 0.138671875
4356 0.1533203125
4357 0.14453125
4358 0.150390625
4359 0.1376953125
4360 0.1513671875
4361 0.1083984375
4362 0.068359375
4363 0.052734375
4364 0.0693359375
4365 0.0068359375
4366 -0.0029296875
4367 -0.0078125
4368 0.0205078125
4369 -0.04296875
4370 -0.01171875
4371 -0.00390625
4372 0.03125
4373 0.029296875
4374 0.05078125
4375 0.0498046875
4376 0.078125
4377 0.0185546875
4378 -0.0205078125
4379 -0.0234375
4380 0.0107421875
4381 -0.0908203125
4382 -0.083984375
4383 -0.0771484375
4384 -0.0322265625
4385 -0.095703125
4386 -0.0888671875
4387 -0.0771484375
4388 -0.0341796875
4389 -0.0830078125
4390 -0.0751953125
4391 -0.06640625
4392 -0.0263671875
4393 -0.0869140625
4394 -0.0810546875
4395 -0.0703125
4396 -0.0283203125
4397 -0.13671875
4398 -0.1455078125
4399 -0.1201171875
4400 -0.0625
4401 -0.130859375
4402 -0.1162109375
4403 -0.0986328125
4404 -0.046875
4405 -0.1171875
4406 -0.1025390625
4407 -0.0908203125
4408 -0.0390625
4409 -0.0908203125
4410 -0.0439453125
4411 -0.0283203125
4412 0.0166015625
4413 -0.03515625
4414 -0.0888671875
4415 -0.0712890625
4416 -0.0234375
4417 -0.0830078125
4418 -0.037109375
4419 -0.0224609375
4420 0.0224609375
4421 -0.068359375
4422 -0.0986328125
4423 -0.0810546875
4424 -0.0322265625
4425 -0.1044921875
4426 -0.05078125
4427 -0.0341796875
4428 0.015625
4429 -0.0107421875
4430 0.0224609375
4431 0.0244140625
4432 0.0625
4433 -0.0302734375
4434 -0.06640625
4435 -0.0576171875
4436 -0.013671875
4437 -0.1494140625
4438 -0.130859375
4439 -0.1044921875
4440 -0.0498046875
4441 -0.1279296875
4442 -0.103515625
4443 -0.087890625
4444 -0.037109375
4445 -0.103515625
4446 -0.05078125
4447 -0.033203125
4448 0.0166015625
4449 -0.078125
4450 -0.1025390625
4451 -0.0859375
4452 -0.0322265625
4453 -0.10546875
4454 -0.0908203125
4455 -0.072265625
4456 -0.0224609375
4457 -0.0966796875
4458 -0.083984375
4459 -0.0703125
4460 -0.01953125
4461 -0.1318359375
4462 -0.076171875
4463 -0.048828125
4464 0.0078125
4465 -0.013671875
4466 0.021484375
4467 0.0302734375
4468 0.068359375
4469 0.068359375
4470 0.0888671875
4471 0.087890625
4472 0.1171875
4473 0.1259765625
4474 0.1376953125
4475 0.130859375
4476 0.15234375
4477 0.15234375
4478 0.15625
4479 0.1474609375
4480 0.1650390625
4481 0.1494140625
4482 0.154296875
4483 0.142578125
4484 0.1591796875
4485 0.15234375
4486 0.1552734375
4487 0.1435546875
4488 0.1591796875
4489 0.1533203125
4490 0.1552734375
4491 0.1435546875
4492 0.15625
4493 0.1142578125
4494 0.07421875
4495 0.0576171875
4496 0.076171875
4497 0.015625
4498 0.005859375
4499 -0.00390625
4500 0.025390625
4501 -0.0361328125
4502 -0.0048828125
4503 0.0009765625
4504 0.0380859375
4505 0.033203125
4506 0.0537109375
4507 0.0546875
4508 0.0830078125
4509 0.0234375
4510 -0.017578125
4511 -0.01953125
4512 0.0126953125
4513 -0.0849609375
4514 -0.0810546875
4515 -0.0712890625
4516 -0.0283203125
4517 -0.0908203125
4518 -0.0830078125
4519 -0.07421875
4520 -0.0302734375
4521 -0.0791015625
4522 -0.0693359375
4523 -0.0634765625
4524 -0.021484375
4525 -0.0830078125
4526 -0.076171875
4527 -0.0673828125
4528 -0.025390625
4529 -0.1337890625
4530 -0.1416015625
4531 -0.1171875
4532 -0.0595703125
4533 -0.1259765625
4534 -0.11328125
4535 -0.0966796875
4536 -0.04296875
4537 -0.11328125
4538 -0.0986328125
4539 -0.0859375
4540 -0.0341796875
4541 -0.0849609375
4542 -0.0380859375
4543 -0.0244140625
4544 0.0224609375
4545 -0.0302734375
4546 -0.0849609375
4547 -0.06640625
4548 -0.01953125
4549 -0.080078125
4550 -0.0341796875
4551 -0.0185546875
4552 0.025390625
4553 -0.06640625
4554 -0.0986328125
4555 -0.0791015625
4556 -0.03125
4557 -0.1025390625
4558 -0.05078125
4559 -0.03515625
4560 0.0166015625
4561 -0.0087890625
4562 0.0263671875
4563 0.02734375
4564 0.0654296875
4565 -0.0283203125
4566 -0.0615234375
4567 -0.0556640625
4568 -0.01171875
4569 -0.1484375
4570 -0.1259765625
4571 -0.1025390625
4572 -0.0458984375
4573 -0.126953125
4574 -0.1015625
4575 -0.0869140625
4576 -0.0361328125
4577 -0.099609375
4578 -0.048828125
4579 -0.0302734375
4580 0.0205078125
4581 -0.076171875
4582 -0.1015625
4583 -0.083984375
4584 -0.0302734375
4585 -0.103515625
4586 -0.087890625
4587 -0.0693359375
4588 -0.017578125
4589 -0.091796875
4590 -0.0791015625
4591 -0.0654296875
4592 -0.013671875
4593 -0.125
4594 -0.068359375
4595 -0.0439453125
4596 0.0107421875
4597 -0.009765625
4598 0.0263671875
4599 0.0322265625
4600 0.072265625
4601 0.0712890625
4602 0.091796875
4603 0.0908203125
4604 0.1181640625
4605 0.126953125
4606 0.1376953125
4607 0.1318359375
4608 0.1533203125
4609 0.15234375
4610 0.1591796875
4611 0.1494140625
4612 0.1669921875
4613 0.15234375
4614 0.15625
4615 0.14453125
4616 0.1591796875
4617 0.154296875
4618 0.15625
4619 0.146484375
4620 0.162109375
4621 0.1533203125
4622 0.1572265625
4623 0.1455078125
4624 0.16015625
4625 0.1162109375
4626 0.076171875
4627 0.060546875
4628 0.0771484375
4629 0.015625
4630 0.0068359375
4631 -0.001953125
4632 0.029296875
4633 -0.03515625
4634 -0.0029296875
4635 0.001953125
4636 0.041015625
4637 0.037109375
4638 0.0576171875
4639 0.056640625
4640 0.083984375
4641 0.025390625
4642 -0.0146484375
4643 -0.017578125
4644 0.0166015625
4645 -0.08203125
4646 -0.0791015625
4647 -0.0703125
4648 -0.0263671875
4649 -0.0888671875
4650 -0.0830078125
4651 -0.0751953125
4652 -0.0283203125
4653 -0.0810546875
4654 -0.0703125
4655 -0.0634765625
4656 -0.0205078125
4657 -0.08203125
4658 -0.0751953125
4659 -0.0654296875
4660 -0.0205078125
4661 -0.134765625
4662 -0.140625
4663 -0.1162109375
4664 -0.0595703125
4665 -0.123046875
4666 -0.111328125
4667 -0.091796875
4668 -0.041015625
4669 -0.1103515625
4670 -0.09765625
4671 -0.0830078125
4672 -0.033203125
4673 -0.0830078125
4674 -0.0361328125
4675 -0.021484375
4676 0.0244140625
4677 -0.0283203125
4678 -0.08203125
4679 -0.0654296875
4680 -0.017578125
4681 -0.078125
4682 -0.03125
4683 -0.0166015625
4684 0.0283203125
4685 -0.064453125
4686 -0.09375
4687 -0.076171875
4688 -0.0263671875
4689 -0.0966796875
4690 -0.046875
4691 -0.029296875
4692 0.01953125
4693 -0.005859375
4694 0.02734375
4695 0.03125
4696 0.0673828125
4697 -0.0283203125
4698 -0.0634765625
4699 -0.0556640625
4700 -0.009765625
4701 -0.1484375
4702 -0.126953125
4703 -0.1025390625
4704 -0.0439453125
4705 -0.1240234375
4706 -0.0986328125
4707 -0.0830078125
4708 -0.033203125
4709 -0.0986328125
4710 -0.0458984375
4711 -0.0283203125
4712 0.0205078125
4713 -0.0732421875
4714 -0.099609375
4715 -0.0810546875
4716 -0.0283203125
4717 -0.099609375
4718 -0.0859375
4719 -0.0693359375
4720 -0.017578125
4721 -0.08984375
4722 -0.0791015625
4723 -0.064453125
4724 -0.013671875
4725 -0.126953125
4726 -0.068359375
4727 -0.044921875
4728 0.0126953125
4729 -0.009765625
4730 0.025390625
4731 0.033203125
4732 0.072265625
4733 0.0732421875
4734 0.0927734375
4735 0.091796875
4736 0.12109375
4737 0.12890625
4738 0.140625
4739 0.134765625
4740 0.1552734375
4741 0.154296875
4742 0.1611328125
4743 0.1494140625
4744 0.1669921875
4745 0.1513671875
4746 0.15625
4747 0.14453125
4748 0.16015625
4749 0.1533203125
4750 0.1572265625
4751 0.1455078125
4752 0.1611328125
4753 0.1533203125
4754 0.158203125
4755 0.146484375
4756 0.16015625
4757 0.1171875
4758 0.07421875
4759 0.060546875
4760 0.078125
4761 0.017578125
4762 0.0078125
4763 0.0009765625
4764 0.0302734375
4765 -0.033203125
4766 -0.0009765625
4767 0.0029296875
4768 0.041015625
4769 0.037109375
4770 0.0595703125
4771 0.05859375
4772 0.0859375
4773 0.0263671875
4774 -0.0107421875
4775 -0.0166015625
4776 0.0166015625
4777 -0.08203125
4778 -0.078125
4779 -0.0693359375
4780 -0.0234375
4781 -0.0869140625
4782 -0.08203125
4783 -0.0712890625
4784 -0.0263671875
4785 -0.07421875
4786 -0.068359375
4787 -0.060546875
4788 -0.01953125
4789 -0.0830078125
4790 -0.07421875
4791 -0.0654296875
4792 -0.021484375
4793 -0.1328125
4794 -0.140625
4795 -0.1162109375
4796 -0.0576171875
4797 -0.123046875
4798 -0.1103515625
4799 -0.0927734375
4800 -0.0419921875
4801 -0.109375
4802 -0.09765625
4803 -0.0830078125
4804 -0.033203125
4805 -0.0830078125
4806 -0.03515625
4807 -0.0205078125
4808 0.025390625
4809 -0.02734375
4810 -0.0830078125
4811 -0.064453125
4812 -0.017578125
4813 -0.0771484375
4814 -0.0302734375
4815 -0.017578125
4816 0.029296875
4817 -0.064453125
4818 -0.0947265625
4819 -0.076171875
4820 -0.0263671875
4821 -0.1005859375
4822 -0.0478515625
4823 -0.029296875
4824 0.01953125
4825 -0.0048828125
4826 0.02734375
4827 0.03125
4828 0.06640625
4829 -0.025390625
4830 -0.0615234375
4831 -0.0546875
4832 -0.009765625
4833 -0.14453125
4834 -0.1259765625
4835 -0.1005859375
4836 -0.0439453125
4837 -0.1259765625
4838 -0.099609375
4839 -0.083984375
4840 -0.033203125
4841 -0.103515625
4842 -0.0478515625
4843 -0.03125
4844 0.021484375
4845 -0.0751953125
4846 -0.1025390625
4847 -0.0810546875
4848 -0.0302734375
4849 -0.1005859375
4850 -0.0859375
4851 -0.0654296875
4852 -0.017578125
4853 -0.0888671875
4854 -0.0791015625
4855 -0.0625
4856 -0.0126953125
4857 -0.126953125
4858 -0.068359375
4859 -0.0439453125
4860 0.01171875
4861 -0.0107421875
4862 0.0283203125
4863 0.033203125
4864 0.07421875
4865 0.072265625
4866 0.0947265625
4867 0.0947265625
4868 0.12109375
4869 0.1298828125
4870 0.140625
4871 0.1357421875
4872 0.154296875
4873 0.154296875
4874 0.1611328125
4875 0.1533203125
4876 0.16796875
4877 0.154296875
4878 0.158203125
4879 0.146484375
4880 0.162109375
4881 0.15625
4882 0.16015625
4883 0.1474609375
4884 0.1630859375
4885 0.154296875
4886 0.158203125
4887 0.146484375
4888 0.16015625
4889 0.1162109375
4890 0.076171875
4891 0.0595703125
4892 0.078125
4893 0.0185546875
4894 0.0048828125
4895 -0.001953125
4896 0.0283203125
4897 -0.03515625
4898 -0.0009765625
4899 0.00390625
4900 0.04296875
4901 0.037109375
4902 0.0595703125
4903 0.05859375
4904 0.0859375
4905 0.02734375
4906 -0.0126953125
4907 -0.015625
4908 0.0185546875
4909 -0.0810546875
4910 -0.0751953125
4911 -0.0693359375
4912 -0.0244140625
4913 -0.0849609375
4914 -0.0810546875
4915 -0.0703125
4916 -0.02734375
4917 -0.076171875
4918 -0.0693359375
4919 -0.0595703125
4920 -0.0185546875
4921 -0.080078125
4922 -0.0732421875
4923 -0.0625
4924 -0.0205078125
4925 -0.130859375
4926 -0.138671875
4927 -0.1162109375
4928 -0.056640625
4929 -0.123046875
4930 -0.1083984375
4931 -0.091796875
4932 -0.0400390625
4933 -0.111328125
4934 -0.0966796875
4935 -0.0830078125
4936 -0.03125
4937 -0.083984375
4938 -0.0361328125
4939 -0.021484375
4940 0.0244140625
4941 -0.0283203125
4942 -0.083984375
4943 -0.0654296875
4944 -0.0185546875
4945 -0.0771484375
4946 -0.03125
4947 -0.0146484375
4948 0.0283203125
4949 -0.0654296875
4950 -0.09375
4951 -0.076171875
4952 -0.025390625
4953 -0.1005859375
4954 -0.046875
4955 -0.0302734375
4956 0.0205078125
4957 -0.0068359375
4958 0.0283203125
4959 0.0302734375
4960 0.0673828125
4961 -0.02734375
4962 -0.0615234375
4963 -0.0537109375
4964 -0.0107421875
4965 -0.14453125
4966 -0.1259765625
4967 -0.099609375
4968 -0.04296875
4969 -0.123046875
4970 -0.0986328125
4971 -0.0830078125
4972 -0.03125
4973 -0.099609375
4974 -0.0458984375
4975 -0.029296875
4976 0.0224609375
4977 -0.0732421875
4978 -0.0986328125
4979 -0.080078125
4980 -0.025390625
4981 -0.1015625
4982 -0.0869140625
4983 -0.0673828125
4984 -0.017578125
4985 -0.0908203125
4986 -0.080078125
4987 -0.064453125
4988 -0.013671875
4989 -0.1298828125
4990 -0.0703125
4991 -0.044921875
4992 0.009765625
4993 -0.0107421875
4994 0.0283203125
4995 0.0341796875
4996 0.0732421875
4997 0.072265625
4998 0.09375
4999 0.09375
