x y
0 -0.0244140625
1 -0.197265625
2 -0.142578125
3 -0.076171875
4 -0.0712890625
5 -0.4443359375
6 -0.11328125
7 -0.0341796875
8 -0.0615234375
9 -0.177734375
10 -0.0830078125
11 -0.009765625
12 -0.0400390625
13 -0.1513671875
14 -0.01953125
15 0.0556640625
16 0.0185546875
17 -0.0908203125
18 -0.06640625
19 0.005859375
20 -0.025390625
21 -0.1494140625
22 -0.021484375
23 0.0537109375
24 0.01953125
25 -0.111328125
26 -0.068359375
27 0.00390625
28 -0.025390625
29 -0.1416015625
30 -0.0517578125
31 0.017578125
32 -0.0166015625
33 -0.1220703125
34 -0.0341796875
35 0.0322265625
36 -0.0048828125
37 -0.1259765625
38 -0.0009765625
39 0.0693359375
40 0.033203125
41 -0.056640625
42 0.056640625
43 0.123046875
44 0.072265625
45 0.009765625
46 0.1123046875
47 0.1728515625
48 0.1123046875
49 0.0166015625
50 0.0654296875
51 0.1142578125
52 0.0546875
53 -0.0751953125
54 0.0380859375
55 0.0986328125
56 0.0537109375
57 -0.0849609375
58 -0.04296875
59 0.0205078125
60 -0.0146484375
61 -0.12890625
62 -0.04296875
63 0.0205078125
64 -0.0146484375
65 -0.1279296875
66 -0.04296875
67 0.0205078125
68 -0.0146484375
69 -0.154296875
70 -0.029296875
71 0.0458984375
72 0.013671875
73 -0.0400390625
74 0.0693359375
75 0.1318359375
76 0.0810546875
77 -0.013671875
78 0.0361328125
79 0.087890625
80 0.0361328125
81 -0.09375
82 0.021484375
83 0.0859375
84 0.0439453125
85 -0.0947265625
86 -0.0537109375
87 0.01171875
88 -0.0205078125
89 -0.134765625
90 -0.048828125
91 0.01953125
92 -0.0166015625
93 -0.1298828125
94 -0.04296875
95 0.0234375
96 -0.0146484375
97 -0.15625
98 -0.02734375
99 0.046875
100 0.0126953125
101 -0.0439453125
102 0.0703125
103 0.1337890625
104 0.080078125
105 -0.013671875
106 0.0380859375
107 0.08984375
108 0.0361328125
109 -0.0947265625
110 0.0205078125
111 0.0869140625
112 0.04296875
113 -0.095703125
114 -0.0556640625
115 0.0126953125
116 -0.0224609375
117 -0.1357421875
118 -0.048828125
119 0.0185546875
120 -0.0166015625
121 -0.130859375
122 -0.0439453125
123 0.021484375
124 -0.015625
125 -0.158203125
126 -0.029296875
127 0.0458984375
128 0.013671875
129 -0.0439453125
130 0.0693359375
131 0.134765625
132 0.0810546875
133 -0.0146484375
134 0.0361328125
135 0.08984375
136 0.0341796875
137 -0.0966796875
138 0.0205078125
139 0.0859375
140 0.0419921875
141 -0.0966796875
142 -0.0576171875
143 0.01171875
144 -0.021484375
145 -0.134765625
146 -0.0498046875
147 0.0166015625
148 -0.015625
149 -0.12890625
150 -0.04296875
151 0.0185546875
152 -0.013671875
153 -0.15234375
154 -0.025390625
155 0.044921875
156 0.0166015625
157 -0.0390625
158 0.0693359375
159 0.1318359375
160 0.08203125
161 -0.0126953125
162 0.0341796875
163 0.0869140625
164 0.03515625
165 -0.0908203125
166 0.021484375
167 0.083984375
168 0.04296875
169 -0.095703125
170 -0.0546875
171 0.0078125
172 -0.01953125
173 -0.13671875
174 -0.048828125
175 0.015625
176 -0.015625
177 -0.1318359375
178 -0.0439453125
179 0.0205078125
180 -0.015625
181 -0.1552734375
182 -0.0283203125
183 0.046875
184 0.0146484375
185 -0.0419921875
186 0.0703125
187 0.1337890625
188 0.080078125
189 -0.01171875
190 0.037109375
191 0.0888671875
192 0.0361328125
193 -0.0947265625
194 0.021484375
195 0.0859375
196 0.0439453125
197 -0.0966796875
198 -0.0537109375
199 0.01171875
200 -0.0205078125
201 -0.134765625
202 -0.048828125
203 0.0185546875
204 -0.017578125
205 -0.1298828125
206 -0.04296875
207 0.0205078125
208 -0.0146484375
209 -0.1552734375
210 -0.029296875
211 0.0439453125
212 0.0126953125
213 -0.0419921875
214 0.068359375
215 0.130859375
216 0.0810546875
217 -0.0126953125
218 0.037109375
219 0.0888671875
220 0.0361328125
221 -0.09375
222 0.0224609375
223 0.0859375
224 0.04296875
225 -0.095703125
226 -0.0556640625
227 0.0126953125
228 -0.0205078125
229 -0.134765625
230 -0.048828125
231 0.01953125
232 -0.0166015625
233 -0.1318359375
234 -0.04296875
235 0.0224609375
236 -0.015625
237 -0.1572265625
238 -0.0283203125
239 0.044921875
240 0.0126953125
241 -0.04296875
242 0.0712890625
243 0.1328125
244 0.0810546875
245 -0.013671875
246 0.037109375
247 0.08984375
248 0.037109375
249 -0.09765625
250 0.021484375
251 0.0859375
252 0.0419921875
253 -0.0966796875
254 -0.056640625
255 0.0146484375
256 -0.0224609375
257 -0.1357421875
258 -0.048828125
259 0.021484375
260 -0.0185546875
261 -0.1318359375
262 -0.041015625
263 0.025390625
264 -0.0146484375
265 -0.15625
266 -0.025390625
267 0.046875
268 0.015625
269 -0.0419921875
270 0.0712890625
271 0.1337890625
272 0.0810546875
273 -0.0107421875
274 0.037109375
275 0.0908203125
276 0.037109375
277 -0.0947265625
278 0.0234375
279 0.0888671875
280 0.0439453125
281 -0.09375
282 -0.0517578125
283 0.0166015625
284 -0.01953125
285 -0.1357421875
286 -0.046875
287 0.021484375
288 -0.0146484375
289 -0.1318359375
290 -0.0390625
291 0.0263671875
292 -0.013671875
293 -0.16015625
294 -0.0283203125
295 0.052734375
296 0.0126953125
297 -0.044921875
298 0.0703125
299 0.1376953125
300 0.0810546875
301 -0.0146484375
302 0.037109375
303 0.0947265625
304 0.037109375
305 -0.1005859375
306 0.021484375
307 0.0888671875
308 0.041015625
309 -0.09765625
310 -0.052734375
311 0.0185546875
312 -0.0205078125
313 -0.1376953125
314 -0.046875
315 0.025390625
316 -0.015625
317 -0.1337890625
318 -0.0419921875
319 0.029296875
320 -0.015625
321 -0.1591796875
322 -0.0263671875
323 0.0517578125
324 0.013671875
325 -0.0458984375
326 0.072265625
327 0.1396484375
328 0.080078125
329 -0.0146484375
330 0.0380859375
331 0.095703125
332 0.03515625
333 -0.099609375
334 0.0234375
335 0.091796875
336 0.04296875
337 -0.0947265625
338 -0.0517578125
339 0.017578125
340 -0.01953125
341 -0.13671875
342 -0.046875
343 0.0224609375
344 -0.015625
345 -0.1318359375
346 -0.0419921875
347 0.0263671875
348 -0.013671875
349 -0.158203125
350 -0.0283203125
351 0.05078125
352 0.013671875
353 -0.0458984375
354 0.072265625
355 0.13671875
356 0.080078125
357 -0.0146484375
358 0.0380859375
359 0.0947265625
360 0.0361328125
361 -0.099609375
362 0.021484375
363 0.0908203125
364 0.0439453125
365 -0.09765625
366 -0.0546875
367 0.0185546875
368 -0.0224609375
369 -0.1376953125
370 -0.0478515625
371 0.0244140625
372 -0.017578125
373 -0.1318359375
374 -0.0419921875
375 0.025390625
376 -0.0146484375
377 -0.1572265625
378 -0.0234375
379 0.0517578125
380 0.0166015625
381 -0.0439453125
382 0.072265625
383 0.138671875
384 0.0830078125
385 -0.0107421875
386 0.0390625
387 0.0927734375
388 0.037109375
389 -0.0927734375
390 0.0234375
391 0.0869140625
392 0.044921875
393 -0.09375
394 -0.052734375
395 0.015625
396 -0.0185546875
397 -0.1357421875
398 -0.046875
399 0.0224609375
400 -0.015625
401 -0.1318359375
402 -0.041015625
403 0.021484375
404 -0.013671875
405 -0.1552734375
406 -0.0263671875
407 0.0458984375
408 0.015625
409 -0.0400390625
410 0.0712890625
411 0.1337890625
412 0.08203125
413 -0.0107421875
414 0.0380859375
415 0.091796875
416 0.0361328125
417 -0.09375
418 0.021484375
419 0.0859375
420 0.044921875
421 -0.0947265625
422 -0.0537109375
423 0.0107421875
424 -0.01953125
425 -0.1337890625
426 -0.046875
427 0.017578125
428 -0.013671875
429 -0.1279296875
430 -0.0419921875
431 0.01953125
432 -0.0126953125
433 -0.1533203125
434 -0.02734375
435 0.0458984375
436 0.015625
437 -0.0380859375
438 0.0712890625
439 0.1318359375
440 0.083984375
441 -0.009765625
442 0.0390625
443 0.087890625
444 0.0400390625
445 -0.091796875
446 0.021484375
447 0.083984375
448 0.0458984375
449 -0.0947265625
450 -0.0556640625
451 0.009765625
452 -0.0185546875
453 -0.1328125
454 -0.048828125
455 0.0166015625
456 -0.0146484375
457 -0.126953125
458 -0.0439453125
459 0.01953125
460 -0.0126953125
461 -0.15234375
462 -0.0283203125
463 0.044921875
464 0.015625
465 -0.0380859375
466 0.0703125
467 0.130859375
468 0.0830078125
469 -0.0107421875
470 0.0380859375
471 0.0888671875
472 0.0390625
473 -0.091796875
474 0.0205078125
475 0.0859375
476 0.044921875
477 -0.09375
478 -0.0537109375
479 0.013671875
480 -0.0185546875
481 -0.130859375
482 -0.0478515625
483 0.01953125
484 -0.0146484375
485 -0.125
486 -0.0400390625
487 0.0224609375
488 -0.01171875
489 -0.150390625
490 -0.0224609375
491 0.0478515625
492 0.017578125
493 -0.0390625
494 0.072265625
495 0.1328125
496 0.0849609375
497 -0.009765625
498 0.0380859375
499 0.0888671875
500 0.037109375
501 -0.08984375
502 0.0224609375
503 0.08984375
504 0.044921875
505 -0.08984375
506 -0.0517578125
507 0.0166015625
508 -0.017578125
509 -0.130859375
510 -0.0458984375
511 0.0224609375
512 -0.013671875
513 -0.1279296875
514 -0.0400390625
515 0.0224609375
516 -0.01171875
517 -0.1533203125
518 -0.025390625
519 0.0478515625
520 0.017578125
521 -0.0380859375
522 0.0732421875
523 0.1328125
524 0.0830078125
525 -0.009765625
526 0.0390625
527 0.0908203125
528 0.0380859375
529 -0.091796875
530 0.0224609375
531 0.0888671875
532 0.0458984375
533 -0.0927734375
534 -0.0517578125
535 0.0146484375
536 -0.0185546875
537 -0.1318359375
538 -0.0458984375
539 0.0224609375
540 -0.013671875
541 -0.12890625
542 -0.0419921875
543 0.025390625
544 -0.01171875
545 -0.1572265625
546 -0.02734375
547 0.048828125
548 0.013671875
549 -0.0400390625
550 0.072265625
551 0.134765625
552 0.0830078125
553 -0.0107421875
554 0.0380859375
555 0.0908203125
556 0.0390625
557 -0.0927734375
558 0.0234375
559 0.087890625
560 0.044921875
561 -0.0947265625
562 -0.0517578125
563 0.0146484375
564 -0.0185546875
565 -0.1328125
566 -0.044921875
567 0.0234375
568 -0.013671875
569 -0.1279296875
570 -0.041015625
571 0.0234375
572 -0.01171875
573 -0.1552734375
574 -0.0263671875
575 0.0478515625
576 0.0146484375
577 -0.041015625
578 0.0712890625
579 0.134765625
580 0.0830078125
581 -0.0107421875
582 0.0380859375
583 0.0927734375
584 0.0380859375
585 -0.0947265625
586 0.0224609375
587 0.0888671875
588 0.044921875
589 -0.0947265625
590 -0.0537109375
591 0.0146484375
592 -0.01953125
593 -0.134765625
594 -0.0478515625
595 0.0185546875
596 -0.0146484375
597 -0.1279296875
598 -0.041015625
599 0.0234375
600 -0.013671875
601 -0.15234375
602 -0.0244140625
603 0.0478515625
604 0.017578125
605 -0.0390625
606 0.072265625
607 0.134765625
608 0.083984375
609 -0.009765625
610 0.0400390625
611 0.0908203125
612 0.0390625
613 -0.08984375
614 0.0224609375
615 0.0888671875
616 0.044921875
617 -0.0908203125
618 -0.052734375
619 0.015625
620 -0.0185546875
621 -0.130859375
622 -0.046875
623 0.021484375
624 -0.0146484375
625 -0.1279296875
626 -0.0419921875
627 0.0244140625
628 -0.01171875
629 -0.1552734375
630 -0.025390625
631 0.048828125
632 0.015625
633 -0.0400390625
634 0.072265625
635 0.13671875
636 0.0830078125
637 -0.0107421875
638 0.0380859375
639 0.09375
640 0.0380859375
641 -0.0947265625
642 0.0224609375
643 0.0869140625
644 0.04296875
645 -0.0947265625
646 -0.0537109375
647 0.015625
648 -0.01953125
649 -0.1337890625
650 -0.046875
651 0.021484375
652 -0.013671875
653 -0.1298828125
654 -0.041015625
655 0.0244140625
656 -0.0126953125
657 -0.1533203125
658 -0.02734375
659 0.0478515625
660 0.0146484375
661 -0.0390625
662 0.0712890625
663 0.1337890625
664 0.0830078125
665 -0.0107421875
666 0.0380859375
667 0.0908203125
668 0.037109375
669 -0.0908203125
670 0.0224609375
671 0.087890625
672 0.0458984375
673 -0.0947265625
674 -0.052734375
675 0.0146484375
676 -0.017578125
677 -0.1318359375
678 -0.046875
679 0.0205078125
680 -0.0126953125
681 -0.1279296875
682 -0.0419921875
683 0.0224609375
684 -0.0126953125
685 -0.15625
686 -0.029296875
687 0.0458984375
688 0.013671875
689 -0.041015625
690 0.0703125
691 0.134765625
692 0.0830078125
693 -0.0126953125
694 0.037109375
695 0.08984375
696 0.037109375
697 -0.095703125
698 0.021484375
699 0.087890625
700 0.0439453125
701 -0.09375
702 -0.0517578125
703 0.015625
704 -0.017578125
705 -0.1328125
706 -0.046875
707 0.021484375
708 -0.013671875
709 -0.1259765625
710 -0.041015625
711 0.0234375
712 -0.0126953125
713 -0.1533203125
714 -0.0244140625
715 0.0478515625
716 0.015625
717 -0.0400390625
718 0.072265625
719 0.1357421875
720 0.0830078125
721 -0.009765625
722 0.0380859375
723 0.0888671875
724 0.0390625
725 -0.091796875
726 0.025390625
727 0.087890625
728 0.046875
729 -0.08984375
730 -0.05078125
731 0.015625
732 -0.017578125
733 -0.1298828125
734 -0.0458984375
735 0.0234375
736 -0.013671875
737 -0.1279296875
738 -0.0419921875
739 0.0234375
740 -0.01171875
741 -0.154296875
742 -0.025390625
743 0.0458984375
744 0.0146484375
745 -0.0390625
746 0.072265625
747 0.1318359375
748 0.0849609375
749 -0.01171875
750 0.0400390625
751 0.091796875
752 0.037109375
753 -0.095703125
754 0.0224609375
755 0.0888671875
756 0.044921875
757 -0.0927734375
758 -0.0517578125
759 0.017578125
760 -0.0185546875
761 -0.1328125
762 -0.044921875
763 0.0224609375
764 -0.0146484375
765 -0.12890625
766 -0.041015625
767 0.0263671875
768 -0.0126953125
769 -0.15625
770 -0.0244140625
771 0.0478515625
772 0.0166015625
773 -0.0419921875
774 0.072265625
775 0.13671875
776 0.08203125
777 -0.0107421875
778 0.0390625
779 0.091796875
780 0.0380859375
781 -0.09375
782 0.0234375
783 0.0908203125
784 0.0439453125
785 -0.091796875
786 -0.0517578125
787 0.013671875
788 -0.0185546875
789 -0.1337890625
790 -0.046875
791 0.0185546875
792 -0.013671875
793 -0.1279296875
794 -0.0400390625
795 0.021484375
796 -0.0126953125
797 -0.1552734375
798 -0.02734375
799 0.046875
800 0.0146484375
801 -0.0390625
802 0.072265625
803 0.134765625
804 0.0830078125
805 -0.009765625
806 0.0380859375
807 0.0908203125
808 0.0380859375
809 -0.09375
810 0.021484375
811 0.083984375
812 0.044921875
813 -0.0947265625
814 -0.0537109375
815 0.01171875
816 -0.0185546875
817 -0.1337890625
818 -0.0458984375
819 0.0205078125
820 -0.013671875
821 -0.1279296875
822 -0.0419921875
823 0.0244140625
824 -0.013671875
825 -0.1533203125
826 -0.025390625
827 0.048828125
828 0.0166015625
829 -0.0390625
830 0.0732421875
831 0.13671875
832 0.083984375
833 -0.0126953125
834 0.0390625
835 0.091796875
836 0.037109375
837 -0.0947265625
838 0.0224609375
839 0.0888671875
840 0.044921875
841 -0.0927734375
842 -0.0498046875
843 0.015625
844 -0.0185546875
845 -0.1318359375
846 -0.0458984375
847 0.021484375
848 -0.015625
849 -0.1298828125
850 -0.041015625
851 0.02734375
852 -0.013671875
853 -0.1572265625
854 -0.0263671875
855 0.052734375
856 0.0146484375
857 -0.044921875
858 0.07421875
859 0.140625
860 0.08203125
861 -0.0126953125
862 0.0400390625
863 0.0966796875
864 0.0390625
865 -0.0966796875
866 0.0234375
867 0.091796875
868 0.044921875
869 -0.095703125
870 -0.0517578125
871 0.021484375
872 -0.0185546875
873 -0.13671875
874 -0.044921875
875 0.0263671875
876 -0.0146484375
877 -0.1337890625
878 -0.0400390625
879 0.02734375
880 -0.0126953125
881 -0.1591796875
882 -0.025390625
883 0.0517578125
884 0.0146484375
885 -0.044921875
886 0.072265625
887 0.1396484375
888 0.08203125
889 -0.0126953125
890 0.0400390625
891 0.095703125
892 0.037109375
893 -0.09765625
894 0.0244140625
895 0.0927734375
896 0.0419921875
897 -0.095703125
898 -0.0498046875
899 0.021484375
900 -0.0185546875
901 -0.1376953125
902 -0.044921875
903 0.02734375
904 -0.0146484375
905 -0.1337890625
906 -0.0390625
907 0.0283203125
908 -0.0126953125
909 -0.1611328125
910 -0.0263671875
911 0.0537109375
912 0.013671875
913 -0.0439453125
914 0.0732421875
915 0.140625
916 0.0810546875
917 -0.0126953125
918 0.0400390625
919 0.095703125
920 0.0361328125
921 -0.09765625
922 0.0224609375
923 0.0927734375
924 0.0439453125
925 -0.09765625
926 -0.052734375
927 0.017578125
928 -0.0205078125
929 -0.138671875
930 -0.0458984375
931 0.0244140625
932 -0.015625
933 -0.1318359375
934 -0.0390625
935 0.029296875
936 -0.013671875
937 -0.1572265625
938 -0.0224609375
939 0.052734375
940 0.015625
941 -0.0439453125
942 0.07421875
943 0.1396484375
944 0.0830078125
945 -0.01171875
946 0.041015625
947 0.095703125
948 0.0380859375
949 -0.0947265625
950 0.025390625
951 0.0927734375
952 0.0458984375
953 -0.0927734375
954 -0.05078125
955 0.017578125
956 -0.017578125
957 -0.134765625
958 -0.044921875
959 0.025390625
960 -0.0146484375
961 -0.1298828125
962 -0.041015625
963 0.0283203125
964 -0.0126953125
965 -0.1572265625
966 -0.0263671875
967 0.05078125
968 0.0146484375
969 -0.0419921875
970 0.0732421875
971 0.1376953125
972 0.0830078125
973 -0.01171875
974 0.0390625
975 0.0947265625
976 0.0380859375
977 -0.0947265625
978 0.0234375
979 0.08984375
980 0.0439453125
981 -0.095703125
982 -0.052734375
983 0.015625
984 -0.01953125
985 -0.1328125
986 -0.0478515625
987 0.021484375
988 -0.0146484375
989 -0.1279296875
990 -0.041015625
991 0.0263671875
992 -0.0126953125
993 -0.154296875
994 -0.025390625
995 0.0498046875
996 0.0166015625
997 -0.0390625
998 0.0732421875
999 0.13671875
1000 0.083984375
1001 -0.009765625
1002 0.0400390625
1003 0.09375
1004 0.037109375
1005 -0.0927734375
1006 0.0234375
1007 0.091796875
1008 0.044921875
1009 -0.09375
1010 -0.0537109375
1011 0.015625
1012 -0.0185546875
1013 -0.130859375
1014 -0.044921875
1015 0.0205078125
1016 -0.013671875
1017 -0.1279296875
1018 -0.041015625
1019 0.0234375
1020 -0.01171875
1021 -0.1572265625
1022 -0.02734375
1023 0.0498046875
1024 0.0146484375
1025 -0.041015625
1026 0.072265625
1027 0.13671875
1028 0.0810546875
1029 -0.01171875
1030 0.0380859375
1031 0.0927734375
1032 0.037109375
1033 -0.0947265625
1034 0.0224609375
1035 0.0888671875
1036 0.0439453125
1037 -0.095703125
1038 -0.0546875
1039 0.013671875
1040 -0.01953125
1041 -0.1337890625
1042 -0.0458984375
1043 0.021484375
1044 -0.0126953125
1045 -0.1298828125
1046 -0.0400390625
1047 0.0244140625
1048 -0.01171875
1049 -0.154296875
1050 -0.025390625
1051 0.0498046875
1052 0.015625
1053 -0.0380859375
1054 0.0732421875
1055 0.138671875
1056 0.0830078125
1057 -0.009765625
1058 0.041015625
1059 0.095703125
1060 0.0390625
1061 -0.09375
1062 0.025390625
1063 0.0908203125
1064 0.0458984375
1065 -0.0947265625
1066 -0.052734375
1067 0.015625
1068 -0.0185546875
1069 -0.1337890625
1070 -0.044921875
1071 0.021484375
1072 -0.0146484375
1073 -0.12890625
1074 -0.04296875
1075 0.0234375
1076 -0.0126953125
1077 -0.1552734375
1078 -0.025390625
1079 0.048828125
1080 0.015625
1081 -0.037109375
1082 0.072265625
1083 0.1357421875
1084 0.0849609375
1085 -0.0107421875
1086 0.0390625
1087 0.0947265625
1088 0.0380859375
1089 -0.09375
1090 0.025390625
1091 0.08984375
1092 0.046875
1093 -0.0947265625
1094 -0.052734375
1095 0.0146484375
1096 -0.0205078125
1097 -0.1328125
1098 -0.0478515625
1099 0.0234375
1100 -0.013671875
1101 -0.1279296875
1102 -0.0419921875
1103 0.0263671875
1104 -0.01171875
1105 -0.15234375
1106 -0.025390625
1107 0.046875
1108 0.017578125
1109 -0.0400390625
1110 0.0732421875
1111 0.1357421875
1112 0.0830078125
1113 -0.0107421875
1114 0.0400390625
1115 0.091796875
1116 0.0390625
1117 -0.091796875
1118 0.0234375
1119 0.0859375
1120 0.0458984375
1121 -0.0927734375
1122 -0.0546875
1123 0.0107421875
1124 -0.0185546875
1125 -0.130859375
1126 -0.0478515625
1127 0.0205078125
1128 -0.013671875
1129 -0.1279296875
1130 -0.0419921875
1131 0.0205078125
1132 -0.0126953125
1133 -0.15625
1134 -0.02734375
1135 0.0458984375
1136 0.015625
1137 -0.0400390625
1138 0.072265625
1139 0.1357421875
1140 0.083984375
1141 -0.009765625
1142 0.0380859375
1143 0.091796875
1144 0.0400390625
1145 -0.0947265625
1146 0.021484375
1147 0.08984375
1148 0.0458984375
1149 -0.0947265625
1150 -0.0537109375
1151 0.017578125
1152 -0.01953125
1153 -0.134765625
1154 -0.044921875
1155 0.0234375
1156 -0.013671875
1157 -0.1298828125
1158 -0.0380859375
1159 0.0244140625
1160 -0.0107421875
1161 -0.1533203125
1162 -0.0234375
1163 0.05078125
1164 0.0146484375
1165 -0.0380859375
1166 0.0732421875
1167 0.13671875
1168 0.0830078125
1169 -0.009765625
1170 0.0390625
1171 0.0888671875
1172 0.0390625
1173 -0.0888671875
1174 0.0224609375
1175 0.0869140625
1176 0.046875
1177 -0.0908203125
1178 -0.0498046875
1179 0.013671875
1180 -0.0166015625
1181 -0.130859375
1182 -0.044921875
1183 0.021484375
1184 -0.01171875
1185 -0.1259765625
1186 -0.0400390625
1187 0.0224609375
1188 -0.0126953125
1189 -0.1533203125
1190 -0.02734375
1191 0.0458984375
1192 0.0166015625
1193 -0.0361328125
1194 0.072265625
1195 0.134765625
1196 0.0849609375
1197 -0.009765625
1198 0.0380859375
1199 0.0888671875
1200 0.0390625
1201 -0.0927734375
1202 0.021484375
1203 0.0869140625
1204 0.0458984375
1205 -0.091796875
1206 -0.052734375
1207 0.013671875
1208 -0.017578125
1209 -0.130859375
1210 -0.046875
1211 0.0205078125
1212 -0.0146484375
1213 -0.126953125
1214 -0.041015625
1215 0.0244140625
1216 -0.013671875
1217 -0.1552734375
1218 -0.0283203125
1219 0.0478515625
1220 0.0146484375
1221 -0.0390625
1222 0.072265625
1223 0.1337890625
1224 0.0830078125
1225 -0.0107421875
1226 0.0390625
1227 0.091796875
1228 0.0400390625
1229 -0.0927734375
1230 0.0234375
1231 0.087890625
1232 0.0458984375
1233 -0.09375
1234 -0.0517578125
1235 0.0146484375
1236 -0.0185546875
1237 -0.1318359375
1238 -0.0458984375
1239 0.0224609375
1240 -0.013671875
1241 -0.1279296875
1242 -0.0419921875
1243 0.025390625
1244 -0.01171875
1245 -0.1572265625
1246 -0.0263671875
1247 0.048828125
1248 0.015625
1249 -0.041015625
1250 0.0732421875
1251 0.1376953125
1252 0.08203125
1253 -0.0126953125
1254 0.041015625
1255 0.09375
1256 0.037109375
1257 -0.095703125
1258 0.0234375
1259 0.08984375
1260 0.0439453125
1261 -0.095703125
1262 -0.0546875
1263 0.0166015625
1264 -0.0205078125
1265 -0.1357421875
1266 -0.0458984375
1267 0.0234375
1268 -0.015625
1269 -0.1328125
1270 -0.0400390625
1271 0.0283203125
1272 -0.013671875
1273 -0.158203125
1274 -0.0244140625
1275 0.0537109375
1276 0.0166015625
1277 -0.04296875
1278 0.0751953125
1279 0.1416015625
1280 0.08203125
1281 -0.01171875
1282 0.041015625
1283 0.09765625
1284 0.0380859375
1285 -0.095703125
1286 0.025390625
1287 0.09375
1288 0.0458984375
1289 -0.0947265625
1290 -0.052734375
1291 0.0185546875
1292 -0.0205078125
1293 -0.13671875
1294 -0.044921875
1295 0.025390625
1296 -0.01171875
1297 -0.130859375
1298 -0.0400390625
1299 0.0244140625
1300 -0.0126953125
1301 -0.1572265625
1302 -0.025390625
1303 0.0517578125
1304 0.0166015625
1305 -0.0419921875
1306 0.072265625
1307 0.1396484375
1308 0.083984375
1309 -0.0126953125
1310 0.0400390625
1311 0.09765625
1312 0.037109375
1313 -0.099609375
1314 0.0224609375
1315 0.08984375
1316 0.04296875
1317 -0.09765625
1318 -0.052734375
1319 0.0166015625
1320 -0.0205078125
1321 -0.138671875
1322 -0.044921875
1323 0.025390625
1324 -0.015625
1325 -0.1328125
1326 -0.041015625
1327 0.02734375
1328 -0.0146484375
1329 -0.1591796875
1330 -0.0263671875
1331 0.052734375
1332 0.013671875
1333 -0.04296875
1334 0.072265625
1335 0.1416015625
1336 0.08203125
1337 -0.013671875
1338 0.041015625
1339 0.095703125
1340 0.0380859375
1341 -0.0986328125
1342 0.025390625
1343 0.09375
1344 0.0439453125
1345 -0.0966796875
1346 -0.05078125
1347 0.021484375
1348 -0.021484375
1349 -0.13671875
1350 -0.0458984375
1351 0.02734375
1352 -0.015625
1353 -0.1337890625
1354 -0.041015625
1355 0.029296875
1356 -0.013671875
1357 -0.1611328125
1358 -0.02734375
1359 0.0537109375
1360 0.0126953125
1361 -0.044921875
1362 0.072265625
1363 0.1376953125
1364 0.0830078125
1365 -0.013671875
1366 0.0400390625
1367 0.0947265625
1368 0.0380859375
1369 -0.099609375
1370 0.021484375
1371 0.0908203125
1372 0.044921875
1373 -0.0966796875
1374 -0.0537109375
1375 0.0185546875
1376 -0.0205078125
1377 -0.134765625
1378 -0.0458984375
1379 0.0244140625
1380 -0.013671875
1381 -0.12890625
1382 -0.0400390625
1383 0.0244140625
1384 -0.009765625
1385 -0.154296875
1386 -0.0234375
1387 0.0517578125
1388 0.0185546875
1389 -0.041015625
1390 0.07421875
1391 0.1376953125
1392 0.083984375
1393 -0.009765625
1394 0.0400390625
1395 0.091796875
1396 0.0380859375
1397 -0.091796875
1398 0.025390625
1399 0.091796875
1400 0.0458984375
1401 -0.091796875
1402 -0.0517578125
1403 0.0185546875
1404 -0.0166015625
1405 -0.1337890625
1406 -0.0439453125
1407 0.0234375
1408 -0.0126953125
1409 -0.130859375
1410 -0.0390625
1411 0.0263671875
1412 -0.01171875
1413 -0.1572265625
1414 -0.025390625
1415 0.05078125
1416 0.0146484375
1417 -0.0400390625
1418 0.0732421875
1419 0.138671875
1420 0.083984375
1421 -0.01171875
1422 0.0390625
1423 0.095703125
1424 0.0380859375
1425 -0.0927734375
1426 0.0234375
1427 0.0908203125
1428 0.0458984375
1429 -0.0927734375
1430 -0.0517578125
1431 0.013671875
1432 -0.0166015625
1433 -0.1318359375
1434 -0.0439453125
1435 0.0205078125
1436 -0.01171875
1437 -0.123046875
1438 -0.0380859375
1439 0.0244140625
1440 -0.009765625
1441 -0.1259765625
1442 -0.0048828125
1443 0.0654296875
1444 0.029296875
1445 -0.078125
1446 -0.029296875
1447 0.0322265625
1448 -0.0048828125
1449 -0.119140625
1450 -0.0390625
1451 0.0263671875
1452 -0.0068359375
1453 -0.1298828125
1454 -0.046875
1455 0.017578125
1456 -0.013671875
1457 -0.1806640625
1458 -0.0859375
1459 -0.0185546875
1460 -0.0400390625
1461 -0.1953125
1462 -0.0615234375
1463 0.01953125
1464 -0.001953125
1465 -0.0732421875
1466 0.04296875
1467 0.1083984375
1468 0.0654296875
1469 0.0068359375
1470 0.1103515625
1471 0.1689453125
1472 0.111328125
1473 0.017578125
1474 0.060546875
1475 0.1083984375
1476 0.05859375
1477 -0.0498046875
1478 0.060546875
1479 0.1171875
1480 0.0712890625
1481 -0.0068359375
1482 0.0986328125
1483 0.15234375
1484 0.0986328125
1485 -0.01953125
1486 0.0224609375
1487 0.07421875
1488 0.02734375
1489 -0.0751953125
1490 0.0361328125
1491 0.1005859375
1492 0.0556640625
1493 -0.0107421875
1494 0.091796875
1495 0.1494140625
1496 0.0947265625
1497 -0.0146484375
1498 0.0263671875
1499 0.0771484375
1500 0.0283203125
1501 -0.080078125
1502 -0.0048828125
1503 0.0537109375
1504 0.0107421875
1505 -0.083984375
1506 0.029296875
1507 0.0927734375
1508 0.0478515625
1509 -0.064453125
1510 0.04296875
1511 0.1044921875
1512 0.05859375
1513 -0.0439453125
1514 0.0625
1515 0.12109375
1516 0.072265625
1517 0.0
1518 0.1005859375
1519 0.154296875
1520 0.0986328125
1521 0.0087890625
1522 0.0498046875
1523 0.099609375
1524 0.046875
1525 -0.0458984375
1526 0.05859375
1527 0.1181640625
1528 0.0673828125
1529 -0.0439453125
1530 0.0595703125
1531 0.1171875
1532 0.0654296875
1533 -0.095703125
1534 -0.0576171875
1535 0.005859375
1536 -0.029296875
1537 -0.1953125
1538 -0.1103515625
1539 -0.0322265625
1540 -0.0576171875
1541 -0.1630859375
1542 -0.0361328125
1543 0.0361328125
1544 0.0048828125
1545 -0.0517578125
1546 0.0576171875
1547 0.119140625
1548 0.068359375
1549 0.0068359375
1550 0.10546875
1551 0.16015625
1552 0.1005859375
1553 -0.017578125
1554 0.01953125
1555 0.072265625
1556 0.01953125
1557 -0.1064453125
1558 -0.02734375
1559 0.0302734375
1560 -0.01171875
1561 -0.19140625
1562 -0.1259765625
1563 -0.0478515625
1564 -0.0673828125
1565 -0.1728515625
1566 -0.076171875
1567 -0.009765625
1568 -0.041015625
1569 -0.20703125
1570 -0.1279296875
1571 -0.0478515625
1572 -0.068359375
1573 -0.1884765625
1574 -0.0546875
1575 0.021484375
1576 -0.0068359375
1577 -0.10546875
1578 -0.0556640625
1579 0.0107421875
1580 -0.0244140625
1581 -0.134765625
1582 -0.0478515625
1583 0.015625
1584 -0.01953125
1585 -0.1298828125
1586 -0.0458984375
1587 0.01953125
1588 -0.0166015625
1589 -0.1083984375
1590 0.01171875
1591 0.08203125
1592 0.0400390625
1593 -0.0146484375
1594 0.09375
1595 0.15234375
1596 0.095703125
1597 -0.0185546875
1598 0.0849609375
1599 0.1435546875
1600 0.0859375
1601 -0.021484375
1602 0.0830078125
1603 0.1435546875
1604 0.0849609375
1605 0.009765625
1606 0.111328125
1607 0.1669921875
1608 0.1025390625
1609 0.013671875
1610 0.0556640625
1611 0.1083984375
1612 0.048828125
1613 -0.0478515625
1614 0.060546875
1615 0.1220703125
1616 0.06640625
1617 -0.0439453125
1618 0.0615234375
1619 0.119140625
1620 0.0654296875
1621 -0.095703125
1622 -0.05859375
1623 0.00390625
1624 -0.0302734375
1625 -0.197265625
1626 -0.1083984375
1627 -0.03125
1628 -0.056640625
1629 -0.1650390625
1630 -0.0361328125
1631 0.037109375
1632 0.001953125
1633 -0.0703125
1634 0.0419921875
1635 0.1083984375
1636 0.05859375
1637 -0.0048828125
1638 0.1015625
1639 0.15625
1640 0.0986328125
1641 -0.01953125
1642 0.0205078125
1643 0.0693359375
1644 0.021484375
1645 -0.1103515625
1646 -0.0302734375
1647 0.029296875
1648 -0.013671875
1649 -0.197265625
1650 -0.1298828125
1651 -0.048828125
1652 -0.0703125
1653 -0.173828125
1654 -0.0791015625
1655 -0.0087890625
1656 -0.041015625
1657 -0.2099609375
1658 -0.1298828125
1659 -0.05078125
1660 -0.0693359375
1661 -0.193359375
1662 -0.056640625
1663 0.0205078125
1664 -0.0078125
1665 -0.107421875
1666 -0.056640625
1667 0.0107421875
1668 -0.0244140625
1669 -0.1376953125
1670 -0.048828125
1671 0.0146484375
1672 -0.021484375
1673 -0.1298828125
1674 -0.0458984375
1675 0.0185546875
1676 -0.015625
1677 -0.107421875
1678 0.009765625
1679 0.0791015625
1680 0.037109375
1681 -0.0107421875
1682 0.0947265625
1683 0.15234375
1684 0.09765625
1685 0.0419921875
1686 0.142578125
1687 0.1953125
1688 0.130859375
1689 0.0703125
1690 0.1630859375
1691 0.21484375
1692 0.14453125
1693 0.0390625
1694 0.1318359375
1695 0.1826171875
1696 0.1162109375
1697 0.009765625
1698 0.1044921875
1699 0.1591796875
1700 0.0966796875
1701 0.021484375
1702 0.1162109375
1703 0.16796875
1704 0.103515625
1705 0.013671875
1706 0.0546875
1707 0.1044921875
1708 0.0458984375
1709 -0.0458984375
1710 0.05859375
1711 0.1171875
1712 0.0615234375
1713 0.0068359375
1714 0.1083984375
1715 0.166015625
1716 0.1005859375
1717 0.0380859375
1718 0.1337890625
1719 0.189453125
1720 0.1181640625
1721 0.01171875
1722 0.107421875
1723 0.1611328125
1724 0.0927734375
1725 -0.06640625
1726 -0.0322265625
1727 0.0234375
1728 -0.021484375
1729 -0.185546875
1730 -0.1044921875
1731 -0.033203125
1732 -0.0615234375
1733 -0.1728515625
1734 -0.0458984375
1735 0.0263671875
1736 -0.01171875
1737 -0.072265625
1738 0.0390625
1739 0.1025390625
1740 0.048828125
1741 -0.017578125
1742 0.0849609375
1743 0.1416015625
1744 0.080078125
1745 -0.0390625
1746 -0.0009765625
1747 0.0498046875
1748 0.0
1749 -0.130859375
1750 -0.046875
1751 0.0087890625
1752 -0.0322265625
1753 -0.212890625
1754 -0.14453125
1755 -0.068359375
1756 -0.0869140625
1757 -0.1923828125
1758 -0.095703125
1759 -0.0263671875
1760 -0.05859375
1761 -0.224609375
1762 -0.146484375
1763 -0.064453125
1764 -0.0859375
1765 -0.2099609375
1766 -0.072265625
1767 0.0078125
1768 -0.0224609375
1769 -0.125
1770 -0.0703125
1771 -0.001953125
1772 -0.0400390625
1773 -0.1650390625
1774 -0.0712890625
1775 -0.00390625
1776 -0.0400390625
1777 -0.1689453125
1778 -0.0771484375
1779 -0.005859375
1780 -0.041015625
1781 -0.1435546875
1782 -0.017578125
1783 0.05859375
1784 0.0146484375
1785 -0.037109375
1786 0.0751953125
1787 0.1396484375
1788 0.080078125
1789 0.015625
1790 0.119140625
1791 0.1806640625
1792 0.111328125
1793 0.041015625
1794 0.142578125
1795 0.197265625
1796 0.1240234375
1797 0.0546875
1798 0.154296875
1799 0.2080078125
1800 0.130859375
1801 0.0634765625
1802 0.1611328125
1803 0.2138671875
1804 0.1357421875
1805 0.0205078125
1806 0.1171875
1807 0.169921875
1808 0.099609375
1809 -0.0107421875
1810 0.0869140625
1811 0.1396484375
1812 0.0771484375
1813 -0.001953125
1814 0.09765625
1815 0.1513671875
1816 0.0849609375
1817 -0.0068359375
1818 0.037109375
1819 0.087890625
1820 0.025390625
1821 -0.068359375
1822 0.041015625
1823 0.1015625
1824 0.044921875
1825 -0.01953125
1826 0.083984375
1827 0.1416015625
1828 0.076171875
1829 0.015625
1830 0.11328125
1831 0.16796875
1832 0.0966796875
1833 -0.0087890625
1834 0.0869140625
1835 0.142578125
1836 0.076171875
1837 -0.0908203125
1838 -0.0537109375
1839 0.001953125
1840 -0.041015625
1841 -0.2109375
1842 -0.1259765625
1843 -0.0517578125
1844 -0.0810546875
1845 -0.1923828125
1846 -0.0625
1847 0.009765625
1848 -0.025390625
1849 -0.0859375
1850 0.0263671875
1851 0.0888671875
1852 0.037109375
1853 -0.029296875
1854 0.072265625
1855 0.130859375
1856 0.068359375
1857 -0.05078125
1858 -0.01171875
1859 0.0419921875
1860 -0.0107421875
1861 -0.1396484375
1862 -0.05859375
1863 0.0009765625
1864 -0.0419921875
1865 -0.2236328125
1866 -0.1552734375
1867 -0.0771484375
1868 -0.0986328125
1869 -0.2041015625
1870 -0.107421875
1871 -0.03515625
1872 -0.0693359375
1873 -0.236328125
1874 -0.1591796875
1875 -0.0771484375
1876 -0.09765625
1877 -0.2197265625
1878 -0.083984375
1879 -0.00390625
1880 -0.033203125
1881 -0.134765625
1882 -0.0810546875
1883 -0.0126953125
1884 -0.0498046875
1885 -0.205078125
1886 -0.1103515625
1887 -0.0361328125
1888 -0.0673828125
1889 -0.2138671875
1890 -0.1181640625
1891 -0.0419921875
1892 -0.0693359375
1893 -0.1669921875
1894 -0.037109375
1895 0.03515625
1896 -0.0009765625
1897 -0.048828125
1898 0.0625
1899 0.1259765625
1900 0.068359375
1901 0.0048828125
1902 0.1064453125
1903 0.1669921875
1904 0.099609375
1905 0.033203125
1906 0.1298828125
1907 0.185546875
1908 0.1142578125
1909 0.0439453125
1910 0.140625
1911 0.193359375
1912 0.1201171875
1913 0.052734375
1914 0.1494140625
1915 0.2021484375
1916 0.1279296875
1917 0.017578125
1918 0.1123046875
1919 0.166015625
1920 0.095703125
1921 -0.017578125
1922 0.08203125
1923 0.138671875
1924 0.072265625
1925 -0.0068359375
1926 0.091796875
1927 0.1474609375
1928 0.080078125
1929 -0.0126953125
1930 0.029296875
1931 0.0810546875
1932 0.0205078125
1933 -0.0751953125
1934 0.033203125
1935 0.095703125
1936 0.0390625
1937 -0.01953125
1938 0.08203125
1939 0.138671875
1940 0.07421875
1941 0.013671875
1942 0.109375
1943 0.166015625
1944 0.0947265625
1945 -0.009765625
1946 0.0859375
1947 0.1396484375
1948 0.0712890625
1949 -0.0859375
1950 -0.05078125
1951 0.005859375
1952 -0.0390625
1953 -0.2021484375
1954 -0.119140625
1955 -0.0478515625
1956 -0.078125
1957 -0.189453125
1958 -0.0615234375
1959 0.0087890625
1960 -0.02734375
1961 -0.0908203125
1962 0.0224609375
1963 0.0859375
1964 0.0341796875
1965 -0.03515625
1966 0.068359375
1967 0.126953125
1968 0.0634765625
1969 -0.0556640625
1970 -0.0166015625
1971 0.0390625
1972 -0.015625
1973 -0.1455078125
1974 -0.0615234375
1975 -0.001953125
1976 -0.0478515625
1977 -0.2294921875
1978 -0.16015625
1979 -0.080078125
1980 -0.1005859375
1981 -0.2080078125
1982 -0.1103515625
1983 -0.041015625
1984 -0.0732421875
1985 -0.240234375
1986 -0.16015625
1987 -0.08203125
1988 -0.1005859375
1989 -0.22265625
1990 -0.0869140625
1991 -0.0087890625
1992 -0.037109375
1993 -0.1376953125
1994 -0.0849609375
1995 -0.015625
1996 -0.052734375
1997 -0.171875
1998 -0.0830078125
1999 -0.0166015625
2000 -0.052734375
2001 -0.1708984375
2002 -0.0859375
2003 -0.0185546875
2004 -0.0517578125
2005 -0.1455078125
2006 -0.021484375
2007 0.0478515625
2008 0.009765625
2009 -0.0439453125
2010 0.064453125
2011 0.12890625
2012 0.0703125
2013 0.0048828125
2014 0.1083984375
2015 0.16796875
2016 0.099609375
2017 0.0283203125
2018 0.1259765625
2019 0.181640625
2020 0.1103515625
2021 0.0322265625
2022 0.1298828125
2023 0.1845703125
2024 0.1123046875
2025 0.046875
2026 0.142578125
2027 0.1943359375
2028 0.12109375
2029 0.0087890625
2030 0.10546875
2031 0.154296875
2032 0.0888671875
2033 -0.0224609375
2034 0.0751953125
2035 0.1279296875
2036 0.06640625
2037 -0.0126953125
2038 0.0849609375
2039 0.13671875
2040 0.0732421875
2041 -0.03125
2042 0.0087890625
2043 0.05859375
2044 0.00390625
2045 -0.0849609375
2046 0.0205078125
2047 0.080078125
2048 0.029296875
2049 -0.02734375
2050 0.0732421875
2051 0.1279296875
2052 0.0703125
2053 0.0087890625
2054 0.1044921875
2055 0.1572265625
2056 0.0888671875
2057 -0.015625
2058 0.0771484375
2059 0.1279296875
2060 0.06640625
2061 -0.091796875
2062 -0.0595703125
2063 -0.0029296875
2064 -0.0458984375
2065 -0.2099609375
2066 -0.1328125
2067 -0.060546875
2068 -0.083984375
2069 -0.1953125
2070 -0.0693359375
2071 -0.0009765625
2072 -0.03125
2073 -0.1044921875
2074 0.0068359375
2075 0.068359375
2076 0.0224609375
2077 -0.037109375
2078 0.0625
2079 0.119140625
2080 0.0595703125
2081 -0.0595703125
2082 -0.0224609375
2083 0.0283203125
2084 -0.01953125
2085 -0.1474609375
2086 -0.068359375
2087 -0.0107421875
2088 -0.05078125
2089 -0.23046875
2090 -0.1650390625
2091 -0.087890625
2092 -0.1044921875
2093 -0.2099609375
2094 -0.11328125
2095 -0.0458984375
2096 -0.076171875
2097 -0.2412109375
2098 -0.1630859375
2099 -0.0849609375
2100 -0.1025390625
2101 -0.22265625
2102 -0.0908203125
2103 -0.013671875
2104 -0.0400390625
2105 -0.138671875
2106 -0.08984375
2107 -0.021484375
2108 -0.0556640625
2109 -0.2158203125
2110 -0.123046875
2111 -0.0517578125
2112 -0.078125
2113 -0.2294921875
2114 -0.1357421875
2115 -0.060546875
2116 -0.080078125
2117 -0.16796875
2118 -0.0439453125
2119 0.029296875
2120 -0.0048828125
2121 -0.05078125
2122 0.0576171875
2123 0.1181640625
2124 0.064453125
2125 0.00390625
2126 0.1025390625
2127 0.1591796875
2128 0.0966796875
2129 0.0224609375
2130 0.119140625
2131 0.1708984375
2132 0.10546875
2133 0.0361328125
2134 0.12890625
2135 0.1826171875
2136 0.1123046875
2137 0.048828125
2138 0.1416015625
2139 0.19140625
2140 0.12109375
2141 0.0107421875
2142 0.1044921875
2143 0.1552734375
2144 0.0888671875
2145 -0.0234375
2146 0.0732421875
2147 0.126953125
2148 0.06640625
2149 -0.0126953125
2150 0.0859375
2151 0.1376953125
2152 0.0751953125
2153 -0.0166015625
2154 0.021484375
2155 0.0732421875
2156 0.0166015625
2157 -0.07421875
2158 0.0302734375
2159 0.08984375
2160 0.03515625
2161 -0.029296875
2162 0.0732421875
2163 0.1298828125
2164 0.0673828125
2165 0.005859375
2166 0.1044921875
2167 0.158203125
2168 0.08984375
2169 -0.015625
2170 0.0810546875
2171 0.1328125
2172 0.0673828125
2173 -0.08984375
2174 -0.0546875
2175 0.001953125
2176 -0.044921875
2177 -0.2060546875
2178 -0.125
2179 -0.0498046875
2180 -0.08203125
2181 -0.193359375
2182 -0.0654296875
2183 0.0048828125
2184 -0.029296875
2185 -0.091796875
2186 0.021484375
2187 0.0810546875
2188 0.029296875
2189 -0.0361328125
2190 0.0654296875
2191 0.1220703125
2192 0.0615234375
2193 -0.05859375
2194 -0.0234375
2195 0.0263671875
2196 -0.0185546875
2197 -0.146484375
2198 -0.068359375
2199 -0.0087890625
2200 -0.048828125
2201 -0.2314453125
2202 -0.166015625
2203 -0.0869140625
2204 -0.103515625
2205 -0.208984375
2206 -0.11328125
2207 -0.0458984375
2208 -0.0751953125
2209 -0.2421875
2210 -0.1630859375
2211 -0.0859375
2212 -0.1015625
2213 -0.2216796875
2214 -0.087890625
2215 -0.013671875
2216 -0.0400390625
2217 -0.138671875
2218 -0.087890625
2219 -0.021484375
2220 -0.0556640625
2221 -0.177734375
2222 -0.0888671875
2223 -0.0244140625
2224 -0.056640625
2225 -0.1796875
2226 -0.0927734375
2227 -0.0263671875
2228 -0.056640625
2229 -0.1484375
2230 -0.02734375
2231 0.04296875
2232 0.0048828125
2233 -0.0458984375
2234 0.0615234375
2235 0.1220703125
2236 0.06640625
2237 0.0078125
2238 0.107421875
2239 0.1630859375
2240 0.0986328125
2241 0.03125
2242 0.1259765625
2243 0.177734375
2244 0.1103515625
2245 0.0400390625
2246 0.130859375
2247 0.18359375
2248 0.11328125
2249 0.048828125
2250 0.1416015625
2251 0.1923828125
2252 0.1201171875
2253 0.009765625
2254 0.1025390625
2255 0.15234375
2256 0.0869140625
2257 -0.0244140625
2258 0.0732421875
2259 0.1240234375
2260 0.064453125
2261 -0.0146484375
2262 0.08203125
2263 0.134765625
2264 0.0712890625
2265 -0.0341796875
2266 0.005859375
2267 0.0576171875
2268 0.0029296875
2269 -0.0888671875
2270 0.0185546875
2271 0.0810546875
2272 0.0283203125
2273 -0.0322265625
2274 0.0712890625
2275 0.126953125
2276 0.0654296875
2277 0.0048828125
2278 0.1015625
2279 0.1591796875
2280 0.087890625
2281 -0.0205078125
2282 0.0771484375
2283 0.1279296875
2284 0.0654296875
2285 -0.0947265625
2286 -0.060546875
2287 -0.0029296875
2288 -0.048828125
2289 -0.2158203125
2290 -0.1328125
2291 -0.05859375
2292 -0.0888671875
2293 -0.1982421875
2294 -0.0703125
2295 0.0009765625
2296 -0.0341796875
2297 -0.109375
2298 0.0048828125
2299 0.068359375
2300 0.01953125
2301 -0.04296875
2302 0.0615234375
2303 0.1181640625
2304 0.0576171875
2305 -0.060546875
2306 -0.021484375
2307 0.03125
2308 -0.0205078125
2309 -0.1494140625
2310 -0.0673828125
2311 -0.0068359375
2312 -0.05078125
2313 -0.2314453125
2314 -0.1650390625
2315 -0.0859375
2316 -0.10546875
2317 -0.2119140625
2318 -0.1142578125
2319 -0.044921875
2320 -0.0771484375
2321 -0.24609375
2322 -0.1650390625
2323 -0.0830078125
2324 -0.1044921875
2325 -0.228515625
2326 -0.08984375
2327 -0.009765625
2328 -0.041015625
2329 -0.142578125
2330 -0.0888671875
2331 -0.0166015625
2332 -0.05859375
2333 -0.2236328125
2334 -0.1240234375
2335 -0.046875
2336 -0.080078125
2337 -0.234375
2338 -0.13671875
2339 -0.0546875
2340 -0.083984375
2341 -0.1748046875
2342 -0.0439453125
2343 0.0341796875
2344 -0.0087890625
2345 -0.060546875
2346 0.0576171875
2347 0.1240234375
2348 0.0615234375
2349 -0.0048828125
2350 0.103515625
2351 0.1640625
2352 0.0927734375
2353 0.015625
2354 0.1201171875
2355 0.1767578125
2356 0.1044921875
2357 0.0302734375
2358 0.1298828125
2359 0.1875
2360 0.111328125
2361 0.04296875
2362 0.1416015625
2363 0.197265625
2364 0.1171875
2365 0.0048828125
2366 0.1044921875
2367 0.1591796875
2368 0.0869140625
2369 -0.03125
2370 0.0732421875
2371 0.1298828125
2372 0.0625
2373 -0.01953125
2374 0.0859375
2375 0.142578125
2376 0.0712890625
2377 -0.0234375
2378 0.0234375
2379 0.0771484375
2380 0.0126953125
2381 -0.0810546875
2382 0.029296875
2383 0.095703125
2384 0.033203125
2385 -0.03515625
2386 0.072265625
2387 0.1328125
2388 0.0634765625
2389 0.001953125
2390 0.1044921875
2391 0.1630859375
2392 0.0888671875
2393 -0.0205078125
2394 0.0810546875
2395 0.138671875
2396 0.06640625
2397 -0.08984375
2398 -0.0517578125
2399 0.0068359375
2400 -0.044921875
2401 -0.203125
2402 -0.1181640625
2403 -0.04296875
2404 -0.0810546875
2405 -0.193359375
2406 -0.0634765625
2407 0.0107421875
2408 -0.03125
2409 -0.0966796875
2410 0.021484375
2411 0.0859375
2412 0.0283203125
2413 -0.0419921875
2414 0.0654296875
2415 0.1259765625
2416 0.060546875
2417 -0.064453125
2418 -0.0234375
2419 0.0341796875
2420 -0.0224609375
2421 -0.1533203125
2422 -0.0673828125
2423 -0.005859375
2424 -0.052734375
2425 -0.2353515625
2426 -0.166015625
2427 -0.0810546875
2428 -0.107421875
2429 -0.2138671875
2430 -0.11328125
2431 -0.0390625
2432 -0.0791015625
2433 -0.2451171875
2434 -0.162109375
2435 -0.0791015625
2436 -0.1044921875
2437 -0.228515625
2438 -0.087890625
2439 -0.0078125
2440 -0.041015625
2441 -0.14453125
2442 -0.0859375
2443 -0.0185546875
2444 -0.0556640625
2445 -0.181640625
2446 -0.087890625
2447 -0.01953125
2448 -0.05859375
2449 -0.181640625
2450 -0.0927734375
2451 -0.0234375
2452 -0.05859375
2453 -0.1513671875
2454 -0.02734375
2455 0.046875
2456 0.001953125
2457 -0.05078125
2458 0.0615234375
2459 0.1259765625
2460 0.0654296875
2461 0.0029296875
2462 0.107421875
2463 0.166015625
2464 0.09765625
2465 0.0234375
2466 0.125
2467 0.1806640625
2468 0.1083984375
2469 0.033203125
2470 0.1318359375
2471 0.1865234375
2472 0.111328125
2473 0.0439453125
2474 0.140625
2475 0.197265625
2476 0.1181640625
2477 0.0048828125
2478 0.1025390625
2479 0.1552734375
2480 0.083984375
2481 -0.029296875
2482 0.0712890625
2483 0.126953125
2484 0.0625
2485 -0.0185546875
2486 0.0849609375
2487 0.1357421875
2488 0.0703125
2489 -0.037109375
2490 0.00390625
2491 0.0576171875
2492 0.001953125
2493 -0.08984375
2494 0.017578125
2495 0.0810546875
2496 0.025390625
2497 -0.03125
2498 0.0703125
2499 0.12890625
2500 0.0654296875
2501 0.00390625
2502 0.103515625
2503 0.158203125
2504 0.087890625
2505 -0.021484375
2506 0.0771484375
2507 0.130859375
2508 0.064453125
2509 -0.095703125
2510 -0.0576171875
2511 -0.0009765625
2512 -0.046875
2513 -0.2109375
2514 -0.1298828125
2515 -0.056640625
2516 -0.0869140625
2517 -0.197265625
2518 -0.068359375
2519 0.00390625
2520 -0.033203125
2521 -0.0927734375
2522 0.0185546875
2523 0.0830078125
2524 0.02734375
2525 -0.037109375
2526 0.068359375
2527 0.123046875
2528 0.0615234375
2529 -0.0625
2530 -0.0224609375
2531 0.0283203125
2532 -0.021484375
2533 -0.1640625
2534 -0.0791015625
2535 -0.0185546875
2536 -0.0595703125
2537 -0.2412109375
2538 -0.1728515625
2539 -0.0888671875
2540 -0.1103515625
2541 -0.216796875
2542 -0.1220703125
2543 -0.048828125
2544 -0.083984375
2545 -0.2568359375
2546 -0.177734375
2547 -0.091796875
2548 -0.111328125
2549 -0.26171875
2550 -0.1181640625
2551 -0.033203125
2552 -0.0576171875
2553 -0.13671875
2554 -0.0146484375
2555 0.0556640625
2556 0.0126953125
2557 -0.1240234375
2558 -0.080078125
2559 -0.0146484375
2560 -0.05078125
2561 -0.171875
2562 -0.0849609375
2563 -0.017578125
2564 -0.052734375
2565 -0.158203125
2566 -0.072265625
2567 -0.00390625
2568 -0.04296875
2569 -0.162109375
2570 -0.037109375
2571 0.033203125
2572 -0.0048828125
2573 -0.0947265625
2574 0.021484375
2575 0.0849609375
2576 0.037109375
2577 -0.02734375
2578 0.078125
2579 0.1357421875
2580 0.0771484375
2581 -0.017578125
2582 0.029296875
2583 0.080078125
2584 0.0205078125
2585 -0.109375
2586 0.00390625
2587 0.06640625
2588 0.01953125
2589 -0.1171875
2590 -0.078125
2591 -0.009765625
2592 -0.0478515625
2593 -0.1630859375
2594 -0.0751953125
2595 -0.0087890625
2596 -0.04296875
2597 -0.1611328125
2598 -0.0712890625
2599 -0.005859375
2600 -0.04296875
2601 -0.1875
2602 -0.056640625
2603 0.01953125
2604 -0.015625
2605 -0.0732421875
2606 0.041015625
2607 0.1064453125
2608 0.052734375
2609 -0.04296875
2610 0.0078125
2611 0.0625
2612 0.005859375
2613 -0.125
2614 -0.005859375
2615 0.0615234375
2616 0.0166015625
2617 -0.1240234375
2618 -0.080078125
2619 -0.01171875
2620 -0.046875
2621 -0.162109375
2622 -0.0732421875
2623 -0.0048828125
2624 -0.041015625
2625 -0.15625
2626 -0.06640625
2627 -0.0009765625
2628 -0.041015625
2629 -0.181640625
2630 -0.0517578125
2631 0.0244140625
2632 -0.009765625
2633 -0.06640625
2634 0.046875
2635 0.1123046875
2636 0.056640625
2637 -0.0361328125
2638 0.0146484375
2639 0.0693359375
2640 0.0126953125
2641 -0.1162109375
2642 0.001953125
2643 0.064453125
2644 0.0224609375
2645 -0.1171875
2646 -0.0751953125
2647 -0.0078125
2648 -0.041015625
2649 -0.1552734375
2650 -0.068359375
2651 -0.0029296875
2652 -0.0361328125
2653 -0.150390625
2654 -0.064453125
2655 -0.0009765625
2656 -0.0341796875
2657 -0.1767578125
2658 -0.0498046875
2659 0.0224609375
2660 -0.005859375
2661 -0.0595703125
2662 0.0517578125
2663 0.1103515625
2664 0.0634765625
2665 -0.03125
2666 0.017578125
2667 0.068359375
2668 0.017578125
2669 -0.1142578125
2670 0.0029296875
2671 0.06640625
2672 0.025390625
2673 -0.115234375
2674 -0.0732421875
2675 -0.0087890625
2676 -0.0380859375
2677 -0.150390625
2678 -0.0673828125
2679 -0.0009765625
2680 -0.033203125
2681 -0.14453125
2682 -0.0595703125
2683 0.0029296875
2684 -0.0302734375
2685 -0.169921875
2686 -0.04296875
2687 0.0302734375
2688 -0.0009765625
2689 -0.0556640625
2690 0.0537109375
2691 0.115234375
2692 0.06640625
2693 -0.0263671875
2694 0.021484375
2695 0.072265625
2696 0.0205078125
2697 -0.1064453125
2698 0.005859375
2699 0.0703125
2700 0.029296875
2701 -0.1103515625
2702 -0.068359375
2703 -0.0009765625
2704 -0.0341796875
2705 -0.1494140625
2706 -0.0634765625
2707 0.00390625
2708 -0.03125
2709 -0.1455078125
2710 -0.0576171875
2711 0.0068359375
2712 -0.0283203125
2713 -0.1689453125
2714 -0.0400390625
2715 0.0302734375
2716 0.0
2717 -0.0546875
2718 0.0576171875
2719 0.119140625
2720 0.0673828125
2721 -0.0224609375
2722 0.0224609375
2723 0.07421875
2724 0.0234375
2725 -0.10546875
2726 0.0087890625
2727 0.0712890625
2728 0.03125
2729 -0.107421875
2730 -0.06640625
2731 -0.00390625
2732 -0.0322265625
2733 -0.1455078125
2734 -0.0595703125
2735 0.00390625
2736 -0.02734375
2737 -0.140625
2738 -0.0537109375
2739 0.0087890625
2740 -0.0244140625
2741 -0.1669921875
2742 -0.0400390625
2743 0.033203125
2744 0.00390625
2745 -0.048828125
2746 0.05859375
2747 0.1201171875
2748 0.0712890625
2749 -0.0224609375
2750 0.0263671875
2751 0.0791015625
2752 0.025390625
2753 -0.10546875
2754 0.0107421875
2755 0.07421875
2756 0.0341796875
2757 -0.10546875
2758 -0.0654296875
2759 -0.0009765625
2760 -0.0302734375
2761 -0.1435546875
2762 -0.0576171875
2763 0.0068359375
2764 -0.025390625
2765 -0.138671875
2766 -0.0537109375
2767 0.0107421875
2768 -0.0244140625
2769 -0.1650390625
2770 -0.0390625
2771 0.0341796875
2772 0.0029296875
2773 -0.048828125
2774 0.0615234375
2775 0.123046875
2776 0.072265625
2777 -0.021484375
2778 0.0283203125
2779 0.0791015625
2780 0.0283203125
2781 -0.103515625
2782 0.0126953125
2783 0.0771484375
2784 0.0361328125
2785 -0.103515625
2786 -0.0625
2787 0.00390625
2788 -0.029296875
2789 -0.142578125
2790 -0.056640625
2791 0.01171875
2792 -0.0234375
2793 -0.1376953125
2794 -0.0498046875
2795 0.0166015625
2796 -0.021484375
2797 -0.1640625
2798 -0.033203125
2799 0.0380859375
2800 0.0068359375
2801 -0.05078125
2802 0.0634765625
2803 0.1259765625
2804 0.0732421875
2805 -0.0205078125
2806 0.03125
2807 0.0830078125
2808 0.0283203125
2809 -0.1025390625
2810 0.0166015625
2811 0.08203125
2812 0.037109375
2813 -0.1005859375
2814 -0.0595703125
2815 0.0107421875
2816 -0.0263671875
2817 -0.140625
2818 -0.0537109375
2819 0.015625
2820 -0.021484375
2821 -0.1357421875
2822 -0.046875
2823 0.0185546875
2824 -0.0205078125
2825 -0.166015625
2826 -0.0341796875
2827 0.041015625
2828 0.0068359375
2829 -0.05078125
2830 0.064453125
2831 0.130859375
2832 0.076171875
2833 -0.0185546875
2834 0.029296875
2835 0.0849609375
2836 0.03125
2837 -0.099609375
2838 0.0166015625
2839 0.08203125
2840 0.0361328125
2841 -0.099609375
2842 -0.05859375
2843 0.0087890625
2844 -0.0244140625
2845 -0.140625
2846 -0.052734375
2847 0.013671875
2848 -0.0205078125
2849 -0.1376953125
2850 -0.0498046875
2851 0.0166015625
2852 -0.0205078125
2853 -0.162109375
2854 -0.0322265625
2855 0.041015625
2856 0.0078125
2857 -0.0458984375
2858 0.064453125
2859 0.1279296875
2860 0.0751953125
2861 -0.0185546875
2862 0.03125
2863 0.0849609375
2864 0.03125
2865 -0.0986328125
2866 0.0166015625
2867 0.08203125
2868 0.0380859375
2869 -0.1005859375
2870 -0.0576171875
2871 0.0078125
2872 -0.0244140625
2873 -0.138671875
2874 -0.05078125
2875 0.015625
2876 -0.01953125
2877 -0.1337890625
2878 -0.0458984375
2879 0.0185546875
2880 -0.0185546875
2881 -0.162109375
2882 -0.0322265625
2883 0.0439453125
2884 0.009765625
2885 -0.0478515625
2886 0.06640625
2887 0.1318359375
2888 0.0771484375
2889 -0.0166015625
2890 0.0341796875
2891 0.0888671875
2892 0.03125
2893 -0.103515625
2894 0.0166015625
2895 0.083984375
2896 0.0380859375
2897 -0.1015625
2898 -0.0576171875
2899 0.0107421875
2900 -0.0263671875
2901 -0.140625
2902 -0.0517578125
2903 0.017578125
2904 -0.0205078125
2905 -0.13671875
2906 -0.0458984375
2907 0.0234375
2908 -0.017578125
2909 -0.162109375
2910 -0.0302734375
2911 0.0478515625
2912 0.009765625
2913 -0.048828125
2914 0.0693359375
2915 0.134765625
2916 0.076171875
2917 -0.017578125
2918 0.0361328125
2919 0.091796875
2920 0.033203125
2921 -0.1005859375
2922 0.0205078125
2923 0.0888671875
2924 0.041015625
2925 -0.099609375
2926 -0.056640625
2927 0.0146484375
2928 -0.0244140625
2929 -0.138671875
2930 -0.05078125
2931 0.01953125
2932 -0.0185546875
2933 -0.1337890625
2934 -0.0439453125
2935 0.0205078125
2936 -0.0166015625
2937 -0.1630859375
2938 -0.0302734375
2939 0.0439453125
2940 0.01171875
2941 -0.0478515625
2942 0.068359375
2943 0.1328125
2944 0.078125
2945 -0.0166015625
2946 0.0341796875
2947 0.087890625
2948 0.0322265625
2949 -0.1015625
2950 0.0185546875
2951 0.0859375
2952 0.041015625
2953 -0.0986328125
2954 -0.0576171875
2955 0.0146484375
2956 -0.0224609375
2957 -0.1376953125
2958 -0.05078125
2959 0.01953125
2960 -0.01953125
2961 -0.1328125
2962 -0.04296875
2963 0.0224609375
2964 -0.0166015625
2965 -0.1572265625
2966 -0.0283203125
2967 0.044921875
2968 0.0126953125
2969 -0.044921875
2970 0.068359375
2971 0.134765625
2972 0.0791015625
2973 -0.015625
2974 0.0361328125
2975 0.0927734375
2976 0.03515625
2977 -0.09765625
2978 0.01953125
2979 0.0888671875
2980 0.0419921875
2981 -0.09765625
2982 -0.056640625
2983 0.013671875
2984 -0.0224609375
2985 -0.1376953125
2986 -0.048828125
2987 0.0205078125
2988 -0.017578125
2989 -0.1337890625
2990 -0.044921875
2991 0.0205078125
2992 -0.017578125
2993 -0.16015625
2994 -0.03125
2995 0.04296875
2996 0.01171875
2997 -0.044921875
2998 0.068359375
2999 0.1318359375
3000 0.080078125
3001 -0.013671875
3002 0.0361328125
3003 0.0888671875
3004 0.03515625
3005 -0.095703125
3006 0.0185546875
3007 0.083984375
3008 0.0419921875
3009 -0.0986328125
3010 -0.0546875
3011 0.01171875
3012 -0.0205078125
3013 -0.13671875
3014 -0.0478515625
3015 0.0185546875
3016 -0.0166015625
3017 -0.1298828125
3018 -0.04296875
3019 0.0224609375
3020 -0.0146484375
3021 -0.1533203125
3022 -0.0263671875
3023 0.0478515625
3024 0.0126953125
3025 -0.041015625
3026 0.0712890625
3027 0.134765625
3028 0.08203125
3029 -0.01171875
3030 0.0380859375
3031 0.091796875
3032 0.0361328125
3033 -0.0947265625
3034 0.0234375
3035 0.0888671875
3036 0.0458984375
3037 -0.09375
3038 -0.0517578125
3039 0.017578125
3040 -0.0205078125
3041 -0.134765625
3042 -0.048828125
3043 0.01953125
3044 -0.015625
3045 -0.130859375
3046 -0.0419921875
3047 0.0244140625
3048 -0.0146484375
3049 -0.15625
3050 -0.025390625
3051 0.0478515625
3052 0.0146484375
3053 -0.0458984375
3054 0.072265625
3055 0.1337890625
3056 0.0810546875
3057 -0.013671875
3058 0.0380859375
3059 0.08984375
3060 0.037109375
3061 -0.09375
3062 0.021484375
3063 0.0849609375
3064 0.0439453125
3065 -0.0927734375
3066 -0.052734375
3067 0.013671875
3068 -0.0205078125
3069 -0.1337890625
3070 -0.046875
3071 0.0205078125
3072 -0.0146484375
3073 -0.1298828125
3074 -0.0419921875
3075 0.021484375
3076 -0.013671875
3077 -0.1552734375
3078 -0.0263671875
3079 0.0458984375
3080 0.0166015625
3081 -0.0400390625
3082 0.0712890625
3083 0.1337890625
3084 0.08203125
3085 -0.0126953125
3086 0.0361328125
3087 0.087890625
3088 0.0361328125
3089 -0.0927734375
3090 0.021484375
3091 0.083984375
3092 0.0439453125
3093 -0.0927734375
3094 -0.0556640625
3095 0.0107421875
3096 -0.0185546875
3097 -0.1328125
3098 -0.0478515625
3099 0.0166015625
3100 -0.0146484375
3101 -0.130859375
3102 -0.04296875
3103 0.0205078125
3104 -0.0126953125
3105 -0.1533203125
3106 -0.0263671875
3107 0.0458984375
3108 0.0146484375
3109 -0.0390625
3110 0.0693359375
3111 0.1328125
3112 0.0810546875
3113 -0.009765625
3114 0.0361328125
3115 0.0888671875
3116 0.037109375
3117 -0.09375
3118 0.01953125
3119 0.0849609375
3120 0.04296875
3121 -0.095703125
3122 -0.0556640625
3123 0.01171875
3124 -0.0185546875
3125 -0.1337890625
3126 -0.046875
3127 0.0185546875
3128 -0.0146484375
3129 -0.1279296875
3130 -0.04296875
3131 0.021484375
3132 -0.013671875
3133 -0.15234375
3134 -0.0263671875
3135 0.0458984375
3136 0.0166015625
3137 -0.0400390625
3138 0.0703125
3139 0.1328125
3140 0.08203125
3141 -0.0126953125
3142 0.037109375
3143 0.087890625
3144 0.037109375
3145 -0.0927734375
3146 0.0224609375
3147 0.0849609375
3148 0.0458984375
3149 -0.0947265625
3150 -0.0537109375
3151 0.0126953125
3152 -0.0205078125
3153 -0.1328125
3154 -0.048828125
3155 0.0205078125
3156 -0.0166015625
3157 -0.1298828125
3158 -0.0419921875
3159 0.0224609375
3160 -0.013671875
3161 -0.154296875
3162 -0.02734375
3163 0.0478515625
3164 0.015625
3165 -0.041015625
3166 0.072265625
3167 0.1328125
3168 0.0830078125
3169 -0.01171875
3170 0.037109375
3171 0.0888671875
3172 0.037109375
3173 -0.0947265625
3174 0.0234375
3175 0.087890625
3176 0.0439453125
3177 -0.09375
3178 -0.0546875
3179 0.013671875
3180 -0.01953125
3181 -0.1337890625
3182 -0.048828125
3183 0.0205078125
3184 -0.0166015625
3185 -0.1298828125
3186 -0.04296875
3187 0.0224609375
3188 -0.0146484375
3189 -0.158203125
3190 -0.0263671875
3191 0.0478515625
3192 0.0146484375
3193 -0.0439453125
3194 0.072265625
3195 0.134765625
3196 0.08203125
3197 -0.0126953125
3198 0.0380859375
3199 0.0927734375
3200 0.037109375
3201 -0.0966796875
3202 0.0234375
3203 0.08984375
3204 0.04296875
3205 -0.095703125
3206 -0.0517578125
3207 0.0166015625
3208 -0.021484375
3209 -0.134765625
3210 -0.0458984375
3211 0.021484375
3212 -0.0146484375
3213 -0.130859375
3214 -0.041015625
3215 0.0224609375
3216 -0.0126953125
3217 -0.1552734375
3218 -0.025390625
3219 0.0458984375
3220 0.0146484375
3221 -0.041015625
3222 0.072265625
3223 0.1337890625
3224 0.0830078125
3225 -0.01171875
3226 0.0380859375
3227 0.0908203125
3228 0.0380859375
3229 -0.095703125
3230 0.0205078125
3231 0.0888671875
3232 0.0439453125
3233 -0.095703125
3234 -0.0546875
3235 0.013671875
3236 -0.0205078125
3237 -0.13671875
3238 -0.0478515625
3239 0.021484375
3240 -0.0146484375
3241 -0.1298828125
3242 -0.0400390625
3243 0.0244140625
3244 -0.0126953125
3245 -0.15625
3246 -0.0283203125
3247 0.0517578125
3248 0.015625
3249 -0.0419921875
3250 0.072265625
3251 0.1376953125
3252 0.08203125
3253 -0.0107421875
3254 0.0380859375
3255 0.091796875
3256 0.0390625
3257 -0.09375
3258 0.0234375
3259 0.087890625
3260 0.046875
3261 -0.091796875
3262 -0.0498046875
3263 0.0166015625
3264 -0.0185546875
3265 -0.1318359375
3266 -0.0439453125
3267 0.0234375
3268 -0.013671875
3269 -0.126953125
3270 -0.0400390625
3271 0.0234375
3272 -0.013671875
3273 -0.1552734375
3274 -0.025390625
3275 0.0478515625
3276 0.0166015625
3277 -0.041015625
3278 0.072265625
3279 0.1337890625
3280 0.0830078125
3281 -0.0107421875
3282 0.0361328125
3283 0.0888671875
3284 0.0390625
3285 -0.091796875
3286 0.021484375
3287 0.083984375
3288 0.0458984375
3289 -0.091796875
3290 -0.0517578125
3291 0.0126953125
3292 -0.017578125
3293 -0.130859375
3294 -0.0458984375
3295 0.0205078125
3296 -0.013671875
3297 -0.1259765625
3298 -0.0419921875
3299 0.0224609375
3300 -0.0107421875
3301 -0.1533203125
3302 -0.025390625
3303 0.0458984375
3304 0.0166015625
3305 -0.0390625
3306 0.072265625
3307 0.1328125
3308 0.0830078125
3309 -0.01171875
3310 0.0390625
3311 0.0908203125
3312 0.0380859375
3313 -0.0947265625
3314 0.0234375
3315 0.087890625
3316 0.0439453125
3317 -0.0908203125
3318 -0.05078125
3319 0.015625
3320 -0.017578125
3321 -0.1328125
3322 -0.046875
3323 0.0224609375
3324 -0.0146484375
3325 -0.126953125
3326 -0.0400390625
3327 0.0234375
3328 -0.01171875
3329 -0.1572265625
3330 -0.0263671875
3331 0.046875
3332 0.0146484375
3333 -0.041015625
3334 0.072265625
3335 0.1328125
3336 0.0830078125
3337 -0.01171875
3338 0.037109375
3339 0.091796875
3340 0.037109375
3341 -0.0966796875
3342 0.021484375
3343 0.0869140625
3344 0.0419921875
3345 -0.09375
3346 -0.0537109375
3347 0.013671875
3348 -0.01953125
3349 -0.1337890625
3350 -0.0458984375
3351 0.01953125
3352 -0.013671875
3353 -0.12890625
3354 -0.0390625
3355 0.0224609375
3356 -0.0126953125
3357 -0.1552734375
3358 -0.0244140625
3359 0.0478515625
3360 0.015625
3361 -0.041015625
3362 0.0712890625
3363 0.1357421875
3364 0.0810546875
3365 -0.0107421875
3366 0.0380859375
3367 0.09375
3368 0.0380859375
3369 -0.0927734375
3370 0.0244140625
3371 0.08984375
3372 0.044921875
3373 -0.09375
3374 -0.0517578125
3375 0.0166015625
3376 -0.017578125
3377 -0.1376953125
3378 -0.0458984375
3379 0.0234375
3380 -0.0146484375
3381 -0.1328125
3382 -0.0400390625
3383 0.0263671875
3384 -0.013671875
3385 -0.1591796875
3386 -0.02734375
3387 0.05078125
3388 0.0146484375
3389 -0.044921875
3390 0.072265625
3391 0.140625
3392 0.080078125
3393 -0.01171875
3394 0.0380859375
3395 0.0947265625
3396 0.037109375
3397 -0.09765625
3398 0.0234375
3399 0.0908203125
3400 0.044921875
3401 -0.095703125
3402 -0.0517578125
3403 0.017578125
3404 -0.0205078125
3405 -0.1357421875
3406 -0.044921875
3407 0.0234375
3408 -0.015625
3409 -0.126953125
3410 -0.0380859375
3411 0.0283203125
3412 -0.0126953125
3413 -0.1318359375
3414 -0.0068359375
3415 0.0673828125
3416 0.02734375
3417 -0.0859375
3418 -0.03515625
3419 0.029296875
3420 -0.0087890625
3421 -0.166015625
3422 -0.091796875
3423 -0.0146484375
3424 -0.0419921875
3425 -0.1923828125
3426 -0.1103515625
3427 -0.0263671875
3428 -0.05078125
3429 -0.158203125
3430 -0.0634765625
3431 0.0107421875
3432 -0.0224609375
3433 -0.1259765625
3434 -0.0341796875
3435 0.03515625
3436 -0.0029296875
3437 -0.099609375
3438 0.0224609375
3439 0.09375
3440 0.0478515625
3441 -0.0537109375
3442 -0.005859375
3443 0.0576171875
3444 0.0126953125
3445 -0.1611328125
3446 -0.087890625
3447 -0.01171875
3448 -0.03515625
3449 -0.15234375
3450 -0.0625
3451 0.009765625
3452 -0.0185546875
3453 -0.142578125
3454 -0.0498046875
3455 0.0205078125
3456 -0.013671875
3457 -0.1142578125
3458 0.0107421875
3459 0.08203125
3460 0.0439453125
3461 -0.0048828125
3462 0.10546875
3463 0.166015625
3464 0.1083984375
3465 -0.001953125
3466 0.0419921875
3467 0.0927734375
3468 0.04296875
3469 -0.1328125
3470 -0.0634765625
3471 0.0068359375
3472 -0.0224609375
3473 -0.1337890625
3474 -0.052734375
3475 0.00390625
3476 -0.0078125
3477 -0.09375
3478 -0.02734375
3479 0.0185546875
3480 0.005859375
3481 -0.0869140625
3482 0.01171875
3483 0.0625
3484 0.048828125
3485 -0.0693359375
3486 -0.0478515625
3487 0.001953125
3488 -0.0048828125
3489 -0.1328125
3490 -0.025390625
3491 0.0341796875
3492 0.02734375
3493 -0.037109375
3494 0.0546875
3495 0.1005859375
3496 0.0791015625
3497 0.015625
3498 0.0966796875
3499 0.138671875
3500 0.109375
3501 0.03515625
3502 0.1123046875
3503 0.150390625
3504 0.1181640625
3505 0.0654296875
3506 0.1396484375
3507 0.17578125
3508 0.13671875
3509 0.060546875
3510 0.0771484375
3511 0.109375
3512 0.07421875
3513 -0.021484375
3514 0.033203125
3515 0.0673828125
3516 0.0400390625
3517 -0.0615234375
3518 -0.00390625
3519 0.0361328125
3520 0.017578125
3521 -0.091796875
3522 0.0048828125
3523 0.0517578125
3524 0.03515625
3525 -0.06640625
3526 -0.041015625
3527 0.0048828125
3528 -0.0078125
3529 -0.1640625
3530 -0.0517578125
3531 0.0087890625
3532 0.00390625
3533 -0.1171875
3534 -0.0908203125
3535 -0.0322265625
3536 -0.03515625
3537 -0.1484375
3538 -0.0791015625
3539 -0.025390625
3540 -0.0283203125
3541 -0.177734375
3542 -0.1005859375
3543 -0.0439453125
3544 -0.0419921875
3545 -0.1708984375
3546 -0.09375
3547 -0.03515625
3548 -0.0380859375
3549 -0.16796875
3550 -0.0546875
3551 0.0078125
3552 0.0068359375
3553 -0.0703125
3554 0.025390625
3555 0.076171875
3556 0.0595703125
3557 -0.0185546875
3558 0.068359375
3559 0.111328125
3560 0.0869140625
3561 0.0
3562 0.08203125
3563 0.12109375
3564 0.0947265625
3565 -0.001953125
3566 0.0791015625
3567 0.119140625
3568 0.0908203125
3569 -0.013671875
3570 0.0693359375
3571 0.1123046875
3572 0.083984375
3573 0.0263671875
3574 0.10546875
3575 0.1435546875
3576 0.1083984375
3577 0.00390625
3578 0.017578125
3579 0.0556640625
3580 0.029296875
3581 -0.0830078125
3582 -0.0283203125
3583 0.017578125
3584 0.001953125
3585 -0.1416015625
3586 -0.0732421875
3587 -0.0224609375
3588 -0.029296875
3589 -0.1533203125
3590 -0.080078125
3591 -0.0263671875
3592 -0.0341796875
3593 -0.1650390625
3594 -0.056640625
3595 0.0087890625
3596 0.0029296875
3597 -0.08203125
3598 0.0126953125
3599 0.06640625
3600 0.048828125
3601 -0.0517578125
3602 0.0380859375
3603 0.083984375
3604 0.064453125
3605 -0.0458984375
3606 0.0419921875
3607 0.087890625
3608 0.0673828125
3609 0.0048828125
3610 0.087890625
3611 0.1240234375
3612 0.09375
3613 0.01171875
3614 0.08984375
3615 0.1279296875
3616 0.0966796875
3617 -0.04296875
3618 -0.0302734375
3619 0.015625
3620 0.0
3621 -0.130859375
3622 -0.0244140625
3623 0.0283203125
3624 0.0166015625
3625 -0.0888671875
3626 -0.091796875
3627 -0.03515625
3628 -0.03515625
3629 -0.1259765625
3630 -0.01953125
3631 0.03515625
3632 0.025390625
3633 -0.0625
3634 -0.0341796875
3635 0.0126953125
3636 -0.00390625
3637 -0.0947265625
3638 -0.033203125
3639 0.0146484375
3640 -0.0009765625
3641 -0.140625
3642 -0.0732421875
3643 -0.0205078125
3644 -0.0263671875
3645 -0.158203125
3646 -0.046875
3647 0.009765625
3648 0.0078125
3649 -0.1328125
3650 -0.10546875
3651 -0.04296875
3652 -0.0419921875
3653 -0.1904296875
3654 -0.0703125
3655 -0.0048828125
3656 -0.0029296875
3657 -0.091796875
3658 0.0078125
3659 0.0595703125
3660 0.044921875
3661 -0.0390625
3662 0.0478515625
3663 0.0966796875
3664 0.0732421875
3665 -0.0087890625
3666 0.07421875
3667 0.1181640625
3668 0.08984375
3669 0.0
3670 0.0810546875
3671 0.1220703125
3672 0.09375
3673 -0.0068359375
3674 0.07421875
3675 0.1142578125
3676 0.0869140625
3677 -0.0224609375
3678 0.060546875
3679 0.1025390625
3680 0.0771484375
3681 0.001953125
3682 0.08203125
3683 0.1201171875
3684 0.08984375
3685 0.0048828125
3686 0.08203125
3687 0.1220703125
3688 0.0908203125
3689 0.037109375
3690 0.11328125
3691 0.1494140625
3692 0.1123046875
3693 0.0546875
3694 0.12890625
3695 0.162109375
3696 0.123046875
3697 0.037109375
3698 0.0556640625
3699 0.083984375
3700 0.052734375
3701 -0.052734375
3702 0.033203125
3703 0.0751953125
3704 0.05078125
3705 -0.0517578125
3706 -0.0302734375
3707 0.01171875
3708 -0.0087890625
3709 -0.1181640625
3710 -0.060546875
3711 -0.01171875
3712 -0.0234375
3713 -0.140625
3714 -0.0751953125
3715 -0.025390625
3716 -0.033203125
3717 -0.13671875
3718 -0.0732421875
3719 -0.0234375
3720 -0.029296875
3721 -0.13671875
3722 -0.0712890625
3723 -0.021484375
3724 -0.029296875
3725 -0.1396484375
3726 -0.078125
3727 -0.029296875
3728 -0.0322265625
3729 -0.173828125
3730 -0.109375
3731 -0.048828125
3732 -0.048828125
3733 -0.15234375
3734 -0.0810546875
3735 -0.0302734375
3736 -0.0341796875
3737 -0.17578125
3738 -0.1015625
3739 -0.0458984375
3740 -0.0439453125
3741 -0.1318359375
3742 -0.064453125
3743 -0.0146484375
3744 -0.01953125
3745 -0.1220703125
3746 -0.0556640625
3747 -0.0107421875
3748 -0.01953125
3749 -0.130859375
3750 -0.0654296875
3751 -0.015625
3752 -0.0205078125
3753 -0.171875
3754 -0.0615234375
3755 -0.0029296875
3756 -0.0009765625
3757 -0.064453125
3758 0.02734375
3759 0.07421875
3760 0.060546875
3761 -0.0693359375
3762 0.0224609375
3763 0.0654296875
3764 0.052734375
3765 -0.0908203125
3766 -0.0712890625
3767 -0.0205078125
3768 -0.021484375
3769 -0.1923828125
3770 -0.119140625
3771 -0.056640625
3772 -0.05078125
3773 -0.15625
3774 -0.0849609375
3775 -0.0283203125
3776 -0.03125
3777 -0.1162109375
3778 -0.0146484375
3779 0.041015625
3780 0.033203125
3781 -0.0576171875
3782 -0.0576171875
3783 -0.001953125
3784 -0.0048828125
3785 -0.1083984375
3786 -0.0068359375
3787 0.046875
3788 0.0390625
3789 -0.0986328125
3790 -0.07421875
3791 -0.017578125
3792 -0.0185546875
3793 -0.130859375
3794 -0.0234375
3795 0.033203125
3796 0.029296875
3797 -0.0380859375
3798 0.0517578125
3799 0.0966796875
3800 0.076171875
3801 -0.0615234375
3802 -0.0439453125
3803 0.00390625
3804 -0.001953125
3805 -0.1953125
3806 -0.1162109375
3807 -0.0517578125
3808 -0.0439453125
3809 -0.14453125
3810 -0.0703125
3811 -0.01953125
3812 -0.01953125
3813 -0.16015625
3814 -0.0458984375
3815 0.013671875
3816 0.01171875
3817 -0.140625
3818 -0.103515625
3819 -0.0439453125
3820 -0.0390625
3821 -0.146484375
3822 -0.0341796875
3823 0.0244140625
3824 0.021484375
3825 -0.05078125
3826 0.0419921875
3827 0.0927734375
3828 0.0751953125
3829 -0.0654296875
3830 -0.0419921875
3831 0.0087890625
3832 0.001953125
3833 -0.109375
3834 -0.0009765625
3835 0.0517578125
3836 0.04296875
3837 -0.0439453125
3838 -0.0234375
3839 0.025390625
3840 0.013671875
3841 -0.087890625
3842 -0.029296875
3843 0.0224609375
3844 0.01171875
3845 -0.0986328125
3846 -0.037109375
3847 0.01171875
3848 0.0048828125
3849 -0.1591796875
3850 -0.0810546875
3851 -0.029296875
3852 -0.029296875
3853 -0.1806640625
3854 -0.0615234375
3855 0.0029296875
3856 0.0068359375
3857 -0.1025390625
3858 0.0029296875
3859 0.0576171875
3860 0.048828125
3861 -0.048828125
3862 -0.0244140625
3863 0.0205078125
3864 0.01171875
3865 -0.1259765625
3866 -0.0166015625
3867 0.041015625
3868 0.0361328125
3869 -0.052734375
3870 0.0419921875
3871 0.09375
3872 0.0732421875
3873 -0.005859375
3874 0.017578125
3875 0.05859375
3876 0.0390625
3877 -0.0849609375
3878 0.015625
3879 0.0673828125
3880 0.0556640625
3881 -0.060546875
3882 -0.03515625
3883 0.013671875
3884 0.005859375
3885 -0.095703125
3886 -0.029296875
3887 0.0205078125
3888 0.0078125
3889 -0.130859375
3890 -0.0625
3891 -0.0068359375
3892 -0.01171875
3893 -0.1591796875
3894 -0.044921875
3895 0.0185546875
3896 0.017578125
3897 -0.068359375
3898 0.0283203125
3899 0.0810546875
3900 0.06640625
3901 -0.02734375
3902 0.064453125
3903 0.109375
3904 0.087890625
3905 -0.001953125
3906 0.0830078125
3907 0.1259765625
3908 0.1005859375
3909 0.0087890625
3910 0.08984375
3911 0.1328125
3912 0.103515625
3913 0.0078125
3914 0.0869140625
3915 0.12890625
3916 0.1025390625
3917 -0.0166015625
3918 0.0654296875
3919 0.1083984375
3920 0.0849609375
3921 -0.005859375
3922 0.0771484375
3923 0.12109375
3924 0.095703125
3925 0.0048828125
3926 0.0244140625
3927 0.0625
3928 0.0400390625
3929 -0.0478515625
3930 0.0439453125
3931 0.08984375
3932 0.068359375
3933 0.017578125
3934 0.1005859375
3935 0.1396484375
3936 0.107421875
3937 0.0341796875
3938 0.1103515625
3939 0.146484375
3940 0.11328125
3941 0.0234375
3942 0.099609375
3943 0.138671875
3944 0.1044921875
3945 0.037109375
3946 0.115234375
3947 0.1484375
3948 0.11328125
3949 0.0615234375
3950 0.134765625
3951 0.1689453125
3952 0.1298828125
3953 0.0908203125
3954 0.16015625
3955 0.193359375
3956 0.1494140625
3957 0.1044921875
3958 0.1708984375
3959 0.2021484375
3960 0.15625
3961 0.09765625
3962 0.162109375
3963 0.19140625
3964 0.1455078125
3965 0.0966796875
3966 0.1630859375
3967 0.1923828125
3968 0.14453125
3969 0.0947265625
3970 0.1611328125
3971 0.189453125
3972 0.1435546875
3973 0.0556640625
3974 0.076171875
3975 0.099609375
3976 0.0595703125
3977 -0.041015625
3978 0.0068359375
3979 0.0400390625
3980 0.0107421875
3981 -0.0888671875
3982 0.0
3983 0.044921875
3984 0.025390625
3985 -0.0224609375
3986 0.05859375
3987 0.0986328125
3988 0.0673828125
3989 -0.03125
3990 -0.0087890625
3991 0.0244140625
3992 -0.0029296875
3993 -0.1083984375
3994 -0.048828125
3995 -0.0078125
3996 -0.0263671875
3997 -0.162109375
3998 -0.0966796875
3999 -0.0478515625
4000 -0.0546875
4001 -0.197265625
4002 -0.087890625
4003 -0.0263671875
4004 -0.0283203125
4005 -0.099609375
4006 -0.0078125
4007 0.04296875
4008 0.0263671875
4009 -0.0400390625
4010 0.0419921875
4011 0.0849609375
4012 0.0576171875
4013 -0.013671875
4014 0.0634765625
4015 0.103515625
4016 0.0732421875
4017 0.00390625
4018 0.0791015625
4019 0.1142578125
4020 0.08203125
4021 0.0048828125
4022 0.0791015625
4023 0.1162109375
4024 0.0810546875
4025 0.0234375
4026 0.0966796875
4027 0.1318359375
4028 0.0927734375
4029 0.015625
4030 0.0341796875
4031 0.06640625
4032 0.0283203125
4033 -0.0634765625
4034 -0.0146484375
4035 0.021484375
4036 -0.0029296875
4037 -0.109375
4038 -0.05078125
4039 -0.0107421875
4040 -0.0283203125
4041 -0.1142578125
4042 -0.0185546875
4043 0.03125
4044 0.01171875
4045 -0.064453125
4046 -0.0390625
4047 0.001953125
4048 -0.0185546875
4049 -0.130859375
4050 -0.03515625
4051 0.0146484375
4052 0.0
4053 -0.140625
4054 -0.1142578125
4055 -0.0615234375
4056 -0.06640625
4057 -0.2109375
4058 -0.0947265625
4059 -0.03125
4060 -0.033203125
4061 -0.0859375
4062 0.009765625
4063 0.056640625
4064 0.0361328125
4065 -0.0810546875
4066 -0.05859375
4067 -0.013671875
4068 -0.0283203125
4069 -0.1298828125
4070 -0.0634765625
4071 -0.0166015625
4072 -0.0322265625
4073 -0.166015625
4074 -0.0966796875
4075 -0.044921875
4076 -0.0537109375
4077 -0.2138671875
4078 -0.140625
4079 -0.076171875
4080 -0.0771484375
4081 -0.2021484375
4082 -0.1259765625
4083 -0.0673828125
4084 -0.06640625
4085 -0.162109375
4086 -0.087890625
4087 -0.03515625
4088 -0.041015625
4089 -0.1611328125
4090 -0.0498046875
4091 0.00390625
4092 -0.0029296875
4093 -0.16015625
4094 -0.1337890625
4095 -0.0693359375
4096 -0.0673828125
4097 -0.1806640625
4098 -0.107421875
4099 -0.046875
4100 -0.0498046875
4101 -0.1259765625
4102 -0.0546875
4103 -0.0048828125
4104 -0.0185546875
4105 -0.1455078125
4106 -0.0361328125
4107 0.0185546875
4108 0.009765625
4109 -0.126953125
4110 -0.099609375
4111 -0.0400390625
4112 -0.041015625
4113 -0.134765625
4114 -0.0263671875
4115 0.029296875
4116 0.01953125
4117 -0.02734375
4118 0.0615234375
4119 0.103515625
4120 0.0771484375
4121 0.01171875
4122 0.0927734375
4123 0.1279296875
4124 0.0966796875
4125 0.0361328125
4126 0.0712890625
4127 0.0693359375
4128 0.09765625
4129 -0.0009765625
4130 -0.044921875
4131 -0.0380859375
4132 0.001953125
4133 -0.0869140625
4134 -0.037109375
4135 -0.0234375
4136 0.0234375
4137 -0.0517578125
4138 -0.083984375
4139 -0.0703125
4140 -0.0224609375
4141 -0.0830078125
4142 -0.072265625
4143 -0.0595703125
4144 -0.015625
4145 -0.115234375
4146 -0.1015625
4147 -0.0849609375
4148 -0.0341796875
4149 -0.1328125
4150 -0.076171875
4151 -0.0537109375
4152 0.0009765625
4153 -0.046875
4154 -0.005859375
4155 0.0048828125
4156 0.048828125
4157 -0.00390625
4158 0.029296875
4159 0.033203125
4160 0.0712890625
4161 0.0244140625
4162 0.048828125
4163 0.052734375
4164 0.083984375
4165 0.037109375
4166 0.0576171875
4167 0.060546875
4168 0.0908203125
4169 0.0341796875
4170 0.0537109375
4171 0.0556640625
4172 0.0859375
4173 0.005859375
4174 0.0322265625
4175 0.03515625
4176 0.0693359375
4177 0.015625
4178 0.041015625
4179 0.0439453125
4180 0.0771484375
4181 0.0302734375
4182 -0.009765625
4183 -0.01171875
4184 0.0244140625
4185 -0.0205078125
4186 0.0107421875
4187 0.0166015625
4188 0.0537109375
4189 0.044921875
4190 0.0673828125
4191 0.064453125
4192 0.0927734375
4193 0.0615234375
4194 0.0771484375
4195 0.07421875
4196 0.099609375
4197 0.0517578125
4198 0.068359375
4199 0.0654296875
4200 0.0927734375
4201 0.0654296875
4202 0.0830078125
4203 0.078125
4204 0.1005859375
4205 0.0927734375
4206 0.10546875
4207 0.0986328125
4208 0.1181640625
4209 0.123046875
4210 0.130859375
4211 0.123046875
4212 0.138671875
4213 0.13671875
4214 0.142578125
4215 0.1318359375
4216 0.1455078125
4217 0.130859375
4218 0.134765625
4219 0.1220703125
4220 0.1376953125
4221 0.12890625
4222 0.1328125
4223 0.1220703125
4224 0.13671875
4225 0.126953125
4226 0.1318359375
4227 0.12109375
4228 0.1328125
4229 0.091796875
4230 0.05078125
4231 0.0341796875
4232 0.0517578125
4233 -0.0087890625
4234 -0.01953125
4235 -0.025390625
4236 0.00390625
4237 -0.060546875
4238 -0.0302734375
4239 -0.021484375
4240 0.0146484375
4241 0.009765625
4242 0.033203125
4243 0.0322265625
4244 0.0595703125
4245 0.0
4246 -0.037109375
4247 -0.041015625
4248 -0.005859375
4249 -0.1064453125
4250 -0.1005859375
4251 -0.0927734375
4252 -0.048828125
4253 -0.111328125
4254 -0.103515625
4255 -0.0947265625
4256 -0.0517578125
4257 -0.1005859375
4258 -0.08984375
4259 -0.0830078125
4260 -0.041015625
4261 -0.1044921875
4262 -0.0966796875
4263 -0.0859375
4264 -0.04296875
4265 -0.15234375
4266 -0.16015625
4267 -0.138671875
4268 -0.0791015625
4269 -0.146484375
4270 -0.1328125
4271 -0.11328125
4272 -0.0615234375
4273 -0.1318359375
4274 -0.1162109375
4275 -0.1025390625
4276 -0.0546875
4277 -0.1015625
4278 -0.056640625
4279 -0.0390625
4280 0.005859375
4281 -0.0458984375
4282 -0.1005859375
4283 -0.0830078125
4284 -0.0341796875
4285 -0.1015625
4286 -0.0537109375
4287 -0.0400390625
4288 0.0068359375
4289 -0.1044921875
4290 -0.1298828125
4291 -0.1083984375
4292 -0.0537109375
4293 -0.12890625
4294 -0.072265625
4295 -0.052734375
4296 -0.0009765625
4297 -0.0263671875
4298 0.0068359375
4299 0.01171875
4300 0.0498046875
4301 -0.0556640625
4302 -0.08984375
4303 -0.078125
4304 -0.03125
4305 -0.1708984375
4306 -0.1474609375
4307 -0.1201171875
4308 -0.0615234375
4309 -0.1455078125
4310 -0.1181640625
4311 -0.1025390625
4312 -0.048828125
4313 -0.1181640625
4314 -0.0625
4315 -0.046875
4316 0.0078125
4317 -0.087890625
4318 -0.1123046875
4319 -0.0947265625
4320 -0.041015625
4321 -0.1123046875
4322 -0.0986328125
4323 -0.0791015625
4324 -0.029296875
4325 -0.099609375
4326 -0.08984375
4327 -0.0751953125
4328 -0.0244140625
4329 -0.1376953125
4330 -0.0810546875
4331 -0.0556640625
4332 0.0
4333 -0.021484375
4334 0.0146484375
4335 0.0205078125
4336 0.0634765625
4337 0.0625
4338 0.083984375
4339 0.0830078125
4340 0.1123046875
4341 0.119140625
4342 0.1318359375
4343 0.1240234375
4344 0.14453125
4345 0.14453125
4346 0.15234375
4347 0.1435546875
4348 0.158203125
4349 0.14453125
4350 0.1494140625
4351 0.138671875
4352 0.15234375
4353 0.146484375
4354 0.150390625
4355 0.1376953125
4356 0.15625
4357 0.1474609375
4358 0.1494140625
4359 0.1376953125
4360 0.154296875
4361 0.109375
4362 0.0693359375
4363 0.0517578125
4364 0.0712890625
4365 0.009765625
4366 -0.0009765625
4367 -0.0078125
4368 0.021484375
4369 -0.0419921875
4370 -0.009765625
4371 -0.00390625
4372 0.03515625
4373 0.0302734375
4374 0.05078125
4375 0.05078125
4376 0.0791015625
4377 0.01953125
4378 -0.0205078125
4379 -0.0234375
4380 0.0107421875
4381 -0.0888671875
4382 -0.0849609375
4383 -0.0771484375
4384 -0.03125
4385 -0.0947265625
4386 -0.0888671875
4387 -0.080078125
4388 -0.0341796875
4389 -0.0849609375
4390 -0.0771484375
4391 -0.0673828125
4392 -0.0263671875
4393 -0.087890625
4394 -0.0810546875
4395 -0.0693359375
4396 -0.029296875
4397 -0.1357421875
4398 -0.1474609375
4399 -0.119140625
4400 -0.0654296875
4401 -0.130859375
4402 -0.1171875
4403 -0.0986328125
4404 -0.0458984375
4405 -0.1162109375
4406 -0.1025390625
4407 -0.0908203125
4408 -0.0380859375
4409 -0.08984375
4410 -0.0419921875
4411 -0.0263671875
4412 0.0185546875
4413 -0.033203125
4414 -0.0888671875
4415 -0.0693359375
4416 -0.0234375
4417 -0.083984375
4418 -0.037109375
4419 -0.021484375
4420 0.0244140625
4421 -0.0693359375
4422 -0.1025390625
4423 -0.0830078125
4424 -0.0341796875
4425 -0.107421875
4426 -0.0537109375
4427 -0.0361328125
4428 0.013671875
4429 -0.013671875
4430 0.021484375
4431 0.025390625
4432 0.0615234375
4433 -0.0322265625
4434 -0.068359375
4435 -0.0595703125
4436 -0.015625
4437 -0.1533203125
4438 -0.1328125
4439 -0.107421875
4440 -0.0498046875
4441 -0.1318359375
4442 -0.10546875
4443 -0.0888671875
4444 -0.0380859375
4445 -0.107421875
4446 -0.052734375
4447 -0.0341796875
4448 0.015625
4449 -0.078125
4450 -0.1044921875
4451 -0.0849609375
4452 -0.033203125
4453 -0.1064453125
4454 -0.0908203125
4455 -0.072265625
4456 -0.0205078125
4457 -0.0947265625
4458 -0.0830078125
4459 -0.0673828125
4460 -0.01953125
4461 -0.1376953125
4462 -0.0791015625
4463 -0.0498046875
4464 0.0048828125
4465 -0.015625
4466 0.021484375
4467 0.0302734375
4468 0.0673828125
4469 0.0673828125
4470 0.0908203125
4471 0.0888671875
4472 0.1171875
4473 0.1240234375
4474 0.138671875
4475 0.1337890625
4476 0.1533203125
4477 0.150390625
4478 0.1591796875
4479 0.1494140625
4480 0.1650390625
4481 0.1494140625
4482 0.154296875
4483 0.1435546875
4484 0.1591796875
4485 0.1513671875
4486 0.1552734375
4487 0.1455078125
4488 0.16015625
4489 0.1513671875
4490 0.15625
4491 0.14453125
4492 0.1591796875
4493 0.1162109375
4494 0.0751953125
4495 0.05859375
4496 0.076171875
4497 0.0146484375
4498 0.0048828125
4499 -0.0029296875
4500 0.02734375
4501 -0.0380859375
4502 -0.00390625
4503 0.0009765625
4504 0.0380859375
4505 0.033203125
4506 0.056640625
4507 0.0576171875
4508 0.083984375
4509 0.025390625
4510 -0.0146484375
4511 -0.0185546875
4512 0.013671875
4513 -0.0830078125
4514 -0.0791015625
4515 -0.0712890625
4516 -0.0283203125
4517 -0.08984375
4518 -0.0830078125
4519 -0.0732421875
4520 -0.0283203125
4521 -0.080078125
4522 -0.0693359375
4523 -0.0625
4524 -0.0205078125
4525 -0.0849609375
4526 -0.0771484375
4527 -0.06640625
4528 -0.0224609375
4529 -0.134765625
4530 -0.142578125
4531 -0.119140625
4532 -0.060546875
4533 -0.125
4534 -0.1123046875
4535 -0.0947265625
4536 -0.0439453125
4537 -0.111328125
4538 -0.0986328125
4539 -0.0849609375
4540 -0.0341796875
4541 -0.083984375
4542 -0.0380859375
4543 -0.0224609375
4544 0.0234375
4545 -0.0302734375
4546 -0.083984375
4547 -0.0673828125
4548 -0.01953125
4549 -0.0791015625
4550 -0.0322265625
4551 -0.01953125
4552 0.0263671875
4553 -0.0693359375
4554 -0.1005859375
4555 -0.0810546875
4556 -0.0302734375
4557 -0.1064453125
4558 -0.052734375
4559 -0.0341796875
4560 0.0166015625
4561 -0.0087890625
4562 0.0234375
4563 0.0283203125
4564 0.0654296875
4565 -0.03125
4566 -0.064453125
4567 -0.056640625
4568 -0.0107421875
4569 -0.1513671875
4570 -0.12890625
4571 -0.1044921875
4572 -0.0458984375
4573 -0.1298828125
4574 -0.1044921875
4575 -0.0869140625
4576 -0.0361328125
4577 -0.10546875
4578 -0.0517578125
4579 -0.0341796875
4580 0.017578125
4581 -0.076171875
4582 -0.1044921875
4583 -0.083984375
4584 -0.03125
4585 -0.103515625
4586 -0.087890625
4587 -0.0703125
4588 -0.017578125
4589 -0.0927734375
4590 -0.080078125
4591 -0.0654296875
4592 -0.0146484375
4593 -0.1328125
4594 -0.072265625
4595 -0.0478515625
4596 0.0078125
4597 -0.01171875
4598 0.0234375
4599 0.03125
4600 0.0712890625
4601 0.0712890625
4602 0.091796875
4603 0.091796875
4604 0.119140625
4605 0.1298828125
4606 0.140625
4607 0.134765625
4608 0.154296875
4609 0.154296875
4610 0.162109375
4611 0.150390625
4612 0.1689453125
4613 0.154296875
4614 0.1572265625
4615 0.1455078125
4616 0.1630859375
4617 0.1552734375
4618 0.158203125
4619 0.146484375
4620 0.1640625
4621 0.1552734375
4622 0.158203125
4623 0.146484375
4624 0.1611328125
4625 0.1162109375
4626 0.076171875
4627 0.0625
4628 0.078125
4629 0.015625
4630 0.0068359375
4631 -0.0009765625
4632 0.0283203125
4633 -0.03515625
4634 -0.001953125
4635 0.0029296875
4636 0.04296875
4637 0.0361328125
4638 0.0595703125
4639 0.0595703125
4640 0.0869140625
4641 0.025390625
4642 -0.0126953125
4643 -0.015625
4644 0.0146484375
4645 -0.08203125
4646 -0.0791015625
4647 -0.0693359375
4648 -0.025390625
4649 -0.087890625
4650 -0.08203125
4651 -0.072265625
4652 -0.0283203125
4653 -0.0791015625
4654 -0.0673828125
4655 -0.0625
4656 -0.01953125
4657 -0.0810546875
4658 -0.0732421875
4659 -0.0654296875
4660 -0.0205078125
4661 -0.1328125
4662 -0.1396484375
4663 -0.1162109375
4664 -0.0576171875
4665 -0.123046875
4666 -0.111328125
4667 -0.091796875
4668 -0.041015625
4669 -0.111328125
4670 -0.0966796875
4671 -0.083984375
4672 -0.0322265625
4673 -0.08203125
4674 -0.0380859375
4675 -0.021484375
4676 0.0244140625
4677 -0.0302734375
4678 -0.0830078125
4679 -0.06640625
4680 -0.0166015625
4681 -0.0771484375
4682 -0.03125
4683 -0.0185546875
4684 0.029296875
4685 -0.068359375
4686 -0.09765625
4687 -0.0791015625
4688 -0.029296875
4689 -0.1044921875
4690 -0.0498046875
4691 -0.03125
4692 0.017578125
4693 -0.009765625
4694 0.0244140625
4695 0.0283203125
4696 0.0654296875
4697 -0.0302734375
4698 -0.064453125
4699 -0.05859375
4700 -0.01171875
4701 -0.150390625
4702 -0.1298828125
4703 -0.1044921875
4704 -0.044921875
4705 -0.1279296875
4706 -0.1015625
4707 -0.0849609375
4708 -0.033203125
4709 -0.1015625
4710 -0.048828125
4711 -0.0302734375
4712 0.0185546875
4713 -0.07421875
4714 -0.1015625
4715 -0.08203125
4716 -0.0283203125
4717 -0.1025390625
4718 -0.0869140625
4719 -0.06640625
4720 -0.0166015625
4721 -0.0908203125
4722 -0.0791015625
4723 -0.064453125
4724 -0.013671875
4725 -0.134765625
4726 -0.0732421875
4727 -0.0478515625
4728 0.0078125
4729 -0.0126953125
4730 0.0263671875
4731 0.033203125
4732 0.0712890625
4733 0.0732421875
4734 0.0947265625
4735 0.09375
4736 0.1201171875
4737 0.130859375
4738 0.1416015625
4739 0.13671875
4740 0.1552734375
4741 0.1552734375
4742 0.1611328125
4743 0.15234375
4744 0.1689453125
4745 0.154296875
4746 0.1591796875
4747 0.146484375
4748 0.1630859375
4749 0.1552734375
4750 0.16015625
4751 0.146484375
4752 0.1640625
4753 0.1552734375
4754 0.1591796875
4755 0.146484375
4756 0.1630859375
4757 0.119140625
4758 0.0791015625
4759 0.060546875
4760 0.0791015625
4761 0.01953125
4762 0.0078125
4763 0.001953125
4764 0.0302734375
4765 -0.0341796875
4766 -0.0009765625
4767 0.0048828125
4768 0.0439453125
4769 0.0361328125
4770 0.05859375
4771 0.0576171875
4772 0.087890625
4773 0.0263671875
4774 -0.0126953125
4775 -0.0166015625
4776 0.017578125
4777 -0.08203125
4778 -0.0771484375
4779 -0.068359375
4780 -0.025390625
4781 -0.0869140625
4782 -0.0810546875
4783 -0.0703125
4784 -0.0283203125
4785 -0.076171875
4786 -0.068359375
4787 -0.0595703125
4788 -0.0185546875
4789 -0.0810546875
4790 -0.07421875
4791 -0.0654296875
4792 -0.0205078125
4793 -0.130859375
4794 -0.1396484375
4795 -0.1162109375
4796 -0.0556640625
4797 -0.123046875
4798 -0.1103515625
4799 -0.091796875
4800 -0.041015625
4801 -0.109375
4802 -0.0966796875
4803 -0.0830078125
4804 -0.0322265625
4805 -0.080078125
4806 -0.0341796875
4807 -0.0205078125
4808 0.0263671875
4809 -0.0283203125
4810 -0.08203125
4811 -0.0634765625
4812 -0.0166015625
4813 -0.0771484375
4814 -0.029296875
4815 -0.017578125
4816 0.0302734375
4817 -0.072265625
4818 -0.0986328125
4819 -0.0830078125
4820 -0.0283203125
4821 -0.1044921875
4822 -0.0478515625
4823 -0.033203125
4824 0.0185546875
4825 0.0
4826 0.0322265625
4827 0.0341796875
4828 0.072265625
4829 -0.017578125
4830 -0.0517578125
4831 -0.0458984375
4832 -0.00390625
4833 -0.138671875
4834 -0.1201171875
4835 -0.09765625
4836 -0.0400390625
4837 -0.1259765625
4838 -0.099609375
4839 -0.0849609375
4840 -0.03125
4841 -0.1015625
4842 -0.0478515625
4843 -0.03125
4844 0.021484375
4845 -0.0771484375
4846 -0.1025390625
4847 -0.0830078125
4848 -0.029296875
4849 -0.099609375
4850 -0.0859375
4851 -0.0673828125
4852 -0.0166015625
4853 -0.0869140625
4854 -0.0771484375
4855 -0.0615234375
4856 -0.0126953125
4857 -0.1064453125
4858 -0.0537109375
4859 -0.03125
4860 0.021484375
4861 -0.0009765625
4862 0.0341796875
4863 0.0400390625
4864 0.078125
4865 0.0771484375
4866 0.0966796875
4867 0.0947265625
4868 0.123046875
4869 0.1318359375
4870 0.142578125
4871 0.1357421875
4872 0.1552734375
4873 0.154296875
4874 0.1611328125
4875 0.15234375
4876 0.1689453125
4877 0.154296875
4878 0.158203125
4879 0.1474609375
4880 0.1611328125
4881 0.15625
4882 0.1591796875
4883 0.1455078125
4884 0.1630859375
4885 0.154296875
4886 0.158203125
4887 0.146484375
4888 0.1611328125
4889 0.1162109375
4890 0.0771484375
4891 0.060546875
4892 0.078125
4893 0.0166015625
4894 0.0068359375
4895 0.0
4896 0.029296875
4897 -0.0341796875
4898 -0.001953125
4899 0.0048828125
4900 0.04296875
4901 0.0390625
4902 0.05859375
4903 0.056640625
4904 0.0859375
4905 0.025390625
4906 -0.0126953125
4907 -0.0166015625
4908 0.017578125
4909 -0.083984375
4910 -0.078125
4911 -0.0703125
4912 -0.025390625
4913 -0.08984375
4914 -0.0810546875
4915 -0.072265625
4916 -0.02734375
4917 -0.078125
4918 -0.0693359375
4919 -0.0595703125
4920 -0.0205078125
4921 -0.0810546875
4922 -0.0751953125
4923 -0.064453125
4924 -0.01953125
4925 -0.1298828125
4926 -0.1396484375
4927 -0.1162109375
4928 -0.0576171875
4929 -0.125
4930 -0.109375
4931 -0.0927734375
4932 -0.041015625
4933 -0.111328125
4934 -0.095703125
4935 -0.0849609375
4936 -0.03125
4937 -0.0830078125
4938 -0.0361328125
4939 -0.021484375
4940 0.0244140625
4941 -0.0283203125
4942 -0.083984375
4943 -0.064453125
4944 -0.017578125
4945 -0.0771484375
4946 -0.0322265625
4947 -0.015625
4948 0.0283203125
4949 -0.0556640625
4950 -0.0849609375
4951 -0.0693359375
4952 -0.0205078125
4953 -0.078125
4954 -0.029296875
4955 -0.015625
4956 0.03125
4957 0.009765625
4958 0.041015625
4959 0.041015625
4960 0.0751953125
4961 -0.00390625
4962 -0.0419921875
4963 -0.037109375
4964 0.0029296875
4965 -0.1259765625
4966 -0.1103515625
4967 -0.0888671875
4968 -0.0361328125
4969 -0.1123046875
4970 -0.08984375
4971 -0.0771484375
4972 -0.02734375
4973 -0.095703125
4974 -0.04296875
4975 -0.0283203125
4976 0.0224609375
4977 -0.072265625
4978 -0.099609375
4979 -0.0810546875
4980 -0.029296875
4981 -0.1005859375
4982 -0.0859375
4983 -0.0693359375
4984 -0.0185546875
4985 -0.08984375
4986 -0.0810546875
4987 -0.0634765625
4988 -0.015625
4989 -0.1123046875
4990 -0.05859375
4991 -0.03515625
4992 0.0166015625
4993 -0.0048828125
4994 0.03125
4995 0.0361328125
4996 0.0751953125
4997 0.0732421875
4998 0.09375
4999 0.0947265625
