x y
0 -0.0234375
1 -0.1953125
2 -0.1416015625
3 -0.078125
4 -0.0703125
5 -0.44140625
6 -0.11328125
7 -0.037109375
8 -0.0595703125
9 -0.1767578125
10 -0.083984375
11 -0.0107421875
12 -0.041015625
13 -0.146484375
14 -0.0224609375
15 0.0517578125
16 0.0185546875
17 -0.087890625
18 -0.06640625
19 0.0048828125
20 -0.0224609375
21 -0.1484375
22 -0.021484375
23 0.05078125
24 0.0205078125
25 -0.111328125
26 -0.0673828125
27 0.0
28 -0.025390625
29 -0.1416015625
30 -0.0537109375
31 0.0126953125
32 -0.017578125
33 -0.119140625
34 -0.0341796875
35 0.029296875
36 -0.0068359375
37 -0.119140625
38 -0.0029296875
39 0.064453125
40 0.0341796875
41 -0.0517578125
42 0.0556640625
43 0.115234375
44 0.0732421875
45 0.0126953125
46 0.11328125
47 0.1650390625
48 0.1123046875
49 0.017578125
50 0.0625
51 0.1083984375
52 0.056640625
53 -0.0703125
54 0.037109375
55 0.0947265625
56 0.0546875
57 -0.0830078125
58 -0.046875
59 0.0166015625
60 -0.015625
61 -0.125
62 -0.044921875
63 0.0205078125
64 -0.0126953125
65 -0.126953125
66 -0.041015625
67 0.01953125
68 -0.0126953125
69 -0.15234375
70 -0.0263671875
71 0.0419921875
72 0.015625
73 -0.0400390625
74 0.068359375
75 0.12890625
76 0.080078125
77 -0.0126953125
78 0.03515625
79 0.0849609375
80 0.0341796875
81 -0.091796875
82 0.01953125
83 0.08203125
84 0.044921875
85 -0.0927734375
86 -0.0556640625
87 0.0087890625
88 -0.0185546875
89 -0.1318359375
90 -0.0478515625
91 0.015625
92 -0.015625
93 -0.1279296875
94 -0.04296875
95 0.0185546875
96 -0.013671875
97 -0.1533203125
98 -0.029296875
99 0.0439453125
100 0.013671875
101 -0.0400390625
102 0.0693359375
103 0.12890625
104 0.0810546875
105 -0.0107421875
106 0.0341796875
107 0.087890625
108 0.03515625
109 -0.0908203125
110 0.021484375
111 0.0830078125
112 0.0439453125
113 -0.0947265625
114 -0.052734375
115 0.009765625
116 -0.0205078125
117 -0.1337890625
118 -0.048828125
119 0.0166015625
120 -0.0166015625
121 -0.12890625
122 -0.04296875
123 0.0205078125
124 -0.015625
125 -0.158203125
126 -0.03125
127 0.04296875
128 0.0107421875
129 -0.0419921875
130 0.06640625
131 0.130859375
132 0.080078125
133 -0.013671875
134 0.03515625
135 0.087890625
136 0.03515625
137 -0.095703125
138 0.01953125
139 0.083984375
140 0.04296875
141 -0.09765625
142 -0.056640625
143 0.0107421875
144 -0.0205078125
145 -0.1357421875
146 -0.048828125
147 0.01953125
148 -0.017578125
149 -0.130859375
150 -0.04296875
151 0.0224609375
152 -0.015625
153 -0.1552734375
154 -0.0263671875
155 0.05078125
156 0.013671875
157 -0.0439453125
158 0.0712890625
159 0.1337890625
160 0.080078125
161 -0.0146484375
162 0.0380859375
163 0.087890625
164 0.03515625
165 -0.09375
166 0.0224609375
167 0.0859375
168 0.0439453125
169 -0.095703125
170 -0.0556640625
171 0.01171875
172 -0.021484375
173 -0.13671875
174 -0.0498046875
175 0.01953125
176 -0.0166015625
177 -0.130859375
178 -0.044921875
179 0.0224609375
180 -0.0166015625
181 -0.1572265625
182 -0.02734375
183 0.0478515625
184 0.0126953125
185 -0.0458984375
186 0.0703125
187 0.13671875
188 0.0810546875
189 -0.0146484375
190 0.0380859375
191 0.09375
192 0.03515625
193 -0.09765625
194 0.021484375
195 0.08984375
196 0.0419921875
197 -0.0986328125
198 -0.0537109375
199 0.0166015625
200 -0.0224609375
201 -0.138671875
202 -0.0498046875
203 0.0205078125
204 -0.0166015625
205 -0.134765625
206 -0.04296875
207 0.0244140625
208 -0.0166015625
209 -0.1611328125
210 -0.0263671875
211 0.0498046875
212 0.0126953125
213 -0.048828125
214 0.0703125
215 0.1376953125
216 0.0791015625
217 -0.015625
218 0.037109375
219 0.095703125
220 0.03515625
221 -0.099609375
222 0.021484375
223 0.091796875
224 0.041015625
225 -0.09765625
226 -0.0546875
227 0.0166015625
228 -0.0224609375
229 -0.1396484375
230 -0.046875
231 0.0234375
232 -0.0185546875
233 -0.1357421875
234 -0.0419921875
235 0.02734375
236 -0.0146484375
237 -0.1611328125
238 -0.0302734375
239 0.048828125
240 0.013671875
241 -0.046875
242 0.0703125
243 0.1376953125
244 0.0791015625
245 -0.0146484375
246 0.037109375
247 0.0947265625
248 0.0361328125
249 -0.099609375
250 0.0224609375
251 0.08984375
252 0.0419921875
253 -0.09765625
254 -0.0537109375
255 0.015625
256 -0.021484375
257 -0.138671875
258 -0.0478515625
259 0.0234375
260 -0.0166015625
261 -0.1328125
262 -0.041015625
263 0.0263671875
264 -0.013671875
265 -0.158203125
266 -0.02734375
267 0.0517578125
268 0.0146484375
269 -0.0439453125
270 0.0703125
271 0.1357421875
272 0.0810546875
273 -0.0146484375
274 0.0380859375
275 0.091796875
276 0.037109375
277 -0.0966796875
278 0.0234375
279 0.0908203125
280 0.0439453125
281 -0.09375
282 -0.05078125
283 0.017578125
284 -0.0185546875
285 -0.1357421875
286 -0.044921875
287 0.0244140625
288 -0.015625
289 -0.1328125
290 -0.041015625
291 0.02734375
292 -0.0146484375
293 -0.158203125
294 -0.02734375
295 0.05078125
296 0.0146484375
297 -0.046875
298 0.0712890625
299 0.1357421875
300 0.080078125
301 -0.0146484375
302 0.0380859375
303 0.091796875
304 0.0361328125
305 -0.0966796875
306 0.0234375
307 0.0888671875
308 0.0439453125
309 -0.0947265625
310 -0.0517578125
311 0.015625
312 -0.0205078125
313 -0.1357421875
314 -0.046875
315 0.021484375
316 -0.015625
317 -0.130859375
318 -0.0419921875
319 0.0224609375
320 -0.013671875
321 -0.158203125
322 -0.0283203125
323 0.046875
324 0.0146484375
325 -0.0419921875
326 0.0712890625
327 0.1357421875
328 0.08203125
329 -0.0146484375
330 0.0361328125
331 0.091796875
332 0.0361328125
333 -0.0947265625
334 0.0234375
335 0.08984375
336 0.0439453125
337 -0.0947265625
338 -0.0517578125
339 0.017578125
340 -0.0205078125
341 -0.134765625
342 -0.046875
343 0.0224609375
344 -0.015625
345 -0.1318359375
346 -0.0419921875
347 0.025390625
348 -0.013671875
349 -0.158203125
350 -0.025390625
351 0.0478515625
352 0.0126953125
353 -0.04296875
354 0.0712890625
355 0.1357421875
356 0.080078125
357 -0.013671875
358 0.0361328125
359 0.0908203125
360 0.0361328125
361 -0.09765625
362 0.0205078125
363 0.0869140625
364 0.0419921875
365 -0.0966796875
366 -0.0556640625
367 0.0126953125
368 -0.021484375
369 -0.1357421875
370 -0.0478515625
371 0.01953125
372 -0.0166015625
373 -0.1298828125
374 -0.041015625
375 0.025390625
376 -0.0146484375
377 -0.154296875
378 -0.0244140625
379 0.05078125
380 0.0146484375
381 -0.0419921875
382 0.072265625
383 0.13671875
384 0.0810546875
385 -0.01171875
386 0.0380859375
387 0.09375
388 0.037109375
389 -0.0966796875
390 0.0234375
391 0.08984375
392 0.0458984375
393 -0.0966796875
394 -0.0517578125
395 0.015625
396 -0.0185546875
397 -0.1337890625
398 -0.046875
399 0.021484375
400 -0.0146484375
401 -0.12890625
402 -0.041015625
403 0.0244140625
404 -0.0126953125
405 -0.154296875
406 -0.025390625
407 0.046875
408 0.015625
409 -0.0390625
410 0.0712890625
411 0.1318359375
412 0.0830078125
413 -0.0126953125
414 0.0380859375
415 0.0859375
416 0.0380859375
417 -0.09375
418 0.021484375
419 0.0830078125
420 0.0439453125
421 -0.0927734375
422 -0.0537109375
423 0.0107421875
424 -0.0185546875
425 -0.1318359375
426 -0.0478515625
427 0.017578125
428 -0.0146484375
429 -0.126953125
430 -0.0419921875
431 0.0224609375
432 -0.013671875
433 -0.1552734375
434 -0.0263671875
435 0.0458984375
436 0.0146484375
437 -0.0400390625
438 0.0712890625
439 0.1337890625
440 0.0830078125
441 -0.01171875
442 0.0390625
443 0.091796875
444 0.037109375
445 -0.0927734375
446 0.0224609375
447 0.0869140625
448 0.04296875
449 -0.0927734375
450 -0.0537109375
451 0.0126953125
452 -0.0185546875
453 -0.130859375
454 -0.046875
455 0.0185546875
456 -0.013671875
457 -0.12890625
458 -0.0419921875
459 0.021484375
460 -0.013671875
461 -0.1552734375
462 -0.0302734375
463 0.0419921875
464 0.015625
465 -0.041015625
466 0.068359375
467 0.1318359375
468 0.0830078125
469 -0.009765625
470 0.037109375
471 0.0888671875
472 0.037109375
473 -0.0927734375
474 0.021484375
475 0.0859375
476 0.0439453125
477 -0.0927734375
478 -0.0537109375
479 0.0107421875
480 -0.0185546875
481 -0.130859375
482 -0.046875
483 0.0185546875
484 -0.01171875
485 -0.126953125
486 -0.0390625
487 0.0205078125
488 -0.01171875
489 -0.1494140625
490 -0.0263671875
491 0.044921875
492 0.0166015625
493 -0.0361328125
494 0.0712890625
495 0.1337890625
496 0.0830078125
497 -0.0068359375
498 0.0380859375
499 0.0888671875
500 0.0380859375
501 -0.0888671875
502 0.0244140625
503 0.0869140625
504 0.046875
505 -0.0908203125
506 -0.05078125
507 0.0126953125
508 -0.0166015625
509 -0.1298828125
510 -0.046875
511 0.0185546875
512 -0.0146484375
513 -0.125
514 -0.04296875
515 0.0205078125
516 -0.0126953125
517 -0.150390625
518 -0.0263671875
519 0.0458984375
520 0.015625
521 -0.0380859375
522 0.0712890625
523 0.1337890625
524 0.08203125
525 -0.0107421875
526 0.0380859375
527 0.0888671875
528 0.037109375
529 -0.0908203125
530 0.0224609375
531 0.087890625
532 0.0458984375
533 -0.091796875
534 -0.0517578125
535 0.0146484375
536 -0.017578125
537 -0.130859375
538 -0.0458984375
539 0.0224609375
540 -0.0146484375
541 -0.1259765625
542 -0.0419921875
543 0.0234375
544 -0.0107421875
545 -0.15234375
546 -0.025390625
547 0.0458984375
548 0.015625
549 -0.0380859375
550 0.0712890625
551 0.1318359375
552 0.0830078125
553 -0.0107421875
554 0.0380859375
555 0.08984375
556 0.0380859375
557 -0.09375
558 0.021484375
559 0.087890625
560 0.0439453125
561 -0.0908203125
562 -0.052734375
563 0.0146484375
564 -0.01953125
565 -0.1328125
566 -0.044921875
567 0.0224609375
568 -0.0146484375
569 -0.1298828125
570 -0.041015625
571 0.025390625
572 -0.0126953125
573 -0.1572265625
574 -0.02734375
575 0.0478515625
576 0.013671875
577 -0.0390625
578 0.072265625
579 0.1337890625
580 0.08203125
581 -0.0107421875
582 0.0380859375
583 0.0927734375
584 0.037109375
585 -0.0947265625
586 0.0205078125
587 0.087890625
588 0.0439453125
589 -0.09375
590 -0.052734375
591 0.017578125
592 -0.0185546875
593 -0.134765625
594 -0.0478515625
595 0.0234375
596 -0.013671875
597 -0.130859375
598 -0.0400390625
599 0.0263671875
600 -0.0126953125
601 -0.15625
602 -0.0244140625
603 0.0537109375
604 0.015625
605 -0.0419921875
606 0.0712890625
607 0.13671875
608 0.080078125
609 -0.0126953125
610 0.037109375
611 0.09375
612 0.037109375
613 -0.09375
614 0.0224609375
615 0.0888671875
616 0.044921875
617 -0.09375
618 -0.05078125
619 0.013671875
620 -0.01953125
621 -0.1318359375
622 -0.0458984375
623 0.01953125
624 -0.013671875
625 -0.1279296875
626 -0.0419921875
627 0.0224609375
628 -0.0126953125
629 -0.1533203125
630 -0.02734375
631 0.046875
632 0.015625
633 -0.0400390625
634 0.0712890625
635 0.134765625
636 0.0830078125
637 -0.01171875
638 0.0380859375
639 0.08984375
640 0.0361328125
641 -0.0927734375
642 0.0234375
643 0.0869140625
644 0.044921875
645 -0.0927734375
646 -0.0517578125
647 0.013671875
648 -0.01953125
649 -0.134765625
650 -0.048828125
651 0.01953125
652 -0.015625
653 -0.1298828125
654 -0.04296875
655 0.0234375
656 -0.0146484375
657 -0.15625
658 -0.02734375
659 0.048828125
660 0.0146484375
661 -0.041015625
662 0.0712890625
663 0.1357421875
664 0.08203125
665 -0.0126953125
666 0.037109375
667 0.091796875
668 0.037109375
669 -0.0947265625
670 0.0244140625
671 0.0888671875
672 0.044921875
673 -0.09375
674 -0.052734375
675 0.015625
676 -0.0205078125
677 -0.1337890625
678 -0.046875
679 0.0224609375
680 -0.013671875
681 -0.12890625
682 -0.04296875
683 0.0244140625
684 -0.0146484375
685 -0.1572265625
686 -0.0263671875
687 0.0458984375
688 0.0146484375
689 -0.04296875
690 0.072265625
691 0.134765625
692 0.0830078125
693 -0.0126953125
694 0.037109375
695 0.0908203125
696 0.037109375
697 -0.0947265625
698 0.021484375
699 0.0888671875
700 0.0439453125
701 -0.09375
702 -0.052734375
703 0.0166015625
704 -0.0205078125
705 -0.1337890625
706 -0.0458984375
707 0.021484375
708 -0.015625
709 -0.1279296875
710 -0.0400390625
711 0.0244140625
712 -0.01171875
713 -0.1552734375
714 -0.0263671875
715 0.0478515625
716 0.0166015625
717 -0.04296875
718 0.0732421875
719 0.13671875
720 0.08203125
721 -0.0107421875
722 0.0361328125
723 0.0927734375
724 0.037109375
725 -0.091796875
726 0.025390625
727 0.0908203125
728 0.044921875
729 -0.091796875
730 -0.048828125
731 0.0205078125
732 -0.017578125
733 -0.1328125
734 -0.044921875
735 0.0244140625
736 -0.013671875
737 -0.1298828125
738 -0.0400390625
739 0.0263671875
740 -0.0126953125
741 -0.15625
742 -0.025390625
743 0.048828125
744 0.0146484375
745 -0.041015625
746 0.0712890625
747 0.134765625
748 0.08203125
749 -0.0107421875
750 0.037109375
751 0.0908203125
752 0.037109375
753 -0.0947265625
754 0.0224609375
755 0.0869140625
756 0.04296875
757 -0.09375
758 -0.0498046875
759 0.013671875
760 -0.017578125
761 -0.130859375
762 -0.0439453125
763 0.0205078125
764 -0.0146484375
765 -0.126953125
766 -0.0400390625
767 0.0224609375
768 -0.013671875
769 -0.1533203125
770 -0.025390625
771 0.0478515625
772 0.015625
773 -0.0380859375
774 0.0712890625
775 0.134765625
776 0.0830078125
777 -0.0126953125
778 0.0380859375
779 0.08984375
780 0.0380859375
781 -0.095703125
782 0.0234375
783 0.0908203125
784 0.0458984375
785 -0.091796875
786 -0.0498046875
787 0.0166015625
788 -0.017578125
789 -0.1328125
790 -0.0458984375
791 0.0234375
792 -0.0146484375
793 -0.12890625
794 -0.0400390625
795 0.0263671875
796 -0.013671875
797 -0.15625
798 -0.02734375
799 0.046875
800 0.013671875
801 -0.0419921875
802 0.072265625
803 0.1357421875
804 0.0810546875
805 -0.0107421875
806 0.0400390625
807 0.0927734375
808 0.0380859375
809 -0.095703125
810 0.0224609375
811 0.087890625
812 0.0439453125
813 -0.095703125
814 -0.0537109375
815 0.0146484375
816 -0.01953125
817 -0.1337890625
818 -0.044921875
819 0.025390625
820 -0.0146484375
821 -0.1279296875
822 -0.0400390625
823 0.025390625
824 -0.01171875
825 -0.1552734375
826 -0.0234375
827 0.05078125
828 0.0166015625
829 -0.041015625
830 0.07421875
831 0.13671875
832 0.083984375
833 -0.0107421875
834 0.0380859375
835 0.09375
836 0.0390625
837 -0.0947265625
838 0.0234375
839 0.0927734375
840 0.0458984375
841 -0.09375
842 -0.05078125
843 0.01953125
844 -0.01953125
845 -0.1376953125
846 -0.044921875
847 0.0244140625
848 -0.015625
849 -0.1318359375
850 -0.0400390625
851 0.0263671875
852 -0.013671875
853 -0.1572265625
854 -0.0244140625
855 0.05078125
856 0.0146484375
857 -0.04296875
858 0.0732421875
859 0.1376953125
860 0.0810546875
861 -0.01171875
862 0.0400390625
863 0.0966796875
864 0.0380859375
865 -0.0966796875
866 0.0234375
867 0.091796875
868 0.0439453125
869 -0.0947265625
870 -0.0498046875
871 0.017578125
872 -0.0185546875
873 -0.134765625
874 -0.0458984375
875 0.0244140625
876 -0.013671875
877 -0.1298828125
878 -0.0400390625
879 0.0263671875
880 -0.0126953125
881 -0.15625
882 -0.025390625
883 0.0517578125
884 0.013671875
885 -0.04296875
886 0.072265625
887 0.138671875
888 0.08203125
889 -0.0126953125
890 0.0400390625
891 0.095703125
892 0.0361328125
893 -0.09765625
894 0.0224609375
895 0.0908203125
896 0.0419921875
897 -0.095703125
898 -0.0517578125
899 0.017578125
900 -0.0205078125
901 -0.1357421875
902 -0.044921875
903 0.0244140625
904 -0.015625
905 -0.130859375
906 -0.041015625
907 0.0283203125
908 -0.013671875
909 -0.1591796875
910 -0.0263671875
911 0.0517578125
912 0.013671875
913 -0.0439453125
914 0.07421875
915 0.1396484375
916 0.08203125
917 -0.0146484375
918 0.0390625
919 0.0947265625
920 0.0380859375
921 -0.099609375
922 0.0234375
923 0.091796875
924 0.044921875
925 -0.0966796875
926 -0.0537109375
927 0.0166015625
928 -0.0205078125
929 -0.1357421875
930 -0.0458984375
931 0.0263671875
932 -0.0146484375
933 -0.130859375
934 -0.0390625
935 0.0302734375
936 -0.0126953125
937 -0.1591796875
938 -0.0244140625
939 0.052734375
940 0.0146484375
941 -0.0419921875
942 0.0732421875
943 0.1357421875
944 0.0830078125
945 -0.0126953125
946 0.0400390625
947 0.09375
948 0.037109375
949 -0.0927734375
950 0.0244140625
951 0.0908203125
952 0.0458984375
953 -0.091796875
954 -0.0517578125
955 0.0185546875
956 -0.017578125
957 -0.1318359375
958 -0.0439453125
959 0.0244140625
960 -0.013671875
961 -0.130859375
962 -0.0390625
963 0.02734375
964 -0.0107421875
965 -0.158203125
966 -0.0244140625
967 0.048828125
968 0.017578125
969 -0.0439453125
970 0.0732421875
971 0.1376953125
972 0.0830078125
973 -0.013671875
974 0.0390625
975 0.09375
976 0.037109375
977 -0.0947265625
978 0.0234375
979 0.0908203125
980 0.044921875
981 -0.09375
982 -0.05078125
983 0.0166015625
984 -0.0185546875
985 -0.134765625
986 -0.044921875
987 0.0234375
988 -0.0146484375
989 -0.130859375
990 -0.0390625
991 0.0244140625
992 -0.0126953125
993 -0.15625
994 -0.025390625
995 0.048828125
996 0.0146484375
997 -0.0400390625
998 0.0712890625
999 0.1357421875
1000 0.083984375
1001 -0.01171875
1002 0.0390625
1003 0.09375
1004 0.037109375
1005 -0.0927734375
1006 0.0234375
1007 0.0888671875
1008 0.044921875
1009 -0.0927734375
1010 -0.0517578125
1011 0.013671875
1012 -0.017578125
1013 -0.1337890625
1014 -0.044921875
1015 0.0224609375
1016 -0.0126953125
1017 -0.12890625
1018 -0.041015625
1019 0.0263671875
1020 -0.0126953125
1021 -0.154296875
1022 -0.02734375
1023 0.0478515625
1024 0.015625
1025 -0.0390625
1026 0.0712890625
1027 0.1337890625
1028 0.0830078125
1029 -0.009765625
1030 0.0380859375
1031 0.0888671875
1032 0.0390625
1033 -0.09375
1034 0.021484375
1035 0.0849609375
1036 0.0458984375
1037 -0.0947265625
1038 -0.0537109375
1039 0.009765625
1040 -0.01953125
1041 -0.130859375
1042 -0.0478515625
1043 0.0185546875
1044 -0.013671875
1045 -0.125
1046 -0.04296875
1047 0.01953125
1048 -0.01171875
1049 -0.1474609375
1050 -0.025390625
1051 0.0439453125
1052 0.017578125
1053 -0.0361328125
1054 0.072265625
1055 0.130859375
1056 0.0849609375
1057 -0.0087890625
1058 0.0380859375
1059 0.087890625
1060 0.0419921875
1061 -0.087890625
1062 0.0224609375
1063 0.0859375
1064 0.046875
1065 -0.0908203125
1066 -0.0537109375
1067 0.0126953125
1068 -0.0185546875
1069 -0.1298828125
1070 -0.0458984375
1071 0.0205078125
1072 -0.0126953125
1073 -0.1259765625
1074 -0.0400390625
1075 0.0205078125
1076 -0.01171875
1077 -0.150390625
1078 -0.0263671875
1079 0.0458984375
1080 0.0166015625
1081 -0.0380859375
1082 0.0732421875
1083 0.1328125
1084 0.083984375
1085 -0.009765625
1086 0.0380859375
1087 0.0888671875
1088 0.0380859375
1089 -0.0908203125
1090 0.021484375
1091 0.0849609375
1092 0.0458984375
1093 -0.091796875
1094 -0.0546875
1095 0.009765625
1096 -0.0185546875
1097 -0.1318359375
1098 -0.046875
1099 0.017578125
1100 -0.0126953125
1101 -0.126953125
1102 -0.0400390625
1103 0.0224609375
1104 -0.0107421875
1105 -0.15234375
1106 -0.02734375
1107 0.0458984375
1108 0.0166015625
1109 -0.037109375
1110 0.0712890625
1111 0.134765625
1112 0.0830078125
1113 -0.0107421875
1114 0.0390625
1115 0.091796875
1116 0.0380859375
1117 -0.08984375
1118 0.0224609375
1119 0.087890625
1120 0.0458984375
1121 -0.09375
1122 -0.052734375
1123 0.0107421875
1124 -0.017578125
1125 -0.1318359375
1126 -0.0458984375
1127 0.01953125
1128 -0.01171875
1129 -0.1279296875
1130 -0.0419921875
1131 0.0224609375
1132 -0.013671875
1133 -0.15625
1134 -0.0283203125
1135 0.0458984375
1136 0.0146484375
1137 -0.0390625
1138 0.0712890625
1139 0.1328125
1140 0.0830078125
1141 -0.0068359375
1142 0.0380859375
1143 0.0908203125
1144 0.0390625
1145 -0.09375
1146 0.0224609375
1147 0.087890625
1148 0.0458984375
1149 -0.0927734375
1150 -0.0517578125
1151 0.0126953125
1152 -0.017578125
1153 -0.1318359375
1154 -0.046875
1155 0.021484375
1156 -0.013671875
1157 -0.1259765625
1158 -0.0390625
1159 0.0244140625
1160 -0.01171875
1161 -0.15234375
1162 -0.0263671875
1163 0.0478515625
1164 0.0166015625
1165 -0.0390625
1166 0.072265625
1167 0.134765625
1168 0.083984375
1169 -0.009765625
1170 0.0400390625
1171 0.0927734375
1172 0.0390625
1173 -0.0927734375
1174 0.0263671875
1175 0.087890625
1176 0.0458984375
1177 -0.0908203125
1178 -0.0517578125
1179 0.0166015625
1180 -0.0185546875
1181 -0.1318359375
1182 -0.046875
1183 0.021484375
1184 -0.0146484375
1185 -0.126953125
1186 -0.041015625
1187 0.025390625
1188 -0.0126953125
1189 -0.15625
1190 -0.0263671875
1191 0.048828125
1192 0.015625
1193 -0.0419921875
1194 0.072265625
1195 0.13671875
1196 0.0849609375
1197 -0.01171875
1198 0.0400390625
1199 0.091796875
1200 0.0380859375
1201 -0.0947265625
1202 0.0234375
1203 0.08984375
1204 0.044921875
1205 -0.09375
1206 -0.052734375
1207 0.017578125
1208 -0.0185546875
1209 -0.1337890625
1210 -0.0458984375
1211 0.0224609375
1212 -0.013671875
1213 -0.1298828125
1214 -0.0400390625
1215 0.0244140625
1216 -0.0126953125
1217 -0.15625
1218 -0.0244140625
1219 0.05078125
1220 0.015625
1221 -0.041015625
1222 0.0732421875
1223 0.1376953125
1224 0.08203125
1225 -0.01171875
1226 0.0380859375
1227 0.0927734375
1228 0.0361328125
1229 -0.09375
1230 0.021484375
1231 0.0869140625
1232 0.044921875
1233 -0.09375
1234 -0.052734375
1235 0.013671875
1236 -0.0185546875
1237 -0.1337890625
1238 -0.044921875
1239 0.0205078125
1240 -0.013671875
1241 -0.1279296875
1242 -0.0400390625
1243 0.025390625
1244 -0.01171875
1245 -0.1552734375
1246 -0.02734375
1247 0.0478515625
1248 0.0146484375
1249 -0.0400390625
1250 0.0712890625
1251 0.134765625
1252 0.0830078125
1253 -0.009765625
1254 0.0390625
1255 0.0927734375
1256 0.0390625
1257 -0.095703125
1258 0.021484375
1259 0.087890625
1260 0.0439453125
1261 -0.095703125
1262 -0.0517578125
1263 0.015625
1264 -0.0185546875
1265 -0.1337890625
1266 -0.044921875
1267 0.0224609375
1268 -0.0146484375
1269 -0.1298828125
1270 -0.0400390625
1271 0.0263671875
1272 -0.013671875
1273 -0.1552734375
1274 -0.0234375
1275 0.0517578125
1276 0.015625
1277 -0.0400390625
1278 0.072265625
1279 0.13671875
1280 0.0810546875
1281 -0.0126953125
1282 0.0400390625
1283 0.0947265625
1284 0.0380859375
1285 -0.0947265625
1286 0.0244140625
1287 0.087890625
1288 0.0458984375
1289 -0.0947265625
1290 -0.0517578125
1291 0.013671875
1292 -0.0185546875
1293 -0.130859375
1294 -0.0458984375
1295 0.0205078125
1296 -0.0146484375
1297 -0.126953125
1298 -0.041015625
1299 0.0234375
1300 -0.013671875
1301 -0.15234375
1302 -0.025390625
1303 0.046875
1304 0.017578125
1305 -0.0390625
1306 0.0732421875
1307 0.134765625
1308 0.08203125
1309 -0.01171875
1310 0.0390625
1311 0.09375
1312 0.0380859375
1313 -0.095703125
1314 0.0244140625
1315 0.091796875
1316 0.04296875
1317 -0.095703125
1318 -0.0517578125
1319 0.01953125
1320 -0.021484375
1321 -0.134765625
1322 -0.046875
1323 0.0244140625
1324 -0.015625
1325 -0.1318359375
1326 -0.041015625
1327 0.0263671875
1328 -0.0126953125
1329 -0.16015625
1330 -0.0263671875
1331 0.05078125
1332 0.013671875
1333 -0.0439453125
1334 0.0732421875
1335 0.138671875
1336 0.0830078125
1337 -0.013671875
1338 0.0390625
1339 0.0986328125
1340 0.037109375
1341 -0.0986328125
1342 0.0234375
1343 0.0927734375
1344 0.0439453125
1345 -0.095703125
1346 -0.0537109375
1347 0.01953125
1348 -0.0205078125
1349 -0.13671875
1350 -0.0458984375
1351 0.025390625
1352 -0.0146484375
1353 -0.1337890625
1354 -0.0400390625
1355 0.0283203125
1356 -0.0146484375
1357 -0.16015625
1358 -0.0263671875
1359 0.05078125
1360 0.0146484375
1361 -0.0439453125
1362 0.0732421875
1363 0.138671875
1364 0.0810546875
1365 -0.01171875
1366 0.0380859375
1367 0.0966796875
1368 0.037109375
1369 -0.0986328125
1370 0.021484375
1371 0.0927734375
1372 0.0439453125
1373 -0.0986328125
1374 -0.0546875
1375 0.017578125
1376 -0.021484375
1377 -0.1376953125
1378 -0.044921875
1379 0.0263671875
1380 -0.0146484375
1381 -0.130859375
1382 -0.0390625
1383 0.0283203125
1384 -0.0126953125
1385 -0.15625
1386 -0.0244140625
1387 0.0537109375
1388 0.015625
1389 -0.0419921875
1390 0.0732421875
1391 0.138671875
1392 0.083984375
1393 -0.01171875
1394 0.041015625
1395 0.095703125
1396 0.0400390625
1397 -0.09375
1398 0.025390625
1399 0.091796875
1400 0.0458984375
1401 -0.091796875
1402 -0.048828125
1403 0.0185546875
1404 -0.017578125
1405 -0.1337890625
1406 -0.04296875
1407 0.0244140625
1408 -0.013671875
1409 -0.1279296875
1410 -0.0400390625
1411 0.0283203125
1412 -0.01171875
1413 -0.1552734375
1414 -0.025390625
1415 0.052734375
1416 0.015625
1417 -0.041015625
1418 0.072265625
1419 0.1376953125
1420 0.08203125
1421 -0.01171875
1422 0.0390625
1423 0.0927734375
1424 0.0380859375
1425 -0.09375
1426 0.0244140625
1427 0.0888671875
1428 0.046875
1429 -0.09375
1430 -0.052734375
1431 0.017578125
1432 -0.0185546875
1433 -0.1328125
1434 -0.044921875
1435 0.0244140625
1436 -0.0126953125
1437 -0.1259765625
1438 -0.037109375
1439 0.03125
1440 -0.0107421875
1441 -0.12890625
1442 -0.00390625
1443 0.0673828125
1444 0.0302734375
1445 -0.08203125
1446 -0.02734375
1447 0.033203125
1448 -0.00390625
1449 -0.12109375
1450 -0.0380859375
1451 0.029296875
1452 -0.0087890625
1453 -0.1279296875
1454 -0.044921875
1455 0.021484375
1456 -0.0146484375
1457 -0.1796875
1458 -0.0830078125
1459 -0.0146484375
1460 -0.041015625
1461 -0.1953125
1462 -0.0634765625
1463 0.0224609375
1464 -0.001953125
1465 -0.076171875
1466 0.04296875
1467 0.111328125
1468 0.064453125
1469 0.001953125
1470 0.1083984375
1471 0.169921875
1472 0.1103515625
1473 0.015625
1474 0.060546875
1475 0.1123046875
1476 0.0546875
1477 -0.0517578125
1478 0.05859375
1479 0.12109375
1480 0.0712890625
1481 -0.009765625
1482 0.0966796875
1483 0.1572265625
1484 0.0966796875
1485 -0.0224609375
1486 0.0234375
1487 0.0771484375
1488 0.02734375
1489 -0.0791015625
1490 0.037109375
1491 0.1025390625
1492 0.0556640625
1493 -0.0146484375
1494 0.09375
1495 0.15234375
1496 0.0927734375
1497 -0.017578125
1498 0.0283203125
1499 0.080078125
1500 0.0263671875
1501 -0.0810546875
1502 -0.0048828125
1503 0.0595703125
1504 0.009765625
1505 -0.083984375
1506 0.029296875
1507 0.0966796875
1508 0.048828125
1509 -0.06640625
1510 0.044921875
1511 0.109375
1512 0.0595703125
1513 -0.046875
1514 0.0615234375
1515 0.1240234375
1516 0.0712890625
1517 -0.0009765625
1518 0.1005859375
1519 0.15625
1520 0.0986328125
1521 0.0068359375
1522 0.0478515625
1523 0.103515625
1524 0.044921875
1525 -0.0478515625
1526 0.0576171875
1527 0.12109375
1528 0.064453125
1529 -0.0458984375
1530 0.0595703125
1531 0.119140625
1532 0.0654296875
1533 -0.0947265625
1534 -0.056640625
1535 0.0048828125
1536 -0.029296875
1537 -0.197265625
1538 -0.1083984375
1539 -0.033203125
1540 -0.056640625
1541 -0.1650390625
1542 -0.0341796875
1543 0.0380859375
1544 0.00390625
1545 -0.0537109375
1546 0.056640625
1547 0.1201171875
1548 0.0673828125
1549 0.00390625
1550 0.10546875
1551 0.162109375
1552 0.099609375
1553 -0.017578125
1554 0.0234375
1555 0.0732421875
1556 0.0205078125
1557 -0.107421875
1558 -0.025390625
1559 0.0322265625
1560 -0.01171875
1561 -0.1923828125
1562 -0.125
1563 -0.0439453125
1564 -0.06640625
1565 -0.1748046875
1566 -0.078125
1567 -0.0078125
1568 -0.0419921875
1569 -0.2080078125
1570 -0.12890625
1571 -0.0478515625
1572 -0.0703125
1573 -0.1884765625
1574 -0.056640625
1575 0.0244140625
1576 -0.0078125
1577 -0.1064453125
1578 -0.0556640625
1579 0.013671875
1580 -0.0234375
1581 -0.1376953125
1582 -0.0478515625
1583 0.015625
1584 -0.0205078125
1585 -0.1298828125
1586 -0.0439453125
1587 0.021484375
1588 -0.0146484375
1589 -0.1064453125
1590 0.01171875
1591 0.0830078125
1592 0.0390625
1593 -0.015625
1594 0.0927734375
1595 0.154296875
1596 0.095703125
1597 -0.0185546875
1598 0.0859375
1599 0.142578125
1600 0.087890625
1601 -0.0205078125
1602 0.0869140625
1603 0.142578125
1604 0.0849609375
1605 0.0087890625
1606 0.1123046875
1607 0.166015625
1608 0.10546875
1609 0.0126953125
1610 0.0556640625
1611 0.1083984375
1612 0.048828125
1613 -0.0478515625
1614 0.0595703125
1615 0.1220703125
1616 0.06640625
1617 -0.0478515625
1618 0.05859375
1619 0.1220703125
1620 0.0634765625
1621 -0.095703125
1622 -0.0576171875
1623 0.0068359375
1624 -0.0302734375
1625 -0.197265625
1626 -0.107421875
1627 -0.0302734375
1628 -0.0576171875
1629 -0.16796875
1630 -0.03515625
1631 0.0390625
1632 0.0009765625
1633 -0.0712890625
1634 0.0439453125
1635 0.1083984375
1636 0.056640625
1637 -0.0048828125
1638 0.0986328125
1639 0.16015625
1640 0.095703125
1641 -0.021484375
1642 0.01953125
1643 0.0732421875
1644 0.0185546875
1645 -0.1103515625
1646 -0.0302734375
1647 0.029296875
1648 -0.0126953125
1649 -0.1962890625
1650 -0.126953125
1651 -0.046875
1652 -0.0693359375
1653 -0.1767578125
1654 -0.076171875
1655 -0.0078125
1656 -0.0419921875
1657 -0.2080078125
1658 -0.12890625
1659 -0.048828125
1660 -0.0703125
1661 -0.1923828125
1662 -0.0595703125
1663 0.017578125
1664 -0.009765625
1665 -0.1064453125
1666 -0.05859375
1667 0.0087890625
1668 -0.0224609375
1669 -0.1357421875
1670 -0.0478515625
1671 0.01171875
1672 -0.01953125
1673 -0.130859375
1674 -0.0478515625
1675 0.015625
1676 -0.0166015625
1677 -0.1083984375
1678 0.0107421875
1679 0.07421875
1680 0.0380859375
1681 -0.009765625
1682 0.0927734375
1683 0.150390625
1684 0.09765625
1685 0.044921875
1686 0.1396484375
1687 0.193359375
1688 0.1298828125
1689 0.072265625
1690 0.1630859375
1691 0.2109375
1692 0.1435546875
1693 0.0419921875
1694 0.130859375
1695 0.1787109375
1696 0.1171875
1697 0.0107421875
1698 0.1044921875
1699 0.154296875
1700 0.09765625
1701 0.021484375
1702 0.1181640625
1703 0.1669921875
1704 0.1044921875
1705 0.015625
1706 0.0546875
1707 0.103515625
1708 0.0458984375
1709 -0.0458984375
1710 0.056640625
1711 0.1162109375
1712 0.0615234375
1713 0.009765625
1714 0.107421875
1715 0.1611328125
1716 0.099609375
1717 0.041015625
1718 0.1337890625
1719 0.185546875
1720 0.1181640625
1721 0.015625
1722 0.1083984375
1723 0.158203125
1724 0.09375
1725 -0.064453125
1726 -0.0322265625
1727 0.021484375
1728 -0.0224609375
1729 -0.1845703125
1730 -0.103515625
1731 -0.0341796875
1732 -0.0615234375
1733 -0.1669921875
1734 -0.0458984375
1735 0.021484375
1736 -0.009765625
1737 -0.068359375
1738 0.0380859375
1739 0.09765625
1740 0.0498046875
1741 -0.015625
1742 0.083984375
1743 0.1357421875
1744 0.0810546875
1745 -0.0380859375
1746 -0.0009765625
1747 0.046875
1748 0.0029296875
1749 -0.1279296875
1750 -0.046875
1751 0.0087890625
1752 -0.03125
1753 -0.2099609375
1754 -0.146484375
1755 -0.06640625
1756 -0.0869140625
1757 -0.1904296875
1758 -0.0966796875
1759 -0.02734375
1760 -0.05859375
1761 -0.224609375
1762 -0.1455078125
1763 -0.0673828125
1764 -0.0859375
1765 -0.2041015625
1766 -0.072265625
1767 0.00390625
1768 -0.0244140625
1769 -0.123046875
1770 -0.0703125
1771 -0.0068359375
1772 -0.0400390625
1773 -0.1591796875
1774 -0.072265625
1775 -0.0068359375
1776 -0.041015625
1777 -0.1640625
1778 -0.0791015625
1779 -0.0107421875
1780 -0.0419921875
1781 -0.138671875
1782 -0.0185546875
1783 0.052734375
1784 0.0146484375
1785 -0.0341796875
1786 0.076171875
1787 0.134765625
1788 0.0791015625
1789 0.0205078125
1790 0.1201171875
1791 0.173828125
1792 0.111328125
1793 0.044921875
1794 0.1396484375
1795 0.193359375
1796 0.1240234375
1797 0.05859375
1798 0.15234375
1799 0.2041015625
1800 0.1337890625
1801 0.06640625
1802 0.1572265625
1803 0.208984375
1804 0.1357421875
1805 0.0224609375
1806 0.1162109375
1807 0.166015625
1808 0.0986328125
1809 -0.0126953125
1810 0.0869140625
1811 0.1416015625
1812 0.076171875
1813 -0.0029296875
1814 0.0966796875
1815 0.150390625
1816 0.0859375
1817 -0.0078125
1818 0.03515625
1819 0.0859375
1820 0.0263671875
1821 -0.06640625
1822 0.0390625
1823 0.1015625
1824 0.04296875
1825 -0.017578125
1826 0.0849609375
1827 0.142578125
1828 0.076171875
1829 0.0146484375
1830 0.11328125
1831 0.16796875
1832 0.0986328125
1833 -0.009765625
1834 0.087890625
1835 0.140625
1836 0.0751953125
1837 -0.087890625
1838 -0.052734375
1839 0.0029296875
1840 -0.0390625
1841 -0.20703125
1842 -0.1240234375
1843 -0.0517578125
1844 -0.0810546875
1845 -0.189453125
1846 -0.0625
1847 0.009765625
1848 -0.025390625
1849 -0.087890625
1850 0.025390625
1851 0.087890625
1852 0.03515625
1853 -0.0322265625
1854 0.072265625
1855 0.126953125
1856 0.0673828125
1857 -0.0537109375
1858 -0.013671875
1859 0.0390625
1860 -0.0126953125
1861 -0.140625
1862 -0.05859375
1863 -0.0009765625
1864 -0.04296875
1865 -0.2236328125
1866 -0.1572265625
1867 -0.076171875
1868 -0.0986328125
1869 -0.205078125
1870 -0.1064453125
1871 -0.033203125
1872 -0.0712890625
1873 -0.234375
1874 -0.1572265625
1875 -0.072265625
1876 -0.09765625
1877 -0.2216796875
1878 -0.08203125
1879 0.0
1880 -0.03515625
1881 -0.1357421875
1882 -0.080078125
1883 -0.0068359375
1884 -0.0498046875
1885 -0.205078125
1886 -0.107421875
1887 -0.033203125
1888 -0.068359375
1889 -0.212890625
1890 -0.1171875
1891 -0.0361328125
1892 -0.0703125
1893 -0.16796875
1894 -0.0380859375
1895 0.041015625
1896 -0.0029296875
1897 -0.052734375
1898 0.0625
1899 0.1298828125
1900 0.068359375
1901 0.001953125
1902 0.1064453125
1903 0.1669921875
1904 0.0986328125
1905 0.0283203125
1906 0.130859375
1907 0.1865234375
1908 0.115234375
1909 0.041015625
1910 0.1396484375
1911 0.1943359375
1912 0.119140625
1913 0.0517578125
1914 0.1494140625
1915 0.2041015625
1916 0.125
1917 0.0166015625
1918 0.111328125
1919 0.1650390625
1920 0.0947265625
1921 -0.0185546875
1922 0.0830078125
1923 0.13671875
1924 0.072265625
1925 -0.009765625
1926 0.0927734375
1927 0.1474609375
1928 0.080078125
1929 -0.0146484375
1930 0.029296875
1931 0.083984375
1932 0.0205078125
1933 -0.0732421875
1934 0.0341796875
1935 0.09765625
1936 0.0390625
1937 -0.0205078125
1938 0.08203125
1939 0.140625
1940 0.0751953125
1941 0.01171875
1942 0.1103515625
1943 0.1669921875
1944 0.09375
1945 -0.01171875
1946 0.0849609375
1947 0.1396484375
1948 0.072265625
1949 -0.0869140625
1950 -0.048828125
1951 0.005859375
1952 -0.0400390625
1953 -0.203125
1954 -0.1171875
1955 -0.0458984375
1956 -0.080078125
1957 -0.1923828125
1958 -0.0615234375
1959 0.01171875
1960 -0.029296875
1961 -0.0927734375
1962 0.0224609375
1963 0.0869140625
1964 0.03125
1965 -0.03515625
1966 0.0693359375
1967 0.125
1968 0.0634765625
1969 -0.0556640625
1970 -0.015625
1971 0.0361328125
1972 -0.015625
1973 -0.14453125
1974 -0.060546875
1975 -0.001953125
1976 -0.0439453125
1977 -0.228515625
1978 -0.16015625
1979 -0.0791015625
1980 -0.1025390625
1981 -0.2080078125
1982 -0.1103515625
1983 -0.0380859375
1984 -0.07421875
1985 -0.240234375
1986 -0.1591796875
1987 -0.0791015625
1988 -0.1005859375
1989 -0.2216796875
1990 -0.0849609375
1991 -0.005859375
1992 -0.037109375
1993 -0.1396484375
1994 -0.0869140625
1995 -0.017578125
1996 -0.052734375
1997 -0.173828125
1998 -0.08203125
1999 -0.0185546875
2000 -0.052734375
2001 -0.171875
2002 -0.0849609375
2003 -0.01953125
2004 -0.052734375
2005 -0.1455078125
2006 -0.0244140625
2007 0.0458984375
2008 0.0068359375
2009 -0.04296875
2010 0.0654296875
2011 0.1259765625
2012 0.0693359375
2013 0.005859375
2014 0.1064453125
2015 0.1650390625
2016 0.0986328125
2017 0.02734375
2018 0.1259765625
2019 0.1787109375
2020 0.109375
2021 0.0341796875
2022 0.1298828125
2023 0.1826171875
2024 0.111328125
2025 0.0458984375
2026 0.140625
2027 0.1943359375
2028 0.1181640625
2029 0.0087890625
2030 0.10546875
2031 0.1572265625
2032 0.087890625
2033 -0.0224609375
2034 0.076171875
2035 0.1318359375
2036 0.06640625
2037 -0.0146484375
2038 0.0849609375
2039 0.1396484375
2040 0.0751953125
2041 -0.033203125
2042 0.009765625
2043 0.0615234375
2044 0.00390625
2045 -0.087890625
2046 0.0224609375
2047 0.0810546875
2048 0.029296875
2049 -0.0302734375
2050 0.0732421875
2051 0.130859375
2052 0.0673828125
2053 0.0068359375
2054 0.1044921875
2055 0.1591796875
2056 0.0908203125
2057 -0.0185546875
2058 0.0771484375
2059 0.130859375
2060 0.06640625
2061 -0.091796875
2062 -0.0576171875
2063 -0.00390625
2064 -0.044921875
2065 -0.212890625
2066 -0.1298828125
2067 -0.0576171875
2068 -0.0849609375
2069 -0.197265625
2070 -0.068359375
2071 0.0029296875
2072 -0.033203125
2073 -0.107421875
2074 0.005859375
2075 0.0712890625
2076 0.01953125
2077 -0.0400390625
2078 0.0625
2079 0.1201171875
2080 0.05859375
2081 -0.0595703125
2082 -0.0205078125
2083 0.0302734375
2084 -0.017578125
2085 -0.1474609375
2086 -0.06640625
2087 -0.0087890625
2088 -0.048828125
2089 -0.232421875
2090 -0.1611328125
2091 -0.0830078125
2092 -0.1044921875
2093 -0.212890625
2094 -0.11328125
2095 -0.04296875
2096 -0.078125
2097 -0.2431640625
2098 -0.1640625
2099 -0.0810546875
2100 -0.1025390625
2101 -0.2236328125
2102 -0.0888671875
2103 -0.009765625
2104 -0.0390625
2105 -0.140625
2106 -0.0869140625
2107 -0.0205078125
2108 -0.0546875
2109 -0.2197265625
2110 -0.1220703125
2111 -0.05078125
2112 -0.076171875
2113 -0.232421875
2114 -0.134765625
2115 -0.056640625
2116 -0.08203125
2117 -0.169921875
2118 -0.04296875
2119 0.03125
2120 -0.0048828125
2121 -0.0537109375
2122 0.056640625
2123 0.12109375
2124 0.064453125
2125 0.001953125
2126 0.103515625
2127 0.1591796875
2128 0.095703125
2129 0.0224609375
2130 0.1201171875
2131 0.171875
2132 0.1064453125
2133 0.0361328125
2134 0.1298828125
2135 0.1806640625
2136 0.11328125
2137 0.048828125
2138 0.1396484375
2139 0.1904296875
2140 0.123046875
2141 0.0126953125
2142 0.103515625
2143 0.15234375
2144 0.087890625
2145 -0.0244140625
2146 0.0732421875
2147 0.1240234375
2148 0.064453125
2149 -0.01171875
2150 0.083984375
2151 0.134765625
2152 0.0751953125
2153 -0.0185546875
2154 0.0224609375
2155 0.0693359375
2156 0.0166015625
2157 -0.0712890625
2158 0.029296875
2159 0.0859375
2160 0.0380859375
2161 -0.02734375
2162 0.0712890625
2163 0.125
2164 0.0673828125
2165 0.0107421875
2166 0.1025390625
2167 0.154296875
2168 0.0908203125
2169 -0.0107421875
2170 0.080078125
2171 0.1279296875
2172 0.0693359375
2173 -0.0869140625
2174 -0.0556640625
2175 -0.00390625
2176 -0.041015625
2177 -0.201171875
2178 -0.1220703125
2179 -0.0537109375
2180 -0.080078125
2181 -0.1875
2182 -0.0634765625
2183 0.0029296875
2184 -0.0283203125
2185 -0.0869140625
2186 0.0205078125
2187 0.0791015625
2188 0.0302734375
2189 -0.03515625
2190 0.064453125
2191 0.1201171875
2192 0.060546875
2193 -0.0595703125
2194 -0.0224609375
2195 0.0283203125
2196 -0.0205078125
2197 -0.1474609375
2198 -0.0673828125
2199 -0.009765625
2200 -0.0498046875
2201 -0.2294921875
2202 -0.1640625
2203 -0.0849609375
2204 -0.1025390625
2205 -0.2060546875
2206 -0.1123046875
2207 -0.0458984375
2208 -0.0751953125
2209 -0.23828125
2210 -0.162109375
2211 -0.083984375
2212 -0.1025390625
2213 -0.21875
2214 -0.0888671875
2215 -0.013671875
2216 -0.0390625
2217 -0.1376953125
2218 -0.0888671875
2219 -0.021484375
2220 -0.0546875
2221 -0.1767578125
2222 -0.0859375
2223 -0.0224609375
2224 -0.0556640625
2225 -0.1787109375
2226 -0.091796875
2227 -0.025390625
2228 -0.0556640625
2229 -0.146484375
2230 -0.02734375
2231 0.04296875
2232 0.00390625
2233 -0.04296875
2234 0.0625
2235 0.123046875
2236 0.0654296875
2237 0.0078125
2238 0.1064453125
2239 0.1611328125
2240 0.09765625
2241 0.0302734375
2242 0.1240234375
2243 0.1748046875
2244 0.1103515625
2245 0.0390625
2246 0.130859375
2247 0.1826171875
2248 0.11328125
2249 0.0498046875
2250 0.1416015625
2251 0.19140625
2252 0.119140625
2253 0.009765625
2254 0.1015625
2255 0.15234375
2256 0.0859375
2257 -0.0244140625
2258 0.0703125
2259 0.125
2260 0.064453125
2261 -0.013671875
2262 0.08203125
2263 0.1337890625
2264 0.072265625
2265 -0.0341796875
2266 0.005859375
2267 0.056640625
2268 0.00390625
2269 -0.0869140625
2270 0.0185546875
2271 0.0791015625
2272 0.02734375
2273 -0.02734375
2274 0.072265625
2275 0.1259765625
2276 0.0654296875
2277 0.0068359375
2278 0.1005859375
2279 0.1533203125
2280 0.0888671875
2281 -0.015625
2282 0.076171875
2283 0.1259765625
2284 0.0654296875
2285 -0.091796875
2286 -0.0615234375
2287 -0.0068359375
2288 -0.0478515625
2289 -0.2138671875
2290 -0.130859375
2291 -0.05859375
2292 -0.0869140625
2293 -0.1982421875
2294 -0.0712890625
2295 0.0
2296 -0.0322265625
2297 -0.107421875
2298 0.005859375
2299 0.068359375
2300 0.01953125
2301 -0.041015625
2302 0.0615234375
2303 0.119140625
2304 0.056640625
2305 -0.0595703125
2306 -0.0224609375
2307 0.03125
2308 -0.01953125
2309 -0.1484375
2310 -0.0673828125
2311 -0.0087890625
2312 -0.05078125
2313 -0.232421875
2314 -0.1650390625
2315 -0.0849609375
2316 -0.1064453125
2317 -0.2109375
2318 -0.11328125
2319 -0.044921875
2320 -0.076171875
2321 -0.2412109375
2322 -0.1640625
2323 -0.0810546875
2324 -0.1044921875
2325 -0.2255859375
2326 -0.0908203125
2327 -0.009765625
2328 -0.0400390625
2329 -0.140625
2330 -0.08984375
2331 -0.0185546875
2332 -0.056640625
2333 -0.2216796875
2334 -0.125
2335 -0.05078125
2336 -0.080078125
2337 -0.234375
2338 -0.138671875
2339 -0.0576171875
2340 -0.0830078125
2341 -0.173828125
2342 -0.04296875
2343 0.03125
2344 -0.005859375
2345 -0.0556640625
2346 0.0546875
2347 0.119140625
2348 0.0615234375
2349 0.0009765625
2350 0.099609375
2351 0.1591796875
2352 0.0947265625
2353 0.0205078125
2354 0.1171875
2355 0.171875
2356 0.10546875
2357 0.033203125
2358 0.1298828125
2359 0.181640625
2360 0.1123046875
2361 0.0458984375
2362 0.1396484375
2363 0.1923828125
2364 0.119140625
2365 0.009765625
2366 0.1044921875
2367 0.154296875
2368 0.087890625
2369 -0.0244140625
2370 0.0732421875
2371 0.1259765625
2372 0.064453125
2373 -0.0146484375
2374 0.083984375
2375 0.1376953125
2376 0.0732421875
2377 -0.0205078125
2378 0.021484375
2379 0.072265625
2380 0.013671875
2381 -0.0791015625
2382 0.029296875
2383 0.08984375
2384 0.033203125
2385 -0.0322265625
2386 0.0712890625
2387 0.12890625
2388 0.064453125
2389 0.00390625
2390 0.1025390625
2391 0.1591796875
2392 0.087890625
2393 -0.0185546875
2394 0.080078125
2395 0.1337890625
2396 0.06640625
2397 -0.0869140625
2398 -0.0517578125
2399 0.005859375
2400 -0.04296875
2401 -0.201171875
2402 -0.1181640625
2403 -0.046875
2404 -0.0810546875
2405 -0.19140625
2406 -0.0634765625
2407 0.005859375
2408 -0.029296875
2409 -0.0927734375
2410 0.0205078125
2411 0.08203125
2412 0.029296875
2413 -0.037109375
2414 0.0654296875
2415 0.1201171875
2416 0.060546875
2417 -0.0595703125
2418 -0.0224609375
2419 0.0283203125
2420 -0.0205078125
2421 -0.146484375
2422 -0.06640625
2423 -0.0107421875
2424 -0.0498046875
2425 -0.2314453125
2426 -0.1650390625
2427 -0.0869140625
2428 -0.10546875
2429 -0.2138671875
2430 -0.115234375
2431 -0.0458984375
2432 -0.0791015625
2433 -0.2451171875
2434 -0.1650390625
2435 -0.0810546875
2436 -0.1044921875
2437 -0.2265625
2438 -0.08984375
2439 -0.0078125
2440 -0.0400390625
2441 -0.142578125
2442 -0.0888671875
2443 -0.0166015625
2444 -0.0576171875
2445 -0.1826171875
2446 -0.087890625
2447 -0.017578125
2448 -0.05859375
2449 -0.1845703125
2450 -0.0927734375
2451 -0.021484375
2452 -0.05859375
2453 -0.1533203125
2454 -0.025390625
2455 0.0458984375
2456 0.001953125
2457 -0.0517578125
2458 0.0634765625
2459 0.1279296875
2460 0.064453125
2461 0.001953125
2462 0.1064453125
2463 0.166015625
2464 0.095703125
2465 0.0263671875
2466 0.1259765625
2467 0.1826171875
2468 0.107421875
2469 0.0341796875
2470 0.1318359375
2471 0.1875
2472 0.111328125
2473 0.044921875
2474 0.142578125
2475 0.1962890625
2476 0.119140625
2477 0.0048828125
2478 0.1015625
2479 0.1533203125
2480 0.0849609375
2481 -0.0302734375
2482 0.0712890625
2483 0.126953125
2484 0.0615234375
2485 -0.01953125
2486 0.0810546875
2487 0.13671875
2488 0.0693359375
2489 -0.037109375
2490 0.0048828125
2491 0.060546875
2492 0.0009765625
2493 -0.08984375
2494 0.0185546875
2495 0.0810546875
2496 0.025390625
2497 -0.033203125
2498 0.072265625
2499 0.1298828125
2500 0.064453125
2501 0.0009765625
2502 0.103515625
2503 0.1591796875
2504 0.0869140625
2505 -0.0234375
2506 0.0771484375
2507 0.1328125
2508 0.0615234375
2509 -0.09375
2510 -0.056640625
2511 0.001953125
2512 -0.046875
2513 -0.2109375
2514 -0.12890625
2515 -0.0517578125
2516 -0.0869140625
2517 -0.197265625
2518 -0.0673828125
2519 0.0048828125
2520 -0.0341796875
2521 -0.0947265625
2522 0.01953125
2523 0.0849609375
2524 0.02734375
2525 -0.037109375
2526 0.0673828125
2527 0.1240234375
2528 0.0615234375
2529 -0.0634765625
2530 -0.0244140625
2531 0.0302734375
2532 -0.0224609375
2533 -0.162109375
2534 -0.0810546875
2535 -0.017578125
2536 -0.0595703125
2537 -0.2412109375
2538 -0.1728515625
2539 -0.0888671875
2540 -0.1103515625
2541 -0.2197265625
2542 -0.119140625
2543 -0.052734375
2544 -0.08203125
2545 -0.2578125
2546 -0.17578125
2547 -0.0947265625
2548 -0.1103515625
2549 -0.2607421875
2550 -0.1162109375
2551 -0.0341796875
2552 -0.0556640625
2553 -0.1357421875
2554 -0.013671875
2555 0.0556640625
2556 0.0107421875
2557 -0.1220703125
2558 -0.08203125
2559 -0.013671875
2560 -0.048828125
2561 -0.1689453125
2562 -0.083984375
2563 -0.015625
2564 -0.0517578125
2565 -0.1572265625
2566 -0.0703125
2567 -0.005859375
2568 -0.0419921875
2569 -0.162109375
2570 -0.0380859375
2571 0.0302734375
2572 -0.0048828125
2573 -0.095703125
2574 0.01953125
2575 0.0849609375
2576 0.033203125
2577 -0.0283203125
2578 0.076171875
2579 0.13671875
2580 0.076171875
2581 -0.01953125
2582 0.0302734375
2583 0.08203125
2584 0.0205078125
2585 -0.1103515625
2586 0.0048828125
2587 0.0693359375
2588 0.0205078125
2589 -0.119140625
2590 -0.0771484375
2591 -0.0087890625
2592 -0.0478515625
2593 -0.1640625
2594 -0.0751953125
2595 -0.005859375
2596 -0.0439453125
2597 -0.1611328125
2598 -0.0703125
2599 -0.0029296875
2600 -0.0439453125
2601 -0.1865234375
2602 -0.0556640625
2603 0.0205078125
2604 -0.0166015625
2605 -0.072265625
2606 0.0419921875
2607 0.10546875
2608 0.0517578125
2609 -0.041015625
2610 0.0087890625
2611 0.064453125
2612 0.0087890625
2613 -0.125
2614 -0.00390625
2615 0.0615234375
2616 0.015625
2617 -0.123046875
2618 -0.080078125
2619 -0.01171875
2620 -0.046875
2621 -0.162109375
2622 -0.0751953125
2623 -0.0048828125
2624 -0.04296875
2625 -0.1552734375
2626 -0.0673828125
2627 -0.0009765625
2628 -0.0400390625
2629 -0.1806640625
2630 -0.05078125
2631 0.0244140625
2632 -0.0087890625
2633 -0.068359375
2634 0.046875
2635 0.109375
2636 0.0576171875
2637 -0.0361328125
2638 0.0146484375
2639 0.068359375
2640 0.0146484375
2641 -0.115234375
2642 0.0
2643 0.0654296875
2644 0.021484375
2645 -0.1162109375
2646 -0.0751953125
2647 -0.005859375
2648 -0.041015625
2649 -0.1552734375
2650 -0.0693359375
2651 -0.001953125
2652 -0.0361328125
2653 -0.1484375
2654 -0.0625
2655 0.0009765625
2656 -0.033203125
2657 -0.17578125
2658 -0.0478515625
2659 0.025390625
2660 -0.0068359375
2661 -0.0615234375
2662 0.052734375
2663 0.11328125
2664 0.0615234375
2665 -0.0322265625
2666 0.017578125
2667 0.0712890625
2668 0.0166015625
2669 -0.1142578125
2670 0.0009765625
2671 0.06640625
2672 0.0263671875
2673 -0.1142578125
2674 -0.0732421875
2675 -0.0068359375
2676 -0.0380859375
2677 -0.15234375
2678 -0.0673828125
2679 -0.0009765625
2680 -0.0322265625
2681 -0.1455078125
2682 -0.0595703125
2683 0.00390625
2684 -0.029296875
2685 -0.1689453125
2686 -0.041015625
2687 0.029296875
2688 -0.0009765625
2689 -0.0546875
2690 0.0546875
2691 0.1162109375
2692 0.0654296875
2693 -0.0263671875
2694 0.021484375
2695 0.07421875
2696 0.021484375
2697 -0.1064453125
2698 0.005859375
2699 0.0703125
2700 0.029296875
2701 -0.1103515625
2702 -0.068359375
2703 -0.001953125
2704 -0.0341796875
2705 -0.1484375
2706 -0.0595703125
2707 0.00390625
2708 -0.0283203125
2709 -0.1435546875
2710 -0.056640625
2711 0.0087890625
2712 -0.02734375
2713 -0.169921875
2714 -0.041015625
2715 0.0322265625
2716 -0.0009765625
2717 -0.0546875
2718 0.056640625
2719 0.119140625
2720 0.06640625
2721 -0.025390625
2722 0.0234375
2723 0.0751953125
2724 0.0234375
2725 -0.1064453125
2726 0.009765625
2727 0.0732421875
2728 0.03125
2729 -0.1083984375
2730 -0.0654296875
2731 0.0
2732 -0.033203125
2733 -0.1474609375
2734 -0.060546875
2735 0.0087890625
2736 -0.02734375
2737 -0.142578125
2738 -0.0537109375
2739 0.0126953125
2740 -0.025390625
2741 -0.16796875
2742 -0.0400390625
2743 0.0380859375
2744 0.0029296875
2745 -0.0546875
2746 0.0595703125
2747 0.1240234375
2748 0.0693359375
2749 -0.0234375
2750 0.0283203125
2751 0.0810546875
2752 0.02734375
2753 -0.10546875
2754 0.01171875
2755 0.0771484375
2756 0.0341796875
2757 -0.10546875
2758 -0.064453125
2759 0.0048828125
2760 -0.0302734375
2761 -0.1455078125
2762 -0.05859375
2763 0.0126953125
2764 -0.0263671875
2765 -0.1416015625
2766 -0.052734375
2767 0.0126953125
2768 -0.025390625
2769 -0.1669921875
2770 -0.0380859375
2771 0.0341796875
2772 0.0029296875
2773 -0.052734375
2774 0.0615234375
2775 0.1240234375
2776 0.0732421875
2777 -0.021484375
2778 0.029296875
2779 0.0830078125
2780 0.0283203125
2781 -0.1044921875
2782 0.0126953125
2783 0.0810546875
2784 0.0341796875
2785 -0.10546875
2786 -0.0625
2787 0.005859375
2788 -0.0283203125
2789 -0.140625
2790 -0.0546875
2791 0.0107421875
2792 -0.0224609375
2793 -0.13671875
2794 -0.05078125
2795 0.01171875
2796 -0.0205078125
2797 -0.16015625
2798 -0.03515625
2799 0.037109375
2800 0.0087890625
2801 -0.0478515625
2802 0.064453125
2803 0.123046875
2804 0.07421875
2805 -0.0185546875
2806 0.0302734375
2807 0.08203125
2808 0.029296875
2809 -0.09765625
2810 0.0146484375
2811 0.08203125
2812 0.0380859375
2813 -0.099609375
2814 -0.0595703125
2815 0.005859375
2816 -0.0263671875
2817 -0.138671875
2818 -0.0537109375
2819 0.009765625
2820 -0.0205078125
2821 -0.134765625
2822 -0.046875
2823 0.015625
2824 -0.017578125
2825 -0.1611328125
2826 -0.0341796875
2827 0.0380859375
2828 0.0068359375
2829 -0.046875
2830 0.0634765625
2831 0.125
2832 0.0751953125
2833 -0.015625
2834 0.029296875
2835 0.0830078125
2836 0.03125
2837 -0.099609375
2838 0.015625
2839 0.080078125
2840 0.0380859375
2841 -0.1005859375
2842 -0.0576171875
2843 0.0087890625
2844 -0.0244140625
2845 -0.1376953125
2846 -0.0517578125
2847 0.0146484375
2848 -0.021484375
2849 -0.1328125
2850 -0.0478515625
2851 0.017578125
2852 -0.01953125
2853 -0.158203125
2854 -0.033203125
2855 0.0419921875
2856 0.0078125
2857 -0.044921875
2858 0.064453125
2859 0.126953125
2860 0.0751953125
2861 -0.017578125
2862 0.0322265625
2863 0.08203125
2864 0.0322265625
2865 -0.099609375
2866 0.017578125
2867 0.0810546875
2868 0.0390625
2869 -0.0986328125
2870 -0.056640625
2871 0.0107421875
2872 -0.0234375
2873 -0.138671875
2874 -0.052734375
2875 0.017578125
2876 -0.0205078125
2877 -0.1337890625
2878 -0.046875
2879 0.017578125
2880 -0.0185546875
2881 -0.16015625
2882 -0.033203125
2883 0.041015625
2884 0.0068359375
2885 -0.0478515625
2886 0.06640625
2887 0.1279296875
2888 0.076171875
2889 -0.0185546875
2890 0.03125
2891 0.0830078125
2892 0.033203125
2893 -0.1005859375
2894 0.0166015625
2895 0.0810546875
2896 0.0390625
2897 -0.0986328125
2898 -0.0595703125
2899 0.0078125
2900 -0.025390625
2901 -0.1376953125
2902 -0.0517578125
2903 0.0146484375
2904 -0.0185546875
2905 -0.134765625
2906 -0.0458984375
2907 0.0185546875
2908 -0.017578125
2909 -0.1630859375
2910 -0.03125
2911 0.04296875
2912 0.009765625
2913 -0.048828125
2914 0.0673828125
2915 0.1328125
2916 0.0771484375
2917 -0.017578125
2918 0.033203125
2919 0.0908203125
2920 0.0322265625
2921 -0.099609375
2922 0.0185546875
2923 0.0869140625
2924 0.0400390625
2925 -0.0986328125
2926 -0.056640625
2927 0.0126953125
2928 -0.0224609375
2929 -0.138671875
2930 -0.048828125
2931 0.0205078125
2932 -0.0185546875
2933 -0.1376953125
2934 -0.04296875
2935 0.0234375
2936 -0.015625
2937 -0.1650390625
2938 -0.0302734375
2939 0.046875
2940 0.0087890625
2941 -0.0478515625
2942 0.06640625
2943 0.134765625
2944 0.0751953125
2945 -0.017578125
2946 0.03515625
2947 0.0927734375
2948 0.033203125
2949 -0.1025390625
2950 0.01953125
2951 0.0888671875
2952 0.0390625
2953 -0.1025390625
2954 -0.056640625
2955 0.013671875
2956 -0.0244140625
2957 -0.1416015625
2958 -0.0498046875
2959 0.01953125
2960 -0.01953125
2961 -0.134765625
2962 -0.04296875
2963 0.0244140625
2964 -0.017578125
2965 -0.16015625
2966 -0.029296875
2967 0.0517578125
2968 0.0107421875
2969 -0.0478515625
2970 0.0703125
2971 0.13671875
2972 0.080078125
2973 -0.015625
2974 0.0361328125
2975 0.0908203125
2976 0.0341796875
2977 -0.099609375
2978 0.0205078125
2979 0.087890625
2980 0.041015625
2981 -0.1015625
2982 -0.0556640625
2983 0.0146484375
2984 -0.0205078125
2985 -0.1396484375
2986 -0.0498046875
2987 0.021484375
2988 -0.0185546875
2989 -0.134765625
2990 -0.0439453125
2991 0.0244140625
2992 -0.017578125
2993 -0.1611328125
2994 -0.0302734375
2995 0.048828125
2996 0.01171875
2997 -0.0478515625
2998 0.0693359375
2999 0.134765625
3000 0.0791015625
3001 -0.015625
3002 0.03515625
3003 0.0908203125
3004 0.0361328125
3005 -0.1005859375
3006 0.01953125
3007 0.0859375
3008 0.041015625
3009 -0.099609375
3010 -0.0576171875
3011 0.013671875
3012 -0.0224609375
3013 -0.1376953125
3014 -0.0498046875
3015 0.021484375
3016 -0.017578125
3017 -0.1328125
3018 -0.0439453125
3019 0.0263671875
3020 -0.015625
3021 -0.158203125
3022 -0.0263671875
3023 0.0498046875
3024 0.013671875
3025 -0.0439453125
3026 0.072265625
3027 0.134765625
3028 0.0810546875
3029 -0.013671875
3030 0.0380859375
3031 0.0927734375
3032 0.03515625
3033 -0.095703125
3034 0.0224609375
3035 0.091796875
3036 0.0419921875
3037 -0.09375
3038 -0.0517578125
3039 0.017578125
3040 -0.0185546875
3041 -0.1357421875
3042 -0.0458984375
3043 0.0224609375
3044 -0.015625
3045 -0.1318359375
3046 -0.041015625
3047 0.0234375
3048 -0.0146484375
3049 -0.158203125
3050 -0.0263671875
3051 0.0478515625
3052 0.013671875
3053 -0.044921875
3054 0.0693359375
3055 0.1337890625
3056 0.080078125
3057 -0.013671875
3058 0.0361328125
3059 0.08984375
3060 0.03515625
3061 -0.0947265625
3062 0.021484375
3063 0.087890625
3064 0.0439453125
3065 -0.0947265625
3066 -0.0517578125
3067 0.015625
3068 -0.0205078125
3069 -0.1357421875
3070 -0.0478515625
3071 0.0234375
3072 -0.0146484375
3073 -0.130859375
3074 -0.0419921875
3075 0.0263671875
3076 -0.013671875
3077 -0.15625
3078 -0.025390625
3079 0.0498046875
3080 0.013671875
3081 -0.0419921875
3082 0.0712890625
3083 0.1357421875
3084 0.0810546875
3085 -0.0146484375
3086 0.037109375
3087 0.091796875
3088 0.0361328125
3089 -0.09765625
3090 0.021484375
3091 0.0908203125
3092 0.0439453125
3093 -0.0947265625
3094 -0.0517578125
3095 0.017578125
3096 -0.01953125
3097 -0.1357421875
3098 -0.044921875
3099 0.0224609375
3100 -0.015625
3101 -0.1328125
3102 -0.04296875
3103 0.0244140625
3104 -0.015625
3105 -0.158203125
3106 -0.0283203125
3107 0.048828125
3108 0.013671875
3109 -0.04296875
3110 0.0712890625
3111 0.134765625
3112 0.0810546875
3113 -0.0146484375
3114 0.0400390625
3115 0.091796875
3116 0.0380859375
3117 -0.095703125
3118 0.021484375
3119 0.083984375
3120 0.044921875
3121 -0.0947265625
3122 -0.0546875
3123 0.0107421875
3124 -0.0205078125
3125 -0.1337890625
3126 -0.0478515625
3127 0.017578125
3128 -0.0146484375
3129 -0.12890625
3130 -0.0419921875
3131 0.0205078125
3132 -0.013671875
3133 -0.1533203125
3134 -0.0263671875
3135 0.0439453125
3136 0.0166015625
3137 -0.0400390625
3138 0.0712890625
3139 0.1318359375
3140 0.08203125
3141 -0.009765625
3142 0.037109375
3143 0.0888671875
3144 0.037109375
3145 -0.09375
3146 0.021484375
3147 0.0859375
3148 0.0439453125
3149 -0.0947265625
3150 -0.0556640625
3151 0.009765625
3152 -0.0205078125
3153 -0.1318359375
3154 -0.0478515625
3155 0.0166015625
3156 -0.0146484375
3157 -0.1279296875
3158 -0.0419921875
3159 0.01953125
3160 -0.0126953125
3161 -0.1533203125
3162 -0.0283203125
3163 0.044921875
3164 0.015625
3165 -0.0390625
3166 0.0712890625
3167 0.1318359375
3168 0.0830078125
3169 -0.01171875
3170 0.037109375
3171 0.0869140625
3172 0.037109375
3173 -0.091796875
3174 0.0224609375
3175 0.0849609375
3176 0.0439453125
3177 -0.0927734375
3178 -0.0546875
3179 0.009765625
3180 -0.0185546875
3181 -0.1328125
3182 -0.0478515625
3183 0.0185546875
3184 -0.013671875
3185 -0.126953125
3186 -0.0419921875
3187 0.0205078125
3188 -0.0126953125
3189 -0.15234375
3190 -0.0263671875
3191 0.044921875
3192 0.015625
3193 -0.037109375
3194 0.0703125
3195 0.1318359375
3196 0.0830078125
3197 -0.009765625
3198 0.0361328125
3199 0.0849609375
3200 0.037109375
3201 -0.091796875
3202 0.021484375
3203 0.0830078125
3204 0.0458984375
3205 -0.09375
3206 -0.0546875
3207 0.0107421875
3208 -0.0185546875
3209 -0.1337890625
3210 -0.0478515625
3211 0.017578125
3212 -0.013671875
3213 -0.1279296875
3214 -0.04296875
3215 0.021484375
3216 -0.013671875
3217 -0.1552734375
3218 -0.029296875
3219 0.0439453125
3220 0.013671875
3221 -0.0400390625
3222 0.0703125
3223 0.1337890625
3224 0.08203125
3225 -0.01171875
3226 0.0380859375
3227 0.0888671875
3228 0.037109375
3229 -0.0927734375
3230 0.0224609375
3231 0.083984375
3232 0.044921875
3233 -0.09375
3234 -0.05078125
3235 0.0107421875
3236 -0.0185546875
3237 -0.1318359375
3238 -0.0478515625
3239 0.01953125
3240 -0.0146484375
3241 -0.126953125
3242 -0.041015625
3243 0.0244140625
3244 -0.0146484375
3245 -0.1533203125
3246 -0.0263671875
3247 0.0478515625
3248 0.013671875
3249 -0.041015625
3250 0.0712890625
3251 0.134765625
3252 0.0830078125
3253 -0.01171875
3254 0.0390625
3255 0.0908203125
3256 0.0380859375
3257 -0.0927734375
3258 0.0234375
3259 0.0888671875
3260 0.0439453125
3261 -0.0908203125
3262 -0.05078125
3263 0.015625
3264 -0.017578125
3265 -0.130859375
3266 -0.044921875
3267 0.021484375
3268 -0.013671875
3269 -0.1259765625
3270 -0.041015625
3271 0.0244140625
3272 -0.01171875
3273 -0.15625
3274 -0.0263671875
3275 0.046875
3276 0.0146484375
3277 -0.0419921875
3278 0.0712890625
3279 0.1337890625
3280 0.0830078125
3281 -0.01171875
3282 0.0380859375
3283 0.0927734375
3284 0.0361328125
3285 -0.095703125
3286 0.0224609375
3287 0.0888671875
3288 0.04296875
3289 -0.0927734375
3290 -0.0517578125
3291 0.017578125
3292 -0.01953125
3293 -0.1328125
3294 -0.046875
3295 0.0205078125
3296 -0.0146484375
3297 -0.12890625
3298 -0.0400390625
3299 0.0244140625
3300 -0.0126953125
3301 -0.1552734375
3302 -0.0263671875
3303 0.0478515625
3304 0.0166015625
3305 -0.0400390625
3306 0.072265625
3307 0.1337890625
3308 0.08203125
3309 -0.009765625
3310 0.0380859375
3311 0.0908203125
3312 0.0390625
3313 -0.0927734375
3314 0.0234375
3315 0.087890625
3316 0.0439453125
3317 -0.0927734375
3318 -0.0498046875
3319 0.013671875
3320 -0.0166015625
3321 -0.1318359375
3322 -0.0458984375
3323 0.0205078125
3324 -0.013671875
3325 -0.12890625
3326 -0.0400390625
3327 0.021484375
3328 -0.0126953125
3329 -0.154296875
3330 -0.02734375
3331 0.046875
3332 0.0146484375
3333 -0.0400390625
3334 0.0712890625
3335 0.134765625
3336 0.08203125
3337 -0.01171875
3338 0.037109375
3339 0.0908203125
3340 0.037109375
3341 -0.095703125
3342 0.021484375
3343 0.0859375
3344 0.0439453125
3345 -0.0947265625
3346 -0.0546875
3347 0.0126953125
3348 -0.01953125
3349 -0.1328125
3350 -0.044921875
3351 0.0205078125
3352 -0.015625
3353 -0.1279296875
3354 -0.0419921875
3355 0.025390625
3356 -0.0126953125
3357 -0.154296875
3358 -0.025390625
3359 0.048828125
3360 0.015625
3361 -0.0400390625
3362 0.072265625
3363 0.1337890625
3364 0.08203125
3365 -0.0107421875
3366 0.0400390625
3367 0.091796875
3368 0.0380859375
3369 -0.09375
3370 0.0234375
3371 0.087890625
3372 0.044921875
3373 -0.091796875
3374 -0.0517578125
3375 0.0126953125
3376 -0.0185546875
3377 -0.1318359375
3378 -0.0458984375
3379 0.01953125
3380 -0.0146484375
3381 -0.1279296875
3382 -0.0400390625
3383 0.0234375
3384 -0.0126953125
3385 -0.154296875
3386 -0.0283203125
3387 0.0458984375
3388 0.0146484375
3389 -0.041015625
3390 0.0703125
3391 0.1328125
3392 0.08203125
3393 -0.01171875
3394 0.037109375
3395 0.08984375
3396 0.0380859375
3397 -0.0947265625
3398 0.0224609375
3399 0.0869140625
3400 0.044921875
3401 -0.0927734375
3402 -0.0537109375
3403 0.0146484375
3404 -0.01953125
3405 -0.1328125
3406 -0.0478515625
3407 0.0234375
3408 -0.013671875
3409 -0.1240234375
3410 -0.037109375
3411 0.0244140625
3412 -0.01171875
3413 -0.130859375
3414 -0.0048828125
3415 0.064453125
3416 0.029296875
3417 -0.0849609375
3418 -0.033203125
3419 0.029296875
3420 -0.009765625
3421 -0.1630859375
3422 -0.091796875
3423 -0.0146484375
3424 -0.0419921875
3425 -0.1875
3426 -0.1083984375
3427 -0.0283203125
3428 -0.048828125
3429 -0.1513671875
3430 -0.0615234375
3431 0.0087890625
3432 -0.021484375
3433 -0.123046875
3434 -0.033203125
3435 0.03125
3436 -0.00390625
3437 -0.09765625
3438 0.0205078125
3439 0.0859375
3440 0.0498046875
3441 -0.0517578125
3442 -0.0087890625
3443 0.0517578125
3444 0.013671875
3445 -0.1572265625
3446 -0.0888671875
3447 -0.01171875
3448 -0.0341796875
3449 -0.1474609375
3450 -0.064453125
3451 0.0107421875
3452 -0.01953125
3453 -0.138671875
3454 -0.0498046875
3455 0.01953125
3456 -0.0126953125
3457 -0.1142578125
3458 0.009765625
3459 0.0810546875
3460 0.0439453125
3461 -0.00390625
3462 0.1044921875
3463 0.1630859375
3464 0.1083984375
3465 -0.001953125
3466 0.0390625
3467 0.0908203125
3468 0.0419921875
3469 -0.130859375
3470 -0.064453125
3471 0.005859375
3472 -0.0234375
3473 -0.134765625
3474 -0.052734375
3475 0.00390625
3476 -0.0068359375
3477 -0.09375
3478 -0.0263671875
3479 0.01953125
3480 0.00390625
3481 -0.087890625
3482 0.01171875
3483 0.0625
3484 0.048828125
3485 -0.0693359375
3486 -0.0478515625
3487 0.0029296875
3488 -0.0068359375
3489 -0.1337890625
3490 -0.0263671875
3491 0.0341796875
3492 0.0263671875
3493 -0.037109375
3494 0.0517578125
3495 0.1005859375
3496 0.078125
3497 0.0166015625
3498 0.0966796875
3499 0.138671875
3500 0.107421875
3501 0.03515625
3502 0.11328125
3503 0.150390625
3504 0.1162109375
3505 0.064453125
3506 0.1396484375
3507 0.173828125
3508 0.1357421875
3509 0.0615234375
3510 0.078125
3511 0.109375
3512 0.0732421875
3513 -0.01953125
3514 0.0322265625
3515 0.068359375
3516 0.0400390625
3517 -0.0595703125
3518 -0.001953125
3519 0.0361328125
3520 0.0146484375
3521 -0.0908203125
3522 0.0048828125
3523 0.05078125
3524 0.0361328125
3525 -0.0654296875
3526 -0.0390625
3527 0.0068359375
3528 -0.005859375
3529 -0.1650390625
3530 -0.05078125
3531 0.0078125
3532 0.0048828125
3533 -0.1171875
3534 -0.0888671875
3535 -0.0302734375
3536 -0.037109375
3537 -0.1494140625
3538 -0.0810546875
3539 -0.0224609375
3540 -0.03125
3541 -0.1767578125
3542 -0.099609375
3543 -0.0380859375
3544 -0.04296875
3545 -0.169921875
3546 -0.0927734375
3547 -0.033203125
3548 -0.0380859375
3549 -0.169921875
3550 -0.0546875
3551 0.009765625
3552 0.005859375
3553 -0.072265625
3554 0.0263671875
3555 0.0771484375
3556 0.05859375
3557 -0.0205078125
3558 0.06640625
3559 0.11328125
3560 0.0859375
3561 -0.0029296875
3562 0.080078125
3563 0.123046875
3564 0.0927734375
3565 -0.0029296875
3566 0.078125
3567 0.1201171875
3568 0.0927734375
3569 -0.013671875
3570 0.0693359375
3571 0.1123046875
3572 0.0849609375
3573 0.025390625
3574 0.107421875
3575 0.14453125
3576 0.109375
3577 0.0029296875
3578 0.0185546875
3579 0.0556640625
3580 0.0322265625
3581 -0.0849609375
3582 -0.029296875
3583 0.017578125
3584 0.0009765625
3585 -0.1435546875
3586 -0.0751953125
3587 -0.0234375
3588 -0.0302734375
3589 -0.1533203125
3590 -0.080078125
3591 -0.025390625
3592 -0.033203125
3593 -0.169921875
3594 -0.0556640625
3595 0.0078125
3596 0.0029296875
3597 -0.0849609375
3598 0.0126953125
3599 0.064453125
3600 0.048828125
3601 -0.0517578125
3602 0.0380859375
3603 0.0859375
3604 0.0634765625
3605 -0.0458984375
3606 0.0419921875
3607 0.087890625
3608 0.06640625
3609 0.00390625
3610 0.0859375
3611 0.125
3612 0.09375
3613 0.0107421875
3614 0.08984375
3615 0.126953125
3616 0.095703125
3617 -0.0419921875
3618 -0.0283203125
3619 0.015625
3620 0.0009765625
3621 -0.130859375
3622 -0.0244140625
3623 0.02734375
3624 0.0185546875
3625 -0.08984375
3626 -0.0927734375
3627 -0.03515625
3628 -0.0361328125
3629 -0.125
3630 -0.0205078125
3631 0.0341796875
3632 0.0234375
3633 -0.0625
3634 -0.037109375
3635 0.013671875
3636 -0.00390625
3637 -0.0966796875
3638 -0.0341796875
3639 0.013671875
3640 -0.001953125
3641 -0.1416015625
3642 -0.0712890625
3643 -0.021484375
3644 -0.0263671875
3645 -0.1591796875
3646 -0.046875
3647 0.0107421875
3648 0.005859375
3649 -0.1328125
3650 -0.1064453125
3651 -0.04296875
3652 -0.0439453125
3653 -0.1904296875
3654 -0.072265625
3655 -0.0048828125
3656 -0.005859375
3657 -0.0927734375
3658 0.0068359375
3659 0.060546875
3660 0.0439453125
3661 -0.041015625
3662 0.046875
3663 0.0966796875
3664 0.0732421875
3665 -0.0078125
3666 0.076171875
3667 0.1162109375
3668 0.091796875
3669 0.001953125
3670 0.0810546875
3671 0.1220703125
3672 0.09375
3673 -0.005859375
3674 0.07421875
3675 0.115234375
3676 0.0859375
3677 -0.0244140625
3678 0.05859375
3679 0.103515625
3680 0.076171875
3681 0.0009765625
3682 0.08203125
3683 0.1181640625
3684 0.0888671875
3685 0.0029296875
3686 0.08203125
3687 0.1201171875
3688 0.091796875
3689 0.03515625
3690 0.11328125
3691 0.146484375
3692 0.11328125
3693 0.0556640625
3694 0.1298828125
3695 0.162109375
3696 0.1220703125
3697 0.0380859375
3698 0.0537109375
3699 0.083984375
3700 0.0517578125
3701 -0.05078125
3702 0.033203125
3703 0.0751953125
3704 0.052734375
3705 -0.05078125
3706 -0.0302734375
3707 0.0107421875
3708 -0.0048828125
3709 -0.1171875
3710 -0.05859375
3711 -0.01171875
3712 -0.021484375
3713 -0.140625
3714 -0.07421875
3715 -0.0224609375
3716 -0.03125
3717 -0.1337890625
3718 -0.0732421875
3719 -0.021484375
3720 -0.029296875
3721 -0.138671875
3722 -0.072265625
3723 -0.0205078125
3724 -0.0302734375
3725 -0.140625
3726 -0.078125
3727 -0.0263671875
3728 -0.03515625
3729 -0.17578125
3730 -0.107421875
3731 -0.0498046875
3732 -0.0498046875
3733 -0.1552734375
3734 -0.0791015625
3735 -0.0263671875
3736 -0.03515625
3737 -0.17578125
3738 -0.0986328125
3739 -0.0419921875
3740 -0.044921875
3741 -0.130859375
3742 -0.0654296875
3743 -0.013671875
3744 -0.01953125
3745 -0.1220703125
3746 -0.0556640625
3747 -0.0107421875
3748 -0.01953125
3749 -0.1298828125
3750 -0.064453125
3751 -0.013671875
3752 -0.0205078125
3753 -0.1748046875
3754 -0.0615234375
3755 -0.0009765625
3756 -0.001953125
3757 -0.0654296875
3758 0.0283203125
3759 0.0751953125
3760 0.0615234375
3761 -0.06640625
3762 0.0244140625
3763 0.068359375
3764 0.052734375
3765 -0.087890625
3766 -0.0712890625
3767 -0.01953125
3768 -0.021484375
3769 -0.1923828125
3770 -0.1201171875
3771 -0.0546875
3772 -0.048828125
3773 -0.1552734375
3774 -0.0849609375
3775 -0.03125
3776 -0.029296875
3777 -0.1181640625
3778 -0.0146484375
3779 0.041015625
3780 0.0341796875
3781 -0.0576171875
3782 -0.0556640625
3783 -0.001953125
3784 -0.0068359375
3785 -0.107421875
3786 -0.0068359375
3787 0.044921875
3788 0.0390625
3789 -0.0947265625
3790 -0.0712890625
3791 -0.013671875
3792 -0.017578125
3793 -0.1298828125
3794 -0.0244140625
3795 0.033203125
3796 0.02734375
3797 -0.0400390625
3798 0.05078125
3799 0.0927734375
3800 0.0771484375
3801 -0.0634765625
3802 -0.044921875
3803 0.001953125
3804 -0.0048828125
3805 -0.1943359375
3806 -0.1162109375
3807 -0.05078125
3808 -0.0439453125
3809 -0.140625
3810 -0.0712890625
3811 -0.0166015625
3812 -0.0205078125
3813 -0.1591796875
3814 -0.0478515625
3815 0.0126953125
3816 0.0126953125
3817 -0.1416015625
3818 -0.1044921875
3819 -0.0458984375
3820 -0.041015625
3821 -0.1474609375
3822 -0.0341796875
3823 0.01953125
3824 0.0224609375
3825 -0.052734375
3826 0.0419921875
3827 0.0908203125
3828 0.0751953125
3829 -0.0654296875
3830 -0.04296875
3831 0.0068359375
3832 0.0009765625
3833 -0.1064453125
3834 -0.0029296875
3835 0.05078125
3836 0.04296875
3837 -0.04296875
3838 -0.0234375
3839 0.025390625
3840 0.0146484375
3841 -0.0849609375
3842 -0.0283203125
3843 0.01953125
3844 0.01171875
3845 -0.0966796875
3846 -0.0341796875
3847 0.0107421875
3848 0.00390625
3849 -0.1611328125
3850 -0.08203125
3851 -0.0302734375
3852 -0.0263671875
3853 -0.1806640625
3854 -0.0615234375
3855 0.0029296875
3856 0.0078125
3857 -0.1015625
3858 0.001953125
3859 0.05859375
3860 0.0498046875
3861 -0.0478515625
3862 -0.0234375
3863 0.0224609375
3864 0.01171875
3865 -0.1259765625
3866 -0.0166015625
3867 0.0390625
3868 0.03515625
3869 -0.0546875
3870 0.0400390625
3871 0.08984375
3872 0.07421875
3873 -0.0068359375
3874 0.0166015625
3875 0.0546875
3876 0.0380859375
3877 -0.0869140625
3878 0.01171875
3879 0.0634765625
3880 0.0537109375
3881 -0.0615234375
3882 -0.0390625
3883 0.0087890625
3884 0.0029296875
3885 -0.09375
3886 -0.029296875
3887 0.017578125
3888 0.009765625
3889 -0.1318359375
3890 -0.0625
3891 -0.009765625
3892 -0.0087890625
3893 -0.162109375
3894 -0.0458984375
3895 0.015625
3896 0.0185546875
3897 -0.07421875
3898 0.0224609375
3899 0.07421875
3900 0.0634765625
3901 -0.03125
3902 0.056640625
3903 0.1044921875
3904 0.0849609375
3905 -0.001953125
3906 0.078125
3907 0.123046875
3908 0.0986328125
3909 0.009765625
3910 0.0888671875
3911 0.130859375
3912 0.1044921875
3913 0.0087890625
3914 0.0888671875
3915 0.1279296875
3916 0.1025390625
3917 -0.0185546875
3918 0.0654296875
3919 0.107421875
3920 0.083984375
3921 -0.00390625
3922 0.076171875
3923 0.1171875
3924 0.0947265625
3925 0.0087890625
3926 0.0244140625
3927 0.0625
3928 0.041015625
3929 -0.04296875
3930 0.044921875
3931 0.0908203125
3932 0.0693359375
3933 0.017578125
3934 0.099609375
3935 0.1396484375
3936 0.107421875
3937 0.0341796875
3938 0.109375
3939 0.1435546875
3940 0.1123046875
3941 0.025390625
3942 0.0986328125
3943 0.1376953125
3944 0.107421875
3945 0.037109375
3946 0.11328125
3947 0.1474609375
3948 0.11328125
3949 0.0625
3950 0.134765625
3951 0.169921875
3952 0.130859375
3953 0.0908203125
3954 0.1611328125
3955 0.1953125
3956 0.150390625
3957 0.1044921875
3958 0.1708984375
3959 0.203125
3960 0.15625
3961 0.0966796875
3962 0.1630859375
3963 0.193359375
3964 0.1474609375
3965 0.095703125
3966 0.1630859375
3967 0.1923828125
3968 0.14453125
3969 0.0927734375
3970 0.1591796875
3971 0.189453125
3972 0.1435546875
3973 0.0576171875
3974 0.076171875
3975 0.1015625
3976 0.05859375
3977 -0.0390625
3978 0.0078125
3979 0.0380859375
3980 0.0107421875
3981 -0.087890625
3982 0.0029296875
3983 0.0458984375
3984 0.0263671875
3985 -0.0224609375
3986 0.060546875
3987 0.0986328125
3988 0.0693359375
3989 -0.03125
3990 -0.0087890625
3991 0.025390625
3992 -0.0009765625
3993 -0.107421875
3994 -0.0498046875
3995 -0.0048828125
3996 -0.0263671875
3997 -0.16015625
3998 -0.095703125
3999 -0.0458984375
4000 -0.0546875
4001 -0.1953125
4002 -0.0869140625
4003 -0.0263671875
4004 -0.0283203125
4005 -0.1044921875
4006 -0.0087890625
4007 0.0400390625
4008 0.0224609375
4009 -0.0439453125
4010 0.041015625
4011 0.0810546875
4012 0.0576171875
4013 -0.0146484375
4014 0.0615234375
4015 0.1025390625
4016 0.0712890625
4017 0.001953125
4018 0.076171875
4019 0.11328125
4020 0.080078125
4021 0.0068359375
4022 0.080078125
4023 0.115234375
4024 0.08203125
4025 0.0234375
4026 0.09765625
4027 0.1328125
4028 0.09375
4029 0.0146484375
4030 0.03515625
4031 0.0634765625
4032 0.03125
4033 -0.0615234375
4034 -0.013671875
4035 0.0224609375
4036 -0.001953125
4037 -0.1083984375
4038 -0.0498046875
4039 -0.009765625
4040 -0.02734375
4041 -0.111328125
4042 -0.0185546875
4043 0.029296875
4044 0.01171875
4045 -0.0634765625
4046 -0.037109375
4047 0.00390625
4048 -0.0166015625
4049 -0.12890625
4050 -0.033203125
4051 0.0166015625
4052 0.0009765625
4053 -0.140625
4054 -0.11328125
4055 -0.0615234375
4056 -0.0654296875
4057 -0.2099609375
4058 -0.0947265625
4059 -0.03125
4060 -0.0341796875
4061 -0.083984375
4062 0.009765625
4063 0.0576171875
4064 0.0341796875
4065 -0.0791015625
4066 -0.05859375
4067 -0.0126953125
4068 -0.029296875
4069 -0.126953125
4070 -0.0634765625
4071 -0.0166015625
4072 -0.03125
4073 -0.166015625
4074 -0.0966796875
4075 -0.0458984375
4076 -0.052734375
4077 -0.212890625
4078 -0.138671875
4079 -0.0771484375
4080 -0.0751953125
4081 -0.203125
4082 -0.125
4083 -0.06640625
4084 -0.0673828125
4085 -0.1611328125
4086 -0.087890625
4087 -0.033203125
4088 -0.0439453125
4089 -0.1611328125
4090 -0.05078125
4091 0.0048828125
4092 -0.0029296875
4093 -0.1611328125
4094 -0.1318359375
4095 -0.0693359375
4096 -0.0673828125
4097 -0.1796875
4098 -0.103515625
4099 -0.0458984375
4100 -0.0478515625
4101 -0.1259765625
4102 -0.0517578125
4103 -0.0029296875
4104 -0.0185546875
4105 -0.1435546875
4106 -0.0361328125
4107 0.017578125
4108 0.0087890625
4109 -0.1259765625
4110 -0.1015625
4111 -0.0400390625
4112 -0.0419921875
4113 -0.1337890625
4114 -0.02734375
4115 0.029296875
4116 0.0205078125
4117 -0.02734375
4118 0.060546875
4119 0.1025390625
4120 0.0791015625
4121 0.009765625
4122 0.091796875
4123 0.1279296875
4124 0.09765625
4125 0.0361328125
4126 0.0703125
4127 0.0693359375
4128 0.0986328125
4129 -0.0048828125
4130 -0.046875
4131 -0.0390625
4132 0.001953125
4133 -0.0908203125
4134 -0.0439453125
4135 -0.0263671875
4136 0.0205078125
4137 -0.0537109375
4138 -0.0849609375
4139 -0.0703125
4140 -0.0244140625
4141 -0.083984375
4142 -0.0693359375
4143 -0.0595703125
4144 -0.013671875
4145 -0.115234375
4146 -0.099609375
4147 -0.0859375
4148 -0.0322265625
4149 -0.13671875
4150 -0.0751953125
4151 -0.052734375
4152 0.0009765625
4153 -0.052734375
4154 -0.01171875
4155 0.0029296875
4156 0.0439453125
4157 -0.0087890625
4158 0.0205078125
4159 0.029296875
4160 0.06640625
4161 0.021484375
4162 0.0458984375
4163 0.05078125
4164 0.08203125
4165 0.033203125
4166 0.056640625
4167 0.0595703125
4168 0.0888671875
4169 0.0283203125
4170 0.0498046875
4171 0.052734375
4172 0.0849609375
4173 0.0029296875
4174 0.0302734375
4175 0.033203125
4176 0.0673828125
4177 0.0146484375
4178 0.0390625
4179 0.04296875
4180 0.076171875
4181 0.03125
4182 -0.009765625
4183 -0.0087890625
4184 0.0244140625
4185 -0.021484375
4186 0.01171875
4187 0.0185546875
4188 0.0537109375
4189 0.0439453125
4190 0.0673828125
4191 0.06640625
4192 0.09375
4193 0.060546875
4194 0.0791015625
4195 0.0732421875
4196 0.099609375
4197 0.0537109375
4198 0.0703125
4199 0.0673828125
4200 0.09375
4201 0.0654296875
4202 0.0830078125
4203 0.0791015625
4204 0.1015625
4205 0.0927734375
4206 0.1044921875
4207 0.099609375
4208 0.1181640625
4209 0.1240234375
4210 0.1318359375
4211 0.1240234375
4212 0.1396484375
4213 0.1376953125
4214 0.142578125
4215 0.1318359375
4216 0.146484375
4217 0.1318359375
4218 0.134765625
4219 0.123046875
4220 0.1376953125
4221 0.1298828125
4222 0.1337890625
4223 0.123046875
4224 0.13671875
4225 0.12890625
4226 0.1318359375
4227 0.12109375
4228 0.1337890625
4229 0.0927734375
4230 0.0498046875
4231 0.037109375
4232 0.052734375
4233 -0.0087890625
4234 -0.017578125
4235 -0.0244140625
4236 0.0048828125
4237 -0.060546875
4238 -0.02734375
4239 -0.021484375
4240 0.0166015625
4241 0.01171875
4242 0.03515625
4243 0.0341796875
4244 0.0615234375
4245 0.001953125
4246 -0.037109375
4247 -0.0390625
4248 -0.0068359375
4249 -0.103515625
4250 -0.1025390625
4251 -0.08984375
4252 -0.0478515625
4253 -0.109375
4254 -0.103515625
4255 -0.09375
4256 -0.048828125
4257 -0.099609375
4258 -0.08984375
4259 -0.0830078125
4260 -0.0400390625
4261 -0.1025390625
4262 -0.095703125
4263 -0.0849609375
4264 -0.0400390625
4265 -0.1552734375
4266 -0.1611328125
4267 -0.13671875
4268 -0.0791015625
4269 -0.1435546875
4270 -0.1318359375
4271 -0.1123046875
4272 -0.060546875
4273 -0.1298828125
4274 -0.1162109375
4275 -0.1015625
4276 -0.0517578125
4277 -0.1005859375
4278 -0.0546875
4279 -0.0390625
4280 0.0068359375
4281 -0.046875
4282 -0.1005859375
4283 -0.083984375
4284 -0.0341796875
4285 -0.1015625
4286 -0.052734375
4287 -0.0380859375
4288 0.0087890625
4289 -0.0986328125
4290 -0.126953125
4291 -0.10546875
4292 -0.052734375
4293 -0.1240234375
4294 -0.0693359375
4295 -0.0498046875
4296 0.0
4297 -0.025390625
4298 0.0087890625
4299 0.01171875
4300 0.048828125
4301 -0.0556640625
4302 -0.08984375
4303 -0.0810546875
4304 -0.0322265625
4305 -0.169921875
4306 -0.1455078125
4307 -0.1201171875
4308 -0.060546875
4309 -0.1455078125
4310 -0.1162109375
4311 -0.1005859375
4312 -0.0478515625
4313 -0.119140625
4314 -0.064453125
4315 -0.044921875
4316 0.00390625
4317 -0.0849609375
4318 -0.1142578125
4319 -0.0927734375
4320 -0.041015625
4321 -0.111328125
4322 -0.0986328125
4323 -0.078125
4324 -0.02734375
4325 -0.1015625
4326 -0.087890625
4327 -0.07421875
4328 -0.0224609375
4329 -0.1435546875
4330 -0.08203125
4331 -0.0576171875
4332 0.0
4333 -0.0224609375
4334 0.0166015625
4335 0.0234375
4336 0.0615234375
4337 0.0625
4338 0.083984375
4339 0.08203125
4340 0.1103515625
4341 0.12109375
4342 0.1318359375
4343 0.1259765625
4344 0.146484375
4345 0.1455078125
4346 0.15234375
4347 0.1416015625
4348 0.158203125
4349 0.1435546875
4350 0.150390625
4351 0.13671875
4352 0.154296875
4353 0.1455078125
4354 0.150390625
4355 0.1396484375
4356 0.15625
4357 0.146484375
4358 0.1494140625
4359 0.1376953125
4360 0.1533203125
4361 0.1103515625
4362 0.0673828125
4363 0.0517578125
4364 0.0703125
4365 0.0107421875
4366 -0.0009765625
4367 -0.0068359375
4368 0.0224609375
4369 -0.041015625
4370 -0.0078125
4371 -0.00390625
4372 0.0341796875
4373 0.0302734375
4374 0.052734375
4375 0.05078125
4376 0.080078125
4377 0.0205078125
4378 -0.017578125
4379 -0.0224609375
4380 0.0107421875
4381 -0.087890625
4382 -0.08203125
4383 -0.0751953125
4384 -0.0302734375
4385 -0.0908203125
4386 -0.087890625
4387 -0.076171875
4388 -0.0322265625
4389 -0.0830078125
4390 -0.072265625
4391 -0.0654296875
4392 -0.025390625
4393 -0.0869140625
4394 -0.0791015625
4395 -0.0703125
4396 -0.0263671875
4397 -0.138671875
4398 -0.1455078125
4399 -0.1220703125
4400 -0.0625
4401 -0.12890625
4402 -0.1171875
4403 -0.0986328125
4404 -0.0458984375
4405 -0.1162109375
4406 -0.1025390625
4407 -0.087890625
4408 -0.037109375
4409 -0.087890625
4410 -0.0419921875
4411 -0.025390625
4412 0.01953125
4413 -0.033203125
4414 -0.087890625
4415 -0.0712890625
4416 -0.021484375
4417 -0.08203125
4418 -0.03515625
4419 -0.0224609375
4420 0.0234375
4421 -0.072265625
4422 -0.1025390625
4423 -0.083984375
4424 -0.0341796875
4425 -0.109375
4426 -0.0537109375
4427 -0.037109375
4428 0.01171875
4429 -0.013671875
4430 0.01953125
4431 0.0244140625
4432 0.0615234375
4433 -0.03515625
4434 -0.068359375
4435 -0.0615234375
4436 -0.0166015625
4437 -0.1533203125
4438 -0.1318359375
4439 -0.107421875
4440 -0.0498046875
4441 -0.1337890625
4442 -0.107421875
4443 -0.0908203125
4444 -0.0400390625
4445 -0.111328125
4446 -0.0537109375
4447 -0.0361328125
4448 0.013671875
4449 -0.08203125
4450 -0.1064453125
4451 -0.0869140625
4452 -0.0341796875
4453 -0.1044921875
4454 -0.0908203125
4455 -0.072265625
4456 -0.0205078125
4457 -0.0947265625
4458 -0.08203125
4459 -0.0673828125
4460 -0.0166015625
4461 -0.1357421875
4462 -0.0751953125
4463 -0.0498046875
4464 0.0068359375
4465 -0.015625
4466 0.0234375
4467 0.03125
4468 0.068359375
4469 0.068359375
4470 0.0908203125
4471 0.0908203125
4472 0.1162109375
4473 0.125
4474 0.1376953125
4475 0.1337890625
4476 0.1513671875
4477 0.1513671875
4478 0.158203125
4479 0.1494140625
4480 0.1650390625
4481 0.15234375
4482 0.1552734375
4483 0.1435546875
4484 0.16015625
4485 0.154296875
4486 0.15625
4487 0.14453125
4488 0.1611328125
4489 0.1513671875
4490 0.15625
4491 0.1435546875
4492 0.1591796875
4493 0.115234375
4494 0.0751953125
4495 0.0576171875
4496 0.0751953125
4497 0.015625
4498 0.00390625
4499 -0.001953125
4500 0.02734375
4501 -0.0341796875
4502 -0.00390625
4503 0.0029296875
4504 0.0400390625
4505 0.03515625
4506 0.056640625
4507 0.0556640625
4508 0.0859375
4509 0.0234375
4510 -0.015625
4511 -0.0185546875
4512 0.0166015625
4513 -0.08203125
4514 -0.078125
4515 -0.0712890625
4516 -0.025390625
4517 -0.0869140625
4518 -0.08203125
4519 -0.0732421875
4520 -0.0283203125
4521 -0.078125
4522 -0.0693359375
4523 -0.0615234375
4524 -0.0205078125
4525 -0.0810546875
4526 -0.076171875
4527 -0.064453125
4528 -0.021484375
4529 -0.1337890625
4530 -0.1396484375
4531 -0.1181640625
4532 -0.0576171875
4533 -0.125
4534 -0.111328125
4535 -0.095703125
4536 -0.041015625
4537 -0.1123046875
4538 -0.0986328125
4539 -0.0849609375
4540 -0.033203125
4541 -0.0849609375
4542 -0.0390625
4543 -0.0224609375
4544 0.0224609375
4545 -0.0302734375
4546 -0.0849609375
4547 -0.0673828125
4548 -0.0185546875
4549 -0.080078125
4550 -0.033203125
4551 -0.0185546875
4552 0.02734375
4553 -0.072265625
4554 -0.1005859375
4555 -0.0830078125
4556 -0.0322265625
4557 -0.1083984375
4558 -0.0537109375
4559 -0.0341796875
4560 0.015625
4561 -0.0126953125
4562 0.0224609375
4563 0.025390625
4564 0.0634765625
4565 -0.0322265625
4566 -0.0673828125
4567 -0.0576171875
4568 -0.0146484375
4569 -0.15234375
4570 -0.130859375
4571 -0.103515625
4572 -0.0478515625
4573 -0.130859375
4574 -0.10546875
4575 -0.0908203125
4576 -0.0380859375
4577 -0.1064453125
4578 -0.052734375
4579 -0.0341796875
4580 0.017578125
4581 -0.078125
4582 -0.1015625
4583 -0.083984375
4584 -0.029296875
4585 -0.1025390625
4586 -0.087890625
4587 -0.0703125
4588 -0.0205078125
4589 -0.09375
4590 -0.0830078125
4591 -0.0654296875
4592 -0.015625
4593 -0.1357421875
4594 -0.0771484375
4595 -0.0478515625
4596 0.005859375
4597 -0.0146484375
4598 0.0224609375
4599 0.029296875
4600 0.0703125
4601 0.0693359375
4602 0.0927734375
4603 0.091796875
4604 0.119140625
4605 0.1259765625
4606 0.1376953125
4607 0.134765625
4608 0.1552734375
4609 0.1533203125
4610 0.16015625
4611 0.15234375
4612 0.1669921875
4613 0.1533203125
4614 0.158203125
4615 0.146484375
4616 0.162109375
4617 0.1533203125
4618 0.158203125
4619 0.1474609375
4620 0.162109375
4621 0.154296875
4622 0.1591796875
4623 0.146484375
4624 0.1591796875
4625 0.119140625
4626 0.078125
4627 0.0625
4628 0.080078125
4629 0.017578125
4630 0.0087890625
4631 0.0009765625
4632 0.0302734375
4633 -0.0341796875
4634 -0.0009765625
4635 0.0048828125
4636 0.041015625
4637 0.03515625
4638 0.0576171875
4639 0.05859375
4640 0.0849609375
4641 0.02734375
4642 -0.0146484375
4643 -0.015625
4644 0.0166015625
4645 -0.0810546875
4646 -0.0771484375
4647 -0.068359375
4648 -0.0244140625
4649 -0.087890625
4650 -0.080078125
4651 -0.0712890625
4652 -0.0263671875
4653 -0.0771484375
4654 -0.06640625
4655 -0.0615234375
4656 -0.01953125
4657 -0.0791015625
4658 -0.07421875
4659 -0.0615234375
4660 -0.021484375
4661 -0.1298828125
4662 -0.1396484375
4663 -0.11328125
4664 -0.0576171875
4665 -0.1220703125
4666 -0.1103515625
4667 -0.091796875
4668 -0.0400390625
4669 -0.1103515625
4670 -0.0966796875
4671 -0.0830078125
4672 -0.03125
4673 -0.0830078125
4674 -0.03515625
4675 -0.021484375
4676 0.025390625
4677 -0.0283203125
4678 -0.0830078125
4679 -0.0634765625
4680 -0.017578125
4681 -0.078125
4682 -0.0322265625
4683 -0.0166015625
4684 0.02734375
4685 -0.0703125
4686 -0.1005859375
4687 -0.0810546875
4688 -0.03125
4689 -0.1064453125
4690 -0.0517578125
4691 -0.0341796875
4692 0.0166015625
4693 -0.009765625
4694 0.0263671875
4695 0.0302734375
4696 0.0673828125
4697 -0.0283203125
4698 -0.0625
4699 -0.0546875
4700 -0.0107421875
4701 -0.1474609375
4702 -0.126953125
4703 -0.103515625
4704 -0.044921875
4705 -0.1298828125
4706 -0.1044921875
4707 -0.087890625
4708 -0.0361328125
4709 -0.103515625
4710 -0.0517578125
4711 -0.033203125
4712 0.0185546875
4713 -0.07421875
4714 -0.1025390625
4715 -0.0830078125
4716 -0.0283203125
4717 -0.1015625
4718 -0.0859375
4719 -0.0673828125
4720 -0.0166015625
4721 -0.08984375
4722 -0.0771484375
4723 -0.0625
4724 -0.0126953125
4725 -0.1240234375
4726 -0.064453125
4727 -0.041015625
4728 0.0126953125
4729 -0.0087890625
4730 0.02734375
4731 0.0361328125
4732 0.0751953125
4733 0.072265625
4734 0.09375
4735 0.09375
4736 0.1201171875
4737 0.12890625
4738 0.1416015625
4739 0.1357421875
4740 0.15625
4741 0.1533203125
4742 0.16015625
4743 0.15234375
4744 0.16796875
4745 0.15234375
4746 0.158203125
4747 0.1455078125
4748 0.1630859375
4749 0.154296875
4750 0.1591796875
4751 0.1484375
4752 0.162109375
4753 0.1552734375
4754 0.158203125
4755 0.1474609375
4756 0.16015625
4757 0.12109375
4758 0.0791015625
4759 0.060546875
4760 0.080078125
4761 0.0185546875
4762 0.0087890625
4763 0.0029296875
4764 0.03125
4765 -0.0322265625
4766 0.0009765625
4767 0.0048828125
4768 0.0439453125
4769 0.0390625
4770 0.0615234375
4771 0.0595703125
4772 0.0869140625
4773 0.02734375
4774 -0.013671875
4775 -0.0146484375
4776 0.01953125
4777 -0.080078125
4778 -0.0771484375
4779 -0.06640625
4780 -0.0234375
4781 -0.0869140625
4782 -0.080078125
4783 -0.0712890625
4784 -0.0263671875
4785 -0.078125
4786 -0.06640625
4787 -0.060546875
4788 -0.0166015625
4789 -0.0810546875
4790 -0.072265625
4791 -0.064453125
4792 -0.01953125
4793 -0.1328125
4794 -0.138671875
4795 -0.115234375
4796 -0.0576171875
4797 -0.123046875
4798 -0.111328125
4799 -0.091796875
4800 -0.0400390625
4801 -0.1083984375
4802 -0.095703125
4803 -0.0830078125
4804 -0.03125
4805 -0.0810546875
4806 -0.03515625
4807 -0.0205078125
4808 0.0263671875
4809 -0.029296875
4810 -0.0810546875
4811 -0.0634765625
4812 -0.0166015625
4813 -0.07421875
4814 -0.029296875
4815 -0.015625
4816 0.029296875
4817 -0.0634765625
4818 -0.09375
4819 -0.0751953125
4820 -0.0263671875
4821 -0.095703125
4822 -0.044921875
4823 -0.0263671875
4824 0.0205078125
4825 -0.00390625
4826 0.0283203125
4827 0.0322265625
4828 0.0703125
4829 -0.0244140625
4830 -0.05859375
4831 -0.0537109375
4832 -0.0087890625
4833 -0.14453125
4834 -0.123046875
4835 -0.1005859375
4836 -0.04296875
4837 -0.1279296875
4838 -0.1015625
4839 -0.0859375
4840 -0.033203125
4841 -0.1015625
4842 -0.05078125
4843 -0.033203125
4844 0.0185546875
4845 -0.076171875
4846 -0.1005859375
4847 -0.0830078125
4848 -0.029296875
4849 -0.0986328125
4850 -0.0869140625
4851 -0.068359375
4852 -0.017578125
4853 -0.0908203125
4854 -0.0791015625
4855 -0.064453125
4856 -0.01171875
4857 -0.126953125
4858 -0.068359375
4859 -0.04296875
4860 0.013671875
4861 -0.0087890625
4862 0.02734375
4863 0.0341796875
4864 0.072265625
4865 0.0732421875
4866 0.09375
4867 0.0947265625
4868 0.12109375
4869 0.1298828125
4870 0.140625
4871 0.13671875
4872 0.15625
4873 0.1552734375
4874 0.1611328125
4875 0.150390625
4876 0.16796875
4877 0.154296875
4878 0.1572265625
4879 0.14453125
4880 0.162109375
4881 0.1552734375
4882 0.1591796875
4883 0.146484375
4884 0.1630859375
4885 0.15625
4886 0.1572265625
4887 0.146484375
4888 0.1611328125
4889 0.1181640625
4890 0.076171875
4891 0.060546875
4892 0.0791015625
4893 0.01953125
4894 0.0068359375
4895 0.0009765625
4896 0.0302734375
4897 -0.033203125
4898 -0.0009765625
4899 0.00390625
4900 0.0439453125
4901 0.0380859375
4902 0.0595703125
4903 0.0595703125
4904 0.0869140625
4905 0.02734375
4906 -0.01171875
4907 -0.0166015625
4908 0.017578125
4909 -0.080078125
4910 -0.0771484375
4911 -0.0673828125
4912 -0.025390625
4913 -0.083984375
4914 -0.080078125
4915 -0.0703125
4916 -0.025390625
4917 -0.0751953125
4918 -0.06640625
4919 -0.060546875
4920 -0.017578125
4921 -0.0810546875
4922 -0.0732421875
4923 -0.0634765625
4924 -0.01953125
4925 -0.1328125
4926 -0.1396484375
4927 -0.1162109375
4928 -0.056640625
4929 -0.1220703125
4930 -0.1103515625
4931 -0.09375
4932 -0.041015625
4933 -0.109375
4934 -0.09765625
4935 -0.08203125
4936 -0.0322265625
4937 -0.0810546875
4938 -0.037109375
4939 -0.0205078125
4940 0.0234375
4941 -0.02734375
4942 -0.08203125
4943 -0.064453125
4944 -0.017578125
4945 -0.0771484375
4946 -0.0302734375
4947 -0.0166015625
4948 0.029296875
4949 -0.064453125
4950 -0.09375
4951 -0.078125
4952 -0.0263671875
4953 -0.099609375
4954 -0.046875
4955 -0.0283203125
4956 0.017578125
4957 -0.005859375
4958 0.0263671875
4959 0.03125
4960 0.0673828125
4961 -0.025390625
4962 -0.0595703125
4963 -0.0517578125
4964 -0.009765625
4965 -0.14453125
4966 -0.123046875
4967 -0.099609375
4968 -0.0419921875
4969 -0.130859375
4970 -0.1025390625
4971 -0.087890625
4972 -0.0341796875
4973 -0.10546875
4974 -0.0498046875
4975 -0.0341796875
4976 0.0185546875
4977 -0.0771484375
4978 -0.1025390625
4979 -0.0830078125
4980 -0.029296875
4981 -0.1005859375
4982 -0.0869140625
4983 -0.0673828125
4984 -0.015625
4985 -0.087890625
4986 -0.078125
4987 -0.0634765625
4988 -0.013671875
4989 -0.126953125
4990 -0.068359375
4991 -0.04296875
4992 0.0126953125
4993 -0.0087890625
4994 0.0283203125
4995 0.0341796875
4996 0.07421875
4997 0.07421875
4998 0.0947265625
4999 0.0947265625
