x y
0 -0.0234375
1 -0.1962890625
2 -0.142578125
3 -0.078125
4 -0.0703125
5 -0.4365234375
6 -0.1142578125
7 -0.0361328125
8 -0.060546875
9 -0.17578125
10 -0.0830078125
11 -0.0107421875
12 -0.041015625
13 -0.1494140625
14 -0.0205078125
15 0.0556640625
16 0.017578125
17 -0.08984375
18 -0.06640625
19 0.0078125
20 -0.0244140625
21 -0.1494140625
22 -0.021484375
23 0.0556640625
24 0.0185546875
25 -0.11328125
26 -0.06640625
27 0.0048828125
28 -0.0283203125
29 -0.142578125
30 -0.052734375
31 0.017578125
32 -0.017578125
33 -0.1201171875
34 -0.0341796875
35 0.0322265625
36 -0.005859375
37 -0.1220703125
38 -0.0009765625
39 0.0693359375
40 0.03125
41 -0.056640625
42 0.056640625
43 0.1201171875
44 0.072265625
45 0.009765625
46 0.11328125
47 0.1728515625
48 0.1123046875
49 0.0146484375
50 0.064453125
51 0.1142578125
52 0.0546875
53 -0.0751953125
54 0.037109375
55 0.1005859375
56 0.0537109375
57 -0.0830078125
58 -0.044921875
59 0.0224609375
60 -0.0146484375
61 -0.1298828125
62 -0.04296875
63 0.0224609375
64 -0.0146484375
65 -0.1298828125
66 -0.041015625
67 0.0205078125
68 -0.0146484375
69 -0.1552734375
70 -0.02734375
71 0.0439453125
72 0.0146484375
73 -0.0400390625
74 0.0693359375
75 0.12890625
76 0.0810546875
77 -0.013671875
78 0.03515625
79 0.0888671875
80 0.03515625
81 -0.0927734375
82 0.021484375
83 0.0859375
84 0.04296875
85 -0.095703125
86 -0.0546875
87 0.0107421875
88 -0.021484375
89 -0.1337890625
90 -0.046875
91 0.017578125
92 -0.015625
93 -0.130859375
94 -0.0439453125
95 0.021484375
96 -0.015625
97 -0.1552734375
98 -0.029296875
99 0.046875
100 0.0126953125
101 -0.0419921875
102 0.0693359375
103 0.1318359375
104 0.080078125
105 -0.0126953125
106 0.0361328125
107 0.087890625
108 0.03515625
109 -0.09375
110 0.0224609375
111 0.0849609375
112 0.0439453125
113 -0.095703125
114 -0.0546875
115 0.0107421875
116 -0.021484375
117 -0.134765625
118 -0.048828125
119 0.0166015625
120 -0.0166015625
121 -0.12890625
122 -0.044921875
123 0.0185546875
124 -0.0146484375
125 -0.1552734375
126 -0.03125
127 0.044921875
128 0.0126953125
129 -0.0400390625
130 0.0693359375
131 0.1298828125
132 0.0810546875
133 -0.0126953125
134 0.03515625
135 0.0869140625
136 0.03515625
137 -0.0947265625
138 0.0205078125
139 0.083984375
140 0.0439453125
141 -0.0947265625
142 -0.0556640625
143 0.0107421875
144 -0.0205078125
145 -0.1318359375
146 -0.0498046875
147 0.0146484375
148 -0.017578125
149 -0.1259765625
150 -0.044921875
151 0.0166015625
152 -0.0126953125
153 -0.1484375
154 -0.0263671875
155 0.0400390625
156 0.0166015625
157 -0.0361328125
158 0.068359375
159 0.1259765625
160 0.08203125
161 -0.01171875
162 0.0361328125
163 0.08203125
164 0.03515625
165 -0.0888671875
166 0.0205078125
167 0.080078125
168 0.0439453125
169 -0.091796875
170 -0.0546875
171 0.005859375
172 -0.01953125
173 -0.1298828125
174 -0.0498046875
175 0.0146484375
176 -0.0146484375
177 -0.126953125
178 -0.04296875
179 0.015625
180 -0.0126953125
181 -0.1513671875
182 -0.02734375
183 0.0419921875
184 0.015625
185 -0.037109375
186 0.0693359375
187 0.126953125
188 0.0810546875
189 -0.0107421875
190 0.0361328125
191 0.0830078125
192 0.037109375
193 -0.0908203125
194 0.0205078125
195 0.08203125
196 0.0439453125
197 -0.09375
198 -0.056640625
199 0.0068359375
200 -0.01953125
201 -0.1318359375
202 -0.048828125
203 0.0126953125
204 -0.0146484375
205 -0.12890625
206 -0.04296875
207 0.0185546875
208 -0.0126953125
209 -0.15234375
210 -0.0302734375
211 0.041015625
212 0.013671875
213 -0.0380859375
214 0.0693359375
215 0.12890625
216 0.0810546875
217 -0.009765625
218 0.0361328125
219 0.0869140625
220 0.0361328125
221 -0.0927734375
222 0.01953125
223 0.08203125
224 0.044921875
225 -0.095703125
226 -0.0556640625
227 0.0087890625
228 -0.0205078125
229 -0.1328125
230 -0.048828125
231 0.0166015625
232 -0.015625
233 -0.1279296875
234 -0.044921875
235 0.0205078125
236 -0.0146484375
237 -0.154296875
238 -0.0302734375
239 0.044921875
240 0.0126953125
241 -0.0380859375
242 0.0693359375
243 0.130859375
244 0.0810546875
245 -0.013671875
246 0.037109375
247 0.0869140625
248 0.037109375
249 -0.09375
250 0.0205078125
251 0.0849609375
252 0.0439453125
253 -0.09375
254 -0.0546875
255 0.009765625
256 -0.0205078125
257 -0.1337890625
258 -0.05078125
259 0.015625
260 -0.017578125
261 -0.12890625
262 -0.04296875
263 0.021484375
264 -0.013671875
265 -0.15234375
266 -0.02734375
267 0.0478515625
268 0.015625
269 -0.0390625
270 0.0703125
271 0.1328125
272 0.0810546875
273 -0.01171875
274 0.0361328125
275 0.0888671875
276 0.0380859375
277 -0.091796875
278 0.021484375
279 0.0869140625
280 0.044921875
281 -0.091796875
282 -0.0537109375
283 0.0146484375
284 -0.0205078125
285 -0.130859375
286 -0.0478515625
287 0.0185546875
288 -0.0146484375
289 -0.1279296875
290 -0.04296875
291 0.0185546875
292 -0.0126953125
293 -0.154296875
294 -0.0283203125
295 0.0439453125
296 0.0146484375
297 -0.0419921875
298 0.0703125
299 0.1328125
300 0.0810546875
301 -0.01171875
302 0.03515625
303 0.08984375
304 0.037109375
305 -0.09375
306 0.0205078125
307 0.0849609375
308 0.04296875
309 -0.09375
310 -0.0537109375
311 0.0146484375
312 -0.01953125
313 -0.1337890625
314 -0.0478515625
315 0.0185546875
316 -0.015625
317 -0.1298828125
318 -0.0419921875
319 0.0224609375
320 -0.013671875
321 -0.1552734375
322 -0.0263671875
323 0.0478515625
324 0.013671875
325 -0.0419921875
326 0.0693359375
327 0.134765625
328 0.0810546875
329 -0.013671875
330 0.0361328125
331 0.091796875
332 0.037109375
333 -0.09375
334 0.0224609375
335 0.0888671875
336 0.04296875
337 -0.095703125
338 -0.0517578125
339 0.015625
340 -0.0185546875
341 -0.134765625
342 -0.0458984375
343 0.0205078125
344 -0.0166015625
345 -0.1298828125
346 -0.0400390625
347 0.0234375
348 -0.013671875
349 -0.1572265625
350 -0.0283203125
351 0.0458984375
352 0.0126953125
353 -0.041015625
354 0.0693359375
355 0.12890625
356 0.080078125
357 -0.01171875
358 0.0361328125
359 0.0888671875
360 0.0361328125
361 -0.0947265625
362 0.0205078125
363 0.0849609375
364 0.044921875
365 -0.095703125
366 -0.0546875
367 0.0146484375
368 -0.0185546875
369 -0.134765625
370 -0.046875
371 0.0205078125
372 -0.0146484375
373 -0.12890625
374 -0.0419921875
375 0.0234375
376 -0.0146484375
377 -0.1533203125
378 -0.025390625
379 0.048828125
380 0.0166015625
381 -0.0390625
382 0.0693359375
383 0.1337890625
384 0.0830078125
385 -0.01171875
386 0.0390625
387 0.0908203125
388 0.037109375
389 -0.0947265625
390 0.0244140625
391 0.087890625
392 0.044921875
393 -0.0947265625
394 -0.0517578125
395 0.0166015625
396 -0.0205078125
397 -0.1337890625
398 -0.0478515625
399 0.021484375
400 -0.0166015625
401 -0.130859375
402 -0.0419921875
403 0.0234375
404 -0.013671875
405 -0.15625
406 -0.0263671875
407 0.046875
408 0.0146484375
409 -0.041015625
410 0.0732421875
411 0.1337890625
412 0.0830078125
413 -0.01171875
414 0.037109375
415 0.08984375
416 0.037109375
417 -0.0947265625
418 0.021484375
419 0.0869140625
420 0.0439453125
421 -0.0947265625
422 -0.0517578125
423 0.013671875
424 -0.0205078125
425 -0.1328125
426 -0.046875
427 0.01953125
428 -0.0146484375
429 -0.12890625
430 -0.04296875
431 0.0234375
432 -0.0126953125
433 -0.15625
434 -0.0263671875
435 0.05078125
436 0.015625
437 -0.04296875
438 0.072265625
439 0.13671875
440 0.08203125
441 -0.0126953125
442 0.037109375
443 0.0947265625
444 0.037109375
445 -0.0966796875
446 0.021484375
447 0.0888671875
448 0.04296875
449 -0.095703125
450 -0.0537109375
451 0.017578125
452 -0.021484375
453 -0.1376953125
454 -0.0478515625
455 0.0224609375
456 -0.015625
457 -0.1318359375
458 -0.0400390625
459 0.0263671875
460 -0.0126953125
461 -0.1591796875
462 -0.0263671875
463 0.0498046875
464 0.0126953125
465 -0.04296875
466 0.0712890625
467 0.1357421875
468 0.0810546875
469 -0.0126953125
470 0.0380859375
471 0.09375
472 0.0361328125
473 -0.09765625
474 0.0224609375
475 0.0908203125
476 0.0439453125
477 -0.09765625
478 -0.052734375
479 0.0166015625
480 -0.01953125
481 -0.134765625
482 -0.0439453125
483 0.0224609375
484 -0.0146484375
485 -0.1298828125
486 -0.0400390625
487 0.0263671875
488 -0.013671875
489 -0.154296875
490 -0.0244140625
491 0.0517578125
492 0.0166015625
493 -0.041015625
494 0.0732421875
495 0.138671875
496 0.08203125
497 -0.0126953125
498 0.0400390625
499 0.0927734375
500 0.037109375
501 -0.0947265625
502 0.025390625
503 0.0908203125
504 0.046875
505 -0.0927734375
506 -0.05078125
507 0.0166015625
508 -0.017578125
509 -0.1337890625
510 -0.0458984375
511 0.0224609375
512 -0.0146484375
513 -0.126953125
514 -0.041015625
515 0.0244140625
516 -0.0126953125
517 -0.154296875
518 -0.025390625
519 0.0478515625
520 0.015625
521 -0.0400390625
522 0.072265625
523 0.134765625
524 0.083984375
525 -0.0087890625
526 0.0390625
527 0.0908203125
528 0.0380859375
529 -0.0908203125
530 0.0234375
531 0.0859375
532 0.0458984375
533 -0.091796875
534 -0.052734375
535 0.0146484375
536 -0.01953125
537 -0.1318359375
538 -0.0458984375
539 0.0205078125
540 -0.013671875
541 -0.1279296875
542 -0.041015625
543 0.0234375
544 -0.013671875
545 -0.1552734375
546 -0.0263671875
547 0.046875
548 0.0146484375
549 -0.0400390625
550 0.0703125
551 0.1328125
552 0.083984375
553 -0.0107421875
554 0.037109375
555 0.0908203125
556 0.0380859375
557 -0.091796875
558 0.0234375
559 0.08984375
560 0.0458984375
561 -0.0908203125
562 -0.0517578125
563 0.0166015625
564 -0.017578125
565 -0.1318359375
566 -0.0458984375
567 0.021484375
568 -0.013671875
569 -0.126953125
570 -0.041015625
571 0.021484375
572 -0.0126953125
573 -0.1533203125
574 -0.025390625
575 0.044921875
576 0.0166015625
577 -0.0361328125
578 0.0712890625
579 0.12890625
580 0.08203125
581 -0.0087890625
582 0.037109375
583 0.087890625
584 0.037109375
585 -0.08984375
586 0.021484375
587 0.0849609375
588 0.0458984375
589 -0.091796875
590 -0.052734375
591 0.009765625
592 -0.0185546875
593 -0.1318359375
594 -0.048828125
595 0.0166015625
596 -0.013671875
597 -0.1259765625
598 -0.0419921875
599 0.01953125
600 -0.013671875
601 -0.1484375
602 -0.0263671875
603 0.044921875
604 0.017578125
605 -0.0361328125
606 0.0712890625
607 0.130859375
608 0.0830078125
609 -0.0087890625
610 0.0380859375
611 0.087890625
612 0.0390625
613 -0.087890625
614 0.0234375
615 0.0859375
616 0.0458984375
617 -0.0908203125
618 -0.05078125
619 0.0146484375
620 -0.017578125
621 -0.1298828125
622 -0.0458984375
623 0.0185546875
624 -0.0146484375
625 -0.1240234375
626 -0.041015625
627 0.0205078125
628 -0.0126953125
629 -0.150390625
630 -0.025390625
631 0.0458984375
632 0.015625
633 -0.0361328125
634 0.0712890625
635 0.130859375
636 0.0849609375
637 -0.0087890625
638 0.037109375
639 0.0869140625
640 0.0380859375
641 -0.0927734375
642 0.0224609375
643 0.083984375
644 0.046875
645 -0.09375
646 -0.0537109375
647 0.0126953125
648 -0.01953125
649 -0.130859375
650 -0.0478515625
651 0.0185546875
652 -0.013671875
653 -0.1259765625
654 -0.041015625
655 0.0244140625
656 -0.01171875
657 -0.154296875
658 -0.0263671875
659 0.0478515625
660 0.0146484375
661 -0.0390625
662 0.0703125
663 0.1337890625
664 0.0830078125
665 -0.0107421875
666 0.0400390625
667 0.08984375
668 0.0390625
669 -0.0927734375
670 0.0224609375
671 0.087890625
672 0.044921875
673 -0.09375
674 -0.052734375
675 0.0166015625
676 -0.01953125
677 -0.1328125
678 -0.0458984375
679 0.0244140625
680 -0.015625
681 -0.130859375
682 -0.041015625
683 0.0263671875
684 -0.01171875
685 -0.1572265625
686 -0.025390625
687 0.0498046875
688 0.015625
689 -0.04296875
690 0.0712890625
691 0.13671875
692 0.080078125
693 -0.01171875
694 0.0380859375
695 0.0927734375
696 0.037109375
697 -0.09375
698 0.0224609375
699 0.087890625
700 0.0439453125
701 -0.0927734375
702 -0.0517578125
703 0.0146484375
704 -0.0185546875
705 -0.1318359375
706 -0.0458984375
707 0.0185546875
708 -0.01171875
709 -0.1259765625
710 -0.0400390625
711 0.0234375
712 -0.01171875
713 -0.150390625
714 -0.025390625
715 0.0478515625
716 0.015625
717 -0.0390625
718 0.072265625
719 0.1357421875
720 0.083984375
721 -0.0078125
722 0.0390625
723 0.0908203125
724 0.0380859375
725 -0.08984375
726 0.0234375
727 0.087890625
728 0.046875
729 -0.08984375
730 -0.048828125
731 0.015625
732 -0.015625
733 -0.1298828125
734 -0.044921875
735 0.021484375
736 -0.01171875
737 -0.1279296875
738 -0.041015625
739 0.0234375
740 -0.0126953125
741 -0.154296875
742 -0.0263671875
743 0.0478515625
744 0.015625
745 -0.0400390625
746 0.0703125
747 0.1357421875
748 0.0830078125
749 -0.009765625
750 0.0400390625
751 0.091796875
752 0.0380859375
753 -0.09375
754 0.0234375
755 0.087890625
756 0.0458984375
757 -0.091796875
758 -0.048828125
759 0.0166015625
760 -0.017578125
761 -0.1318359375
762 -0.0458984375
763 0.0205078125
764 -0.013671875
765 -0.125
766 -0.0400390625
767 0.0244140625
768 -0.01171875
769 -0.1494140625
770 -0.0263671875
771 0.0458984375
772 0.015625
773 -0.0380859375
774 0.072265625
775 0.1318359375
776 0.083984375
777 -0.0087890625
778 0.0390625
779 0.087890625
780 0.0400390625
781 -0.0908203125
782 0.0234375
783 0.0849609375
784 0.0458984375
785 -0.0908203125
786 -0.0517578125
787 0.013671875
788 -0.017578125
789 -0.1298828125
790 -0.046875
791 0.0185546875
792 -0.0126953125
793 -0.125
794 -0.041015625
795 0.021484375
796 -0.009765625
797 -0.1552734375
798 -0.02734375
799 0.044921875
800 0.0166015625
801 -0.0400390625
802 0.072265625
803 0.134765625
804 0.0830078125
805 -0.0107421875
806 0.0380859375
807 0.091796875
808 0.037109375
809 -0.09375
810 0.0224609375
811 0.0869140625
812 0.044921875
813 -0.091796875
814 -0.052734375
815 0.013671875
816 -0.0185546875
817 -0.1318359375
818 -0.044921875
819 0.01953125
820 -0.013671875
821 -0.1259765625
822 -0.0400390625
823 0.021484375
824 -0.0107421875
825 -0.1513671875
826 -0.0234375
827 0.0478515625
828 0.017578125
829 -0.0390625
830 0.072265625
831 0.134765625
832 0.08203125
833 -0.0107421875
834 0.0361328125
835 0.08984375
836 0.037109375
837 -0.091796875
838 0.0224609375
839 0.087890625
840 0.0458984375
841 -0.091796875
842 -0.0517578125
843 0.013671875
844 -0.0185546875
845 -0.130859375
846 -0.0458984375
847 0.01953125
848 -0.013671875
849 -0.1279296875
850 -0.0400390625
851 0.0224609375
852 -0.0107421875
853 -0.15234375
854 -0.025390625
855 0.0458984375
856 0.015625
857 -0.0390625
858 0.0712890625
859 0.1337890625
860 0.08203125
861 -0.009765625
862 0.0380859375
863 0.091796875
864 0.037109375
865 -0.09375
866 0.0224609375
867 0.087890625
868 0.0439453125
869 -0.0927734375
870 -0.0517578125
871 0.015625
872 -0.01953125
873 -0.134765625
874 -0.044921875
875 0.0244140625
876 -0.0146484375
877 -0.1298828125
878 -0.0400390625
879 0.0283203125
880 -0.0146484375
881 -0.1572265625
882 -0.02734375
883 0.0498046875
884 0.013671875
885 -0.0419921875
886 0.0732421875
887 0.13671875
888 0.0810546875
889 -0.013671875
890 0.0400390625
891 0.09375
892 0.0361328125
893 -0.0966796875
894 0.0234375
895 0.08984375
896 0.04296875
897 -0.09375
898 -0.05078125
899 0.017578125
900 -0.0185546875
901 -0.1337890625
902 -0.0458984375
903 0.0244140625
904 -0.0146484375
905 -0.12890625
906 -0.041015625
907 0.025390625
908 -0.013671875
909 -0.15625
910 -0.0263671875
911 0.0478515625
912 0.013671875
913 -0.04296875
914 0.0712890625
915 0.1357421875
916 0.0830078125
917 -0.0126953125
918 0.0400390625
919 0.0927734375
920 0.0380859375
921 -0.09765625
922 0.0224609375
923 0.0888671875
924 0.0439453125
925 -0.095703125
926 -0.0537109375
927 0.0146484375
928 -0.021484375
929 -0.134765625
930 -0.0478515625
931 0.0234375
932 -0.015625
933 -0.1298828125
934 -0.0400390625
935 0.025390625
936 -0.0126953125
937 -0.154296875
938 -0.025390625
939 0.048828125
940 0.015625
941 -0.041015625
942 0.0751953125
943 0.1376953125
944 0.0830078125
945 -0.009765625
946 0.0400390625
947 0.09375
948 0.0380859375
949 -0.0908203125
950 0.0244140625
951 0.0908203125
952 0.046875
953 -0.091796875
954 -0.0517578125
955 0.017578125
956 -0.017578125
957 -0.1328125
958 -0.044921875
959 0.0234375
960 -0.0126953125
961 -0.126953125
962 -0.041015625
963 0.021484375
964 -0.0107421875
965 -0.1533203125
966 -0.0263671875
967 0.0458984375
968 0.0166015625
969 -0.0380859375
970 0.072265625
971 0.134765625
972 0.08203125
973 -0.009765625
974 0.0390625
975 0.0908203125
976 0.0380859375
977 -0.0927734375
978 0.0234375
979 0.0869140625
980 0.0439453125
981 -0.0947265625
982 -0.052734375
983 0.0126953125
984 -0.0185546875
985 -0.1328125
986 -0.0458984375
987 0.021484375
988 -0.0126953125
989 -0.126953125
990 -0.0400390625
991 0.0244140625
992 -0.0126953125
993 -0.154296875
994 -0.025390625
995 0.048828125
996 0.0146484375
997 -0.0400390625
998 0.0712890625
999 0.1357421875
1000 0.08203125
1001 -0.0087890625
1002 0.0400390625
1003 0.0947265625
1004 0.0380859375
1005 -0.09375
1006 0.0244140625
1007 0.091796875
1008 0.044921875
1009 -0.09375
1010 -0.052734375
1011 0.0166015625
1012 -0.017578125
1013 -0.134765625
1014 -0.044921875
1015 0.0244140625
1016 -0.013671875
1017 -0.1298828125
1018 -0.0400390625
1019 0.02734375
1020 -0.013671875
1021 -0.1572265625
1022 -0.02734375
1023 0.05078125
1024 0.0146484375
1025 -0.0419921875
1026 0.072265625
1027 0.1328125
1028 0.08203125
1029 -0.0126953125
1030 0.0390625
1031 0.091796875
1032 0.0380859375
1033 -0.0947265625
1034 0.0234375
1035 0.0888671875
1036 0.04296875
1037 -0.0947265625
1038 -0.052734375
1039 0.013671875
1040 -0.0185546875
1041 -0.1328125
1042 -0.046875
1043 0.021484375
1044 -0.015625
1045 -0.126953125
1046 -0.041015625
1047 0.025390625
1048 -0.0107421875
1049 -0.15234375
1050 -0.0234375
1051 0.0478515625
1052 0.0185546875
1053 -0.041015625
1054 0.0732421875
1055 0.1357421875
1056 0.0830078125
1057 -0.0107421875
1058 0.0400390625
1059 0.0927734375
1060 0.0380859375
1061 -0.09375
1062 0.0244140625
1063 0.0888671875
1064 0.044921875
1065 -0.09375
1066 -0.0517578125
1067 0.0166015625
1068 -0.01953125
1069 -0.130859375
1070 -0.044921875
1071 0.0224609375
1072 -0.013671875
1073 -0.1298828125
1074 -0.041015625
1075 0.025390625
1076 -0.013671875
1077 -0.1552734375
1078 -0.0244140625
1079 0.0478515625
1080 0.015625
1081 -0.0400390625
1082 0.0751953125
1083 0.13671875
1084 0.0830078125
1085 -0.0107421875
1086 0.0390625
1087 0.0927734375
1088 0.0380859375
1089 -0.0927734375
1090 0.0224609375
1091 0.0869140625
1092 0.0458984375
1093 -0.0927734375
1094 -0.0537109375
1095 0.0126953125
1096 -0.01953125
1097 -0.1328125
1098 -0.0458984375
1099 0.01953125
1100 -0.013671875
1101 -0.126953125
1102 -0.0400390625
1103 0.0224609375
1104 -0.0107421875
1105 -0.1533203125
1106 -0.02734375
1107 0.0458984375
1108 0.015625
1109 -0.0400390625
1110 0.0712890625
1111 0.1357421875
1112 0.0830078125
1113 -0.009765625
1114 0.0400390625
1115 0.0927734375
1116 0.0390625
1117 -0.0947265625
1118 0.0234375
1119 0.08984375
1120 0.044921875
1121 -0.0966796875
1122 -0.0537109375
1123 0.013671875
1124 -0.01953125
1125 -0.134765625
1126 -0.044921875
1127 0.021484375
1128 -0.0146484375
1129 -0.1298828125
1130 -0.0400390625
1131 0.025390625
1132 -0.0126953125
1133 -0.15625
1134 -0.0283203125
1135 0.0498046875
1136 0.0146484375
1137 -0.0400390625
1138 0.072265625
1139 0.1357421875
1140 0.0830078125
1141 -0.01171875
1142 0.0400390625
1143 0.091796875
1144 0.0390625
1145 -0.095703125
1146 0.021484375
1147 0.087890625
1148 0.0458984375
1149 -0.095703125
1150 -0.052734375
1151 0.0146484375
1152 -0.0185546875
1153 -0.1318359375
1154 -0.046875
1155 0.0224609375
1156 -0.013671875
1157 -0.1259765625
1158 -0.0400390625
1159 0.0263671875
1160 -0.01171875
1161 -0.1533203125
1162 -0.025390625
1163 0.0498046875
1164 0.017578125
1165 -0.041015625
1166 0.0732421875
1167 0.1357421875
1168 0.0830078125
1169 -0.0107421875
1170 0.041015625
1171 0.0927734375
1172 0.0380859375
1173 -0.091796875
1174 0.0234375
1175 0.08984375
1176 0.044921875
1177 -0.091796875
1178 -0.05078125
1179 0.015625
1180 -0.0166015625
1181 -0.1328125
1182 -0.044921875
1183 0.0224609375
1184 -0.013671875
1185 -0.1279296875
1186 -0.0400390625
1187 0.025390625
1188 -0.0107421875
1189 -0.15625
1190 -0.025390625
1191 0.0478515625
1192 0.0146484375
1193 -0.041015625
1194 0.0732421875
1195 0.1376953125
1196 0.083984375
1197 -0.0107421875
1198 0.037109375
1199 0.0947265625
1200 0.0390625
1201 -0.09375
1202 0.0234375
1203 0.0908203125
1204 0.044921875
1205 -0.09375
1206 -0.0517578125
1207 0.0185546875
1208 -0.0185546875
1209 -0.1328125
1210 -0.0439453125
1211 0.0224609375
1212 -0.013671875
1213 -0.1279296875
1214 -0.0390625
1215 0.025390625
1216 -0.0107421875
1217 -0.15625
1218 -0.0263671875
1219 0.0458984375
1220 0.0146484375
1221 -0.0400390625
1222 0.072265625
1223 0.134765625
1224 0.08203125
1225 -0.0107421875
1226 0.0380859375
1227 0.091796875
1228 0.0390625
1229 -0.091796875
1230 0.0244140625
1231 0.0888671875
1232 0.0458984375
1233 -0.0927734375
1234 -0.0517578125
1235 0.0146484375
1236 -0.0166015625
1237 -0.1318359375
1238 -0.044921875
1239 0.021484375
1240 -0.01171875
1241 -0.1259765625
1242 -0.041015625
1243 0.021484375
1244 -0.0107421875
1245 -0.1533203125
1246 -0.0283203125
1247 0.044921875
1248 0.0166015625
1249 -0.0361328125
1250 0.072265625
1251 0.130859375
1252 0.0830078125
1253 -0.0087890625
1254 0.0400390625
1255 0.0869140625
1256 0.0390625
1257 -0.091796875
1258 0.021484375
1259 0.083984375
1260 0.0458984375
1261 -0.0927734375
1262 -0.0517578125
1263 0.0107421875
1264 -0.017578125
1265 -0.130859375
1266 -0.0478515625
1267 0.01953125
1268 -0.0146484375
1269 -0.1240234375
1270 -0.041015625
1271 0.021484375
1272 -0.01171875
1273 -0.1494140625
1274 -0.0244140625
1275 0.0458984375
1276 0.017578125
1277 -0.037109375
1278 0.072265625
1279 0.1337890625
1280 0.083984375
1281 -0.0087890625
1282 0.0400390625
1283 0.0908203125
1284 0.0400390625
1285 -0.0908203125
1286 0.0244140625
1287 0.0859375
1288 0.046875
1289 -0.0908203125
1290 -0.0537109375
1291 0.01171875
1292 -0.0185546875
1293 -0.130859375
1294 -0.0458984375
1295 0.01953125
1296 -0.013671875
1297 -0.125
1298 -0.041015625
1299 0.021484375
1300 -0.0107421875
1301 -0.15234375
1302 -0.025390625
1303 0.0439453125
1304 0.015625
1305 -0.0380859375
1306 0.072265625
1307 0.1328125
1308 0.0830078125
1309 -0.0087890625
1310 0.0380859375
1311 0.0888671875
1312 0.0380859375
1313 -0.0927734375
1314 0.0205078125
1315 0.083984375
1316 0.0439453125
1317 -0.09375
1318 -0.0546875
1319 0.009765625
1320 -0.01953125
1321 -0.130859375
1322 -0.0478515625
1323 0.017578125
1324 -0.0126953125
1325 -0.1259765625
1326 -0.0419921875
1327 0.0205078125
1328 -0.0107421875
1329 -0.15234375
1330 -0.0263671875
1331 0.0458984375
1332 0.0166015625
1333 -0.0361328125
1334 0.072265625
1335 0.1318359375
1336 0.0830078125
1337 -0.0087890625
1338 0.0400390625
1339 0.08984375
1340 0.0390625
1341 -0.0908203125
1342 0.0224609375
1343 0.0869140625
1344 0.044921875
1345 -0.0947265625
1346 -0.052734375
1347 0.01171875
1348 -0.0185546875
1349 -0.1298828125
1350 -0.0478515625
1351 0.0185546875
1352 -0.01171875
1353 -0.1259765625
1354 -0.0400390625
1355 0.0224609375
1356 -0.0107421875
1357 -0.154296875
1358 -0.0263671875
1359 0.0458984375
1360 0.015625
1361 -0.0380859375
1362 0.0712890625
1363 0.1318359375
1364 0.0830078125
1365 -0.0087890625
1366 0.0380859375
1367 0.0908203125
1368 0.037109375
1369 -0.091796875
1370 0.0205078125
1371 0.0830078125
1372 0.046875
1373 -0.09375
1374 -0.0537109375
1375 0.0087890625
1376 -0.0166015625
1377 -0.12890625
1378 -0.0458984375
1379 0.017578125
1380 -0.013671875
1381 -0.125
1382 -0.0400390625
1383 0.0224609375
1384 -0.01171875
1385 -0.1494140625
1386 -0.0244140625
1387 0.046875
1388 0.017578125
1389 -0.0361328125
1390 0.072265625
1391 0.1337890625
1392 0.0849609375
1393 -0.0078125
1394 0.0400390625
1395 0.08984375
1396 0.0400390625
1397 -0.0908203125
1398 0.0244140625
1399 0.08984375
1400 0.0478515625
1401 -0.08984375
1402 -0.048828125
1403 0.013671875
1404 -0.017578125
1405 -0.1279296875
1406 -0.044921875
1407 0.0205078125
1408 -0.0126953125
1409 -0.126953125
1410 -0.0419921875
1411 0.0224609375
1412 -0.0126953125
1413 -0.15234375
1414 -0.025390625
1415 0.046875
1416 0.015625
1417 -0.0390625
1418 0.0732421875
1419 0.1328125
1420 0.0830078125
1421 -0.009765625
1422 0.041015625
1423 0.0908203125
1424 0.0400390625
1425 -0.0927734375
1426 0.0224609375
1427 0.087890625
1428 0.044921875
1429 -0.0927734375
1430 -0.0517578125
1431 0.0146484375
1432 -0.01953125
1433 -0.1328125
1434 -0.044921875
1435 0.025390625
1436 -0.0126953125
1437 -0.126953125
1438 -0.0380859375
1439 0.0302734375
1440 -0.0107421875
1441 -0.1318359375
1442 -0.00390625
1443 0.0703125
1444 0.029296875
1445 -0.0830078125
1446 -0.0283203125
1447 0.0380859375
1448 -0.0068359375
1449 -0.123046875
1450 -0.0400390625
1451 0.03125
1452 -0.0087890625
1453 -0.1328125
1454 -0.044921875
1455 0.025390625
1456 -0.0166015625
1457 -0.185546875
1458 -0.083984375
1459 -0.0107421875
1460 -0.0419921875
1461 -0.201171875
1462 -0.060546875
1463 0.025390625
1464 -0.00390625
1465 -0.0810546875
1466 0.0439453125
1467 0.11328125
1468 0.064453125
1469 0.0
1470 0.109375
1471 0.173828125
1472 0.109375
1473 0.015625
1474 0.060546875
1475 0.1123046875
1476 0.056640625
1477 -0.052734375
1478 0.056640625
1479 0.1220703125
1480 0.0693359375
1481 -0.0107421875
1482 0.09765625
1483 0.158203125
1484 0.0986328125
1485 -0.0224609375
1486 0.025390625
1487 0.0791015625
1488 0.02734375
1489 -0.0791015625
1490 0.037109375
1491 0.1025390625
1492 0.0537109375
1493 -0.015625
1494 0.0947265625
1495 0.15234375
1496 0.0927734375
1497 -0.017578125
1498 0.0263671875
1499 0.08203125
1500 0.025390625
1501 -0.083984375
1502 -0.0048828125
1503 0.0576171875
1504 0.0078125
1505 -0.0869140625
1506 0.0302734375
1507 0.0947265625
1508 0.046875
1509 -0.068359375
1510 0.04296875
1511 0.1083984375
1512 0.0576171875
1513 -0.0478515625
1514 0.0625
1515 0.125
1516 0.0703125
1517 -0.0029296875
1518 0.1025390625
1519 0.16015625
1520 0.095703125
1521 0.0068359375
1522 0.05078125
1523 0.1083984375
1524 0.0458984375
1525 -0.048828125
1526 0.05859375
1527 0.123046875
1528 0.064453125
1529 -0.0498046875
1530 0.060546875
1531 0.1201171875
1532 0.0654296875
1533 -0.09765625
1534 -0.0556640625
1535 0.0078125
1536 -0.029296875
1537 -0.1982421875
1538 -0.109375
1539 -0.0302734375
1540 -0.0576171875
1541 -0.1650390625
1542 -0.03515625
1543 0.0400390625
1544 0.001953125
1545 -0.0556640625
1546 0.056640625
1547 0.1220703125
1548 0.0673828125
1549 0.0029296875
1550 0.107421875
1551 0.1640625
1552 0.099609375
1553 -0.01953125
1554 0.0205078125
1555 0.072265625
1556 0.021484375
1557 -0.109375
1558 -0.0263671875
1559 0.033203125
1560 -0.0126953125
1561 -0.1943359375
1562 -0.125
1563 -0.044921875
1564 -0.0693359375
1565 -0.17578125
1566 -0.078125
1567 -0.0048828125
1568 -0.0419921875
1569 -0.20703125
1570 -0.1298828125
1571 -0.046875
1572 -0.0693359375
1573 -0.189453125
1574 -0.0546875
1575 0.0234375
1576 -0.0068359375
1577 -0.107421875
1578 -0.0556640625
1579 0.0126953125
1580 -0.0234375
1581 -0.13671875
1582 -0.046875
1583 0.017578125
1584 -0.021484375
1585 -0.130859375
1586 -0.0439453125
1587 0.0185546875
1588 -0.0166015625
1589 -0.1064453125
1590 0.01171875
1591 0.0810546875
1592 0.0380859375
1593 -0.0146484375
1594 0.091796875
1595 0.1533203125
1596 0.095703125
1597 -0.017578125
1598 0.083984375
1599 0.1435546875
1600 0.0859375
1601 -0.021484375
1602 0.0830078125
1603 0.1416015625
1604 0.0849609375
1605 0.0087890625
1606 0.111328125
1607 0.166015625
1608 0.103515625
1609 0.013671875
1610 0.056640625
1611 0.1083984375
1612 0.0478515625
1613 -0.044921875
1614 0.0595703125
1615 0.12109375
1616 0.0673828125
1617 -0.044921875
1618 0.060546875
1619 0.1201171875
1620 0.06640625
1621 -0.0947265625
1622 -0.05859375
1623 0.0048828125
1624 -0.03125
1625 -0.197265625
1626 -0.1083984375
1627 -0.03125
1628 -0.0546875
1629 -0.166015625
1630 -0.0361328125
1631 0.037109375
1632 0.0029296875
1633 -0.0712890625
1634 0.0419921875
1635 0.1083984375
1636 0.056640625
1637 -0.0029296875
1638 0.0986328125
1639 0.158203125
1640 0.0966796875
1641 -0.01953125
1642 0.01953125
1643 0.0732421875
1644 0.0205078125
1645 -0.1103515625
1646 -0.0302734375
1647 0.03125
1648 -0.01171875
1649 -0.1943359375
1650 -0.1279296875
1651 -0.0478515625
1652 -0.0693359375
1653 -0.17578125
1654 -0.0791015625
1655 -0.0078125
1656 -0.041015625
1657 -0.2080078125
1658 -0.1298828125
1659 -0.048828125
1660 -0.072265625
1661 -0.1923828125
1662 -0.056640625
1663 0.0205078125
1664 -0.0078125
1665 -0.1064453125
1666 -0.056640625
1667 0.0126953125
1668 -0.0244140625
1669 -0.1376953125
1670 -0.046875
1671 0.0166015625
1672 -0.01953125
1673 -0.130859375
1674 -0.0458984375
1675 0.01953125
1676 -0.017578125
1677 -0.1083984375
1678 0.0107421875
1679 0.080078125
1680 0.037109375
1681 -0.01171875
1682 0.09375
1683 0.1552734375
1684 0.0966796875
1685 0.0419921875
1686 0.1416015625
1687 0.197265625
1688 0.130859375
1689 0.0673828125
1690 0.1611328125
1691 0.2158203125
1692 0.1435546875
1693 0.037109375
1694 0.130859375
1695 0.1826171875
1696 0.115234375
1697 0.009765625
1698 0.10546875
1699 0.15625
1700 0.09765625
1701 0.01953125
1702 0.1162109375
1703 0.166015625
1704 0.1044921875
1705 0.0126953125
1706 0.0556640625
1707 0.103515625
1708 0.0458984375
1709 -0.044921875
1710 0.056640625
1711 0.1181640625
1712 0.0634765625
1713 0.0087890625
1714 0.1083984375
1715 0.1630859375
1716 0.1015625
1717 0.0390625
1718 0.1337890625
1719 0.1865234375
1720 0.119140625
1721 0.013671875
1722 0.1083984375
1723 0.1591796875
1724 0.0927734375
1725 -0.0654296875
1726 -0.03125
1727 0.0234375
1728 -0.0224609375
1729 -0.185546875
1730 -0.1044921875
1731 -0.03125
1732 -0.0615234375
1733 -0.169921875
1734 -0.0458984375
1735 0.0283203125
1736 -0.0107421875
1737 -0.07421875
1738 0.0400390625
1739 0.103515625
1740 0.048828125
1741 -0.017578125
1742 0.0859375
1743 0.1435546875
1744 0.0810546875
1745 -0.0400390625
1746 -0.0009765625
1747 0.0517578125
1748 0.0
1749 -0.130859375
1750 -0.0478515625
1751 0.013671875
1752 -0.0322265625
1753 -0.2119140625
1754 -0.1455078125
1755 -0.0625
1756 -0.087890625
1757 -0.1923828125
1758 -0.0966796875
1759 -0.0263671875
1760 -0.0595703125
1761 -0.2236328125
1762 -0.1455078125
1763 -0.06640625
1764 -0.0849609375
1765 -0.205078125
1766 -0.072265625
1767 0.0009765625
1768 -0.0224609375
1769 -0.1220703125
1770 -0.072265625
1771 -0.0078125
1772 -0.0390625
1773 -0.1591796875
1774 -0.072265625
1775 -0.0087890625
1776 -0.0390625
1777 -0.162109375
1778 -0.0771484375
1779 -0.01171875
1780 -0.041015625
1781 -0.138671875
1782 -0.017578125
1783 0.0498046875
1784 0.0166015625
1785 -0.0322265625
1786 0.07421875
1787 0.1318359375
1788 0.080078125
1789 0.0205078125
1790 0.119140625
1791 0.1728515625
1792 0.1103515625
1793 0.0478515625
1794 0.138671875
1795 0.1884765625
1796 0.125
1797 0.0625
1798 0.1513671875
1799 0.19921875
1800 0.1318359375
1801 0.072265625
1802 0.158203125
1803 0.2041015625
1804 0.1376953125
1805 0.0283203125
1806 0.1162109375
1807 0.162109375
1808 0.1015625
1809 -0.005859375
1810 0.0859375
1811 0.134765625
1812 0.0791015625
1813 0.0029296875
1814 0.095703125
1815 0.1455078125
1816 0.0849609375
1817 -0.0029296875
1818 0.03515625
1819 0.0810546875
1820 0.02734375
1821 -0.0615234375
1822 0.0380859375
1823 0.0966796875
1824 0.044921875
1825 -0.0146484375
1826 0.0830078125
1827 0.1396484375
1828 0.078125
1829 0.0205078125
1830 0.111328125
1831 0.1630859375
1832 0.0986328125
1833 -0.00390625
1834 0.087890625
1835 0.13671875
1836 0.076171875
1837 -0.0849609375
1838 -0.0537109375
1839 0.0
1840 -0.0400390625
1841 -0.2060546875
1842 -0.1259765625
1843 -0.0556640625
1844 -0.080078125
1845 -0.1845703125
1846 -0.0625
1847 0.0078125
1848 -0.0244140625
1849 -0.08203125
1850 0.025390625
1851 0.083984375
1852 0.037109375
1853 -0.02734375
1854 0.072265625
1855 0.126953125
1856 0.0673828125
1857 -0.048828125
1858 -0.0126953125
1859 0.037109375
1860 -0.0107421875
1861 -0.1376953125
1862 -0.0595703125
1863 -0.001953125
1864 -0.04296875
1865 -0.220703125
1866 -0.15625
1867 -0.0791015625
1868 -0.0966796875
1869 -0.19921875
1870 -0.1064453125
1871 -0.0390625
1872 -0.068359375
1873 -0.234375
1874 -0.15625
1875 -0.0791015625
1876 -0.09375
1877 -0.2158203125
1878 -0.0830078125
1879 -0.0078125
1880 -0.03125
1881 -0.130859375
1882 -0.0810546875
1883 -0.017578125
1884 -0.0478515625
1885 -0.19921875
1886 -0.111328125
1887 -0.04296875
1888 -0.0673828125
1889 -0.2080078125
1890 -0.1201171875
1891 -0.0478515625
1892 -0.0673828125
1893 -0.162109375
1894 -0.0400390625
1895 0.0302734375
1896 0.0
1897 -0.0439453125
1898 0.0595703125
1899 0.1181640625
1900 0.0703125
1901 0.0087890625
1902 0.10546875
1903 0.1591796875
1904 0.099609375
1905 0.037109375
1906 0.1279296875
1907 0.1806640625
1908 0.115234375
1909 0.048828125
1910 0.1376953125
1911 0.1865234375
1912 0.1201171875
1913 0.05859375
1914 0.146484375
1915 0.1943359375
1916 0.1259765625
1917 0.0224609375
1918 0.109375
1919 0.158203125
1920 0.095703125
1921 -0.013671875
1922 0.0810546875
1923 0.134765625
1924 0.0732421875
1925 -0.0048828125
1926 0.091796875
1927 0.1416015625
1928 0.080078125
1929 -0.009765625
1930 0.0283203125
1931 0.0771484375
1932 0.0205078125
1933 -0.0673828125
1934 0.033203125
1935 0.0927734375
1936 0.0390625
1937 -0.0166015625
1938 0.0810546875
1939 0.1376953125
1940 0.07421875
1941 0.015625
1942 0.109375
1943 0.1611328125
1944 0.0966796875
1945 -0.0078125
1946 0.0849609375
1947 0.1337890625
1948 0.0712890625
1949 -0.083984375
1950 -0.05078125
1951 0.0029296875
1952 -0.041015625
1953 -0.2001953125
1954 -0.119140625
1955 -0.046875
1956 -0.0791015625
1957 -0.1875
1958 -0.064453125
1959 0.0087890625
1960 -0.0263671875
1961 -0.087890625
1962 0.0205078125
1963 0.0830078125
1964 0.03125
1965 -0.0322265625
1966 0.068359375
1967 0.1259765625
1968 0.0634765625
1969 -0.0537109375
1970 -0.015625
1971 0.0361328125
1972 -0.013671875
1973 -0.142578125
1974 -0.0615234375
1975 -0.00390625
1976 -0.046875
1977 -0.2265625
1978 -0.1611328125
1979 -0.0810546875
1980 -0.1015625
1981 -0.2060546875
1982 -0.1123046875
1983 -0.0419921875
1984 -0.07421875
1985 -0.240234375
1986 -0.1611328125
1987 -0.08203125
1988 -0.1015625
1989 -0.22265625
1990 -0.0869140625
1991 -0.0078125
1992 -0.037109375
1993 -0.1376953125
1994 -0.083984375
1995 -0.0166015625
1996 -0.0537109375
1997 -0.173828125
1998 -0.08203125
1999 -0.0166015625
2000 -0.052734375
2001 -0.171875
2002 -0.0849609375
2003 -0.015625
2004 -0.052734375
2005 -0.1455078125
2006 -0.0234375
2007 0.048828125
2008 0.0068359375
2009 -0.0439453125
2010 0.0654296875
2011 0.125
2012 0.068359375
2013 0.005859375
2014 0.107421875
2015 0.1630859375
2016 0.0986328125
2017 0.03125
2018 0.1240234375
2019 0.1767578125
2020 0.109375
2021 0.037109375
2022 0.1279296875
2023 0.1806640625
2024 0.111328125
2025 0.0498046875
2026 0.1416015625
2027 0.19140625
2028 0.12109375
2029 0.0126953125
2030 0.1044921875
2031 0.154296875
2032 0.0888671875
2033 -0.0205078125
2034 0.076171875
2035 0.1279296875
2036 0.06640625
2037 -0.01171875
2038 0.0849609375
2039 0.13671875
2040 0.07421875
2041 -0.0322265625
2042 0.0087890625
2043 0.05859375
2044 0.0048828125
2045 -0.0859375
2046 0.01953125
2047 0.0830078125
2048 0.0283203125
2049 -0.029296875
2050 0.0732421875
2051 0.1318359375
2052 0.0673828125
2053 0.0078125
2054 0.1044921875
2055 0.1591796875
2056 0.08984375
2057 -0.0185546875
2058 0.078125
2059 0.130859375
2060 0.06640625
2061 -0.091796875
2062 -0.056640625
2063 0.0
2064 -0.0458984375
2065 -0.2119140625
2066 -0.1298828125
2067 -0.0576171875
2068 -0.0859375
2069 -0.197265625
2070 -0.0703125
2071 0.00390625
2072 -0.033203125
2073 -0.1064453125
2074 0.0048828125
2075 0.0712890625
2076 0.0205078125
2077 -0.0419921875
2078 0.0615234375
2079 0.119140625
2080 0.0576171875
2081 -0.060546875
2082 -0.0234375
2083 0.0283203125
2084 -0.0185546875
2085 -0.1494140625
2086 -0.0673828125
2087 -0.0107421875
2088 -0.0498046875
2089 -0.2314453125
2090 -0.1650390625
2091 -0.0869140625
2092 -0.10546875
2093 -0.208984375
2094 -0.1142578125
2095 -0.0419921875
2096 -0.0771484375
2097 -0.2392578125
2098 -0.1630859375
2099 -0.0830078125
2100 -0.1015625
2101 -0.22265625
2102 -0.0888671875
2103 -0.0126953125
2104 -0.0390625
2105 -0.1396484375
2106 -0.0888671875
2107 -0.0205078125
2108 -0.0537109375
2109 -0.21875
2110 -0.123046875
2111 -0.0498046875
2112 -0.0771484375
2113 -0.232421875
2114 -0.1357421875
2115 -0.05859375
2116 -0.08203125
2117 -0.1689453125
2118 -0.04296875
2119 0.033203125
2120 -0.005859375
2121 -0.0537109375
2122 0.0576171875
2123 0.12109375
2124 0.0634765625
2125 0.0009765625
2126 0.103515625
2127 0.16015625
2128 0.095703125
2129 0.0234375
2130 0.119140625
2131 0.171875
2132 0.10546875
2133 0.033203125
2134 0.1298828125
2135 0.1826171875
2136 0.1123046875
2137 0.048828125
2138 0.1416015625
2139 0.19140625
2140 0.1201171875
2141 0.0126953125
2142 0.103515625
2143 0.15234375
2144 0.0888671875
2145 -0.021484375
2146 0.0732421875
2147 0.1240234375
2148 0.06640625
2149 -0.0107421875
2150 0.0849609375
2151 0.1337890625
2152 0.0751953125
2153 -0.0166015625
2154 0.021484375
2155 0.0712890625
2156 0.0185546875
2157 -0.072265625
2158 0.0302734375
2159 0.087890625
2160 0.037109375
2161 -0.0263671875
2162 0.072265625
2163 0.1259765625
2164 0.0673828125
2165 0.0087890625
2166 0.103515625
2167 0.15625
2168 0.0908203125
2169 -0.0126953125
2170 0.0810546875
2171 0.1318359375
2172 0.0673828125
2173 -0.08984375
2174 -0.0556640625
2175 -0.0009765625
2176 -0.0439453125
2177 -0.2060546875
2178 -0.1240234375
2179 -0.052734375
2180 -0.08203125
2181 -0.1904296875
2182 -0.064453125
2183 0.0048828125
2184 -0.0302734375
2185 -0.0908203125
2186 0.0185546875
2187 0.0810546875
2188 0.0283203125
2189 -0.033203125
2190 0.06640625
2191 0.1201171875
2192 0.0615234375
2193 -0.05859375
2194 -0.0224609375
2195 0.02734375
2196 -0.01953125
2197 -0.146484375
2198 -0.06640625
2199 -0.0107421875
2200 -0.048828125
2201 -0.23046875
2202 -0.1630859375
2203 -0.0849609375
2204 -0.103515625
2205 -0.2080078125
2206 -0.1123046875
2207 -0.0439453125
2208 -0.0771484375
2209 -0.2412109375
2210 -0.1630859375
2211 -0.0830078125
2212 -0.103515625
2213 -0.2236328125
2214 -0.08984375
2215 -0.0087890625
2216 -0.0390625
2217 -0.138671875
2218 -0.0869140625
2219 -0.0185546875
2220 -0.0546875
2221 -0.1787109375
2222 -0.0859375
2223 -0.0205078125
2224 -0.056640625
2225 -0.1806640625
2226 -0.091796875
2227 -0.0234375
2228 -0.0556640625
2229 -0.1484375
2230 -0.0263671875
2231 0.0439453125
2232 0.0029296875
2233 -0.044921875
2234 0.0625
2235 0.1240234375
2236 0.0673828125
2237 0.005859375
2238 0.1083984375
2239 0.1640625
2240 0.0986328125
2241 0.03125
2242 0.125
2243 0.177734375
2244 0.1083984375
2245 0.0390625
2246 0.1328125
2247 0.1826171875
2248 0.1142578125
2249 0.048828125
2250 0.142578125
2251 0.1904296875
2252 0.12109375
2253 0.0107421875
2254 0.1025390625
2255 0.15234375
2256 0.0888671875
2257 -0.0244140625
2258 0.072265625
2259 0.1240234375
2260 0.064453125
2261 -0.0146484375
2262 0.08203125
2263 0.1337890625
2264 0.072265625
2265 -0.033203125
2266 0.005859375
2267 0.0556640625
2268 0.0029296875
2269 -0.0869140625
2270 0.0185546875
2271 0.076171875
2272 0.0283203125
2273 -0.0322265625
2274 0.0703125
2275 0.1259765625
2276 0.064453125
2277 0.005859375
2278 0.1025390625
2279 0.1552734375
2280 0.087890625
2281 -0.015625
2282 0.0771484375
2283 0.1279296875
2284 0.064453125
2285 -0.09375
2286 -0.0595703125
2287 -0.0048828125
2288 -0.0478515625
2289 -0.2119140625
2290 -0.130859375
2291 -0.0595703125
2292 -0.087890625
2293 -0.1953125
2294 -0.068359375
2295 0.0
2296 -0.033203125
2297 -0.1064453125
2298 0.00390625
2299 0.0693359375
2300 0.021484375
2301 -0.0419921875
2302 0.060546875
2303 0.1171875
2304 0.0576171875
2305 -0.0595703125
2306 -0.0205078125
2307 0.033203125
2308 -0.01953125
2309 -0.1474609375
2310 -0.06640625
2311 -0.0087890625
2312 -0.0498046875
2313 -0.2314453125
2314 -0.1640625
2315 -0.083984375
2316 -0.1044921875
2317 -0.2099609375
2318 -0.111328125
2319 -0.0439453125
2320 -0.0771484375
2321 -0.2431640625
2322 -0.1650390625
2323 -0.083984375
2324 -0.10546875
2325 -0.22265625
2326 -0.0908203125
2327 -0.01171875
2328 -0.041015625
2329 -0.140625
2330 -0.08984375
2331 -0.021484375
2332 -0.056640625
2333 -0.2197265625
2334 -0.1259765625
2335 -0.0537109375
2336 -0.0791015625
2337 -0.232421875
2338 -0.1376953125
2339 -0.060546875
2340 -0.08203125
2341 -0.171875
2342 -0.0439453125
2343 0.0302734375
2344 -0.0078125
2345 -0.0556640625
2346 0.056640625
2347 0.119140625
2348 0.0615234375
2349 0.0
2350 0.1015625
2351 0.162109375
2352 0.0947265625
2353 0.01953125
2354 0.119140625
2355 0.173828125
2356 0.1044921875
2357 0.0302734375
2358 0.130859375
2359 0.1845703125
2360 0.1103515625
2361 0.0439453125
2362 0.1416015625
2363 0.1943359375
2364 0.1201171875
2365 0.005859375
2366 0.1044921875
2367 0.1572265625
2368 0.0859375
2369 -0.0283203125
2370 0.072265625
2371 0.1259765625
2372 0.0634765625
2373 -0.0166015625
2374 0.083984375
2375 0.138671875
2376 0.072265625
2377 -0.0205078125
2378 0.0224609375
2379 0.0751953125
2380 0.013671875
2381 -0.0810546875
2382 0.03125
2383 0.0927734375
2384 0.033203125
2385 -0.0322265625
2386 0.0712890625
2387 0.1298828125
2388 0.0654296875
2389 0.0048828125
2390 0.1025390625
2391 0.158203125
2392 0.087890625
2393 -0.017578125
2394 0.0810546875
2395 0.1337890625
2396 0.0654296875
2397 -0.0888671875
2398 -0.052734375
2399 0.005859375
2400 -0.0439453125
2401 -0.2001953125
2402 -0.1181640625
2403 -0.0478515625
2404 -0.0791015625
2405 -0.1904296875
2406 -0.0634765625
2407 0.0078125
2408 -0.029296875
2409 -0.0927734375
2410 0.0205078125
2411 0.0830078125
2412 0.0283203125
2413 -0.0380859375
2414 0.06640625
2415 0.1220703125
2416 0.0595703125
2417 -0.0615234375
2418 -0.0224609375
2419 0.029296875
2420 -0.021484375
2421 -0.1484375
2422 -0.0673828125
2423 -0.0068359375
2424 -0.0517578125
2425 -0.232421875
2426 -0.1640625
2427 -0.083984375
2428 -0.1064453125
2429 -0.2119140625
2430 -0.11328125
2431 -0.04296875
2432 -0.076171875
2433 -0.2421875
2434 -0.1640625
2435 -0.0830078125
2436 -0.1025390625
2437 -0.220703125
2438 -0.08984375
2439 -0.0126953125
2440 -0.0400390625
2441 -0.138671875
2442 -0.0888671875
2443 -0.0205078125
2444 -0.0556640625
2445 -0.1787109375
2446 -0.0869140625
2447 -0.01953125
2448 -0.056640625
2449 -0.1796875
2450 -0.0927734375
2451 -0.0234375
2452 -0.0546875
2453 -0.1484375
2454 -0.0263671875
2455 0.0439453125
2456 0.00390625
2457 -0.0458984375
2458 0.0615234375
2459 0.1240234375
2460 0.064453125
2461 0.005859375
2462 0.1064453125
2463 0.1640625
2464 0.0966796875
2465 0.0263671875
2466 0.123046875
2467 0.1787109375
2468 0.1083984375
2469 0.03515625
2470 0.1298828125
2471 0.185546875
2472 0.1123046875
2473 0.0458984375
2474 0.1416015625
2475 0.1943359375
2476 0.119140625
2477 0.0078125
2478 0.1025390625
2479 0.154296875
2480 0.0849609375
2481 -0.0283203125
2482 0.0712890625
2483 0.1259765625
2484 0.064453125
2485 -0.0185546875
2486 0.0810546875
2487 0.1357421875
2488 0.0703125
2489 -0.0361328125
2490 0.005859375
2491 0.05859375
2492 0.0009765625
2493 -0.0908203125
2494 0.01953125
2495 0.08203125
2496 0.0244140625
2497 -0.0322265625
2498 0.0703125
2499 0.126953125
2500 0.064453125
2501 0.00390625
2502 0.1025390625
2503 0.15625
2504 0.0859375
2505 -0.0205078125
2506 0.0771484375
2507 0.1298828125
2508 0.0634765625
2509 -0.0927734375
2510 -0.05859375
2511 -0.0009765625
2512 -0.0478515625
2513 -0.2099609375
2514 -0.1279296875
2515 -0.0546875
2516 -0.0869140625
2517 -0.197265625
2518 -0.068359375
2519 0.00390625
2520 -0.0322265625
2521 -0.0947265625
2522 0.0185546875
2523 0.0830078125
2524 0.02734375
2525 -0.037109375
2526 0.0673828125
2527 0.125
2528 0.060546875
2529 -0.0634765625
2530 -0.0244140625
2531 0.03125
2532 -0.0224609375
2533 -0.162109375
2534 -0.0810546875
2535 -0.017578125
2536 -0.060546875
2537 -0.240234375
2538 -0.171875
2539 -0.0888671875
2540 -0.111328125
2541 -0.21875
2542 -0.1201171875
2543 -0.0478515625
2544 -0.08203125
2545 -0.2578125
2546 -0.173828125
2547 -0.0927734375
2548 -0.111328125
2549 -0.2607421875
2550 -0.1181640625
2551 -0.0322265625
2552 -0.056640625
2553 -0.134765625
2554 -0.015625
2555 0.0546875
2556 0.0107421875
2557 -0.1220703125
2558 -0.0830078125
2559 -0.013671875
2560 -0.05078125
2561 -0.1708984375
2562 -0.0849609375
2563 -0.0166015625
2564 -0.05078125
2565 -0.1572265625
2566 -0.072265625
2567 -0.0048828125
2568 -0.0439453125
2569 -0.162109375
2570 -0.037109375
2571 0.033203125
2572 -0.0048828125
2573 -0.0947265625
2574 0.01953125
2575 0.0869140625
2576 0.0341796875
2577 -0.0263671875
2578 0.076171875
2579 0.1376953125
2580 0.076171875
2581 -0.01953125
2582 0.0302734375
2583 0.0810546875
2584 0.0205078125
2585 -0.1103515625
2586 0.00390625
2587 0.06640625
2588 0.01953125
2589 -0.1201171875
2590 -0.078125
2591 -0.0107421875
2592 -0.046875
2593 -0.1611328125
2594 -0.076171875
2595 -0.0107421875
2596 -0.0439453125
2597 -0.1572265625
2598 -0.0712890625
2599 -0.0087890625
2600 -0.0439453125
2601 -0.18359375
2602 -0.056640625
2603 0.017578125
2604 -0.015625
2605 -0.0693359375
2606 0.041015625
2607 0.1044921875
2608 0.0517578125
2609 -0.0419921875
2610 0.0078125
2611 0.05859375
2612 0.0078125
2613 -0.12109375
2614 -0.005859375
2615 0.0595703125
2616 0.015625
2617 -0.1220703125
2618 -0.0810546875
2619 -0.013671875
2620 -0.046875
2621 -0.1611328125
2622 -0.0751953125
2623 -0.00390625
2624 -0.041015625
2625 -0.154296875
2626 -0.068359375
2627 -0.0009765625
2628 -0.0390625
2629 -0.1796875
2630 -0.0517578125
2631 0.0224609375
2632 -0.0107421875
2633 -0.06640625
2634 0.046875
2635 0.109375
2636 0.0576171875
2637 -0.03515625
2638 0.0146484375
2639 0.0673828125
2640 0.013671875
2641 -0.1171875
2642 0.0
2643 0.06640625
2644 0.0205078125
2645 -0.115234375
2646 -0.076171875
2647 -0.0078125
2648 -0.0419921875
2649 -0.154296875
2650 -0.068359375
2651 -0.0009765625
2652 -0.037109375
2653 -0.1513671875
2654 -0.0634765625
2655 0.0029296875
2656 -0.0341796875
2657 -0.1767578125
2658 -0.0478515625
2659 0.0244140625
2660 -0.005859375
2661 -0.0625
2662 0.0498046875
2663 0.11328125
2664 0.060546875
2665 -0.03125
2666 0.0166015625
2667 0.0703125
2668 0.017578125
2669 -0.1123046875
2670 0.0029296875
2671 0.0673828125
2672 0.025390625
2673 -0.1142578125
2674 -0.0732421875
2675 -0.0048828125
2676 -0.0380859375
2677 -0.1533203125
2678 -0.0654296875
2679 0.0009765625
2680 -0.0322265625
2681 -0.1474609375
2682 -0.0595703125
2683 0.005859375
2684 -0.0302734375
2685 -0.1728515625
2686 -0.0419921875
2687 0.03125
2688 -0.0029296875
2689 -0.0595703125
2690 0.0546875
2691 0.12109375
2692 0.064453125
2693 -0.0283203125
2694 0.0224609375
2695 0.076171875
2696 0.021484375
2697 -0.107421875
2698 0.0078125
2699 0.07421875
2700 0.029296875
2701 -0.1103515625
2702 -0.068359375
2703 0.0
2704 -0.03515625
2705 -0.1494140625
2706 -0.0615234375
2707 0.0048828125
2708 -0.029296875
2709 -0.1455078125
2710 -0.056640625
2711 0.009765625
2712 -0.0302734375
2713 -0.1708984375
2714 -0.041015625
2715 0.0341796875
2716 -0.0009765625
2717 -0.0576171875
2718 0.056640625
2719 0.123046875
2720 0.0673828125
2721 -0.025390625
2722 0.0234375
2723 0.078125
2724 0.0224609375
2725 -0.1083984375
2726 0.009765625
2727 0.0751953125
2728 0.0322265625
2729 -0.109375
2730 -0.06640625
2731 0.0009765625
2732 -0.03125
2733 -0.1455078125
2734 -0.0595703125
2735 0.009765625
2736 -0.0283203125
2737 -0.1396484375
2738 -0.0537109375
2739 0.0107421875
2740 -0.025390625
2741 -0.166015625
2742 -0.0400390625
2743 0.0341796875
2744 0.001953125
2745 -0.052734375
2746 0.0595703125
2747 0.1220703125
2748 0.0712890625
2749 -0.0224609375
2750 0.0263671875
2751 0.0791015625
2752 0.0263671875
2753 -0.10546875
2754 0.01171875
2755 0.076171875
2756 0.033203125
2757 -0.1064453125
2758 -0.06640625
2759 0.00390625
2760 -0.0322265625
2761 -0.1455078125
2762 -0.0576171875
2763 0.01171875
2764 -0.0244140625
2765 -0.1396484375
2766 -0.052734375
2767 0.0126953125
2768 -0.0234375
2769 -0.1669921875
2770 -0.037109375
2771 0.0361328125
2772 0.00390625
2773 -0.0498046875
2774 0.0615234375
2775 0.1240234375
2776 0.0712890625
2777 -0.021484375
2778 0.0283203125
2779 0.0830078125
2780 0.02734375
2781 -0.1044921875
2782 0.01171875
2783 0.0810546875
2784 0.0341796875
2785 -0.1025390625
2786 -0.0634765625
2787 0.00390625
2788 -0.02734375
2789 -0.1416015625
2790 -0.0556640625
2791 0.0107421875
2792 -0.0234375
2793 -0.138671875
2794 -0.048828125
2795 0.015625
2796 -0.0205078125
2797 -0.1630859375
2798 -0.0341796875
2799 0.0400390625
2800 0.0068359375
2801 -0.048828125
2802 0.0625
2803 0.1240234375
2804 0.07421875
2805 -0.0185546875
2806 0.0302734375
2807 0.0830078125
2808 0.029296875
2809 -0.099609375
2810 0.0166015625
2811 0.0810546875
2812 0.0390625
2813 -0.099609375
2814 -0.0576171875
2815 0.0068359375
2816 -0.025390625
2817 -0.1416015625
2818 -0.052734375
2819 0.0146484375
2820 -0.021484375
2821 -0.1357421875
2822 -0.046875
2823 0.0185546875
2824 -0.01953125
2825 -0.1640625
2826 -0.033203125
2827 0.04296875
2828 0.0068359375
2829 -0.0498046875
2830 0.0634765625
2831 0.1298828125
2832 0.07421875
2833 -0.017578125
2834 0.0322265625
2835 0.0859375
2836 0.0302734375
2837 -0.099609375
2838 0.0166015625
2839 0.0810546875
2840 0.0380859375
2841 -0.099609375
2842 -0.0576171875
2843 0.0087890625
2844 -0.0244140625
2845 -0.1416015625
2846 -0.0537109375
2847 0.0146484375
2848 -0.0205078125
2849 -0.1357421875
2850 -0.048828125
2851 0.0166015625
2852 -0.021484375
2853 -0.1611328125
2854 -0.0341796875
2855 0.0439453125
2856 0.0087890625
2857 -0.0458984375
2858 0.0654296875
2859 0.1279296875
2860 0.076171875
2861 -0.017578125
2862 0.03125
2863 0.0849609375
2864 0.033203125
2865 -0.0986328125
2866 0.017578125
2867 0.0810546875
2868 0.0400390625
2869 -0.09765625
2870 -0.0576171875
2871 0.0078125
2872 -0.0224609375
2873 -0.1376953125
2874 -0.052734375
2875 0.0146484375
2876 -0.01953125
2877 -0.130859375
2878 -0.046875
2879 0.0166015625
2880 -0.0185546875
2881 -0.158203125
2882 -0.033203125
2883 0.0380859375
2884 0.009765625
2885 -0.04296875
2886 0.06640625
2887 0.125
2888 0.078125
2889 -0.0146484375
2890 0.0341796875
2891 0.0830078125
2892 0.03515625
2893 -0.0947265625
2894 0.015625
2895 0.0791015625
2896 0.0400390625
2897 -0.09765625
2898 -0.0615234375
2899 0.0048828125
2900 -0.0244140625
2901 -0.134765625
2902 -0.0537109375
2903 0.013671875
2904 -0.0185546875
2905 -0.1298828125
2906 -0.0458984375
2907 0.015625
2908 -0.015625
2909 -0.15625
2910 -0.0322265625
2911 0.037109375
2912 0.0107421875
2913 -0.0400390625
2914 0.0673828125
2915 0.1259765625
2916 0.0771484375
2917 -0.01171875
2918 0.0322265625
2919 0.083984375
2920 0.0341796875
2921 -0.091796875
2922 0.0185546875
2923 0.0791015625
2924 0.0419921875
2925 -0.09375
2926 -0.056640625
2927 0.0078125
2928 -0.021484375
2929 -0.1337890625
2930 -0.0498046875
2931 0.013671875
2932 -0.0166015625
2933 -0.12890625
2934 -0.044921875
2935 0.017578125
2936 -0.0146484375
2937 -0.15625
2938 -0.0322265625
2939 0.0400390625
2940 0.01171875
2941 -0.0419921875
2942 0.0654296875
2943 0.1279296875
2944 0.0791015625
2945 -0.0146484375
2946 0.0322265625
2947 0.083984375
2948 0.0341796875
2949 -0.095703125
2950 0.017578125
2951 0.0810546875
2952 0.041015625
2953 -0.095703125
2954 -0.0576171875
2955 0.0068359375
2956 -0.021484375
2957 -0.1357421875
2958 -0.0498046875
2959 0.0166015625
2960 -0.0166015625
2961 -0.1298828125
2962 -0.044921875
2963 0.0185546875
2964 -0.015625
2965 -0.1552734375
2966 -0.0302734375
2967 0.0439453125
2968 0.01171875
2969 -0.0400390625
2970 0.0693359375
2971 0.12890625
2972 0.0810546875
2973 -0.013671875
2974 0.03515625
2975 0.0859375
2976 0.03515625
2977 -0.095703125
2978 0.01953125
2979 0.0830078125
2980 0.04296875
2981 -0.095703125
2982 -0.0556640625
2983 0.009765625
2984 -0.0205078125
2985 -0.134765625
2986 -0.048828125
2987 0.0166015625
2988 -0.017578125
2989 -0.1298828125
2990 -0.044921875
2991 0.0205078125
2992 -0.015625
2993 -0.15625
2994 -0.0302734375
2995 0.04296875
2996 0.01171875
2997 -0.04296875
2998 0.068359375
2999 0.12890625
3000 0.080078125
3001 -0.013671875
3002 0.03515625
3003 0.0859375
3004 0.0361328125
3005 -0.0966796875
3006 0.0185546875
3007 0.083984375
3008 0.041015625
3009 -0.095703125
3010 -0.0576171875
3011 0.0107421875
3012 -0.0224609375
3013 -0.134765625
3014 -0.0498046875
3015 0.0185546875
3016 -0.015625
3017 -0.1279296875
3018 -0.04296875
3019 0.0205078125
3020 -0.013671875
3021 -0.1552734375
3022 -0.025390625
3023 0.048828125
3024 0.0146484375
3025 -0.041015625
3026 0.0693359375
3027 0.134765625
3028 0.0830078125
3029 -0.0126953125
3030 0.0361328125
3031 0.0888671875
3032 0.0361328125
3033 -0.0927734375
3034 0.0224609375
3035 0.0869140625
3036 0.0458984375
3037 -0.0908203125
3038 -0.0546875
3039 0.0126953125
3040 -0.01953125
3041 -0.134765625
3042 -0.048828125
3043 0.0185546875
3044 -0.0166015625
3045 -0.1318359375
3046 -0.0439453125
3047 0.021484375
3048 -0.013671875
3049 -0.1552734375
3050 -0.02734375
3051 0.046875
3052 0.013671875
3053 -0.04296875
3054 0.0712890625
3055 0.134765625
3056 0.080078125
3057 -0.0126953125
3058 0.037109375
3059 0.0908203125
3060 0.0341796875
3061 -0.0947265625
3062 0.0205078125
3063 0.087890625
3064 0.0439453125
3065 -0.0947265625
3066 -0.052734375
3067 0.013671875
3068 -0.01953125
3069 -0.1337890625
3070 -0.046875
3071 0.021484375
3072 -0.015625
3073 -0.1298828125
3074 -0.0400390625
3075 0.0234375
3076 -0.0146484375
3077 -0.1552734375
3078 -0.0263671875
3079 0.048828125
3080 0.0126953125
3081 -0.0419921875
3082 0.0712890625
3083 0.1357421875
3084 0.080078125
3085 -0.013671875
3086 0.037109375
3087 0.091796875
3088 0.037109375
3089 -0.09765625
3090 0.0205078125
3091 0.087890625
3092 0.0419921875
3093 -0.0966796875
3094 -0.052734375
3095 0.013671875
3096 -0.0205078125
3097 -0.1357421875
3098 -0.046875
3099 0.021484375
3100 -0.0166015625
3101 -0.1318359375
3102 -0.04296875
3103 0.0244140625
3104 -0.015625
3105 -0.1552734375
3106 -0.0283203125
3107 0.0478515625
3108 0.0146484375
3109 -0.0419921875
3110 0.0693359375
3111 0.1328125
3112 0.080078125
3113 -0.0126953125
3114 0.0361328125
3115 0.0908203125
3116 0.037109375
3117 -0.0966796875
3118 0.0224609375
3119 0.0869140625
3120 0.04296875
3121 -0.095703125
3122 -0.0537109375
3123 0.0146484375
3124 -0.0205078125
3125 -0.134765625
3126 -0.048828125
3127 0.021484375
3128 -0.015625
3129 -0.1298828125
3130 -0.0419921875
3131 0.025390625
3132 -0.0146484375
3133 -0.1572265625
3134 -0.0263671875
3135 0.0478515625
3136 0.013671875
3137 -0.044921875
3138 0.0693359375
3139 0.1337890625
3140 0.080078125
3141 -0.0146484375
3142 0.037109375
3143 0.0908203125
3144 0.0361328125
3145 -0.095703125
3146 0.021484375
3147 0.0888671875
3148 0.0439453125
3149 -0.09375
3150 -0.0537109375
3151 0.0146484375
3152 -0.0205078125
3153 -0.1337890625
3154 -0.048828125
3155 0.0205078125
3156 -0.0146484375
3157 -0.1298828125
3158 -0.0419921875
3159 0.021484375
3160 -0.013671875
3161 -0.1552734375
3162 -0.0263671875
3163 0.044921875
3164 0.0166015625
3165 -0.041015625
3166 0.0703125
3167 0.1318359375
3168 0.08203125
3169 -0.01171875
3170 0.0380859375
3171 0.0888671875
3172 0.037109375
3173 -0.0927734375
3174 0.021484375
3175 0.0869140625
3176 0.04296875
3177 -0.09375
3178 -0.0537109375
3179 0.0107421875
3180 -0.01953125
3181 -0.1337890625
3182 -0.0478515625
3183 0.01953125
3184 -0.0146484375
3185 -0.130859375
3186 -0.04296875
3187 0.0205078125
3188 -0.013671875
3189 -0.1552734375
3190 -0.0263671875
3191 0.046875
3192 0.013671875
3193 -0.0400390625
3194 0.0712890625
3195 0.134765625
3196 0.0810546875
3197 -0.01171875
3198 0.0380859375
3199 0.091796875
3200 0.037109375
3201 -0.0927734375
3202 0.0224609375
3203 0.087890625
3204 0.044921875
3205 -0.0947265625
3206 -0.0537109375
3207 0.013671875
3208 -0.01953125
3209 -0.134765625
3210 -0.0458984375
3211 0.0224609375
3212 -0.013671875
3213 -0.130859375
3214 -0.041015625
3215 0.0263671875
3216 -0.0146484375
3217 -0.158203125
3218 -0.02734375
3219 0.0478515625
3220 0.013671875
3221 -0.04296875
3222 0.072265625
3223 0.13671875
3224 0.08203125
3225 -0.013671875
3226 0.0400390625
3227 0.0947265625
3228 0.0361328125
3229 -0.09765625
3230 0.0224609375
3231 0.0869140625
3232 0.0419921875
3233 -0.09765625
3234 -0.052734375
3235 0.015625
3236 -0.0224609375
3237 -0.134765625
3238 -0.0478515625
3239 0.0224609375
3240 -0.0146484375
3241 -0.1298828125
3242 -0.0400390625
3243 0.025390625
3244 -0.013671875
3245 -0.15625
3246 -0.0263671875
3247 0.0537109375
3248 0.0146484375
3249 -0.04296875
3250 0.072265625
3251 0.1376953125
3252 0.08203125
3253 -0.01171875
3254 0.0400390625
3255 0.0947265625
3256 0.0380859375
3257 -0.0947265625
3258 0.0224609375
3259 0.091796875
3260 0.044921875
3261 -0.09375
3262 -0.0498046875
3263 0.0205078125
3264 -0.017578125
3265 -0.1318359375
3266 -0.0458984375
3267 0.025390625
3268 -0.013671875
3269 -0.1298828125
3270 -0.0400390625
3271 0.0263671875
3272 -0.013671875
3273 -0.158203125
3274 -0.025390625
3275 0.0498046875
3276 0.0146484375
3277 -0.04296875
3278 0.0732421875
3279 0.1376953125
3280 0.0810546875
3281 -0.013671875
3282 0.0380859375
3283 0.0927734375
3284 0.0341796875
3285 -0.095703125
3286 0.021484375
3287 0.08984375
3288 0.0439453125
3289 -0.09375
3290 -0.05078125
3291 0.0185546875
3292 -0.0185546875
3293 -0.1328125
3294 -0.044921875
3295 0.0244140625
3296 -0.015625
3297 -0.1318359375
3298 -0.0400390625
3299 0.0263671875
3300 -0.013671875
3301 -0.15625
3302 -0.025390625
3303 0.0517578125
3304 0.015625
3305 -0.04296875
3306 0.0712890625
3307 0.1396484375
3308 0.080078125
3309 -0.01171875
3310 0.0390625
3311 0.095703125
3312 0.037109375
3313 -0.0947265625
3314 0.0244140625
3315 0.0927734375
3316 0.044921875
3317 -0.091796875
3318 -0.05078125
3319 0.0185546875
3320 -0.017578125
3321 -0.1337890625
3322 -0.044921875
3323 0.0234375
3324 -0.0126953125
3325 -0.1298828125
3326 -0.0400390625
3327 0.025390625
3328 -0.0126953125
3329 -0.15625
3330 -0.029296875
3331 0.044921875
3332 0.013671875
3333 -0.0419921875
3334 0.0703125
3335 0.1357421875
3336 0.0810546875
3337 -0.01171875
3338 0.0380859375
3339 0.0927734375
3340 0.037109375
3341 -0.09765625
3342 0.021484375
3343 0.0888671875
3344 0.0439453125
3345 -0.09375
3346 -0.0517578125
3347 0.0146484375
3348 -0.017578125
3349 -0.1337890625
3350 -0.0439453125
3351 0.0224609375
3352 -0.013671875
3353 -0.12890625
3354 -0.0400390625
3355 0.025390625
3356 -0.0126953125
3357 -0.15625
3358 -0.02734375
3359 0.05078125
3360 0.015625
3361 -0.0419921875
3362 0.072265625
3363 0.13671875
3364 0.08203125
3365 -0.01171875
3366 0.0390625
3367 0.0908203125
3368 0.0390625
3369 -0.09375
3370 0.0244140625
3371 0.0888671875
3372 0.046875
3373 -0.09375
3374 -0.0498046875
3375 0.015625
3376 -0.01953125
3377 -0.1328125
3378 -0.0458984375
3379 0.0234375
3380 -0.0146484375
3381 -0.1279296875
3382 -0.041015625
3383 0.0244140625
3384 -0.01171875
3385 -0.1552734375
3386 -0.02734375
3387 0.048828125
3388 0.015625
3389 -0.041015625
3390 0.072265625
3391 0.134765625
3392 0.08203125
3393 -0.0107421875
3394 0.037109375
3395 0.0908203125
3396 0.0390625
3397 -0.09375
3398 0.0224609375
3399 0.0869140625
3400 0.0439453125
3401 -0.0927734375
3402 -0.0517578125
3403 0.0166015625
3404 -0.0185546875
3405 -0.1328125
3406 -0.044921875
3407 0.0234375
3408 -0.0126953125
3409 -0.125
3410 -0.037109375
3411 0.0263671875
3412 -0.0107421875
3413 -0.1318359375
3414 -0.005859375
3415 0.06640625
3416 0.029296875
3417 -0.0859375
3418 -0.0341796875
3419 0.0302734375
3420 -0.0087890625
3421 -0.1640625
3422 -0.0947265625
3423 -0.015625
3424 -0.04296875
3425 -0.189453125
3426 -0.1103515625
3427 -0.0302734375
3428 -0.0517578125
3429 -0.15234375
3430 -0.064453125
3431 0.0068359375
3432 -0.0205078125
3433 -0.12109375
3434 -0.0341796875
3435 0.03125
3436 -0.001953125
3437 -0.095703125
3438 0.0224609375
3439 0.0888671875
3440 0.048828125
3441 -0.05078125
3442 -0.0078125
3443 0.0537109375
3444 0.0146484375
3445 -0.158203125
3446 -0.087890625
3447 -0.0126953125
3448 -0.033203125
3449 -0.146484375
3450 -0.0615234375
3451 0.0068359375
3452 -0.0185546875
3453 -0.1357421875
3454 -0.05078125
3455 0.015625
3456 -0.01171875
3457 -0.1103515625
3458 0.009765625
3459 0.0771484375
3460 0.044921875
3461 -0.001953125
3462 0.103515625
3463 0.1611328125
3464 0.109375
3465 0.001953125
3466 0.0380859375
3467 0.087890625
3468 0.04296875
3469 -0.1298828125
3470 -0.0634765625
3471 0.0029296875
3472 -0.0224609375
3473 -0.1259765625
3474 -0.0537109375
3475 0.001953125
3476 -0.005859375
3477 -0.0927734375
3478 -0.02734375
3479 0.0166015625
3480 0.005859375
3481 -0.083984375
3482 0.01171875
3483 0.060546875
3484 0.05078125
3485 -0.0703125
3486 -0.048828125
3487 0.0009765625
3488 -0.00390625
3489 -0.1318359375
3490 -0.02734375
3491 0.0322265625
3492 0.02734375
3493 -0.0341796875
3494 0.0498046875
3495 0.0986328125
3496 0.0791015625
3497 0.017578125
3498 0.09765625
3499 0.13671875
3500 0.1083984375
3501 0.037109375
3502 0.1103515625
3503 0.1484375
3504 0.1181640625
3505 0.06640625
3506 0.1396484375
3507 0.171875
3508 0.13671875
3509 0.060546875
3510 0.076171875
3511 0.1064453125
3512 0.07421875
3513 -0.017578125
3514 0.0322265625
3515 0.0654296875
3516 0.0400390625
3517 -0.05859375
3518 -0.00390625
3519 0.0341796875
3520 0.0166015625
3521 -0.08984375
3522 0.00390625
3523 0.0498046875
3524 0.037109375
3525 -0.0654296875
3526 -0.0400390625
3527 0.0048828125
3528 -0.005859375
3529 -0.162109375
3530 -0.0517578125
3531 0.0068359375
3532 0.00390625
3533 -0.1142578125
3534 -0.08984375
3535 -0.033203125
3536 -0.03515625
3537 -0.146484375
3538 -0.080078125
3539 -0.0234375
3540 -0.02734375
3541 -0.1748046875
3542 -0.1015625
3543 -0.04296875
3544 -0.04296875
3545 -0.169921875
3546 -0.09375
3547 -0.037109375
3548 -0.0361328125
3549 -0.16796875
3550 -0.0546875
3551 0.0068359375
3552 0.0087890625
3553 -0.0703125
3554 0.025390625
3555 0.076171875
3556 0.0595703125
3557 -0.017578125
3558 0.0654296875
3559 0.1103515625
3560 0.0859375
3561 -0.0009765625
3562 0.080078125
3563 0.1220703125
3564 0.0947265625
3565 0.0
3566 0.0771484375
3567 0.119140625
3568 0.0908203125
3569 -0.013671875
3570 0.0693359375
3571 0.1103515625
3572 0.0849609375
3573 0.025390625
3574 0.10546875
3575 0.142578125
3576 0.1103515625
3577 0.0048828125
3578 0.0185546875
3579 0.0537109375
3580 0.03125
3581 -0.0810546875
3582 -0.0283203125
3583 0.0166015625
3584 0.001953125
3585 -0.140625
3586 -0.076171875
3587 -0.025390625
3588 -0.02734375
3589 -0.1513671875
3590 -0.0810546875
3591 -0.0283203125
3592 -0.0322265625
3593 -0.1640625
3594 -0.0556640625
3595 0.00390625
3596 0.0048828125
3597 -0.08203125
3598 0.0126953125
3599 0.0634765625
3600 0.048828125
3601 -0.048828125
3602 0.0361328125
3603 0.083984375
3604 0.064453125
3605 -0.044921875
3606 0.041015625
3607 0.0869140625
3608 0.0654296875
3609 0.0048828125
3610 0.0869140625
3611 0.1220703125
3612 0.09375
3613 0.01171875
3614 0.08984375
3615 0.1259765625
3616 0.0947265625
3617 -0.044921875
3618 -0.0302734375
3619 0.0126953125
3620 -0.0009765625
3621 -0.1298828125
3622 -0.025390625
3623 0.0263671875
3624 0.017578125
3625 -0.08984375
3626 -0.0927734375
3627 -0.0341796875
3628 -0.0380859375
3629 -0.125
3630 -0.01953125
3631 0.037109375
3632 0.0224609375
3633 -0.0625
3634 -0.03515625
3635 0.013671875
3636 -0.0048828125
3637 -0.0947265625
3638 -0.0341796875
3639 0.0146484375
3640 -0.0009765625
3641 -0.1416015625
3642 -0.072265625
3643 -0.0205078125
3644 -0.0283203125
3645 -0.16015625
3646 -0.0478515625
3647 0.009765625
3648 0.0048828125
3649 -0.1318359375
3650 -0.107421875
3651 -0.04296875
3652 -0.04296875
3653 -0.19140625
3654 -0.072265625
3655 -0.00390625
3656 -0.0068359375
3657 -0.0927734375
3658 0.005859375
3659 0.0615234375
3660 0.046875
3661 -0.041015625
3662 0.048828125
3663 0.095703125
3664 0.0712890625
3665 -0.009765625
3666 0.076171875
3667 0.1171875
3668 0.08984375
3669 -0.0009765625
3670 0.08203125
3671 0.1240234375
3672 0.0927734375
3673 -0.0068359375
3674 0.07421875
3675 0.115234375
3676 0.0869140625
3677 -0.025390625
3678 0.0595703125
3679 0.1025390625
3680 0.0751953125
3681 0.0029296875
3682 0.0830078125
3683 0.1201171875
3684 0.0888671875
3685 0.0029296875
3686 0.0830078125
3687 0.12109375
3688 0.091796875
3689 0.0361328125
3690 0.11328125
3691 0.1484375
3692 0.1123046875
3693 0.0556640625
3694 0.1298828125
3695 0.1640625
3696 0.123046875
3697 0.0380859375
3698 0.0556640625
3699 0.0859375
3700 0.05078125
3701 -0.0546875
3702 0.0341796875
3703 0.078125
3704 0.0517578125
3705 -0.05078125
3706 -0.029296875
3707 0.0126953125
3708 -0.0068359375
3709 -0.119140625
3710 -0.0595703125
3711 -0.0107421875
3712 -0.0224609375
3713 -0.1416015625
3714 -0.076171875
3715 -0.025390625
3716 -0.033203125
3717 -0.13671875
3718 -0.0732421875
3719 -0.021484375
3720 -0.03125
3721 -0.138671875
3722 -0.0712890625
3723 -0.01953125
3724 -0.0302734375
3725 -0.140625
3726 -0.0771484375
3727 -0.0244140625
3728 -0.0322265625
3729 -0.173828125
3730 -0.1064453125
3731 -0.048828125
3732 -0.0478515625
3733 -0.1552734375
3734 -0.078125
3735 -0.0283203125
3736 -0.0341796875
3737 -0.17578125
3738 -0.1005859375
3739 -0.0419921875
3740 -0.0439453125
3741 -0.1318359375
3742 -0.0654296875
3743 -0.0107421875
3744 -0.021484375
3745 -0.1220703125
3746 -0.056640625
3747 -0.009765625
3748 -0.01953125
3749 -0.130859375
3750 -0.064453125
3751 -0.01171875
3752 -0.021484375
3753 -0.173828125
3754 -0.0615234375
3755 -0.0009765625
3756 -0.0009765625
3757 -0.068359375
3758 0.0302734375
3759 0.076171875
3760 0.05859375
3761 -0.0703125
3762 0.0224609375
3763 0.068359375
3764 0.052734375
3765 -0.08984375
3766 -0.072265625
3767 -0.0185546875
3768 -0.0224609375
3769 -0.1943359375
3770 -0.119140625
3771 -0.052734375
3772 -0.05078125
3773 -0.158203125
3774 -0.083984375
3775 -0.0283203125
3776 -0.0302734375
3777 -0.119140625
3778 -0.013671875
3779 0.0419921875
3780 0.0322265625
3781 -0.0595703125
3782 -0.056640625
3783 0.0
3784 -0.0078125
3785 -0.1083984375
3786 -0.0048828125
3787 0.046875
3788 0.037109375
3789 -0.099609375
3790 -0.072265625
3791 -0.015625
3792 -0.01953125
3793 -0.1259765625
3794 -0.0205078125
3795 0.0361328125
3796 0.0302734375
3797 -0.0341796875
3798 0.0556640625
3799 0.099609375
3800 0.0771484375
3801 -0.0576171875
3802 -0.0390625
3803 0.0087890625
3804 -0.0009765625
3805 -0.1904296875
3806 -0.111328125
3807 -0.046875
3808 -0.0419921875
3809 -0.142578125
3810 -0.068359375
3811 -0.017578125
3812 -0.0205078125
3813 -0.1552734375
3814 -0.04296875
3815 0.0185546875
3816 0.0146484375
3817 -0.13671875
3818 -0.1005859375
3819 -0.0400390625
3820 -0.0400390625
3821 -0.14453125
3822 -0.0302734375
3823 0.025390625
3824 0.0234375
3825 -0.052734375
3826 0.0439453125
3827 0.0927734375
3828 0.0751953125
3829 -0.064453125
3830 -0.041015625
3831 0.0078125
3832 0.001953125
3833 -0.107421875
3834 -0.001953125
3835 0.05078125
3836 0.041015625
3837 -0.0439453125
3838 -0.025390625
3839 0.02734375
3840 0.0126953125
3841 -0.0859375
3842 -0.0283203125
3843 0.0234375
3844 0.009765625
3845 -0.0986328125
3846 -0.0361328125
3847 0.0126953125
3848 0.00390625
3849 -0.16015625
3850 -0.0810546875
3851 -0.0283203125
3852 -0.02734375
3853 -0.181640625
3854 -0.060546875
3855 0.0068359375
3856 0.0078125
3857 -0.1005859375
3858 0.0029296875
3859 0.05859375
3860 0.048828125
3861 -0.0478515625
3862 -0.0224609375
3863 0.0234375
3864 0.0126953125
3865 -0.123046875
3866 -0.015625
3867 0.04296875
3868 0.0361328125
3869 -0.0517578125
3870 0.04296875
3871 0.091796875
3872 0.076171875
3873 -0.0048828125
3874 0.017578125
3875 0.0576171875
3876 0.0400390625
3877 -0.080078125
3878 0.01953125
3879 0.0693359375
3880 0.056640625
3881 -0.05859375
3882 -0.0341796875
3883 0.015625
3884 0.0048828125
3885 -0.0927734375
3886 -0.02734375
3887 0.0205078125
3888 0.009765625
3889 -0.12890625
3890 -0.060546875
3891 -0.0078125
3892 -0.009765625
3893 -0.1572265625
3894 -0.0419921875
3895 0.01953125
3896 0.01953125
3897 -0.0673828125
3898 0.029296875
3899 0.0810546875
3900 0.0693359375
3901 -0.0244140625
3902 0.0634765625
3903 0.109375
3904 0.087890625
3905 -0.0029296875
3906 0.0810546875
3907 0.125
3908 0.0986328125
3909 0.0078125
3910 0.0888671875
3911 0.1318359375
3912 0.1025390625
3913 0.00390625
3914 0.0830078125
3915 0.125
3916 0.0986328125
3917 -0.021484375
3918 0.064453125
3919 0.10546875
3920 0.0830078125
3921 -0.005859375
3922 0.076171875
3923 0.1181640625
3924 0.09375
3925 0.0068359375
3926 0.0234375
3927 0.0615234375
3928 0.0400390625
3929 -0.044921875
3930 0.0439453125
3931 0.08984375
3932 0.0693359375
3933 0.0185546875
3934 0.0986328125
3935 0.138671875
3936 0.1083984375
3937 0.0361328125
3938 0.1103515625
3939 0.1435546875
3940 0.11328125
3941 0.0263671875
3942 0.0986328125
3943 0.1357421875
3944 0.1064453125
3945 0.0400390625
3946 0.111328125
3947 0.1455078125
3948 0.1142578125
3949 0.0654296875
3950 0.134765625
3951 0.1669921875
3952 0.1298828125
3953 0.0927734375
3954 0.1591796875
3955 0.189453125
3956 0.150390625
3957 0.10546875
3958 0.1689453125
3959 0.197265625
3960 0.15625
3961 0.099609375
3962 0.162109375
3963 0.1884765625
3964 0.1484375
3965 0.0986328125
3966 0.16015625
3967 0.1884765625
3968 0.146484375
3969 0.095703125
3970 0.158203125
3971 0.1875
3972 0.142578125
3973 0.0576171875
3974 0.07421875
3975 0.0986328125
3976 0.0595703125
3977 -0.0380859375
3978 0.0068359375
3979 0.0390625
3980 0.01171875
3981 -0.087890625
3982 0.0009765625
3983 0.0439453125
3984 0.0263671875
3985 -0.021484375
3986 0.05859375
3987 0.0966796875
3988 0.0673828125
3989 -0.0302734375
3990 -0.009765625
3991 0.0224609375
3992 -0.0009765625
3993 -0.1083984375
3994 -0.0498046875
3995 -0.0087890625
3996 -0.025390625
3997 -0.1611328125
3998 -0.0986328125
3999 -0.048828125
4000 -0.0546875
4001 -0.1982421875
4002 -0.08984375
4003 -0.0283203125
4004 -0.029296875
4005 -0.1005859375
4006 -0.0068359375
4007 0.041015625
4008 0.0244140625
4009 -0.0400390625
4010 0.041015625
4011 0.083984375
4012 0.05859375
4013 -0.0126953125
4014 0.064453125
4015 0.103515625
4016 0.0712890625
4017 0.001953125
4018 0.076171875
4019 0.11328125
4020 0.080078125
4021 0.00390625
4022 0.076171875
4023 0.111328125
4024 0.0791015625
4025 0.021484375
4026 0.09375
4027 0.1279296875
4028 0.091796875
4029 0.0126953125
4030 0.033203125
4031 0.0625
4032 0.0302734375
4033 -0.064453125
4034 -0.015625
4035 0.021484375
4036 -0.0029296875
4037 -0.1083984375
4038 -0.0517578125
4039 -0.01171875
4040 -0.029296875
4041 -0.1123046875
4042 -0.017578125
4043 0.03125
4044 0.01171875
4045 -0.0634765625
4046 -0.0400390625
4047 0.0029296875
4048 -0.0185546875
4049 -0.1298828125
4050 -0.0322265625
4051 0.013671875
4052 0.0
4053 -0.140625
4054 -0.1142578125
4055 -0.064453125
4056 -0.0654296875
4057 -0.20703125
4058 -0.095703125
4059 -0.033203125
4060 -0.0302734375
4061 -0.08203125
4062 0.009765625
4063 0.0546875
4064 0.0361328125
4065 -0.0791015625
4066 -0.0595703125
4067 -0.0146484375
4068 -0.0283203125
4069 -0.126953125
4070 -0.064453125
4071 -0.0185546875
4072 -0.0302734375
4073 -0.1650390625
4074 -0.0966796875
4075 -0.0478515625
4076 -0.052734375
4077 -0.2109375
4078 -0.138671875
4079 -0.078125
4080 -0.0751953125
4081 -0.2021484375
4082 -0.125
4083 -0.0673828125
4084 -0.06640625
4085 -0.1611328125
4086 -0.087890625
4087 -0.0361328125
4088 -0.04296875
4089 -0.1591796875
4090 -0.0537109375
4091 0.0029296875
4092 -0.0029296875
4093 -0.16015625
4094 -0.1337890625
4095 -0.0732421875
4096 -0.0673828125
4097 -0.1787109375
4098 -0.1064453125
4099 -0.0498046875
4100 -0.0478515625
4101 -0.126953125
4102 -0.0537109375
4103 -0.005859375
4104 -0.0166015625
4105 -0.1416015625
4106 -0.0380859375
4107 0.0146484375
4108 0.0078125
4109 -0.1259765625
4110 -0.1005859375
4111 -0.0390625
4112 -0.0419921875
4113 -0.1318359375
4114 -0.0263671875
4115 0.0283203125
4116 0.0205078125
4117 -0.02734375
4118 0.0615234375
4119 0.1025390625
4120 0.078125
4121 0.01171875
4122 0.0927734375
4123 0.126953125
4124 0.0966796875
4125 0.0380859375
4126 0.0712890625
4127 0.0703125
4128 0.09765625
4129 -0.001953125
4130 -0.04296875
4131 -0.0390625
4132 0.001953125
4133 -0.08203125
4134 -0.0361328125
4135 -0.0234375
4136 0.0244140625
4137 -0.0498046875
4138 -0.0830078125
4139 -0.068359375
4140 -0.021484375
4141 -0.0810546875
4142 -0.0703125
4143 -0.0595703125
4144 -0.013671875
4145 -0.1162109375
4146 -0.1005859375
4147 -0.0859375
4148 -0.033203125
4149 -0.1298828125
4150 -0.0712890625
4151 -0.05078125
4152 0.0029296875
4153 -0.0439453125
4154 -0.0068359375
4155 0.005859375
4156 0.0478515625
4157 -0.0009765625
4158 0.0283203125
4159 0.0341796875
4160 0.0703125
4161 0.02734375
4162 0.048828125
4163 0.052734375
4164 0.0830078125
4165 0.037109375
4166 0.0576171875
4167 0.0576171875
4168 0.0888671875
4169 0.03125
4170 0.0517578125
4171 0.052734375
4172 0.083984375
4173 0.0068359375
4174 0.0322265625
4175 0.033203125
4176 0.068359375
4177 0.0166015625
4178 0.0400390625
4179 0.0439453125
4180 0.0771484375
4181 0.0302734375
4182 -0.009765625
4183 -0.009765625
4184 0.0234375
4185 -0.0205078125
4186 0.0107421875
4187 0.0166015625
4188 0.052734375
4189 0.0458984375
4190 0.0673828125
4191 0.064453125
4192 0.0947265625
4193 0.0625
4194 0.0791015625
4195 0.0712890625
4196 0.1005859375
4197 0.0537109375
4198 0.0673828125
4199 0.064453125
4200 0.0927734375
4201 0.0693359375
4202 0.083984375
4203 0.076171875
4204 0.1015625
4205 0.0947265625
4206 0.10546875
4207 0.09765625
4208 0.119140625
4209 0.1240234375
4210 0.130859375
4211 0.1220703125
4212 0.1396484375
4213 0.13671875
4214 0.142578125
4215 0.1298828125
4216 0.146484375
4217 0.12890625
4218 0.134765625
4219 0.1220703125
4220 0.13671875
4221 0.130859375
4222 0.1328125
4223 0.1220703125
4224 0.134765625
4225 0.1279296875
4226 0.130859375
4227 0.1201171875
4228 0.1337890625
4229 0.0908203125
4230 0.0517578125
4231 0.03515625
4232 0.0517578125
4233 -0.0078125
4234 -0.0185546875
4235 -0.0263671875
4236 0.0029296875
4237 -0.0615234375
4238 -0.0283203125
4239 -0.0234375
4240 0.0146484375
4241 0.009765625
4242 0.033203125
4243 0.0322265625
4244 0.0595703125
4245 0.0009765625
4246 -0.0390625
4247 -0.0400390625
4248 -0.009765625
4249 -0.1064453125
4250 -0.1015625
4251 -0.0927734375
4252 -0.048828125
4253 -0.111328125
4254 -0.10546875
4255 -0.095703125
4256 -0.05078125
4257 -0.1015625
4258 -0.08984375
4259 -0.0830078125
4260 -0.041015625
4261 -0.1044921875
4262 -0.0966796875
4263 -0.0869140625
4264 -0.041015625
4265 -0.1533203125
4266 -0.16015625
4267 -0.1376953125
4268 -0.0791015625
4269 -0.1455078125
4270 -0.1318359375
4271 -0.11328125
4272 -0.0615234375
4273 -0.130859375
4274 -0.1171875
4275 -0.1025390625
4276 -0.052734375
4277 -0.1015625
4278 -0.0556640625
4279 -0.0400390625
4280 0.0048828125
4281 -0.046875
4282 -0.1005859375
4283 -0.0830078125
4284 -0.03515625
4285 -0.1025390625
4286 -0.0537109375
4287 -0.041015625
4288 0.0068359375
4289 -0.099609375
4290 -0.1298828125
4291 -0.1083984375
4292 -0.0546875
4293 -0.1240234375
4294 -0.0703125
4295 -0.05078125
4296 0.0009765625
4297 -0.0224609375
4298 0.0087890625
4299 0.0146484375
4300 0.0517578125
4301 -0.048828125
4302 -0.0830078125
4303 -0.076171875
4304 -0.029296875
4305 -0.1640625
4306 -0.1416015625
4307 -0.1162109375
4308 -0.05859375
4309 -0.1396484375
4310 -0.1123046875
4311 -0.0986328125
4312 -0.0458984375
4313 -0.1162109375
4314 -0.0625
4315 -0.0439453125
4316 0.0048828125
4317 -0.087890625
4318 -0.115234375
4319 -0.0947265625
4320 -0.0419921875
4321 -0.11328125
4322 -0.0986328125
4323 -0.078125
4324 -0.029296875
4325 -0.1015625
4326 -0.08984375
4327 -0.0771484375
4328 -0.0234375
4329 -0.1357421875
4330 -0.078125
4331 -0.0537109375
4332 0.001953125
4333 -0.01953125
4334 0.017578125
4335 0.0224609375
4336 0.0615234375
4337 0.060546875
4338 0.08203125
4339 0.08203125
4340 0.109375
4341 0.1181640625
4342 0.130859375
4343 0.125
4344 0.14453125
4345 0.1455078125
4346 0.150390625
4347 0.1416015625
4348 0.158203125
4349 0.14453125
4350 0.1484375
4351 0.1357421875
4352 0.15234375
4353 0.146484375
4354 0.1494140625
4355 0.138671875
4356 0.154296875
4357 0.146484375
4358 0.1494140625
4359 0.13671875
4360 0.15234375
4361 0.109375
4362 0.0673828125
4363 0.0517578125
4364 0.0703125
4365 0.009765625
4366 -0.0009765625
4367 -0.0087890625
4368 0.021484375
4369 -0.041015625
4370 -0.0087890625
4371 -0.001953125
4372 0.033203125
4373 0.0283203125
4374 0.0517578125
4375 0.05078125
4376 0.0791015625
4377 0.0185546875
4378 -0.0185546875
4379 -0.0244140625
4380 0.0107421875
4381 -0.08984375
4382 -0.0849609375
4383 -0.0771484375
4384 -0.033203125
4385 -0.0947265625
4386 -0.08984375
4387 -0.0791015625
4388 -0.0341796875
4389 -0.083984375
4390 -0.076171875
4391 -0.068359375
4392 -0.025390625
4393 -0.0859375
4394 -0.0810546875
4395 -0.0712890625
4396 -0.0263671875
4397 -0.1376953125
4398 -0.1455078125
4399 -0.1220703125
4400 -0.0625
4401 -0.1298828125
4402 -0.1142578125
4403 -0.0986328125
4404 -0.0458984375
4405 -0.1162109375
4406 -0.103515625
4407 -0.0888671875
4408 -0.0390625
4409 -0.087890625
4410 -0.04296875
4411 -0.0263671875
4412 0.0166015625
4413 -0.0341796875
4414 -0.0888671875
4415 -0.0703125
4416 -0.0244140625
4417 -0.08203125
4418 -0.0361328125
4419 -0.0234375
4420 0.0234375
4421 -0.0703125
4422 -0.0986328125
4423 -0.083984375
4424 -0.0322265625
4425 -0.1005859375
4426 -0.0478515625
4427 -0.033203125
4428 0.015625
4429 -0.0078125
4430 0.021484375
4431 0.0263671875
4432 0.0634765625
4433 -0.025390625
4434 -0.0615234375
4435 -0.0537109375
4436 -0.0126953125
4437 -0.14453125
4438 -0.1259765625
4439 -0.1025390625
4440 -0.0458984375
4441 -0.1259765625
4442 -0.1025390625
4443 -0.087890625
4444 -0.0341796875
4445 -0.1064453125
4446 -0.0517578125
4447 -0.0341796875
4448 0.015625
4449 -0.0771484375
4450 -0.103515625
4451 -0.0859375
4452 -0.0341796875
4453 -0.10546875
4454 -0.091796875
4455 -0.072265625
4456 -0.021484375
4457 -0.09375
4458 -0.08203125
4459 -0.0673828125
4460 -0.017578125
4461 -0.130859375
4462 -0.0732421875
4463 -0.0498046875
4464 0.0068359375
4465 -0.0146484375
4466 0.021484375
4467 0.029296875
4468 0.068359375
4469 0.0673828125
4470 0.091796875
4471 0.087890625
4472 0.1162109375
4473 0.125
4474 0.13671875
4475 0.130859375
4476 0.150390625
4477 0.1513671875
4478 0.154296875
4479 0.1474609375
4480 0.1630859375
4481 0.1494140625
4482 0.154296875
4483 0.140625
4484 0.158203125
4485 0.150390625
4486 0.1533203125
4487 0.1435546875
4488 0.1591796875
4489 0.1513671875
4490 0.154296875
4491 0.1416015625
4492 0.158203125
4493 0.1142578125
4494 0.07421875
4495 0.0556640625
4496 0.076171875
4497 0.0146484375
4498 0.0048828125
4499 -0.0029296875
4500 0.025390625
4501 -0.037109375
4502 -0.00390625
4503 0.001953125
4504 0.0380859375
4505 0.0341796875
4506 0.0546875
4507 0.0546875
4508 0.083984375
4509 0.021484375
4510 -0.017578125
4511 -0.01953125
4512 0.0126953125
4513 -0.0849609375
4514 -0.0791015625
4515 -0.072265625
4516 -0.0263671875
4517 -0.0908203125
4518 -0.0810546875
4519 -0.076171875
4520 -0.0302734375
4521 -0.080078125
4522 -0.0703125
4523 -0.0625
4524 -0.021484375
4525 -0.08203125
4526 -0.0771484375
4527 -0.0673828125
4528 -0.025390625
4529 -0.1337890625
4530 -0.142578125
4531 -0.119140625
4532 -0.060546875
4533 -0.1259765625
4534 -0.11328125
4535 -0.0947265625
4536 -0.0419921875
4537 -0.1123046875
4538 -0.099609375
4539 -0.0859375
4540 -0.033203125
4541 -0.0849609375
4542 -0.0380859375
4543 -0.0234375
4544 0.0224609375
4545 -0.0302734375
4546 -0.0869140625
4547 -0.0654296875
4548 -0.01953125
4549 -0.0791015625
4550 -0.0322265625
4551 -0.0185546875
4552 0.025390625
4553 -0.068359375
4554 -0.099609375
4555 -0.0810546875
4556 -0.0302734375
4557 -0.1025390625
4558 -0.0478515625
4559 -0.0322265625
4560 0.0166015625
4561 -0.0078125
4562 0.02734375
4563 0.029296875
4564 0.0673828125
4565 -0.0244140625
4566 -0.0595703125
4567 -0.052734375
4568 -0.009765625
4569 -0.142578125
4570 -0.123046875
4571 -0.099609375
4572 -0.0439453125
4573 -0.125
4574 -0.1015625
4575 -0.0859375
4576 -0.033203125
4577 -0.103515625
4578 -0.0517578125
4579 -0.0341796875
4580 0.017578125
4581 -0.0791015625
4582 -0.103515625
4583 -0.0859375
4584 -0.0302734375
4585 -0.1025390625
4586 -0.0869140625
4587 -0.0703125
4588 -0.01953125
4589 -0.091796875
4590 -0.080078125
4591 -0.0654296875
4592 -0.0146484375
4593 -0.1279296875
4594 -0.0712890625
4595 -0.046875
4596 0.009765625
4597 -0.009765625
4598 0.0244140625
4599 0.0322265625
4600 0.0703125
4601 0.0693359375
4602 0.091796875
4603 0.0908203125
4604 0.1181640625
4605 0.126953125
4606 0.138671875
4607 0.1318359375
4608 0.15234375
4609 0.1513671875
4610 0.16015625
4611 0.1494140625
4612 0.1650390625
4613 0.15234375
4614 0.154296875
4615 0.14453125
4616 0.16015625
4617 0.1533203125
4618 0.1572265625
4619 0.14453125
4620 0.162109375
4621 0.154296875
4622 0.1572265625
4623 0.14453125
4624 0.1572265625
4625 0.115234375
4626 0.0751953125
4627 0.05859375
4628 0.0771484375
4629 0.0166015625
4630 0.0048828125
4631 -0.0029296875
4632 0.029296875
4633 -0.0341796875
4634 -0.00390625
4635 0.0029296875
4636 0.041015625
4637 0.0361328125
4638 0.056640625
4639 0.056640625
4640 0.083984375
4641 0.0234375
4642 -0.0146484375
4643 -0.0166015625
4644 0.0166015625
4645 -0.0830078125
4646 -0.0791015625
4647 -0.0703125
4648 -0.025390625
4649 -0.0888671875
4650 -0.0810546875
4651 -0.0732421875
4652 -0.02734375
4653 -0.078125
4654 -0.068359375
4655 -0.0625
4656 -0.0185546875
4657 -0.0810546875
4658 -0.0732421875
4659 -0.0654296875
4660 -0.021484375
4661 -0.1328125
4662 -0.140625
4663 -0.1162109375
4664 -0.05859375
4665 -0.1220703125
4666 -0.111328125
4667 -0.09375
4668 -0.041015625
4669 -0.111328125
4670 -0.0986328125
4671 -0.0869140625
4672 -0.0322265625
4673 -0.0849609375
4674 -0.0390625
4675 -0.0244140625
4676 0.0234375
4677 -0.029296875
4678 -0.0859375
4679 -0.06640625
4680 -0.01953125
4681 -0.0771484375
4682 -0.0341796875
4683 -0.0185546875
4684 0.02734375
4685 -0.06640625
4686 -0.09765625
4687 -0.0791015625
4688 -0.029296875
4689 -0.0986328125
4690 -0.0478515625
4691 -0.0283203125
4692 0.0185546875
4693 -0.0068359375
4694 0.0263671875
4695 0.029296875
4696 0.06640625
4697 -0.025390625
4698 -0.05859375
4699 -0.0537109375
4700 -0.0087890625
4701 -0.14453125
4702 -0.123046875
4703 -0.1005859375
4704 -0.044921875
4705 -0.1240234375
4706 -0.0986328125
4707 -0.0830078125
4708 -0.033203125
4709 -0.1015625
4710 -0.046875
4711 -0.03125
4712 0.01953125
4713 -0.0732421875
4714 -0.1005859375
4715 -0.0830078125
4716 -0.029296875
4717 -0.1015625
4718 -0.0869140625
4719 -0.0693359375
4720 -0.017578125
4721 -0.0908203125
4722 -0.080078125
4723 -0.0654296875
4724 -0.0146484375
4725 -0.1298828125
4726 -0.0732421875
4727 -0.0458984375
4728 0.0078125
4729 -0.01171875
4730 0.0234375
4731 0.0322265625
4732 0.0712890625
4733 0.0703125
4734 0.0927734375
4735 0.0927734375
4736 0.119140625
4737 0.1279296875
4738 0.1396484375
4739 0.1337890625
4740 0.154296875
4741 0.1533203125
4742 0.1591796875
4743 0.1513671875
4744 0.1669921875
4745 0.1513671875
4746 0.1572265625
4747 0.1474609375
4748 0.1611328125
4749 0.1552734375
4750 0.1591796875
4751 0.1474609375
4752 0.162109375
4753 0.154296875
4754 0.1572265625
4755 0.146484375
4756 0.16015625
4757 0.1201171875
4758 0.0771484375
4759 0.0625
4760 0.0771484375
4761 0.0166015625
4762 0.0078125
4763 0.0009765625
4764 0.029296875
4765 -0.0361328125
4766 -0.0009765625
4767 0.00390625
4768 0.0419921875
4769 0.03515625
4770 0.05859375
4771 0.0576171875
4772 0.0859375
4773 0.0263671875
4774 -0.0146484375
4775 -0.0166015625
4776 0.015625
4777 -0.08203125
4778 -0.078125
4779 -0.0673828125
4780 -0.0263671875
4781 -0.0869140625
4782 -0.0810546875
4783 -0.0693359375
4784 -0.02734375
4785 -0.0771484375
4786 -0.0673828125
4787 -0.060546875
4788 -0.0185546875
4789 -0.0810546875
4790 -0.0732421875
4791 -0.064453125
4792 -0.021484375
4793 -0.1298828125
4794 -0.138671875
4795 -0.1142578125
4796 -0.0576171875
4797 -0.1240234375
4798 -0.1103515625
4799 -0.0908203125
4800 -0.041015625
4801 -0.109375
4802 -0.0966796875
4803 -0.08203125
4804 -0.0341796875
4805 -0.08203125
4806 -0.0361328125
4807 -0.0205078125
4808 0.025390625
4809 -0.0263671875
4810 -0.08203125
4811 -0.06640625
4812 -0.0166015625
4813 -0.078125
4814 -0.0302734375
4815 -0.017578125
4816 0.029296875
4817 -0.068359375
4818 -0.099609375
4819 -0.0791015625
4820 -0.0302734375
4821 -0.1025390625
4822 -0.048828125
4823 -0.0302734375
4824 0.0185546875
4825 -0.005859375
4826 0.02734375
4827 0.03125
4828 0.0673828125
4829 -0.0224609375
4830 -0.060546875
4831 -0.0517578125
4832 -0.0087890625
4833 -0.1455078125
4834 -0.12109375
4835 -0.1005859375
4836 -0.0439453125
4837 -0.1259765625
4838 -0.0986328125
4839 -0.083984375
4840 -0.03125
4841 -0.103515625
4842 -0.0478515625
4843 -0.03125
4844 0.01953125
4845 -0.0751953125
4846 -0.1025390625
4847 -0.0810546875
4848 -0.0302734375
4849 -0.1015625
4850 -0.0869140625
4851 -0.06640625
4852 -0.017578125
4853 -0.087890625
4854 -0.078125
4855 -0.0625
4856 -0.013671875
4857 -0.126953125
4858 -0.068359375
4859 -0.0439453125
4860 0.01171875
4861 -0.0107421875
4862 0.02734375
4863 0.0341796875
4864 0.0732421875
4865 0.0712890625
4866 0.0927734375
4867 0.0927734375
4868 0.1201171875
4869 0.1298828125
4870 0.138671875
4871 0.134765625
4872 0.154296875
4873 0.1552734375
4874 0.1611328125
4875 0.1513671875
4876 0.1689453125
4877 0.1533203125
4878 0.158203125
4879 0.146484375
4880 0.1630859375
4881 0.15625
4882 0.16015625
4883 0.1484375
4884 0.1640625
4885 0.154296875
4886 0.16015625
4887 0.146484375
4888 0.162109375
4889 0.1171875
4890 0.0751953125
4891 0.0625
4892 0.0791015625
4893 0.017578125
4894 0.0068359375
4895 0.0
4896 0.0302734375
4897 -0.0322265625
4898 -0.001953125
4899 0.00390625
4900 0.04296875
4901 0.0361328125
4902 0.060546875
4903 0.0576171875
4904 0.087890625
4905 0.0263671875
4906 -0.0126953125
4907 -0.0146484375
4908 0.0185546875
4909 -0.080078125
4910 -0.076171875
4911 -0.068359375
4912 -0.0244140625
4913 -0.0869140625
4914 -0.08203125
4915 -0.0712890625
4916 -0.0263671875
4917 -0.0771484375
4918 -0.06640625
4919 -0.060546875
4920 -0.0185546875
4921 -0.0810546875
4922 -0.0732421875
4923 -0.0634765625
4924 -0.01953125
4925 -0.1318359375
4926 -0.1376953125
4927 -0.115234375
4928 -0.056640625
4929 -0.12109375
4930 -0.1083984375
4931 -0.091796875
4932 -0.0400390625
4933 -0.1083984375
4934 -0.095703125
4935 -0.083984375
4936 -0.033203125
4937 -0.08203125
4938 -0.0361328125
4939 -0.021484375
4940 0.0263671875
4941 -0.0263671875
4942 -0.0830078125
4943 -0.0654296875
4944 -0.017578125
4945 -0.07421875
4946 -0.029296875
4947 -0.0166015625
4948 0.0302734375
4949 -0.06640625
4950 -0.0947265625
4951 -0.078125
4952 -0.0263671875
4953 -0.0966796875
4954 -0.044921875
4955 -0.0283203125
4956 0.0224609375
4957 -0.005859375
4958 0.0283203125
4959 0.0322265625
4960 0.0673828125
4961 -0.0234375
4962 -0.0595703125
4963 -0.0498046875
4964 -0.0078125
4965 -0.140625
4966 -0.1220703125
4967 -0.09765625
4968 -0.041015625
4969 -0.123046875
4970 -0.0966796875
4971 -0.08203125
4972 -0.03125
4973 -0.1005859375
4974 -0.0458984375
4975 -0.0302734375
4976 0.021484375
4977 -0.0732421875
4978 -0.1005859375
4979 -0.0810546875
4980 -0.029296875
4981 -0.099609375
4982 -0.0859375
4983 -0.0673828125
4984 -0.017578125
4985 -0.087890625
4986 -0.078125
4987 -0.0634765625
4988 -0.0146484375
4989 -0.1298828125
4990 -0.0712890625
4991 -0.044921875
4992 0.0107421875
4993 -0.0107421875
4994 0.0263671875
4995 0.033203125
4996 0.0751953125
4997 0.072265625
4998 0.09375
4999 0.09375
