x y
0 -0.0244140625
1 -0.197265625
2 -0.142578125
3 -0.0771484375
4 -0.0712890625
5 -0.44921875
6 -0.1123046875
7 -0.03515625
8 -0.060546875
9 -0.1787109375
10 -0.0830078125
11 -0.0087890625
12 -0.0400390625
13 -0.1494140625
14 -0.021484375
15 0.0546875
16 0.0185546875
17 -0.0908203125
18 -0.068359375
19 0.0087890625
20 -0.0244140625
21 -0.1533203125
22 -0.021484375
23 0.0556640625
24 0.01953125
25 -0.11328125
26 -0.068359375
27 0.00390625
28 -0.0283203125
29 -0.1435546875
30 -0.0537109375
31 0.0185546875
32 -0.017578125
33 -0.1220703125
34 -0.033203125
35 0.03125
36 -0.0048828125
37 -0.1240234375
38 -0.0009765625
39 0.068359375
40 0.03125
41 -0.0576171875
42 0.056640625
43 0.119140625
44 0.07421875
45 0.009765625
46 0.11328125
47 0.171875
48 0.1123046875
49 0.015625
50 0.064453125
51 0.1142578125
52 0.0546875
53 -0.07421875
54 0.037109375
55 0.099609375
56 0.0537109375
57 -0.0849609375
58 -0.044921875
59 0.0205078125
60 -0.0146484375
61 -0.130859375
62 -0.044921875
63 0.0234375
64 -0.0146484375
65 -0.12890625
66 -0.041015625
67 0.021484375
68 -0.013671875
69 -0.1533203125
70 -0.0283203125
71 0.044921875
72 0.0146484375
73 -0.041015625
74 0.0693359375
75 0.1298828125
76 0.0830078125
77 -0.01171875
78 0.0361328125
79 0.08984375
80 0.037109375
81 -0.09375
82 0.021484375
83 0.083984375
84 0.0439453125
85 -0.095703125
86 -0.0537109375
87 0.0126953125
88 -0.0205078125
89 -0.1337890625
90 -0.0458984375
91 0.0185546875
92 -0.013671875
93 -0.130859375
94 -0.0419921875
95 0.0224609375
96 -0.015625
97 -0.1552734375
98 -0.0283203125
99 0.046875
100 0.013671875
101 -0.041015625
102 0.0703125
103 0.1328125
104 0.080078125
105 -0.01171875
106 0.0361328125
107 0.087890625
108 0.0361328125
109 -0.0947265625
110 0.021484375
111 0.083984375
112 0.0439453125
113 -0.095703125
114 -0.0556640625
115 0.0078125
116 -0.01953125
117 -0.134765625
118 -0.0517578125
119 0.0166015625
120 -0.017578125
121 -0.1279296875
122 -0.044921875
123 0.017578125
124 -0.0146484375
125 -0.15625
126 -0.0302734375
127 0.04296875
128 0.013671875
129 -0.041015625
130 0.0693359375
131 0.1279296875
132 0.080078125
133 -0.0107421875
134 0.0361328125
135 0.0830078125
136 0.0361328125
137 -0.09375
138 0.0205078125
139 0.08203125
140 0.0439453125
141 -0.095703125
142 -0.0576171875
143 0.0087890625
144 -0.021484375
145 -0.1328125
146 -0.0498046875
147 0.0166015625
148 -0.015625
149 -0.126953125
150 -0.04296875
151 0.017578125
152 -0.0146484375
153 -0.150390625
154 -0.0263671875
155 0.0439453125
156 0.0166015625
157 -0.0390625
158 0.0693359375
159 0.1298828125
160 0.0810546875
161 -0.009765625
162 0.037109375
163 0.0849609375
164 0.037109375
165 -0.0927734375
166 0.0205078125
167 0.0849609375
168 0.0439453125
169 -0.0947265625
170 -0.0556640625
171 0.01171875
172 -0.0205078125
173 -0.1328125
174 -0.0478515625
175 0.017578125
176 -0.015625
177 -0.12890625
178 -0.04296875
179 0.01953125
180 -0.013671875
181 -0.15234375
182 -0.02734375
183 0.04296875
184 0.0146484375
185 -0.0380859375
186 0.068359375
187 0.1279296875
188 0.08203125
189 -0.0107421875
190 0.03515625
191 0.0849609375
192 0.037109375
193 -0.0927734375
194 0.0185546875
195 0.0830078125
196 0.0439453125
197 -0.09375
198 -0.056640625
199 0.0087890625
200 -0.021484375
201 -0.1328125
202 -0.048828125
203 0.0146484375
204 -0.0146484375
205 -0.1298828125
206 -0.04296875
207 0.01953125
208 -0.015625
209 -0.154296875
210 -0.0302734375
211 0.04296875
212 0.013671875
213 -0.041015625
214 0.0693359375
215 0.12890625
216 0.0810546875
217 -0.0107421875
218 0.03515625
219 0.0849609375
220 0.0361328125
221 -0.091796875
222 0.021484375
223 0.0830078125
224 0.044921875
225 -0.095703125
226 -0.0546875
227 0.0087890625
228 -0.0205078125
229 -0.1357421875
230 -0.0478515625
231 0.017578125
232 -0.0146484375
233 -0.12890625
234 -0.04296875
235 0.0205078125
236 -0.0146484375
237 -0.15625
238 -0.0283203125
239 0.044921875
240 0.0126953125
241 -0.0419921875
242 0.0703125
243 0.1318359375
244 0.08203125
245 -0.01171875
246 0.0361328125
247 0.0888671875
248 0.037109375
249 -0.095703125
250 0.0205078125
251 0.0859375
252 0.04296875
253 -0.095703125
254 -0.0546875
255 0.01171875
256 -0.0205078125
257 -0.134765625
258 -0.048828125
259 0.0166015625
260 -0.015625
261 -0.1298828125
262 -0.0439453125
263 0.0224609375
264 -0.013671875
265 -0.1533203125
266 -0.0283203125
267 0.0458984375
268 0.015625
269 -0.041015625
270 0.072265625
271 0.1328125
272 0.08203125
273 -0.0107421875
274 0.0380859375
275 0.0888671875
276 0.0380859375
277 -0.0927734375
278 0.0224609375
279 0.0888671875
280 0.044921875
281 -0.0927734375
282 -0.05078125
283 0.0166015625
284 -0.01953125
285 -0.1328125
286 -0.046875
287 0.0224609375
288 -0.015625
289 -0.1279296875
290 -0.0400390625
291 0.0224609375
292 -0.013671875
293 -0.15625
294 -0.0263671875
295 0.0458984375
296 0.0146484375
297 -0.04296875
298 0.072265625
299 0.134765625
300 0.080078125
301 -0.0126953125
302 0.03515625
303 0.08984375
304 0.0361328125
305 -0.0947265625
306 0.0205078125
307 0.0849609375
308 0.04296875
309 -0.0947265625
310 -0.0537109375
311 0.0146484375
312 -0.01953125
313 -0.1337890625
314 -0.046875
315 0.01953125
316 -0.0146484375
317 -0.1298828125
318 -0.04296875
319 0.0205078125
320 -0.0126953125
321 -0.1552734375
322 -0.025390625
323 0.0458984375
324 0.0146484375
325 -0.041015625
326 0.0693359375
327 0.1328125
328 0.0810546875
329 -0.009765625
330 0.037109375
331 0.08984375
332 0.0361328125
333 -0.09375
334 0.0224609375
335 0.087890625
336 0.0439453125
337 -0.09375
338 -0.0517578125
339 0.013671875
340 -0.0205078125
341 -0.1337890625
342 -0.0478515625
343 0.0185546875
344 -0.013671875
345 -0.1298828125
346 -0.0419921875
347 0.0224609375
348 -0.0126953125
349 -0.1572265625
350 -0.0283203125
351 0.0458984375
352 0.013671875
353 -0.0419921875
354 0.0693359375
355 0.130859375
356 0.0810546875
357 -0.01171875
358 0.0361328125
359 0.0888671875
360 0.0361328125
361 -0.0966796875
362 0.021484375
363 0.083984375
364 0.0439453125
365 -0.0966796875
366 -0.0537109375
367 0.013671875
368 -0.0185546875
369 -0.134765625
370 -0.0458984375
371 0.0205078125
372 -0.015625
373 -0.12890625
374 -0.04296875
375 0.0234375
376 -0.013671875
377 -0.1533203125
378 -0.0263671875
379 0.048828125
380 0.015625
381 -0.0419921875
382 0.0703125
383 0.134765625
384 0.08203125
385 -0.0126953125
386 0.0390625
387 0.091796875
388 0.037109375
389 -0.09765625
390 0.0244140625
391 0.0908203125
392 0.0439453125
393 -0.09375
394 -0.0498046875
395 0.0185546875
396 -0.021484375
397 -0.13671875
398 -0.046875
399 0.025390625
400 -0.0166015625
401 -0.130859375
402 -0.0419921875
403 0.025390625
404 -0.0146484375
405 -0.158203125
406 -0.0263671875
407 0.052734375
408 0.013671875
409 -0.0439453125
410 0.072265625
411 0.1376953125
412 0.08203125
413 -0.013671875
414 0.0390625
415 0.0947265625
416 0.037109375
417 -0.0966796875
418 0.0224609375
419 0.08984375
420 0.0439453125
421 -0.095703125
422 -0.0537109375
423 0.0185546875
424 -0.0205078125
425 -0.134765625
426 -0.0478515625
427 0.0234375
428 -0.015625
429 -0.1318359375
430 -0.0400390625
431 0.0263671875
432 -0.0146484375
433 -0.1572265625
434 -0.0263671875
435 0.05078125
436 0.015625
437 -0.04296875
438 0.07421875
439 0.1376953125
440 0.08203125
441 -0.0126953125
442 0.0380859375
443 0.0947265625
444 0.0380859375
445 -0.09765625
446 0.0224609375
447 0.08984375
448 0.04296875
449 -0.095703125
450 -0.0537109375
451 0.015625
452 -0.0205078125
453 -0.13671875
454 -0.046875
455 0.0224609375
456 -0.015625
457 -0.1328125
458 -0.041015625
459 0.02734375
460 -0.013671875
461 -0.1591796875
462 -0.0263671875
463 0.0498046875
464 0.013671875
465 -0.044921875
466 0.0712890625
467 0.1396484375
468 0.08203125
469 -0.0126953125
470 0.0380859375
471 0.0947265625
472 0.0361328125
473 -0.0966796875
474 0.0224609375
475 0.0888671875
476 0.0439453125
477 -0.095703125
478 -0.0517578125
479 0.0166015625
480 -0.0185546875
481 -0.134765625
482 -0.0458984375
483 0.0234375
484 -0.015625
485 -0.1298828125
486 -0.0400390625
487 0.0263671875
488 -0.0126953125
489 -0.15234375
490 -0.025390625
491 0.052734375
492 0.015625
493 -0.0400390625
494 0.0732421875
495 0.13671875
496 0.0830078125
497 -0.009765625
498 0.0380859375
499 0.08984375
500 0.0380859375
501 -0.0927734375
502 0.0244140625
503 0.0888671875
504 0.0458984375
505 -0.091796875
506 -0.048828125
507 0.0166015625
508 -0.017578125
509 -0.1328125
510 -0.046875
511 0.0234375
512 -0.013671875
513 -0.12890625
514 -0.0400390625
515 0.0263671875
516 -0.0126953125
517 -0.1533203125
518 -0.025390625
519 0.0498046875
520 0.0166015625
521 -0.041015625
522 0.0732421875
523 0.134765625
524 0.083984375
525 -0.0107421875
526 0.0400390625
527 0.0927734375
528 0.0380859375
529 -0.0927734375
530 0.0244140625
531 0.0908203125
532 0.044921875
533 -0.0927734375
534 -0.05078125
535 0.0166015625
536 -0.01953125
537 -0.1328125
538 -0.0458984375
539 0.0224609375
540 -0.0146484375
541 -0.126953125
542 -0.041015625
543 0.0234375
544 -0.0126953125
545 -0.1533203125
546 -0.02734375
547 0.044921875
548 0.0166015625
549 -0.0400390625
550 0.0712890625
551 0.1328125
552 0.0830078125
553 -0.0107421875
554 0.0380859375
555 0.08984375
556 0.0380859375
557 -0.0908203125
558 0.0224609375
559 0.087890625
560 0.0458984375
561 -0.091796875
562 -0.0517578125
563 0.0166015625
564 -0.0166015625
565 -0.130859375
566 -0.0458984375
567 0.021484375
568 -0.0126953125
569 -0.12890625
570 -0.0400390625
571 0.0244140625
572 -0.0126953125
573 -0.15625
574 -0.02734375
575 0.046875
576 0.0146484375
577 -0.0419921875
578 0.072265625
579 0.134765625
580 0.0830078125
581 -0.0107421875
582 0.0380859375
583 0.091796875
584 0.037109375
585 -0.0927734375
586 0.0234375
587 0.0888671875
588 0.044921875
589 -0.09375
590 -0.0537109375
591 0.0146484375
592 -0.01953125
593 -0.134765625
594 -0.0478515625
595 0.0185546875
596 -0.013671875
597 -0.130859375
598 -0.0419921875
599 0.0224609375
600 -0.01171875
601 -0.1533203125
602 -0.0263671875
603 0.0498046875
604 0.015625
605 -0.0390625
606 0.072265625
607 0.13671875
608 0.083984375
609 -0.0107421875
610 0.0390625
611 0.091796875
612 0.0380859375
613 -0.091796875
614 0.0244140625
615 0.087890625
616 0.0458984375
617 -0.091796875
618 -0.05078125
619 0.013671875
620 -0.017578125
621 -0.1328125
622 -0.044921875
623 0.021484375
624 -0.013671875
625 -0.1259765625
626 -0.0400390625
627 0.0224609375
628 -0.01171875
629 -0.15234375
630 -0.0263671875
631 0.0478515625
632 0.0166015625
633 -0.041015625
634 0.072265625
635 0.1337890625
636 0.083984375
637 -0.01171875
638 0.0380859375
639 0.0908203125
640 0.0380859375
641 -0.0947265625
642 0.0234375
643 0.0859375
644 0.0458984375
645 -0.09375
646 -0.052734375
647 0.013671875
648 -0.0185546875
649 -0.1318359375
650 -0.0478515625
651 0.0224609375
652 -0.013671875
653 -0.12890625
654 -0.0419921875
655 0.0263671875
656 -0.01171875
657 -0.1552734375
658 -0.0263671875
659 0.046875
660 0.015625
661 -0.041015625
662 0.072265625
663 0.134765625
664 0.0830078125
665 -0.01171875
666 0.0400390625
667 0.0927734375
668 0.0380859375
669 -0.0927734375
670 0.0224609375
671 0.0888671875
672 0.0439453125
673 -0.0927734375
674 -0.052734375
675 0.0146484375
676 -0.017578125
677 -0.1318359375
678 -0.0458984375
679 0.0205078125
680 -0.0126953125
681 -0.12890625
682 -0.041015625
683 0.0224609375
684 -0.0126953125
685 -0.154296875
686 -0.02734375
687 0.044921875
688 0.015625
689 -0.041015625
690 0.0703125
691 0.1318359375
692 0.08203125
693 -0.01171875
694 0.037109375
695 0.08984375
696 0.037109375
697 -0.09375
698 0.021484375
699 0.0849609375
700 0.0458984375
701 -0.0927734375
702 -0.052734375
703 0.0126953125
704 -0.017578125
705 -0.1318359375
706 -0.0478515625
707 0.01953125
708 -0.0126953125
709 -0.1259765625
710 -0.0400390625
711 0.0205078125
712 -0.0107421875
713 -0.1513671875
714 -0.025390625
715 0.044921875
716 0.0166015625
717 -0.0361328125
718 0.072265625
719 0.1328125
720 0.083984375
721 -0.0068359375
722 0.0380859375
723 0.08984375
724 0.0380859375
725 -0.0888671875
726 0.0234375
727 0.0849609375
728 0.046875
729 -0.0888671875
730 -0.048828125
731 0.0146484375
732 -0.015625
733 -0.1298828125
734 -0.0458984375
735 0.0185546875
736 -0.0126953125
737 -0.1259765625
738 -0.0419921875
739 0.0205078125
740 -0.01171875
741 -0.1513671875
742 -0.02734375
743 0.0458984375
744 0.015625
745 -0.0380859375
746 0.0712890625
747 0.1328125
748 0.083984375
749 -0.0107421875
750 0.0390625
751 0.0888671875
752 0.0380859375
753 -0.091796875
754 0.0234375
755 0.0859375
756 0.0458984375
757 -0.08984375
758 -0.0498046875
759 0.0126953125
760 -0.0166015625
761 -0.1279296875
762 -0.0458984375
763 0.0185546875
764 -0.0126953125
765 -0.125
766 -0.0419921875
767 0.021484375
768 -0.01171875
769 -0.1494140625
770 -0.02734375
771 0.0458984375
772 0.017578125
773 -0.037109375
774 0.0712890625
775 0.1318359375
776 0.0830078125
777 -0.0087890625
778 0.0390625
779 0.0888671875
780 0.0390625
781 -0.091796875
782 0.0234375
783 0.0869140625
784 0.0458984375
785 -0.0908203125
786 -0.05078125
787 0.0126953125
788 -0.017578125
789 -0.1298828125
790 -0.0458984375
791 0.0185546875
792 -0.01171875
793 -0.125
794 -0.041015625
795 0.0205078125
796 -0.0107421875
797 -0.1533203125
798 -0.02734375
799 0.044921875
800 0.0166015625
801 -0.0390625
802 0.072265625
803 0.1318359375
804 0.0830078125
805 -0.0107421875
806 0.0380859375
807 0.08984375
808 0.0380859375
809 -0.0927734375
810 0.0205078125
811 0.0859375
812 0.0439453125
813 -0.0927734375
814 -0.0537109375
815 0.013671875
816 -0.0185546875
817 -0.1318359375
818 -0.0458984375
819 0.01953125
820 -0.0146484375
821 -0.1259765625
822 -0.041015625
823 0.0224609375
824 -0.01171875
825 -0.1513671875
826 -0.0244140625
827 0.046875
828 0.017578125
829 -0.037109375
830 0.072265625
831 0.1318359375
832 0.0830078125
833 -0.0107421875
834 0.0380859375
835 0.0908203125
836 0.0380859375
837 -0.09375
838 0.0224609375
839 0.0888671875
840 0.0458984375
841 -0.0927734375
842 -0.05078125
843 0.0166015625
844 -0.017578125
845 -0.1318359375
846 -0.0439453125
847 0.0224609375
848 -0.0126953125
849 -0.1279296875
850 -0.0380859375
851 0.02734375
852 -0.0146484375
853 -0.1552734375
854 -0.0263671875
855 0.0517578125
856 0.0146484375
857 -0.0400390625
858 0.072265625
859 0.13671875
860 0.083984375
861 -0.009765625
862 0.0380859375
863 0.08984375
864 0.0390625
865 -0.095703125
866 0.0224609375
867 0.0869140625
868 0.044921875
869 -0.09375
870 -0.05078125
871 0.015625
872 -0.017578125
873 -0.134765625
874 -0.0458984375
875 0.0234375
876 -0.013671875
877 -0.1279296875
878 -0.0419921875
879 0.0263671875
880 -0.0126953125
881 -0.1572265625
882 -0.0283203125
883 0.048828125
884 0.013671875
885 -0.04296875
886 0.0712890625
887 0.1357421875
888 0.08203125
889 -0.013671875
890 0.0400390625
891 0.0927734375
892 0.0380859375
893 -0.0966796875
894 0.0224609375
895 0.0888671875
896 0.0439453125
897 -0.0947265625
898 -0.052734375
899 0.013671875
900 -0.01953125
901 -0.1328125
902 -0.0458984375
903 0.021484375
904 -0.0146484375
905 -0.1279296875
906 -0.041015625
907 0.0234375
908 -0.013671875
909 -0.15625
910 -0.02734375
911 0.0478515625
912 0.015625
913 -0.0419921875
914 0.0732421875
915 0.13671875
916 0.08203125
917 -0.0126953125
918 0.0390625
919 0.09375
920 0.037109375
921 -0.09765625
922 0.021484375
923 0.0908203125
924 0.0439453125
925 -0.0966796875
926 -0.0546875
927 0.0185546875
928 -0.021484375
929 -0.13671875
930 -0.046875
931 0.025390625
932 -0.0166015625
933 -0.1328125
934 -0.041015625
935 0.02734375
936 -0.013671875
937 -0.158203125
938 -0.0244140625
939 0.052734375
940 0.015625
941 -0.0439453125
942 0.072265625
943 0.140625
944 0.0830078125
945 -0.0126953125
946 0.0400390625
947 0.0986328125
948 0.0380859375
949 -0.095703125
950 0.0263671875
951 0.0947265625
952 0.0439453125
953 -0.095703125
954 -0.05078125
955 0.0205078125
956 -0.0185546875
957 -0.13671875
958 -0.0458984375
959 0.025390625
960 -0.0146484375
961 -0.130859375
962 -0.0400390625
963 0.0263671875
964 -0.0126953125
965 -0.158203125
966 -0.0263671875
967 0.05078125
968 0.0146484375
969 -0.0439453125
970 0.0732421875
971 0.138671875
972 0.0830078125
973 -0.01171875
974 0.0400390625
975 0.095703125
976 0.0380859375
977 -0.09765625
978 0.0224609375
979 0.0908203125
980 0.044921875
981 -0.09765625
982 -0.052734375
983 0.017578125
984 -0.017578125
985 -0.1357421875
986 -0.044921875
987 0.0263671875
988 -0.0146484375
989 -0.1318359375
990 -0.0400390625
991 0.029296875
992 -0.0126953125
993 -0.1572265625
994 -0.0263671875
995 0.052734375
996 0.0146484375
997 -0.0419921875
998 0.07421875
999 0.1376953125
1000 0.0830078125
1001 -0.0126953125
1002 0.041015625
1003 0.09375
1004 0.0390625
1005 -0.0947265625
1006 0.0244140625
1007 0.0908203125
1008 0.046875
1009 -0.0947265625
1010 -0.05078125
1011 0.017578125
1012 -0.017578125
1013 -0.134765625
1014 -0.0458984375
1015 0.0234375
1016 -0.015625
1017 -0.12890625
1018 -0.041015625
1019 0.025390625
1020 -0.0126953125
1021 -0.1572265625
1022 -0.0283203125
1023 0.0458984375
1024 0.013671875
1025 -0.0419921875
1026 0.0712890625
1027 0.130859375
1028 0.08203125
1029 -0.0107421875
1030 0.037109375
1031 0.08984375
1032 0.0390625
1033 -0.09375
1034 0.0205078125
1035 0.0859375
1036 0.044921875
1037 -0.095703125
1038 -0.0546875
1039 0.0126953125
1040 -0.021484375
1041 -0.1318359375
1042 -0.0458984375
1043 0.021484375
1044 -0.0126953125
1045 -0.1259765625
1046 -0.0419921875
1047 0.0234375
1048 -0.0107421875
1049 -0.1513671875
1050 -0.0234375
1051 0.048828125
1052 0.0166015625
1053 -0.0400390625
1054 0.0732421875
1055 0.13671875
1056 0.0830078125
1057 -0.0107421875
1058 0.0400390625
1059 0.0947265625
1060 0.0380859375
1061 -0.0927734375
1062 0.025390625
1063 0.0908203125
1064 0.0458984375
1065 -0.09375
1066 -0.05078125
1067 0.0185546875
1068 -0.0185546875
1069 -0.134765625
1070 -0.044921875
1071 0.0234375
1072 -0.0146484375
1073 -0.1318359375
1074 -0.041015625
1075 0.0234375
1076 -0.013671875
1077 -0.1572265625
1078 -0.025390625
1079 0.0498046875
1080 0.015625
1081 -0.0419921875
1082 0.072265625
1083 0.1376953125
1084 0.0830078125
1085 -0.0107421875
1086 0.0400390625
1087 0.0927734375
1088 0.0390625
1089 -0.095703125
1090 0.0234375
1091 0.08984375
1092 0.0458984375
1093 -0.0966796875
1094 -0.052734375
1095 0.015625
1096 -0.0185546875
1097 -0.13671875
1098 -0.0458984375
1099 0.0224609375
1100 -0.013671875
1101 -0.1328125
1102 -0.0400390625
1103 0.0263671875
1104 -0.013671875
1105 -0.15625
1106 -0.025390625
1107 0.0517578125
1108 0.015625
1109 -0.04296875
1110 0.072265625
1111 0.1376953125
1112 0.083984375
1113 -0.0107421875
1114 0.0400390625
1115 0.095703125
1116 0.0390625
1117 -0.095703125
1118 0.0244140625
1119 0.0908203125
1120 0.046875
1121 -0.0966796875
1122 -0.052734375
1123 0.0146484375
1124 -0.01953125
1125 -0.134765625
1126 -0.046875
1127 0.0224609375
1128 -0.0146484375
1129 -0.130859375
1130 -0.04296875
1131 0.0263671875
1132 -0.01171875
1133 -0.158203125
1134 -0.02734375
1135 0.05078125
1136 0.0146484375
1137 -0.0439453125
1138 0.0732421875
1139 0.1376953125
1140 0.083984375
1141 -0.0126953125
1142 0.0400390625
1143 0.0947265625
1144 0.0390625
1145 -0.0966796875
1146 0.0234375
1147 0.091796875
1148 0.0458984375
1149 -0.0966796875
1150 -0.0537109375
1151 0.017578125
1152 -0.021484375
1153 -0.1337890625
1154 -0.0458984375
1155 0.0224609375
1156 -0.013671875
1157 -0.1279296875
1158 -0.0400390625
1159 0.0234375
1160 -0.009765625
1161 -0.1533203125
1162 -0.025390625
1163 0.048828125
1164 0.017578125
1165 -0.0390625
1166 0.0732421875
1167 0.1357421875
1168 0.0830078125
1169 -0.0107421875
1170 0.0400390625
1171 0.0908203125
1172 0.0380859375
1173 -0.0927734375
1174 0.0244140625
1175 0.0888671875
1176 0.046875
1177 -0.091796875
1178 -0.0517578125
1179 0.0146484375
1180 -0.0166015625
1181 -0.1298828125
1182 -0.044921875
1183 0.01953125
1184 -0.01171875
1185 -0.125
1186 -0.0390625
1187 0.021484375
1188 -0.009765625
1189 -0.1513671875
1190 -0.0263671875
1191 0.04296875
1192 0.0185546875
1193 -0.037109375
1194 0.0712890625
1195 0.130859375
1196 0.0830078125
1197 -0.0078125
1198 0.0380859375
1199 0.087890625
1200 0.0390625
1201 -0.087890625
1202 0.0224609375
1203 0.0849609375
1204 0.046875
1205 -0.0908203125
1206 -0.052734375
1207 0.0107421875
1208 -0.015625
1209 -0.12890625
1210 -0.0458984375
1211 0.017578125
1212 -0.01171875
1213 -0.125
1214 -0.0400390625
1215 0.0205078125
1216 -0.0107421875
1217 -0.1533203125
1218 -0.0283203125
1219 0.044921875
1220 0.0166015625
1221 -0.037109375
1222 0.0712890625
1223 0.1318359375
1224 0.0849609375
1225 -0.0078125
1226 0.0380859375
1227 0.08984375
1228 0.0400390625
1229 -0.08984375
1230 0.0224609375
1231 0.0849609375
1232 0.046875
1233 -0.0908203125
1234 -0.0517578125
1235 0.01171875
1236 -0.0166015625
1237 -0.1298828125
1238 -0.046875
1239 0.017578125
1240 -0.01171875
1241 -0.125
1242 -0.0419921875
1243 0.0205078125
1244 -0.0107421875
1245 -0.1533203125
1246 -0.029296875
1247 0.044921875
1248 0.0166015625
1249 -0.0380859375
1250 0.072265625
1251 0.130859375
1252 0.083984375
1253 -0.009765625
1254 0.0400390625
1255 0.087890625
1256 0.0400390625
1257 -0.09375
1258 0.021484375
1259 0.0849609375
1260 0.0458984375
1261 -0.09375
1262 -0.0537109375
1263 0.0126953125
1264 -0.01953125
1265 -0.1337890625
1266 -0.048828125
1267 0.0185546875
1268 -0.0146484375
1269 -0.126953125
1270 -0.0400390625
1271 0.0234375
1272 -0.0126953125
1273 -0.1513671875
1274 -0.025390625
1275 0.0478515625
1276 0.017578125
1277 -0.0400390625
1278 0.0732421875
1279 0.1337890625
1280 0.083984375
1281 -0.009765625
1282 0.0380859375
1283 0.091796875
1284 0.041015625
1285 -0.0908203125
1286 0.0244140625
1287 0.087890625
1288 0.0458984375
1289 -0.09375
1290 -0.052734375
1291 0.0166015625
1292 -0.017578125
1293 -0.130859375
1294 -0.0478515625
1295 0.0234375
1296 -0.0126953125
1297 -0.1279296875
1298 -0.0400390625
1299 0.0244140625
1300 -0.0107421875
1301 -0.1533203125
1302 -0.0263671875
1303 0.046875
1304 0.0166015625
1305 -0.0380859375
1306 0.0732421875
1307 0.1337890625
1308 0.0859375
1309 -0.0078125
1310 0.0380859375
1311 0.08984375
1312 0.0390625
1313 -0.091796875
1314 0.01953125
1315 0.083984375
1316 0.0458984375
1317 -0.091796875
1318 -0.0546875
1319 0.01171875
1320 -0.0185546875
1321 -0.1318359375
1322 -0.0458984375
1323 0.017578125
1324 -0.013671875
1325 -0.126953125
1326 -0.041015625
1327 0.0224609375
1328 -0.009765625
1329 -0.150390625
1330 -0.0263671875
1331 0.044921875
1332 0.0166015625
1333 -0.0361328125
1334 0.072265625
1335 0.1328125
1336 0.083984375
1337 -0.0087890625
1338 0.0400390625
1339 0.08984375
1340 0.041015625
1341 -0.0908203125
1342 0.0234375
1343 0.0859375
1344 0.044921875
1345 -0.0947265625
1346 -0.0537109375
1347 0.0126953125
1348 -0.017578125
1349 -0.1328125
1350 -0.0458984375
1351 0.0205078125
1352 -0.0126953125
1353 -0.126953125
1354 -0.041015625
1355 0.0234375
1356 -0.0107421875
1357 -0.154296875
1358 -0.0283203125
1359 0.0478515625
1360 0.0146484375
1361 -0.0390625
1362 0.0712890625
1363 0.1328125
1364 0.08203125
1365 -0.0107421875
1366 0.0380859375
1367 0.0888671875
1368 0.0380859375
1369 -0.09375
1370 0.021484375
1371 0.083984375
1372 0.0458984375
1373 -0.0947265625
1374 -0.052734375
1375 0.0126953125
1376 -0.017578125
1377 -0.12890625
1378 -0.0458984375
1379 0.017578125
1380 -0.01171875
1381 -0.1220703125
1382 -0.0400390625
1383 0.0205078125
1384 -0.009765625
1385 -0.1494140625
1386 -0.025390625
1387 0.044921875
1388 0.0185546875
1389 -0.03515625
1390 0.0732421875
1391 0.1318359375
1392 0.0849609375
1393 -0.0087890625
1394 0.0400390625
1395 0.08984375
1396 0.0419921875
1397 -0.0869140625
1398 0.025390625
1399 0.0859375
1400 0.046875
1401 -0.0888671875
1402 -0.05078125
1403 0.013671875
1404 -0.0166015625
1405 -0.12890625
1406 -0.0458984375
1407 0.021484375
1408 -0.01171875
1409 -0.1279296875
1410 -0.0400390625
1411 0.021484375
1412 -0.01171875
1413 -0.154296875
1414 -0.025390625
1415 0.046875
1416 0.015625
1417 -0.0390625
1418 0.072265625
1419 0.1337890625
1420 0.083984375
1421 -0.009765625
1422 0.0380859375
1423 0.091796875
1424 0.0400390625
1425 -0.091796875
1426 0.0234375
1427 0.08984375
1428 0.0458984375
1429 -0.091796875
1430 -0.05078125
1431 0.0146484375
1432 -0.0185546875
1433 -0.1298828125
1434 -0.0458984375
1435 0.01953125
1436 -0.013671875
1437 -0.123046875
1438 -0.0380859375
1439 0.0234375
1440 -0.0087890625
1441 -0.1240234375
1442 -0.0048828125
1443 0.0615234375
1444 0.03125
1445 -0.0791015625
1446 -0.0302734375
1447 0.0302734375
1448 -0.0048828125
1449 -0.1181640625
1450 -0.0400390625
1451 0.0234375
1452 -0.0078125
1453 -0.126953125
1454 -0.046875
1455 0.017578125
1456 -0.0126953125
1457 -0.1806640625
1458 -0.0859375
1459 -0.01953125
1460 -0.0400390625
1461 -0.1962890625
1462 -0.0615234375
1463 0.017578125
1464 -0.0009765625
1465 -0.0712890625
1466 0.04296875
1467 0.10546875
1468 0.064453125
1469 0.0078125
1470 0.107421875
1471 0.166015625
1472 0.1103515625
1473 0.017578125
1474 0.060546875
1475 0.109375
1476 0.0556640625
1477 -0.0498046875
1478 0.05859375
1479 0.1171875
1480 0.0712890625
1481 -0.0068359375
1482 0.0966796875
1483 0.1533203125
1484 0.09765625
1485 -0.01953125
1486 0.0244140625
1487 0.0751953125
1488 0.02734375
1489 -0.076171875
1490 0.0380859375
1491 0.1005859375
1492 0.0556640625
1493 -0.0107421875
1494 0.0927734375
1495 0.150390625
1496 0.09375
1497 -0.015625
1498 0.02734375
1499 0.080078125
1500 0.02734375
1501 -0.08203125
1502 -0.0048828125
1503 0.056640625
1504 0.009765625
1505 -0.0869140625
1506 0.0302734375
1507 0.0947265625
1508 0.0478515625
1509 -0.0693359375
1510 0.0458984375
1511 0.1103515625
1512 0.05859375
1513 -0.048828125
1514 0.0634765625
1515 0.125
1516 0.0693359375
1517 -0.0029296875
1518 0.1025390625
1519 0.16015625
1520 0.0966796875
1521 0.0068359375
1522 0.05078125
1523 0.10546875
1524 0.0458984375
1525 -0.0498046875
1526 0.05859375
1527 0.1220703125
1528 0.0654296875
1529 -0.048828125
1530 0.0615234375
1531 0.12109375
1532 0.0634765625
1533 -0.0986328125
1534 -0.056640625
1535 0.0087890625
1536 -0.0302734375
1537 -0.197265625
1538 -0.1103515625
1539 -0.0302734375
1540 -0.05859375
1541 -0.166015625
1542 -0.037109375
1543 0.0390625
1544 0.00390625
1545 -0.0537109375
1546 0.0576171875
1547 0.1220703125
1548 0.068359375
1549 0.001953125
1550 0.1064453125
1551 0.1630859375
1552 0.1005859375
1553 -0.0185546875
1554 0.0205078125
1555 0.0732421875
1556 0.021484375
1557 -0.1083984375
1558 -0.0263671875
1559 0.0341796875
1560 -0.01171875
1561 -0.193359375
1562 -0.1259765625
1563 -0.04296875
1564 -0.068359375
1565 -0.1748046875
1566 -0.078125
1567 -0.005859375
1568 -0.0419921875
1569 -0.20703125
1570 -0.12890625
1571 -0.0458984375
1572 -0.0703125
1573 -0.1904296875
1574 -0.0556640625
1575 0.0234375
1576 -0.0068359375
1577 -0.1064453125
1578 -0.0546875
1579 0.013671875
1580 -0.0224609375
1581 -0.1376953125
1582 -0.044921875
1583 0.0205078125
1584 -0.01953125
1585 -0.1298828125
1586 -0.044921875
1587 0.0205078125
1588 -0.0166015625
1589 -0.107421875
1590 0.0107421875
1591 0.08203125
1592 0.0400390625
1593 -0.015625
1594 0.0927734375
1595 0.154296875
1596 0.0947265625
1597 -0.0185546875
1598 0.083984375
1599 0.1435546875
1600 0.0869140625
1601 -0.021484375
1602 0.0859375
1603 0.142578125
1604 0.0849609375
1605 0.0078125
1606 0.1123046875
1607 0.16796875
1608 0.1025390625
1609 0.013671875
1610 0.0556640625
1611 0.1083984375
1612 0.048828125
1613 -0.046875
1614 0.0615234375
1615 0.125
1616 0.0673828125
1617 -0.0458984375
1618 0.0615234375
1619 0.1220703125
1620 0.0654296875
1621 -0.09765625
1622 -0.056640625
1623 0.0078125
1624 -0.03125
1625 -0.197265625
1626 -0.107421875
1627 -0.0302734375
1628 -0.056640625
1629 -0.1669921875
1630 -0.0361328125
1631 0.0380859375
1632 0.001953125
1633 -0.0703125
1634 0.0419921875
1635 0.1103515625
1636 0.0576171875
1637 -0.0048828125
1638 0.1005859375
1639 0.1572265625
1640 0.0966796875
1641 -0.0205078125
1642 0.0205078125
1643 0.072265625
1644 0.0205078125
1645 -0.1123046875
1646 -0.029296875
1647 0.0302734375
1648 -0.013671875
1649 -0.197265625
1650 -0.1279296875
1651 -0.046875
1652 -0.068359375
1653 -0.17578125
1654 -0.0791015625
1655 -0.0068359375
1656 -0.0439453125
1657 -0.208984375
1658 -0.130859375
1659 -0.0458984375
1660 -0.0712890625
1661 -0.1923828125
1662 -0.056640625
1663 0.0224609375
1664 -0.0087890625
1665 -0.1103515625
1666 -0.056640625
1667 0.013671875
1668 -0.0244140625
1669 -0.138671875
1670 -0.0478515625
1671 0.0185546875
1672 -0.0205078125
1673 -0.1328125
1674 -0.0439453125
1675 0.021484375
1676 -0.0166015625
1677 -0.1103515625
1678 0.009765625
1679 0.0830078125
1680 0.0380859375
1681 -0.0146484375
1682 0.0947265625
1683 0.158203125
1684 0.0966796875
1685 0.0419921875
1686 0.1416015625
1687 0.19921875
1688 0.1298828125
1689 0.0654296875
1690 0.1630859375
1691 0.216796875
1692 0.14453125
1693 0.03515625
1694 0.1318359375
1695 0.18359375
1696 0.1162109375
1697 0.0068359375
1698 0.10546875
1699 0.1591796875
1700 0.0966796875
1701 0.017578125
1702 0.1162109375
1703 0.171875
1704 0.1044921875
1705 0.01171875
1706 0.0556640625
1707 0.1083984375
1708 0.0458984375
1709 -0.0478515625
1710 0.05859375
1711 0.119140625
1712 0.060546875
1713 0.00390625
1714 0.1083984375
1715 0.1669921875
1716 0.1005859375
1717 0.0341796875
1718 0.1357421875
1719 0.1923828125
1720 0.1181640625
1721 0.01171875
1722 0.107421875
1723 0.1611328125
1724 0.0927734375
1725 -0.06640625
1726 -0.0322265625
1727 0.0263671875
1728 -0.0234375
1729 -0.1875
1730 -0.1044921875
1731 -0.029296875
1732 -0.0625
1733 -0.173828125
1734 -0.044921875
1735 0.0283203125
1736 -0.009765625
1737 -0.0732421875
1738 0.0390625
1739 0.103515625
1740 0.0478515625
1741 -0.01953125
1742 0.0849609375
1743 0.1435546875
1744 0.080078125
1745 -0.041015625
1746 -0.0009765625
1747 0.0546875
1748 -0.0009765625
1749 -0.130859375
1750 -0.0478515625
1751 0.013671875
1752 -0.03125
1753 -0.212890625
1754 -0.14453125
1755 -0.0615234375
1756 -0.0859375
1757 -0.1953125
1758 -0.09375
1759 -0.0244140625
1760 -0.0595703125
1761 -0.2236328125
1762 -0.1435546875
1763 -0.064453125
1764 -0.0869140625
1765 -0.2080078125
1766 -0.0712890625
1767 0.0048828125
1768 -0.025390625
1769 -0.1220703125
1770 -0.0712890625
1771 -0.0048828125
1772 -0.0400390625
1773 -0.162109375
1774 -0.0703125
1775 -0.0048828125
1776 -0.0390625
1777 -0.1630859375
1778 -0.0771484375
1779 -0.0087890625
1780 -0.0400390625
1781 -0.1396484375
1782 -0.017578125
1783 0.052734375
1784 0.015625
1785 -0.03515625
1786 0.07421875
1787 0.1376953125
1788 0.080078125
1789 0.0166015625
1790 0.119140625
1791 0.1767578125
1792 0.111328125
1793 0.0439453125
1794 0.140625
1795 0.193359375
1796 0.1240234375
1797 0.0576171875
1798 0.150390625
1799 0.205078125
1800 0.1337890625
1801 0.0654296875
1802 0.158203125
1803 0.208984375
1804 0.13671875
1805 0.025390625
1806 0.1171875
1807 0.1669921875
1808 0.1005859375
1809 -0.009765625
1810 0.087890625
1811 0.138671875
1812 0.078125
1813 0.0
1814 0.09765625
1815 0.1484375
1816 0.0859375
1817 -0.0048828125
1818 0.03515625
1819 0.0849609375
1820 0.02734375
1821 -0.064453125
1822 0.0400390625
1823 0.0986328125
1824 0.04296875
1825 -0.015625
1826 0.0830078125
1827 0.138671875
1828 0.078125
1829 0.017578125
1830 0.11328125
1831 0.1650390625
1832 0.099609375
1833 -0.0068359375
1834 0.087890625
1835 0.1396484375
1836 0.076171875
1837 -0.087890625
1838 -0.0537109375
1839 0.0029296875
1840 -0.041015625
1841 -0.2080078125
1842 -0.1259765625
1843 -0.0517578125
1844 -0.0810546875
1845 -0.189453125
1846 -0.0634765625
1847 0.0107421875
1848 -0.0244140625
1849 -0.0869140625
1850 0.0263671875
1851 0.087890625
1852 0.0361328125
1853 -0.0302734375
1854 0.0732421875
1855 0.1279296875
1856 0.0693359375
1857 -0.05078125
1858 -0.0126953125
1859 0.0400390625
1860 -0.01171875
1861 -0.1396484375
1862 -0.0576171875
1863 0.0
1864 -0.0419921875
1865 -0.2216796875
1866 -0.15625
1867 -0.076171875
1868 -0.095703125
1869 -0.203125
1870 -0.1064453125
1871 -0.037109375
1872 -0.0703125
1873 -0.2353515625
1874 -0.15625
1875 -0.0771484375
1876 -0.095703125
1877 -0.216796875
1878 -0.08203125
1879 -0.0087890625
1880 -0.033203125
1881 -0.1328125
1882 -0.08203125
1883 -0.0166015625
1884 -0.046875
1885 -0.201171875
1886 -0.1103515625
1887 -0.0400390625
1888 -0.06640625
1889 -0.208984375
1890 -0.1181640625
1891 -0.0458984375
1892 -0.068359375
1893 -0.1650390625
1894 -0.0390625
1895 0.0322265625
1896 -0.0009765625
1897 -0.046875
1898 0.060546875
1899 0.1220703125
1900 0.0703125
1901 0.0078125
1902 0.10546875
1903 0.16015625
1904 0.1005859375
1905 0.037109375
1906 0.1298828125
1907 0.1806640625
1908 0.1162109375
1909 0.0478515625
1910 0.1376953125
1911 0.1865234375
1912 0.1220703125
1913 0.0576171875
1914 0.1474609375
1915 0.197265625
1916 0.1279296875
1917 0.021484375
1918 0.109375
1919 0.158203125
1920 0.095703125
1921 -0.013671875
1922 0.080078125
1923 0.1318359375
1924 0.07421875
1925 -0.00390625
1926 0.08984375
1927 0.1416015625
1928 0.080078125
1929 -0.0107421875
1930 0.029296875
1931 0.076171875
1932 0.021484375
1933 -0.0673828125
1934 0.0322265625
1935 0.08984375
1936 0.0400390625
1937 -0.0166015625
1938 0.0810546875
1939 0.1337890625
1940 0.0751953125
1941 0.0166015625
1942 0.1083984375
1943 0.1611328125
1944 0.095703125
1945 -0.0078125
1946 0.0859375
1947 0.1328125
1948 0.072265625
1949 -0.083984375
1950 -0.0517578125
1951 0.001953125
1952 -0.0390625
1953 -0.19921875
1954 -0.1201171875
1955 -0.0498046875
1956 -0.078125
1957 -0.1865234375
1958 -0.0634765625
1959 0.0078125
1960 -0.025390625
1961 -0.0888671875
1962 0.021484375
1963 0.08203125
1964 0.03125
1965 -0.0322265625
1966 0.0703125
1967 0.125
1968 0.0654296875
1969 -0.0546875
1970 -0.015625
1971 0.03515625
1972 -0.0146484375
1973 -0.1435546875
1974 -0.0625
1975 -0.00390625
1976 -0.0458984375
1977 -0.2255859375
1978 -0.16015625
1979 -0.0830078125
1980 -0.1015625
1981 -0.2060546875
1982 -0.1103515625
1983 -0.0419921875
1984 -0.07421875
1985 -0.2412109375
1986 -0.16015625
1987 -0.08203125
1988 -0.099609375
1989 -0.2236328125
1990 -0.0859375
1991 -0.0078125
1992 -0.0380859375
1993 -0.1376953125
1994 -0.0849609375
1995 -0.015625
1996 -0.0537109375
1997 -0.171875
1998 -0.0830078125
1999 -0.0166015625
2000 -0.0537109375
2001 -0.1728515625
2002 -0.0849609375
2003 -0.015625
2004 -0.0517578125
2005 -0.1455078125
2006 -0.0234375
2007 0.0478515625
2008 0.0078125
2009 -0.044921875
2010 0.0654296875
2011 0.1259765625
2012 0.068359375
2013 0.00390625
2014 0.1064453125
2015 0.1640625
2016 0.0986328125
2017 0.0263671875
2018 0.125
2019 0.1796875
2020 0.109375
2021 0.033203125
2022 0.12890625
2023 0.18359375
2024 0.1123046875
2025 0.044921875
2026 0.142578125
2027 0.1953125
2028 0.1181640625
2029 0.0078125
2030 0.1044921875
2031 0.15625
2032 0.0869140625
2033 -0.0244140625
2034 0.0751953125
2035 0.1298828125
2036 0.06640625
2037 -0.0166015625
2038 0.0869140625
2039 0.138671875
2040 0.07421875
2041 -0.0341796875
2042 0.0068359375
2043 0.060546875
2044 0.0029296875
2045 -0.087890625
2046 0.01953125
2047 0.08203125
2048 0.029296875
2049 -0.0283203125
2050 0.0712890625
2051 0.1279296875
2052 0.0673828125
2053 0.0078125
2054 0.103515625
2055 0.1552734375
2056 0.091796875
2057 -0.017578125
2058 0.0791015625
2059 0.1279296875
2060 0.0673828125
2061 -0.0947265625
2062 -0.0576171875
2063 -0.001953125
2064 -0.0458984375
2065 -0.212890625
2066 -0.1318359375
2067 -0.056640625
2068 -0.0859375
2069 -0.1953125
2070 -0.068359375
2071 0.00390625
2072 -0.0341796875
2073 -0.107421875
2074 0.005859375
2075 0.0703125
2076 0.0205078125
2077 -0.0419921875
2078 0.0625
2079 0.1201171875
2080 0.05859375
2081 -0.0625
2082 -0.021484375
2083 0.0302734375
2084 -0.01953125
2085 -0.150390625
2086 -0.0673828125
2087 -0.0068359375
2088 -0.05078125
2089 -0.232421875
2090 -0.1650390625
2091 -0.08203125
2092 -0.1064453125
2093 -0.2080078125
2094 -0.11328125
2095 -0.041015625
2096 -0.076171875
2097 -0.2412109375
2098 -0.162109375
2099 -0.0810546875
2100 -0.1015625
2101 -0.2255859375
2102 -0.0888671875
2103 -0.009765625
2104 -0.041015625
2105 -0.142578125
2106 -0.0869140625
2107 -0.0185546875
2108 -0.0537109375
2109 -0.2216796875
2110 -0.1240234375
2111 -0.0458984375
2112 -0.0791015625
2113 -0.2314453125
2114 -0.13671875
2115 -0.0546875
2116 -0.0830078125
2117 -0.1728515625
2118 -0.04296875
2119 0.0361328125
2120 -0.005859375
2121 -0.056640625
2122 0.0576171875
2123 0.123046875
2124 0.064453125
2125 -0.0029296875
2126 0.1044921875
2127 0.1640625
2128 0.095703125
2129 0.0185546875
2130 0.1201171875
2131 0.1767578125
2132 0.10546875
2133 0.03125
2134 0.130859375
2135 0.185546875
2136 0.111328125
2137 0.044921875
2138 0.1416015625
2139 0.1953125
2140 0.12109375
2141 0.0087890625
2142 0.10546875
2143 0.1591796875
2144 0.087890625
2145 -0.02734375
2146 0.0732421875
2147 0.1298828125
2148 0.06640625
2149 -0.013671875
2150 0.0869140625
2151 0.1396484375
2152 0.0771484375
2153 -0.0205078125
2154 0.0244140625
2155 0.07421875
2156 0.013671875
2157 -0.0771484375
2158 0.0302734375
2159 0.0927734375
2160 0.03515625
2161 -0.029296875
2162 0.072265625
2163 0.12890625
2164 0.0673828125
2165 0.0068359375
2166 0.103515625
2167 0.1572265625
2168 0.08984375
2169 -0.0166015625
2170 0.080078125
2171 0.1337890625
2172 0.068359375
2173 -0.0908203125
2174 -0.0537109375
2175 0.0009765625
2176 -0.0439453125
2177 -0.2041015625
2178 -0.123046875
2179 -0.0498046875
2180 -0.0830078125
2181 -0.1923828125
2182 -0.0673828125
2183 0.0078125
2184 -0.0302734375
2185 -0.0927734375
2186 0.0205078125
2187 0.083984375
2188 0.03125
2189 -0.037109375
2190 0.0673828125
2191 0.123046875
2192 0.0625
2193 -0.060546875
2194 -0.021484375
2195 0.0302734375
2196 -0.0185546875
2197 -0.1484375
2198 -0.0654296875
2199 -0.005859375
2200 -0.0478515625
2201 -0.2314453125
2202 -0.1630859375
2203 -0.08203125
2204 -0.10546875
2205 -0.208984375
2206 -0.11328125
2207 -0.04296875
2208 -0.076171875
2209 -0.2412109375
2210 -0.1630859375
2211 -0.080078125
2212 -0.1015625
2213 -0.224609375
2214 -0.087890625
2215 -0.009765625
2216 -0.0390625
2217 -0.1396484375
2218 -0.0869140625
2219 -0.017578125
2220 -0.0546875
2221 -0.1787109375
2222 -0.0849609375
2223 -0.0185546875
2224 -0.056640625
2225 -0.181640625
2226 -0.09375
2227 -0.0224609375
2228 -0.0576171875
2229 -0.150390625
2230 -0.0263671875
2231 0.044921875
2232 0.0029296875
2233 -0.044921875
2234 0.0625
2235 0.125
2236 0.06640625
2237 0.00390625
2238 0.1083984375
2239 0.1650390625
2240 0.0986328125
2241 0.0283203125
2242 0.1259765625
2243 0.1787109375
2244 0.111328125
2245 0.0390625
2246 0.1328125
2247 0.18359375
2248 0.11328125
2249 0.0478515625
2250 0.1416015625
2251 0.193359375
2252 0.1181640625
2253 0.0087890625
2254 0.1015625
2255 0.154296875
2256 0.0869140625
2257 -0.0244140625
2258 0.072265625
2259 0.125
2260 0.064453125
2261 -0.015625
2262 0.0830078125
2263 0.134765625
2264 0.0732421875
2265 -0.0341796875
2266 0.0068359375
2267 0.0546875
2268 0.0029296875
2269 -0.0849609375
2270 0.017578125
2271 0.0751953125
2272 0.0283203125
2273 -0.0263671875
2274 0.0703125
2275 0.123046875
2276 0.06640625
2277 0.0087890625
2278 0.1005859375
2279 0.1513671875
2280 0.0888671875
2281 -0.0146484375
2282 0.0751953125
2283 0.123046875
2284 0.0673828125
2285 -0.0908203125
2286 -0.0595703125
2287 -0.0087890625
2288 -0.0458984375
2289 -0.2119140625
2290 -0.130859375
2291 -0.0615234375
2292 -0.0869140625
2293 -0.1943359375
2294 -0.0712890625
2295 0.0
2296 -0.033203125
2297 -0.10546875
2298 0.00390625
2299 0.0654296875
2300 0.01953125
2301 -0.041015625
2302 0.0595703125
2303 0.115234375
2304 0.0595703125
2305 -0.05859375
2306 -0.021484375
2307 0.02734375
2308 -0.0185546875
2309 -0.146484375
2310 -0.06640625
2311 -0.0107421875
2312 -0.048828125
2313 -0.2294921875
2314 -0.1640625
2315 -0.0869140625
2316 -0.1044921875
2317 -0.20703125
2318 -0.1142578125
2319 -0.0458984375
2320 -0.0771484375
2321 -0.240234375
2322 -0.166015625
2323 -0.087890625
2324 -0.1044921875
2325 -0.2216796875
2326 -0.0908203125
2327 -0.015625
2328 -0.0400390625
2329 -0.1396484375
2330 -0.08984375
2331 -0.0234375
2332 -0.0556640625
2333 -0.21875
2334 -0.125
2335 -0.0556640625
2336 -0.0771484375
2337 -0.2314453125
2338 -0.13671875
2339 -0.060546875
2340 -0.0830078125
2341 -0.16796875
2342 -0.04296875
2343 0.029296875
2344 -0.0078125
2345 -0.052734375
2346 0.056640625
2347 0.1171875
2348 0.0634765625
2349 0.0
2350 0.1005859375
2351 0.158203125
2352 0.0966796875
2353 0.0224609375
2354 0.1181640625
2355 0.171875
2356 0.10546875
2357 0.03515625
2358 0.1298828125
2359 0.1787109375
2360 0.1142578125
2361 0.0498046875
2362 0.138671875
2363 0.1884765625
2364 0.12109375
2365 0.013671875
2366 0.1015625
2367 0.150390625
2368 0.087890625
2369 -0.0244140625
2370 0.0703125
2371 0.1220703125
2372 0.064453125
2373 -0.0146484375
2374 0.0830078125
2375 0.1337890625
2376 0.0732421875
2377 -0.0205078125
2378 0.0224609375
2379 0.0693359375
2380 0.015625
2381 -0.076171875
2382 0.0283203125
2383 0.0859375
2384 0.0341796875
2385 -0.029296875
2386 0.0712890625
2387 0.126953125
2388 0.06640625
2389 0.0087890625
2390 0.1005859375
2391 0.1552734375
2392 0.08984375
2393 -0.0146484375
2394 0.078125
2395 0.12890625
2396 0.0673828125
2397 -0.0869140625
2398 -0.052734375
2399 0.0
2400 -0.041015625
2401 -0.2001953125
2402 -0.119140625
2403 -0.0498046875
2404 -0.0791015625
2405 -0.1884765625
2406 -0.064453125
2407 0.0068359375
2408 -0.0302734375
2409 -0.0927734375
2410 0.0205078125
2411 0.08203125
2412 0.0283203125
2413 -0.0380859375
2414 0.0654296875
2415 0.12109375
2416 0.060546875
2417 -0.0615234375
2418 -0.025390625
2419 0.0263671875
2420 -0.021484375
2421 -0.1513671875
2422 -0.0673828125
2423 -0.0107421875
2424 -0.0517578125
2425 -0.232421875
2426 -0.1640625
2427 -0.0859375
2428 -0.103515625
2429 -0.2109375
2430 -0.1142578125
2431 -0.0439453125
2432 -0.080078125
2433 -0.244140625
2434 -0.1640625
2435 -0.083984375
2436 -0.103515625
2437 -0.2236328125
2438 -0.08984375
2439 -0.0087890625
2440 -0.041015625
2441 -0.140625
2442 -0.0888671875
2443 -0.0205078125
2444 -0.056640625
2445 -0.1787109375
2446 -0.087890625
2447 -0.0224609375
2448 -0.056640625
2449 -0.1806640625
2450 -0.0908203125
2451 -0.0234375
2452 -0.056640625
2453 -0.1494140625
2454 -0.02734375
2455 0.0458984375
2456 0.0029296875
2457 -0.0478515625
2458 0.0615234375
2459 0.123046875
2460 0.0654296875
2461 0.0048828125
2462 0.1044921875
2463 0.162109375
2464 0.0966796875
2465 0.025390625
2466 0.1240234375
2467 0.1748046875
2468 0.109375
2469 0.03515625
2470 0.1318359375
2471 0.181640625
2472 0.1123046875
2473 0.0478515625
2474 0.1396484375
2475 0.1904296875
2476 0.1181640625
2477 0.0078125
2478 0.1005859375
2479 0.1513671875
2480 0.0849609375
2481 -0.0263671875
2482 0.0712890625
2483 0.1259765625
2484 0.0634765625
2485 -0.017578125
2486 0.0810546875
2487 0.1337890625
2488 0.0712890625
2489 -0.03515625
2490 0.005859375
2491 0.056640625
2492 0.001953125
2493 -0.087890625
2494 0.017578125
2495 0.078125
2496 0.0263671875
2497 -0.03125
2498 0.0693359375
2499 0.126953125
2500 0.064453125
2501 0.005859375
2502 0.1025390625
2503 0.1552734375
2504 0.0888671875
2505 -0.017578125
2506 0.0751953125
2507 0.1279296875
2508 0.0634765625
2509 -0.0927734375
2510 -0.05859375
2511 -0.0048828125
2512 -0.0478515625
2513 -0.2099609375
2514 -0.1279296875
2515 -0.0576171875
2516 -0.0849609375
2517 -0.1962890625
2518 -0.0673828125
2519 0.0
2520 -0.03125
2521 -0.091796875
2522 0.0185546875
2523 0.080078125
2524 0.0283203125
2525 -0.0341796875
2526 0.06640625
2527 0.123046875
2528 0.0615234375
2529 -0.0615234375
2530 -0.0244140625
2531 0.0302734375
2532 -0.0244140625
2533 -0.1650390625
2534 -0.080078125
2535 -0.0166015625
2536 -0.060546875
2537 -0.2431640625
2538 -0.171875
2539 -0.0869140625
2540 -0.1103515625
2541 -0.220703125
2542 -0.1201171875
2543 -0.0458984375
2544 -0.0830078125
2545 -0.2568359375
2546 -0.1767578125
2547 -0.0908203125
2548 -0.1123046875
2549 -0.263671875
2550 -0.1181640625
2551 -0.0302734375
2552 -0.05859375
2553 -0.13671875
2554 -0.0146484375
2555 0.056640625
2556 0.0107421875
2557 -0.1259765625
2558 -0.0810546875
2559 -0.013671875
2560 -0.0517578125
2561 -0.1748046875
2562 -0.083984375
2563 -0.013671875
2564 -0.05078125
2565 -0.162109375
2566 -0.0693359375
2567 -0.001953125
2568 -0.044921875
2569 -0.1650390625
2570 -0.0380859375
2571 0.0361328125
2572 -0.0068359375
2573 -0.0986328125
2574 0.021484375
2575 0.0908203125
2576 0.0341796875
2577 -0.0302734375
2578 0.080078125
2579 0.1416015625
2580 0.0751953125
2581 -0.0224609375
2582 0.0302734375
2583 0.0849609375
2584 0.0205078125
2585 -0.1142578125
2586 0.0048828125
2587 0.0712890625
2588 0.0205078125
2589 -0.1201171875
2590 -0.0771484375
2591 -0.0068359375
2592 -0.0478515625
2593 -0.1640625
2594 -0.0751953125
2595 -0.0048828125
2596 -0.0439453125
2597 -0.1611328125
2598 -0.0712890625
2599 -0.001953125
2600 -0.0439453125
2601 -0.1884765625
2602 -0.0556640625
2603 0.021484375
2604 -0.0146484375
2605 -0.078125
2606 0.041015625
2607 0.109375
2608 0.0517578125
2609 -0.0458984375
2610 0.0087890625
2611 0.064453125
2612 0.0087890625
2613 -0.1279296875
2614 -0.0048828125
2615 0.064453125
2616 0.0146484375
2617 -0.1240234375
2618 -0.0791015625
2619 -0.0087890625
2620 -0.0458984375
2621 -0.1640625
2622 -0.07421875
2623 -0.001953125
2624 -0.0419921875
2625 -0.158203125
2626 -0.06640625
2627 -0.0009765625
2628 -0.0390625
2629 -0.181640625
2630 -0.0498046875
2631 0.0244140625
2632 -0.009765625
2633 -0.0693359375
2634 0.048828125
2635 0.1123046875
2636 0.0576171875
2637 -0.0380859375
2638 0.0146484375
2639 0.0712890625
2640 0.0126953125
2641 -0.1171875
2642 0.0
2643 0.0673828125
2644 0.0205078125
2645 -0.1162109375
2646 -0.076171875
2647 -0.0048828125
2648 -0.0419921875
2649 -0.1572265625
2650 -0.0673828125
2651 0.0029296875
2652 -0.0361328125
2653 -0.154296875
2654 -0.0625
2655 0.0048828125
2656 -0.033203125
2657 -0.1796875
2658 -0.048828125
2659 0.029296875
2660 -0.0068359375
2661 -0.064453125
2662 0.0498046875
2663 0.1162109375
2664 0.060546875
2665 -0.0322265625
2666 0.0185546875
2667 0.0732421875
2668 0.017578125
2669 -0.1142578125
2670 0.00390625
2671 0.0703125
2672 0.025390625
2673 -0.115234375
2674 -0.0712890625
2675 -0.005859375
2676 -0.0400390625
2677 -0.1533203125
2678 -0.0654296875
2679 0.001953125
2680 -0.0322265625
2681 -0.1484375
2682 -0.05859375
2683 0.0068359375
2684 -0.0302734375
2685 -0.1748046875
2686 -0.044921875
2687 0.0322265625
2688 -0.001953125
2689 -0.05859375
2690 0.0546875
2691 0.119140625
2692 0.064453125
2693 -0.02734375
2694 0.021484375
2695 0.076171875
2696 0.021484375
2697 -0.1103515625
2698 0.0078125
2699 0.0732421875
2700 0.029296875
2701 -0.1103515625
2702 -0.068359375
2703 0.0009765625
2704 -0.0341796875
2705 -0.150390625
2706 -0.0625
2707 0.0048828125
2708 -0.03125
2709 -0.146484375
2710 -0.056640625
2711 0.0087890625
2712 -0.0283203125
2713 -0.171875
2714 -0.041015625
2715 0.0361328125
2716 0.0
2717 -0.0576171875
2718 0.0576171875
2719 0.1201171875
2720 0.0673828125
2721 -0.0263671875
2722 0.0244140625
2723 0.0751953125
2724 0.0244140625
2725 -0.1064453125
2726 0.009765625
2727 0.072265625
2728 0.03125
2729 -0.107421875
2730 -0.0673828125
2731 -0.0009765625
2732 -0.0322265625
2733 -0.14453125
2734 -0.060546875
2735 0.005859375
2736 -0.02734375
2737 -0.1396484375
2738 -0.0546875
2739 0.009765625
2740 -0.0244140625
2741 -0.1669921875
2742 -0.0390625
2743 0.03515625
2744 0.0048828125
2745 -0.052734375
2746 0.060546875
2747 0.1220703125
2748 0.0703125
2749 -0.0244140625
2750 0.0263671875
2751 0.080078125
2752 0.025390625
2753 -0.1064453125
2754 0.009765625
2755 0.0771484375
2756 0.0322265625
2757 -0.10546875
2758 -0.06640625
2759 0.0048828125
2760 -0.03125
2761 -0.1435546875
2762 -0.05859375
2763 0.0107421875
2764 -0.025390625
2765 -0.140625
2766 -0.052734375
2767 0.0126953125
2768 -0.0244140625
2769 -0.1669921875
2770 -0.037109375
2771 0.033203125
2772 0.0048828125
2773 -0.0517578125
2774 0.060546875
2775 0.123046875
2776 0.0703125
2777 -0.021484375
2778 0.0283203125
2779 0.0810546875
2780 0.02734375
2781 -0.103515625
2782 0.01171875
2783 0.0791015625
2784 0.03515625
2785 -0.1025390625
2786 -0.0615234375
2787 0.0029296875
2788 -0.02734375
2789 -0.142578125
2790 -0.0546875
2791 0.0126953125
2792 -0.0224609375
2793 -0.13671875
2794 -0.0498046875
2795 0.015625
2796 -0.0205078125
2797 -0.1630859375
2798 -0.0361328125
2799 0.0380859375
2800 0.0078125
2801 -0.0478515625
2802 0.0634765625
2803 0.1240234375
2804 0.0732421875
2805 -0.0185546875
2806 0.029296875
2807 0.080078125
2808 0.0302734375
2809 -0.0986328125
2810 0.015625
2811 0.078125
2812 0.0390625
2813 -0.099609375
2814 -0.0595703125
2815 0.0048828125
2816 -0.025390625
2817 -0.1396484375
2818 -0.052734375
2819 0.0126953125
2820 -0.021484375
2821 -0.1337890625
2822 -0.048828125
2823 0.0166015625
2824 -0.017578125
2825 -0.162109375
2826 -0.0341796875
2827 0.041015625
2828 0.0078125
2829 -0.0478515625
2830 0.0634765625
2831 0.12890625
2832 0.07421875
2833 -0.01953125
2834 0.0322265625
2835 0.0849609375
2836 0.0302734375
2837 -0.1015625
2838 0.0166015625
2839 0.0830078125
2840 0.0390625
2841 -0.1005859375
2842 -0.0576171875
2843 0.009765625
2844 -0.0234375
2845 -0.1396484375
2846 -0.052734375
2847 0.0146484375
2848 -0.021484375
2849 -0.134765625
2850 -0.048828125
2851 0.017578125
2852 -0.0185546875
2853 -0.1611328125
2854 -0.033203125
2855 0.0400390625
2856 0.0087890625
2857 -0.044921875
2858 0.0654296875
2859 0.125
2860 0.0771484375
2861 -0.015625
2862 0.0322265625
2863 0.0830078125
2864 0.033203125
2865 -0.095703125
2866 0.0166015625
2867 0.0771484375
2868 0.0400390625
2869 -0.095703125
2870 -0.0595703125
2871 0.005859375
2872 -0.0224609375
2873 -0.1337890625
2874 -0.0517578125
2875 0.01171875
2876 -0.0185546875
2877 -0.1328125
2878 -0.0458984375
2879 0.0146484375
2880 -0.017578125
2881 -0.162109375
2882 -0.033203125
2883 0.0380859375
2884 0.009765625
2885 -0.044921875
2886 0.0654296875
2887 0.125
2888 0.0771484375
2889 -0.015625
2890 0.0322265625
2891 0.083984375
2892 0.0322265625
2893 -0.09765625
2894 0.015625
2895 0.080078125
2896 0.0390625
2897 -0.099609375
2898 -0.060546875
2899 0.0068359375
2900 -0.0244140625
2901 -0.1376953125
2902 -0.052734375
2903 0.013671875
2904 -0.0166015625
2905 -0.1318359375
2906 -0.044921875
2907 0.015625
2908 -0.0166015625
2909 -0.15625
2910 -0.0322265625
2911 0.0380859375
2912 0.0107421875
2913 -0.04296875
2914 0.06640625
2915 0.126953125
2916 0.078125
2917 -0.013671875
2918 0.033203125
2919 0.0849609375
2920 0.0341796875
2921 -0.0947265625
2922 0.0185546875
2923 0.08203125
2924 0.041015625
2925 -0.0966796875
2926 -0.0556640625
2927 0.0087890625
2928 -0.021484375
2929 -0.1337890625
2930 -0.05078125
2931 0.015625
2932 -0.015625
2933 -0.12890625
2934 -0.0458984375
2935 0.0166015625
2936 -0.015625
2937 -0.1572265625
2938 -0.03125
2939 0.041015625
2940 0.0107421875
2941 -0.04296875
2942 0.06640625
2943 0.12890625
2944 0.0791015625
2945 -0.015625
2946 0.0322265625
2947 0.0849609375
2948 0.033203125
2949 -0.0986328125
2950 0.017578125
2951 0.0830078125
2952 0.041015625
2953 -0.09765625
2954 -0.056640625
2955 0.0087890625
2956 -0.0234375
2957 -0.1376953125
2958 -0.0498046875
2959 0.017578125
2960 -0.017578125
2961 -0.1318359375
2962 -0.044921875
2963 0.0205078125
2964 -0.0166015625
2965 -0.1552734375
2966 -0.0283203125
2967 0.0458984375
2968 0.013671875
2969 -0.0439453125
2970 0.0673828125
2971 0.1318359375
2972 0.0810546875
2973 -0.0146484375
2974 0.0361328125
2975 0.0888671875
2976 0.0361328125
2977 -0.095703125
2978 0.01953125
2979 0.0849609375
2980 0.0419921875
2981 -0.0966796875
2982 -0.0556640625
2983 0.0126953125
2984 -0.0234375
2985 -0.134765625
2986 -0.048828125
2987 0.01953125
2988 -0.017578125
2989 -0.1318359375
2990 -0.0439453125
2991 0.021484375
2992 -0.017578125
2993 -0.1611328125
2994 -0.0302734375
2995 0.0439453125
2996 0.0126953125
2997 -0.0458984375
2998 0.068359375
2999 0.1318359375
3000 0.0791015625
3001 -0.015625
3002 0.03515625
3003 0.08984375
3004 0.0341796875
3005 -0.09765625
3006 0.0185546875
3007 0.0859375
3008 0.0419921875
3009 -0.0966796875
3010 -0.056640625
3011 0.0107421875
3012 -0.0224609375
3013 -0.1357421875
3014 -0.048828125
3015 0.017578125
3016 -0.015625
3017 -0.130859375
3018 -0.0419921875
3019 0.021484375
3020 -0.013671875
3021 -0.1552734375
3022 -0.025390625
3023 0.048828125
3024 0.013671875
3025 -0.041015625
3026 0.0703125
3027 0.134765625
3028 0.080078125
3029 -0.01171875
3030 0.037109375
3031 0.091796875
3032 0.0361328125
3033 -0.0927734375
3034 0.0224609375
3035 0.087890625
3036 0.0439453125
3037 -0.09375
3038 -0.052734375
3039 0.013671875
3040 -0.0185546875
3041 -0.1357421875
3042 -0.046875
3043 0.0205078125
3044 -0.0166015625
3045 -0.1298828125
3046 -0.0419921875
3047 0.0234375
3048 -0.015625
3049 -0.154296875
3050 -0.0283203125
3051 0.0478515625
3052 0.0126953125
3053 -0.0419921875
3054 0.0712890625
3055 0.134765625
3056 0.08203125
3057 -0.01171875
3058 0.0361328125
3059 0.0908203125
3060 0.0361328125
3061 -0.0947265625
3062 0.0224609375
3063 0.0869140625
3064 0.044921875
3065 -0.095703125
3066 -0.0537109375
3067 0.0146484375
3068 -0.0185546875
3069 -0.134765625
3070 -0.048828125
3071 0.0185546875
3072 -0.015625
3073 -0.12890625
3074 -0.0419921875
3075 0.0224609375
3076 -0.013671875
3077 -0.1533203125
3078 -0.02734375
3079 0.046875
3080 0.0146484375
3081 -0.0390625
3082 0.0703125
3083 0.1318359375
3084 0.0830078125
3085 -0.01171875
3086 0.037109375
3087 0.0888671875
3088 0.037109375
3089 -0.0947265625
3090 0.0224609375
3091 0.083984375
3092 0.044921875
3093 -0.095703125
3094 -0.0537109375
3095 0.0126953125
3096 -0.01953125
3097 -0.1328125
3098 -0.0498046875
3099 0.0205078125
3100 -0.0146484375
3101 -0.1298828125
3102 -0.0419921875
3103 0.0234375
3104 -0.013671875
3105 -0.158203125
3106 -0.02734375
3107 0.0478515625
3108 0.0146484375
3109 -0.0439453125
3110 0.0703125
3111 0.1337890625
3112 0.0810546875
3113 -0.0126953125
3114 0.0380859375
3115 0.091796875
3116 0.0361328125
3117 -0.0966796875
3118 0.021484375
3119 0.0888671875
3120 0.0439453125
3121 -0.09375
3122 -0.052734375
3123 0.013671875
3124 -0.0205078125
3125 -0.134765625
3126 -0.046875
3127 0.01953125
3128 -0.015625
3129 -0.130859375
3130 -0.041015625
3131 0.0224609375
3132 -0.013671875
3133 -0.154296875
3134 -0.0263671875
3135 0.046875
3136 0.015625
3137 -0.0419921875
3138 0.0712890625
3139 0.1337890625
3140 0.080078125
3141 -0.0126953125
3142 0.037109375
3143 0.0888671875
3144 0.0380859375
3145 -0.091796875
3146 0.0224609375
3147 0.0849609375
3148 0.0458984375
3149 -0.0927734375
3150 -0.0537109375
3151 0.0126953125
3152 -0.0185546875
3153 -0.1337890625
3154 -0.046875
3155 0.0185546875
3156 -0.0146484375
3157 -0.1279296875
3158 -0.041015625
3159 0.021484375
3160 -0.0126953125
3161 -0.1533203125
3162 -0.02734375
3163 0.044921875
3164 0.015625
3165 -0.0400390625
3166 0.0712890625
3167 0.1318359375
3168 0.080078125
3169 -0.0107421875
3170 0.0380859375
3171 0.08984375
3172 0.037109375
3173 -0.09375
3174 0.0224609375
3175 0.083984375
3176 0.0439453125
3177 -0.095703125
3178 -0.052734375
3179 0.0126953125
3180 -0.01953125
3181 -0.134765625
3182 -0.046875
3183 0.01953125
3184 -0.0146484375
3185 -0.1318359375
3186 -0.0439453125
3187 0.0234375
3188 -0.0166015625
3189 -0.158203125
3190 -0.0283203125
3191 0.048828125
3192 0.0126953125
3193 -0.0439453125
3194 0.0703125
3195 0.138671875
3196 0.08203125
3197 -0.0146484375
3198 0.0380859375
3199 0.0927734375
3200 0.0380859375
3201 -0.0966796875
3202 0.0224609375
3203 0.08984375
3204 0.0439453125
3205 -0.0966796875
3206 -0.0517578125
3207 0.017578125
3208 -0.01953125
3209 -0.13671875
3210 -0.0478515625
3211 0.025390625
3212 -0.0146484375
3213 -0.1328125
3214 -0.0419921875
3215 0.029296875
3216 -0.0146484375
3217 -0.1611328125
3218 -0.0263671875
3219 0.052734375
3220 0.0126953125
3221 -0.0478515625
3222 0.072265625
3223 0.1396484375
3224 0.0810546875
3225 -0.015625
3226 0.0400390625
3227 0.0966796875
3228 0.0361328125
3229 -0.1005859375
3230 0.021484375
3231 0.091796875
3232 0.0439453125
3233 -0.09765625
3234 -0.0546875
3235 0.0166015625
3236 -0.0224609375
3237 -0.13671875
3238 -0.046875
3239 0.0244140625
3240 -0.0166015625
3241 -0.1298828125
3242 -0.0400390625
3243 0.0283203125
3244 -0.013671875
3245 -0.1572265625
3246 -0.0244140625
3247 0.0517578125
3248 0.017578125
3249 -0.0439453125
3250 0.0712890625
3251 0.1376953125
3252 0.0830078125
3253 -0.0126953125
3254 0.0390625
3255 0.095703125
3256 0.0361328125
3257 -0.09765625
3258 0.0244140625
3259 0.0927734375
3260 0.0439453125
3261 -0.09375
3262 -0.05078125
3263 0.0224609375
3264 -0.0185546875
3265 -0.1337890625
3266 -0.0439453125
3267 0.0244140625
3268 -0.0146484375
3269 -0.130859375
3270 -0.0380859375
3271 0.02734375
3272 -0.01171875
3273 -0.158203125
3274 -0.025390625
3275 0.0517578125
3276 0.0146484375
3277 -0.04296875
3278 0.072265625
3279 0.138671875
3280 0.0810546875
3281 -0.01171875
3282 0.0380859375
3283 0.09375
3284 0.0361328125
3285 -0.0966796875
3286 0.021484375
3287 0.08984375
3288 0.04296875
3289 -0.09375
3290 -0.0498046875
3291 0.01953125
3292 -0.017578125
3293 -0.13671875
3294 -0.044921875
3295 0.025390625
3296 -0.013671875
3297 -0.1298828125
3298 -0.0400390625
3299 0.0263671875
3300 -0.01171875
3301 -0.15625
3302 -0.025390625
3303 0.0517578125
3304 0.015625
3305 -0.0419921875
3306 0.0712890625
3307 0.13671875
3308 0.08203125
3309 -0.0126953125
3310 0.0400390625
3311 0.09375
3312 0.0380859375
3313 -0.09375
3314 0.0234375
3315 0.087890625
3316 0.046875
3317 -0.0927734375
3318 -0.048828125
3319 0.017578125
3320 -0.017578125
3321 -0.1318359375
3322 -0.0439453125
3323 0.0224609375
3324 -0.013671875
3325 -0.1298828125
3326 -0.041015625
3327 0.0234375
3328 -0.0146484375
3329 -0.15625
3330 -0.0283203125
3331 0.044921875
3332 0.0126953125
3333 -0.0400390625
3334 0.0712890625
3335 0.1337890625
3336 0.0830078125
3337 -0.0107421875
3338 0.037109375
3339 0.0888671875
3340 0.0380859375
3341 -0.095703125
3342 0.0224609375
3343 0.087890625
3344 0.0439453125
3345 -0.09375
3346 -0.052734375
3347 0.0166015625
3348 -0.017578125
3349 -0.1337890625
3350 -0.046875
3351 0.0224609375
3352 -0.013671875
3353 -0.1279296875
3354 -0.041015625
3355 0.0263671875
3356 -0.01171875
3357 -0.154296875
3358 -0.025390625
3359 0.0478515625
3360 0.0166015625
3361 -0.041015625
3362 0.072265625
3363 0.134765625
3364 0.0830078125
3365 -0.01171875
3366 0.041015625
3367 0.0927734375
3368 0.0390625
3369 -0.09375
3370 0.0234375
3371 0.0888671875
3372 0.044921875
3373 -0.0908203125
3374 -0.0517578125
3375 0.0166015625
3376 -0.0166015625
3377 -0.1328125
3378 -0.0458984375
3379 0.021484375
3380 -0.0146484375
3381 -0.1298828125
3382 -0.0400390625
3383 0.0234375
3384 -0.0126953125
3385 -0.1552734375
3386 -0.025390625
3387 0.0478515625
3388 0.0166015625
3389 -0.04296875
3390 0.0712890625
3391 0.1357421875
3392 0.0830078125
3393 -0.009765625
3394 0.0380859375
3395 0.0908203125
3396 0.0380859375
3397 -0.0947265625
3398 0.0224609375
3399 0.0888671875
3400 0.0439453125
3401 -0.0927734375
3402 -0.0517578125
3403 0.017578125
3404 -0.017578125
3405 -0.1337890625
3406 -0.0439453125
3407 0.0234375
3408 -0.013671875
3409 -0.125
3410 -0.0361328125
3411 0.025390625
3412 -0.0107421875
3413 -0.12890625
3414 -0.005859375
3415 0.0654296875
3416 0.0283203125
3417 -0.083984375
3418 -0.0361328125
3419 0.0302734375
3420 -0.009765625
3421 -0.1640625
3422 -0.09375
3423 -0.0166015625
3424 -0.041015625
3425 -0.189453125
3426 -0.109375
3427 -0.029296875
3428 -0.05078125
3429 -0.15625
3430 -0.0634765625
3431 0.0107421875
3432 -0.021484375
3433 -0.1240234375
3434 -0.033203125
3435 0.033203125
3436 -0.0029296875
3437 -0.0966796875
3438 0.0224609375
3439 0.091796875
3440 0.048828125
3441 -0.05078125
3442 -0.0068359375
3443 0.0537109375
3444 0.013671875
3445 -0.158203125
3446 -0.087890625
3447 -0.0126953125
3448 -0.0341796875
3449 -0.1494140625
3450 -0.0634765625
3451 0.0068359375
3452 -0.017578125
3453 -0.138671875
3454 -0.048828125
3455 0.0166015625
3456 -0.0126953125
3457 -0.1142578125
3458 0.009765625
3459 0.0791015625
3460 0.0439453125
3461 -0.001953125
3462 0.103515625
3463 0.162109375
3464 0.109375
3465 0.0
3466 0.041015625
3467 0.0908203125
3468 0.04296875
3469 -0.1279296875
3470 -0.06640625
3471 0.0048828125
3472 -0.0224609375
3473 -0.130859375
3474 -0.0537109375
3475 0.001953125
3476 -0.005859375
3477 -0.091796875
3478 -0.02734375
3479 0.017578125
3480 0.005859375
3481 -0.0849609375
3482 0.01171875
3483 0.0615234375
3484 0.05078125
3485 -0.068359375
3486 -0.0498046875
3487 0.0009765625
3488 -0.00390625
3489 -0.130859375
3490 -0.0263671875
3491 0.0341796875
3492 0.02734375
3493 -0.03515625
3494 0.0517578125
3495 0.0986328125
3496 0.080078125
3497 0.0166015625
3498 0.0966796875
3499 0.13671875
3500 0.1083984375
3501 0.0361328125
3502 0.1123046875
3503 0.1513671875
3504 0.1171875
3505 0.0673828125
3506 0.1396484375
3507 0.1728515625
3508 0.1357421875
3509 0.0625
3510 0.0771484375
3511 0.1064453125
3512 0.07421875
3513 -0.017578125
3514 0.033203125
3515 0.0654296875
3516 0.0400390625
3517 -0.05859375
3518 -0.001953125
3519 0.033203125
3520 0.0166015625
3521 -0.091796875
3522 0.0048828125
3523 0.0498046875
3524 0.037109375
3525 -0.0634765625
3526 -0.0400390625
3527 0.005859375
3528 -0.0048828125
3529 -0.162109375
3530 -0.052734375
3531 0.0068359375
3532 0.00390625
3533 -0.115234375
3534 -0.08984375
3535 -0.0322265625
3536 -0.0361328125
3537 -0.1474609375
3538 -0.080078125
3539 -0.0224609375
3540 -0.029296875
3541 -0.17578125
3542 -0.0986328125
3543 -0.04296875
3544 -0.041015625
3545 -0.1708984375
3546 -0.0927734375
3547 -0.037109375
3548 -0.03515625
3549 -0.1669921875
3550 -0.0546875
3551 0.0068359375
3552 0.0078125
3553 -0.0693359375
3554 0.025390625
3555 0.076171875
3556 0.0595703125
3557 -0.017578125
3558 0.0673828125
3559 0.111328125
3560 0.0859375
3561 0.0
3562 0.080078125
3563 0.12109375
3564 0.0947265625
3565 -0.0029296875
3566 0.078125
3567 0.1201171875
3568 0.091796875
3569 -0.0146484375
3570 0.0693359375
3571 0.1103515625
3572 0.0849609375
3573 0.0234375
3574 0.1064453125
3575 0.1435546875
3576 0.107421875
3577 0.00390625
3578 0.0185546875
3579 0.056640625
3580 0.03125
3581 -0.083984375
3582 -0.029296875
3583 0.017578125
3584 0.0009765625
3585 -0.142578125
3586 -0.0732421875
3587 -0.0234375
3588 -0.029296875
3589 -0.15625
3590 -0.0791015625
3591 -0.0263671875
3592 -0.033203125
3593 -0.16796875
3594 -0.0537109375
3595 0.0078125
3596 0.0048828125
3597 -0.0849609375
3598 0.0146484375
3599 0.06640625
3600 0.0478515625
3601 -0.052734375
3602 0.0380859375
3603 0.0869140625
3604 0.0625
3605 -0.046875
3606 0.04296875
3607 0.0908203125
3608 0.0654296875
3609 0.001953125
3610 0.0869140625
3611 0.1259765625
3612 0.0927734375
3613 0.0087890625
3614 0.0908203125
3615 0.12890625
3616 0.0947265625
3617 -0.0419921875
3618 -0.0283203125
3619 0.015625
3620 0.0
3621 -0.1337890625
3622 -0.025390625
3623 0.0283203125
3624 0.0146484375
3625 -0.0888671875
3626 -0.0927734375
3627 -0.0322265625
3628 -0.037109375
3629 -0.1259765625
3630 -0.0185546875
3631 0.0380859375
3632 0.0234375
3633 -0.0625
3634 -0.033203125
3635 0.01171875
3636 -0.00390625
3637 -0.095703125
3638 -0.0341796875
3639 0.013671875
3640 -0.0009765625
3641 -0.1416015625
3642 -0.0712890625
3643 -0.0205078125
3644 -0.02734375
3645 -0.16015625
3646 -0.048828125
3647 0.0107421875
3648 0.0048828125
3649 -0.1318359375
3650 -0.1064453125
3651 -0.044921875
3652 -0.04296875
3653 -0.1884765625
3654 -0.0732421875
3655 -0.0048828125
3656 -0.00390625
3657 -0.0927734375
3658 0.005859375
3659 0.060546875
3660 0.046875
3661 -0.0419921875
3662 0.048828125
3663 0.095703125
3664 0.0732421875
3665 -0.0107421875
3666 0.07421875
3667 0.1162109375
3668 0.087890625
3669 0.0
3670 0.0810546875
3671 0.1240234375
3672 0.091796875
3673 -0.005859375
3674 0.0732421875
3675 0.1162109375
3676 0.0859375
3677 -0.0244140625
3678 0.05859375
3679 0.1025390625
3680 0.076171875
3681 0.0
3682 0.08203125
3683 0.1201171875
3684 0.0927734375
3685 0.0029296875
3686 0.0830078125
3687 0.123046875
3688 0.091796875
3689 0.0341796875
3690 0.11328125
3691 0.1484375
3692 0.111328125
3693 0.0537109375
3694 0.12890625
3695 0.1630859375
3696 0.123046875
3697 0.0400390625
3698 0.0556640625
3699 0.0849609375
3700 0.0517578125
3701 -0.0546875
3702 0.0341796875
3703 0.0771484375
3704 0.0517578125
3705 -0.0517578125
3706 -0.029296875
3707 0.0107421875
3708 -0.0068359375
3709 -0.1181640625
3710 -0.0576171875
3711 -0.01171875
3712 -0.0234375
3713 -0.1416015625
3714 -0.076171875
3715 -0.0234375
3716 -0.0341796875
3717 -0.13671875
3718 -0.0732421875
3719 -0.0205078125
3720 -0.03125
3721 -0.1376953125
3722 -0.0712890625
3723 -0.017578125
3724 -0.0283203125
3725 -0.140625
3726 -0.076171875
3727 -0.02734375
3728 -0.033203125
3729 -0.1748046875
3730 -0.107421875
3731 -0.046875
3732 -0.048828125
3733 -0.154296875
3734 -0.078125
3735 -0.0263671875
3736 -0.0341796875
3737 -0.1748046875
3738 -0.1005859375
3739 -0.04296875
3740 -0.0458984375
3741 -0.1328125
3742 -0.064453125
3743 -0.0107421875
3744 -0.021484375
3745 -0.123046875
3746 -0.0556640625
3747 -0.009765625
3748 -0.0205078125
3749 -0.1318359375
3750 -0.0634765625
3751 -0.0126953125
3752 -0.0205078125
3753 -0.17578125
3754 -0.060546875
3755 -0.0009765625
3756 0.0
3757 -0.0673828125
3758 0.029296875
3759 0.0771484375
3760 0.060546875
3761 -0.0703125
3762 0.0224609375
3763 0.0693359375
3764 0.0517578125
3765 -0.0908203125
3766 -0.0712890625
3767 -0.0166015625
3768 -0.021484375
3769 -0.1943359375
3770 -0.12109375
3771 -0.0537109375
3772 -0.0498046875
3773 -0.158203125
3774 -0.083984375
3775 -0.0283203125
3776 -0.029296875
3777 -0.1201171875
3778 -0.0146484375
3779 0.0419921875
3780 0.03125
3781 -0.0595703125
3782 -0.056640625
3783 0.0009765625
3784 -0.0078125
3785 -0.109375
3786 -0.005859375
3787 0.048828125
3788 0.0380859375
3789 -0.0966796875
3790 -0.0712890625
3791 -0.013671875
3792 -0.0185546875
3793 -0.1318359375
3794 -0.0205078125
3795 0.0361328125
3796 0.0283203125
3797 -0.0400390625
3798 0.0537109375
3799 0.0966796875
3800 0.076171875
3801 -0.0615234375
3802 -0.0419921875
3803 0.005859375
3804 -0.0029296875
3805 -0.193359375
3806 -0.1162109375
3807 -0.048828125
3808 -0.0439453125
3809 -0.140625
3810 -0.0693359375
3811 -0.017578125
3812 -0.0205078125
3813 -0.158203125
3814 -0.0439453125
3815 0.013671875
3816 0.013671875
3817 -0.140625
3818 -0.1005859375
3819 -0.044921875
3820 -0.0380859375
3821 -0.1455078125
3822 -0.03125
3823 0.0234375
3824 0.0244140625
3825 -0.052734375
3826 0.0439453125
3827 0.0927734375
3828 0.0751953125
3829 -0.064453125
3830 -0.0439453125
3831 0.0078125
3832 0.0009765625
3833 -0.107421875
3834 -0.0029296875
3835 0.0498046875
3836 0.0419921875
3837 -0.0439453125
3838 -0.025390625
3839 0.0224609375
3840 0.013671875
3841 -0.0869140625
3842 -0.0283203125
3843 0.0205078125
3844 0.01171875
3845 -0.099609375
3846 -0.03515625
3847 0.0107421875
3848 0.005859375
3849 -0.1572265625
3850 -0.0830078125
3851 -0.0302734375
3852 -0.02734375
3853 -0.1796875
3854 -0.060546875
3855 0.0029296875
3856 0.0078125
3857 -0.1005859375
3858 0.001953125
3859 0.056640625
3860 0.0498046875
3861 -0.048828125
3862 -0.0234375
3863 0.0185546875
3864 0.0126953125
3865 -0.1220703125
3866 -0.015625
3867 0.0400390625
3868 0.0380859375
3869 -0.05078125
3870 0.0439453125
3871 0.0908203125
3872 0.0771484375
3873 -0.0068359375
3874 0.017578125
3875 0.056640625
3876 0.037109375
3877 -0.0849609375
3878 0.013671875
3879 0.06640625
3880 0.0546875
3881 -0.060546875
3882 -0.037109375
3883 0.0146484375
3884 0.00390625
3885 -0.095703125
3886 -0.0283203125
3887 0.0205078125
3888 0.0107421875
3889 -0.1298828125
3890 -0.060546875
3891 -0.0068359375
3892 -0.009765625
3893 -0.16015625
3894 -0.0439453125
3895 0.0185546875
3896 0.017578125
3897 -0.0732421875
3898 0.0244140625
3899 0.078125
3900 0.064453125
3901 -0.0302734375
3902 0.05859375
3903 0.107421875
3904 0.0849609375
3905 -0.00390625
3906 0.0791015625
3907 0.123046875
3908 0.0986328125
3909 0.00390625
3910 0.0869140625
3911 0.12890625
3912 0.103515625
3913 0.0029296875
3914 0.083984375
3915 0.1240234375
3916 0.099609375
3917 -0.0205078125
3918 0.064453125
3919 0.107421875
3920 0.083984375
3921 -0.005859375
3922 0.076171875
3923 0.12109375
3924 0.0927734375
3925 0.0068359375
3926 0.0244140625
3927 0.0625
3928 0.0400390625
3929 -0.044921875
3930 0.0439453125
3931 0.0888671875
3932 0.0693359375
3933 0.017578125
3934 0.099609375
3935 0.1376953125
3936 0.1083984375
3937 0.03515625
3938 0.111328125
3939 0.1455078125
3940 0.1142578125
3941 0.0263671875
3942 0.099609375
3943 0.1376953125
3944 0.10546875
3945 0.0390625
3946 0.11328125
3947 0.1474609375
3948 0.1142578125
3949 0.064453125
3950 0.13671875
3951 0.1689453125
3952 0.130859375
3953 0.0908203125
3954 0.16015625
3955 0.1923828125
3956 0.150390625
3957 0.103515625
3958 0.169921875
3959 0.201171875
3960 0.15625
3961 0.0966796875
3962 0.162109375
3963 0.1904296875
3964 0.1455078125
3965 0.095703125
3966 0.162109375
3967 0.1904296875
3968 0.14453125
3969 0.0927734375
3970 0.1591796875
3971 0.189453125
3972 0.1435546875
3973 0.0576171875
3974 0.0751953125
3975 0.0986328125
3976 0.0595703125
3977 -0.0400390625
3978 0.0078125
3979 0.0380859375
3980 0.013671875
3981 -0.087890625
3982 0.0009765625
3983 0.046875
3984 0.0263671875
3985 -0.021484375
3986 0.060546875
3987 0.09765625
3988 0.0673828125
3989 -0.0302734375
3990 -0.009765625
3991 0.0244140625
3992 -0.0009765625
3993 -0.1064453125
3994 -0.048828125
3995 -0.0068359375
3996 -0.0244140625
3997 -0.16015625
3998 -0.09765625
3999 -0.048828125
4000 -0.0556640625
4001 -0.19921875
4002 -0.08984375
4003 -0.03125
4004 -0.029296875
4005 -0.103515625
4006 -0.009765625
4007 0.0390625
4008 0.0234375
4009 -0.0419921875
4010 0.0400390625
4011 0.0830078125
4012 0.0576171875
4013 -0.013671875
4014 0.0625
4015 0.1025390625
4016 0.072265625
4017 0.0029296875
4018 0.07421875
4019 0.1123046875
4020 0.080078125
4021 0.005859375
4022 0.0771484375
4023 0.1123046875
4024 0.080078125
4025 0.0224609375
4026 0.0947265625
4027 0.1279296875
4028 0.0947265625
4029 0.0146484375
4030 0.033203125
4031 0.0625
4032 0.0302734375
4033 -0.0634765625
4034 -0.0166015625
4035 0.0224609375
4036 -0.0029296875
4037 -0.107421875
4038 -0.0517578125
4039 -0.0107421875
4040 -0.0283203125
4041 -0.1103515625
4042 -0.017578125
4043 0.0302734375
4044 0.0126953125
4045 -0.0634765625
4046 -0.0390625
4047 0.001953125
4048 -0.017578125
4049 -0.1279296875
4050 -0.0322265625
4051 0.0146484375
4052 0.001953125
4053 -0.1396484375
4054 -0.111328125
4055 -0.060546875
4056 -0.06640625
4057 -0.20703125
4058 -0.0947265625
4059 -0.03125
4060 -0.0322265625
4061 -0.0810546875
4062 0.009765625
4063 0.0556640625
4064 0.037109375
4065 -0.0771484375
4066 -0.05859375
4067 -0.0146484375
4068 -0.0263671875
4069 -0.126953125
4070 -0.0634765625
4071 -0.01953125
4072 -0.0302734375
4073 -0.162109375
4074 -0.0966796875
4075 -0.0478515625
4076 -0.048828125
4077 -0.208984375
4078 -0.1396484375
4079 -0.078125
4080 -0.0732421875
4081 -0.2001953125
4082 -0.125
4083 -0.0693359375
4084 -0.0634765625
4085 -0.1591796875
4086 -0.087890625
4087 -0.0361328125
4088 -0.0419921875
4089 -0.1572265625
4090 -0.052734375
4091 0.0009765625
4092 -0.001953125
4093 -0.1611328125
4094 -0.1328125
4095 -0.07421875
4096 -0.0654296875
4097 -0.1796875
4098 -0.10546875
4099 -0.048828125
4100 -0.046875
4101 -0.1240234375
4102 -0.052734375
4103 -0.005859375
4104 -0.0185546875
4105 -0.140625
4106 -0.0380859375
4107 0.0146484375
4108 0.0107421875
4109 -0.125
4110 -0.099609375
4111 -0.0390625
4112 -0.041015625
4113 -0.1328125
4114 -0.0263671875
4115 0.025390625
4116 0.0205078125
4117 -0.025390625
4118 0.060546875
4119 0.1015625
4120 0.078125
4121 0.01171875
4122 0.091796875
4123 0.1279296875
4124 0.09765625
4125 0.0419921875
4126 0.0712890625
4127 0.0693359375
4128 0.099609375
4129 -0.001953125
4130 -0.044921875
4131 -0.037109375
4132 0.001953125
4133 -0.0869140625
4134 -0.0400390625
4135 -0.0244140625
4136 0.0224609375
4137 -0.0537109375
4138 -0.08203125
4139 -0.0712890625
4140 -0.0224609375
4141 -0.08203125
4142 -0.0693359375
4143 -0.0595703125
4144 -0.013671875
4145 -0.115234375
4146 -0.099609375
4147 -0.0849609375
4148 -0.033203125
4149 -0.1318359375
4150 -0.07421875
4151 -0.0517578125
4152 0.001953125
4153 -0.048828125
4154 -0.0087890625
4155 0.0048828125
4156 0.0478515625
4157 -0.0068359375
4158 0.0234375
4159 0.03125
4160 0.0673828125
4161 0.0234375
4162 0.046875
4163 0.05078125
4164 0.0830078125
4165 0.0322265625
4166 0.0546875
4167 0.056640625
4168 0.0888671875
4169 0.0283203125
4170 0.048828125
4171 0.0517578125
4172 0.0830078125
4173 0.0029296875
4174 0.029296875
4175 0.033203125
4176 0.0673828125
4177 0.0146484375
4178 0.0390625
4179 0.0439453125
4180 0.076171875
4181 0.0302734375
4182 -0.0107421875
4183 -0.009765625
4184 0.0244140625
4185 -0.0234375
4186 0.0126953125
4187 0.017578125
4188 0.0546875
4189 0.0458984375
4190 0.0693359375
4191 0.0654296875
4192 0.0947265625
4193 0.0634765625
4194 0.0791015625
4195 0.0751953125
4196 0.099609375
4197 0.0537109375
4198 0.0703125
4199 0.06640625
4200 0.0927734375
4201 0.0673828125
4202 0.0830078125
4203 0.078125
4204 0.1015625
4205 0.0947265625
4206 0.10546875
4207 0.099609375
4208 0.1201171875
4209 0.125
4210 0.1337890625
4211 0.125
4212 0.1416015625
4213 0.138671875
4214 0.1435546875
4215 0.1337890625
4216 0.1474609375
4217 0.130859375
4218 0.1357421875
4219 0.1240234375
4220 0.138671875
4221 0.12890625
4222 0.1337890625
4223 0.1220703125
4224 0.13671875
4225 0.12890625
4226 0.1318359375
4227 0.12109375
4228 0.134765625
4229 0.091796875
4230 0.05078125
4231 0.03515625
4232 0.0537109375
4233 -0.0068359375
4234 -0.017578125
4235 -0.0244140625
4236 0.005859375
4237 -0.060546875
4238 -0.02734375
4239 -0.021484375
4240 0.0166015625
4241 0.0107421875
4242 0.033203125
4243 0.0341796875
4244 0.0595703125
4245 0.0029296875
4246 -0.0380859375
4247 -0.041015625
4248 -0.0078125
4249 -0.103515625
4250 -0.099609375
4251 -0.091796875
4252 -0.048828125
4253 -0.1103515625
4254 -0.103515625
4255 -0.095703125
4256 -0.048828125
4257 -0.1005859375
4258 -0.0888671875
4259 -0.0830078125
4260 -0.0400390625
4261 -0.1015625
4262 -0.095703125
4263 -0.0869140625
4264 -0.0419921875
4265 -0.15234375
4266 -0.16015625
4267 -0.1357421875
4268 -0.080078125
4269 -0.1435546875
4270 -0.130859375
4271 -0.1103515625
4272 -0.0615234375
4273 -0.1298828125
4274 -0.115234375
4275 -0.1025390625
4276 -0.052734375
4277 -0.1025390625
4278 -0.0537109375
4279 -0.0400390625
4280 0.0068359375
4281 -0.0458984375
4282 -0.0986328125
4283 -0.0830078125
4284 -0.0341796875
4285 -0.1015625
4286 -0.0556640625
4287 -0.0400390625
4288 0.005859375
4289 -0.09765625
4290 -0.126953125
4291 -0.1044921875
4292 -0.052734375
4293 -0.1259765625
4294 -0.0703125
4295 -0.05078125
4296 0.0
4297 -0.025390625
4298 0.009765625
4299 0.0126953125
4300 0.0517578125
4301 -0.052734375
4302 -0.0869140625
4303 -0.0771484375
4304 -0.0302734375
4305 -0.1669921875
4306 -0.14453125
4307 -0.1171875
4308 -0.060546875
4309 -0.1396484375
4310 -0.115234375
4311 -0.09765625
4312 -0.046875
4313 -0.1142578125
4314 -0.0634765625
4315 -0.0439453125
4316 0.0068359375
4317 -0.0859375
4318 -0.11328125
4319 -0.0947265625
4320 -0.0400390625
4321 -0.1123046875
4322 -0.0966796875
4323 -0.0791015625
4324 -0.02734375
4325 -0.1005859375
4326 -0.087890625
4327 -0.07421875
4328 -0.0234375
4329 -0.1337890625
4330 -0.0771484375
4331 -0.0517578125
4332 0.0029296875
4333 -0.01953125
4334 0.017578125
4335 0.025390625
4336 0.0634765625
4337 0.0634765625
4338 0.083984375
4339 0.083984375
4340 0.111328125
4341 0.1201171875
4342 0.1298828125
4343 0.125
4344 0.1455078125
4345 0.14453125
4346 0.1513671875
4347 0.142578125
4348 0.1591796875
4349 0.14453125
4350 0.1484375
4351 0.13671875
4352 0.1533203125
4353 0.1455078125
4354 0.150390625
4355 0.138671875
4356 0.154296875
4357 0.146484375
4358 0.150390625
4359 0.1376953125
4360 0.1513671875
4361 0.109375
4362 0.0673828125
4363 0.0546875
4364 0.0703125
4365 0.0087890625
4366 -0.0009765625
4367 -0.0078125
4368 0.021484375
4369 -0.0400390625
4370 -0.0078125
4371 -0.0029296875
4372 0.0341796875
4373 0.0302734375
4374 0.052734375
4375 0.05078125
4376 0.0791015625
4377 0.01953125
4378 -0.01953125
4379 -0.0224609375
4380 0.0087890625
4381 -0.0888671875
4382 -0.0849609375
4383 -0.0751953125
4384 -0.0322265625
4385 -0.09375
4386 -0.0888671875
4387 -0.0791015625
4388 -0.033203125
4389 -0.083984375
4390 -0.07421875
4391 -0.0673828125
4392 -0.0244140625
4393 -0.0869140625
4394 -0.0791015625
4395 -0.0703125
4396 -0.0244140625
4397 -0.13671875
4398 -0.14453125
4399 -0.12109375
4400 -0.0625
4401 -0.12890625
4402 -0.1162109375
4403 -0.0966796875
4404 -0.0458984375
4405 -0.1142578125
4406 -0.1025390625
4407 -0.087890625
4408 -0.0390625
4409 -0.0859375
4410 -0.0419921875
4411 -0.02734375
4412 0.01953125
4413 -0.03515625
4414 -0.0888671875
4415 -0.0712890625
4416 -0.0234375
4417 -0.0810546875
4418 -0.0361328125
4419 -0.0234375
4420 0.0244140625
4421 -0.068359375
4422 -0.09765625
4423 -0.0810546875
4424 -0.0302734375
4425 -0.1015625
4426 -0.05078125
4427 -0.0341796875
4428 0.0146484375
4429 -0.009765625
4430 0.0234375
4431 0.0263671875
4432 0.0625
4433 -0.0322265625
4434 -0.064453125
4435 -0.0595703125
4436 -0.0126953125
4437 -0.1494140625
4438 -0.1279296875
4439 -0.1064453125
4440 -0.0478515625
4441 -0.126953125
4442 -0.1005859375
4443 -0.087890625
4444 -0.0361328125
4445 -0.1044921875
4446 -0.052734375
4447 -0.037109375
4448 0.0146484375
4449 -0.0810546875
4450 -0.10546875
4451 -0.0849609375
4452 -0.03125
4453 -0.1044921875
4454 -0.08984375
4455 -0.0732421875
4456 -0.0205078125
4457 -0.0947265625
4458 -0.0830078125
4459 -0.0693359375
4460 -0.0166015625
4461 -0.1298828125
4462 -0.072265625
4463 -0.048828125
4464 0.0087890625
4465 -0.0126953125
4466 0.0234375
4467 0.0302734375
4468 0.0693359375
4469 0.0703125
4470 0.08984375
4471 0.0888671875
4472 0.1181640625
4473 0.126953125
4474 0.1357421875
4475 0.1318359375
4476 0.15234375
4477 0.15234375
4478 0.1572265625
4479 0.146484375
4480 0.1650390625
4481 0.1484375
4482 0.154296875
4483 0.140625
4484 0.1572265625
4485 0.1513671875
4486 0.1552734375
4487 0.1435546875
4488 0.1611328125
4489 0.1533203125
4490 0.1552734375
4491 0.1416015625
4492 0.1572265625
4493 0.1162109375
4494 0.07421875
4495 0.0576171875
4496 0.076171875
4497 0.015625
4498 0.0048828125
4499 -0.0009765625
4500 0.02734375
4501 -0.03515625
4502 -0.0029296875
4503 0.0009765625
4504 0.0400390625
4505 0.0341796875
4506 0.0576171875
4507 0.052734375
4508 0.083984375
4509 0.021484375
4510 -0.015625
4511 -0.01953125
4512 0.0146484375
4513 -0.083984375
4514 -0.080078125
4515 -0.0703125
4516 -0.02734375
4517 -0.0888671875
4518 -0.083984375
4519 -0.072265625
4520 -0.029296875
4521 -0.078125
4522 -0.0693359375
4523 -0.0625
4524 -0.0205078125
4525 -0.083984375
4526 -0.076171875
4527 -0.0673828125
4528 -0.0224609375
4529 -0.1357421875
4530 -0.140625
4531 -0.119140625
4532 -0.05859375
4533 -0.125
4534 -0.1123046875
4535 -0.095703125
4536 -0.04296875
4537 -0.111328125
4538 -0.09765625
4539 -0.0849609375
4540 -0.0341796875
4541 -0.0849609375
4542 -0.0400390625
4543 -0.0244140625
4544 0.0224609375
4545 -0.03125
4546 -0.0849609375
4547 -0.06640625
4548 -0.0185546875
4549 -0.080078125
4550 -0.0322265625
4551 -0.0205078125
4552 0.0263671875
4553 -0.0673828125
4554 -0.095703125
4555 -0.0791015625
4556 -0.029296875
4557 -0.1025390625
4558 -0.0498046875
4559 -0.0322265625
4560 0.0166015625
4561 -0.0068359375
4562 0.0244140625
4563 0.0283203125
4564 0.0654296875
4565 -0.0263671875
4566 -0.0634765625
4567 -0.0556640625
4568 -0.0126953125
4569 -0.146484375
4570 -0.1259765625
4571 -0.103515625
4572 -0.0458984375
4573 -0.126953125
4574 -0.099609375
4575 -0.0859375
4576 -0.033203125
4577 -0.10546875
4578 -0.0498046875
4579 -0.033203125
4580 0.0185546875
4581 -0.078125
4582 -0.103515625
4583 -0.083984375
4584 -0.03125
4585 -0.1025390625
4586 -0.087890625
4587 -0.0693359375
4588 -0.017578125
4589 -0.0908203125
4590 -0.080078125
4591 -0.064453125
4592 -0.0146484375
4593 -0.1279296875
4594 -0.0693359375
4595 -0.0458984375
4596 0.009765625
4597 -0.01171875
4598 0.025390625
4599 0.0322265625
4600 0.0703125
4601 0.0712890625
4602 0.09375
4603 0.091796875
4604 0.119140625
4605 0.126953125
4606 0.138671875
4607 0.1328125
4608 0.154296875
4609 0.15234375
4610 0.1572265625
4611 0.150390625
4612 0.166015625
4613 0.1533203125
4614 0.1572265625
4615 0.142578125
4616 0.1611328125
4617 0.154296875
4618 0.158203125
4619 0.1455078125
4620 0.1611328125
4621 0.154296875
4622 0.1572265625
4623 0.1435546875
4624 0.1611328125
4625 0.1162109375
4626 0.0771484375
4627 0.0595703125
4628 0.078125
4629 0.0166015625
4630 0.005859375
4631 -0.001953125
4632 0.02734375
4633 -0.03515625
4634 -0.001953125
4635 0.0048828125
4636 0.041015625
4637 0.037109375
4638 0.056640625
4639 0.056640625
4640 0.0849609375
4641 0.0244140625
4642 -0.013671875
4643 -0.017578125
4644 0.017578125
4645 -0.08203125
4646 -0.0771484375
4647 -0.0703125
4648 -0.025390625
4649 -0.087890625
4650 -0.0810546875
4651 -0.07421875
4652 -0.0263671875
4653 -0.078125
4654 -0.068359375
4655 -0.0615234375
4656 -0.01953125
4657 -0.0810546875
4658 -0.0732421875
4659 -0.064453125
4660 -0.021484375
4661 -0.1328125
4662 -0.1396484375
4663 -0.1162109375
4664 -0.056640625
4665 -0.125
4666 -0.109375
4667 -0.09375
4668 -0.041015625
4669 -0.111328125
4670 -0.0966796875
4671 -0.0859375
4672 -0.033203125
4673 -0.083984375
4674 -0.037109375
4675 -0.0234375
4676 0.0224609375
4677 -0.0302734375
4678 -0.0859375
4679 -0.0654296875
4680 -0.0185546875
4681 -0.076171875
4682 -0.033203125
4683 -0.017578125
4684 0.02734375
4685 -0.0673828125
4686 -0.095703125
4687 -0.078125
4688 -0.0263671875
4689 -0.1005859375
4690 -0.0478515625
4691 -0.03125
4692 0.01953125
4693 -0.009765625
4694 0.025390625
4695 0.0283203125
4696 0.0654296875
4697 -0.02734375
4698 -0.0634765625
4699 -0.0556640625
4700 -0.01171875
4701 -0.1484375
4702 -0.12890625
4703 -0.103515625
4704 -0.046875
4705 -0.1240234375
4706 -0.0986328125
4707 -0.083984375
4708 -0.0322265625
4709 -0.1025390625
4710 -0.0478515625
4711 -0.0322265625
4712 0.0205078125
4713 -0.0751953125
4714 -0.099609375
4715 -0.0830078125
4716 -0.02734375
4717 -0.1005859375
4718 -0.0859375
4719 -0.068359375
4720 -0.017578125
4721 -0.091796875
4722 -0.0791015625
4723 -0.06640625
4724 -0.0166015625
4725 -0.130859375
4726 -0.072265625
4727 -0.044921875
4728 0.009765625
4729 -0.01171875
4730 0.0263671875
4731 0.033203125
4732 0.072265625
4733 0.072265625
4734 0.0927734375
4735 0.0927734375
4736 0.12109375
4737 0.1279296875
4738 0.140625
4739 0.13671875
4740 0.154296875
4741 0.1513671875
4742 0.1611328125
4743 0.15234375
4744 0.1669921875
4745 0.1513671875
4746 0.158203125
4747 0.146484375
4748 0.1611328125
4749 0.154296875
4750 0.1591796875
4751 0.1494140625
4752 0.162109375
4753 0.154296875
4754 0.1591796875
4755 0.146484375
4756 0.1611328125
4757 0.1181640625
4758 0.0791015625
4759 0.0625
4760 0.080078125
4761 0.0185546875
4762 0.009765625
4763 0.001953125
4764 0.0302734375
4765 -0.0341796875
4766 -0.0009765625
4767 0.005859375
4768 0.0400390625
4769 0.037109375
4770 0.0595703125
4771 0.0595703125
4772 0.0849609375
4773 0.0283203125
4774 -0.013671875
4775 -0.013671875
4776 0.0185546875
4777 -0.08203125
4778 -0.076171875
4779 -0.06640625
4780 -0.025390625
4781 -0.0869140625
4782 -0.0810546875
4783 -0.0703125
4784 -0.025390625
4785 -0.0771484375
4786 -0.0654296875
4787 -0.0595703125
4788 -0.01953125
4789 -0.0810546875
4790 -0.0732421875
4791 -0.0625
4792 -0.021484375
4793 -0.1279296875
4794 -0.1396484375
4795 -0.11328125
4796 -0.0576171875
4797 -0.1240234375
4798 -0.1103515625
4799 -0.091796875
4800 -0.041015625
4801 -0.1103515625
4802 -0.0966796875
4803 -0.0830078125
4804 -0.033203125
4805 -0.0830078125
4806 -0.0361328125
4807 -0.0205078125
4808 0.025390625
4809 -0.0263671875
4810 -0.0830078125
4811 -0.0625
4812 -0.017578125
4813 -0.0771484375
4814 -0.0322265625
4815 -0.0166015625
4816 0.02734375
4817 -0.0634765625
4818 -0.095703125
4819 -0.0771484375
4820 -0.029296875
4821 -0.1005859375
4822 -0.048828125
4823 -0.0302734375
4824 0.017578125
4825 -0.005859375
4826 0.0283203125
4827 0.0322265625
4828 0.0673828125
4829 -0.0234375
4830 -0.05859375
4831 -0.0517578125
4832 -0.0068359375
4833 -0.1455078125
4834 -0.125
4835 -0.1005859375
4836 -0.04296875
4837 -0.1240234375
4838 -0.0986328125
4839 -0.0830078125
4840 -0.0322265625
4841 -0.1005859375
4842 -0.048828125
4843 -0.0302734375
4844 0.01953125
4845 -0.0751953125
4846 -0.1005859375
4847 -0.083984375
4848 -0.029296875
4849 -0.1005859375
4850 -0.0859375
4851 -0.06640625
4852 -0.0166015625
4853 -0.087890625
4854 -0.078125
4855 -0.0634765625
4856 -0.01171875
4857 -0.1201171875
4858 -0.0625
4859 -0.0380859375
4860 0.0146484375
4861 -0.0078125
4862 0.0283203125
4863 0.037109375
4864 0.0732421875
4865 0.07421875
4866 0.0927734375
4867 0.09375
4868 0.1201171875
4869 0.1279296875
4870 0.1396484375
4871 0.1357421875
4872 0.1552734375
4873 0.154296875
4874 0.1611328125
4875 0.15234375
4876 0.1689453125
4877 0.1533203125
4878 0.1591796875
4879 0.1474609375
4880 0.1630859375
4881 0.154296875
4882 0.1591796875
4883 0.1474609375
4884 0.162109375
4885 0.1552734375
4886 0.158203125
4887 0.1474609375
4888 0.16015625
4889 0.119140625
4890 0.0771484375
4891 0.060546875
4892 0.078125
4893 0.0185546875
4894 0.0078125
4895 -0.0009765625
4896 0.029296875
4897 -0.03515625
4898 -0.001953125
4899 0.00390625
4900 0.0439453125
4901 0.0390625
4902 0.0595703125
4903 0.05859375
4904 0.0859375
4905 0.0263671875
4906 -0.013671875
4907 -0.013671875
4908 0.017578125
4909 -0.0810546875
4910 -0.076171875
4911 -0.068359375
4912 -0.0263671875
4913 -0.0869140625
4914 -0.0810546875
4915 -0.072265625
4916 -0.02734375
4917 -0.078125
4918 -0.068359375
4919 -0.0615234375
4920 -0.017578125
4921 -0.080078125
4922 -0.0732421875
4923 -0.064453125
4924 -0.01953125
4925 -0.1328125
4926 -0.1396484375
4927 -0.1142578125
4928 -0.056640625
4929 -0.1240234375
4930 -0.1103515625
4931 -0.0908203125
4932 -0.0390625
4933 -0.1083984375
4934 -0.0966796875
4935 -0.0830078125
4936 -0.0322265625
4937 -0.0810546875
4938 -0.037109375
4939 -0.021484375
4940 0.025390625
4941 -0.029296875
4942 -0.0830078125
4943 -0.06640625
4944 -0.015625
4945 -0.078125
4946 -0.029296875
4947 -0.017578125
4948 0.0302734375
4949 -0.0595703125
4950 -0.0908203125
4951 -0.0732421875
4952 -0.0234375
4953 -0.08984375
4954 -0.041015625
4955 -0.0244140625
4956 0.0234375
4957 -0.0009765625
4958 0.029296875
4959 0.033203125
4960 0.0693359375
4961 -0.0205078125
4962 -0.0556640625
4963 -0.0498046875
4964 -0.0068359375
4965 -0.1416015625
4966 -0.1201171875
4967 -0.0986328125
4968 -0.041015625
4969 -0.1220703125
4970 -0.095703125
4971 -0.0830078125
4972 -0.0302734375
4973 -0.1005859375
4974 -0.0478515625
4975 -0.0322265625
4976 0.01953125
4977 -0.0751953125
4978 -0.1005859375
4979 -0.08203125
4980 -0.0283203125
4981 -0.099609375
4982 -0.0869140625
4983 -0.068359375
4984 -0.017578125
4985 -0.0908203125
4986 -0.0791015625
4987 -0.0654296875
4988 -0.013671875
4989 -0.1240234375
4990 -0.064453125
4991 -0.0419921875
4992 0.0146484375
4993 -0.0087890625
4994 0.0283203125
4995 0.03515625
4996 0.0732421875
4997 0.07421875
4998 0.09375
4999 0.09375
