x y
0 -0.0234375
1 -0.197265625
2 -0.142578125
3 -0.0771484375
4 -0.0712890625
5 -0.4384765625
6 -0.115234375
7 -0.0380859375
8 -0.0625
9 -0.1748046875
10 -0.0849609375
11 -0.013671875
12 -0.0400390625
13 -0.1484375
14 -0.0224609375
15 0.0517578125
16 0.0185546875
17 -0.0908203125
18 -0.0673828125
19 0.0068359375
20 -0.0224609375
21 -0.1494140625
22 -0.021484375
23 0.0546875
24 0.01953125
25 -0.11328125
26 -0.068359375
27 0.00390625
28 -0.0283203125
29 -0.142578125
30 -0.0537109375
31 0.01953125
32 -0.0166015625
33 -0.123046875
34 -0.0341796875
35 0.03515625
36 -0.005859375
37 -0.1259765625
38 -0.0009765625
39 0.0703125
40 0.03125
41 -0.05859375
42 0.0576171875
43 0.1220703125
44 0.0712890625
45 0.009765625
46 0.11328125
47 0.171875
48 0.111328125
49 0.015625
50 0.064453125
51 0.1123046875
52 0.0537109375
53 -0.078125
54 0.0361328125
55 0.0986328125
56 0.052734375
57 -0.087890625
58 -0.0458984375
59 0.01953125
60 -0.017578125
61 -0.1318359375
62 -0.0439453125
63 0.0234375
64 -0.0146484375
65 -0.1298828125
66 -0.041015625
67 0.0263671875
68 -0.015625
69 -0.158203125
70 -0.02734375
71 0.0498046875
72 0.01171875
73 -0.044921875
74 0.0693359375
75 0.1396484375
76 0.0791015625
77 -0.015625
78 0.0380859375
79 0.0947265625
80 0.0341796875
81 -0.1005859375
82 0.0234375
83 0.091796875
84 0.04296875
85 -0.09765625
86 -0.0537109375
87 0.015625
88 -0.021484375
89 -0.138671875
90 -0.0478515625
91 0.0234375
92 -0.0185546875
93 -0.1337890625
94 -0.04296875
95 0.0263671875
96 -0.0166015625
97 -0.1611328125
98 -0.0283203125
99 0.0498046875
100 0.0126953125
101 -0.0478515625
102 0.0693359375
103 0.134765625
104 0.078125
105 -0.017578125
106 0.037109375
107 0.0927734375
108 0.033203125
109 -0.1005859375
110 0.0224609375
111 0.0908203125
112 0.04296875
113 -0.1005859375
114 -0.0537109375
115 0.0166015625
116 -0.0224609375
117 -0.13671875
118 -0.0478515625
119 0.021484375
120 -0.0185546875
121 -0.1318359375
122 -0.04296875
123 0.0244140625
124 -0.015625
125 -0.16015625
126 -0.0283203125
127 0.046875
128 0.0126953125
129 -0.0478515625
130 0.0693359375
131 0.1357421875
132 0.0791015625
133 -0.0146484375
134 0.0380859375
135 0.0927734375
136 0.0341796875
137 -0.0986328125
138 0.0205078125
139 0.08984375
140 0.0419921875
141 -0.09765625
142 -0.0556640625
143 0.0146484375
144 -0.0244140625
145 -0.138671875
146 -0.048828125
147 0.0234375
148 -0.0166015625
149 -0.1357421875
150 -0.0439453125
151 0.0244140625
152 -0.0166015625
153 -0.158203125
154 -0.02734375
155 0.05078125
156 0.013671875
157 -0.044921875
158 0.0703125
159 0.13671875
160 0.0810546875
161 -0.013671875
162 0.037109375
163 0.0947265625
164 0.0341796875
165 -0.0966796875
166 0.0224609375
167 0.08984375
168 0.0419921875
169 -0.0966796875
170 -0.0537109375
171 0.015625
172 -0.0224609375
173 -0.1376953125
174 -0.048828125
175 0.0205078125
176 -0.0166015625
177 -0.134765625
178 -0.0439453125
179 0.0234375
180 -0.015625
181 -0.1572265625
182 -0.0263671875
183 0.0478515625
184 0.013671875
185 -0.04296875
186 0.0703125
187 0.13671875
188 0.0810546875
189 -0.013671875
190 0.037109375
191 0.091796875
192 0.0361328125
193 -0.0947265625
194 0.021484375
195 0.087890625
196 0.04296875
197 -0.0986328125
198 -0.0556640625
199 0.0107421875
200 -0.0224609375
201 -0.1357421875
202 -0.048828125
203 0.0185546875
204 -0.015625
205 -0.1328125
206 -0.044921875
207 0.0224609375
208 -0.013671875
209 -0.1572265625
210 -0.029296875
211 0.0478515625
212 0.013671875
213 -0.041015625
214 0.0712890625
215 0.1357421875
216 0.0810546875
217 -0.0126953125
218 0.0380859375
219 0.0888671875
220 0.0361328125
221 -0.0966796875
222 0.0224609375
223 0.0869140625
224 0.04296875
225 -0.0966796875
226 -0.0537109375
227 0.0146484375
228 -0.0205078125
229 -0.13671875
230 -0.0478515625
231 0.0224609375
232 -0.0166015625
233 -0.1318359375
234 -0.0439453125
235 0.025390625
236 -0.0146484375
237 -0.158203125
238 -0.02734375
239 0.0478515625
240 0.01171875
241 -0.04296875
242 0.0712890625
243 0.134765625
244 0.0810546875
245 -0.013671875
246 0.0361328125
247 0.08984375
248 0.03515625
249 -0.09765625
250 0.0205078125
251 0.0859375
252 0.04296875
253 -0.09765625
254 -0.0556640625
255 0.0126953125
256 -0.021484375
257 -0.1357421875
258 -0.0478515625
259 0.021484375
260 -0.0146484375
261 -0.1298828125
262 -0.0419921875
263 0.025390625
264 -0.013671875
265 -0.154296875
266 -0.0263671875
267 0.0478515625
268 0.0146484375
269 -0.0419921875
270 0.072265625
271 0.134765625
272 0.0830078125
273 -0.0126953125
274 0.0390625
275 0.0927734375
276 0.0361328125
277 -0.0927734375
278 0.0234375
279 0.0888671875
280 0.044921875
281 -0.0927734375
282 -0.0517578125
283 0.015625
284 -0.0185546875
285 -0.1328125
286 -0.0478515625
287 0.0205078125
288 -0.0146484375
289 -0.12890625
290 -0.0419921875
291 0.021484375
292 -0.0126953125
293 -0.15625
294 -0.0283203125
295 0.0439453125
296 0.0146484375
297 -0.0390625
298 0.0693359375
299 0.12890625
300 0.08203125
301 -0.009765625
302 0.0361328125
303 0.0859375
304 0.037109375
305 -0.091796875
306 0.0205078125
307 0.083984375
308 0.0439453125
309 -0.0947265625
310 -0.0537109375
311 0.009765625
312 -0.0185546875
313 -0.1318359375
314 -0.046875
315 0.017578125
316 -0.013671875
317 -0.1259765625
318 -0.041015625
319 0.0205078125
320 -0.013671875
321 -0.1513671875
322 -0.0263671875
323 0.0458984375
324 0.015625
325 -0.037109375
326 0.072265625
327 0.130859375
328 0.0830078125
329 -0.009765625
330 0.037109375
331 0.0869140625
332 0.037109375
333 -0.0927734375
334 0.0224609375
335 0.0849609375
336 0.044921875
337 -0.091796875
338 -0.052734375
339 0.01171875
340 -0.0166015625
341 -0.1337890625
342 -0.048828125
343 0.0166015625
344 -0.0166015625
345 -0.12890625
346 -0.0419921875
347 0.021484375
348 -0.0146484375
349 -0.154296875
350 -0.0283203125
351 0.0458984375
352 0.013671875
353 -0.041015625
354 0.0693359375
355 0.1318359375
356 0.08203125
357 -0.0107421875
358 0.037109375
359 0.0888671875
360 0.0380859375
361 -0.0947265625
362 0.021484375
363 0.0849609375
364 0.04296875
365 -0.09375
366 -0.0546875
367 0.009765625
368 -0.021484375
369 -0.1337890625
370 -0.0498046875
371 0.0166015625
372 -0.0146484375
373 -0.12890625
374 -0.0419921875
375 0.0205078125
376 -0.013671875
377 -0.1533203125
378 -0.025390625
379 0.0458984375
380 0.0166015625
381 -0.0390625
382 0.072265625
383 0.1357421875
384 0.083984375
385 -0.01171875
386 0.0380859375
387 0.091796875
388 0.0380859375
389 -0.09375
390 0.0224609375
391 0.0869140625
392 0.04296875
393 -0.09375
394 -0.0537109375
395 0.013671875
396 -0.01953125
397 -0.1328125
398 -0.046875
399 0.021484375
400 -0.013671875
401 -0.1298828125
402 -0.04296875
403 0.0224609375
404 -0.013671875
405 -0.1552734375
406 -0.0263671875
407 0.046875
408 0.0166015625
409 -0.041015625
410 0.072265625
411 0.134765625
412 0.0830078125
413 -0.0126953125
414 0.0380859375
415 0.091796875
416 0.0380859375
417 -0.0947265625
418 0.021484375
419 0.0888671875
420 0.0439453125
421 -0.09375
422 -0.0546875
423 0.013671875
424 -0.0205078125
425 -0.1337890625
426 -0.046875
427 0.0205078125
428 -0.0146484375
429 -0.1298828125
430 -0.041015625
431 0.0244140625
432 -0.0126953125
433 -0.1572265625
434 -0.0283203125
435 0.0478515625
436 0.0146484375
437 -0.041015625
438 0.0703125
439 0.1328125
440 0.08203125
441 -0.0107421875
442 0.037109375
443 0.0908203125
444 0.037109375
445 -0.09375
446 0.0205078125
447 0.0849609375
448 0.044921875
449 -0.0947265625
450 -0.0537109375
451 0.0126953125
452 -0.01953125
453 -0.1337890625
454 -0.044921875
455 0.01953125
456 -0.015625
457 -0.1279296875
458 -0.0419921875
459 0.0234375
460 -0.013671875
461 -0.1552734375
462 -0.02734375
463 0.0458984375
464 0.015625
465 -0.0390625
466 0.0703125
467 0.1337890625
468 0.0830078125
469 -0.0107421875
470 0.0390625
471 0.0908203125
472 0.0380859375
473 -0.0947265625
474 0.021484375
475 0.087890625
476 0.044921875
477 -0.0947265625
478 -0.0537109375
479 0.013671875
480 -0.01953125
481 -0.1337890625
482 -0.0478515625
483 0.0234375
484 -0.015625
485 -0.12890625
486 -0.041015625
487 0.025390625
488 -0.013671875
489 -0.15234375
490 -0.025390625
491 0.048828125
492 0.0166015625
493 -0.0390625
494 0.0732421875
495 0.134765625
496 0.0849609375
497 -0.009765625
498 0.0390625
499 0.0888671875
500 0.0380859375
501 -0.0888671875
502 0.0234375
503 0.087890625
504 0.0458984375
505 -0.0908203125
506 -0.052734375
507 0.0146484375
508 -0.0166015625
509 -0.1298828125
510 -0.0458984375
511 0.021484375
512 -0.013671875
513 -0.1279296875
514 -0.0400390625
515 0.025390625
516 -0.01171875
517 -0.15234375
518 -0.025390625
519 0.048828125
520 0.017578125
521 -0.0390625
522 0.072265625
523 0.134765625
524 0.083984375
525 -0.0087890625
526 0.0390625
527 0.0908203125
528 0.0380859375
529 -0.0927734375
530 0.0224609375
531 0.0869140625
532 0.044921875
533 -0.0927734375
534 -0.0537109375
535 0.013671875
536 -0.01953125
537 -0.1328125
538 -0.0478515625
539 0.021484375
540 -0.013671875
541 -0.1279296875
542 -0.0400390625
543 0.0234375
544 -0.01171875
545 -0.154296875
546 -0.025390625
547 0.0498046875
548 0.0146484375
549 -0.0400390625
550 0.0712890625
551 0.1357421875
552 0.0830078125
553 -0.009765625
554 0.0380859375
555 0.091796875
556 0.037109375
557 -0.091796875
558 0.0244140625
559 0.0888671875
560 0.044921875
561 -0.09375
562 -0.0517578125
563 0.0146484375
564 -0.0166015625
565 -0.1337890625
566 -0.0478515625
567 0.0205078125
568 -0.01171875
569 -0.1298828125
570 -0.041015625
571 0.0224609375
572 -0.01171875
573 -0.1533203125
574 -0.02734375
575 0.0458984375
576 0.0146484375
577 -0.041015625
578 0.0712890625
579 0.1357421875
580 0.0830078125
581 -0.0107421875
582 0.037109375
583 0.0888671875
584 0.0380859375
585 -0.095703125
586 0.021484375
587 0.087890625
588 0.044921875
589 -0.09375
590 -0.0537109375
591 0.013671875
592 -0.0185546875
593 -0.1337890625
594 -0.0478515625
595 0.021484375
596 -0.015625
597 -0.12890625
598 -0.0419921875
599 0.0263671875
600 -0.013671875
601 -0.154296875
602 -0.0244140625
603 0.0517578125
604 0.0166015625
605 -0.0419921875
606 0.072265625
607 0.1357421875
608 0.0830078125
609 -0.0107421875
610 0.0400390625
611 0.0927734375
612 0.0380859375
613 -0.091796875
614 0.025390625
615 0.0888671875
616 0.046875
617 -0.0927734375
618 -0.0517578125
619 0.0166015625
620 -0.01953125
621 -0.1328125
622 -0.0478515625
623 0.01953125
624 -0.013671875
625 -0.1279296875
626 -0.0419921875
627 0.0234375
628 -0.013671875
629 -0.15625
630 -0.0263671875
631 0.0478515625
632 0.0146484375
633 -0.041015625
634 0.0712890625
635 0.1328125
636 0.0830078125
637 -0.0126953125
638 0.0400390625
639 0.091796875
640 0.037109375
641 -0.09375
642 0.0224609375
643 0.087890625
644 0.0439453125
645 -0.0947265625
646 -0.0537109375
647 0.0185546875
648 -0.01953125
649 -0.1328125
650 -0.046875
651 0.021484375
652 -0.013671875
653 -0.1298828125
654 -0.041015625
655 0.0234375
656 -0.01171875
657 -0.15625
658 -0.025390625
659 0.0498046875
660 0.015625
661 -0.0419921875
662 0.072265625
663 0.13671875
664 0.0830078125
665 -0.0107421875
666 0.0380859375
667 0.0947265625
668 0.037109375
669 -0.0947265625
670 0.0244140625
671 0.0908203125
672 0.0458984375
673 -0.0947265625
674 -0.052734375
675 0.0166015625
676 -0.01953125
677 -0.13671875
678 -0.0478515625
679 0.01953125
680 -0.015625
681 -0.130859375
682 -0.041015625
683 0.025390625
684 -0.013671875
685 -0.158203125
686 -0.0263671875
687 0.048828125
688 0.0146484375
689 -0.0439453125
690 0.072265625
691 0.1357421875
692 0.08203125
693 -0.0107421875
694 0.0361328125
695 0.0947265625
696 0.0380859375
697 -0.0966796875
698 0.0224609375
699 0.0908203125
700 0.0439453125
701 -0.095703125
702 -0.0517578125
703 0.017578125
704 -0.0185546875
705 -0.13671875
706 -0.0439453125
707 0.0244140625
708 -0.0146484375
709 -0.130859375
710 -0.0390625
711 0.0283203125
712 -0.0126953125
713 -0.1572265625
714 -0.025390625
715 0.052734375
716 0.013671875
717 -0.04296875
718 0.07421875
719 0.1435546875
720 0.0810546875
721 -0.013671875
722 0.0400390625
723 0.095703125
724 0.0361328125
725 -0.09765625
726 0.025390625
727 0.09375
728 0.0439453125
729 -0.0927734375
730 -0.048828125
731 0.021484375
732 -0.0205078125
733 -0.134765625
734 -0.0439453125
735 0.02734375
736 -0.0146484375
737 -0.130859375
738 -0.0390625
739 0.0302734375
740 -0.013671875
741 -0.158203125
742 -0.025390625
743 0.0537109375
744 0.0146484375
745 -0.0439453125
746 0.0732421875
747 0.1396484375
748 0.0830078125
749 -0.013671875
750 0.0400390625
751 0.095703125
752 0.0380859375
753 -0.0986328125
754 0.0234375
755 0.091796875
756 0.0439453125
757 -0.09375
758 -0.05078125
759 0.0205078125
760 -0.01953125
761 -0.1337890625
762 -0.044921875
763 0.0263671875
764 -0.015625
765 -0.1298828125
766 -0.0400390625
767 0.029296875
768 -0.013671875
769 -0.15625
770 -0.025390625
771 0.0517578125
772 0.0166015625
773 -0.0439453125
774 0.0732421875
775 0.138671875
776 0.0830078125
777 -0.015625
778 0.0390625
779 0.09375
780 0.037109375
781 -0.095703125
782 0.0234375
783 0.0908203125
784 0.0439453125
785 -0.0927734375
786 -0.0517578125
787 0.01953125
788 -0.017578125
789 -0.1318359375
790 -0.044921875
791 0.0224609375
792 -0.0146484375
793 -0.1279296875
794 -0.0400390625
795 0.025390625
796 -0.01171875
797 -0.1572265625
798 -0.025390625
799 0.048828125
800 0.017578125
801 -0.041015625
802 0.0732421875
803 0.138671875
804 0.08203125
805 -0.01171875
806 0.0390625
807 0.09375
808 0.037109375
809 -0.0947265625
810 0.021484375
811 0.08984375
812 0.0439453125
813 -0.0947265625
814 -0.0517578125
815 0.0166015625
816 -0.0185546875
817 -0.13671875
818 -0.0458984375
819 0.021484375
820 -0.0146484375
821 -0.12890625
822 -0.0400390625
823 0.0224609375
824 -0.013671875
825 -0.15234375
826 -0.0263671875
827 0.048828125
828 0.0166015625
829 -0.0390625
830 0.07421875
831 0.1376953125
832 0.0830078125
833 -0.0087890625
834 0.0390625
835 0.09375
836 0.0380859375
837 -0.09375
838 0.0244140625
839 0.0908203125
840 0.0458984375
841 -0.091796875
842 -0.0498046875
843 0.017578125
844 -0.017578125
845 -0.1337890625
846 -0.0439453125
847 0.0234375
848 -0.0146484375
849 -0.12890625
850 -0.0419921875
851 0.0263671875
852 -0.01171875
853 -0.1533203125
854 -0.025390625
855 0.048828125
856 0.017578125
857 -0.0390625
858 0.07421875
859 0.1328125
860 0.0830078125
861 -0.0107421875
862 0.0400390625
863 0.0908203125
864 0.0400390625
865 -0.091796875
866 0.0234375
867 0.0849609375
868 0.0458984375
869 -0.09375
870 -0.052734375
871 0.0126953125
872 -0.01953125
873 -0.1337890625
874 -0.046875
875 0.021484375
876 -0.0146484375
877 -0.1279296875
878 -0.0400390625
879 0.0234375
880 -0.01171875
881 -0.1552734375
882 -0.0263671875
883 0.048828125
884 0.0166015625
885 -0.0380859375
886 0.072265625
887 0.1337890625
888 0.083984375
889 -0.0087890625
890 0.0380859375
891 0.08984375
892 0.0400390625
893 -0.091796875
894 0.0224609375
895 0.0859375
896 0.046875
897 -0.0908203125
898 -0.052734375
899 0.0126953125
900 -0.017578125
901 -0.1298828125
902 -0.0458984375
903 0.01953125
904 -0.01171875
905 -0.125
906 -0.041015625
907 0.021484375
908 -0.0126953125
909 -0.15234375
910 -0.025390625
911 0.0439453125
912 0.0166015625
913 -0.037109375
914 0.072265625
915 0.1298828125
916 0.083984375
917 -0.0107421875
918 0.0361328125
919 0.0888671875
920 0.037109375
921 -0.0908203125
922 0.0205078125
923 0.0849609375
924 0.044921875
925 -0.091796875
926 -0.0546875
927 0.009765625
928 -0.0185546875
929 -0.130859375
930 -0.046875
931 0.017578125
932 -0.0126953125
933 -0.1259765625
934 -0.0400390625
935 0.021484375
936 -0.0107421875
937 -0.150390625
938 -0.0244140625
939 0.0458984375
940 0.017578125
941 -0.03515625
942 0.072265625
943 0.1337890625
944 0.0830078125
945 -0.0087890625
946 0.0380859375
947 0.08984375
948 0.0390625
949 -0.08984375
950 0.0234375
951 0.0869140625
952 0.046875
953 -0.0908203125
954 -0.0498046875
955 0.013671875
956 -0.017578125
957 -0.1298828125
958 -0.0439453125
959 0.0185546875
960 -0.0126953125
961 -0.126953125
962 -0.0419921875
963 0.021484375
964 -0.0126953125
965 -0.1533203125
966 -0.02734375
967 0.044921875
968 0.0146484375
969 -0.0361328125
970 0.0712890625
971 0.1337890625
972 0.0830078125
973 -0.0087890625
974 0.0380859375
975 0.087890625
976 0.0400390625
977 -0.0908203125
978 0.021484375
979 0.0869140625
980 0.046875
981 -0.09375
982 -0.0517578125
983 0.015625
984 -0.0185546875
985 -0.1337890625
986 -0.046875
987 0.0234375
988 -0.0146484375
989 -0.12890625
990 -0.041015625
991 0.0263671875
992 -0.0126953125
993 -0.1552734375
994 -0.025390625
995 0.0498046875
996 0.015625
997 -0.0400390625
998 0.0732421875
999 0.1376953125
1000 0.083984375
1001 -0.009765625
1002 0.0400390625
1003 0.091796875
1004 0.0400390625
1005 -0.091796875
1006 0.025390625
1007 0.087890625
1008 0.0458984375
1009 -0.091796875
1010 -0.0537109375
1011 0.0126953125
1012 -0.0185546875
1013 -0.1337890625
1014 -0.0478515625
1015 0.0185546875
1016 -0.013671875
1017 -0.126953125
1018 -0.041015625
1019 0.0224609375
1020 -0.01171875
1021 -0.1552734375
1022 -0.02734375
1023 0.0458984375
1024 0.0166015625
1025 -0.041015625
1026 0.072265625
1027 0.13671875
1028 0.083984375
1029 -0.009765625
1030 0.0390625
1031 0.0927734375
1032 0.037109375
1033 -0.09375
1034 0.0224609375
1035 0.0869140625
1036 0.0458984375
1037 -0.09375
1038 -0.0537109375
1039 0.0146484375
1040 -0.0185546875
1041 -0.1337890625
1042 -0.046875
1043 0.021484375
1044 -0.0146484375
1045 -0.12890625
1046 -0.041015625
1047 0.0234375
1048 -0.0107421875
1049 -0.1533203125
1050 -0.0244140625
1051 0.0498046875
1052 0.0166015625
1053 -0.0390625
1054 0.072265625
1055 0.13671875
1056 0.083984375
1057 -0.0087890625
1058 0.0390625
1059 0.09375
1060 0.0380859375
1061 -0.0927734375
1062 0.0234375
1063 0.08984375
1064 0.044921875
1065 -0.0947265625
1066 -0.052734375
1067 0.0146484375
1068 -0.0185546875
1069 -0.1337890625
1070 -0.0458984375
1071 0.0205078125
1072 -0.013671875
1073 -0.1298828125
1074 -0.0419921875
1075 0.0234375
1076 -0.013671875
1077 -0.1552734375
1078 -0.0263671875
1079 0.0498046875
1080 0.015625
1081 -0.0400390625
1082 0.072265625
1083 0.13671875
1084 0.083984375
1085 -0.0107421875
1086 0.0390625
1087 0.0927734375
1088 0.0390625
1089 -0.0947265625
1090 0.0234375
1091 0.087890625
1092 0.044921875
1093 -0.0947265625
1094 -0.052734375
1095 0.0126953125
1096 -0.01953125
1097 -0.1337890625
1098 -0.046875
1099 0.021484375
1100 -0.0146484375
1101 -0.1298828125
1102 -0.0419921875
1103 0.0244140625
1104 -0.0126953125
1105 -0.154296875
1106 -0.0263671875
1107 0.0478515625
1108 0.0146484375
1109 -0.0400390625
1110 0.072265625
1111 0.1328125
1112 0.0830078125
1113 -0.0107421875
1114 0.037109375
1115 0.08984375
1116 0.0390625
1117 -0.09375
1118 0.0234375
1119 0.0869140625
1120 0.046875
1121 -0.095703125
1122 -0.0537109375
1123 0.0146484375
1124 -0.0185546875
1125 -0.134765625
1126 -0.046875
1127 0.021484375
1128 -0.013671875
1129 -0.1279296875
1130 -0.0419921875
1131 0.0234375
1132 -0.0126953125
1133 -0.158203125
1134 -0.02734375
1135 0.048828125
1136 0.015625
1137 -0.0439453125
1138 0.072265625
1139 0.1376953125
1140 0.0830078125
1141 -0.0107421875
1142 0.041015625
1143 0.095703125
1144 0.0380859375
1145 -0.0966796875
1146 0.0224609375
1147 0.091796875
1148 0.04296875
1149 -0.095703125
1150 -0.052734375
1151 0.017578125
1152 -0.0205078125
1153 -0.1357421875
1154 -0.0458984375
1155 0.0244140625
1156 -0.0146484375
1157 -0.130859375
1158 -0.041015625
1159 0.025390625
1160 -0.0126953125
1161 -0.1572265625
1162 -0.025390625
1163 0.0517578125
1164 0.0166015625
1165 -0.041015625
1166 0.0732421875
1167 0.1396484375
1168 0.0830078125
1169 -0.01171875
1170 0.0400390625
1171 0.0947265625
1172 0.0380859375
1173 -0.0927734375
1174 0.025390625
1175 0.0927734375
1176 0.0458984375
1177 -0.09375
1178 -0.05078125
1179 0.0185546875
1180 -0.0185546875
1181 -0.1337890625
1182 -0.0458984375
1183 0.0244140625
1184 -0.013671875
1185 -0.1298828125
1186 -0.0390625
1187 0.02734375
1188 -0.0126953125
1189 -0.1572265625
1190 -0.025390625
1191 0.0517578125
1192 0.013671875
1193 -0.041015625
1194 0.0732421875
1195 0.1396484375
1196 0.0830078125
1197 -0.0107421875
1198 0.0400390625
1199 0.0947265625
1200 0.0380859375
1201 -0.095703125
1202 0.0224609375
1203 0.0888671875
1204 0.0458984375
1205 -0.095703125
1206 -0.052734375
1207 0.015625
1208 -0.01953125
1209 -0.1357421875
1210 -0.044921875
1211 0.0234375
1212 -0.0126953125
1213 -0.130859375
1214 -0.0400390625
1215 0.029296875
1216 -0.0126953125
1217 -0.1572265625
1218 -0.02734375
1219 0.052734375
1220 0.013671875
1221 -0.0419921875
1222 0.07421875
1223 0.142578125
1224 0.08203125
1225 -0.0126953125
1226 0.0419921875
1227 0.0966796875
1228 0.0380859375
1229 -0.0966796875
1230 0.025390625
1231 0.0927734375
1232 0.044921875
1233 -0.095703125
1234 -0.0498046875
1235 0.01953125
1236 -0.0185546875
1237 -0.134765625
1238 -0.046875
1239 0.0234375
1240 -0.0146484375
1241 -0.1298828125
1242 -0.0400390625
1243 0.02734375
1244 -0.0126953125
1245 -0.158203125
1246 -0.02734375
1247 0.0517578125
1248 0.0146484375
1249 -0.0419921875
1250 0.072265625
1251 0.138671875
1252 0.0830078125
1253 -0.0126953125
1254 0.0400390625
1255 0.09375
1256 0.0361328125
1257 -0.09765625
1258 0.0234375
1259 0.0908203125
1260 0.04296875
1261 -0.0966796875
1262 -0.0537109375
1263 0.017578125
1264 -0.0205078125
1265 -0.13671875
1266 -0.0458984375
1267 0.025390625
1268 -0.0146484375
1269 -0.1298828125
1270 -0.041015625
1271 0.0263671875
1272 -0.013671875
1273 -0.15625
1274 -0.0244140625
1275 0.052734375
1276 0.0166015625
1277 -0.041015625
1278 0.0751953125
1279 0.138671875
1280 0.083984375
1281 -0.01171875
1282 0.0419921875
1283 0.0947265625
1284 0.0380859375
1285 -0.0947265625
1286 0.0244140625
1287 0.0908203125
1288 0.0458984375
1289 -0.091796875
1290 -0.0517578125
1291 0.015625
1292 -0.0185546875
1293 -0.1337890625
1294 -0.0458984375
1295 0.0224609375
1296 -0.01171875
1297 -0.130859375
1298 -0.0419921875
1299 0.025390625
1300 -0.0126953125
1301 -0.15625
1302 -0.025390625
1303 0.048828125
1304 0.0166015625
1305 -0.0400390625
1306 0.072265625
1307 0.13671875
1308 0.0830078125
1309 -0.009765625
1310 0.0390625
1311 0.09375
1312 0.037109375
1313 -0.0947265625
1314 0.0234375
1315 0.0888671875
1316 0.044921875
1317 -0.0947265625
1318 -0.052734375
1319 0.013671875
1320 -0.0185546875
1321 -0.1337890625
1322 -0.0458984375
1323 0.01953125
1324 -0.01171875
1325 -0.1279296875
1326 -0.0390625
1327 0.0234375
1328 -0.01171875
1329 -0.1552734375
1330 -0.0283203125
1331 0.046875
1332 0.015625
1333 -0.0380859375
1334 0.072265625
1335 0.134765625
1336 0.083984375
1337 -0.0087890625
1338 0.0380859375
1339 0.0908203125
1340 0.0400390625
1341 -0.09375
1342 0.0234375
1343 0.087890625
1344 0.0458984375
1345 -0.0966796875
1346 -0.052734375
1347 0.0146484375
1348 -0.0185546875
1349 -0.1337890625
1350 -0.0478515625
1351 0.0205078125
1352 -0.0146484375
1353 -0.1298828125
1354 -0.04296875
1355 0.0244140625
1356 -0.01171875
1357 -0.154296875
1358 -0.02734375
1359 0.046875
1360 0.0166015625
1361 -0.0400390625
1362 0.072265625
1363 0.1357421875
1364 0.0830078125
1365 -0.0107421875
1366 0.0400390625
1367 0.08984375
1368 0.0390625
1369 -0.0947265625
1370 0.0224609375
1371 0.087890625
1372 0.044921875
1373 -0.0947265625
1374 -0.0537109375
1375 0.015625
1376 -0.0185546875
1377 -0.1318359375
1378 -0.046875
1379 0.0224609375
1380 -0.0126953125
1381 -0.1279296875
1382 -0.041015625
1383 0.025390625
1384 -0.0107421875
1385 -0.1533203125
1386 -0.0234375
1387 0.0498046875
1388 0.0166015625
1389 -0.0380859375
1390 0.0751953125
1391 0.13671875
1392 0.0859375
1393 -0.0107421875
1394 0.041015625
1395 0.0927734375
1396 0.0390625
1397 -0.091796875
1398 0.0234375
1399 0.0888671875
1400 0.0458984375
1401 -0.091796875
1402 -0.05078125
1403 0.0146484375
1404 -0.0166015625
1405 -0.130859375
1406 -0.0458984375
1407 0.021484375
1408 -0.01171875
1409 -0.1279296875
1410 -0.0400390625
1411 0.0234375
1412 -0.0107421875
1413 -0.1533203125
1414 -0.025390625
1415 0.046875
1416 0.0166015625
1417 -0.0361328125
1418 0.0732421875
1419 0.1318359375
1420 0.0849609375
1421 -0.0078125
1422 0.0380859375
1423 0.08984375
1424 0.0400390625
1425 -0.0908203125
1426 0.0224609375
1427 0.087890625
1428 0.0478515625
1429 -0.091796875
1430 -0.052734375
1431 0.0126953125
1432 -0.017578125
1433 -0.130859375
1434 -0.044921875
1435 0.01953125
1436 -0.0126953125
1437 -0.123046875
1438 -0.037109375
1439 0.0234375
1440 -0.0087890625
1441 -0.126953125
1442 -0.0048828125
1443 0.0654296875
1444 0.0302734375
1445 -0.0791015625
1446 -0.03125
1447 0.029296875
1448 -0.0068359375
1449 -0.119140625
1450 -0.0419921875
1451 0.0263671875
1452 -0.0087890625
1453 -0.1298828125
1454 -0.044921875
1455 0.017578125
1456 -0.0126953125
1457 -0.1806640625
1458 -0.0849609375
1459 -0.015625
1460 -0.041015625
1461 -0.1962890625
1462 -0.060546875
1463 0.01953125
1464 -0.0029296875
1465 -0.0732421875
1466 0.0419921875
1467 0.109375
1468 0.064453125
1469 0.0048828125
1470 0.1103515625
1471 0.169921875
1472 0.1103515625
1473 0.01953125
1474 0.0615234375
1475 0.1123046875
1476 0.0556640625
1477 -0.0478515625
1478 0.0595703125
1479 0.1201171875
1480 0.0703125
1481 -0.0068359375
1482 0.0986328125
1483 0.154296875
1484 0.099609375
1485 -0.021484375
1486 0.0234375
1487 0.0751953125
1488 0.02734375
1489 -0.0751953125
1490 0.0341796875
1491 0.099609375
1492 0.0556640625
1493 -0.01171875
1494 0.0908203125
1495 0.1474609375
1496 0.0927734375
1497 -0.0166015625
1498 0.025390625
1499 0.0751953125
1500 0.0263671875
1501 -0.080078125
1502 -0.0048828125
1503 0.0517578125
1504 0.0107421875
1505 -0.0830078125
1506 0.0283203125
1507 0.09375
1508 0.048828125
1509 -0.0625
1510 0.0439453125
1511 0.1064453125
1512 0.0595703125
1513 -0.04296875
1514 0.0615234375
1515 0.1201171875
1516 0.0693359375
1517 0.001953125
1518 0.1015625
1519 0.154296875
1520 0.09765625
1521 0.009765625
1522 0.048828125
1523 0.1005859375
1524 0.0458984375
1525 -0.0458984375
1526 0.0576171875
1527 0.1171875
1528 0.06640625
1529 -0.044921875
1530 0.0595703125
1531 0.1171875
1532 0.0654296875
1533 -0.0947265625
1534 -0.05859375
1535 0.0048828125
1536 -0.0302734375
1537 -0.197265625
1538 -0.1103515625
1539 -0.033203125
1540 -0.0576171875
1541 -0.1650390625
1542 -0.037109375
1543 0.0361328125
1544 0.0029296875
1545 -0.0517578125
1546 0.0576171875
1547 0.1181640625
1548 0.0673828125
1549 0.005859375
1550 0.1064453125
1551 0.158203125
1552 0.1005859375
1553 -0.0166015625
1554 0.021484375
1555 0.0712890625
1556 0.0205078125
1557 -0.1064453125
1558 -0.0283203125
1559 0.03125
1560 -0.01171875
1561 -0.19140625
1562 -0.1259765625
1563 -0.0458984375
1564 -0.0673828125
1565 -0.1728515625
1566 -0.078125
1567 -0.009765625
1568 -0.041015625
1569 -0.2080078125
1570 -0.1279296875
1571 -0.048828125
1572 -0.0693359375
1573 -0.189453125
1574 -0.0556640625
1575 0.0224609375
1576 -0.0048828125
1577 -0.10546875
1578 -0.056640625
1579 0.0126953125
1580 -0.0234375
1581 -0.13671875
1582 -0.046875
1583 0.0185546875
1584 -0.01953125
1585 -0.130859375
1586 -0.0478515625
1587 0.0185546875
1588 -0.017578125
1589 -0.107421875
1590 0.01171875
1591 0.0791015625
1592 0.0380859375
1593 -0.0166015625
1594 0.091796875
1595 0.1533203125
1596 0.09375
1597 -0.0185546875
1598 0.0849609375
1599 0.142578125
1600 0.0859375
1601 -0.0185546875
1602 0.0849609375
1603 0.1435546875
1604 0.0859375
1605 0.0107421875
1606 0.111328125
1607 0.16796875
1608 0.1044921875
1609 0.0146484375
1610 0.056640625
1611 0.109375
1612 0.0478515625
1613 -0.0458984375
1614 0.060546875
1615 0.1220703125
1616 0.068359375
1617 -0.0458984375
1618 0.0595703125
1619 0.119140625
1620 0.06640625
1621 -0.0966796875
1622 -0.05859375
1623 0.001953125
1624 -0.029296875
1625 -0.1943359375
1626 -0.1103515625
1627 -0.033203125
1628 -0.0556640625
1629 -0.1640625
1630 -0.037109375
1631 0.0361328125
1632 0.00390625
1633 -0.0693359375
1634 0.04296875
1635 0.1064453125
1636 0.0576171875
1637 -0.00390625
1638 0.099609375
1639 0.154296875
1640 0.095703125
1641 -0.0205078125
1642 0.0166015625
1643 0.0693359375
1644 0.01953125
1645 -0.1103515625
1646 -0.0302734375
1647 0.02734375
1648 -0.0146484375
1649 -0.1962890625
1650 -0.12890625
1651 -0.048828125
1652 -0.0703125
1653 -0.17578125
1654 -0.0791015625
1655 -0.0068359375
1656 -0.04296875
1657 -0.2080078125
1658 -0.130859375
1659 -0.0498046875
1660 -0.0703125
1661 -0.193359375
1662 -0.0576171875
1663 0.0185546875
1664 -0.0078125
1665 -0.107421875
1666 -0.0546875
1667 0.013671875
1668 -0.0244140625
1669 -0.138671875
1670 -0.0478515625
1671 0.0166015625
1672 -0.021484375
1673 -0.1318359375
1674 -0.0478515625
1675 0.0205078125
1676 -0.0166015625
1677 -0.109375
1678 0.0087890625
1679 0.08203125
1680 0.0361328125
1681 -0.0146484375
1682 0.095703125
1683 0.154296875
1684 0.095703125
1685 0.041015625
1686 0.1416015625
1687 0.1953125
1688 0.12890625
1689 0.0673828125
1690 0.1630859375
1691 0.21484375
1692 0.14453125
1693 0.0380859375
1694 0.1318359375
1695 0.181640625
1696 0.115234375
1697 0.009765625
1698 0.10546875
1699 0.1591796875
1700 0.09765625
1701 0.01953125
1702 0.1171875
1703 0.169921875
1704 0.10546875
1705 0.013671875
1706 0.0556640625
1707 0.103515625
1708 0.046875
1709 -0.0458984375
1710 0.0576171875
1711 0.1162109375
1712 0.0634765625
1713 0.0087890625
1714 0.109375
1715 0.1640625
1716 0.099609375
1717 0.0380859375
1718 0.1337890625
1719 0.189453125
1720 0.1171875
1721 0.013671875
1722 0.107421875
1723 0.16015625
1724 0.091796875
1725 -0.06640625
1726 -0.033203125
1727 0.025390625
1728 -0.0234375
1729 -0.189453125
1730 -0.103515625
1731 -0.029296875
1732 -0.0634765625
1733 -0.17578125
1734 -0.044921875
1735 0.02734375
1736 -0.01171875
1737 -0.076171875
1738 0.041015625
1739 0.10546875
1740 0.0458984375
1741 -0.0205078125
1742 0.0869140625
1743 0.146484375
1744 0.0791015625
1745 -0.041015625
1746 -0.0009765625
1747 0.0556640625
1748 -0.001953125
1749 -0.1298828125
1750 -0.0478515625
1751 0.013671875
1752 -0.03125
1753 -0.2158203125
1754 -0.1435546875
1755 -0.0615234375
1756 -0.087890625
1757 -0.1962890625
1758 -0.095703125
1759 -0.0244140625
1760 -0.0576171875
1761 -0.2255859375
1762 -0.1474609375
1763 -0.0634765625
1764 -0.0869140625
1765 -0.208984375
1766 -0.072265625
1767 0.0068359375
1768 -0.0234375
1769 -0.1240234375
1770 -0.0703125
1771 0.0
1772 -0.0390625
1773 -0.1640625
1774 -0.0712890625
1775 -0.0029296875
1776 -0.0400390625
1777 -0.16796875
1778 -0.0791015625
1779 -0.0078125
1780 -0.0439453125
1781 -0.1455078125
1782 -0.0166015625
1783 0.0546875
1784 0.013671875
1785 -0.037109375
1786 0.0751953125
1787 0.1396484375
1788 0.0791015625
1789 0.0166015625
1790 0.1201171875
1791 0.1796875
1792 0.1123046875
1793 0.04296875
1794 0.142578125
1795 0.1982421875
1796 0.1259765625
1797 0.0576171875
1798 0.154296875
1799 0.20703125
1800 0.1328125
1801 0.0654296875
1802 0.1611328125
1803 0.2138671875
1804 0.1357421875
1805 0.021484375
1806 0.119140625
1807 0.1708984375
1808 0.1005859375
1809 -0.013671875
1810 0.0869140625
1811 0.14453125
1812 0.0771484375
1813 -0.0009765625
1814 0.099609375
1815 0.154296875
1816 0.0859375
1817 -0.005859375
1818 0.0361328125
1819 0.08984375
1820 0.025390625
1821 -0.0673828125
1822 0.0400390625
1823 0.1025390625
1824 0.044921875
1825 -0.01953125
1826 0.0859375
1827 0.142578125
1828 0.0771484375
1829 0.0146484375
1830 0.1123046875
1831 0.1669921875
1832 0.09765625
1833 -0.0107421875
1834 0.0888671875
1835 0.142578125
1836 0.0751953125
1837 -0.0888671875
1838 -0.0537109375
1839 0.0068359375
1840 -0.0419921875
1841 -0.2099609375
1842 -0.126953125
1843 -0.0498046875
1844 -0.08203125
1845 -0.193359375
1846 -0.0615234375
1847 0.013671875
1848 -0.0263671875
1849 -0.087890625
1850 0.025390625
1851 0.0888671875
1852 0.037109375
1853 -0.0302734375
1854 0.0732421875
1855 0.1298828125
1856 0.0673828125
1857 -0.0517578125
1858 -0.013671875
1859 0.04296875
1860 -0.01171875
1861 -0.140625
1862 -0.05859375
1863 0.0009765625
1864 -0.0419921875
1865 -0.2255859375
1866 -0.1572265625
1867 -0.0751953125
1868 -0.0986328125
1869 -0.205078125
1870 -0.1064453125
1871 -0.03515625
1872 -0.0703125
1873 -0.2373046875
1874 -0.15625
1875 -0.0751953125
1876 -0.0966796875
1877 -0.2197265625
1878 -0.083984375
1879 -0.005859375
1880 -0.0341796875
1881 -0.134765625
1882 -0.083984375
1883 -0.0146484375
1884 -0.048828125
1885 -0.203125
1886 -0.109375
1887 -0.0400390625
1888 -0.06640625
1889 -0.2099609375
1890 -0.1171875
1891 -0.044921875
1892 -0.0673828125
1893 -0.1650390625
1894 -0.0380859375
1895 0.0361328125
1896 0.0
1897 -0.046875
1898 0.0634765625
1899 0.1240234375
1900 0.068359375
1901 0.0068359375
1902 0.1064453125
1903 0.1630859375
1904 0.099609375
1905 0.03515625
1906 0.1298828125
1907 0.1845703125
1908 0.1162109375
1909 0.044921875
1910 0.1396484375
1911 0.1904296875
1912 0.12109375
1913 0.056640625
1914 0.1484375
1915 0.1982421875
1916 0.12890625
1917 0.01953125
1918 0.1103515625
1919 0.16015625
1920 0.095703125
1921 -0.0146484375
1922 0.08203125
1923 0.134765625
1924 0.07421875
1925 -0.0048828125
1926 0.08984375
1927 0.140625
1928 0.0810546875
1929 -0.0087890625
1930 0.02734375
1931 0.0751953125
1932 0.0224609375
1933 -0.06640625
1934 0.033203125
1935 0.087890625
1936 0.041015625
1937 -0.015625
1938 0.08203125
1939 0.134765625
1940 0.0771484375
1941 0.0185546875
1942 0.1103515625
1943 0.16015625
1944 0.0966796875
1945 -0.0068359375
1946 0.083984375
1947 0.1337890625
1948 0.072265625
1949 -0.0830078125
1950 -0.0517578125
1951 0.001953125
1952 -0.0400390625
1953 -0.1982421875
1954 -0.1201171875
1955 -0.048828125
1956 -0.078125
1957 -0.185546875
1958 -0.0625
1959 0.005859375
1960 -0.0263671875
1961 -0.0859375
1962 0.0224609375
1963 0.0810546875
1964 0.0341796875
1965 -0.029296875
1966 0.0693359375
1967 0.123046875
1968 0.064453125
1969 -0.0537109375
1970 -0.0166015625
1971 0.033203125
1972 -0.0146484375
1973 -0.142578125
1974 -0.0634765625
1975 -0.005859375
1976 -0.0458984375
1977 -0.2275390625
1978 -0.162109375
1979 -0.0830078125
1980 -0.1015625
1981 -0.20703125
1982 -0.111328125
1983 -0.0439453125
1984 -0.0732421875
1985 -0.2392578125
1986 -0.1611328125
1987 -0.0830078125
1988 -0.0986328125
1989 -0.2177734375
1990 -0.0859375
1991 -0.009765625
1992 -0.0361328125
1993 -0.13671875
1994 -0.0869140625
1995 -0.01953125
1996 -0.0517578125
1997 -0.169921875
1998 -0.0830078125
1999 -0.0205078125
2000 -0.0517578125
2001 -0.1689453125
2002 -0.0869140625
2003 -0.021484375
2004 -0.0498046875
2005 -0.14453125
2006 -0.0224609375
2007 0.04296875
2008 0.0078125
2009 -0.0400390625
2010 0.0654296875
2011 0.1240234375
2012 0.0703125
2013 0.0107421875
2014 0.107421875
2015 0.1611328125
2016 0.099609375
2017 0.03125
2018 0.1259765625
2019 0.1787109375
2020 0.1103515625
2021 0.037109375
2022 0.12890625
2023 0.1796875
2024 0.111328125
2025 0.0478515625
2026 0.140625
2027 0.1923828125
2028 0.119140625
2029 0.01171875
2030 0.1044921875
2031 0.1533203125
2032 0.0888671875
2033 -0.0224609375
2034 0.076171875
2035 0.126953125
2036 0.0673828125
2037 -0.0126953125
2038 0.0869140625
2039 0.13671875
2040 0.07421875
2041 -0.03125
2042 0.0068359375
2043 0.05859375
2044 0.0048828125
2045 -0.0859375
2046 0.0205078125
2047 0.0810546875
2048 0.029296875
2049 -0.0283203125
2050 0.0732421875
2051 0.1298828125
2052 0.0673828125
2053 0.0087890625
2054 0.1044921875
2055 0.1572265625
2056 0.08984375
2057 -0.0166015625
2058 0.080078125
2059 0.130859375
2060 0.06640625
2061 -0.09375
2062 -0.0595703125
2063 -0.0029296875
2064 -0.046875
2065 -0.2138671875
2066 -0.1318359375
2067 -0.0576171875
2068 -0.087890625
2069 -0.1953125
2070 -0.0703125
2071 0.0009765625
2072 -0.033203125
2073 -0.10546875
2074 0.005859375
2075 0.068359375
2076 0.021484375
2077 -0.0400390625
2078 0.0625
2079 0.1181640625
2080 0.0615234375
2081 -0.0595703125
2082 -0.021484375
2083 0.0302734375
2084 -0.0185546875
2085 -0.1474609375
2086 -0.0673828125
2087 -0.0087890625
2088 -0.048828125
2089 -0.2314453125
2090 -0.1650390625
2091 -0.083984375
2092 -0.10546875
2093 -0.208984375
2094 -0.1142578125
2095 -0.0458984375
2096 -0.076171875
2097 -0.2421875
2098 -0.1640625
2099 -0.083984375
2100 -0.1025390625
2101 -0.2255859375
2102 -0.087890625
2103 -0.01171875
2104 -0.0400390625
2105 -0.140625
2106 -0.087890625
2107 -0.0205078125
2108 -0.0556640625
2109 -0.216796875
2110 -0.12109375
2111 -0.05078125
2112 -0.078125
2113 -0.2294921875
2114 -0.13671875
2115 -0.0576171875
2116 -0.08203125
2117 -0.169921875
2118 -0.04296875
2119 0.0283203125
2120 -0.005859375
2121 -0.0537109375
2122 0.056640625
2123 0.119140625
2124 0.0634765625
2125 0.0009765625
2126 0.103515625
2127 0.16015625
2128 0.0986328125
2129 0.0224609375
2130 0.1181640625
2131 0.1708984375
2132 0.1064453125
2133 0.0380859375
2134 0.130859375
2135 0.1796875
2136 0.115234375
2137 0.05078125
2138 0.1416015625
2139 0.1904296875
2140 0.12109375
2141 0.01171875
2142 0.1044921875
2143 0.154296875
2144 0.08984375
2145 -0.025390625
2146 0.07421875
2147 0.1279296875
2148 0.0654296875
2149 -0.0126953125
2150 0.087890625
2151 0.1376953125
2152 0.07421875
2153 -0.017578125
2154 0.0224609375
2155 0.07421875
2156 0.0146484375
2157 -0.0732421875
2158 0.03125
2159 0.0927734375
2160 0.037109375
2161 -0.0302734375
2162 0.072265625
2163 0.1298828125
2164 0.06640625
2165 0.0048828125
2166 0.1044921875
2167 0.1591796875
2168 0.0888671875
2169 -0.017578125
2170 0.0810546875
2171 0.1357421875
2172 0.068359375
2173 -0.091796875
2174 -0.0546875
2175 0.0048828125
2176 -0.0439453125
2177 -0.205078125
2178 -0.1220703125
2179 -0.0478515625
2180 -0.083984375
2181 -0.1923828125
2182 -0.06640625
2183 0.0087890625
2184 -0.0302734375
2185 -0.091796875
2186 0.021484375
2187 0.0830078125
2188 0.029296875
2189 -0.0361328125
2190 0.06640625
2191 0.1220703125
2192 0.0625
2193 -0.060546875
2194 -0.021484375
2195 0.029296875
2196 -0.01953125
2197 -0.1455078125
2198 -0.06640625
2199 -0.0107421875
2200 -0.0498046875
2201 -0.228515625
2202 -0.1650390625
2203 -0.087890625
2204 -0.10546875
2205 -0.2080078125
2206 -0.1142578125
2207 -0.0458984375
2208 -0.0751953125
2209 -0.2412109375
2210 -0.1630859375
2211 -0.0849609375
2212 -0.1025390625
2213 -0.22265625
2214 -0.0888671875
2215 -0.0146484375
2216 -0.0400390625
2217 -0.138671875
2218 -0.0888671875
2219 -0.0224609375
2220 -0.0556640625
2221 -0.1767578125
2222 -0.0888671875
2223 -0.0244140625
2224 -0.056640625
2225 -0.1787109375
2226 -0.0927734375
2227 -0.025390625
2228 -0.056640625
2229 -0.1494140625
2230 -0.0263671875
2231 0.0458984375
2232 0.001953125
2233 -0.046875
2234 0.064453125
2235 0.1279296875
2236 0.0654296875
2237 0.00390625
2238 0.107421875
2239 0.16796875
2240 0.09765625
2241 0.02734375
2242 0.126953125
2243 0.1826171875
2244 0.1083984375
2245 0.0361328125
2246 0.1328125
2247 0.1865234375
2248 0.1142578125
2249 0.046875
2250 0.142578125
2251 0.1962890625
2252 0.1181640625
2253 0.0087890625
2254 0.103515625
2255 0.15625
2256 0.0869140625
2257 -0.029296875
2258 0.0732421875
2259 0.126953125
2260 0.0625
2261 -0.017578125
2262 0.083984375
2263 0.1357421875
2264 0.072265625
2265 -0.03515625
2266 0.005859375
2267 0.0576171875
2268 0.0009765625
2269 -0.0908203125
2270 0.0185546875
2271 0.0830078125
2272 0.025390625
2273 -0.033203125
2274 0.0712890625
2275 0.1328125
2276 0.0654296875
2277 0.00390625
2278 0.1025390625
2279 0.16015625
2280 0.0888671875
2281 -0.01953125
2282 0.0791015625
2283 0.1328125
2284 0.0654296875
2285 -0.095703125
2286 -0.0576171875
2287 -0.0009765625
2288 -0.0478515625
2289 -0.216796875
2290 -0.1328125
2291 -0.0556640625
2292 -0.0888671875
2293 -0.2021484375
2294 -0.0712890625
2295 0.0048828125
2296 -0.0341796875
2297 -0.1103515625
2298 0.005859375
2299 0.0732421875
2300 0.0185546875
2301 -0.044921875
2302 0.0634765625
2303 0.1220703125
2304 0.0576171875
2305 -0.0634765625
2306 -0.021484375
2307 0.033203125
2308 -0.0205078125
2309 -0.1533203125
2310 -0.06640625
2311 -0.00390625
2312 -0.052734375
2313 -0.234375
2314 -0.1650390625
2315 -0.08203125
2316 -0.107421875
2317 -0.21484375
2318 -0.11328125
2319 -0.0390625
2320 -0.0791015625
2321 -0.2451171875
2322 -0.1640625
2323 -0.080078125
2324 -0.10546875
2325 -0.2275390625
2326 -0.0888671875
2327 -0.009765625
2328 -0.0400390625
2329 -0.142578125
2330 -0.0888671875
2331 -0.0185546875
2332 -0.05859375
2333 -0.22265625
2334 -0.125
2335 -0.048828125
2336 -0.0810546875
2337 -0.2333984375
2338 -0.13671875
2339 -0.0556640625
2340 -0.0849609375
2341 -0.173828125
2342 -0.0419921875
2343 0.0322265625
2344 -0.0068359375
2345 -0.056640625
2346 0.0576171875
2347 0.12109375
2348 0.0625
2349 -0.0009765625
2350 0.1015625
2351 0.162109375
2352 0.0966796875
2353 0.0166015625
2354 0.1181640625
2355 0.173828125
2356 0.1064453125
2357 0.03125
2358 0.1279296875
2359 0.181640625
2360 0.111328125
2361 0.044921875
2362 0.140625
2363 0.193359375
2364 0.1181640625
2365 0.0087890625
2366 0.103515625
2367 0.1552734375
2368 0.087890625
2369 -0.0263671875
2370 0.0732421875
2371 0.126953125
2372 0.0654296875
2373 -0.0166015625
2374 0.0849609375
2375 0.13671875
2376 0.07421875
2377 -0.021484375
2378 0.0234375
2379 0.0732421875
2380 0.015625
2381 -0.0771484375
2382 0.0283203125
2383 0.091796875
2384 0.03515625
2385 -0.0302734375
2386 0.0712890625
2387 0.130859375
2388 0.0654296875
2389 0.0048828125
2390 0.103515625
2391 0.158203125
2392 0.0888671875
2393 -0.015625
2394 0.080078125
2395 0.130859375
2396 0.0673828125
2397 -0.0869140625
2398 -0.0517578125
2399 0.0048828125
2400 -0.0419921875
2401 -0.2021484375
2402 -0.119140625
2403 -0.0458984375
2404 -0.0810546875
2405 -0.193359375
2406 -0.0654296875
2407 0.005859375
2408 -0.03125
2409 -0.0927734375
2410 0.01953125
2411 0.08203125
2412 0.02734375
2413 -0.037109375
2414 0.064453125
2415 0.123046875
2416 0.060546875
2417 -0.0625
2418 -0.0234375
2419 0.03125
2420 -0.0205078125
2421 -0.1494140625
2422 -0.06640625
2423 -0.009765625
2424 -0.05078125
2425 -0.232421875
2426 -0.166015625
2427 -0.0849609375
2428 -0.1064453125
2429 -0.2119140625
2430 -0.1142578125
2431 -0.04296875
2432 -0.0771484375
2433 -0.2421875
2434 -0.1650390625
2435 -0.083984375
2436 -0.1025390625
2437 -0.22265625
2438 -0.08984375
2439 -0.0126953125
2440 -0.0400390625
2441 -0.1396484375
2442 -0.0888671875
2443 -0.0234375
2444 -0.0546875
2445 -0.177734375
2446 -0.087890625
2447 -0.0234375
2448 -0.0556640625
2449 -0.1806640625
2450 -0.09375
2451 -0.0244140625
2452 -0.056640625
2453 -0.1494140625
2454 -0.0283203125
2455 0.0439453125
2456 0.0029296875
2457 -0.046875
2458 0.0615234375
2459 0.125
2460 0.0654296875
2461 0.0068359375
2462 0.10546875
2463 0.1630859375
2464 0.09765625
2465 0.0283203125
2466 0.1240234375
2467 0.1787109375
2468 0.109375
2469 0.0380859375
2470 0.1337890625
2471 0.1845703125
2472 0.1142578125
2473 0.046875
2474 0.140625
2475 0.1923828125
2476 0.1181640625
2477 0.0087890625
2478 0.1015625
2479 0.1533203125
2480 0.0849609375
2481 -0.0263671875
2482 0.0703125
2483 0.125
2484 0.0615234375
2485 -0.015625
2486 0.08203125
2487 0.134765625
2488 0.0712890625
2489 -0.03515625
2490 0.005859375
2491 0.0556640625
2492 0.0029296875
2493 -0.0869140625
2494 0.0185546875
2495 0.078125
2496 0.02734375
2497 -0.0283203125
2498 0.0693359375
2499 0.125
2500 0.0654296875
2501 0.0087890625
2502 0.1015625
2503 0.150390625
2504 0.0888671875
2505 -0.015625
2506 0.076171875
2507 0.1240234375
2508 0.0654296875
2509 -0.091796875
2510 -0.05859375
2511 -0.005859375
2512 -0.044921875
2513 -0.2099609375
2514 -0.1279296875
2515 -0.0595703125
2516 -0.083984375
2517 -0.1923828125
2518 -0.068359375
2519 0.0009765625
2520 -0.0322265625
2521 -0.08984375
2522 0.017578125
2523 0.080078125
2524 0.029296875
2525 -0.033203125
2526 0.0673828125
2527 0.1201171875
2528 0.0615234375
2529 -0.060546875
2530 -0.0244140625
2531 0.0263671875
2532 -0.01953125
2533 -0.1611328125
2534 -0.0791015625
2535 -0.0205078125
2536 -0.0595703125
2537 -0.240234375
2538 -0.1728515625
2539 -0.091796875
2540 -0.111328125
2541 -0.216796875
2542 -0.1220703125
2543 -0.0517578125
2544 -0.08203125
2545 -0.2578125
2546 -0.1787109375
2547 -0.095703125
2548 -0.1123046875
2549 -0.2607421875
2550 -0.1201171875
2551 -0.037109375
2552 -0.0576171875
2553 -0.1337890625
2554 -0.015625
2555 0.052734375
2556 0.0107421875
2557 -0.12109375
2558 -0.080078125
2559 -0.017578125
2560 -0.0498046875
2561 -0.1708984375
2562 -0.0830078125
2563 -0.017578125
2564 -0.05078125
2565 -0.15625
2566 -0.0712890625
2567 -0.0078125
2568 -0.04296875
2569 -0.16015625
2570 -0.0380859375
2571 0.03125
2572 -0.005859375
2573 -0.0908203125
2574 0.01953125
2575 0.08203125
2576 0.037109375
2577 -0.025390625
2578 0.076171875
2579 0.134765625
2580 0.0771484375
2581 -0.0185546875
2582 0.0283203125
2583 0.0771484375
2584 0.0224609375
2585 -0.109375
2586 0.0029296875
2587 0.0654296875
2588 0.021484375
2589 -0.1181640625
2590 -0.078125
2591 -0.013671875
2592 -0.044921875
2593 -0.1611328125
2594 -0.076171875
2595 -0.0078125
2596 -0.0458984375
2597 -0.16015625
2598 -0.0732421875
2599 -0.0087890625
2600 -0.0439453125
2601 -0.1865234375
2602 -0.056640625
2603 0.0166015625
2604 -0.0126953125
2605 -0.0703125
2606 0.041015625
2607 0.103515625
2608 0.0517578125
2609 -0.041015625
2610 0.0078125
2611 0.060546875
2612 0.0087890625
2613 -0.1220703125
2614 -0.005859375
2615 0.0576171875
2616 0.015625
2617 -0.12109375
2618 -0.0810546875
2619 -0.013671875
2620 -0.046875
2621 -0.1611328125
2622 -0.0732421875
2623 -0.0087890625
2624 -0.041015625
2625 -0.15625
2626 -0.0673828125
2627 -0.00390625
2628 -0.0380859375
2629 -0.1796875
2630 -0.05078125
2631 0.0224609375
2632 -0.009765625
2633 -0.0654296875
2634 0.046875
2635 0.109375
2636 0.0576171875
2637 -0.03515625
2638 0.013671875
2639 0.06640625
2640 0.013671875
2641 -0.115234375
2642 0.0
2643 0.064453125
2644 0.021484375
2645 -0.1181640625
2646 -0.0771484375
2647 -0.009765625
2648 -0.0419921875
2649 -0.158203125
2650 -0.0693359375
2651 -0.001953125
2652 -0.0361328125
2653 -0.15234375
2654 -0.0625
2655 0.0009765625
2656 -0.03515625
2657 -0.1787109375
2658 -0.0478515625
2659 0.0283203125
2660 -0.0078125
2661 -0.0625
2662 0.05078125
2663 0.115234375
2664 0.0615234375
2665 -0.03125
2666 0.017578125
2667 0.0712890625
2668 0.0185546875
2669 -0.115234375
2670 0.00390625
2671 0.068359375
2672 0.0244140625
2673 -0.1171875
2674 -0.0732421875
2675 -0.005859375
2676 -0.0380859375
2677 -0.154296875
2678 -0.06640625
2679 0.0029296875
2680 -0.0341796875
2681 -0.1484375
2682 -0.0595703125
2683 0.0048828125
2684 -0.0322265625
2685 -0.1728515625
2686 -0.0439453125
2687 0.03125
2688 -0.0009765625
2689 -0.056640625
2690 0.0537109375
2691 0.1162109375
2692 0.0654296875
2693 -0.02734375
2694 0.0205078125
2695 0.0732421875
2696 0.0205078125
2697 -0.109375
2698 0.0078125
2699 0.072265625
2700 0.029296875
2701 -0.1103515625
2702 -0.068359375
2703 -0.001953125
2704 -0.0361328125
2705 -0.1484375
2706 -0.0634765625
2707 0.0068359375
2708 -0.029296875
2709 -0.14453125
2710 -0.05859375
2711 0.0107421875
2712 -0.029296875
2713 -0.1708984375
2714 -0.041015625
2715 0.033203125
2716 0.0009765625
2717 -0.056640625
2718 0.056640625
2719 0.1201171875
2720 0.068359375
2721 -0.025390625
2722 0.025390625
2723 0.080078125
2724 0.0224609375
2725 -0.107421875
2726 0.0087890625
2727 0.07421875
2728 0.0302734375
2729 -0.1083984375
2730 -0.068359375
2731 0.0029296875
2732 -0.033203125
2733 -0.1484375
2734 -0.0595703125
2735 0.0087890625
2736 -0.0283203125
2737 -0.14453125
2738 -0.0556640625
2739 0.0107421875
2740 -0.02734375
2741 -0.169921875
2742 -0.0400390625
2743 0.0322265625
2744 0.001953125
2745 -0.0537109375
2746 0.0595703125
2747 0.12109375
2748 0.0712890625
2749 -0.0224609375
2750 0.0263671875
2751 0.076171875
2752 0.025390625
2753 -0.1044921875
2754 0.01171875
2755 0.076171875
2756 0.0341796875
2757 -0.10546875
2758 -0.06640625
2759 0.0009765625
2760 -0.0302734375
2761 -0.1455078125
2762 -0.05859375
2763 0.0087890625
2764 -0.025390625
2765 -0.140625
2766 -0.0537109375
2767 0.0107421875
2768 -0.0224609375
2769 -0.1689453125
2770 -0.0380859375
2771 0.037109375
2772 0.0048828125
2773 -0.0537109375
2774 0.060546875
2775 0.126953125
2776 0.0693359375
2777 -0.0234375
2778 0.0283203125
2779 0.0869140625
2780 0.02734375
2781 -0.107421875
2782 0.0126953125
2783 0.0830078125
2784 0.0341796875
2785 -0.107421875
2786 -0.0615234375
2787 0.009765625
2788 -0.029296875
2789 -0.1484375
2790 -0.0556640625
2791 0.013671875
2792 -0.0244140625
2793 -0.1416015625
2794 -0.0498046875
2795 0.01953125
2796 -0.0234375
2797 -0.1650390625
2798 -0.0341796875
2799 0.0439453125
2800 0.005859375
2801 -0.0537109375
2802 0.064453125
2803 0.1318359375
2804 0.0732421875
2805 -0.021484375
2806 0.0302734375
2807 0.0849609375
2808 0.029296875
2809 -0.103515625
2810 0.017578125
2811 0.0830078125
2812 0.037109375
2813 -0.1015625
2814 -0.0576171875
2815 0.0126953125
2816 -0.0263671875
2817 -0.1435546875
2818 -0.0537109375
2819 0.0185546875
2820 -0.0224609375
2821 -0.1396484375
2822 -0.048828125
2823 0.021484375
2824 -0.0205078125
2825 -0.1650390625
2826 -0.033203125
2827 0.044921875
2828 0.005859375
2829 -0.052734375
2830 0.064453125
2831 0.1328125
2832 0.07421875
2833 -0.021484375
2834 0.03125
2835 0.0888671875
2836 0.029296875
2837 -0.1044921875
2838 0.017578125
2839 0.083984375
2840 0.0361328125
2841 -0.1025390625
2842 -0.060546875
2843 0.0087890625
2844 -0.02734375
2845 -0.140625
2846 -0.052734375
2847 0.0166015625
2848 -0.0205078125
2849 -0.13671875
2850 -0.0458984375
2851 0.0205078125
2852 -0.01953125
2853 -0.1640625
2854 -0.0302734375
2855 0.0439453125
2856 0.0078125
2857 -0.0478515625
2858 0.06640625
2859 0.1298828125
2860 0.0771484375
2861 -0.0185546875
2862 0.0341796875
2863 0.0869140625
2864 0.0322265625
2865 -0.1025390625
2866 0.017578125
2867 0.083984375
2868 0.0380859375
2869 -0.0986328125
2870 -0.0576171875
2871 0.0126953125
2872 -0.0244140625
2873 -0.1396484375
2874 -0.05078125
2875 0.015625
2876 -0.0205078125
2877 -0.1357421875
2878 -0.0458984375
2879 0.017578125
2880 -0.0185546875
2881 -0.162109375
2882 -0.03125
2883 0.04296875
2884 0.0087890625
2885 -0.0478515625
2886 0.06640625
2887 0.1298828125
2888 0.0751953125
2889 -0.0166015625
2890 0.033203125
2891 0.0859375
2892 0.033203125
2893 -0.099609375
2894 0.015625
2895 0.0830078125
2896 0.0390625
2897 -0.1015625
2898 -0.0576171875
2899 0.009765625
2900 -0.0244140625
2901 -0.140625
2902 -0.052734375
2903 0.015625
2904 -0.0185546875
2905 -0.1337890625
2906 -0.0458984375
2907 0.01953125
2908 -0.0166015625
2909 -0.1591796875
2910 -0.03125
2911 0.04296875
2912 0.009765625
2913 -0.0439453125
2914 0.06640625
2915 0.130859375
2916 0.0791015625
2917 -0.0146484375
2918 0.0341796875
2919 0.0869140625
2920 0.03515625
2921 -0.0986328125
2922 0.0205078125
2923 0.0849609375
2924 0.0419921875
2925 -0.0986328125
2926 -0.0556640625
2927 0.0107421875
2928 -0.0224609375
2929 -0.1376953125
2930 -0.05078125
2931 0.017578125
2932 -0.0205078125
2933 -0.134765625
2934 -0.046875
2935 0.01953125
2936 -0.0185546875
2937 -0.162109375
2938 -0.033203125
2939 0.0439453125
2940 0.009765625
2941 -0.0439453125
2942 0.068359375
2943 0.1318359375
2944 0.078125
2945 -0.0166015625
2946 0.03515625
2947 0.08984375
2948 0.0341796875
2949 -0.099609375
2950 0.01953125
2951 0.0849609375
2952 0.0419921875
2953 -0.0986328125
2954 -0.0576171875
2955 0.0107421875
2956 -0.0234375
2957 -0.13671875
2958 -0.0498046875
2959 0.017578125
2960 -0.0185546875
2961 -0.1337890625
2962 -0.044921875
2963 0.021484375
2964 -0.015625
2965 -0.158203125
2966 -0.0283203125
2967 0.0439453125
2968 0.013671875
2969 -0.0439453125
2970 0.0693359375
2971 0.1328125
2972 0.080078125
2973 -0.0146484375
2974 0.0361328125
2975 0.0888671875
2976 0.03515625
2977 -0.0986328125
2978 0.0205078125
2979 0.0859375
2980 0.04296875
2981 -0.09765625
2982 -0.0576171875
2983 0.0107421875
2984 -0.0234375
2985 -0.134765625
2986 -0.05078125
2987 0.0185546875
2988 -0.0166015625
2989 -0.1318359375
2990 -0.0439453125
2991 0.017578125
2992 -0.015625
2993 -0.1591796875
2994 -0.029296875
2995 0.04296875
2996 0.013671875
2997 -0.044921875
2998 0.068359375
2999 0.1318359375
3000 0.080078125
3001 -0.0126953125
3002 0.03515625
3003 0.08984375
3004 0.03515625
3005 -0.09765625
3006 0.01953125
3007 0.0849609375
3008 0.041015625
3009 -0.095703125
3010 -0.056640625
3011 0.0146484375
3012 -0.0205078125
3013 -0.13671875
3014 -0.048828125
3015 0.01953125
3016 -0.015625
3017 -0.1318359375
3018 -0.041015625
3019 0.021484375
3020 -0.013671875
3021 -0.1533203125
3022 -0.02734375
3023 0.046875
3024 0.015625
3025 -0.041015625
3026 0.0703125
3027 0.130859375
3028 0.08203125
3029 -0.0107421875
3030 0.0341796875
3031 0.0859375
3032 0.0380859375
3033 -0.0908203125
3034 0.0224609375
3035 0.0830078125
3036 0.044921875
3037 -0.09375
3038 -0.0517578125
3039 0.0126953125
3040 -0.0185546875
3041 -0.1328125
3042 -0.0458984375
3043 0.0185546875
3044 -0.0146484375
3045 -0.126953125
3046 -0.0419921875
3047 0.01953125
3048 -0.013671875
3049 -0.1513671875
3050 -0.02734375
3051 0.0439453125
3052 0.015625
3053 -0.0390625
3054 0.0693359375
3055 0.1328125
3056 0.0830078125
3057 -0.01171875
3058 0.0361328125
3059 0.0869140625
3060 0.0361328125
3061 -0.0927734375
3062 0.0234375
3063 0.0849609375
3064 0.044921875
3065 -0.0947265625
3066 -0.0537109375
3067 0.0126953125
3068 -0.0205078125
3069 -0.1318359375
3070 -0.0478515625
3071 0.017578125
3072 -0.0146484375
3073 -0.12890625
3074 -0.0419921875
3075 0.021484375
3076 -0.0146484375
3077 -0.15234375
3078 -0.02734375
3079 0.0458984375
3080 0.0146484375
3081 -0.041015625
3082 0.0693359375
3083 0.1298828125
3084 0.08203125
3085 -0.0107421875
3086 0.0361328125
3087 0.0869140625
3088 0.0390625
3089 -0.091796875
3090 0.0234375
3091 0.0849609375
3092 0.044921875
3093 -0.09375
3094 -0.052734375
3095 0.0126953125
3096 -0.01953125
3097 -0.1337890625
3098 -0.0478515625
3099 0.01953125
3100 -0.015625
3101 -0.1298828125
3102 -0.0419921875
3103 0.0205078125
3104 -0.013671875
3105 -0.1552734375
3106 -0.025390625
3107 0.0458984375
3108 0.0146484375
3109 -0.041015625
3110 0.072265625
3111 0.1318359375
3112 0.0810546875
3113 -0.01171875
3114 0.037109375
3115 0.0888671875
3116 0.0361328125
3117 -0.09375
3118 0.0205078125
3119 0.0869140625
3120 0.0439453125
3121 -0.0947265625
3122 -0.056640625
3123 0.0107421875
3124 -0.0205078125
3125 -0.134765625
3126 -0.0498046875
3127 0.015625
3128 -0.017578125
3129 -0.1318359375
3130 -0.04296875
3131 0.0224609375
3132 -0.013671875
3133 -0.1552734375
3134 -0.025390625
3135 0.0498046875
3136 0.015625
3137 -0.0439453125
3138 0.0712890625
3139 0.13671875
3140 0.080078125
3141 -0.013671875
3142 0.0380859375
3143 0.0947265625
3144 0.0361328125
3145 -0.095703125
3146 0.0244140625
3147 0.0927734375
3148 0.04296875
3149 -0.095703125
3150 -0.0517578125
3151 0.0166015625
3152 -0.01953125
3153 -0.1357421875
3154 -0.046875
3155 0.0224609375
3156 -0.015625
3157 -0.1328125
3158 -0.041015625
3159 0.025390625
3160 -0.0146484375
3161 -0.158203125
3162 -0.0263671875
3163 0.05078125
3164 0.0126953125
3165 -0.0439453125
3166 0.0712890625
3167 0.1396484375
3168 0.080078125
3169 -0.013671875
3170 0.037109375
3171 0.095703125
3172 0.0361328125
3173 -0.1005859375
3174 0.021484375
3175 0.0888671875
3176 0.0439453125
3177 -0.09765625
3178 -0.0537109375
3179 0.017578125
3180 -0.0205078125
3181 -0.138671875
3182 -0.0458984375
3183 0.0244140625
3184 -0.015625
3185 -0.1337890625
3186 -0.04296875
3187 0.0263671875
3188 -0.0146484375
3189 -0.158203125
3190 -0.0263671875
3191 0.048828125
3192 0.0146484375
3193 -0.0439453125
3194 0.072265625
3195 0.1376953125
3196 0.0810546875
3197 -0.0146484375
3198 0.041015625
3199 0.09375
3200 0.037109375
3201 -0.0966796875
3202 0.0234375
3203 0.0908203125
3204 0.044921875
3205 -0.0966796875
3206 -0.052734375
3207 0.0166015625
3208 -0.0205078125
3209 -0.1357421875
3210 -0.0458984375
3211 0.025390625
3212 -0.015625
3213 -0.1318359375
3214 -0.0419921875
3215 0.025390625
3216 -0.013671875
3217 -0.1591796875
3218 -0.02734375
3219 0.0478515625
3220 0.0126953125
3221 -0.044921875
3222 0.0712890625
3223 0.134765625
3224 0.0810546875
3225 -0.0146484375
3226 0.0380859375
3227 0.0927734375
3228 0.0361328125
3229 -0.0966796875
3230 0.021484375
3231 0.0888671875
3232 0.0439453125
3233 -0.095703125
3234 -0.0537109375
3235 0.0166015625
3236 -0.0205078125
3237 -0.1337890625
3238 -0.0458984375
3239 0.0234375
3240 -0.0146484375
3241 -0.12890625
3242 -0.0390625
3243 0.025390625
3244 -0.0126953125
3245 -0.15625
3246 -0.0244140625
3247 0.048828125
3248 0.0146484375
3249 -0.041015625
3250 0.072265625
3251 0.1376953125
3252 0.0830078125
3253 -0.01171875
3254 0.0390625
3255 0.09375
3256 0.0380859375
3257 -0.0927734375
3258 0.0234375
3259 0.0888671875
3260 0.0458984375
3261 -0.08984375
3262 -0.048828125
3263 0.0166015625
3264 -0.0146484375
3265 -0.1328125
3266 -0.0458984375
3267 0.0224609375
3268 -0.013671875
3269 -0.1298828125
3270 -0.041015625
3271 0.0234375
3272 -0.01171875
3273 -0.15625
3274 -0.02734375
3275 0.0478515625
3276 0.0146484375
3277 -0.0419921875
3278 0.072265625
3279 0.134765625
3280 0.08203125
3281 -0.01171875
3282 0.0380859375
3283 0.0927734375
3284 0.0361328125
3285 -0.09375
3286 0.0224609375
3287 0.0888671875
3288 0.0439453125
3289 -0.0908203125
3290 -0.05078125
3291 0.0166015625
3292 -0.017578125
3293 -0.1328125
3294 -0.044921875
3295 0.021484375
3296 -0.013671875
3297 -0.1279296875
3298 -0.041015625
3299 0.025390625
3300 -0.01171875
3301 -0.1533203125
3302 -0.025390625
3303 0.048828125
3304 0.015625
3305 -0.0400390625
3306 0.0732421875
3307 0.1357421875
3308 0.083984375
3309 -0.009765625
3310 0.0400390625
3311 0.091796875
3312 0.0380859375
3313 -0.0927734375
3314 0.0234375
3315 0.0849609375
3316 0.044921875
3317 -0.091796875
3318 -0.052734375
3319 0.01171875
3320 -0.0166015625
3321 -0.130859375
3322 -0.0458984375
3323 0.0185546875
3324 -0.013671875
3325 -0.126953125
3326 -0.0419921875
3327 0.021484375
3328 -0.0126953125
3329 -0.1533203125
3330 -0.02734375
3331 0.0458984375
3332 0.013671875
3333 -0.0390625
3334 0.072265625
3335 0.1328125
3336 0.0849609375
3337 -0.0107421875
3338 0.0400390625
3339 0.087890625
3340 0.0380859375
3341 -0.0927734375
3342 0.0224609375
3343 0.0830078125
3344 0.0458984375
3345 -0.0927734375
3346 -0.0537109375
3347 0.0126953125
3348 -0.0185546875
3349 -0.130859375
3350 -0.046875
3351 0.01953125
3352 -0.013671875
3353 -0.1259765625
3354 -0.041015625
3355 0.0205078125
3356 -0.01171875
3357 -0.1513671875
3358 -0.025390625
3359 0.044921875
3360 0.017578125
3361 -0.0380859375
3362 0.0732421875
3363 0.1337890625
3364 0.083984375
3365 -0.0107421875
3366 0.037109375
3367 0.0888671875
3368 0.0390625
3369 -0.0908203125
3370 0.0224609375
3371 0.0849609375
3372 0.044921875
3373 -0.091796875
3374 -0.052734375
3375 0.0126953125
3376 -0.017578125
3377 -0.1298828125
3378 -0.0439453125
3379 0.0185546875
3380 -0.013671875
3381 -0.1279296875
3382 -0.0400390625
3383 0.021484375
3384 -0.01171875
3385 -0.15625
3386 -0.025390625
3387 0.046875
3388 0.015625
3389 -0.0390625
3390 0.072265625
3391 0.1328125
3392 0.0830078125
3393 -0.0087890625
3394 0.0380859375
3395 0.0927734375
3396 0.0380859375
3397 -0.0927734375
3398 0.0224609375
3399 0.087890625
3400 0.044921875
3401 -0.0927734375
3402 -0.052734375
3403 0.0146484375
3404 -0.0185546875
3405 -0.1328125
3406 -0.0458984375
3407 0.021484375
3408 -0.013671875
3409 -0.12890625
3410 -0.037109375
3411 0.0283203125
3412 -0.01171875
3413 -0.1337890625
3414 -0.005859375
3415 0.06640625
3416 0.0263671875
3417 -0.087890625
3418 -0.0361328125
3419 0.03125
3420 -0.0107421875
3421 -0.1650390625
3422 -0.09375
3423 -0.0126953125
3424 -0.041015625
3425 -0.19140625
3426 -0.1083984375
3427 -0.025390625
3428 -0.05078125
3429 -0.15625
3430 -0.0615234375
3431 0.0107421875
3432 -0.0205078125
3433 -0.125
3434 -0.0322265625
3435 0.0361328125
3436 -0.00390625
3437 -0.09765625
3438 0.0244140625
3439 0.091796875
3440 0.0478515625
3441 -0.052734375
3442 -0.0068359375
3443 0.056640625
3444 0.0126953125
3445 -0.1591796875
3446 -0.0888671875
3447 -0.0078125
3448 -0.0341796875
3449 -0.15234375
3450 -0.0625
3451 0.01171875
3452 -0.01953125
3453 -0.1416015625
3454 -0.048828125
3455 0.0205078125
3456 -0.0107421875
3457 -0.115234375
3458 0.0107421875
3459 0.083984375
3460 0.0419921875
3461 -0.005859375
3462 0.1044921875
3463 0.1650390625
3464 0.109375
3465 -0.001953125
3466 0.0390625
3467 0.09375
3468 0.0419921875
3469 -0.130859375
3470 -0.0634765625
3471 0.0078125
3472 -0.0224609375
3473 -0.134765625
3474 -0.052734375
3475 0.00390625
3476 -0.0048828125
3477 -0.0947265625
3478 -0.0263671875
3479 0.0205078125
3480 0.005859375
3481 -0.087890625
3482 0.0126953125
3483 0.064453125
3484 0.0478515625
3485 -0.0693359375
3486 -0.048828125
3487 0.0029296875
3488 -0.005859375
3489 -0.1318359375
3490 -0.0263671875
3491 0.033203125
3492 0.0263671875
3493 -0.0361328125
3494 0.0537109375
3495 0.1015625
3496 0.0791015625
3497 0.0146484375
3498 0.099609375
3499 0.1396484375
3500 0.1083984375
3501 0.037109375
3502 0.1123046875
3503 0.1513671875
3504 0.1181640625
3505 0.0654296875
3506 0.1396484375
3507 0.173828125
3508 0.1376953125
3509 0.0595703125
3510 0.07421875
3511 0.107421875
3512 0.072265625
3513 -0.01953125
3514 0.033203125
3515 0.06640625
3516 0.0390625
3517 -0.060546875
3518 -0.0029296875
3519 0.0341796875
3520 0.0166015625
3521 -0.0908203125
3522 0.005859375
3523 0.0517578125
3524 0.0380859375
3525 -0.0654296875
3526 -0.0390625
3527 0.005859375
3528 -0.005859375
3529 -0.1640625
3530 -0.052734375
3531 0.0068359375
3532 0.0048828125
3533 -0.1142578125
3534 -0.08984375
3535 -0.033203125
3536 -0.0341796875
3537 -0.146484375
3538 -0.0810546875
3539 -0.025390625
3540 -0.0283203125
3541 -0.177734375
3542 -0.099609375
3543 -0.0439453125
3544 -0.041015625
3545 -0.171875
3546 -0.09375
3547 -0.03515625
3548 -0.037109375
3549 -0.1669921875
3550 -0.0556640625
3551 0.0078125
3552 0.0068359375
3553 -0.0693359375
3554 0.0263671875
3555 0.0771484375
3556 0.0595703125
3557 -0.0185546875
3558 0.06640625
3559 0.111328125
3560 0.0859375
3561 -0.0009765625
3562 0.080078125
3563 0.12109375
3564 0.0947265625
3565 -0.001953125
3566 0.080078125
3567 0.1201171875
3568 0.0927734375
3569 -0.0126953125
3570 0.0712890625
3571 0.1123046875
3572 0.0859375
3573 0.0263671875
3574 0.107421875
3575 0.14453125
3576 0.1083984375
3577 0.0048828125
3578 0.0185546875
3579 0.0556640625
3580 0.0302734375
3581 -0.0830078125
3582 -0.0283203125
3583 0.0166015625
3584 0.0009765625
3585 -0.1416015625
3586 -0.076171875
3587 -0.0244140625
3588 -0.02734375
3589 -0.15234375
3590 -0.0791015625
3591 -0.0283203125
3592 -0.03125
3593 -0.1669921875
3594 -0.0537109375
3595 0.0068359375
3596 0.00390625
3597 -0.0830078125
3598 0.013671875
3599 0.0654296875
3600 0.048828125
3601 -0.0498046875
3602 0.0380859375
3603 0.0859375
3604 0.0634765625
3605 -0.0458984375
3606 0.0419921875
3607 0.0869140625
3608 0.06640625
3609 0.0048828125
3610 0.0869140625
3611 0.1240234375
3612 0.09375
3613 0.0107421875
3614 0.0908203125
3615 0.1279296875
3616 0.0966796875
3617 -0.0419921875
3618 -0.02734375
3619 0.0146484375
3620 0.0009765625
3621 -0.1279296875
3622 -0.0244140625
3623 0.02734375
3624 0.0185546875
3625 -0.0888671875
3626 -0.09375
3627 -0.033203125
3628 -0.0361328125
3629 -0.12109375
3630 -0.0185546875
3631 0.03515625
3632 0.025390625
3633 -0.0615234375
3634 -0.03515625
3635 0.009765625
3636 -0.0029296875
3637 -0.0966796875
3638 -0.03515625
3639 0.0146484375
3640 0.0009765625
3641 -0.1396484375
3642 -0.0732421875
3643 -0.021484375
3644 -0.02734375
3645 -0.1591796875
3646 -0.048828125
3647 0.009765625
3648 0.0048828125
3649 -0.1318359375
3650 -0.107421875
3651 -0.04296875
3652 -0.04296875
3653 -0.189453125
3654 -0.0732421875
3655 -0.0078125
3656 -0.0048828125
3657 -0.09375
3658 0.005859375
3659 0.05859375
3660 0.0458984375
3661 -0.0400390625
3662 0.0498046875
3663 0.0947265625
3664 0.0732421875
3665 -0.005859375
3666 0.076171875
3667 0.1162109375
3668 0.091796875
3669 0.0048828125
3670 0.080078125
3671 0.1201171875
3672 0.0947265625
3673 -0.0029296875
3674 0.0732421875
3675 0.11328125
3676 0.0888671875
3677 -0.0224609375
3678 0.0595703125
3679 0.099609375
3680 0.078125
3681 0.00390625
3682 0.0830078125
3683 0.1201171875
3684 0.091796875
3685 0.00390625
3686 0.0830078125
3687 0.12109375
3688 0.0927734375
3689 0.0380859375
3690 0.111328125
3691 0.146484375
3692 0.1123046875
3693 0.0576171875
3694 0.12890625
3695 0.162109375
3696 0.1240234375
3697 0.0390625
3698 0.0537109375
3699 0.08203125
3700 0.05078125
3701 -0.0537109375
3702 0.0322265625
3703 0.0732421875
3704 0.0517578125
3705 -0.0537109375
3706 -0.03125
3707 0.009765625
3708 -0.0068359375
3709 -0.1181640625
3710 -0.0595703125
3711 -0.0126953125
3712 -0.0244140625
3713 -0.1396484375
3714 -0.0751953125
3715 -0.0224609375
3716 -0.033203125
3717 -0.1357421875
3718 -0.072265625
3719 -0.021484375
3720 -0.0302734375
3721 -0.13671875
3722 -0.0703125
3723 -0.021484375
3724 -0.029296875
3725 -0.1396484375
3726 -0.0771484375
3727 -0.0283203125
3728 -0.033203125
3729 -0.1748046875
3730 -0.107421875
3731 -0.0498046875
3732 -0.0478515625
3733 -0.154296875
3734 -0.080078125
3735 -0.029296875
3736 -0.0341796875
3737 -0.1748046875
3738 -0.1015625
3739 -0.0419921875
3740 -0.046875
3741 -0.1318359375
3742 -0.0634765625
3743 -0.01171875
3744 -0.0205078125
3745 -0.1240234375
3746 -0.0556640625
3747 -0.009765625
3748 -0.01953125
3749 -0.1337890625
3750 -0.0654296875
3751 -0.015625
3752 -0.0205078125
3753 -0.1767578125
3754 -0.060546875
3755 -0.0009765625
3756 -0.00390625
3757 -0.0673828125
3758 0.0283203125
3759 0.078125
3760 0.05859375
3761 -0.0693359375
3762 0.0224609375
3763 0.0712890625
3764 0.052734375
3765 -0.087890625
3766 -0.0712890625
3767 -0.017578125
3768 -0.021484375
3769 -0.1943359375
3770 -0.1201171875
3771 -0.0556640625
3772 -0.0498046875
3773 -0.1572265625
3774 -0.08203125
3775 -0.0283203125
3776 -0.0283203125
3777 -0.12109375
3778 -0.013671875
3779 0.0439453125
3780 0.0322265625
3781 -0.0595703125
3782 -0.0576171875
3783 0.0009765625
3784 -0.0078125
3785 -0.109375
3786 -0.0068359375
3787 0.0478515625
3788 0.037109375
3789 -0.08984375
3790 -0.0634765625
3791 -0.0068359375
3792 -0.0146484375
3793 -0.1142578125
3794 -0.0087890625
3795 0.0458984375
3796 0.0361328125
3797 -0.0244140625
3798 0.064453125
3799 0.10546875
3800 0.0830078125
3801 -0.0439453125
3802 -0.025390625
3803 0.017578125
3804 0.0068359375
3805 -0.173828125
3806 -0.1015625
3807 -0.0380859375
3808 -0.0361328125
3809 -0.134765625
3810 -0.064453125
3811 -0.01171875
3812 -0.0166015625
3813 -0.142578125
3814 -0.033203125
3815 0.025390625
3816 0.021484375
3817 -0.1240234375
3818 -0.087890625
3819 -0.0341796875
3820 -0.033203125
3821 -0.138671875
3822 -0.025390625
3823 0.03125
3824 0.025390625
3825 -0.0498046875
3826 0.0439453125
3827 0.0947265625
3828 0.0751953125
3829 -0.0625
3830 -0.0419921875
3831 0.0107421875
3832 0.0009765625
3833 -0.1103515625
3834 -0.0029296875
3835 0.0517578125
3836 0.0390625
3837 -0.046875
3838 -0.025390625
3839 0.0244140625
3840 0.01171875
3841 -0.0888671875
3842 -0.02734375
3843 0.0224609375
3844 0.009765625
3845 -0.1015625
3846 -0.037109375
3847 0.0107421875
3848 0.0009765625
3849 -0.162109375
3850 -0.0849609375
3851 -0.0302734375
3852 -0.0322265625
3853 -0.181640625
3854 -0.0625
3855 0.0048828125
3856 0.005859375
3857 -0.1005859375
3858 0.0029296875
3859 0.0595703125
3860 0.0498046875
3861 -0.048828125
3862 -0.0224609375
3863 0.0224609375
3864 0.0107421875
3865 -0.123046875
3866 -0.0107421875
3867 0.044921875
3868 0.0361328125
3869 -0.05078125
3870 0.046875
3871 0.0947265625
3872 0.076171875
3873 -0.00390625
3874 0.017578125
3875 0.0615234375
3876 0.0380859375
3877 -0.080078125
3878 0.0205078125
3879 0.0732421875
3880 0.056640625
3881 -0.05859375
3882 -0.0341796875
3883 0.017578125
3884 0.0029296875
3885 -0.0966796875
3886 -0.029296875
3887 0.0185546875
3888 0.0068359375
3889 -0.1357421875
3890 -0.0625
3891 -0.0087890625
3892 -0.013671875
3893 -0.154296875
3894 -0.037109375
3895 0.0224609375
3896 0.0205078125
3897 -0.0673828125
3898 0.029296875
3899 0.0830078125
3900 0.0654296875
3901 -0.025390625
3902 0.0634765625
3903 0.1123046875
3904 0.0849609375
3905 -0.0029296875
3906 0.0810546875
3907 0.126953125
3908 0.0986328125
3909 0.0048828125
3910 0.08984375
3911 0.1328125
3912 0.103515625
3913 0.0029296875
3914 0.0859375
3915 0.126953125
3916 0.099609375
3917 -0.0185546875
3918 0.06640625
3919 0.111328125
3920 0.0830078125
3921 -0.0078125
3922 0.076171875
3923 0.1220703125
3924 0.0908203125
3925 0.0048828125
3926 0.0224609375
3927 0.0634765625
3928 0.0380859375
3929 -0.048828125
3930 0.04296875
3931 0.0888671875
3932 0.0654296875
3933 0.0166015625
3934 0.1025390625
3935 0.1416015625
3936 0.1083984375
3937 0.0361328125
3938 0.1142578125
3939 0.150390625
3940 0.1142578125
3941 0.021484375
3942 0.099609375
3943 0.140625
3944 0.103515625
3945 0.03515625
3946 0.1142578125
3947 0.150390625
3948 0.1103515625
3949 0.060546875
3950 0.1357421875
3951 0.1708984375
3952 0.12890625
3953 0.0869140625
3954 0.16015625
3955 0.1943359375
3956 0.1474609375
3957 0.1005859375
3958 0.169921875
3959 0.2021484375
3960 0.1533203125
3961 0.095703125
3962 0.1611328125
3963 0.1923828125
3964 0.14453125
3965 0.0927734375
3966 0.1611328125
3967 0.1923828125
3968 0.1435546875
3969 0.08984375
3970 0.1591796875
3971 0.1884765625
3972 0.140625
3973 0.0537109375
3974 0.0751953125
3975 0.1005859375
3976 0.056640625
3977 -0.0439453125
3978 0.0048828125
3979 0.037109375
3980 0.0087890625
3981 -0.09375
3982 -0.0009765625
3983 0.044921875
3984 0.0234375
3985 -0.0263671875
3986 0.0576171875
3987 0.09765625
3988 0.064453125
3989 -0.0322265625
3990 -0.01171875
3991 0.021484375
3992 -0.0048828125
3993 -0.1123046875
3994 -0.0537109375
3995 -0.009765625
3996 -0.0283203125
3997 -0.162109375
3998 -0.1005859375
3999 -0.048828125
4000 -0.0576171875
4001 -0.201171875
4002 -0.08984375
4003 -0.02734375
4004 -0.0302734375
4005 -0.1015625
4006 -0.0048828125
4007 0.0439453125
4008 0.025390625
4009 -0.04296875
4010 0.041015625
4011 0.0849609375
4012 0.0556640625
4013 -0.0146484375
4014 0.0615234375
4015 0.103515625
4016 0.0712890625
4017 0.0009765625
4018 0.0771484375
4019 0.115234375
4020 0.0791015625
4021 0.0048828125
4022 0.0771484375
4023 0.1171875
4024 0.0810546875
4025 0.021484375
4026 0.095703125
4027 0.1298828125
4028 0.0927734375
4029 0.013671875
4030 0.0322265625
4031 0.0625
4032 0.029296875
4033 -0.0654296875
4034 -0.017578125
4035 0.0205078125
4036 -0.0048828125
4037 -0.111328125
4038 -0.0537109375
4039 -0.013671875
4040 -0.03125
4041 -0.1142578125
4042 -0.021484375
4043 0.02734375
4044 0.0107421875
4045 -0.0654296875
4046 -0.0400390625
4047 0.001953125
4048 -0.01953125
4049 -0.1328125
4050 -0.0341796875
4051 0.0146484375
4052 0.0
4053 -0.142578125
4054 -0.115234375
4055 -0.0625
4056 -0.06640625
4057 -0.2109375
4058 -0.0966796875
4059 -0.0302734375
4060 -0.033203125
4061 -0.0849609375
4062 0.009765625
4063 0.056640625
4064 0.0341796875
4065 -0.0810546875
4066 -0.0595703125
4067 -0.0126953125
4068 -0.029296875
4069 -0.12890625
4070 -0.0654296875
4071 -0.0185546875
4072 -0.033203125
4073 -0.1669921875
4074 -0.09765625
4075 -0.048828125
4076 -0.0537109375
4077 -0.2138671875
4078 -0.1396484375
4079 -0.078125
4080 -0.0771484375
4081 -0.2060546875
4082 -0.1298828125
4083 -0.068359375
4084 -0.0693359375
4085 -0.166015625
4086 -0.091796875
4087 -0.0361328125
4088 -0.044921875
4089 -0.162109375
4090 -0.0556640625
4091 0.0009765625
4092 -0.00390625
4093 -0.1630859375
4094 -0.134765625
4095 -0.072265625
4096 -0.0673828125
4097 -0.1806640625
4098 -0.10546875
4099 -0.0458984375
4100 -0.046875
4101 -0.126953125
4102 -0.0546875
4103 -0.0048828125
4104 -0.0185546875
4105 -0.142578125
4106 -0.0390625
4107 0.0166015625
4108 0.0078125
4109 -0.1259765625
4110 -0.099609375
4111 -0.0380859375
4112 -0.04296875
4113 -0.134765625
4114 -0.0283203125
4115 0.02734375
4116 0.0185546875
4117 -0.0283203125
4118 0.060546875
4119 0.1025390625
4120 0.0791015625
4121 0.01171875
4122 0.0927734375
4123 0.1279296875
4124 0.09765625
4125 0.0400390625
4126 0.0732421875
4127 0.072265625
4128 0.099609375
4129 0.001953125
4130 -0.041015625
4131 -0.037109375
4132 0.00390625
4133 -0.0791015625
4134 -0.0322265625
4135 -0.021484375
4136 0.0244140625
4137 -0.05078125
4138 -0.080078125
4139 -0.0712890625
4140 -0.0224609375
4141 -0.08203125
4142 -0.0703125
4143 -0.0615234375
4144 -0.0126953125
4145 -0.115234375
4146 -0.1015625
4147 -0.0849609375
4148 -0.0322265625
4149 -0.12109375
4150 -0.0673828125
4151 -0.046875
4152 0.005859375
4153 -0.0390625
4154 -0.001953125
4155 0.009765625
4156 0.05078125
4157 0.0
4158 0.029296875
4159 0.03515625
4160 0.072265625
4161 0.0263671875
4162 0.0498046875
4163 0.0517578125
4164 0.0849609375
4165 0.0361328125
4166 0.05859375
4167 0.060546875
4168 0.08984375
4169 0.0322265625
4170 0.0546875
4171 0.0546875
4172 0.0859375
4173 0.0107421875
4174 0.0341796875
4175 0.0361328125
4176 0.0712890625
4177 0.017578125
4178 0.0400390625
4179 0.044921875
4180 0.0751953125
4181 0.029296875
4182 -0.0126953125
4183 -0.01171875
4184 0.0224609375
4185 -0.0224609375
4186 0.0107421875
4187 0.015625
4188 0.0537109375
4189 0.048828125
4190 0.0703125
4191 0.06640625
4192 0.0966796875
4193 0.068359375
4194 0.0830078125
4195 0.0771484375
4196 0.1025390625
4197 0.0546875
4198 0.072265625
4199 0.0673828125
4200 0.09375
4201 0.0693359375
4202 0.0849609375
4203 0.080078125
4204 0.1025390625
4205 0.0947265625
4206 0.1064453125
4207 0.099609375
4208 0.1201171875
4209 0.1220703125
4210 0.130859375
4211 0.12109375
4212 0.138671875
4213 0.1357421875
4214 0.1416015625
4215 0.130859375
4216 0.14453125
4217 0.130859375
4218 0.1337890625
4219 0.12109375
4220 0.1357421875
4221 0.12890625
4222 0.1318359375
4223 0.12109375
4224 0.1337890625
4225 0.1259765625
4226 0.1298828125
4227 0.119140625
4228 0.134765625
4229 0.0888671875
4230 0.048828125
4231 0.0302734375
4232 0.0498046875
4233 -0.01171875
4234 -0.01953125
4235 -0.0302734375
4236 0.0009765625
4237 -0.0634765625
4238 -0.0283203125
4239 -0.0234375
4240 0.013671875
4241 0.0087890625
4242 0.0302734375
4243 0.0302734375
4244 0.0595703125
4245 -0.0009765625
4246 -0.041015625
4247 -0.04296875
4248 -0.009765625
4249 -0.1083984375
4250 -0.103515625
4251 -0.0947265625
4252 -0.048828125
4253 -0.1123046875
4254 -0.1044921875
4255 -0.0966796875
4256 -0.05078125
4257 -0.1015625
4258 -0.0908203125
4259 -0.0849609375
4260 -0.0419921875
4261 -0.103515625
4262 -0.0986328125
4263 -0.087890625
4264 -0.0439453125
4265 -0.154296875
4266 -0.162109375
4267 -0.13671875
4268 -0.080078125
4269 -0.1455078125
4270 -0.1328125
4271 -0.11328125
4272 -0.0625
4273 -0.1337890625
4274 -0.119140625
4275 -0.10546875
4276 -0.0546875
4277 -0.1044921875
4278 -0.056640625
4279 -0.0419921875
4280 0.005859375
4281 -0.0478515625
4282 -0.1025390625
4283 -0.0849609375
4284 -0.037109375
4285 -0.1025390625
4286 -0.056640625
4287 -0.041015625
4288 0.005859375
4289 -0.09375
4290 -0.1240234375
4291 -0.1025390625
4292 -0.0498046875
4293 -0.109375
4294 -0.0576171875
4295 -0.041015625
4296 0.0068359375
4297 -0.015625
4298 0.017578125
4299 0.0185546875
4300 0.0556640625
4301 -0.0380859375
4302 -0.072265625
4303 -0.06640625
4304 -0.0224609375
4305 -0.15234375
4306 -0.1328125
4307 -0.111328125
4308 -0.0546875
4309 -0.130859375
4310 -0.1064453125
4311 -0.091796875
4312 -0.04296875
4313 -0.1123046875
4314 -0.0595703125
4315 -0.041015625
4316 0.0078125
4317 -0.0849609375
4318 -0.11328125
4319 -0.0947265625
4320 -0.041015625
4321 -0.1142578125
4322 -0.09765625
4323 -0.0810546875
4324 -0.0283203125
4325 -0.103515625
4326 -0.0908203125
4327 -0.078125
4328 -0.0263671875
4329 -0.1328125
4330 -0.0771484375
4331 -0.0517578125
4332 0.0029296875
4333 -0.01953125
4334 0.0166015625
4335 0.0234375
4336 0.060546875
4337 0.0615234375
4338 0.0830078125
4339 0.0830078125
4340 0.109375
4341 0.1162109375
4342 0.1279296875
4343 0.1240234375
4344 0.1435546875
4345 0.142578125
4346 0.1484375
4347 0.138671875
4348 0.158203125
4349 0.1416015625
4350 0.1474609375
4351 0.1337890625
4352 0.150390625
4353 0.14453125
4354 0.1474609375
4355 0.138671875
4356 0.1513671875
4357 0.1435546875
4358 0.146484375
4359 0.1357421875
4360 0.150390625
4361 0.107421875
4362 0.0654296875
4363 0.05078125
4364 0.068359375
4365 0.0068359375
4366 -0.0029296875
4367 -0.0107421875
4368 0.01953125
4369 -0.044921875
4370 -0.01171875
4371 -0.0068359375
4372 0.03125
4373 0.0263671875
4374 0.048828125
4375 0.0458984375
4376 0.0771484375
4377 0.0146484375
4378 -0.025390625
4379 -0.025390625
4380 0.0078125
4381 -0.0908203125
4382 -0.087890625
4383 -0.0791015625
4384 -0.0341796875
4385 -0.0966796875
4386 -0.0908203125
4387 -0.08203125
4388 -0.0361328125
4389 -0.0869140625
4390 -0.0771484375
4391 -0.0703125
4392 -0.0263671875
4393 -0.0888671875
4394 -0.0810546875
4395 -0.0732421875
4396 -0.029296875
4397 -0.1396484375
4398 -0.1474609375
4399 -0.1240234375
4400 -0.064453125
4401 -0.1298828125
4402 -0.119140625
4403 -0.099609375
4404 -0.048828125
4405 -0.1171875
4406 -0.1044921875
4407 -0.0908203125
4408 -0.0400390625
4409 -0.0888671875
4410 -0.044921875
4411 -0.0302734375
4412 0.017578125
4413 -0.0361328125
4414 -0.08984375
4415 -0.072265625
4416 -0.0244140625
4417 -0.083984375
4418 -0.037109375
4419 -0.0263671875
4420 0.021484375
4421 -0.0703125
4422 -0.099609375
4423 -0.0830078125
4424 -0.0322265625
4425 -0.0947265625
4426 -0.0439453125
4427 -0.0283203125
4428 0.0185546875
4429 -0.001953125
4430 0.029296875
4431 0.03125
4432 0.0673828125
4433 -0.0185546875
4434 -0.052734375
4435 -0.048828125
4436 -0.005859375
4437 -0.1376953125
4438 -0.1181640625
4439 -0.0986328125
4440 -0.04296875
4441 -0.1201171875
4442 -0.095703125
4443 -0.083984375
4444 -0.0341796875
4445 -0.1005859375
4446 -0.048828125
4447 -0.033203125
4448 0.0166015625
4449 -0.078125
4450 -0.1044921875
4451 -0.0869140625
4452 -0.03515625
4453 -0.103515625
4454 -0.091796875
4455 -0.07421875
4456 -0.0224609375
4457 -0.095703125
4458 -0.083984375
4459 -0.0693359375
4460 -0.01953125
4461 -0.123046875
4462 -0.0654296875
4463 -0.0439453125
4464 0.0107421875
4465 -0.013671875
4466 0.025390625
4467 0.029296875
4468 0.0693359375
4469 0.068359375
4470 0.0888671875
4471 0.087890625
4472 0.1142578125
4473 0.1240234375
4474 0.1337890625
4475 0.12890625
4476 0.1484375
4477 0.1484375
4478 0.1552734375
4479 0.1455078125
4480 0.1630859375
4481 0.1474609375
4482 0.1533203125
4483 0.1416015625
4484 0.1552734375
4485 0.150390625
4486 0.154296875
4487 0.1416015625
4488 0.1572265625
4489 0.150390625
4490 0.15234375
4491 0.1416015625
4492 0.1552734375
4493 0.11328125
4494 0.072265625
4495 0.0546875
4496 0.0751953125
4497 0.01171875
4498 0.0029296875
4499 -0.0048828125
4500 0.025390625
4501 -0.0380859375
4502 -0.0078125
4503 0.0
4504 0.0361328125
4505 0.0302734375
4506 0.0537109375
4507 0.0537109375
4508 0.0810546875
4509 0.0205078125
4510 -0.01953125
4511 -0.0205078125
4512 0.01171875
4513 -0.087890625
4514 -0.0830078125
4515 -0.0732421875
4516 -0.0302734375
4517 -0.0927734375
4518 -0.087890625
4519 -0.076171875
4520 -0.0322265625
4521 -0.0830078125
4522 -0.072265625
4523 -0.0634765625
4524 -0.0244140625
4525 -0.0859375
4526 -0.0791015625
4527 -0.068359375
4528 -0.025390625
4529 -0.1357421875
4530 -0.1435546875
4531 -0.1181640625
4532 -0.0625
4533 -0.1279296875
4534 -0.11328125
4535 -0.095703125
4536 -0.0439453125
4537 -0.115234375
4538 -0.1005859375
4539 -0.0859375
4540 -0.0361328125
4541 -0.0869140625
4542 -0.0400390625
4543 -0.025390625
4544 0.021484375
4545 -0.0302734375
4546 -0.0869140625
4547 -0.068359375
4548 -0.0205078125
4549 -0.0810546875
4550 -0.03515625
4551 -0.021484375
4552 0.025390625
4553 -0.0654296875
4554 -0.0947265625
4555 -0.0771484375
4556 -0.0263671875
4557 -0.087890625
4558 -0.0380859375
4559 -0.0244140625
4560 0.0224609375
4561 0.0009765625
4562 0.033203125
4563 0.0361328125
4564 0.0693359375
4565 -0.013671875
4566 -0.048828125
4567 -0.044921875
4568 -0.00390625
4569 -0.1337890625
4570 -0.115234375
4571 -0.0947265625
4572 -0.0400390625
4573 -0.1142578125
4574 -0.091796875
4575 -0.0810546875
4576 -0.0302734375
4577 -0.099609375
4578 -0.0458984375
4579 -0.03125
4580 0.0185546875
4581 -0.076171875
4582 -0.1015625
4583 -0.0849609375
4584 -0.0322265625
4585 -0.1025390625
4586 -0.0908203125
4587 -0.0712890625
4588 -0.021484375
4589 -0.0908203125
4590 -0.08203125
4591 -0.06640625
4592 -0.0166015625
4593 -0.123046875
4594 -0.0673828125
4595 -0.04296875
4596 0.0107421875
4597 -0.01171875
4598 0.025390625
4599 0.033203125
4600 0.072265625
4601 0.0712890625
4602 0.0908203125
4603 0.08984375
4604 0.1162109375
4605 0.125
4606 0.1376953125
4607 0.1318359375
4608 0.15234375
4609 0.15234375
4610 0.1572265625
4611 0.1484375
4612 0.1630859375
4613 0.1494140625
4614 0.154296875
4615 0.142578125
4616 0.1572265625
4617 0.150390625
4618 0.15625
4619 0.1435546875
4620 0.158203125
4621 0.1513671875
4622 0.1552734375
4623 0.142578125
4624 0.1572265625
4625 0.1142578125
4626 0.07421875
4627 0.0556640625
4628 0.07421875
4629 0.0146484375
4630 0.001953125
4631 -0.0048828125
4632 0.0263671875
4633 -0.0380859375
4634 -0.0048828125
4635 0.0009765625
4636 0.0390625
4637 0.0361328125
4638 0.0546875
4639 0.0546875
4640 0.0830078125
4641 0.0224609375
4642 -0.015625
4643 -0.01953125
4644 0.015625
4645 -0.0849609375
4646 -0.0810546875
4647 -0.0732421875
4648 -0.02734375
4649 -0.08984375
4650 -0.0830078125
4651 -0.07421875
4652 -0.029296875
4653 -0.080078125
4654 -0.0712890625
4655 -0.0625
4656 -0.0224609375
4657 -0.0849609375
4658 -0.078125
4659 -0.06640625
4660 -0.0244140625
4661 -0.1357421875
4662 -0.142578125
4663 -0.119140625
4664 -0.0595703125
4665 -0.126953125
4666 -0.1123046875
4667 -0.095703125
4668 -0.04296875
4669 -0.11328125
4670 -0.099609375
4671 -0.0849609375
4672 -0.0341796875
4673 -0.0830078125
4674 -0.0390625
4675 -0.0244140625
4676 0.0224609375
4677 -0.0302734375
4678 -0.0849609375
4679 -0.06640625
4680 -0.01953125
4681 -0.0771484375
4682 -0.03515625
4683 -0.0205078125
4684 0.0263671875
4685 -0.064453125
4686 -0.0947265625
4687 -0.0771484375
4688 -0.025390625
4689 -0.0888671875
4690 -0.0380859375
4691 -0.0244140625
4692 0.025390625
4693 0.001953125
4694 0.0341796875
4695 0.0361328125
4696 0.0703125
4697 -0.013671875
4698 -0.0498046875
4699 -0.044921875
4700 -0.0029296875
4701 -0.1318359375
4702 -0.1162109375
4703 -0.0947265625
4704 -0.041015625
4705 -0.1142578125
4706 -0.091796875
4707 -0.0810546875
4708 -0.0302734375
4709 -0.0986328125
4710 -0.0478515625
4711 -0.0322265625
4712 0.01953125
4713 -0.0751953125
4714 -0.1005859375
4715 -0.0830078125
4716 -0.03125
4717 -0.1025390625
4718 -0.0869140625
4719 -0.0712890625
4720 -0.0205078125
4721 -0.091796875
4722 -0.0810546875
4723 -0.06640625
4724 -0.015625
4725 -0.119140625
4726 -0.064453125
4727 -0.041015625
4728 0.0126953125
4729 -0.005859375
4730 0.02734375
4731 0.0322265625
4732 0.072265625
4733 0.0712890625
4734 0.09375
4735 0.0908203125
4736 0.1201171875
4737 0.12890625
4738 0.1396484375
4739 0.1328125
4740 0.154296875
4741 0.1513671875
4742 0.158203125
4743 0.1494140625
4744 0.166015625
4745 0.1513671875
4746 0.1552734375
4747 0.142578125
4748 0.1591796875
4749 0.15234375
4750 0.1572265625
4751 0.14453125
4752 0.16015625
4753 0.15234375
4754 0.15625
4755 0.142578125
4756 0.158203125
4757 0.1142578125
4758 0.0732421875
4759 0.056640625
4760 0.076171875
4761 0.013671875
4762 0.0068359375
4763 -0.0029296875
4764 0.0263671875
4765 -0.037109375
4766 -0.00390625
4767 0.0009765625
4768 0.0380859375
4769 0.0341796875
4770 0.056640625
4771 0.056640625
4772 0.0849609375
4773 0.0244140625
4774 -0.015625
4775 -0.017578125
4776 0.0146484375
4777 -0.0849609375
4778 -0.0810546875
4779 -0.0732421875
4780 -0.0263671875
4781 -0.08984375
4782 -0.0830078125
4783 -0.0751953125
4784 -0.0283203125
4785 -0.080078125
4786 -0.0693359375
4787 -0.064453125
4788 -0.021484375
4789 -0.083984375
4790 -0.078125
4791 -0.0654296875
4792 -0.0234375
4793 -0.1337890625
4794 -0.1416015625
4795 -0.1162109375
4796 -0.05859375
4797 -0.1240234375
4798 -0.111328125
4799 -0.0927734375
4800 -0.04296875
4801 -0.11328125
4802 -0.099609375
4803 -0.0849609375
4804 -0.0361328125
4805 -0.0869140625
4806 -0.0390625
4807 -0.0224609375
4808 0.0234375
4809 -0.0302734375
4810 -0.0849609375
4811 -0.0673828125
4812 -0.0205078125
4813 -0.0791015625
4814 -0.0341796875
4815 -0.0185546875
4816 0.0263671875
4817 -0.0625
4818 -0.09375
4819 -0.0751953125
4820 -0.0283203125
4821 -0.0869140625
4822 -0.0380859375
4823 -0.0244140625
4824 0.0244140625
4825 0.0009765625
4826 0.033203125
4827 0.03515625
4828 0.0732421875
4829 -0.013671875
4830 -0.048828125
4831 -0.0439453125
4832 -0.0009765625
4833 -0.1337890625
4834 -0.1181640625
4835 -0.0947265625
4836 -0.0400390625
4837 -0.115234375
4838 -0.0927734375
4839 -0.078125
4840 -0.0302734375
4841 -0.09765625
4842 -0.046875
4843 -0.0283203125
4844 0.01953125
4845 -0.0751953125
4846 -0.1015625
4847 -0.08203125
4848 -0.0302734375
4849 -0.1025390625
4850 -0.0869140625
4851 -0.0712890625
4852 -0.0185546875
4853 -0.0927734375
4854 -0.080078125
4855 -0.06640625
4856 -0.0166015625
4857 -0.1240234375
4858 -0.0673828125
4859 -0.041015625
4860 0.01171875
4861 -0.009765625
4862 0.0263671875
4863 0.033203125
4864 0.0732421875
4865 0.0732421875
4866 0.0927734375
4867 0.09375
4868 0.119140625
4869 0.126953125
4870 0.1396484375
4871 0.1337890625
4872 0.1533203125
4873 0.15234375
4874 0.1591796875
4875 0.1513671875
4876 0.166015625
4877 0.1513671875
4878 0.15625
4879 0.1455078125
4880 0.1591796875
4881 0.15234375
4882 0.1552734375
4883 0.1455078125
4884 0.1611328125
4885 0.15234375
4886 0.15625
4887 0.14453125
4888 0.158203125
4889 0.1162109375
4890 0.07421875
4891 0.0576171875
4892 0.0751953125
4893 0.0146484375
4894 0.005859375
4895 -0.001953125
4896 0.02734375
4897 -0.037109375
4898 -0.0029296875
4899 0.001953125
4900 0.0390625
4901 0.0341796875
4902 0.056640625
4903 0.0556640625
4904 0.083984375
4905 0.025390625
4906 -0.015625
4907 -0.0185546875
4908 0.013671875
4909 -0.0830078125
4910 -0.0791015625
4911 -0.0703125
4912 -0.0263671875
4913 -0.08984375
4914 -0.0830078125
4915 -0.0751953125
4916 -0.029296875
4917 -0.0791015625
4918 -0.068359375
4919 -0.0625
4920 -0.021484375
4921 -0.08203125
4922 -0.0751953125
4923 -0.0654296875
4924 -0.021484375
4925 -0.1328125
4926 -0.140625
4927 -0.1162109375
4928 -0.0576171875
4929 -0.123046875
4930 -0.111328125
4931 -0.0927734375
4932 -0.04296875
4933 -0.111328125
4934 -0.0986328125
4935 -0.0830078125
4936 -0.033203125
4937 -0.0849609375
4938 -0.037109375
4939 -0.0224609375
4940 0.0234375
4941 -0.0302734375
4942 -0.0830078125
4943 -0.0673828125
4944 -0.017578125
4945 -0.0791015625
4946 -0.033203125
4947 -0.01953125
4948 0.02734375
4949 -0.06640625
4950 -0.095703125
4951 -0.0771484375
4952 -0.0283203125
4953 -0.08984375
4954 -0.041015625
4955 -0.0244140625
4956 0.0234375
4957 0.0029296875
4958 0.0341796875
4959 0.037109375
4960 0.072265625
4961 -0.0126953125
4962 -0.0478515625
4963 -0.0439453125
4964 -0.001953125
4965 -0.1337890625
4966 -0.1142578125
4967 -0.09375
4968 -0.037109375
4969 -0.1162109375
4970 -0.0908203125
4971 -0.0791015625
4972 -0.029296875
4973 -0.0947265625
4974 -0.044921875
4975 -0.029296875
4976 0.0205078125
4977 -0.0751953125
4978 -0.1025390625
4979 -0.08203125
4980 -0.0283203125
4981 -0.1015625
4982 -0.087890625
4983 -0.0693359375
4984 -0.0185546875
4985 -0.091796875
4986 -0.0791015625
4987 -0.0654296875
4988 -0.0146484375
4989 -0.1181640625
4990 -0.0615234375
4991 -0.0400390625
4992 0.0166015625
4993 -0.0068359375
4994 0.029296875
4995 0.03515625
4996 0.072265625
4997 0.072265625
4998 0.0927734375
4999 0.0927734375
