x y
0 -0.0224609375
1 -0.1982421875
2 -0.140625
3 -0.0791015625
4 -0.0712890625
5 -0.4423828125
6 -0.115234375
7 -0.0380859375
8 -0.0625
9 -0.177734375
10 -0.083984375
11 -0.009765625
12 -0.041015625
13 -0.1494140625
14 -0.0205078125
15 0.0537109375
16 0.017578125
17 -0.0888671875
18 -0.06640625
19 0.009765625
20 -0.0224609375
21 -0.150390625
22 -0.01953125
23 0.0556640625
24 0.0185546875
25 -0.1123046875
26 -0.0673828125
27 0.00390625
28 -0.0263671875
29 -0.1416015625
30 -0.0546875
31 0.0166015625
32 -0.017578125
33 -0.12109375
34 -0.0341796875
35 0.0341796875
36 -0.005859375
37 -0.125
38 -0.001953125
39 0.0712890625
40 0.03125
41 -0.0576171875
42 0.05859375
43 0.1220703125
44 0.0712890625
45 0.0087890625
46 0.11328125
47 0.1708984375
48 0.1123046875
49 0.015625
50 0.064453125
51 0.11328125
52 0.0537109375
53 -0.0771484375
54 0.0361328125
55 0.0966796875
56 0.052734375
57 -0.0849609375
58 -0.0458984375
59 0.0185546875
60 -0.0146484375
61 -0.126953125
62 -0.044921875
63 0.021484375
64 -0.013671875
65 -0.126953125
66 -0.0400390625
67 0.021484375
68 -0.0126953125
69 -0.1552734375
70 -0.0263671875
71 0.044921875
72 0.0166015625
73 -0.041015625
74 0.0712890625
75 0.1328125
76 0.0810546875
77 -0.0126953125
78 0.0361328125
79 0.0888671875
80 0.0361328125
81 -0.09375
82 0.0205078125
83 0.0859375
84 0.0419921875
85 -0.095703125
86 -0.0546875
87 0.0126953125
88 -0.0205078125
89 -0.134765625
90 -0.0478515625
91 0.0185546875
92 -0.0146484375
93 -0.130859375
94 -0.0419921875
95 0.021484375
96 -0.0146484375
97 -0.15625
98 -0.0283203125
99 0.0458984375
100 0.0126953125
101 -0.0439453125
102 0.068359375
103 0.1318359375
104 0.0771484375
105 -0.013671875
106 0.0361328125
107 0.0888671875
108 0.033203125
109 -0.09375
110 0.0205078125
111 0.083984375
112 0.044921875
113 -0.095703125
114 -0.0556640625
115 0.0107421875
116 -0.01953125
117 -0.134765625
118 -0.0498046875
119 0.0166015625
120 -0.015625
121 -0.1298828125
122 -0.0439453125
123 0.01953125
124 -0.015625
125 -0.1552734375
126 -0.029296875
127 0.0439453125
128 0.0126953125
129 -0.041015625
130 0.068359375
131 0.1318359375
132 0.080078125
133 -0.0126953125
134 0.037109375
135 0.0859375
136 0.037109375
137 -0.0947265625
138 0.0205078125
139 0.08203125
140 0.04296875
141 -0.0966796875
142 -0.0546875
143 0.0107421875
144 -0.021484375
145 -0.134765625
146 -0.05078125
147 0.017578125
148 -0.017578125
149 -0.130859375
150 -0.044921875
151 0.0185546875
152 -0.015625
153 -0.1533203125
154 -0.02734375
155 0.044921875
156 0.013671875
157 -0.0419921875
158 0.0703125
159 0.134765625
160 0.08203125
161 -0.0126953125
162 0.0380859375
163 0.0908203125
164 0.037109375
165 -0.0927734375
166 0.021484375
167 0.0869140625
168 0.0439453125
169 -0.0947265625
170 -0.0537109375
171 0.01171875
172 -0.0205078125
173 -0.134765625
174 -0.048828125
175 0.021484375
176 -0.0146484375
177 -0.1318359375
178 -0.04296875
179 0.0224609375
180 -0.015625
181 -0.1572265625
182 -0.02734375
183 0.0458984375
184 0.0146484375
185 -0.0419921875
186 0.0703125
187 0.1337890625
188 0.0810546875
189 -0.0126953125
190 0.0361328125
191 0.087890625
192 0.0361328125
193 -0.0947265625
194 0.01953125
195 0.087890625
196 0.04296875
197 -0.0966796875
198 -0.056640625
199 0.01171875
200 -0.0224609375
201 -0.13671875
202 -0.0478515625
203 0.0185546875
204 -0.0166015625
205 -0.1328125
206 -0.04296875
207 0.0205078125
208 -0.0146484375
209 -0.15625
210 -0.02734375
211 0.0458984375
212 0.015625
213 -0.041015625
214 0.0703125
215 0.1318359375
216 0.0810546875
217 -0.0107421875
218 0.03515625
219 0.087890625
220 0.0361328125
221 -0.091796875
222 0.0205078125
223 0.083984375
224 0.044921875
225 -0.0947265625
226 -0.0556640625
227 0.009765625
228 -0.0185546875
229 -0.1337890625
230 -0.0478515625
231 0.0166015625
232 -0.015625
233 -0.12890625
234 -0.04296875
235 0.01953125
236 -0.0146484375
237 -0.1552734375
238 -0.0283203125
239 0.0458984375
240 0.0126953125
241 -0.0400390625
242 0.068359375
243 0.1328125
244 0.0810546875
245 -0.01171875
246 0.03515625
247 0.0859375
248 0.03515625
249 -0.095703125
250 0.01953125
251 0.083984375
252 0.0439453125
253 -0.095703125
254 -0.0537109375
255 0.01171875
256 -0.0185546875
257 -0.1318359375
258 -0.0478515625
259 0.017578125
260 -0.0166015625
261 -0.125
262 -0.0439453125
263 0.0205078125
264 -0.0126953125
265 -0.15234375
266 -0.02734375
267 0.0458984375
268 0.0146484375
269 -0.0380859375
270 0.0703125
271 0.12890625
272 0.0830078125
273 -0.01171875
274 0.037109375
275 0.0849609375
276 0.0380859375
277 -0.08984375
278 0.0234375
279 0.0830078125
280 0.044921875
281 -0.0908203125
282 -0.052734375
283 0.0087890625
284 -0.0166015625
285 -0.1298828125
286 -0.0478515625
287 0.0166015625
288 -0.013671875
289 -0.125
290 -0.0419921875
291 0.0185546875
292 -0.0126953125
293 -0.1533203125
294 -0.02734375
295 0.04296875
296 0.0126953125
297 -0.0400390625
298 0.0703125
299 0.12890625
300 0.08203125
301 -0.0107421875
302 0.037109375
303 0.0869140625
304 0.037109375
305 -0.091796875
306 0.01953125
307 0.083984375
308 0.0419921875
309 -0.0927734375
310 -0.0546875
311 0.0107421875
312 -0.0185546875
313 -0.130859375
314 -0.0478515625
315 0.01953125
316 -0.0166015625
317 -0.1259765625
318 -0.041015625
319 0.0205078125
320 -0.0126953125
321 -0.154296875
322 -0.02734375
323 0.046875
324 0.0146484375
325 -0.0400390625
326 0.0712890625
327 0.1318359375
328 0.08203125
329 -0.01171875
330 0.037109375
331 0.0869140625
332 0.0380859375
333 -0.0927734375
334 0.021484375
335 0.0869140625
336 0.044921875
337 -0.091796875
338 -0.052734375
339 0.01171875
340 -0.01953125
341 -0.1328125
342 -0.0478515625
343 0.0166015625
344 -0.015625
345 -0.12890625
346 -0.041015625
347 0.0205078125
348 -0.0126953125
349 -0.1552734375
350 -0.0283203125
351 0.044921875
352 0.013671875
353 -0.0400390625
354 0.0703125
355 0.1318359375
356 0.0810546875
357 -0.009765625
358 0.037109375
359 0.0908203125
360 0.037109375
361 -0.0947265625
362 0.0205078125
363 0.083984375
364 0.0439453125
365 -0.09375
366 -0.0537109375
367 0.0107421875
368 -0.01953125
369 -0.1337890625
370 -0.0458984375
371 0.017578125
372 -0.0146484375
373 -0.1279296875
374 -0.04296875
375 0.021484375
376 -0.013671875
377 -0.1513671875
378 -0.0263671875
379 0.0478515625
380 0.015625
381 -0.0390625
382 0.0732421875
383 0.1337890625
384 0.08203125
385 -0.009765625
386 0.0380859375
387 0.0888671875
388 0.0380859375
389 -0.095703125
390 0.021484375
391 0.0869140625
392 0.0439453125
393 -0.0947265625
394 -0.0537109375
395 0.0126953125
396 -0.01953125
397 -0.1318359375
398 -0.048828125
399 0.0185546875
400 -0.015625
401 -0.1259765625
402 -0.04296875
403 0.0205078125
404 -0.013671875
405 -0.1513671875
406 -0.0263671875
407 0.0439453125
408 0.0146484375
409 -0.0390625
410 0.072265625
411 0.130859375
412 0.0830078125
413 -0.0107421875
414 0.0390625
415 0.087890625
416 0.0380859375
417 -0.09375
418 0.021484375
419 0.0859375
420 0.0439453125
421 -0.09375
422 -0.0537109375
423 0.0126953125
424 -0.017578125
425 -0.1318359375
426 -0.0478515625
427 0.0185546875
428 -0.0146484375
429 -0.1279296875
430 -0.041015625
431 0.021484375
432 -0.01171875
433 -0.1552734375
434 -0.0283203125
435 0.044921875
436 0.0146484375
437 -0.0419921875
438 0.0712890625
439 0.1328125
440 0.08203125
441 -0.0126953125
442 0.0380859375
443 0.091796875
444 0.0361328125
445 -0.0947265625
446 0.0224609375
447 0.087890625
448 0.0439453125
449 -0.0947265625
450 -0.0537109375
451 0.0166015625
452 -0.0205078125
453 -0.134765625
454 -0.0458984375
455 0.021484375
456 -0.0146484375
457 -0.130859375
458 -0.0419921875
459 0.0244140625
460 -0.013671875
461 -0.15625
462 -0.025390625
463 0.0478515625
464 0.0146484375
465 -0.0419921875
466 0.0712890625
467 0.1357421875
468 0.0810546875
469 -0.0107421875
470 0.037109375
471 0.08984375
472 0.0361328125
473 -0.09375
474 0.021484375
475 0.0859375
476 0.0439453125
477 -0.0947265625
478 -0.0537109375
479 0.0126953125
480 -0.0185546875
481 -0.1328125
482 -0.0458984375
483 0.0185546875
484 -0.013671875
485 -0.12890625
486 -0.041015625
487 0.0224609375
488 -0.013671875
489 -0.1533203125
490 -0.0244140625
491 0.048828125
492 0.015625
493 -0.0390625
494 0.072265625
495 0.134765625
496 0.0830078125
497 -0.01171875
498 0.0380859375
499 0.0927734375
500 0.037109375
501 -0.0927734375
502 0.0244140625
503 0.0927734375
504 0.0458984375
505 -0.09375
506 -0.048828125
507 0.0205078125
508 -0.01953125
509 -0.134765625
510 -0.044921875
511 0.0263671875
512 -0.015625
513 -0.130859375
514 -0.0400390625
515 0.029296875
516 -0.0146484375
517 -0.15625
518 -0.0244140625
519 0.052734375
520 0.0146484375
521 -0.0419921875
522 0.0732421875
523 0.138671875
524 0.0810546875
525 -0.0146484375
526 0.0400390625
527 0.0966796875
528 0.0361328125
529 -0.09765625
530 0.0244140625
531 0.0908203125
532 0.0439453125
533 -0.0947265625
534 -0.0546875
535 0.017578125
536 -0.021484375
537 -0.134765625
538 -0.0478515625
539 0.025390625
540 -0.015625
541 -0.1298828125
542 -0.0400390625
543 0.0283203125
544 -0.0146484375
545 -0.1552734375
546 -0.0244140625
547 0.05078125
548 0.0146484375
549 -0.04296875
550 0.072265625
551 0.13671875
552 0.0810546875
553 -0.0126953125
554 0.041015625
555 0.0947265625
556 0.037109375
557 -0.095703125
558 0.0244140625
559 0.091796875
560 0.044921875
561 -0.095703125
562 -0.05078125
563 0.01953125
564 -0.0185546875
565 -0.1337890625
566 -0.046875
567 0.0224609375
568 -0.013671875
569 -0.1298828125
570 -0.0400390625
571 0.0244140625
572 -0.013671875
573 -0.158203125
574 -0.025390625
575 0.0498046875
576 0.013671875
577 -0.0419921875
578 0.072265625
579 0.1376953125
580 0.0810546875
581 -0.013671875
582 0.037109375
583 0.091796875
584 0.037109375
585 -0.0966796875
586 0.021484375
587 0.08984375
588 0.0439453125
589 -0.095703125
590 -0.0537109375
591 0.0146484375
592 -0.01953125
593 -0.13671875
594 -0.0458984375
595 0.0224609375
596 -0.013671875
597 -0.1279296875
598 -0.0400390625
599 0.0244140625
600 -0.01171875
601 -0.1513671875
602 -0.0263671875
603 0.0498046875
604 0.015625
605 -0.041015625
606 0.0732421875
607 0.13671875
608 0.08203125
609 -0.0107421875
610 0.0380859375
611 0.0947265625
612 0.0361328125
613 -0.0947265625
614 0.0234375
615 0.0908203125
616 0.044921875
617 -0.0947265625
618 -0.05078125
619 0.017578125
620 -0.017578125
621 -0.1337890625
622 -0.0458984375
623 0.0234375
624 -0.013671875
625 -0.130859375
626 -0.0419921875
627 0.025390625
628 -0.013671875
629 -0.154296875
630 -0.02734375
631 0.048828125
632 0.015625
633 -0.0419921875
634 0.072265625
635 0.1357421875
636 0.08203125
637 -0.01171875
638 0.0390625
639 0.08984375
640 0.0380859375
641 -0.09375
642 0.0224609375
643 0.0888671875
644 0.044921875
645 -0.09375
646 -0.0517578125
647 0.015625
648 -0.0185546875
649 -0.1328125
650 -0.0458984375
651 0.0224609375
652 -0.0146484375
653 -0.126953125
654 -0.0419921875
655 0.0244140625
656 -0.0126953125
657 -0.154296875
658 -0.025390625
659 0.0478515625
660 0.015625
661 -0.0419921875
662 0.0732421875
663 0.13671875
664 0.0830078125
665 -0.0126953125
666 0.0390625
667 0.0927734375
668 0.0380859375
669 -0.09375
670 0.0224609375
671 0.0888671875
672 0.044921875
673 -0.09375
674 -0.052734375
675 0.0166015625
676 -0.0185546875
677 -0.1337890625
678 -0.046875
679 0.0205078125
680 -0.013671875
681 -0.1298828125
682 -0.0419921875
683 0.0234375
684 -0.013671875
685 -0.15625
686 -0.0283203125
687 0.046875
688 0.0146484375
689 -0.041015625
690 0.072265625
691 0.1337890625
692 0.08203125
693 -0.0107421875
694 0.0380859375
695 0.08984375
696 0.0380859375
697 -0.0927734375
698 0.0224609375
699 0.0859375
700 0.044921875
701 -0.0908203125
702 -0.0517578125
703 0.0126953125
704 -0.0185546875
705 -0.130859375
706 -0.0458984375
707 0.0205078125
708 -0.0126953125
709 -0.126953125
710 -0.0390625
711 0.0234375
712 -0.0107421875
713 -0.1533203125
714 -0.0244140625
715 0.048828125
716 0.0146484375
717 -0.037109375
718 0.0732421875
719 0.134765625
720 0.0830078125
721 -0.0087890625
722 0.0380859375
723 0.091796875
724 0.0380859375
725 -0.0927734375
726 0.0224609375
727 0.0888671875
728 0.044921875
729 -0.091796875
730 -0.05078125
731 0.017578125
732 -0.0166015625
733 -0.1318359375
734 -0.0439453125
735 0.0234375
736 -0.0126953125
737 -0.126953125
738 -0.0390625
739 0.02734375
740 -0.01171875
741 -0.154296875
742 -0.0263671875
743 0.05078125
744 0.0146484375
745 -0.0390625
746 0.0732421875
747 0.13671875
748 0.08203125
749 -0.0107421875
750 0.0390625
751 0.09375
752 0.0380859375
753 -0.095703125
754 0.0224609375
755 0.087890625
756 0.044921875
757 -0.091796875
758 -0.0498046875
759 0.0166015625
760 -0.0166015625
761 -0.130859375
762 -0.0458984375
763 0.021484375
764 -0.0146484375
765 -0.126953125
766 -0.0400390625
767 0.025390625
768 -0.013671875
769 -0.15234375
770 -0.0263671875
771 0.0498046875
772 0.015625
773 -0.0400390625
774 0.072265625
775 0.1337890625
776 0.0810546875
777 -0.01171875
778 0.0380859375
779 0.08984375
780 0.0380859375
781 -0.0927734375
782 0.0234375
783 0.087890625
784 0.0439453125
785 -0.08984375
786 -0.05078125
787 0.015625
788 -0.0185546875
789 -0.1318359375
790 -0.046875
791 0.0234375
792 -0.0126953125
793 -0.126953125
794 -0.041015625
795 0.025390625
796 -0.01171875
797 -0.1552734375
798 -0.0263671875
799 0.046875
800 0.0146484375
801 -0.041015625
802 0.0712890625
803 0.1337890625
804 0.083984375
805 -0.009765625
806 0.0380859375
807 0.0888671875
808 0.0390625
809 -0.0908203125
810 0.021484375
811 0.083984375
812 0.0458984375
813 -0.091796875
814 -0.052734375
815 0.01171875
816 -0.017578125
817 -0.1298828125
818 -0.0478515625
819 0.017578125
820 -0.0126953125
821 -0.126953125
822 -0.0419921875
823 0.0166015625
824 -0.0107421875
825 -0.150390625
826 -0.025390625
827 0.0439453125
828 0.0185546875
829 -0.0380859375
830 0.0712890625
831 0.1318359375
832 0.0830078125
833 -0.009765625
834 0.037109375
835 0.08984375
836 0.0380859375
837 -0.0888671875
838 0.0224609375
839 0.0859375
840 0.046875
841 -0.08984375
842 -0.0537109375
843 0.0126953125
844 -0.017578125
845 -0.1298828125
846 -0.044921875
847 0.01953125
848 -0.013671875
849 -0.126953125
850 -0.041015625
851 0.021484375
852 -0.0107421875
853 -0.15234375
854 -0.025390625
855 0.046875
856 0.015625
857 -0.037109375
858 0.072265625
859 0.134765625
860 0.0830078125
861 -0.009765625
862 0.0380859375
863 0.0888671875
864 0.0380859375
865 -0.091796875
866 0.021484375
867 0.0849609375
868 0.044921875
869 -0.09375
870 -0.0537109375
871 0.0087890625
872 -0.01953125
873 -0.130859375
874 -0.0478515625
875 0.0166015625
876 -0.013671875
877 -0.126953125
878 -0.0419921875
879 0.01953125
880 -0.0107421875
881 -0.150390625
882 -0.02734375
883 0.04296875
884 0.017578125
885 -0.037109375
886 0.0712890625
887 0.1318359375
888 0.0830078125
889 -0.009765625
890 0.0380859375
891 0.087890625
892 0.0390625
893 -0.0927734375
894 0.0234375
895 0.0859375
896 0.046875
897 -0.091796875
898 -0.0517578125
899 0.013671875
900 -0.017578125
901 -0.1298828125
902 -0.0458984375
903 0.0205078125
904 -0.0126953125
905 -0.125
906 -0.0400390625
907 0.0224609375
908 -0.01171875
909 -0.154296875
910 -0.0283203125
911 0.044921875
912 0.015625
913 -0.0390625
914 0.0712890625
915 0.1328125
916 0.08203125
917 -0.0107421875
918 0.037109375
919 0.0888671875
920 0.0380859375
921 -0.09375
922 0.021484375
923 0.0869140625
924 0.04296875
925 -0.0947265625
926 -0.0556640625
927 0.013671875
928 -0.0205078125
929 -0.1328125
930 -0.046875
931 0.0234375
932 -0.0146484375
933 -0.1279296875
934 -0.0400390625
935 0.0244140625
936 -0.0107421875
937 -0.154296875
938 -0.025390625
939 0.048828125
940 0.017578125
941 -0.0390625
942 0.072265625
943 0.1357421875
944 0.0830078125
945 -0.0107421875
946 0.0390625
947 0.091796875
948 0.0390625
949 -0.091796875
950 0.0234375
951 0.08984375
952 0.046875
953 -0.0927734375
954 -0.0517578125
955 0.0166015625
956 -0.0185546875
957 -0.134765625
958 -0.0458984375
959 0.0224609375
960 -0.0126953125
961 -0.130859375
962 -0.0400390625
963 0.025390625
964 -0.013671875
965 -0.1572265625
966 -0.0263671875
967 0.048828125
968 0.013671875
969 -0.0419921875
970 0.0712890625
971 0.1357421875
972 0.080078125
973 -0.0107421875
974 0.0380859375
975 0.0927734375
976 0.0380859375
977 -0.0927734375
978 0.0234375
979 0.0888671875
980 0.044921875
981 -0.0947265625
982 -0.052734375
983 0.0146484375
984 -0.0185546875
985 -0.1337890625
986 -0.0458984375
987 0.0224609375
988 -0.0126953125
989 -0.12890625
990 -0.0400390625
991 0.025390625
992 -0.0126953125
993 -0.1552734375
994 -0.0263671875
995 0.0498046875
996 0.0166015625
997 -0.0400390625
998 0.0732421875
999 0.13671875
1000 0.0830078125
1001 -0.01171875
1002 0.0390625
1003 0.091796875
1004 0.0380859375
1005 -0.09375
1006 0.0244140625
1007 0.0888671875
1008 0.0458984375
1009 -0.0947265625
1010 -0.052734375
1011 0.0146484375
1012 -0.017578125
1013 -0.1337890625
1014 -0.0458984375
1015 0.021484375
1016 -0.015625
1017 -0.1318359375
1018 -0.041015625
1019 0.025390625
1020 -0.0146484375
1021 -0.1572265625
1022 -0.0263671875
1023 0.0478515625
1024 0.013671875
1025 -0.0419921875
1026 0.072265625
1027 0.13671875
1028 0.0830078125
1029 -0.01171875
1030 0.0400390625
1031 0.091796875
1032 0.0380859375
1033 -0.0947265625
1034 0.0234375
1035 0.08984375
1036 0.044921875
1037 -0.095703125
1038 -0.0546875
1039 0.0146484375
1040 -0.01953125
1041 -0.1357421875
1042 -0.046875
1043 0.0244140625
1044 -0.015625
1045 -0.1298828125
1046 -0.0400390625
1047 0.0263671875
1048 -0.013671875
1049 -0.15625
1050 -0.0244140625
1051 0.0498046875
1052 0.0166015625
1053 -0.0419921875
1054 0.0732421875
1055 0.138671875
1056 0.0830078125
1057 -0.0107421875
1058 0.041015625
1059 0.09375
1060 0.0380859375
1061 -0.09375
1062 0.0234375
1063 0.08984375
1064 0.0439453125
1065 -0.0947265625
1066 -0.0546875
1067 0.0166015625
1068 -0.01953125
1069 -0.1337890625
1070 -0.0458984375
1071 0.0244140625
1072 -0.013671875
1073 -0.1328125
1074 -0.0419921875
1075 0.0263671875
1076 -0.013671875
1077 -0.1572265625
1078 -0.0263671875
1079 0.048828125
1080 0.0146484375
1081 -0.0400390625
1082 0.0732421875
1083 0.1376953125
1084 0.08203125
1085 -0.0126953125
1086 0.0390625
1087 0.095703125
1088 0.0380859375
1089 -0.095703125
1090 0.0224609375
1091 0.0927734375
1092 0.044921875
1093 -0.0966796875
1094 -0.0537109375
1095 0.0166015625
1096 -0.01953125
1097 -0.134765625
1098 -0.044921875
1099 0.0224609375
1100 -0.013671875
1101 -0.130859375
1102 -0.0390625
1103 0.0263671875
1104 -0.0126953125
1105 -0.1572265625
1106 -0.0263671875
1107 0.0498046875
1108 0.0146484375
1109 -0.041015625
1110 0.0712890625
1111 0.134765625
1112 0.08203125
1113 -0.01171875
1114 0.0380859375
1115 0.091796875
1116 0.037109375
1117 -0.0927734375
1118 0.0234375
1119 0.0888671875
1120 0.044921875
1121 -0.095703125
1122 -0.052734375
1123 0.013671875
1124 -0.0185546875
1125 -0.134765625
1126 -0.046875
1127 0.0224609375
1128 -0.015625
1129 -0.130859375
1130 -0.041015625
1131 0.0263671875
1132 -0.0126953125
1133 -0.1572265625
1134 -0.02734375
1135 0.048828125
1136 0.0146484375
1137 -0.04296875
1138 0.0712890625
1139 0.13671875
1140 0.0830078125
1141 -0.0126953125
1142 0.0390625
1143 0.091796875
1144 0.0390625
1145 -0.09375
1146 0.0234375
1147 0.087890625
1148 0.044921875
1149 -0.0947265625
1150 -0.052734375
1151 0.0146484375
1152 -0.01953125
1153 -0.1318359375
1154 -0.048828125
1155 0.0205078125
1156 -0.013671875
1157 -0.1279296875
1158 -0.041015625
1159 0.0224609375
1160 -0.009765625
1161 -0.1533203125
1162 -0.0263671875
1163 0.0478515625
1164 0.0146484375
1165 -0.0390625
1166 0.0732421875
1167 0.1337890625
1168 0.0830078125
1169 -0.0107421875
1170 0.0400390625
1171 0.091796875
1172 0.0400390625
1173 -0.0908203125
1174 0.0244140625
1175 0.0888671875
1176 0.0458984375
1177 -0.0908203125
1178 -0.052734375
1179 0.0146484375
1180 -0.017578125
1181 -0.1298828125
1182 -0.044921875
1183 0.0224609375
1184 -0.0126953125
1185 -0.126953125
1186 -0.041015625
1187 0.0244140625
1188 -0.0107421875
1189 -0.154296875
1190 -0.025390625
1191 0.0458984375
1192 0.0166015625
1193 -0.0380859375
1194 0.0732421875
1195 0.1328125
1196 0.083984375
1197 -0.0087890625
1198 0.0380859375
1199 0.0888671875
1200 0.0390625
1201 -0.091796875
1202 0.0224609375
1203 0.0869140625
1204 0.044921875
1205 -0.09375
1206 -0.0537109375
1207 0.015625
1208 -0.0185546875
1209 -0.1337890625
1210 -0.0458984375
1211 0.0205078125
1212 -0.0126953125
1213 -0.1279296875
1214 -0.0390625
1215 0.025390625
1216 -0.0107421875
1217 -0.1552734375
1218 -0.025390625
1219 0.0498046875
1220 0.015625
1221 -0.0390625
1222 0.0732421875
1223 0.13671875
1224 0.0830078125
1225 -0.0087890625
1226 0.0390625
1227 0.09375
1228 0.0390625
1229 -0.09375
1230 0.0234375
1231 0.091796875
1232 0.0458984375
1233 -0.0947265625
1234 -0.05078125
1235 0.015625
1236 -0.0166015625
1237 -0.1318359375
1238 -0.044921875
1239 0.0205078125
1240 -0.0126953125
1241 -0.1259765625
1242 -0.0419921875
1243 0.0224609375
1244 -0.0107421875
1245 -0.154296875
1246 -0.0263671875
1247 0.0458984375
1248 0.0166015625
1249 -0.0390625
1250 0.072265625
1251 0.134765625
1252 0.083984375
1253 -0.009765625
1254 0.0380859375
1255 0.08984375
1256 0.0390625
1257 -0.095703125
1258 0.0224609375
1259 0.0869140625
1260 0.0458984375
1261 -0.0947265625
1262 -0.0537109375
1263 0.0126953125
1264 -0.0166015625
1265 -0.1337890625
1266 -0.048828125
1267 0.0205078125
1268 -0.0146484375
1269 -0.126953125
1270 -0.0419921875
1271 0.025390625
1272 -0.0126953125
1273 -0.1513671875
1274 -0.025390625
1275 0.0498046875
1276 0.0166015625
1277 -0.0390625
1278 0.0732421875
1279 0.134765625
1280 0.083984375
1281 -0.0107421875
1282 0.0419921875
1283 0.09375
1284 0.0390625
1285 -0.0908203125
1286 0.025390625
1287 0.0888671875
1288 0.0458984375
1289 -0.0908203125
1290 -0.0517578125
1291 0.0146484375
1292 -0.017578125
1293 -0.1318359375
1294 -0.0458984375
1295 0.021484375
1296 -0.0126953125
1297 -0.1279296875
1298 -0.041015625
1299 0.0234375
1300 -0.01171875
1301 -0.1533203125
1302 -0.0263671875
1303 0.0458984375
1304 0.0166015625
1305 -0.0380859375
1306 0.0732421875
1307 0.1318359375
1308 0.0859375
1309 -0.0087890625
1310 0.0380859375
1311 0.087890625
1312 0.0400390625
1313 -0.0888671875
1314 0.021484375
1315 0.0830078125
1316 0.044921875
1317 -0.091796875
1318 -0.0546875
1319 0.009765625
1320 -0.0166015625
1321 -0.1279296875
1322 -0.0478515625
1323 0.017578125
1324 -0.0107421875
1325 -0.1240234375
1326 -0.0419921875
1327 0.017578125
1328 -0.009765625
1329 -0.15234375
1330 -0.0263671875
1331 0.04296875
1332 0.017578125
1333 -0.0361328125
1334 0.072265625
1335 0.130859375
1336 0.083984375
1337 -0.0087890625
1338 0.0380859375
1339 0.087890625
1340 0.0400390625
1341 -0.0908203125
1342 0.021484375
1343 0.0859375
1344 0.0458984375
1345 -0.091796875
1346 -0.0556640625
1347 0.01171875
1348 -0.0185546875
1349 -0.1328125
1350 -0.0478515625
1351 0.0166015625
1352 -0.0146484375
1353 -0.126953125
1354 -0.0419921875
1355 0.01953125
1356 -0.0126953125
1357 -0.15234375
1358 -0.029296875
1359 0.0439453125
1360 0.0166015625
1361 -0.037109375
1362 0.0712890625
1363 0.1328125
1364 0.0830078125
1365 -0.0087890625
1366 0.037109375
1367 0.0888671875
1368 0.0380859375
1369 -0.0927734375
1370 0.0205078125
1371 0.083984375
1372 0.044921875
1373 -0.0947265625
1374 -0.052734375
1375 0.0107421875
1376 -0.0185546875
1377 -0.130859375
1378 -0.0458984375
1379 0.0205078125
1380 -0.0146484375
1381 -0.125
1382 -0.0400390625
1383 0.0234375
1384 -0.009765625
1385 -0.150390625
1386 -0.025390625
1387 0.0478515625
1388 0.017578125
1389 -0.0361328125
1390 0.072265625
1391 0.1337890625
1392 0.0849609375
1393 -0.0087890625
1394 0.0400390625
1395 0.0908203125
1396 0.041015625
1397 -0.091796875
1398 0.0234375
1399 0.087890625
1400 0.046875
1401 -0.0927734375
1402 -0.052734375
1403 0.0146484375
1404 -0.017578125
1405 -0.130859375
1406 -0.0439453125
1407 0.0224609375
1408 -0.0126953125
1409 -0.125
1410 -0.041015625
1411 0.025390625
1412 -0.01171875
1413 -0.15234375
1414 -0.025390625
1415 0.0478515625
1416 0.0166015625
1417 -0.037109375
1418 0.072265625
1419 0.1337890625
1420 0.083984375
1421 -0.0078125
1422 0.0400390625
1423 0.0908203125
1424 0.0390625
1425 -0.0888671875
1426 0.0224609375
1427 0.0869140625
1428 0.044921875
1429 -0.08984375
1430 -0.0537109375
1431 0.01171875
1432 -0.0166015625
1433 -0.12890625
1434 -0.0458984375
1435 0.01953125
1436 -0.0126953125
1437 -0.123046875
1438 -0.0400390625
1439 0.0234375
1440 -0.0087890625
1441 -0.126953125
1442 -0.0048828125
1443 0.0654296875
1444 0.0302734375
1445 -0.0810546875
1446 -0.03125
1447 0.03125
1448 -0.0068359375
1449 -0.119140625
1450 -0.041015625
1451 0.02734375
1452 -0.0078125
1453 -0.1259765625
1454 -0.046875
1455 0.021484375
1456 -0.013671875
1457 -0.1796875
1458 -0.083984375
1459 -0.0166015625
1460 -0.0400390625
1461 -0.1962890625
1462 -0.0615234375
1463 0.01953125
1464 -0.0029296875
1465 -0.0732421875
1466 0.04296875
1467 0.1083984375
1468 0.064453125
1469 0.005859375
1470 0.109375
1471 0.16796875
1472 0.1103515625
1473 0.017578125
1474 0.0615234375
1475 0.1123046875
1476 0.056640625
1477 -0.048828125
1478 0.0576171875
1479 0.119140625
1480 0.0703125
1481 -0.005859375
1482 0.095703125
1483 0.1533203125
1484 0.0986328125
1485 -0.021484375
1486 0.0224609375
1487 0.0751953125
1488 0.02734375
1489 -0.0771484375
1490 0.0361328125
1491 0.1005859375
1492 0.0546875
1493 -0.0107421875
1494 0.08984375
1495 0.146484375
1496 0.0927734375
1497 -0.015625
1498 0.0234375
1499 0.0751953125
1500 0.0263671875
1501 -0.080078125
1502 -0.005859375
1503 0.0517578125
1504 0.01171875
1505 -0.083984375
1506 0.0283203125
1507 0.0927734375
1508 0.048828125
1509 -0.0634765625
1510 0.0439453125
1511 0.1044921875
1512 0.0595703125
1513 -0.0439453125
1514 0.0625
1515 0.1220703125
1516 0.0712890625
1517 0.0
1518 0.1015625
1519 0.1552734375
1520 0.0986328125
1521 0.0078125
1522 0.0498046875
1523 0.1025390625
1524 0.044921875
1525 -0.046875
1526 0.0576171875
1527 0.119140625
1528 0.0654296875
1529 -0.0439453125
1530 0.0595703125
1531 0.1171875
1532 0.06640625
1533 -0.0966796875
1534 -0.0556640625
1535 0.005859375
1536 -0.029296875
1537 -0.197265625
1538 -0.111328125
1539 -0.033203125
1540 -0.056640625
1541 -0.1640625
1542 -0.037109375
1543 0.0380859375
1544 0.0029296875
1545 -0.0537109375
1546 0.0576171875
1547 0.12109375
1548 0.06640625
1549 0.0048828125
1550 0.1044921875
1551 0.1591796875
1552 0.1005859375
1553 -0.0185546875
1554 0.0205078125
1555 0.0703125
1556 0.021484375
1557 -0.1044921875
1558 -0.0263671875
1559 0.029296875
1560 -0.0107421875
1561 -0.1923828125
1562 -0.126953125
1563 -0.0498046875
1564 -0.0673828125
1565 -0.169921875
1566 -0.078125
1567 -0.01171875
1568 -0.041015625
1569 -0.205078125
1570 -0.1298828125
1571 -0.05078125
1572 -0.0693359375
1573 -0.1865234375
1574 -0.0546875
1575 0.01953125
1576 -0.0048828125
1577 -0.1044921875
1578 -0.0546875
1579 0.009765625
1580 -0.0224609375
1581 -0.134765625
1582 -0.0478515625
1583 0.013671875
1584 -0.01953125
1585 -0.1298828125
1586 -0.0478515625
1587 0.017578125
1588 -0.0166015625
1589 -0.1064453125
1590 0.009765625
1591 0.0771484375
1592 0.0380859375
1593 -0.0146484375
1594 0.08984375
1595 0.150390625
1596 0.09375
1597 -0.0166015625
1598 0.083984375
1599 0.1396484375
1600 0.087890625
1601 -0.0166015625
1602 0.0849609375
1603 0.1376953125
1604 0.0869140625
1605 0.013671875
1606 0.1123046875
1607 0.1640625
1608 0.10546875
1609 0.0166015625
1610 0.0556640625
1611 0.1044921875
1612 0.048828125
1613 -0.04296875
1614 0.060546875
1615 0.1171875
1616 0.0673828125
1617 -0.04296875
1618 0.05859375
1619 0.115234375
1620 0.0654296875
1621 -0.0966796875
1622 -0.0576171875
1623 0.0029296875
1624 -0.029296875
1625 -0.1962890625
1626 -0.1083984375
1627 -0.033203125
1628 -0.0546875
1629 -0.166015625
1630 -0.0361328125
1631 0.037109375
1632 0.0029296875
1633 -0.0703125
1634 0.0419921875
1635 0.107421875
1636 0.0576171875
1637 -0.0048828125
1638 0.0986328125
1639 0.1552734375
1640 0.09375
1641 -0.021484375
1642 0.017578125
1643 0.0693359375
1644 0.0185546875
1645 -0.111328125
1646 -0.029296875
1647 0.029296875
1648 -0.0126953125
1649 -0.1953125
1650 -0.126953125
1651 -0.048828125
1652 -0.0693359375
1653 -0.1767578125
1654 -0.078125
1655 -0.0087890625
1656 -0.0439453125
1657 -0.2099609375
1658 -0.1298828125
1659 -0.0478515625
1660 -0.0712890625
1661 -0.19140625
1662 -0.05859375
1663 0.021484375
1664 -0.009765625
1665 -0.107421875
1666 -0.056640625
1667 0.0126953125
1668 -0.0244140625
1669 -0.1376953125
1670 -0.0458984375
1671 0.017578125
1672 -0.0205078125
1673 -0.1318359375
1674 -0.044921875
1675 0.0205078125
1676 -0.0166015625
1677 -0.1083984375
1678 0.0107421875
1679 0.0810546875
1680 0.037109375
1681 -0.0126953125
1682 0.0927734375
1683 0.1552734375
1684 0.0966796875
1685 0.04296875
1686 0.1416015625
1687 0.1953125
1688 0.1298828125
1689 0.0693359375
1690 0.162109375
1691 0.212890625
1692 0.14453125
1693 0.0380859375
1694 0.1298828125
1695 0.1806640625
1696 0.1171875
1697 0.009765625
1698 0.10546875
1699 0.1572265625
1700 0.0966796875
1701 0.01953125
1702 0.1162109375
1703 0.1669921875
1704 0.103515625
1705 0.015625
1706 0.0546875
1707 0.1044921875
1708 0.0458984375
1709 -0.044921875
1710 0.060546875
1711 0.1162109375
1712 0.0634765625
1713 0.0087890625
1714 0.109375
1715 0.1630859375
1716 0.099609375
1717 0.0380859375
1718 0.134765625
1719 0.1884765625
1720 0.1181640625
1721 0.0126953125
1722 0.1064453125
1723 0.158203125
1724 0.09375
1725 -0.0654296875
1726 -0.033203125
1727 0.0224609375
1728 -0.021484375
1729 -0.1845703125
1730 -0.103515625
1731 -0.0302734375
1732 -0.0625
1733 -0.171875
1734 -0.0458984375
1735 0.0234375
1736 -0.01171875
1737 -0.0732421875
1738 0.0380859375
1739 0.1005859375
1740 0.0478515625
1741 -0.017578125
1742 0.0869140625
1743 0.1396484375
1744 0.080078125
1745 -0.0380859375
1746 -0.001953125
1747 0.0498046875
1748 0.0
1749 -0.1279296875
1750 -0.048828125
1751 0.009765625
1752 -0.0322265625
1753 -0.2109375
1754 -0.14453125
1755 -0.06640625
1756 -0.0869140625
1757 -0.1904296875
1758 -0.095703125
1759 -0.0283203125
1760 -0.0576171875
1761 -0.2236328125
1762 -0.14453125
1763 -0.0673828125
1764 -0.0859375
1765 -0.2080078125
1766 -0.072265625
1767 0.0048828125
1768 -0.0234375
1769 -0.1240234375
1770 -0.0712890625
1771 -0.0009765625
1772 -0.041015625
1773 -0.162109375
1774 -0.0703125
1775 -0.0029296875
1776 -0.041015625
1777 -0.166015625
1778 -0.078125
1779 -0.0068359375
1780 -0.0419921875
1781 -0.14453125
1782 -0.017578125
1783 0.0546875
1784 0.013671875
1785 -0.0361328125
1786 0.0751953125
1787 0.1376953125
1788 0.0791015625
1789 0.017578125
1790 0.1201171875
1791 0.177734375
1792 0.1103515625
1793 0.0439453125
1794 0.142578125
1795 0.197265625
1796 0.125
1797 0.056640625
1798 0.1533203125
1799 0.2060546875
1800 0.1318359375
1801 0.0654296875
1802 0.16015625
1803 0.2119140625
1804 0.13671875
1805 0.0234375
1806 0.1171875
1807 0.169921875
1808 0.1005859375
1809 -0.01171875
1810 0.0859375
1811 0.1416015625
1812 0.0791015625
1813 -0.0009765625
1814 0.0986328125
1815 0.150390625
1816 0.0859375
1817 -0.005859375
1818 0.03515625
1819 0.0859375
1820 0.0263671875
1821 -0.06640625
1822 0.0400390625
1823 0.1005859375
1824 0.0439453125
1825 -0.0166015625
1826 0.083984375
1827 0.140625
1828 0.0771484375
1829 0.0146484375
1830 0.111328125
1831 0.1669921875
1832 0.09765625
1833 -0.0087890625
1834 0.087890625
1835 0.1416015625
1836 0.0751953125
1837 -0.0888671875
1838 -0.0537109375
1839 0.00390625
1840 -0.0419921875
1841 -0.208984375
1842 -0.125
1843 -0.0498046875
1844 -0.0810546875
1845 -0.1884765625
1846 -0.0634765625
1847 0.0087890625
1848 -0.0244140625
1849 -0.083984375
1850 0.0263671875
1851 0.087890625
1852 0.0361328125
1853 -0.0283203125
1854 0.07421875
1855 0.12890625
1856 0.0693359375
1857 -0.05078125
1858 -0.0126953125
1859 0.0380859375
1860 -0.009765625
1861 -0.138671875
1862 -0.060546875
1863 -0.0029296875
1864 -0.041015625
1865 -0.2216796875
1866 -0.1552734375
1867 -0.0791015625
1868 -0.0966796875
1869 -0.2001953125
1870 -0.10546875
1871 -0.041015625
1872 -0.0693359375
1873 -0.234375
1874 -0.15625
1875 -0.08203125
1876 -0.0947265625
1877 -0.2138671875
1878 -0.083984375
1879 -0.0126953125
1880 -0.0322265625
1881 -0.1318359375
1882 -0.0810546875
1883 -0.021484375
1884 -0.0478515625
1885 -0.1982421875
1886 -0.109375
1887 -0.044921875
1888 -0.0654296875
1889 -0.205078125
1890 -0.1181640625
1891 -0.0478515625
1892 -0.06640625
1893 -0.1591796875
1894 -0.0400390625
1895 0.029296875
1896 0.0009765625
1897 -0.04296875
1898 0.0615234375
1899 0.1162109375
1900 0.0703125
1901 0.01171875
1902 0.1064453125
1903 0.158203125
1904 0.1015625
1905 0.0380859375
1906 0.1279296875
1907 0.1796875
1908 0.115234375
1909 0.046875
1910 0.13671875
1911 0.189453125
1912 0.12109375
1913 0.0576171875
1914 0.1474609375
1915 0.19921875
1916 0.126953125
1917 0.01953125
1918 0.111328125
1919 0.16015625
1920 0.095703125
1921 -0.015625
1922 0.0810546875
1923 0.134765625
1924 0.0732421875
1925 -0.0048828125
1926 0.0927734375
1927 0.1416015625
1928 0.0791015625
1929 -0.0126953125
1930 0.02734375
1931 0.078125
1932 0.01953125
1933 -0.0693359375
1934 0.033203125
1935 0.0927734375
1936 0.0390625
1937 -0.0166015625
1938 0.08203125
1939 0.13671875
1940 0.0751953125
1941 0.0146484375
1942 0.1103515625
1943 0.1630859375
1944 0.095703125
1945 -0.009765625
1946 0.0869140625
1947 0.13671875
1948 0.0732421875
1949 -0.0849609375
1950 -0.048828125
1951 0.0048828125
1952 -0.0400390625
1953 -0.2001953125
1954 -0.119140625
1955 -0.0458984375
1956 -0.080078125
1957 -0.1884765625
1958 -0.0625
1959 0.01171875
1960 -0.0263671875
1961 -0.087890625
1962 0.0224609375
1963 0.0849609375
1964 0.03125
1965 -0.0341796875
1966 0.0703125
1967 0.1259765625
1968 0.064453125
1969 -0.0556640625
1970 -0.015625
1971 0.0361328125
1972 -0.0146484375
1973 -0.14453125
1974 -0.0634765625
1975 -0.0048828125
1976 -0.046875
1977 -0.228515625
1978 -0.1611328125
1979 -0.080078125
1980 -0.103515625
1981 -0.2080078125
1982 -0.1103515625
1983 -0.0380859375
1984 -0.0732421875
1985 -0.2392578125
1986 -0.16015625
1987 -0.0791015625
1988 -0.0986328125
1989 -0.220703125
1990 -0.0849609375
1991 -0.009765625
1992 -0.0361328125
1993 -0.1357421875
1994 -0.0849609375
1995 -0.0205078125
1996 -0.0517578125
1997 -0.1708984375
1998 -0.08203125
1999 -0.01953125
2000 -0.0517578125
2001 -0.1689453125
2002 -0.0869140625
2003 -0.0185546875
2004 -0.05078125
2005 -0.1416015625
2006 -0.0244140625
2007 0.0458984375
2008 0.0078125
2009 -0.0419921875
2010 0.0654296875
2011 0.123046875
2012 0.0703125
2013 0.0068359375
2014 0.107421875
2015 0.1591796875
2016 0.099609375
2017 0.0302734375
2018 0.125
2019 0.1767578125
2020 0.1103515625
2021 0.03515625
2022 0.12890625
2023 0.1787109375
2024 0.1103515625
2025 0.048828125
2026 0.1396484375
2027 0.1904296875
2028 0.1201171875
2029 0.013671875
2030 0.103515625
2031 0.1513671875
2032 0.0888671875
2033 -0.0205078125
2034 0.07421875
2035 0.125
2036 0.0673828125
2037 -0.0126953125
2038 0.0849609375
2039 0.1357421875
2040 0.0751953125
2041 -0.03125
2042 0.0068359375
2043 0.05859375
2044 0.00390625
2045 -0.0849609375
2046 0.0205078125
2047 0.0810546875
2048 0.0283203125
2049 -0.0283203125
2050 0.07421875
2051 0.130859375
2052 0.0673828125
2053 0.0107421875
2054 0.10546875
2055 0.1552734375
2056 0.091796875
2057 -0.015625
2058 0.078125
2059 0.130859375
2060 0.0654296875
2061 -0.0927734375
2062 -0.0576171875
2063 -0.0029296875
2064 -0.044921875
2065 -0.212890625
2066 -0.130859375
2067 -0.0576171875
2068 -0.0869140625
2069 -0.1982421875
2070 -0.0712890625
2071 0.0029296875
2072 -0.03515625
2073 -0.1103515625
2074 0.005859375
2075 0.072265625
2076 0.0185546875
2077 -0.04296875
2078 0.0625
2079 0.1220703125
2080 0.0576171875
2081 -0.0634765625
2082 -0.0205078125
2083 0.03515625
2084 -0.0205078125
2085 -0.15234375
2086 -0.06640625
2087 -0.0029296875
2088 -0.0498046875
2089 -0.2333984375
2090 -0.1650390625
2091 -0.0791015625
2092 -0.10546875
2093 -0.2138671875
2094 -0.111328125
2095 -0.0390625
2096 -0.078125
2097 -0.2431640625
2098 -0.1630859375
2099 -0.0771484375
2100 -0.103515625
2101 -0.2294921875
2102 -0.0888671875
2103 -0.0078125
2104 -0.0400390625
2105 -0.1416015625
2106 -0.0869140625
2107 -0.0166015625
2108 -0.0546875
2109 -0.220703125
2110 -0.1220703125
2111 -0.0458984375
2112 -0.080078125
2113 -0.2333984375
2114 -0.1357421875
2115 -0.052734375
2116 -0.0830078125
2117 -0.17578125
2118 -0.04296875
2119 0.0361328125
2120 -0.0068359375
2121 -0.0576171875
2122 0.056640625
2123 0.123046875
2124 0.0615234375
2125 -0.0029296875
2126 0.103515625
2127 0.1640625
2128 0.0947265625
2129 0.017578125
2130 0.1201171875
2131 0.177734375
2132 0.10546875
2133 0.0322265625
2134 0.130859375
2135 0.185546875
2136 0.11328125
2137 0.0419921875
2138 0.1416015625
2139 0.197265625
2140 0.1201171875
2141 0.0087890625
2142 0.10546875
2143 0.16015625
2144 0.0869140625
2145 -0.0302734375
2146 0.07421875
2147 0.1337890625
2148 0.0654296875
2149 -0.0166015625
2150 0.0888671875
2151 0.1435546875
2152 0.0732421875
2153 -0.0205078125
2154 0.025390625
2155 0.0791015625
2156 0.0146484375
2157 -0.0791015625
2158 0.03125
2159 0.0947265625
2160 0.03515625
2161 -0.0341796875
2162 0.0712890625
2163 0.1337890625
2164 0.0654296875
2165 0.0029296875
2166 0.103515625
2167 0.1611328125
2168 0.0888671875
2169 -0.0185546875
2170 0.0810546875
2171 0.134765625
2172 0.068359375
2173 -0.0927734375
2174 -0.0546875
2175 0.0029296875
2176 -0.0439453125
2177 -0.20703125
2178 -0.12109375
2179 -0.046875
2180 -0.0810546875
2181 -0.1953125
2182 -0.064453125
2183 0.0126953125
2184 -0.029296875
2185 -0.0947265625
2186 0.0224609375
2187 0.087890625
2188 0.029296875
2189 -0.0400390625
2190 0.0673828125
2191 0.1279296875
2192 0.0615234375
2193 -0.0634765625
2194 -0.021484375
2195 0.033203125
2196 -0.0205078125
2197 -0.150390625
2198 -0.06640625
2199 -0.0068359375
2200 -0.0498046875
2201 -0.2314453125
2202 -0.162109375
2203 -0.0830078125
2204 -0.10546875
2205 -0.2109375
2206 -0.11328125
2207 -0.0419921875
2208 -0.0771484375
2209 -0.2421875
2210 -0.1630859375
2211 -0.0810546875
2212 -0.1025390625
2213 -0.224609375
2214 -0.08984375
2215 -0.0107421875
2216 -0.041015625
2217 -0.1416015625
2218 -0.0888671875
2219 -0.0185546875
2220 -0.0556640625
2221 -0.1796875
2222 -0.0869140625
2223 -0.0205078125
2224 -0.0546875
2225 -0.181640625
2226 -0.0927734375
2227 -0.021484375
2228 -0.056640625
2229 -0.1513671875
2230 -0.0263671875
2231 0.044921875
2232 0.0029296875
2233 -0.0458984375
2234 0.0634765625
2235 0.125
2236 0.0673828125
2237 0.005859375
2238 0.1083984375
2239 0.1650390625
2240 0.0986328125
2241 0.0283203125
2242 0.1259765625
2243 0.1796875
2244 0.111328125
2245 0.0380859375
2246 0.1318359375
2247 0.1845703125
2248 0.115234375
2249 0.0478515625
2250 0.1435546875
2251 0.193359375
2252 0.1201171875
2253 0.0107421875
2254 0.1025390625
2255 0.1533203125
2256 0.0859375
2257 -0.025390625
2258 0.072265625
2259 0.125
2260 0.0634765625
2261 -0.015625
2262 0.0830078125
2263 0.1328125
2264 0.072265625
2265 -0.0341796875
2266 0.00390625
2267 0.056640625
2268 0.0029296875
2269 -0.087890625
2270 0.0185546875
2271 0.080078125
2272 0.02734375
2273 -0.0302734375
2274 0.072265625
2275 0.1298828125
2276 0.064453125
2277 0.005859375
2278 0.1025390625
2279 0.1572265625
2280 0.0888671875
2281 -0.0185546875
2282 0.0771484375
2283 0.12890625
2284 0.0654296875
2285 -0.09375
2286 -0.0595703125
2287 -0.00390625
2288 -0.046875
2289 -0.21484375
2290 -0.1318359375
2291 -0.0576171875
2292 -0.0869140625
2293 -0.2001953125
2294 -0.0703125
2295 0.001953125
2296 -0.0341796875
2297 -0.1083984375
2298 0.0048828125
2299 0.0703125
2300 0.0185546875
2301 -0.0419921875
2302 0.0615234375
2303 0.12109375
2304 0.0556640625
2305 -0.0625
2306 -0.0205078125
2307 0.0322265625
2308 -0.0205078125
2309 -0.150390625
2310 -0.0673828125
2311 -0.0087890625
2312 -0.0498046875
2313 -0.2333984375
2314 -0.1640625
2315 -0.083984375
2316 -0.1044921875
2317 -0.2119140625
2318 -0.1142578125
2319 -0.04296875
2320 -0.0791015625
2321 -0.2431640625
2322 -0.1640625
2323 -0.0830078125
2324 -0.1044921875
2325 -0.22265625
2326 -0.0888671875
2327 -0.01171875
2328 -0.0400390625
2329 -0.140625
2330 -0.0888671875
2331 -0.0224609375
2332 -0.0556640625
2333 -0.2197265625
2334 -0.123046875
2335 -0.0537109375
2336 -0.0791015625
2337 -0.23046875
2338 -0.1357421875
2339 -0.0615234375
2340 -0.083984375
2341 -0.169921875
2342 -0.044921875
2343 0.029296875
2344 -0.005859375
2345 -0.0517578125
2346 0.0556640625
2347 0.1162109375
2348 0.0634765625
2349 0.0029296875
2350 0.1015625
2351 0.15625
2352 0.0947265625
2353 0.0234375
2354 0.1181640625
2355 0.1669921875
2356 0.1044921875
2357 0.0341796875
2358 0.126953125
2359 0.177734375
2360 0.11328125
2361 0.0478515625
2362 0.138671875
2363 0.1884765625
2364 0.1181640625
2365 0.0107421875
2366 0.103515625
2367 0.1513671875
2368 0.0888671875
2369 -0.0244140625
2370 0.0712890625
2371 0.1259765625
2372 0.0654296875
2373 -0.013671875
2374 0.0849609375
2375 0.134765625
2376 0.0732421875
2377 -0.0185546875
2378 0.021484375
2379 0.0703125
2380 0.0146484375
2381 -0.0732421875
2382 0.0302734375
2383 0.087890625
2384 0.0361328125
2385 -0.0302734375
2386 0.0712890625
2387 0.126953125
2388 0.06640625
2389 0.0078125
2390 0.1025390625
2391 0.1572265625
2392 0.0888671875
2393 -0.0146484375
2394 0.0791015625
2395 0.1318359375
2396 0.0673828125
2397 -0.0859375
2398 -0.0517578125
2399 0.001953125
2400 -0.0419921875
2401 -0.201171875
2402 -0.119140625
2403 -0.048828125
2404 -0.078125
2405 -0.19140625
2406 -0.0654296875
2407 0.0048828125
2408 -0.0302734375
2409 -0.09375
2410 0.017578125
2411 0.080078125
2412 0.02734375
2413 -0.0361328125
2414 0.0634765625
2415 0.119140625
2416 0.05859375
2417 -0.060546875
2418 -0.0244140625
2419 0.02734375
2420 -0.021484375
2421 -0.1484375
2422 -0.0673828125
2423 -0.0107421875
2424 -0.048828125
2425 -0.234375
2426 -0.1650390625
2427 -0.0869140625
2428 -0.1044921875
2429 -0.2109375
2430 -0.1123046875
2431 -0.0458984375
2432 -0.078125
2433 -0.2421875
2434 -0.166015625
2435 -0.08203125
2436 -0.1044921875
2437 -0.22265625
2438 -0.0888671875
2439 -0.01171875
2440 -0.041015625
2441 -0.138671875
2442 -0.087890625
2443 -0.0224609375
2444 -0.0556640625
2445 -0.177734375
2446 -0.087890625
2447 -0.0244140625
2448 -0.056640625
2449 -0.1787109375
2450 -0.0927734375
2451 -0.0263671875
2452 -0.0556640625
2453 -0.1494140625
2454 -0.0283203125
2455 0.041015625
2456 0.00390625
2457 -0.044921875
2458 0.0615234375
2459 0.12109375
2460 0.0654296875
2461 0.0087890625
2462 0.1044921875
2463 0.162109375
2464 0.0966796875
2465 0.029296875
2466 0.123046875
2467 0.1767578125
2468 0.109375
2469 0.0380859375
2470 0.1318359375
2471 0.1826171875
2472 0.1142578125
2473 0.048828125
2474 0.140625
2475 0.1904296875
2476 0.1181640625
2477 0.009765625
2478 0.1015625
2479 0.150390625
2480 0.0859375
2481 -0.025390625
2482 0.0712890625
2483 0.123046875
2484 0.0625
2485 -0.0166015625
2486 0.08203125
2487 0.1337890625
2488 0.0712890625
2489 -0.0341796875
2490 0.0048828125
2491 0.056640625
2492 0.0029296875
2493 -0.0888671875
2494 0.0185546875
2495 0.0791015625
2496 0.02734375
2497 -0.0322265625
2498 0.072265625
2499 0.1279296875
2500 0.0634765625
2501 0.00390625
2502 0.099609375
2503 0.15625
2504 0.0859375
2505 -0.01953125
2506 0.076171875
2507 0.1298828125
2508 0.0634765625
2509 -0.0927734375
2510 -0.05859375
2511 0.0
2512 -0.046875
2513 -0.2119140625
2514 -0.1279296875
2515 -0.052734375
2516 -0.0869140625
2517 -0.197265625
2518 -0.0673828125
2519 0.0048828125
2520 -0.033203125
2521 -0.09375
2522 0.021484375
2523 0.0830078125
2524 0.0283203125
2525 -0.037109375
2526 0.0673828125
2527 0.125
2528 0.0615234375
2529 -0.0625
2530 -0.0244140625
2531 0.0302734375
2532 -0.0224609375
2533 -0.1630859375
2534 -0.0791015625
2535 -0.017578125
2536 -0.0595703125
2537 -0.2412109375
2538 -0.171875
2539 -0.0888671875
2540 -0.111328125
2541 -0.220703125
2542 -0.119140625
2543 -0.0478515625
2544 -0.0810546875
2545 -0.2587890625
2546 -0.1767578125
2547 -0.0908203125
2548 -0.1142578125
2549 -0.263671875
2550 -0.1201171875
2551 -0.0322265625
2552 -0.0595703125
2553 -0.1376953125
2554 -0.015625
2555 0.056640625
2556 0.0107421875
2557 -0.123046875
2558 -0.0810546875
2559 -0.0146484375
2560 -0.0498046875
2561 -0.171875
2562 -0.0830078125
2563 -0.015625
2564 -0.05078125
2565 -0.158203125
2566 -0.0703125
2567 -0.005859375
2568 -0.0439453125
2569 -0.1611328125
2570 -0.0390625
2571 0.03125
2572 -0.005859375
2573 -0.0947265625
2574 0.0205078125
2575 0.0849609375
2576 0.0361328125
2577 -0.0263671875
2578 0.0771484375
2579 0.1376953125
2580 0.076171875
2581 -0.01953125
2582 0.0302734375
2583 0.0810546875
2584 0.01953125
2585 -0.111328125
2586 0.0048828125
2587 0.068359375
2588 0.0205078125
2589 -0.119140625
2590 -0.078125
2591 -0.0087890625
2592 -0.0478515625
2593 -0.1640625
2594 -0.0771484375
2595 -0.005859375
2596 -0.0458984375
2597 -0.1611328125
2598 -0.0732421875
2599 -0.0068359375
2600 -0.046875
2601 -0.1875
2602 -0.056640625
2603 0.0205078125
2604 -0.017578125
2605 -0.0732421875
2606 0.0419921875
2607 0.1064453125
2608 0.0517578125
2609 -0.04296875
2610 0.009765625
2611 0.064453125
2612 0.0068359375
2613 -0.123046875
2614 -0.005859375
2615 0.0595703125
2616 0.015625
2617 -0.1220703125
2618 -0.08203125
2619 -0.0107421875
2620 -0.046875
2621 -0.162109375
2622 -0.07421875
2623 -0.0029296875
2624 -0.0419921875
2625 -0.15625
2626 -0.0673828125
2627 -0.0009765625
2628 -0.0380859375
2629 -0.181640625
2630 -0.0498046875
2631 0.025390625
2632 -0.009765625
2633 -0.0693359375
2634 0.0478515625
2635 0.1123046875
2636 0.0576171875
2637 -0.037109375
2638 0.0126953125
2639 0.0712890625
2640 0.0126953125
2641 -0.119140625
2642 -0.001953125
2643 0.06640625
2644 0.0205078125
2645 -0.119140625
2646 -0.076171875
2647 -0.0078125
2648 -0.04296875
2649 -0.1572265625
2650 -0.0693359375
2651 -0.001953125
2652 -0.0361328125
2653 -0.1513671875
2654 -0.0625
2655 0.001953125
2656 -0.0361328125
2657 -0.1787109375
2658 -0.046875
2659 0.02734375
2660 -0.0068359375
2661 -0.0634765625
2662 0.05078125
2663 0.1162109375
2664 0.0634765625
2665 -0.03125
2666 0.017578125
2667 0.072265625
2668 0.0166015625
2669 -0.11328125
2670 0.001953125
2671 0.0693359375
2672 0.025390625
2673 -0.1162109375
2674 -0.0732421875
2675 -0.0068359375
2676 -0.0380859375
2677 -0.15234375
2678 -0.0654296875
2679 -0.0009765625
2680 -0.03125
2681 -0.146484375
2682 -0.0595703125
2683 0.0029296875
2684 -0.0302734375
2685 -0.169921875
2686 -0.04296875
2687 0.029296875
2688 -0.001953125
2689 -0.0576171875
2690 0.0537109375
2691 0.1181640625
2692 0.064453125
2693 -0.029296875
2694 0.0205078125
2695 0.0732421875
2696 0.0205078125
2697 -0.109375
2698 0.0078125
2699 0.0703125
2700 0.029296875
2701 -0.111328125
2702 -0.068359375
2703 -0.001953125
2704 -0.0341796875
2705 -0.1494140625
2706 -0.0625
2707 0.005859375
2708 -0.0302734375
2709 -0.1455078125
2710 -0.0576171875
2711 0.0078125
2712 -0.0283203125
2713 -0.1689453125
2714 -0.041015625
2715 0.033203125
2716 0.0009765625
2717 -0.0546875
2718 0.0576171875
2719 0.1201171875
2720 0.0693359375
2721 -0.025390625
2722 0.025390625
2723 0.078125
2724 0.0244140625
2725 -0.107421875
2726 0.009765625
2727 0.0732421875
2728 0.033203125
2729 -0.109375
2730 -0.0673828125
2731 0.001953125
2732 -0.0322265625
2733 -0.1474609375
2734 -0.0595703125
2735 0.0087890625
2736 -0.0283203125
2737 -0.142578125
2738 -0.0556640625
2739 0.01171875
2740 -0.025390625
2741 -0.169921875
2742 -0.0400390625
2743 0.03515625
2744 0.001953125
2745 -0.0556640625
2746 0.0595703125
2747 0.123046875
2748 0.0703125
2749 -0.025390625
2750 0.02734375
2751 0.0810546875
2752 0.0263671875
2753 -0.10546875
2754 0.0126953125
2755 0.0791015625
2756 0.033203125
2757 -0.1064453125
2758 -0.0654296875
2759 0.005859375
2760 -0.0322265625
2761 -0.1455078125
2762 -0.0576171875
2763 0.01171875
2764 -0.025390625
2765 -0.1416015625
2766 -0.052734375
2767 0.0146484375
2768 -0.0234375
2769 -0.16796875
2770 -0.0361328125
2771 0.0380859375
2772 0.0029296875
2773 -0.052734375
2774 0.0615234375
2775 0.125
2776 0.0703125
2777 -0.0224609375
2778 0.0283203125
2779 0.08203125
2780 0.0263671875
2781 -0.103515625
2782 0.01171875
2783 0.0791015625
2784 0.03515625
2785 -0.1044921875
2786 -0.0625
2787 0.005859375
2788 -0.0302734375
2789 -0.14453125
2790 -0.0576171875
2791 0.01171875
2792 -0.0244140625
2793 -0.1396484375
2794 -0.048828125
2795 0.0166015625
2796 -0.021484375
2797 -0.1640625
2798 -0.0341796875
2799 0.041015625
2800 0.005859375
2801 -0.0517578125
2802 0.0625
2803 0.12890625
2804 0.0732421875
2805 -0.0185546875
2806 0.0302734375
2807 0.0830078125
2808 0.0302734375
2809 -0.099609375
2810 0.0166015625
2811 0.080078125
2812 0.0380859375
2813 -0.099609375
2814 -0.056640625
2815 0.0068359375
2816 -0.0244140625
2817 -0.140625
2818 -0.0537109375
2819 0.013671875
2820 -0.0205078125
2821 -0.134765625
2822 -0.0478515625
2823 0.0185546875
2824 -0.0205078125
2825 -0.1630859375
2826 -0.03515625
2827 0.0400390625
2828 0.0068359375
2829 -0.048828125
2830 0.064453125
2831 0.1279296875
2832 0.076171875
2833 -0.01953125
2834 0.03125
2835 0.083984375
2836 0.029296875
2837 -0.1005859375
2838 0.015625
2839 0.0791015625
2840 0.0380859375
2841 -0.1005859375
2842 -0.05859375
2843 0.0078125
2844 -0.025390625
2845 -0.138671875
2846 -0.052734375
2847 0.015625
2848 -0.0205078125
2849 -0.1337890625
2850 -0.0478515625
2851 0.01953125
2852 -0.0185546875
2853 -0.16015625
2854 -0.03125
2855 0.04296875
2856 0.0087890625
2857 -0.0478515625
2858 0.0654296875
2859 0.1279296875
2860 0.076171875
2861 -0.017578125
2862 0.0322265625
2863 0.0849609375
2864 0.0341796875
2865 -0.1005859375
2866 0.0166015625
2867 0.0810546875
2868 0.0400390625
2869 -0.0986328125
2870 -0.0576171875
2871 0.009765625
2872 -0.0244140625
2873 -0.13671875
2874 -0.052734375
2875 0.0146484375
2876 -0.0185546875
2877 -0.1318359375
2878 -0.0458984375
2879 0.0146484375
2880 -0.017578125
2881 -0.16015625
2882 -0.0341796875
2883 0.0390625
2884 0.009765625
2885 -0.044921875
2886 0.064453125
2887 0.1259765625
2888 0.0751953125
2889 -0.0166015625
2890 0.03125
2891 0.0830078125
2892 0.0322265625
2893 -0.0966796875
2894 0.0166015625
2895 0.0791015625
2896 0.0400390625
2897 -0.0986328125
2898 -0.0595703125
2899 0.005859375
2900 -0.0224609375
2901 -0.1337890625
2902 -0.052734375
2903 0.009765625
2904 -0.0185546875
2905 -0.12890625
2906 -0.046875
2907 0.013671875
2908 -0.013671875
2909 -0.1552734375
2910 -0.03125
2911 0.0380859375
2912 0.01171875
2913 -0.041015625
2914 0.06640625
2915 0.1240234375
2916 0.080078125
2917 -0.01171875
2918 0.033203125
2919 0.083984375
2920 0.0341796875
2921 -0.0927734375
2922 0.017578125
2923 0.080078125
2924 0.041015625
2925 -0.0947265625
2926 -0.056640625
2927 0.0078125
2928 -0.0205078125
2929 -0.134765625
2930 -0.05078125
2931 0.0126953125
2932 -0.0185546875
2933 -0.1318359375
2934 -0.046875
2935 0.0166015625
2936 -0.017578125
2937 -0.158203125
2938 -0.033203125
2939 0.041015625
2940 0.0107421875
2941 -0.041015625
2942 0.0673828125
2943 0.12890625
2944 0.0791015625
2945 -0.01171875
2946 0.033203125
2947 0.0830078125
2948 0.0341796875
2949 -0.0947265625
2950 0.017578125
2951 0.0791015625
2952 0.0419921875
2953 -0.0966796875
2954 -0.056640625
2955 0.005859375
2956 -0.01953125
2957 -0.134765625
2958 -0.0517578125
2959 0.0146484375
2960 -0.017578125
2961 -0.1298828125
2962 -0.0458984375
2963 0.01953125
2964 -0.015625
2965 -0.154296875
2966 -0.0302734375
2967 0.0439453125
2968 0.0126953125
2969 -0.0400390625
2970 0.0673828125
2971 0.12890625
2972 0.080078125
2973 -0.013671875
2974 0.0341796875
2975 0.0859375
2976 0.0361328125
2977 -0.095703125
2978 0.01953125
2979 0.0849609375
2980 0.0419921875
2981 -0.0966796875
2982 -0.05859375
2983 0.0087890625
2984 -0.0224609375
2985 -0.1337890625
2986 -0.0498046875
2987 0.017578125
2988 -0.017578125
2989 -0.1298828125
2990 -0.0439453125
2991 0.01953125
2992 -0.013671875
2993 -0.1572265625
2994 -0.0302734375
2995 0.0419921875
2996 0.0126953125
2997 -0.04296875
2998 0.0673828125
2999 0.1298828125
3000 0.080078125
3001 -0.013671875
3002 0.03515625
3003 0.0869140625
3004 0.03515625
3005 -0.095703125
3006 0.017578125
3007 0.083984375
3008 0.0419921875
3009 -0.0947265625
3010 -0.0556640625
3011 0.01171875
3012 -0.0205078125
3013 -0.134765625
3014 -0.0498046875
3015 0.0185546875
3016 -0.015625
3017 -0.1298828125
3018 -0.04296875
3019 0.0205078125
3020 -0.013671875
3021 -0.15234375
3022 -0.025390625
3023 0.046875
3024 0.015625
3025 -0.0400390625
3026 0.0693359375
3027 0.1318359375
3028 0.0810546875
3029 -0.01171875
3030 0.03515625
3031 0.0859375
3032 0.03515625
3033 -0.091796875
3034 0.021484375
3035 0.0849609375
3036 0.0439453125
3037 -0.0927734375
3038 -0.052734375
3039 0.0126953125
3040 -0.01953125
3041 -0.1318359375
3042 -0.048828125
3043 0.017578125
3044 -0.0146484375
3045 -0.1279296875
3046 -0.04296875
3047 0.021484375
3048 -0.0126953125
3049 -0.150390625
3050 -0.0283203125
3051 0.0458984375
3052 0.0146484375
3053 -0.0400390625
3054 0.0703125
3055 0.1318359375
3056 0.0810546875
3057 -0.01171875
3058 0.0341796875
3059 0.08984375
3060 0.0361328125
3061 -0.09375
3062 0.0205078125
3063 0.0859375
3064 0.0439453125
3065 -0.0927734375
3066 -0.0537109375
3067 0.0126953125
3068 -0.0185546875
3069 -0.1328125
3070 -0.046875
3071 0.01953125
3072 -0.015625
3073 -0.1279296875
3074 -0.0439453125
3075 0.0205078125
3076 -0.013671875
3077 -0.154296875
3078 -0.0283203125
3079 0.0439453125
3080 0.0146484375
3081 -0.0380859375
3082 0.0693359375
3083 0.130859375
3084 0.0810546875
3085 -0.01171875
3086 0.03515625
3087 0.0888671875
3088 0.037109375
3089 -0.09375
3090 0.0224609375
3091 0.0859375
3092 0.0439453125
3093 -0.09375
3094 -0.052734375
3095 0.01171875
3096 -0.0185546875
3097 -0.130859375
3098 -0.048828125
3099 0.0185546875
3100 -0.0146484375
3101 -0.1298828125
3102 -0.0439453125
3103 0.0234375
3104 -0.013671875
3105 -0.1552734375
3106 -0.0283203125
3107 0.046875
3108 0.0146484375
3109 -0.041015625
3110 0.0703125
3111 0.1328125
3112 0.08203125
3113 -0.01171875
3114 0.0380859375
3115 0.0888671875
3116 0.037109375
3117 -0.0947265625
3118 0.0205078125
3119 0.0859375
3120 0.04296875
3121 -0.095703125
3122 -0.0556640625
3123 0.013671875
3124 -0.021484375
3125 -0.13671875
3126 -0.048828125
3127 0.021484375
3128 -0.017578125
3129 -0.1337890625
3130 -0.04296875
3131 0.0244140625
3132 -0.0146484375
3133 -0.1572265625
3134 -0.0263671875
3135 0.0478515625
3136 0.0146484375
3137 -0.0419921875
3138 0.0712890625
3139 0.1376953125
3140 0.0810546875
3141 -0.01171875
3142 0.037109375
3143 0.09375
3144 0.037109375
3145 -0.0927734375
3146 0.0234375
3147 0.0888671875
3148 0.044921875
3149 -0.09375
3150 -0.0537109375
3151 0.013671875
3152 -0.0185546875
3153 -0.134765625
3154 -0.046875
3155 0.01953125
3156 -0.0146484375
3157 -0.12890625
3158 -0.0439453125
3159 0.0205078125
3160 -0.0126953125
3161 -0.1552734375
3162 -0.0263671875
3163 0.0458984375
3164 0.0146484375
3165 -0.0400390625
3166 0.0703125
3167 0.1318359375
3168 0.0830078125
3169 -0.0126953125
3170 0.03515625
3171 0.0888671875
3172 0.0361328125
3173 -0.095703125
3174 0.01953125
3175 0.0830078125
3176 0.04296875
3177 -0.09765625
3178 -0.0556640625
3179 0.0107421875
3180 -0.0205078125
3181 -0.134765625
3182 -0.0478515625
3183 0.0185546875
3184 -0.013671875
3185 -0.1298828125
3186 -0.0419921875
3187 0.021484375
3188 -0.015625
3189 -0.1552734375
3190 -0.02734375
3191 0.048828125
3192 0.0126953125
3193 -0.0419921875
3194 0.0703125
3195 0.1357421875
3196 0.0810546875
3197 -0.0126953125
3198 0.037109375
3199 0.0908203125
3200 0.037109375
3201 -0.0947265625
3202 0.0224609375
3203 0.0888671875
3204 0.0439453125
3205 -0.0947265625
3206 -0.0517578125
3207 0.0146484375
3208 -0.01953125
3209 -0.134765625
3210 -0.0478515625
3211 0.0224609375
3212 -0.0146484375
3213 -0.130859375
3214 -0.0419921875
3215 0.025390625
3216 -0.0146484375
3217 -0.158203125
3218 -0.02734375
3219 0.048828125
3220 0.0146484375
3221 -0.0419921875
3222 0.0693359375
3223 0.1328125
3224 0.0810546875
3225 -0.0126953125
3226 0.0361328125
3227 0.0888671875
3228 0.037109375
3229 -0.095703125
3230 0.0224609375
3231 0.0849609375
3232 0.0439453125
3233 -0.0947265625
3234 -0.0537109375
3235 0.013671875
3236 -0.0205078125
3237 -0.1337890625
3238 -0.046875
3239 0.021484375
3240 -0.013671875
3241 -0.1259765625
3242 -0.041015625
3243 0.0244140625
3244 -0.0126953125
3245 -0.1533203125
3246 -0.025390625
3247 0.048828125
3248 0.0146484375
3249 -0.0419921875
3250 0.0732421875
3251 0.1357421875
3252 0.08203125
3253 -0.01171875
3254 0.0390625
3255 0.0947265625
3256 0.0361328125
3257 -0.09375
3258 0.0234375
3259 0.0908203125
3260 0.0439453125
3261 -0.091796875
3262 -0.0517578125
3263 0.017578125
3264 -0.017578125
3265 -0.1318359375
3266 -0.0458984375
3267 0.0224609375
3268 -0.0126953125
3269 -0.1279296875
3270 -0.041015625
3271 0.0234375
3272 -0.0126953125
3273 -0.15625
3274 -0.02734375
3275 0.046875
3276 0.0166015625
3277 -0.041015625
3278 0.072265625
3279 0.1328125
3280 0.08203125
3281 -0.009765625
3282 0.037109375
3283 0.08984375
3284 0.037109375
3285 -0.0927734375
3286 0.0224609375
3287 0.0869140625
3288 0.0439453125
3289 -0.091796875
3290 -0.05078125
3291 0.013671875
3292 -0.017578125
3293 -0.130859375
3294 -0.044921875
3295 0.01953125
3296 -0.013671875
3297 -0.1279296875
3298 -0.0400390625
3299 0.0234375
3300 -0.0126953125
3301 -0.1533203125
3302 -0.025390625
3303 0.046875
3304 0.0146484375
3305 -0.0380859375
3306 0.072265625
3307 0.1337890625
3308 0.08203125
3309 -0.0107421875
3310 0.0380859375
3311 0.08984375
3312 0.0390625
3313 -0.0927734375
3314 0.0224609375
3315 0.0849609375
3316 0.044921875
3317 -0.09375
3318 -0.0517578125
3319 0.013671875
3320 -0.0185546875
3321 -0.134765625
3322 -0.0458984375
3323 0.0205078125
3324 -0.013671875
3325 -0.1279296875
3326 -0.041015625
3327 0.0234375
3328 -0.01171875
3329 -0.15625
3330 -0.02734375
3331 0.048828125
3332 0.0146484375
3333 -0.041015625
3334 0.072265625
3335 0.138671875
3336 0.08203125
3337 -0.0126953125
3338 0.0380859375
3339 0.09375
3340 0.0380859375
3341 -0.09765625
3342 0.0224609375
3343 0.0908203125
3344 0.044921875
3345 -0.0947265625
3346 -0.0517578125
3347 0.0166015625
3348 -0.01953125
3349 -0.134765625
3350 -0.046875
3351 0.0234375
3352 -0.013671875
3353 -0.130859375
3354 -0.041015625
3355 0.0263671875
3356 -0.013671875
3357 -0.154296875
3358 -0.0244140625
3359 0.0498046875
3360 0.0166015625
3361 -0.0419921875
3362 0.0712890625
3363 0.1357421875
3364 0.0830078125
3365 -0.01171875
3366 0.0390625
3367 0.0927734375
3368 0.0380859375
3369 -0.0947265625
3370 0.0234375
3371 0.08984375
3372 0.0439453125
3373 -0.0927734375
3374 -0.052734375
3375 0.0166015625
3376 -0.0185546875
3377 -0.1328125
3378 -0.044921875
3379 0.0224609375
3380 -0.013671875
3381 -0.1279296875
3382 -0.0400390625
3383 0.025390625
3384 -0.0126953125
3385 -0.1552734375
3386 -0.025390625
3387 0.046875
3388 0.0166015625
3389 -0.0400390625
3390 0.0732421875
3391 0.1357421875
3392 0.08203125
3393 -0.01171875
3394 0.0390625
3395 0.09375
3396 0.0380859375
3397 -0.095703125
3398 0.0224609375
3399 0.08984375
3400 0.0439453125
3401 -0.0927734375
3402 -0.0517578125
3403 0.0166015625
3404 -0.0185546875
3405 -0.1328125
3406 -0.0458984375
3407 0.0234375
3408 -0.0126953125
3409 -0.1279296875
3410 -0.037109375
3411 0.025390625
3412 -0.0107421875
3413 -0.130859375
3414 -0.005859375
3415 0.0634765625
3416 0.02734375
3417 -0.0849609375
3418 -0.037109375
3419 0.0283203125
3420 -0.009765625
3421 -0.1640625
3422 -0.0927734375
3423 -0.017578125
3424 -0.041015625
3425 -0.1875
3426 -0.107421875
3427 -0.02734375
3428 -0.048828125
3429 -0.1533203125
3430 -0.0615234375
3431 0.0078125
3432 -0.01953125
3433 -0.12109375
3434 -0.033203125
3435 0.0302734375
3436 -0.001953125
3437 -0.095703125
3438 0.0224609375
3439 0.0869140625
3440 0.0498046875
3441 -0.0517578125
3442 -0.0087890625
3443 0.0537109375
3444 0.013671875
3445 -0.158203125
3446 -0.08984375
3447 -0.013671875
3448 -0.033203125
3449 -0.1474609375
3450 -0.0625
3451 0.0087890625
3452 -0.0185546875
3453 -0.1376953125
3454 -0.048828125
3455 0.017578125
3456 -0.01171875
3457 -0.111328125
3458 0.0107421875
3459 0.080078125
3460 0.0458984375
3461 -0.00390625
3462 0.1044921875
3463 0.162109375
3464 0.1103515625
3465 0.0
3466 0.0380859375
3467 0.0908203125
3468 0.0419921875
3469 -0.1298828125
3470 -0.0625
3471 0.0068359375
3472 -0.0234375
3473 -0.1298828125
3474 -0.05078125
3475 0.0029296875
3476 -0.005859375
3477 -0.0927734375
3478 -0.0263671875
3479 0.0185546875
3480 0.0068359375
3481 -0.0859375
3482 0.0126953125
3483 0.0615234375
3484 0.0498046875
3485 -0.0673828125
3486 -0.0478515625
3487 0.0009765625
3488 -0.0048828125
3489 -0.1318359375
3490 -0.0263671875
3491 0.033203125
3492 0.0263671875
3493 -0.03515625
3494 0.052734375
3495 0.0986328125
3496 0.080078125
3497 0.017578125
3498 0.09765625
3499 0.13671875
3500 0.1083984375
3501 0.0380859375
3502 0.1123046875
3503 0.1494140625
3504 0.1181640625
3505 0.06640625
3506 0.138671875
3507 0.1708984375
3508 0.1357421875
3509 0.0595703125
3510 0.0751953125
3511 0.1044921875
3512 0.0751953125
3513 -0.0185546875
3514 0.03125
3515 0.0654296875
3516 0.0390625
3517 -0.0595703125
3518 -0.0029296875
3519 0.0341796875
3520 0.017578125
3521 -0.087890625
3522 0.005859375
3523 0.0498046875
3524 0.037109375
3525 -0.0634765625
3526 -0.0400390625
3527 0.005859375
3528 -0.0068359375
3529 -0.1640625
3530 -0.0517578125
3531 0.0078125
3532 0.0029296875
3533 -0.1142578125
3534 -0.0888671875
3535 -0.0322265625
3536 -0.03515625
3537 -0.1455078125
3538 -0.080078125
3539 -0.0224609375
3540 -0.029296875
3541 -0.1728515625
3542 -0.1005859375
3543 -0.04296875
3544 -0.0419921875
3545 -0.1708984375
3546 -0.0927734375
3547 -0.0361328125
3548 -0.0361328125
3549 -0.1689453125
3550 -0.0537109375
3551 0.0078125
3552 0.0078125
3553 -0.072265625
3554 0.0263671875
3555 0.0771484375
3556 0.05859375
3557 -0.01953125
3558 0.06640625
3559 0.1123046875
3560 0.083984375
3561 -0.001953125
3562 0.0791015625
3563 0.1240234375
3564 0.09375
3565 -0.0029296875
3566 0.078125
3567 0.119140625
3568 0.091796875
3569 -0.0146484375
3570 0.0712890625
3571 0.111328125
3572 0.0849609375
3573 0.02734375
3574 0.1064453125
3575 0.1416015625
3576 0.109375
3577 0.0048828125
3578 0.017578125
3579 0.0546875
3580 0.03125
3581 -0.08203125
3582 -0.029296875
3583 0.015625
3584 0.0009765625
3585 -0.1396484375
3586 -0.0751953125
3587 -0.0244140625
3588 -0.0283203125
3589 -0.15234375
3590 -0.080078125
3591 -0.0283203125
3592 -0.03125
3593 -0.1630859375
3594 -0.0556640625
3595 0.005859375
3596 0.005859375
3597 -0.08203125
3598 0.0126953125
3599 0.0625
3600 0.0498046875
3601 -0.048828125
3602 0.0361328125
3603 0.0830078125
3604 0.0625
3605 -0.044921875
3606 0.041015625
3607 0.0849609375
3608 0.0654296875
3609 0.005859375
3610 0.0859375
3611 0.12109375
3612 0.0947265625
3613 0.0126953125
3614 0.0908203125
3615 0.125
3616 0.09765625
3617 -0.0419921875
3618 -0.0283203125
3619 0.013671875
3620 0.001953125
3621 -0.126953125
3622 -0.0244140625
3623 0.0263671875
3624 0.0185546875
3625 -0.0888671875
3626 -0.09375
3627 -0.0341796875
3628 -0.0361328125
3629 -0.1201171875
3630 -0.01953125
3631 0.0341796875
3632 0.0263671875
3633 -0.0625
3634 -0.037109375
3635 0.0087890625
3636 -0.0029296875
3637 -0.09375
3638 -0.03515625
3639 0.01171875
3640 0.0009765625
3641 -0.140625
3642 -0.0732421875
3643 -0.021484375
3644 -0.025390625
3645 -0.15625
3646 -0.048828125
3647 0.0087890625
3648 0.005859375
3649 -0.1318359375
3650 -0.1083984375
3651 -0.0439453125
3652 -0.04296875
3653 -0.1884765625
3654 -0.072265625
3655 -0.0068359375
3656 -0.005859375
3657 -0.091796875
3658 0.0048828125
3659 0.05859375
3660 0.044921875
3661 -0.0400390625
3662 0.046875
3663 0.0927734375
3664 0.0732421875
3665 -0.0078125
3666 0.076171875
3667 0.1171875
3668 0.0908203125
3669 0.0029296875
3670 0.080078125
3671 0.1220703125
3672 0.0947265625
3673 -0.0029296875
3674 0.0732421875
3675 0.1142578125
3676 0.0869140625
3677 -0.0234375
3678 0.0595703125
3679 0.1005859375
3680 0.0771484375
3681 0.001953125
3682 0.0830078125
3683 0.119140625
3684 0.0888671875
3685 0.001953125
3686 0.0830078125
3687 0.123046875
3688 0.0908203125
3689 0.03515625
3690 0.1123046875
3691 0.1494140625
3692 0.111328125
3693 0.056640625
3694 0.1279296875
3695 0.1630859375
3696 0.1220703125
3697 0.037109375
3698 0.0537109375
3699 0.0849609375
3700 0.0498046875
3701 -0.0537109375
3702 0.0322265625
3703 0.076171875
3704 0.0498046875
3705 -0.0546875
3706 -0.0302734375
3707 0.01171875
3708 -0.0078125
3709 -0.119140625
3710 -0.05859375
3711 -0.01171875
3712 -0.0244140625
3713 -0.140625
3714 -0.07421875
3715 -0.0205078125
3716 -0.0341796875
3717 -0.1357421875
3718 -0.072265625
3719 -0.0205078125
3720 -0.03125
3721 -0.138671875
3722 -0.0712890625
3723 -0.017578125
3724 -0.0302734375
3725 -0.140625
3726 -0.076171875
3727 -0.0263671875
3728 -0.0322265625
3729 -0.1748046875
3730 -0.1064453125
3731 -0.0478515625
3732 -0.0498046875
3733 -0.1552734375
3734 -0.0791015625
3735 -0.0283203125
3736 -0.0322265625
3737 -0.17578125
3738 -0.1025390625
3739 -0.0419921875
3740 -0.0458984375
3741 -0.1328125
3742 -0.0654296875
3743 -0.0107421875
3744 -0.0205078125
3745 -0.1220703125
3746 -0.0556640625
3747 -0.0078125
3748 -0.0205078125
3749 -0.1328125
3750 -0.0654296875
3751 -0.013671875
3752 -0.021484375
3753 -0.1767578125
3754 -0.0615234375
3755 -0.0009765625
3756 -0.001953125
3757 -0.068359375
3758 0.029296875
3759 0.0791015625
3760 0.05859375
3761 -0.0712890625
3762 0.0224609375
3763 0.072265625
3764 0.0517578125
3765 -0.0888671875
3766 -0.0712890625
3767 -0.017578125
3768 -0.021484375
3769 -0.1953125
3770 -0.119140625
3771 -0.0537109375
3772 -0.05078125
3773 -0.158203125
3774 -0.0830078125
3775 -0.0263671875
3776 -0.03125
3777 -0.1201171875
3778 -0.0126953125
3779 0.04296875
3780 0.033203125
3781 -0.0595703125
3782 -0.0556640625
3783 0.0009765625
3784 -0.0087890625
3785 -0.1103515625
3786 -0.0068359375
3787 0.048828125
3788 0.037109375
3789 -0.09375
3790 -0.0693359375
3791 -0.009765625
3792 -0.017578125
3793 -0.1279296875
3794 -0.0166015625
3795 0.0390625
3796 0.029296875
3797 -0.037109375
3798 0.0546875
3799 0.0986328125
3800 0.0771484375
3801 -0.0595703125
3802 -0.0400390625
3803 0.0087890625
3804 -0.001953125
3805 -0.189453125
3806 -0.111328125
3807 -0.0458984375
3808 -0.0419921875
3809 -0.142578125
3810 -0.0673828125
3811 -0.013671875
3812 -0.0185546875
3813 -0.1552734375
3814 -0.04296875
3815 0.0185546875
3816 0.015625
3817 -0.1357421875
3818 -0.09765625
3819 -0.0400390625
3820 -0.0380859375
3821 -0.14453125
3822 -0.0302734375
3823 0.025390625
3824 0.0244140625
3825 -0.0546875
3826 0.04296875
3827 0.0927734375
3828 0.07421875
3829 -0.0654296875
3830 -0.0439453125
3831 0.0087890625
3832 0.0
3833 -0.107421875
3834 -0.0029296875
3835 0.0517578125
3836 0.0419921875
3837 -0.044921875
3838 -0.0244140625
3839 0.0263671875
3840 0.01171875
3841 -0.087890625
3842 -0.02734375
3843 0.021484375
3844 0.009765625
3845 -0.099609375
3846 -0.037109375
3847 0.009765625
3848 0.00390625
3849 -0.16015625
3850 -0.0830078125
3851 -0.029296875
3852 -0.029296875
3853 -0.1796875
3854 -0.060546875
3855 0.005859375
3856 0.0068359375
3857 -0.1015625
3858 0.0029296875
3859 0.0595703125
3860 0.0498046875
3861 -0.0458984375
3862 -0.0234375
3863 0.021484375
3864 0.0107421875
3865 -0.125
3866 -0.0146484375
3867 0.0419921875
3868 0.037109375
3869 -0.052734375
3870 0.044921875
3871 0.091796875
3872 0.076171875
3873 -0.005859375
3874 0.017578125
3875 0.0576171875
3876 0.0390625
3877 -0.083984375
3878 0.017578125
3879 0.068359375
3880 0.0546875
3881 -0.060546875
3882 -0.0361328125
3883 0.0146484375
3884 0.0048828125
3885 -0.095703125
3886 -0.0283203125
3887 0.01953125
3888 0.0087890625
3889 -0.1328125
3890 -0.0625
3891 -0.0087890625
3892 -0.01171875
3893 -0.15625
3894 -0.041015625
3895 0.0185546875
3896 0.0185546875
3897 -0.0703125
3898 0.02734375
3899 0.0810546875
3900 0.0634765625
3901 -0.0263671875
3902 0.0615234375
3903 0.1083984375
3904 0.087890625
3905 -0.0009765625
3906 0.0810546875
3907 0.125
3908 0.1005859375
3909 0.0078125
3910 0.08984375
3911 0.130859375
3912 0.1044921875
3913 0.0029296875
3914 0.083984375
3915 0.1240234375
3916 0.099609375
3917 -0.01953125
3918 0.0625
3919 0.1064453125
3920 0.0849609375
3921 -0.005859375
3922 0.0751953125
3923 0.119140625
3924 0.0927734375
3925 0.0048828125
3926 0.0224609375
3927 0.0625
3928 0.0400390625
3929 -0.0458984375
3930 0.0439453125
3931 0.0888671875
3932 0.068359375
3933 0.017578125
3934 0.1005859375
3935 0.138671875
3936 0.1083984375
3937 0.03515625
3938 0.111328125
3939 0.1474609375
3940 0.1142578125
3941 0.0234375
3942 0.099609375
3943 0.13671875
3944 0.103515625
3945 0.03515625
3946 0.111328125
3947 0.146484375
3948 0.1123046875
3949 0.0625
3950 0.134765625
3951 0.1708984375
3952 0.1298828125
3953 0.0908203125
3954 0.16015625
3955 0.1943359375
3956 0.1513671875
3957 0.103515625
3958 0.1708984375
3959 0.2021484375
3960 0.15625
3961 0.0966796875
3962 0.1630859375
3963 0.19140625
3964 0.146484375
3965 0.0947265625
3966 0.162109375
3967 0.19140625
3968 0.14453125
3969 0.09375
3970 0.158203125
3971 0.189453125
3972 0.142578125
3973 0.0576171875
3974 0.0751953125
3975 0.099609375
3976 0.0595703125
3977 -0.0400390625
3978 0.0068359375
3979 0.037109375
3980 0.0126953125
3981 -0.0888671875
3982 0.0009765625
3983 0.0439453125
3984 0.0263671875
3985 -0.0244140625
3986 0.05859375
3987 0.0986328125
3988 0.06640625
3989 -0.0322265625
3990 -0.0126953125
3991 0.021484375
3992 -0.001953125
3993 -0.107421875
3994 -0.052734375
3995 -0.0087890625
3996 -0.025390625
3997 -0.158203125
3998 -0.09765625
3999 -0.05078125
4000 -0.0546875
4001 -0.1962890625
4002 -0.0888671875
4003 -0.029296875
4004 -0.0283203125
4005 -0.099609375
4006 -0.0078125
4007 0.041015625
4008 0.0263671875
4009 -0.0390625
4010 0.0400390625
4011 0.08203125
4012 0.056640625
4013 -0.01171875
4014 0.0634765625
4015 0.099609375
4016 0.0732421875
4017 0.0029296875
4018 0.0751953125
4019 0.111328125
4020 0.0791015625
4021 0.00390625
4022 0.076171875
4023 0.111328125
4024 0.080078125
4025 0.0234375
4026 0.0947265625
4027 0.1279296875
4028 0.09375
4029 0.013671875
4030 0.0322265625
4031 0.0625
4032 0.0302734375
4033 -0.0615234375
4034 -0.0166015625
4035 0.01953125
4036 -0.0029296875
4037 -0.107421875
4038 -0.052734375
4039 -0.013671875
4040 -0.029296875
4041 -0.1103515625
4042 -0.0185546875
4043 0.029296875
4044 0.0126953125
4045 -0.0634765625
4046 -0.0400390625
4047 0.0
4048 -0.0166015625
4049 -0.126953125
4050 -0.033203125
4051 0.013671875
4052 0.00390625
4053 -0.138671875
4054 -0.1142578125
4055 -0.0634765625
4056 -0.0654296875
4057 -0.2080078125
4058 -0.095703125
4059 -0.03125
4060 -0.0322265625
4061 -0.0830078125
4062 0.009765625
4063 0.056640625
4064 0.0361328125
4065 -0.0791015625
4066 -0.05859375
4067 -0.013671875
4068 -0.0283203125
4069 -0.1259765625
4070 -0.0625
4071 -0.01953125
4072 -0.0302734375
4073 -0.1640625
4074 -0.095703125
4075 -0.0478515625
4076 -0.0517578125
4077 -0.2119140625
4078 -0.1396484375
4079 -0.0791015625
4080 -0.0751953125
4081 -0.2021484375
4082 -0.126953125
4083 -0.0693359375
4084 -0.06640625
4085 -0.1611328125
4086 -0.08984375
4087 -0.0380859375
4088 -0.0419921875
4089 -0.158203125
4090 -0.052734375
4091 0.0029296875
4092 -0.0029296875
4093 -0.1611328125
4094 -0.1328125
4095 -0.0732421875
4096 -0.0654296875
4097 -0.1787109375
4098 -0.1044921875
4099 -0.0458984375
4100 -0.0458984375
4101 -0.125
4102 -0.0537109375
4103 -0.00390625
4104 -0.0185546875
4105 -0.140625
4106 -0.0380859375
4107 0.0166015625
4108 0.0087890625
4109 -0.1259765625
4110 -0.099609375
4111 -0.0390625
4112 -0.041015625
4113 -0.134765625
4114 -0.0283203125
4115 0.0263671875
4116 0.0205078125
4117 -0.02734375
4118 0.0615234375
4119 0.103515625
4120 0.078125
4121 0.01171875
4122 0.0927734375
4123 0.1279296875
4124 0.0986328125
4125 0.041015625
4126 0.072265625
4127 0.0703125
4128 0.09765625
4129 -0.001953125
4130 -0.044921875
4131 -0.0380859375
4132 0.001953125
4133 -0.0830078125
4134 -0.0380859375
4135 -0.0244140625
4136 0.0224609375
4137 -0.0537109375
4138 -0.0830078125
4139 -0.0712890625
4140 -0.0224609375
4141 -0.08203125
4142 -0.0703125
4143 -0.0615234375
4144 -0.015625
4145 -0.1162109375
4146 -0.1005859375
4147 -0.0859375
4148 -0.0322265625
4149 -0.126953125
4150 -0.0712890625
4151 -0.0498046875
4152 0.00390625
4153 -0.044921875
4154 -0.0068359375
4155 0.0068359375
4156 0.0478515625
4157 -0.001953125
4158 0.0263671875
4159 0.0322265625
4160 0.0693359375
4161 0.0244140625
4162 0.048828125
4163 0.05078125
4164 0.083984375
4165 0.03515625
4166 0.05859375
4167 0.0576171875
4168 0.087890625
4169 0.03125
4170 0.052734375
4171 0.0546875
4172 0.0859375
4173 0.0078125
4174 0.0322265625
4175 0.03515625
4176 0.068359375
4177 0.0166015625
4178 0.0400390625
4179 0.04296875
4180 0.0751953125
4181 0.029296875
4182 -0.01171875
4183 -0.0107421875
4184 0.0234375
4185 -0.0234375
4186 0.0107421875
4187 0.015625
4188 0.0537109375
4189 0.044921875
4190 0.06640625
4191 0.0654296875
4192 0.09375
4193 0.064453125
4194 0.0791015625
4195 0.0751953125
4196 0.1005859375
4197 0.052734375
4198 0.0693359375
4199 0.0673828125
4200 0.09375
4201 0.068359375
4202 0.0830078125
4203 0.0771484375
4204 0.1005859375
4205 0.0927734375
4206 0.10546875
4207 0.0986328125
4208 0.1201171875
4209 0.123046875
4210 0.1318359375
4211 0.1220703125
4212 0.1396484375
4213 0.1376953125
4214 0.1416015625
4215 0.1298828125
4216 0.1455078125
4217 0.130859375
4218 0.1337890625
4219 0.12109375
4220 0.1357421875
4221 0.1298828125
4222 0.1318359375
4223 0.12109375
4224 0.134765625
4225 0.1279296875
4226 0.1318359375
4227 0.1181640625
4228 0.1328125
4229 0.08984375
4230 0.048828125
4231 0.03125
4232 0.0517578125
4233 -0.009765625
4234 -0.017578125
4235 -0.0283203125
4236 0.0029296875
4237 -0.0615234375
4238 -0.0283203125
4239 -0.0234375
4240 0.015625
4241 0.0107421875
4242 0.0322265625
4243 0.033203125
4244 0.0595703125
4245 0.0009765625
4246 -0.0380859375
4247 -0.041015625
4248 -0.0087890625
4249 -0.1064453125
4250 -0.103515625
4251 -0.0947265625
4252 -0.0498046875
4253 -0.111328125
4254 -0.103515625
4255 -0.0947265625
4256 -0.048828125
4257 -0.1025390625
4258 -0.0908203125
4259 -0.083984375
4260 -0.041015625
4261 -0.103515625
4262 -0.09765625
4263 -0.0849609375
4264 -0.04296875
4265 -0.154296875
4266 -0.1611328125
4267 -0.1376953125
4268 -0.080078125
4269 -0.146484375
4270 -0.1318359375
4271 -0.11328125
4272 -0.0595703125
4273 -0.1328125
4274 -0.1181640625
4275 -0.1044921875
4276 -0.0517578125
4277 -0.103515625
4278 -0.0556640625
4279 -0.04296875
4280 0.0048828125
4281 -0.048828125
4282 -0.1005859375
4283 -0.083984375
4284 -0.0361328125
4285 -0.1025390625
4286 -0.056640625
4287 -0.0400390625
4288 0.005859375
4289 -0.0927734375
4290 -0.1240234375
4291 -0.1025390625
4292 -0.0498046875
4293 -0.119140625
4294 -0.0673828125
4295 -0.046875
4296 0.001953125
4297 -0.0244140625
4298 0.0107421875
4299 0.0146484375
4300 0.0517578125
4301 -0.05078125
4302 -0.08203125
4303 -0.0751953125
4304 -0.0283203125
4305 -0.166015625
4306 -0.1416015625
4307 -0.1181640625
4308 -0.0615234375
4309 -0.14453125
4310 -0.1171875
4311 -0.1005859375
4312 -0.0478515625
4313 -0.1181640625
4314 -0.0654296875
4315 -0.0458984375
4316 0.0048828125
4317 -0.0859375
4318 -0.1142578125
4319 -0.095703125
4320 -0.041015625
4321 -0.1142578125
4322 -0.0986328125
4323 -0.0810546875
4324 -0.029296875
4325 -0.103515625
4326 -0.08984375
4327 -0.0771484375
4328 -0.0244140625
4329 -0.13671875
4330 -0.0791015625
4331 -0.052734375
4332 0.0
4333 -0.021484375
4334 0.0166015625
4335 0.0244140625
4336 0.0634765625
4337 0.0615234375
4338 0.0830078125
4339 0.0830078125
4340 0.1083984375
4341 0.1171875
4342 0.130859375
4343 0.1259765625
4344 0.1455078125
4345 0.142578125
4346 0.1513671875
4347 0.1416015625
4348 0.1591796875
4349 0.142578125
4350 0.1494140625
4351 0.1376953125
4352 0.15234375
4353 0.146484375
4354 0.1494140625
4355 0.138671875
4356 0.1533203125
4357 0.146484375
4358 0.150390625
4359 0.138671875
4360 0.15234375
4361 0.1103515625
4362 0.068359375
4363 0.052734375
4364 0.0712890625
4365 0.0087890625
4366 0.0
4367 -0.0078125
4368 0.0224609375
4369 -0.0439453125
4370 -0.0087890625
4371 -0.0029296875
4372 0.033203125
4373 0.02734375
4374 0.05078125
4375 0.0498046875
4376 0.080078125
4377 0.0185546875
4378 -0.021484375
4379 -0.0234375
4380 0.0087890625
4381 -0.0888671875
4382 -0.0849609375
4383 -0.0771484375
4384 -0.0322265625
4385 -0.09375
4386 -0.0869140625
4387 -0.0771484375
4388 -0.0341796875
4389 -0.0849609375
4390 -0.072265625
4391 -0.0673828125
4392 -0.025390625
4393 -0.0869140625
4394 -0.080078125
4395 -0.0703125
4396 -0.0263671875
4397 -0.1357421875
4398 -0.14453125
4399 -0.12109375
4400 -0.064453125
4401 -0.1298828125
4402 -0.1162109375
4403 -0.0966796875
4404 -0.0478515625
4405 -0.1162109375
4406 -0.103515625
4407 -0.0888671875
4408 -0.0390625
4409 -0.087890625
4410 -0.0439453125
4411 -0.0283203125
4412 0.017578125
4413 -0.0341796875
4414 -0.08984375
4415 -0.0712890625
4416 -0.0234375
4417 -0.0830078125
4418 -0.037109375
4419 -0.0234375
4420 0.0234375
4421 -0.0703125
4422 -0.0986328125
4423 -0.083984375
4424 -0.033203125
4425 -0.1044921875
4426 -0.0517578125
4427 -0.033203125
4428 0.0146484375
4429 -0.0107421875
4430 0.0224609375
4431 0.0263671875
4432 0.0625
4433 -0.0283203125
4434 -0.0634765625
4435 -0.056640625
4436 -0.0126953125
4437 -0.1484375
4438 -0.1279296875
4439 -0.103515625
4440 -0.046875
4441 -0.1337890625
4442 -0.1044921875
4443 -0.0908203125
4444 -0.0400390625
4445 -0.107421875
4446 -0.0537109375
4447 -0.037109375
4448 0.013671875
4449 -0.078125
4450 -0.107421875
4451 -0.0869140625
4452 -0.0341796875
4453 -0.1025390625
4454 -0.091796875
4455 -0.072265625
4456 -0.0224609375
4457 -0.09375
4458 -0.0830078125
4459 -0.0693359375
4460 -0.017578125
4461 -0.1259765625
4462 -0.0693359375
4463 -0.0458984375
4464 0.0107421875
4465 -0.0126953125
4466 0.0234375
4467 0.0302734375
4468 0.0693359375
4469 0.0703125
4470 0.08984375
4471 0.08984375
4472 0.115234375
4473 0.125
4474 0.13671875
4475 0.1298828125
4476 0.150390625
4477 0.15234375
4478 0.158203125
4479 0.1494140625
4480 0.1650390625
4481 0.1484375
4482 0.154296875
4483 0.1435546875
4484 0.1591796875
4485 0.15234375
4486 0.15625
4487 0.14453125
4488 0.16015625
4489 0.15234375
4490 0.15625
4491 0.142578125
4492 0.15625
4493 0.115234375
4494 0.07421875
4495 0.0576171875
4496 0.0771484375
4497 0.0166015625
4498 0.0048828125
4499 -0.001953125
4500 0.0263671875
4501 -0.0361328125
4502 -0.005859375
4503 0.0009765625
4504 0.0390625
4505 0.033203125
4506 0.056640625
4507 0.0537109375
4508 0.083984375
4509 0.0224609375
4510 -0.015625
4511 -0.0185546875
4512 0.0146484375
4513 -0.0849609375
4514 -0.080078125
4515 -0.0712890625
4516 -0.0283203125
4517 -0.0908203125
4518 -0.0849609375
4519 -0.076171875
4520 -0.0302734375
4521 -0.080078125
4522 -0.0712890625
4523 -0.0615234375
4524 -0.021484375
4525 -0.0830078125
4526 -0.0771484375
4527 -0.06640625
4528 -0.0224609375
4529 -0.134765625
4530 -0.140625
4531 -0.1171875
4532 -0.0595703125
4533 -0.126953125
4534 -0.111328125
4535 -0.0947265625
4536 -0.0419921875
4537 -0.111328125
4538 -0.0986328125
4539 -0.0869140625
4540 -0.033203125
4541 -0.0830078125
4542 -0.0380859375
4543 -0.0234375
4544 0.0234375
4545 -0.029296875
4546 -0.0849609375
4547 -0.0673828125
4548 -0.0185546875
4549 -0.0771484375
4550 -0.0322265625
4551 -0.0205078125
4552 0.02734375
4553 -0.0654296875
4554 -0.0947265625
4555 -0.078125
4556 -0.025390625
4557 -0.0966796875
4558 -0.0458984375
4559 -0.029296875
4560 0.01953125
4561 -0.0048828125
4562 0.0263671875
4563 0.0302734375
4564 0.06640625
4565 -0.0263671875
4566 -0.060546875
4567 -0.052734375
4568 -0.0087890625
4569 -0.14453125
4570 -0.125
4571 -0.1015625
4572 -0.0439453125
4573 -0.1298828125
4574 -0.1015625
4575 -0.087890625
4576 -0.03515625
4577 -0.1064453125
4578 -0.05078125
4579 -0.0341796875
4580 0.0185546875
4581 -0.078125
4582 -0.1025390625
4583 -0.0849609375
4584 -0.03125
4585 -0.1005859375
4586 -0.087890625
4587 -0.0703125
4588 -0.021484375
4589 -0.08984375
4590 -0.080078125
4591 -0.064453125
4592 -0.0146484375
4593 -0.126953125
4594 -0.068359375
4595 -0.044921875
4596 0.0107421875
4597 -0.009765625
4598 0.0263671875
4599 0.03125
4600 0.072265625
4601 0.0712890625
4602 0.0927734375
4603 0.091796875
4604 0.119140625
4605 0.126953125
4606 0.1376953125
4607 0.1337890625
4608 0.1533203125
4609 0.1533203125
4610 0.158203125
4611 0.150390625
4612 0.1650390625
4613 0.150390625
4614 0.1552734375
4615 0.14453125
4616 0.16015625
4617 0.150390625
4618 0.1572265625
4619 0.1455078125
4620 0.162109375
4621 0.1533203125
4622 0.1572265625
4623 0.14453125
4624 0.16015625
4625 0.1162109375
4626 0.0751953125
4627 0.05859375
4628 0.0771484375
4629 0.017578125
4630 0.005859375
4631 -0.0009765625
4632 0.029296875
4633 -0.0341796875
4634 -0.0009765625
4635 0.001953125
4636 0.0390625
4637 0.037109375
4638 0.0595703125
4639 0.056640625
4640 0.0849609375
4641 0.0263671875
4642 -0.013671875
4643 -0.017578125
4644 0.0166015625
4645 -0.0830078125
4646 -0.078125
4647 -0.0703125
4648 -0.025390625
4649 -0.087890625
4650 -0.080078125
4651 -0.072265625
4652 -0.0283203125
4653 -0.078125
4654 -0.0703125
4655 -0.0615234375
4656 -0.01953125
4657 -0.0830078125
4658 -0.076171875
4659 -0.0654296875
4660 -0.0224609375
4661 -0.1328125
4662 -0.1416015625
4663 -0.1162109375
4664 -0.0595703125
4665 -0.1259765625
4666 -0.111328125
4667 -0.09375
4668 -0.041015625
4669 -0.1123046875
4670 -0.09765625
4671 -0.0849609375
4672 -0.033203125
4673 -0.083984375
4674 -0.03515625
4675 -0.0224609375
4676 0.0234375
4677 -0.029296875
4678 -0.083984375
4679 -0.0654296875
4680 -0.01953125
4681 -0.076171875
4682 -0.0322265625
4683 -0.017578125
4684 0.02734375
4685 -0.0625
4686 -0.0947265625
4687 -0.0771484375
4688 -0.0263671875
4689 -0.099609375
4690 -0.044921875
4691 -0.0302734375
4692 0.01953125
4693 -0.0068359375
4694 0.0283203125
4695 0.029296875
4696 0.068359375
4697 -0.025390625
4698 -0.060546875
4699 -0.0537109375
4700 -0.0087890625
4701 -0.14453125
4702 -0.125
4703 -0.1015625
4704 -0.0439453125
4705 -0.1279296875
4706 -0.1025390625
4707 -0.0859375
4708 -0.0341796875
4709 -0.1064453125
4710 -0.05078125
4711 -0.0341796875
4712 0.017578125
4713 -0.076171875
4714 -0.1025390625
4715 -0.083984375
4716 -0.029296875
4717 -0.103515625
4718 -0.0849609375
4719 -0.068359375
4720 -0.0166015625
4721 -0.091796875
4722 -0.0791015625
4723 -0.064453125
4724 -0.0146484375
4725 -0.125
4726 -0.0673828125
4727 -0.041015625
4728 0.0126953125
4729 -0.009765625
4730 0.02734375
4731 0.03515625
4732 0.0732421875
4733 0.072265625
4734 0.0927734375
4735 0.0927734375
4736 0.1201171875
4737 0.126953125
4738 0.140625
4739 0.1357421875
4740 0.1552734375
4741 0.1533203125
4742 0.1611328125
4743 0.15234375
4744 0.1669921875
4745 0.1533203125
4746 0.158203125
4747 0.146484375
4748 0.1611328125
4749 0.1552734375
4750 0.1591796875
4751 0.1474609375
4752 0.1611328125
4753 0.154296875
4754 0.1572265625
4755 0.146484375
4756 0.1591796875
4757 0.1162109375
4758 0.07421875
4759 0.0576171875
4760 0.0791015625
4761 0.015625
4762 0.0068359375
4763 -0.0009765625
4764 0.0302734375
4765 -0.033203125
4766 -0.0009765625
4767 0.001953125
4768 0.0419921875
4769 0.0380859375
4770 0.0595703125
4771 0.05859375
4772 0.0849609375
4773 0.0263671875
4774 -0.013671875
4775 -0.015625
4776 0.017578125
4777 -0.0810546875
4778 -0.078125
4779 -0.0693359375
4780 -0.0244140625
4781 -0.087890625
4782 -0.0810546875
4783 -0.0712890625
4784 -0.0263671875
4785 -0.078125
4786 -0.068359375
4787 -0.0615234375
4788 -0.01953125
4789 -0.08203125
4790 -0.0732421875
4791 -0.0634765625
4792 -0.0224609375
4793 -0.130859375
4794 -0.1396484375
4795 -0.1142578125
4796 -0.05859375
4797 -0.123046875
4798 -0.1103515625
4799 -0.0908203125
4800 -0.0419921875
4801 -0.109375
4802 -0.095703125
4803 -0.0830078125
4804 -0.033203125
4805 -0.083984375
4806 -0.037109375
4807 -0.021484375
4808 0.0224609375
4809 -0.02734375
4810 -0.08203125
4811 -0.0654296875
4812 -0.0166015625
4813 -0.0771484375
4814 -0.033203125
4815 -0.0166015625
4816 0.02734375
4817 -0.060546875
4818 -0.09375
4819 -0.076171875
4820 -0.02734375
4821 -0.0986328125
4822 -0.0458984375
4823 -0.0263671875
4824 0.0185546875
4825 -0.005859375
4826 0.0263671875
4827 0.03125
4828 0.06640625
4829 -0.025390625
4830 -0.0595703125
4831 -0.052734375
4832 -0.0078125
4833 -0.14453125
4834 -0.123046875
4835 -0.099609375
4836 -0.04296875
4837 -0.1279296875
4838 -0.1025390625
4839 -0.083984375
4840 -0.03515625
4841 -0.10546875
4842 -0.0498046875
4843 -0.03125
4844 0.0185546875
4845 -0.0751953125
4846 -0.1025390625
4847 -0.08203125
4848 -0.029296875
4849 -0.103515625
4850 -0.0869140625
4851 -0.0693359375
4852 -0.0185546875
4853 -0.0908203125
4854 -0.0791015625
4855 -0.0654296875
4856 -0.015625
4857 -0.1279296875
4858 -0.0673828125
4859 -0.0439453125
4860 0.009765625
4861 -0.009765625
4862 0.0263671875
4863 0.03515625
4864 0.0732421875
4865 0.0732421875
4866 0.0947265625
4867 0.09375
4868 0.1220703125
4869 0.1298828125
4870 0.140625
4871 0.1357421875
4872 0.15625
4873 0.1533203125
4874 0.162109375
4875 0.15234375
4876 0.16796875
4877 0.1533203125
4878 0.1572265625
4879 0.1474609375
4880 0.1611328125
4881 0.15625
4882 0.158203125
4883 0.1484375
4884 0.162109375
4885 0.1552734375
4886 0.1591796875
4887 0.146484375
4888 0.16015625
4889 0.1181640625
4890 0.076171875
4891 0.0625
4892 0.0791015625
4893 0.0166015625
4894 0.0078125
4895 0.0
4896 0.0302734375
4897 -0.0361328125
4898 -0.0009765625
4899 0.0029296875
4900 0.0419921875
4901 0.037109375
4902 0.05859375
4903 0.056640625
4904 0.0869140625
4905 0.0263671875
4906 -0.013671875
4907 -0.0166015625
4908 0.015625
4909 -0.0810546875
4910 -0.078125
4911 -0.068359375
4912 -0.0234375
4913 -0.0859375
4914 -0.0810546875
4915 -0.0703125
4916 -0.025390625
4917 -0.0771484375
4918 -0.0673828125
4919 -0.0595703125
4920 -0.017578125
4921 -0.0791015625
4922 -0.072265625
4923 -0.0634765625
4924 -0.01953125
4925 -0.130859375
4926 -0.138671875
4927 -0.115234375
4928 -0.0576171875
4929 -0.123046875
4930 -0.1103515625
4931 -0.0908203125
4932 -0.0400390625
4933 -0.1083984375
4934 -0.0966796875
4935 -0.0810546875
4936 -0.033203125
4937 -0.08203125
4938 -0.0361328125
4939 -0.01953125
4940 0.025390625
4941 -0.0283203125
4942 -0.08203125
4943 -0.0654296875
4944 -0.0166015625
4945 -0.0771484375
4946 -0.0302734375
4947 -0.015625
4948 0.0283203125
4949 -0.06640625
4950 -0.09375
4951 -0.0791015625
4952 -0.02734375
4953 -0.0986328125
4954 -0.048828125
4955 -0.029296875
4956 0.0185546875
4957 -0.0048828125
4958 0.02734375
4959 0.03125
4960 0.0693359375
4961 -0.021484375
4962 -0.05859375
4963 -0.052734375
4964 -0.0068359375
4965 -0.14453125
4966 -0.123046875
4967 -0.099609375
4968 -0.0419921875
4969 -0.12890625
4970 -0.1005859375
4971 -0.0849609375
4972 -0.033203125
4973 -0.103515625
4974 -0.0498046875
4975 -0.03125
4976 0.0185546875
4977 -0.0751953125
4978 -0.1025390625
4979 -0.0830078125
4980 -0.0302734375
4981 -0.1005859375
4982 -0.0869140625
4983 -0.0654296875
4984 -0.015625
4985 -0.0908203125
4986 -0.078125
4987 -0.064453125
4988 -0.0126953125
4989 -0.1240234375
4990 -0.0634765625
4991 -0.0400390625
4992 0.0146484375
4993 -0.0078125
4994 0.029296875
4995 0.0361328125
4996 0.07421875
4997 0.07421875
4998 0.095703125
4999 0.0947265625
