x y
0 -0.0234375
1 -0.197265625
2 -0.1416015625
3 -0.0771484375
4 -0.072265625
5 -0.4443359375
6 -0.11328125
7 -0.0361328125
8 -0.0625
9 -0.1787109375
10 -0.0830078125
11 -0.009765625
12 -0.041015625
13 -0.150390625
14 -0.0224609375
15 0.0546875
16 0.0185546875
17 -0.0908203125
18 -0.0673828125
19 0.0087890625
20 -0.0244140625
21 -0.150390625
22 -0.0205078125
23 0.056640625
24 0.01953125
25 -0.1142578125
26 -0.0673828125
27 0.0048828125
28 -0.025390625
29 -0.14453125
30 -0.0517578125
31 0.01953125
32 -0.017578125
33 -0.1240234375
34 -0.033203125
35 0.03515625
36 -0.0068359375
37 -0.1259765625
38 -0.0009765625
39 0.0732421875
40 0.029296875
41 -0.05859375
42 0.056640625
43 0.123046875
44 0.0712890625
45 0.0068359375
46 0.1142578125
47 0.173828125
48 0.111328125
49 0.0126953125
50 0.064453125
51 0.1171875
52 0.0556640625
53 -0.078125
54 0.037109375
55 0.099609375
56 0.052734375
57 -0.0869140625
58 -0.0458984375
59 0.0224609375
60 -0.017578125
61 -0.130859375
62 -0.0439453125
63 0.0263671875
64 -0.013671875
65 -0.1298828125
66 -0.0400390625
67 0.0263671875
68 -0.013671875
69 -0.1572265625
70 -0.025390625
71 0.0458984375
72 0.015625
73 -0.0439453125
74 0.0712890625
75 0.1337890625
76 0.0791015625
77 -0.0146484375
78 0.0380859375
79 0.08984375
80 0.033203125
81 -0.09765625
82 0.021484375
83 0.087890625
84 0.0419921875
85 -0.095703125
86 -0.0546875
87 0.013671875
88 -0.0224609375
89 -0.134765625
90 -0.048828125
91 0.01953125
92 -0.0166015625
93 -0.130859375
94 -0.0419921875
95 0.0234375
96 -0.013671875
97 -0.158203125
98 -0.0263671875
99 0.046875
100 0.013671875
101 -0.0439453125
102 0.068359375
103 0.1318359375
104 0.0791015625
105 -0.0146484375
106 0.03515625
107 0.08984375
108 0.0341796875
109 -0.0947265625
110 0.021484375
111 0.087890625
112 0.04296875
113 -0.095703125
114 -0.0537109375
115 0.013671875
116 -0.01953125
117 -0.13671875
118 -0.0478515625
119 0.0185546875
120 -0.015625
121 -0.1298828125
122 -0.041015625
123 0.0224609375
124 -0.015625
125 -0.1572265625
126 -0.029296875
127 0.0458984375
128 0.01171875
129 -0.044921875
130 0.0693359375
131 0.1337890625
132 0.080078125
133 -0.01171875
134 0.0361328125
135 0.08984375
136 0.03515625
137 -0.0966796875
138 0.0205078125
139 0.0859375
140 0.04296875
141 -0.09765625
142 -0.0546875
143 0.013671875
144 -0.021484375
145 -0.1376953125
146 -0.05078125
147 0.0205078125
148 -0.0166015625
149 -0.1328125
150 -0.044921875
151 0.01953125
152 -0.015625
153 -0.1552734375
154 -0.0283203125
155 0.046875
156 0.013671875
157 -0.0419921875
158 0.0703125
159 0.1337890625
160 0.0810546875
161 -0.013671875
162 0.037109375
163 0.0888671875
164 0.0361328125
165 -0.0947265625
166 0.0224609375
167 0.0859375
168 0.0439453125
169 -0.09375
170 -0.052734375
171 0.0126953125
172 -0.0224609375
173 -0.1337890625
174 -0.048828125
175 0.0185546875
176 -0.015625
177 -0.1298828125
178 -0.0439453125
179 0.021484375
180 -0.0146484375
181 -0.1533203125
182 -0.02734375
183 0.044921875
184 0.0146484375
185 -0.041015625
186 0.0703125
187 0.1318359375
188 0.0810546875
189 -0.013671875
190 0.0380859375
191 0.0859375
192 0.0380859375
193 -0.0947265625
194 0.0205078125
195 0.0849609375
196 0.0439453125
197 -0.095703125
198 -0.056640625
199 0.009765625
200 -0.021484375
201 -0.1337890625
202 -0.05078125
203 0.017578125
204 -0.015625
205 -0.1279296875
206 -0.04296875
207 0.0205078125
208 -0.0146484375
209 -0.1552734375
210 -0.0283203125
211 0.0439453125
212 0.013671875
213 -0.041015625
214 0.0712890625
215 0.1318359375
216 0.08203125
217 -0.01171875
218 0.037109375
219 0.0888671875
220 0.0361328125
221 -0.0927734375
222 0.021484375
223 0.0849609375
224 0.044921875
225 -0.0927734375
226 -0.0556640625
227 0.009765625
228 -0.0205078125
229 -0.1328125
230 -0.048828125
231 0.017578125
232 -0.0146484375
233 -0.1298828125
234 -0.04296875
235 0.021484375
236 -0.013671875
237 -0.1552734375
238 -0.0283203125
239 0.044921875
240 0.013671875
241 -0.0419921875
242 0.0703125
243 0.1318359375
244 0.08203125
245 -0.0126953125
246 0.0341796875
247 0.0869140625
248 0.0341796875
249 -0.095703125
250 0.0205078125
251 0.083984375
252 0.04296875
253 -0.095703125
254 -0.0546875
255 0.01171875
256 -0.0205078125
257 -0.134765625
258 -0.046875
259 0.01953125
260 -0.015625
261 -0.1279296875
262 -0.0419921875
263 0.0234375
264 -0.0146484375
265 -0.15234375
266 -0.0263671875
267 0.048828125
268 0.0146484375
269 -0.0390625
270 0.0703125
271 0.134765625
272 0.0810546875
273 -0.01171875
274 0.037109375
275 0.0888671875
276 0.0380859375
277 -0.09375
278 0.0224609375
279 0.087890625
280 0.044921875
281 -0.091796875
282 -0.0517578125
283 0.015625
284 -0.017578125
285 -0.1328125
286 -0.0458984375
287 0.0224609375
288 -0.0146484375
289 -0.1298828125
290 -0.041015625
291 0.025390625
292 -0.0126953125
293 -0.1572265625
294 -0.02734375
295 0.0478515625
296 0.0126953125
297 -0.04296875
298 0.0703125
299 0.134765625
300 0.0810546875
301 -0.0146484375
302 0.0380859375
303 0.091796875
304 0.037109375
305 -0.095703125
306 0.0224609375
307 0.0869140625
308 0.0439453125
309 -0.091796875
310 -0.0537109375
311 0.01171875
312 -0.01953125
313 -0.1298828125
314 -0.0478515625
315 0.017578125
316 -0.0146484375
317 -0.125
318 -0.0419921875
319 0.01953125
320 -0.0107421875
321 -0.1513671875
322 -0.02734375
323 0.044921875
324 0.0166015625
325 -0.0390625
326 0.0703125
327 0.130859375
328 0.0830078125
329 -0.0087890625
330 0.0361328125
331 0.0869140625
332 0.0390625
333 -0.0908203125
334 0.021484375
335 0.083984375
336 0.0458984375
337 -0.0908203125
338 -0.052734375
339 0.0126953125
340 -0.01953125
341 -0.1318359375
342 -0.0478515625
343 0.015625
344 -0.0146484375
345 -0.12890625
346 -0.0419921875
347 0.01953125
348 -0.013671875
349 -0.154296875
350 -0.0283203125
351 0.0419921875
352 0.015625
353 -0.037109375
354 0.0703125
355 0.1298828125
356 0.08203125
357 -0.0087890625
358 0.0361328125
359 0.0869140625
360 0.037109375
361 -0.0908203125
362 0.0205078125
363 0.08203125
364 0.0439453125
365 -0.09375
366 -0.0546875
367 0.009765625
368 -0.0185546875
369 -0.130859375
370 -0.046875
371 0.0146484375
372 -0.0126953125
373 -0.125
374 -0.04296875
375 0.017578125
376 -0.01171875
377 -0.150390625
378 -0.0263671875
379 0.0458984375
380 0.0166015625
381 -0.0361328125
382 0.0703125
383 0.1318359375
384 0.0830078125
385 -0.0078125
386 0.037109375
387 0.0888671875
388 0.0380859375
389 -0.0908203125
390 0.021484375
391 0.0830078125
392 0.0458984375
393 -0.0927734375
394 -0.0537109375
395 0.009765625
396 -0.0185546875
397 -0.1298828125
398 -0.046875
399 0.017578125
400 -0.013671875
401 -0.125
402 -0.044921875
403 0.01953125
404 -0.013671875
405 -0.1513671875
406 -0.02734375
407 0.044921875
408 0.013671875
409 -0.037109375
410 0.072265625
411 0.1318359375
412 0.0830078125
413 -0.01171875
414 0.037109375
415 0.0888671875
416 0.0380859375
417 -0.0927734375
418 0.021484375
419 0.0869140625
420 0.044921875
421 -0.0927734375
422 -0.0537109375
423 0.0107421875
424 -0.0185546875
425 -0.130859375
426 -0.048828125
427 0.0185546875
428 -0.0146484375
429 -0.1259765625
430 -0.04296875
431 0.0224609375
432 -0.01171875
433 -0.154296875
434 -0.0263671875
435 0.0458984375
436 0.015625
437 -0.041015625
438 0.0693359375
439 0.1328125
440 0.0810546875
441 -0.0126953125
442 0.0380859375
443 0.08984375
444 0.0361328125
445 -0.0927734375
446 0.0205078125
447 0.0869140625
448 0.044921875
449 -0.09375
450 -0.0546875
451 0.0126953125
452 -0.01953125
453 -0.130859375
454 -0.0478515625
455 0.0205078125
456 -0.0126953125
457 -0.126953125
458 -0.04296875
459 0.021484375
460 -0.0107421875
461 -0.154296875
462 -0.0283203125
463 0.0439453125
464 0.015625
465 -0.0400390625
466 0.0693359375
467 0.1328125
468 0.0810546875
469 -0.0107421875
470 0.037109375
471 0.08984375
472 0.0361328125
473 -0.0947265625
474 0.0205078125
475 0.0859375
476 0.044921875
477 -0.0947265625
478 -0.0537109375
479 0.01171875
480 -0.017578125
481 -0.1337890625
482 -0.0478515625
483 0.0185546875
484 -0.013671875
485 -0.126953125
486 -0.041015625
487 0.021484375
488 -0.0126953125
489 -0.150390625
490 -0.025390625
491 0.0478515625
492 0.015625
493 -0.037109375
494 0.0712890625
495 0.1328125
496 0.083984375
497 -0.0087890625
498 0.037109375
499 0.0888671875
500 0.0390625
501 -0.0908203125
502 0.0244140625
503 0.0869140625
504 0.0458984375
505 -0.0908203125
506 -0.0498046875
507 0.0146484375
508 -0.0166015625
509 -0.130859375
510 -0.044921875
511 0.0205078125
512 -0.0126953125
513 -0.1279296875
514 -0.041015625
515 0.0244140625
516 -0.0126953125
517 -0.15234375
518 -0.025390625
519 0.048828125
520 0.0146484375
521 -0.0400390625
522 0.0712890625
523 0.1357421875
524 0.083984375
525 -0.01171875
526 0.0380859375
527 0.0908203125
528 0.0380859375
529 -0.0927734375
530 0.0234375
531 0.0859375
532 0.044921875
533 -0.0947265625
534 -0.052734375
535 0.0126953125
536 -0.01953125
537 -0.1337890625
538 -0.0478515625
539 0.0205078125
540 -0.015625
541 -0.126953125
542 -0.0419921875
543 0.0244140625
544 -0.0126953125
545 -0.1533203125
546 -0.025390625
547 0.0498046875
548 0.015625
549 -0.0419921875
550 0.072265625
551 0.134765625
552 0.08203125
553 -0.0107421875
554 0.0390625
555 0.091796875
556 0.0390625
557 -0.0927734375
558 0.0234375
559 0.0888671875
560 0.0458984375
561 -0.091796875
562 -0.052734375
563 0.0166015625
564 -0.01953125
565 -0.130859375
566 -0.046875
567 0.01953125
568 -0.013671875
569 -0.1279296875
570 -0.041015625
571 0.0224609375
572 -0.0126953125
573 -0.15625
574 -0.0263671875
575 0.044921875
576 0.015625
577 -0.0400390625
578 0.0712890625
579 0.1337890625
580 0.08203125
581 -0.0107421875
582 0.037109375
583 0.0888671875
584 0.037109375
585 -0.0927734375
586 0.021484375
587 0.0849609375
588 0.04296875
589 -0.09375
590 -0.052734375
591 0.0126953125
592 -0.01953125
593 -0.1328125
594 -0.046875
595 0.01953125
596 -0.013671875
597 -0.12890625
598 -0.041015625
599 0.0234375
600 -0.01171875
601 -0.1533203125
602 -0.025390625
603 0.048828125
604 0.017578125
605 -0.0400390625
606 0.072265625
607 0.1357421875
608 0.08203125
609 -0.0107421875
610 0.0380859375
611 0.0927734375
612 0.0380859375
613 -0.08984375
614 0.0244140625
615 0.0908203125
616 0.044921875
617 -0.09375
618 -0.0517578125
619 0.015625
620 -0.0185546875
621 -0.1337890625
622 -0.0458984375
623 0.0205078125
624 -0.013671875
625 -0.12890625
626 -0.041015625
627 0.0224609375
628 -0.013671875
629 -0.1533203125
630 -0.02734375
631 0.0439453125
632 0.013671875
633 -0.0380859375
634 0.0703125
635 0.130859375
636 0.0830078125
637 -0.0087890625
638 0.0380859375
639 0.0888671875
640 0.0400390625
641 -0.0908203125
642 0.0224609375
643 0.083984375
644 0.044921875
645 -0.0927734375
646 -0.0537109375
647 0.01171875
648 -0.017578125
649 -0.1298828125
650 -0.046875
651 0.0185546875
652 -0.013671875
653 -0.1279296875
654 -0.0400390625
655 0.021484375
656 -0.01171875
657 -0.1533203125
658 -0.0283203125
659 0.0458984375
660 0.015625
661 -0.0390625
662 0.072265625
663 0.1337890625
664 0.08203125
665 -0.01171875
666 0.0380859375
667 0.08984375
668 0.0380859375
669 -0.0947265625
670 0.0234375
671 0.0869140625
672 0.046875
673 -0.0927734375
674 -0.052734375
675 0.0146484375
676 -0.0205078125
677 -0.1337890625
678 -0.046875
679 0.021484375
680 -0.013671875
681 -0.1279296875
682 -0.0419921875
683 0.0244140625
684 -0.0146484375
685 -0.154296875
686 -0.02734375
687 0.046875
688 0.015625
689 -0.0390625
690 0.0712890625
691 0.1328125
692 0.0830078125
693 -0.0107421875
694 0.0400390625
695 0.087890625
696 0.0390625
697 -0.091796875
698 0.021484375
699 0.0859375
700 0.044921875
701 -0.0927734375
702 -0.0537109375
703 0.0126953125
704 -0.0185546875
705 -0.1298828125
706 -0.0458984375
707 0.0205078125
708 -0.0146484375
709 -0.1259765625
710 -0.0400390625
711 0.0234375
712 -0.01171875
713 -0.1533203125
714 -0.0244140625
715 0.0498046875
716 0.0166015625
717 -0.041015625
718 0.07421875
719 0.1357421875
720 0.0830078125
721 -0.0126953125
722 0.0390625
723 0.0927734375
724 0.0380859375
725 -0.0927734375
726 0.0234375
727 0.0908203125
728 0.0439453125
729 -0.091796875
730 -0.05078125
731 0.01953125
732 -0.0185546875
733 -0.1337890625
734 -0.044921875
735 0.025390625
736 -0.013671875
737 -0.12890625
738 -0.0390625
739 0.02734375
740 -0.01171875
741 -0.1552734375
742 -0.025390625
743 0.0498046875
744 0.015625
745 -0.041015625
746 0.0732421875
747 0.1376953125
748 0.08203125
749 -0.01171875
750 0.0400390625
751 0.0927734375
752 0.037109375
753 -0.09375
754 0.0224609375
755 0.0908203125
756 0.04296875
757 -0.0908203125
758 -0.0498046875
759 0.017578125
760 -0.0185546875
761 -0.130859375
762 -0.044921875
763 0.021484375
764 -0.013671875
765 -0.126953125
766 -0.0390625
767 0.025390625
768 -0.01171875
769 -0.15234375
770 -0.025390625
771 0.05078125
772 0.015625
773 -0.0400390625
774 0.0712890625
775 0.1357421875
776 0.08203125
777 -0.0107421875
778 0.0380859375
779 0.091796875
780 0.0380859375
781 -0.09375
782 0.0244140625
783 0.087890625
784 0.044921875
785 -0.091796875
786 -0.05078125
787 0.017578125
788 -0.017578125
789 -0.1318359375
790 -0.044921875
791 0.021484375
792 -0.013671875
793 -0.125
794 -0.041015625
795 0.0234375
796 -0.0126953125
797 -0.1533203125
798 -0.0263671875
799 0.048828125
800 0.015625
801 -0.0400390625
802 0.0712890625
803 0.1337890625
804 0.0830078125
805 -0.009765625
806 0.0390625
807 0.0888671875
808 0.0380859375
809 -0.0927734375
810 0.0224609375
811 0.0869140625
812 0.0458984375
813 -0.09375
814 -0.0517578125
815 0.015625
816 -0.01953125
817 -0.1318359375
818 -0.044921875
819 0.0224609375
820 -0.0146484375
821 -0.1259765625
822 -0.041015625
823 0.0224609375
824 -0.01171875
825 -0.1513671875
826 -0.0244140625
827 0.044921875
828 0.0166015625
829 -0.0361328125
830 0.0732421875
831 0.1328125
832 0.0849609375
833 -0.0078125
834 0.0390625
835 0.087890625
836 0.0400390625
837 -0.087890625
838 0.0224609375
839 0.083984375
840 0.0458984375
841 -0.0888671875
842 -0.052734375
843 0.0126953125
844 -0.017578125
845 -0.1279296875
846 -0.0458984375
847 0.017578125
848 -0.0126953125
849 -0.126953125
850 -0.041015625
851 0.0205078125
852 -0.01171875
853 -0.1513671875
854 -0.025390625
855 0.0439453125
856 0.017578125
857 -0.0361328125
858 0.0732421875
859 0.1328125
860 0.0830078125
861 -0.0078125
862 0.037109375
863 0.087890625
864 0.0380859375
865 -0.08984375
866 0.021484375
867 0.0849609375
868 0.0458984375
869 -0.0908203125
870 -0.0537109375
871 0.0107421875
872 -0.017578125
873 -0.130859375
874 -0.046875
875 0.0166015625
876 -0.01171875
877 -0.125
878 -0.041015625
879 0.0185546875
880 -0.009765625
881 -0.1494140625
882 -0.0283203125
883 0.0439453125
884 0.0166015625
885 -0.03515625
886 0.0712890625
887 0.130859375
888 0.083984375
889 -0.0078125
890 0.0390625
891 0.087890625
892 0.0390625
893 -0.0888671875
894 0.0224609375
895 0.0830078125
896 0.0458984375
897 -0.091796875
898 -0.052734375
899 0.0107421875
900 -0.0185546875
901 -0.1298828125
902 -0.0458984375
903 0.0185546875
904 -0.01171875
905 -0.1259765625
906 -0.041015625
907 0.0205078125
908 -0.0126953125
909 -0.1513671875
910 -0.02734375
911 0.044921875
912 0.015625
913 -0.037109375
914 0.0712890625
915 0.130859375
916 0.0830078125
917 -0.0107421875
918 0.037109375
919 0.0869140625
920 0.0380859375
921 -0.0947265625
922 0.01953125
923 0.0849609375
924 0.044921875
925 -0.095703125
926 -0.0546875
927 0.01171875
928 -0.0205078125
929 -0.1318359375
930 -0.046875
931 0.0205078125
932 -0.013671875
933 -0.1259765625
934 -0.041015625
935 0.0234375
936 -0.01171875
937 -0.150390625
938 -0.025390625
939 0.046875
940 0.0166015625
941 -0.0380859375
942 0.0732421875
943 0.1328125
944 0.0830078125
945 -0.0087890625
946 0.0390625
947 0.0908203125
948 0.0400390625
949 -0.091796875
950 0.0263671875
951 0.08984375
952 0.044921875
953 -0.09375
954 -0.05078125
955 0.01953125
956 -0.0185546875
957 -0.1337890625
958 -0.0458984375
959 0.025390625
960 -0.0146484375
961 -0.1279296875
962 -0.041015625
963 0.0263671875
964 -0.0126953125
965 -0.15625
966 -0.02734375
967 0.0478515625
968 0.0146484375
969 -0.04296875
970 0.0732421875
971 0.1376953125
972 0.0830078125
973 -0.013671875
974 0.0390625
975 0.0947265625
976 0.0380859375
977 -0.095703125
978 0.0234375
979 0.08984375
980 0.0439453125
981 -0.0947265625
982 -0.052734375
983 0.0185546875
984 -0.01953125
985 -0.1357421875
986 -0.044921875
987 0.0244140625
988 -0.013671875
989 -0.130859375
990 -0.0400390625
991 0.0263671875
992 -0.0107421875
993 -0.1572265625
994 -0.0234375
995 0.052734375
996 0.0146484375
997 -0.0419921875
998 0.0732421875
999 0.1396484375
1000 0.08203125
1001 -0.01171875
1002 0.0390625
1003 0.0966796875
1004 0.037109375
1005 -0.09375
1006 0.025390625
1007 0.091796875
1008 0.044921875
1009 -0.095703125
1010 -0.0517578125
1011 0.017578125
1012 -0.0185546875
1013 -0.13671875
1014 -0.0458984375
1015 0.0234375
1016 -0.013671875
1017 -0.1318359375
1018 -0.04296875
1019 0.0263671875
1020 -0.0126953125
1021 -0.158203125
1022 -0.0263671875
1023 0.05078125
1024 0.0146484375
1025 -0.0439453125
1026 0.072265625
1027 0.1396484375
1028 0.0830078125
1029 -0.0126953125
1030 0.0390625
1031 0.095703125
1032 0.0380859375
1033 -0.0966796875
1034 0.0234375
1035 0.091796875
1036 0.0439453125
1037 -0.0966796875
1038 -0.052734375
1039 0.017578125
1040 -0.01953125
1041 -0.1357421875
1042 -0.046875
1043 0.025390625
1044 -0.015625
1045 -0.1298828125
1046 -0.041015625
1047 0.0263671875
1048 -0.0126953125
1049 -0.154296875
1050 -0.0244140625
1051 0.052734375
1052 0.0166015625
1053 -0.04296875
1054 0.0732421875
1055 0.138671875
1056 0.0830078125
1057 -0.0107421875
1058 0.0400390625
1059 0.09375
1060 0.0390625
1061 -0.095703125
1062 0.025390625
1063 0.08984375
1064 0.0458984375
1065 -0.095703125
1066 -0.0537109375
1067 0.0166015625
1068 -0.0185546875
1069 -0.1357421875
1070 -0.0458984375
1071 0.025390625
1072 -0.013671875
1073 -0.130859375
1074 -0.041015625
1075 0.0283203125
1076 -0.0126953125
1077 -0.1552734375
1078 -0.0244140625
1079 0.048828125
1080 0.0166015625
1081 -0.041015625
1082 0.07421875
1083 0.1376953125
1084 0.083984375
1085 -0.0107421875
1086 0.0400390625
1087 0.09375
1088 0.0380859375
1089 -0.0947265625
1090 0.0234375
1091 0.08984375
1092 0.0458984375
1093 -0.0947265625
1094 -0.0537109375
1095 0.0146484375
1096 -0.0185546875
1097 -0.1337890625
1098 -0.0458984375
1099 0.021484375
1100 -0.013671875
1101 -0.1298828125
1102 -0.0400390625
1103 0.0244140625
1104 -0.0126953125
1105 -0.1572265625
1106 -0.0263671875
1107 0.0498046875
1108 0.015625
1109 -0.041015625
1110 0.0712890625
1111 0.13671875
1112 0.08203125
1113 -0.01171875
1114 0.0380859375
1115 0.091796875
1116 0.0380859375
1117 -0.0927734375
1118 0.0234375
1119 0.08984375
1120 0.044921875
1121 -0.0947265625
1122 -0.0537109375
1123 0.0146484375
1124 -0.01953125
1125 -0.1337890625
1126 -0.0458984375
1127 0.0205078125
1128 -0.013671875
1129 -0.1279296875
1130 -0.0390625
1131 0.0234375
1132 -0.0126953125
1133 -0.15625
1134 -0.0263671875
1135 0.0478515625
1136 0.0166015625
1137 -0.0419921875
1138 0.0732421875
1139 0.13671875
1140 0.0830078125
1141 -0.009765625
1142 0.0390625
1143 0.091796875
1144 0.0380859375
1145 -0.0927734375
1146 0.021484375
1147 0.0869140625
1148 0.044921875
1149 -0.0947265625
1150 -0.052734375
1151 0.0126953125
1152 -0.017578125
1153 -0.1337890625
1154 -0.0458984375
1155 0.0205078125
1156 -0.0126953125
1157 -0.1279296875
1158 -0.0400390625
1159 0.0234375
1160 -0.01171875
1161 -0.154296875
1162 -0.025390625
1163 0.0498046875
1164 0.015625
1165 -0.0390625
1166 0.0732421875
1167 0.1357421875
1168 0.0830078125
1169 -0.0107421875
1170 0.0400390625
1171 0.091796875
1172 0.0390625
1173 -0.0927734375
1174 0.025390625
1175 0.08984375
1176 0.046875
1177 -0.0927734375
1178 -0.0498046875
1179 0.015625
1180 -0.0185546875
1181 -0.1318359375
1182 -0.044921875
1183 0.0234375
1184 -0.0126953125
1185 -0.1279296875
1186 -0.0400390625
1187 0.0263671875
1188 -0.01171875
1189 -0.154296875
1190 -0.025390625
1191 0.048828125
1192 0.0166015625
1193 -0.041015625
1194 0.07421875
1195 0.1357421875
1196 0.083984375
1197 -0.0107421875
1198 0.0400390625
1199 0.09375
1200 0.041015625
1201 -0.09375
1202 0.0224609375
1203 0.087890625
1204 0.0458984375
1205 -0.0947265625
1206 -0.0537109375
1207 0.013671875
1208 -0.017578125
1209 -0.130859375
1210 -0.046875
1211 0.021484375
1212 -0.01171875
1213 -0.1279296875
1214 -0.0390625
1215 0.0205078125
1216 -0.009765625
1217 -0.1533203125
1218 -0.025390625
1219 0.0458984375
1220 0.017578125
1221 -0.037109375
1222 0.0732421875
1223 0.1328125
1224 0.0859375
1225 -0.0087890625
1226 0.0400390625
1227 0.0908203125
1228 0.0390625
1229 -0.08984375
1230 0.0234375
1231 0.0869140625
1232 0.046875
1233 -0.0927734375
1234 -0.052734375
1235 0.0126953125
1236 -0.017578125
1237 -0.12890625
1238 -0.046875
1239 0.0185546875
1240 -0.01171875
1241 -0.1259765625
1242 -0.0400390625
1243 0.0205078125
1244 -0.0107421875
1245 -0.15234375
1246 -0.02734375
1247 0.0419921875
1248 0.015625
1249 -0.037109375
1250 0.0712890625
1251 0.130859375
1252 0.083984375
1253 -0.0078125
1254 0.0380859375
1255 0.0888671875
1256 0.0390625
1257 -0.0927734375
1258 0.021484375
1259 0.0830078125
1260 0.044921875
1261 -0.09375
1262 -0.0537109375
1263 0.0087890625
1264 -0.017578125
1265 -0.1298828125
1266 -0.046875
1267 0.015625
1268 -0.01171875
1269 -0.125
1270 -0.041015625
1271 0.0205078125
1272 -0.0107421875
1273 -0.1484375
1274 -0.025390625
1275 0.0458984375
1276 0.0166015625
1277 -0.0341796875
1278 0.072265625
1279 0.1328125
1280 0.083984375
1281 -0.0068359375
1282 0.0390625
1283 0.087890625
1284 0.0400390625
1285 -0.08984375
1286 0.0244140625
1287 0.0830078125
1288 0.046875
1289 -0.0908203125
1290 -0.0517578125
1291 0.01171875
1292 -0.017578125
1293 -0.12890625
1294 -0.046875
1295 0.017578125
1296 -0.01171875
1297 -0.1259765625
1298 -0.04296875
1299 0.01953125
1300 -0.01171875
1301 -0.150390625
1302 -0.02734375
1303 0.04296875
1304 0.0166015625
1305 -0.037109375
1306 0.072265625
1307 0.130859375
1308 0.083984375
1309 -0.0087890625
1310 0.0390625
1311 0.0888671875
1312 0.0400390625
1313 -0.08984375
1314 0.0234375
1315 0.0830078125
1316 0.044921875
1317 -0.0908203125
1318 -0.0537109375
1319 0.0126953125
1320 -0.0185546875
1321 -0.12890625
1322 -0.0458984375
1323 0.01953125
1324 -0.0126953125
1325 -0.1240234375
1326 -0.0400390625
1327 0.0234375
1328 -0.0107421875
1329 -0.154296875
1330 -0.0263671875
1331 0.046875
1332 0.015625
1333 -0.0380859375
1334 0.072265625
1335 0.1328125
1336 0.0859375
1337 -0.0087890625
1338 0.0380859375
1339 0.0908203125
1340 0.0400390625
1341 -0.0927734375
1342 0.0224609375
1343 0.0869140625
1344 0.044921875
1345 -0.09375
1346 -0.0537109375
1347 0.015625
1348 -0.017578125
1349 -0.1318359375
1350 -0.0478515625
1351 0.0185546875
1352 -0.013671875
1353 -0.1279296875
1354 -0.041015625
1355 0.0205078125
1356 -0.01171875
1357 -0.154296875
1358 -0.02734375
1359 0.0419921875
1360 0.0166015625
1361 -0.0390625
1362 0.0712890625
1363 0.1337890625
1364 0.0830078125
1365 -0.009765625
1366 0.0380859375
1367 0.091796875
1368 0.0380859375
1369 -0.09375
1370 0.021484375
1371 0.0869140625
1372 0.0439453125
1373 -0.0927734375
1374 -0.052734375
1375 0.0126953125
1376 -0.0185546875
1377 -0.1337890625
1378 -0.0458984375
1379 0.0205078125
1380 -0.01171875
1381 -0.126953125
1382 -0.0390625
1383 0.0263671875
1384 -0.0107421875
1385 -0.150390625
1386 -0.025390625
1387 0.0498046875
1388 0.0166015625
1389 -0.0380859375
1390 0.072265625
1391 0.1357421875
1392 0.083984375
1393 -0.0068359375
1394 0.0380859375
1395 0.091796875
1396 0.0390625
1397 -0.0908203125
1398 0.0234375
1399 0.0830078125
1400 0.0458984375
1401 -0.091796875
1402 -0.05078125
1403 0.0107421875
1404 -0.0166015625
1405 -0.12890625
1406 -0.0439453125
1407 0.017578125
1408 -0.01171875
1409 -0.1240234375
1410 -0.041015625
1411 0.0224609375
1412 -0.0107421875
1413 -0.1533203125
1414 -0.0244140625
1415 0.0478515625
1416 0.017578125
1417 -0.0380859375
1418 0.0732421875
1419 0.13671875
1420 0.0849609375
1421 -0.009765625
1422 0.041015625
1423 0.0927734375
1424 0.0400390625
1425 -0.09375
1426 0.0244140625
1427 0.0908203125
1428 0.046875
1429 -0.0947265625
1430 -0.0498046875
1431 0.017578125
1432 -0.0185546875
1433 -0.1337890625
1434 -0.044921875
1435 0.025390625
1436 -0.013671875
1437 -0.1259765625
1438 -0.0380859375
1439 0.0302734375
1440 -0.0107421875
1441 -0.1298828125
1442 -0.0048828125
1443 0.0693359375
1444 0.029296875
1445 -0.08203125
1446 -0.029296875
1447 0.03515625
1448 -0.0048828125
1449 -0.1240234375
1450 -0.0390625
1451 0.029296875
1452 -0.0087890625
1453 -0.130859375
1454 -0.0458984375
1455 0.0224609375
1456 -0.013671875
1457 -0.18359375
1458 -0.0849609375
1459 -0.01171875
1460 -0.041015625
1461 -0.1953125
1462 -0.0615234375
1463 0.0234375
1464 -0.001953125
1465 -0.076171875
1466 0.04296875
1467 0.111328125
1468 0.064453125
1469 0.0029296875
1470 0.111328125
1471 0.169921875
1472 0.1103515625
1473 0.015625
1474 0.0625
1475 0.1123046875
1476 0.0556640625
1477 -0.0517578125
1478 0.0595703125
1479 0.1201171875
1480 0.0693359375
1481 -0.0078125
1482 0.0966796875
1483 0.1552734375
1484 0.09765625
1485 -0.0205078125
1486 0.0244140625
1487 0.0791015625
1488 0.02734375
1489 -0.0791015625
1490 0.037109375
1491 0.1015625
1492 0.0556640625
1493 -0.015625
1494 0.0927734375
1495 0.1513671875
1496 0.0927734375
1497 -0.0185546875
1498 0.02734375
1499 0.078125
1500 0.025390625
1501 -0.080078125
1502 -0.005859375
1503 0.0546875
1504 0.0107421875
1505 -0.0849609375
1506 0.029296875
1507 0.095703125
1508 0.0498046875
1509 -0.064453125
1510 0.044921875
1511 0.107421875
1512 0.0595703125
1513 -0.044921875
1514 0.0634765625
1515 0.12109375
1516 0.072265625
1517 -0.0009765625
1518 0.1025390625
1519 0.158203125
1520 0.0986328125
1521 0.0068359375
1522 0.048828125
1523 0.103515625
1524 0.044921875
1525 -0.046875
1526 0.05859375
1527 0.119140625
1528 0.064453125
1529 -0.04296875
1530 0.0595703125
1531 0.1181640625
1532 0.0654296875
1533 -0.0947265625
1534 -0.0576171875
1535 0.0048828125
1536 -0.0302734375
1537 -0.197265625
1538 -0.1103515625
1539 -0.0322265625
1540 -0.0576171875
1541 -0.162109375
1542 -0.03515625
1543 0.0341796875
1544 0.00390625
1545 -0.05078125
1546 0.0576171875
1547 0.1162109375
1548 0.0673828125
1549 0.0068359375
1550 0.10546875
1551 0.1572265625
1552 0.1015625
1553 -0.0146484375
1554 0.0185546875
1555 0.0703125
1556 0.021484375
1557 -0.1044921875
1558 -0.029296875
1559 0.025390625
1560 -0.009765625
1561 -0.1904296875
1562 -0.125
1563 -0.0517578125
1564 -0.0654296875
1565 -0.1689453125
1566 -0.0771484375
1567 -0.01171875
1568 -0.0390625
1569 -0.205078125
1570 -0.12890625
1571 -0.0517578125
1572 -0.068359375
1573 -0.18359375
1574 -0.0556640625
1575 0.017578125
1576 -0.0048828125
1577 -0.103515625
1578 -0.056640625
1579 0.009765625
1580 -0.021484375
1581 -0.1337890625
1582 -0.046875
1583 0.0126953125
1584 -0.0185546875
1585 -0.126953125
1586 -0.0458984375
1587 0.015625
1588 -0.015625
1589 -0.10546875
1590 0.0107421875
1591 0.0791015625
1592 0.037109375
1593 -0.015625
1594 0.0908203125
1595 0.15234375
1596 0.0947265625
1597 -0.0166015625
1598 0.083984375
1599 0.1435546875
1600 0.0859375
1601 -0.0185546875
1602 0.0849609375
1603 0.1416015625
1604 0.0859375
1605 0.01171875
1606 0.1103515625
1607 0.1669921875
1608 0.1044921875
1609 0.0146484375
1610 0.0556640625
1611 0.107421875
1612 0.05078125
1613 -0.0439453125
1614 0.060546875
1615 0.12109375
1616 0.068359375
1617 -0.0439453125
1618 0.05859375
1619 0.1181640625
1620 0.0654296875
1621 -0.09765625
1622 -0.05859375
1623 0.0068359375
1624 -0.03125
1625 -0.1982421875
1626 -0.1083984375
1627 -0.0322265625
1628 -0.056640625
1629 -0.1669921875
1630 -0.0361328125
1631 0.0400390625
1632 0.0029296875
1633 -0.072265625
1634 0.04296875
1635 0.109375
1636 0.0576171875
1637 -0.0048828125
1638 0.099609375
1639 0.1572265625
1640 0.09375
1641 -0.01953125
1642 0.0185546875
1643 0.072265625
1644 0.0205078125
1645 -0.109375
1646 -0.0302734375
1647 0.03125
1648 -0.013671875
1649 -0.1953125
1650 -0.126953125
1651 -0.046875
1652 -0.0693359375
1653 -0.173828125
1654 -0.078125
1655 -0.0078125
1656 -0.0419921875
1657 -0.2080078125
1658 -0.1279296875
1659 -0.048828125
1660 -0.0693359375
1661 -0.193359375
1662 -0.0576171875
1663 0.0224609375
1664 -0.0087890625
1665 -0.1083984375
1666 -0.056640625
1667 0.013671875
1668 -0.0244140625
1669 -0.138671875
1670 -0.0458984375
1671 0.01953125
1672 -0.0205078125
1673 -0.1318359375
1674 -0.0458984375
1675 0.01953125
1676 -0.0185546875
1677 -0.109375
1678 0.0107421875
1679 0.0810546875
1680 0.0380859375
1681 -0.015625
1682 0.0947265625
1683 0.1572265625
1684 0.095703125
1685 0.0400390625
1686 0.1396484375
1687 0.1962890625
1688 0.1298828125
1689 0.0654296875
1690 0.162109375
1691 0.216796875
1692 0.1435546875
1693 0.0361328125
1694 0.1318359375
1695 0.18359375
1696 0.1162109375
1697 0.0068359375
1698 0.1064453125
1699 0.16015625
1700 0.09765625
1701 0.017578125
1702 0.1181640625
1703 0.1708984375
1704 0.1044921875
1705 0.0146484375
1706 0.0546875
1707 0.107421875
1708 0.044921875
1709 -0.046875
1710 0.05859375
1711 0.1201171875
1712 0.0615234375
1713 0.0048828125
1714 0.107421875
1715 0.1669921875
1716 0.0986328125
1717 0.037109375
1718 0.1337890625
1719 0.1884765625
1720 0.1171875
1721 0.0107421875
1722 0.109375
1723 0.16015625
1724 0.0927734375
1725 -0.064453125
1726 -0.029296875
1727 0.0244140625
1728 -0.0224609375
1729 -0.1865234375
1730 -0.1044921875
1731 -0.033203125
1732 -0.0615234375
1733 -0.171875
1734 -0.0478515625
1735 0.0244140625
1736 -0.009765625
1737 -0.072265625
1738 0.0390625
1739 0.1015625
1740 0.048828125
1741 -0.017578125
1742 0.0849609375
1743 0.1416015625
1744 0.080078125
1745 -0.041015625
1746 0.0
1747 0.05078125
1748 0.0
1749 -0.12890625
1750 -0.0478515625
1751 0.01171875
1752 -0.0322265625
1753 -0.212890625
1754 -0.146484375
1755 -0.06640625
1756 -0.0869140625
1757 -0.19140625
1758 -0.0947265625
1759 -0.0244140625
1760 -0.05859375
1761 -0.224609375
1762 -0.1455078125
1763 -0.0654296875
1764 -0.0859375
1765 -0.2060546875
1766 -0.072265625
1767 0.005859375
1768 -0.0224609375
1769 -0.123046875
1770 -0.0712890625
1771 -0.00390625
1772 -0.0380859375
1773 -0.1611328125
1774 -0.0703125
1775 -0.0068359375
1776 -0.0400390625
1777 -0.166015625
1778 -0.0791015625
1779 -0.0078125
1780 -0.04296875
1781 -0.1416015625
1782 -0.0185546875
1783 0.0546875
1784 0.013671875
1785 -0.0341796875
1786 0.07421875
1787 0.134765625
1788 0.0791015625
1789 0.0185546875
1790 0.1201171875
1791 0.1748046875
1792 0.1123046875
1793 0.044921875
1794 0.1435546875
1795 0.1953125
1796 0.126953125
1797 0.05859375
1798 0.1533203125
1799 0.205078125
1800 0.1318359375
1801 0.0654296875
1802 0.1591796875
1803 0.2099609375
1804 0.13671875
1805 0.0234375
1806 0.1162109375
1807 0.169921875
1808 0.1015625
1809 -0.0107421875
1810 0.0869140625
1811 0.1416015625
1812 0.0771484375
1813 -0.001953125
1814 0.09765625
1815 0.1494140625
1816 0.0859375
1817 -0.005859375
1818 0.0361328125
1819 0.0869140625
1820 0.0263671875
1821 -0.0654296875
1822 0.0400390625
1823 0.1015625
1824 0.0439453125
1825 -0.0166015625
1826 0.083984375
1827 0.140625
1828 0.0771484375
1829 0.015625
1830 0.11328125
1831 0.166015625
1832 0.0986328125
1833 -0.0087890625
1834 0.0859375
1835 0.1376953125
1836 0.0751953125
1837 -0.0869140625
1838 -0.052734375
1839 0.0009765625
1840 -0.0390625
1841 -0.2080078125
1842 -0.126953125
1843 -0.0517578125
1844 -0.0791015625
1845 -0.189453125
1846 -0.060546875
1847 0.009765625
1848 -0.0234375
1849 -0.0859375
1850 0.0244140625
1851 0.0888671875
1852 0.03515625
1853 -0.02734375
1854 0.0732421875
1855 0.126953125
1856 0.0673828125
1857 -0.0517578125
1858 -0.01171875
1859 0.0390625
1860 -0.0107421875
1861 -0.140625
1862 -0.05859375
1863 0.0009765625
1864 -0.0419921875
1865 -0.2236328125
1866 -0.15625
1867 -0.076171875
1868 -0.0986328125
1869 -0.201171875
1870 -0.10546875
1871 -0.0380859375
1872 -0.068359375
1873 -0.2353515625
1874 -0.158203125
1875 -0.0771484375
1876 -0.09765625
1877 -0.2177734375
1878 -0.083984375
1879 -0.0087890625
1880 -0.033203125
1881 -0.1328125
1882 -0.0810546875
1883 -0.017578125
1884 -0.048828125
1885 -0.2001953125
1886 -0.1103515625
1887 -0.041015625
1888 -0.0673828125
1889 -0.2080078125
1890 -0.1171875
1891 -0.044921875
1892 -0.0673828125
1893 -0.162109375
1894 -0.0390625
1895 0.0322265625
1896 0.0
1897 -0.0419921875
1898 0.0595703125
1899 0.1171875
1900 0.0703125
1901 0.0087890625
1902 0.10546875
1903 0.15625
1904 0.099609375
1905 0.03515625
1906 0.1298828125
1907 0.1787109375
1908 0.1162109375
1909 0.0478515625
1910 0.1396484375
1911 0.1865234375
1912 0.1220703125
1913 0.0595703125
1914 0.1474609375
1915 0.1943359375
1916 0.126953125
1917 0.0224609375
1918 0.1103515625
1919 0.1572265625
1920 0.095703125
1921 -0.01171875
1922 0.0810546875
1923 0.130859375
1924 0.0732421875
1925 -0.0029296875
1926 0.0908203125
1927 0.1396484375
1928 0.0810546875
1929 -0.0107421875
1930 0.0283203125
1931 0.0751953125
1932 0.021484375
1933 -0.0654296875
1934 0.0341796875
1935 0.0888671875
1936 0.0400390625
1937 -0.0146484375
1938 0.0810546875
1939 0.134765625
1940 0.0751953125
1941 0.0185546875
1942 0.109375
1943 0.16015625
1944 0.0966796875
1945 -0.005859375
1946 0.0849609375
1947 0.1318359375
1948 0.07421875
1949 -0.0830078125
1950 -0.05078125
1951 0.001953125
1952 -0.0390625
1953 -0.1982421875
1954 -0.1181640625
1955 -0.05078125
1956 -0.0771484375
1957 -0.18359375
1958 -0.0625
1959 0.0068359375
1960 -0.02734375
1961 -0.0859375
1962 0.0224609375
1963 0.0810546875
1964 0.033203125
1965 -0.029296875
1966 0.0712890625
1967 0.1220703125
1968 0.064453125
1969 -0.0537109375
1970 -0.0166015625
1971 0.0322265625
1972 -0.013671875
1973 -0.142578125
1974 -0.0625
1975 -0.0087890625
1976 -0.0458984375
1977 -0.2275390625
1978 -0.162109375
1979 -0.0849609375
1980 -0.1015625
1981 -0.205078125
1982 -0.1103515625
1983 -0.0419921875
1984 -0.0732421875
1985 -0.2373046875
1986 -0.1611328125
1987 -0.080078125
1988 -0.099609375
1989 -0.21875
1990 -0.0859375
1991 -0.009765625
1992 -0.0361328125
1993 -0.13671875
1994 -0.083984375
1995 -0.0205078125
1996 -0.0517578125
1997 -0.169921875
1998 -0.0810546875
1999 -0.0224609375
2000 -0.0517578125
2001 -0.1689453125
2002 -0.0869140625
2003 -0.021484375
2004 -0.0517578125
2005 -0.1416015625
2006 -0.0244140625
2007 0.04296875
2008 0.0078125
2009 -0.0390625
2010 0.0634765625
2011 0.1220703125
2012 0.0712890625
2013 0.009765625
2014 0.10546875
2015 0.16015625
2016 0.099609375
2017 0.03125
2018 0.123046875
2019 0.1748046875
2020 0.109375
2021 0.0361328125
2022 0.1298828125
2023 0.177734375
2024 0.111328125
2025 0.0498046875
2026 0.138671875
2027 0.1884765625
2028 0.1201171875
2029 0.0126953125
2030 0.1025390625
2031 0.1513671875
2032 0.0888671875
2033 -0.01953125
2034 0.0751953125
2035 0.126953125
2036 0.06640625
2037 -0.0107421875
2038 0.0849609375
2039 0.1376953125
2040 0.076171875
2041 -0.03125
2042 0.0068359375
2043 0.05859375
2044 0.0048828125
2045 -0.0859375
2046 0.021484375
2047 0.0810546875
2048 0.029296875
2049 -0.0283203125
2050 0.072265625
2051 0.1298828125
2052 0.06640625
2053 0.0087890625
2054 0.103515625
2055 0.1572265625
2056 0.0908203125
2057 -0.0146484375
2058 0.078125
2059 0.12890625
2060 0.0673828125
2061 -0.0908203125
2062 -0.0576171875
2063 -0.0048828125
2064 -0.044921875
2065 -0.212890625
2066 -0.130859375
2067 -0.060546875
2068 -0.0849609375
2069 -0.197265625
2070 -0.072265625
2071 0.0029296875
2072 -0.033203125
2073 -0.109375
2074 0.0048828125
2075 0.0712890625
2076 0.0205078125
2077 -0.041015625
2078 0.0615234375
2079 0.12109375
2080 0.0595703125
2081 -0.060546875
2082 -0.0224609375
2083 0.03125
2084 -0.0185546875
2085 -0.1494140625
2086 -0.06640625
2087 -0.0048828125
2088 -0.0498046875
2089 -0.2314453125
2090 -0.162109375
2091 -0.0830078125
2092 -0.103515625
2093 -0.2109375
2094 -0.1123046875
2095 -0.041015625
2096 -0.076171875
2097 -0.2431640625
2098 -0.1630859375
2099 -0.08203125
2100 -0.103515625
2101 -0.220703125
2102 -0.08984375
2103 -0.01171875
2104 -0.0380859375
2105 -0.1396484375
2106 -0.0888671875
2107 -0.021484375
2108 -0.0546875
2109 -0.21875
2110 -0.1220703125
2111 -0.0517578125
2112 -0.0771484375
2113 -0.2314453125
2114 -0.13671875
2115 -0.0576171875
2116 -0.0810546875
2117 -0.1708984375
2118 -0.04296875
2119 0.0302734375
2120 -0.0048828125
2121 -0.0537109375
2122 0.056640625
2123 0.119140625
2124 0.064453125
2125 0.001953125
2126 0.1025390625
2127 0.1591796875
2128 0.095703125
2129 0.0224609375
2130 0.1171875
2131 0.1708984375
2132 0.1064453125
2133 0.03515625
2134 0.12890625
2135 0.1806640625
2136 0.11328125
2137 0.048828125
2138 0.140625
2139 0.1904296875
2140 0.1201171875
2141 0.0126953125
2142 0.103515625
2143 0.15234375
2144 0.0888671875
2145 -0.0224609375
2146 0.07421875
2147 0.125
2148 0.0654296875
2149 -0.0107421875
2150 0.0849609375
2151 0.1357421875
2152 0.0751953125
2153 -0.0166015625
2154 0.0224609375
2155 0.0693359375
2156 0.015625
2157 -0.0732421875
2158 0.03125
2159 0.087890625
2160 0.037109375
2161 -0.029296875
2162 0.0712890625
2163 0.1279296875
2164 0.0673828125
2165 0.0068359375
2166 0.1025390625
2167 0.15625
2168 0.0888671875
2169 -0.0146484375
2170 0.0791015625
2171 0.1318359375
2172 0.068359375
2173 -0.0908203125
2174 -0.0546875
2175 -0.0009765625
2176 -0.0439453125
2177 -0.2041015625
2178 -0.1220703125
2179 -0.0517578125
2180 -0.0810546875
2181 -0.189453125
2182 -0.064453125
2183 0.0029296875
2184 -0.0283203125
2185 -0.08984375
2186 0.01953125
2187 0.08203125
2188 0.0283203125
2189 -0.03515625
2190 0.06640625
2191 0.12109375
2192 0.0615234375
2193 -0.060546875
2194 -0.0234375
2195 0.0283203125
2196 -0.01953125
2197 -0.1484375
2198 -0.06640625
2199 -0.0078125
2200 -0.048828125
2201 -0.2314453125
2202 -0.1640625
2203 -0.083984375
2204 -0.1044921875
2205 -0.2099609375
2206 -0.1123046875
2207 -0.04296875
2208 -0.0771484375
2209 -0.2421875
2210 -0.1630859375
2211 -0.08203125
2212 -0.1044921875
2213 -0.2236328125
2214 -0.087890625
2215 -0.0107421875
2216 -0.0400390625
2217 -0.140625
2218 -0.087890625
2219 -0.0185546875
2220 -0.0556640625
2221 -0.177734375
2222 -0.0859375
2223 -0.021484375
2224 -0.0556640625
2225 -0.1806640625
2226 -0.091796875
2227 -0.0224609375
2228 -0.056640625
2229 -0.150390625
2230 -0.025390625
2231 0.0458984375
2232 0.00390625
2233 -0.0478515625
2234 0.0634765625
2235 0.125
2236 0.0654296875
2237 0.005859375
2238 0.1083984375
2239 0.1650390625
2240 0.1005859375
2241 0.0263671875
2242 0.126953125
2243 0.181640625
2244 0.109375
2245 0.03515625
2246 0.1328125
2247 0.1865234375
2248 0.1123046875
2249 0.0458984375
2250 0.1435546875
2251 0.1962890625
2252 0.12109375
2253 0.005859375
2254 0.1015625
2255 0.1533203125
2256 0.0869140625
2257 -0.0263671875
2258 0.072265625
2259 0.1259765625
2260 0.0634765625
2261 -0.0146484375
2262 0.08203125
2263 0.1337890625
2264 0.0712890625
2265 -0.03515625
2266 0.00390625
2267 0.0556640625
2268 0.001953125
2269 -0.08984375
2270 0.0185546875
2271 0.0771484375
2272 0.0283203125
2273 -0.0302734375
2274 0.0703125
2275 0.12890625
2276 0.06640625
2277 0.005859375
2278 0.1025390625
2279 0.15625
2280 0.0888671875
2281 -0.017578125
2282 0.0771484375
2283 0.12890625
2284 0.064453125
2285 -0.09375
2286 -0.0595703125
2287 -0.00390625
2288 -0.0458984375
2289 -0.21484375
2290 -0.1318359375
2291 -0.0576171875
2292 -0.087890625
2293 -0.2001953125
2294 -0.068359375
2295 0.0009765625
2296 -0.0341796875
2297 -0.111328125
2298 0.0048828125
2299 0.0703125
2300 0.01953125
2301 -0.04296875
2302 0.0615234375
2303 0.1201171875
2304 0.05859375
2305 -0.0615234375
2306 -0.021484375
2307 0.033203125
2308 -0.0205078125
2309 -0.150390625
2310 -0.0673828125
2311 -0.005859375
2312 -0.0517578125
2313 -0.2333984375
2314 -0.1630859375
2315 -0.0830078125
2316 -0.107421875
2317 -0.212890625
2318 -0.11328125
2319 -0.041015625
2320 -0.078125
2321 -0.24609375
2322 -0.162109375
2323 -0.080078125
2324 -0.107421875
2325 -0.228515625
2326 -0.0908203125
2327 -0.0078125
2328 -0.0419921875
2329 -0.142578125
2330 -0.0888671875
2331 -0.0166015625
2332 -0.0576171875
2333 -0.220703125
2334 -0.1240234375
2335 -0.048828125
2336 -0.080078125
2337 -0.236328125
2338 -0.13671875
2339 -0.056640625
2340 -0.08203125
2341 -0.1728515625
2342 -0.04296875
2343 0.0322265625
2344 -0.005859375
2345 -0.056640625
2346 0.056640625
2347 0.119140625
2348 0.0625
2349 -0.001953125
2350 0.103515625
2351 0.1611328125
2352 0.09375
2353 0.0205078125
2354 0.119140625
2355 0.1748046875
2356 0.1044921875
2357 0.0322265625
2358 0.12890625
2359 0.181640625
2360 0.111328125
2361 0.044921875
2362 0.140625
2363 0.1923828125
2364 0.119140625
2365 0.0087890625
2366 0.103515625
2367 0.1552734375
2368 0.0888671875
2369 -0.0263671875
2370 0.072265625
2371 0.1259765625
2372 0.0654296875
2373 -0.0146484375
2374 0.0830078125
2375 0.1376953125
2376 0.0732421875
2377 -0.0185546875
2378 0.021484375
2379 0.07421875
2380 0.013671875
2381 -0.076171875
2382 0.029296875
2383 0.0888671875
2384 0.0341796875
2385 -0.0302734375
2386 0.0703125
2387 0.1279296875
2388 0.0654296875
2389 0.005859375
2390 0.103515625
2391 0.158203125
2392 0.0888671875
2393 -0.015625
2394 0.0810546875
2395 0.130859375
2396 0.06640625
2397 -0.0869140625
2398 -0.0517578125
2399 0.00390625
2400 -0.0419921875
2401 -0.2001953125
2402 -0.1181640625
2403 -0.0458984375
2404 -0.0791015625
2405 -0.19140625
2406 -0.064453125
2407 0.005859375
2408 -0.0302734375
2409 -0.0927734375
2410 0.01953125
2411 0.08203125
2412 0.0283203125
2413 -0.037109375
2414 0.0654296875
2415 0.1220703125
2416 0.060546875
2417 -0.0595703125
2418 -0.021484375
2419 0.0302734375
2420 -0.021484375
2421 -0.146484375
2422 -0.068359375
2423 -0.0087890625
2424 -0.0498046875
2425 -0.23046875
2426 -0.1640625
2427 -0.0869140625
2428 -0.1064453125
2429 -0.208984375
2430 -0.11328125
2431 -0.044921875
2432 -0.0771484375
2433 -0.2431640625
2434 -0.1640625
2435 -0.083984375
2436 -0.1025390625
2437 -0.2216796875
2438 -0.0888671875
2439 -0.0107421875
2440 -0.0390625
2441 -0.1376953125
2442 -0.0888671875
2443 -0.0205078125
2444 -0.0546875
2445 -0.1767578125
2446 -0.0888671875
2447 -0.0224609375
2448 -0.056640625
2449 -0.181640625
2450 -0.09375
2451 -0.025390625
2452 -0.0556640625
2453 -0.150390625
2454 -0.029296875
2455 0.0390625
2456 0.0029296875
2457 -0.0458984375
2458 0.0615234375
2459 0.12109375
2460 0.0654296875
2461 0.0068359375
2462 0.1064453125
2463 0.1591796875
2464 0.09765625
2465 0.029296875
2466 0.1240234375
2467 0.177734375
2468 0.109375
2469 0.0380859375
2470 0.130859375
2471 0.1826171875
2472 0.1123046875
2473 0.0498046875
2474 0.140625
2475 0.1923828125
2476 0.12109375
2477 0.01171875
2478 0.1015625
2479 0.1494140625
2480 0.0869140625
2481 -0.025390625
2482 0.072265625
2483 0.125
2484 0.0634765625
2485 -0.0146484375
2486 0.08203125
2487 0.1328125
2488 0.072265625
2489 -0.0341796875
2490 0.0048828125
2491 0.056640625
2492 0.001953125
2493 -0.0859375
2494 0.0185546875
2495 0.078125
2496 0.02734375
2497 -0.029296875
2498 0.0712890625
2499 0.1259765625
2500 0.064453125
2501 0.005859375
2502 0.099609375
2503 0.150390625
2504 0.0888671875
2505 -0.017578125
2506 0.076171875
2507 0.1279296875
2508 0.0634765625
2509 -0.091796875
2510 -0.05859375
2511 -0.00390625
2512 -0.046875
2513 -0.208984375
2514 -0.1279296875
2515 -0.0556640625
2516 -0.0849609375
2517 -0.193359375
2518 -0.068359375
2519 0.0009765625
2520 -0.033203125
2521 -0.08984375
2522 0.0185546875
2523 0.0791015625
2524 0.029296875
2525 -0.033203125
2526 0.068359375
2527 0.12109375
2528 0.0625
2529 -0.0615234375
2530 -0.0234375
2531 0.029296875
2532 -0.021484375
2533 -0.1611328125
2534 -0.0791015625
2535 -0.0185546875
2536 -0.060546875
2537 -0.2412109375
2538 -0.1708984375
2539 -0.0888671875
2540 -0.1103515625
2541 -0.21875
2542 -0.1201171875
2543 -0.0498046875
2544 -0.0810546875
2545 -0.2568359375
2546 -0.17578125
2547 -0.09375
2548 -0.1103515625
2549 -0.2607421875
2550 -0.1171875
2551 -0.0361328125
2552 -0.0576171875
2553 -0.1337890625
2554 -0.015625
2555 0.052734375
2556 0.0107421875
2557 -0.1220703125
2558 -0.080078125
2559 -0.015625
2560 -0.05078125
2561 -0.16796875
2562 -0.0830078125
2563 -0.017578125
2564 -0.0498046875
2565 -0.1572265625
2566 -0.0703125
2567 -0.0087890625
2568 -0.04296875
2569 -0.16015625
2570 -0.037109375
2571 0.0302734375
2572 -0.00390625
2573 -0.0927734375
2574 0.0205078125
2575 0.0830078125
2576 0.0361328125
2577 -0.025390625
2578 0.078125
2579 0.13671875
2580 0.0771484375
2581 -0.017578125
2582 0.0302734375
2583 0.0791015625
2584 0.021484375
2585 -0.107421875
2586 0.00390625
2587 0.064453125
2588 0.021484375
2589 -0.1181640625
2590 -0.078125
2591 -0.013671875
2592 -0.046875
2593 -0.1611328125
2594 -0.076171875
2595 -0.0078125
2596 -0.044921875
2597 -0.1572265625
2598 -0.072265625
2599 -0.0068359375
2600 -0.044921875
2601 -0.1845703125
2602 -0.0576171875
2603 0.0185546875
2604 -0.015625
2605 -0.0703125
2606 0.041015625
2607 0.1044921875
2608 0.052734375
2609 -0.0400390625
2610 0.0087890625
2611 0.060546875
2612 0.0087890625
2613 -0.119140625
2614 -0.0048828125
2615 0.056640625
2616 0.0185546875
2617 -0.1201171875
2618 -0.0810546875
2619 -0.017578125
2620 -0.046875
2621 -0.1572265625
2622 -0.0732421875
2623 -0.0107421875
2624 -0.0390625
2625 -0.1513671875
2626 -0.068359375
2627 -0.005859375
2628 -0.0380859375
2629 -0.17578125
2630 -0.0498046875
2631 0.0205078125
2632 -0.0068359375
2633 -0.0625
2634 0.0478515625
2635 0.10546875
2636 0.0595703125
2637 -0.0341796875
2638 0.013671875
2639 0.0634765625
2640 0.013671875
2641 -0.1142578125
2642 -0.001953125
2643 0.0625
2644 0.021484375
2645 -0.1162109375
2646 -0.078125
2647 -0.01171875
2648 -0.0439453125
2649 -0.15234375
2650 -0.0703125
2651 -0.0068359375
2652 -0.0361328125
2653 -0.1484375
2654 -0.064453125
2655 -0.00390625
2656 -0.0341796875
2657 -0.173828125
2658 -0.0478515625
2659 0.0224609375
2660 -0.0048828125
2661 -0.05859375
2662 0.05078125
2663 0.1103515625
2664 0.0625
2665 -0.0283203125
2666 0.017578125
2667 0.06640625
2668 0.0185546875
2669 -0.109375
2670 0.0029296875
2671 0.064453125
2672 0.025390625
2673 -0.11328125
2674 -0.07421875
2675 -0.009765625
2676 -0.0390625
2677 -0.1513671875
2678 -0.0673828125
2679 -0.0009765625
2680 -0.0322265625
2681 -0.1455078125
2682 -0.060546875
2683 0.0029296875
2684 -0.0302734375
2685 -0.169921875
2686 -0.0419921875
2687 0.0283203125
2688 -0.0009765625
2689 -0.0546875
2690 0.0537109375
2691 0.115234375
2692 0.0654296875
2693 -0.0283203125
2694 0.0205078125
2695 0.0712890625
2696 0.021484375
2697 -0.1044921875
2698 0.005859375
2699 0.068359375
2700 0.0302734375
2701 -0.107421875
2702 -0.0703125
2703 -0.0078125
2704 -0.033203125
2705 -0.146484375
2706 -0.0615234375
2707 0.0009765625
2708 -0.0283203125
2709 -0.1416015625
2710 -0.056640625
2711 0.00390625
2712 -0.02734375
2713 -0.166015625
2714 -0.0419921875
2715 0.0302734375
2716 0.0009765625
2717 -0.052734375
2718 0.056640625
2719 0.1162109375
2720 0.0693359375
2721 -0.0224609375
2722 0.0224609375
2723 0.0732421875
2724 0.025390625
2725 -0.10546875
2726 0.009765625
2727 0.0703125
2728 0.03125
2729 -0.1064453125
2730 -0.06640625
2731 -0.001953125
2732 -0.0322265625
2733 -0.1435546875
2734 -0.060546875
2735 0.0048828125
2736 -0.02734375
2737 -0.1396484375
2738 -0.056640625
2739 0.0068359375
2740 -0.025390625
2741 -0.1689453125
2742 -0.041015625
2743 0.03125
2744 0.001953125
2745 -0.052734375
2746 0.05859375
2747 0.119140625
2748 0.0693359375
2749 -0.0224609375
2750 0.0263671875
2751 0.076171875
2752 0.0263671875
2753 -0.103515625
2754 0.01171875
2755 0.0751953125
2756 0.0341796875
2757 -0.10546875
2758 -0.064453125
2759 0.00390625
2760 -0.03125
2761 -0.146484375
2762 -0.0576171875
2763 0.0126953125
2764 -0.0263671875
2765 -0.1416015625
2766 -0.0517578125
2767 0.015625
2768 -0.0224609375
2769 -0.169921875
2770 -0.0390625
2771 0.037109375
2772 0.001953125
2773 -0.0546875
2774 0.0615234375
2775 0.126953125
2776 0.072265625
2777 -0.0224609375
2778 0.029296875
2779 0.0830078125
2780 0.025390625
2781 -0.1064453125
2782 0.01171875
2783 0.080078125
2784 0.0341796875
2785 -0.103515625
2786 -0.064453125
2787 0.0068359375
2788 -0.029296875
2789 -0.14453125
2790 -0.0576171875
2791 0.0107421875
2792 -0.025390625
2793 -0.1396484375
2794 -0.05078125
2795 0.0166015625
2796 -0.0224609375
2797 -0.1669921875
2798 -0.0341796875
2799 0.04296875
2800 0.0078125
2801 -0.0517578125
2802 0.064453125
2803 0.12890625
2804 0.0732421875
2805 -0.021484375
2806 0.03125
2807 0.0859375
2808 0.029296875
2809 -0.1005859375
2810 0.0146484375
2811 0.083984375
2812 0.0380859375
2813 -0.1005859375
2814 -0.05859375
2815 0.01171875
2816 -0.025390625
2817 -0.1435546875
2818 -0.052734375
2819 0.017578125
2820 -0.0205078125
2821 -0.13671875
2822 -0.046875
2823 0.0205078125
2824 -0.0205078125
2825 -0.1650390625
2826 -0.0322265625
2827 0.0419921875
2828 0.0078125
2829 -0.0498046875
2830 0.0634765625
2831 0.1318359375
2832 0.07421875
2833 -0.021484375
2834 0.0322265625
2835 0.0869140625
2836 0.0283203125
2837 -0.1025390625
2838 0.0146484375
2839 0.0810546875
2840 0.0361328125
2841 -0.1025390625
2842 -0.0576171875
2843 0.0087890625
2844 -0.025390625
2845 -0.1416015625
2846 -0.052734375
2847 0.0166015625
2848 -0.01953125
2849 -0.13671875
2850 -0.046875
2851 0.01953125
2852 -0.0185546875
2853 -0.1611328125
2854 -0.0322265625
2855 0.041015625
2856 0.0078125
2857 -0.0478515625
2858 0.06640625
2859 0.130859375
2860 0.0771484375
2861 -0.017578125
2862 0.0322265625
2863 0.0849609375
2864 0.03125
2865 -0.1015625
2866 0.0166015625
2867 0.083984375
2868 0.0390625
2869 -0.1005859375
2870 -0.0556640625
2871 0.009765625
2872 -0.025390625
2873 -0.1396484375
2874 -0.052734375
2875 0.015625
2876 -0.01953125
2877 -0.1328125
2878 -0.046875
2879 0.0185546875
2880 -0.0185546875
2881 -0.1611328125
2882 -0.033203125
2883 0.0419921875
2884 0.0087890625
2885 -0.0478515625
2886 0.0654296875
2887 0.1279296875
2888 0.076171875
2889 -0.017578125
2890 0.033203125
2891 0.0859375
2892 0.0322265625
2893 -0.099609375
2894 0.017578125
2895 0.0810546875
2896 0.0380859375
2897 -0.1005859375
2898 -0.0595703125
2899 0.009765625
2900 -0.025390625
2901 -0.1376953125
2902 -0.052734375
2903 0.0146484375
2904 -0.01953125
2905 -0.1318359375
2906 -0.0458984375
2907 0.01953125
2908 -0.0185546875
2909 -0.1591796875
2910 -0.0322265625
2911 0.041015625
2912 0.01171875
2913 -0.044921875
2914 0.068359375
2915 0.1279296875
2916 0.0791015625
2917 -0.013671875
2918 0.03515625
2919 0.0849609375
2920 0.0341796875
2921 -0.09375
2922 0.01953125
2923 0.08203125
2924 0.0419921875
2925 -0.0966796875
2926 -0.0576171875
2927 0.0078125
2928 -0.0224609375
2929 -0.1357421875
2930 -0.05078125
2931 0.0146484375
2932 -0.017578125
2933 -0.1337890625
2934 -0.044921875
2935 0.0166015625
2936 -0.0166015625
2937 -0.16015625
2938 -0.03125
2939 0.041015625
2940 0.0107421875
2941 -0.044921875
2942 0.068359375
2943 0.130859375
2944 0.080078125
2945 -0.0146484375
2946 0.03515625
2947 0.087890625
2948 0.0341796875
2949 -0.09765625
2950 0.0205078125
2951 0.0849609375
2952 0.041015625
2953 -0.09765625
2954 -0.056640625
2955 0.01171875
2956 -0.021484375
2957 -0.1376953125
2958 -0.048828125
2959 0.0185546875
2960 -0.015625
2961 -0.1328125
2962 -0.04296875
2963 0.0205078125
2964 -0.015625
2965 -0.1572265625
2966 -0.029296875
2967 0.044921875
2968 0.013671875
2969 -0.0400390625
2970 0.06640625
2971 0.12890625
2972 0.08203125
2973 -0.0126953125
2974 0.0361328125
2975 0.0849609375
2976 0.037109375
2977 -0.095703125
2978 0.0185546875
2979 0.08203125
2980 0.04296875
2981 -0.09765625
2982 -0.056640625
2983 0.0087890625
2984 -0.0205078125
2985 -0.134765625
2986 -0.05078125
2987 0.0146484375
2988 -0.0166015625
2989 -0.12890625
2990 -0.0458984375
2991 0.017578125
2992 -0.0146484375
2993 -0.1552734375
2994 -0.0302734375
2995 0.0419921875
2996 0.0126953125
2997 -0.0380859375
2998 0.068359375
2999 0.1259765625
3000 0.080078125
3001 -0.01171875
3002 0.0341796875
3003 0.0849609375
3004 0.0361328125
3005 -0.09375
3006 0.0185546875
3007 0.0810546875
3008 0.0439453125
3009 -0.0947265625
3010 -0.0556640625
3011 0.0078125
3012 -0.021484375
3013 -0.1318359375
3014 -0.048828125
3015 0.015625
3016 -0.015625
3017 -0.1240234375
3018 -0.0439453125
3019 0.0185546875
3020 -0.01171875
3021 -0.1494140625
3022 -0.0263671875
3023 0.04296875
3024 0.015625
3025 -0.0390625
3026 0.0703125
3027 0.130859375
3028 0.08203125
3029 -0.0126953125
3030 0.0361328125
3031 0.0869140625
3032 0.03515625
3033 -0.0927734375
3034 0.021484375
3035 0.083984375
3036 0.0439453125
3037 -0.091796875
3038 -0.0537109375
3039 0.013671875
3040 -0.01953125
3041 -0.1318359375
3042 -0.0478515625
3043 0.0185546875
3044 -0.015625
3045 -0.1279296875
3046 -0.0419921875
3047 0.01953125
3048 -0.0146484375
3049 -0.1494140625
3050 -0.025390625
3051 0.04296875
3052 0.0166015625
3053 -0.0390625
3054 0.0712890625
3055 0.1298828125
3056 0.08203125
3057 -0.009765625
3058 0.03515625
3059 0.087890625
3060 0.0361328125
3061 -0.08984375
3062 0.0205078125
3063 0.0830078125
3064 0.044921875
3065 -0.0908203125
3066 -0.0537109375
3067 0.009765625
3068 -0.017578125
3069 -0.130859375
3070 -0.0458984375
3071 0.0146484375
3072 -0.0126953125
3073 -0.126953125
3074 -0.04296875
3075 0.01953125
3076 -0.01171875
3077 -0.1513671875
3078 -0.02734375
3079 0.04296875
3080 0.0146484375
3081 -0.037109375
3082 0.0693359375
3083 0.1298828125
3084 0.0810546875
3085 -0.0087890625
3086 0.037109375
3087 0.0869140625
3088 0.0361328125
3089 -0.0908203125
3090 0.021484375
3091 0.083984375
3092 0.044921875
3093 -0.0927734375
3094 -0.0546875
3095 0.0107421875
3096 -0.0185546875
3097 -0.1318359375
3098 -0.0458984375
3099 0.0166015625
3100 -0.0146484375
3101 -0.1259765625
3102 -0.0439453125
3103 0.0205078125
3104 -0.0146484375
3105 -0.1533203125
3106 -0.0283203125
3107 0.046875
3108 0.013671875
3109 -0.0380859375
3110 0.0703125
3111 0.130859375
3112 0.08203125
3113 -0.009765625
3114 0.037109375
3115 0.0869140625
3116 0.0380859375
3117 -0.0947265625
3118 0.0224609375
3119 0.0830078125
3120 0.044921875
3121 -0.0947265625
3122 -0.0537109375
3123 0.0087890625
3124 -0.01953125
3125 -0.1337890625
3126 -0.0498046875
3127 0.015625
3128 -0.015625
3129 -0.1279296875
3130 -0.0439453125
3131 0.0205078125
3132 -0.0146484375
3133 -0.150390625
3134 -0.025390625
3135 0.0439453125
3136 0.0146484375
3137 -0.0380859375
3138 0.0712890625
3139 0.1318359375
3140 0.0830078125
3141 -0.0107421875
3142 0.0380859375
3143 0.0869140625
3144 0.0390625
3145 -0.0888671875
3146 0.0224609375
3147 0.0830078125
3148 0.0458984375
3149 -0.091796875
3150 -0.0546875
3151 0.0107421875
3152 -0.0185546875
3153 -0.1328125
3154 -0.0478515625
3155 0.0185546875
3156 -0.0146484375
3157 -0.126953125
3158 -0.04296875
3159 0.01953125
3160 -0.0126953125
3161 -0.1552734375
3162 -0.0263671875
3163 0.046875
3164 0.015625
3165 -0.0400390625
3166 0.0693359375
3167 0.1328125
3168 0.0830078125
3169 -0.0107421875
3170 0.0361328125
3171 0.0908203125
3172 0.0361328125
3173 -0.0947265625
3174 0.0205078125
3175 0.0849609375
3176 0.04296875
3177 -0.0947265625
3178 -0.0556640625
3179 0.0146484375
3180 -0.01953125
3181 -0.1328125
3182 -0.0478515625
3183 0.0185546875
3184 -0.0146484375
3185 -0.12890625
3186 -0.0419921875
3187 0.021484375
3188 -0.013671875
3189 -0.1552734375
3190 -0.0263671875
3191 0.0458984375
3192 0.017578125
3193 -0.041015625
3194 0.0712890625
3195 0.1318359375
3196 0.08203125
3197 -0.01171875
3198 0.0380859375
3199 0.0888671875
3200 0.0380859375
3201 -0.0908203125
3202 0.0224609375
3203 0.0869140625
3204 0.0458984375
3205 -0.0927734375
3206 -0.0537109375
3207 0.0126953125
3208 -0.0185546875
3209 -0.1328125
3210 -0.044921875
3211 0.01953125
3212 -0.013671875
3213 -0.1298828125
3214 -0.041015625
3215 0.021484375
3216 -0.0126953125
3217 -0.1572265625
3218 -0.0283203125
3219 0.044921875
3220 0.0126953125
3221 -0.0439453125
3222 0.0693359375
3223 0.1337890625
3224 0.0810546875
3225 -0.0126953125
3226 0.037109375
3227 0.08984375
3228 0.0361328125
3229 -0.0966796875
3230 0.0234375
3231 0.0869140625
3232 0.0439453125
3233 -0.095703125
3234 -0.052734375
3235 0.015625
3236 -0.01953125
3237 -0.1337890625
3238 -0.0458984375
3239 0.021484375
3240 -0.0146484375
3241 -0.12890625
3242 -0.0400390625
3243 0.025390625
3244 -0.0126953125
3245 -0.154296875
3246 -0.025390625
3247 0.0498046875
3248 0.015625
3249 -0.0390625
3250 0.0712890625
3251 0.1318359375
3252 0.08203125
3253 -0.0107421875
3254 0.0390625
3255 0.087890625
3256 0.0380859375
3257 -0.0908203125
3258 0.0234375
3259 0.0849609375
3260 0.046875
3261 -0.0908203125
3262 -0.05078125
3263 0.013671875
3264 -0.0166015625
3265 -0.130859375
3266 -0.0458984375
3267 0.01953125
3268 -0.013671875
3269 -0.1279296875
3270 -0.0419921875
3271 0.0224609375
3272 -0.0126953125
3273 -0.154296875
3274 -0.02734375
3275 0.0439453125
3276 0.0146484375
3277 -0.0390625
3278 0.0712890625
3279 0.1328125
3280 0.0830078125
3281 -0.009765625
3282 0.0390625
3283 0.08984375
3284 0.037109375
3285 -0.095703125
3286 0.021484375
3287 0.0888671875
3288 0.04296875
3289 -0.091796875
3290 -0.05078125
3291 0.01953125
3292 -0.01953125
3293 -0.134765625
3294 -0.044921875
3295 0.0263671875
3296 -0.0146484375
3297 -0.12890625
3298 -0.0390625
3299 0.0263671875
3300 -0.0126953125
3301 -0.1572265625
3302 -0.025390625
3303 0.0498046875
3304 0.015625
3305 -0.04296875
3306 0.0732421875
3307 0.138671875
3308 0.08203125
3309 -0.01171875
3310 0.0390625
3311 0.0947265625
3312 0.0380859375
3313 -0.0947265625
3314 0.0224609375
3315 0.091796875
3316 0.0439453125
3317 -0.09375
3318 -0.0517578125
3319 0.017578125
3320 -0.0185546875
3321 -0.134765625
3322 -0.044921875
3323 0.0224609375
3324 -0.0146484375
3325 -0.130859375
3326 -0.0400390625
3327 0.025390625
3328 -0.0107421875
3329 -0.158203125
3330 -0.025390625
3331 0.05078125
3332 0.0146484375
3333 -0.0419921875
3334 0.072265625
3335 0.138671875
3336 0.0810546875
3337 -0.0126953125
3338 0.0380859375
3339 0.0947265625
3340 0.037109375
3341 -0.095703125
3342 0.0224609375
3343 0.08984375
3344 0.044921875
3345 -0.0966796875
3346 -0.052734375
3347 0.0166015625
3348 -0.0205078125
3349 -0.134765625
3350 -0.044921875
3351 0.0224609375
3352 -0.013671875
3353 -0.1298828125
3354 -0.0400390625
3355 0.0263671875
3356 -0.0146484375
3357 -0.15625
3358 -0.025390625
3359 0.05078125
3360 0.013671875
3361 -0.0419921875
3362 0.0732421875
3363 0.1396484375
3364 0.08203125
3365 -0.0126953125
3366 0.0380859375
3367 0.09375
3368 0.037109375
3369 -0.095703125
3370 0.0244140625
3371 0.08984375
3372 0.044921875
3373 -0.0927734375
3374 -0.05078125
3375 0.0185546875
3376 -0.017578125
3377 -0.1337890625
3378 -0.0458984375
3379 0.0234375
3380 -0.013671875
3381 -0.12890625
3382 -0.0400390625
3383 0.0244140625
3384 -0.0126953125
3385 -0.1572265625
3386 -0.02734375
3387 0.048828125
3388 0.0146484375
3389 -0.041015625
3390 0.0732421875
3391 0.1357421875
3392 0.0830078125
3393 -0.0126953125
3394 0.0390625
3395 0.0927734375
3396 0.0380859375
3397 -0.09765625
3398 0.0224609375
3399 0.08984375
3400 0.044921875
3401 -0.09375
3402 -0.0537109375
3403 0.0166015625
3404 -0.0185546875
3405 -0.1337890625
3406 -0.044921875
3407 0.0244140625
3408 -0.013671875
3409 -0.1279296875
3410 -0.0400390625
3411 0.029296875
3412 -0.01171875
3413 -0.1328125
3414 -0.0068359375
3415 0.064453125
3416 0.0263671875
3417 -0.0869140625
3418 -0.03515625
3419 0.02734375
3420 -0.009765625
3421 -0.166015625
3422 -0.091796875
3423 -0.015625
3424 -0.041015625
3425 -0.189453125
3426 -0.1083984375
3427 -0.0283203125
3428 -0.05078125
3429 -0.1533203125
3430 -0.0625
3431 0.009765625
3432 -0.0205078125
3433 -0.1220703125
3434 -0.0322265625
3435 0.0322265625
3436 -0.0029296875
3437 -0.09765625
3438 0.0234375
3439 0.0908203125
3440 0.0478515625
3441 -0.0517578125
3442 -0.0078125
3443 0.056640625
3444 0.015625
3445 -0.16015625
3446 -0.0888671875
3447 -0.0087890625
3448 -0.03515625
3449 -0.1484375
3450 -0.064453125
3451 0.0107421875
3452 -0.0185546875
3453 -0.138671875
3454 -0.048828125
3455 0.0205078125
3456 -0.013671875
3457 -0.11328125
3458 0.0107421875
3459 0.0810546875
3460 0.0439453125
3461 -0.00390625
3462 0.1025390625
3463 0.1630859375
3464 0.109375
3465 -0.001953125
3466 0.041015625
3467 0.0927734375
3468 0.041015625
3469 -0.130859375
3470 -0.0634765625
3471 0.0048828125
3472 -0.0234375
3473 -0.1318359375
3474 -0.05078125
3475 0.00390625
3476 -0.0048828125
3477 -0.0927734375
3478 -0.02734375
3479 0.0205078125
3480 0.0048828125
3481 -0.0869140625
3482 0.01171875
3483 0.0625
3484 0.0498046875
3485 -0.068359375
3486 -0.046875
3487 0.0029296875
3488 -0.00390625
3489 -0.1328125
3490 -0.0263671875
3491 0.0361328125
3492 0.02734375
3493 -0.0361328125
3494 0.0537109375
3495 0.099609375
3496 0.080078125
3497 0.017578125
3498 0.09765625
3499 0.138671875
3500 0.109375
3501 0.0361328125
3502 0.1123046875
3503 0.150390625
3504 0.1181640625
3505 0.0654296875
3506 0.1396484375
3507 0.1748046875
3508 0.13671875
3509 0.0595703125
3510 0.076171875
3511 0.1064453125
3512 0.0732421875
3513 -0.01953125
3514 0.03125
3515 0.0654296875
3516 0.0380859375
3517 -0.060546875
3518 -0.00390625
3519 0.0361328125
3520 0.0166015625
3521 -0.08984375
3522 0.0048828125
3523 0.0517578125
3524 0.0361328125
3525 -0.064453125
3526 -0.0390625
3527 0.0048828125
3528 -0.005859375
3529 -0.1630859375
3530 -0.0517578125
3531 0.0068359375
3532 0.0048828125
3533 -0.115234375
3534 -0.0888671875
3535 -0.0322265625
3536 -0.033203125
3537 -0.1474609375
3538 -0.0810546875
3539 -0.025390625
3540 -0.029296875
3541 -0.1748046875
3542 -0.1005859375
3543 -0.0419921875
3544 -0.04296875
3545 -0.1689453125
3546 -0.09375
3547 -0.03515625
3548 -0.0361328125
3549 -0.1689453125
3550 -0.0546875
3551 0.0087890625
3552 0.005859375
3553 -0.0693359375
3554 0.0244140625
3555 0.076171875
3556 0.060546875
3557 -0.0185546875
3558 0.0673828125
3559 0.1103515625
3560 0.0859375
3561 -0.0009765625
3562 0.0791015625
3563 0.12109375
3564 0.09375
3565 -0.001953125
3566 0.0771484375
3567 0.1201171875
3568 0.091796875
3569 -0.01171875
3570 0.0693359375
3571 0.111328125
3572 0.0849609375
3573 0.02734375
3574 0.10546875
3575 0.140625
3576 0.1103515625
3577 0.005859375
3578 0.01953125
3579 0.0537109375
3580 0.0322265625
3581 -0.08203125
3582 -0.0283203125
3583 0.015625
3584 0.0009765625
3585 -0.1416015625
3586 -0.076171875
3587 -0.0224609375
3588 -0.029296875
3589 -0.15234375
3590 -0.080078125
3591 -0.02734375
3592 -0.0302734375
3593 -0.1630859375
3594 -0.0546875
3595 0.0048828125
3596 0.0048828125
3597 -0.080078125
3598 0.0126953125
3599 0.060546875
3600 0.0498046875
3601 -0.046875
3602 0.037109375
3603 0.0810546875
3604 0.0634765625
3605 -0.0439453125
3606 0.0390625
3607 0.0830078125
3608 0.0673828125
3609 0.0068359375
3610 0.083984375
3611 0.119140625
3612 0.0947265625
3613 0.0146484375
3614 0.08984375
3615 0.1240234375
3616 0.09765625
3617 -0.0419921875
3618 -0.029296875
3619 0.01171875
3620 0.0029296875
3621 -0.126953125
3622 -0.0244140625
3623 0.0244140625
3624 0.01953125
3625 -0.08984375
3626 -0.0927734375
3627 -0.0361328125
3628 -0.03515625
3629 -0.1201171875
3630 -0.0185546875
3631 0.033203125
3632 0.025390625
3633 -0.0615234375
3634 -0.0361328125
3635 0.009765625
3636 -0.001953125
3637 -0.0927734375
3638 -0.0341796875
3639 0.01171875
3640 0.0
3641 -0.138671875
3642 -0.072265625
3643 -0.0244140625
3644 -0.025390625
3645 -0.1552734375
3646 -0.0478515625
3647 0.0068359375
3648 0.0068359375
3649 -0.130859375
3650 -0.1064453125
3651 -0.044921875
3652 -0.0419921875
3653 -0.1875
3654 -0.07421875
3655 -0.0087890625
3656 -0.005859375
3657 -0.08984375
3658 0.005859375
3659 0.0576171875
3660 0.0458984375
3661 -0.0361328125
3662 0.0478515625
3663 0.0927734375
3664 0.07421875
3665 -0.0048828125
3666 0.07421875
3667 0.115234375
3668 0.0908203125
3669 0.0029296875
3670 0.080078125
3671 0.1201171875
3672 0.0947265625
3673 -0.0048828125
3674 0.072265625
3675 0.1123046875
3676 0.0859375
3677 -0.021484375
3678 0.05859375
3679 0.099609375
3680 0.0771484375
3681 0.0048828125
3682 0.08203125
3683 0.1201171875
3684 0.08984375
3685 0.005859375
3686 0.0810546875
3687 0.1201171875
3688 0.0927734375
3689 0.0380859375
3690 0.1123046875
3691 0.1455078125
3692 0.1142578125
3693 0.0576171875
3694 0.12890625
3695 0.16015625
3696 0.123046875
3697 0.0400390625
3698 0.0517578125
3699 0.0830078125
3700 0.05078125
3701 -0.0498046875
3702 0.0322265625
3703 0.072265625
3704 0.0517578125
3705 -0.0517578125
3706 -0.0322265625
3707 0.009765625
3708 -0.0078125
3709 -0.1181640625
3710 -0.0595703125
3711 -0.0126953125
3712 -0.0224609375
3713 -0.140625
3714 -0.07421875
3715 -0.0244140625
3716 -0.0322265625
3717 -0.1357421875
3718 -0.0712890625
3719 -0.021484375
3720 -0.0302734375
3721 -0.1376953125
3722 -0.072265625
3723 -0.0205078125
3724 -0.0302734375
3725 -0.138671875
3726 -0.0751953125
3727 -0.02734375
3728 -0.033203125
3729 -0.1728515625
3730 -0.1083984375
3731 -0.0498046875
3732 -0.0478515625
3733 -0.1533203125
3734 -0.0791015625
3735 -0.029296875
3736 -0.0341796875
3737 -0.1748046875
3738 -0.1025390625
3739 -0.0439453125
3740 -0.044921875
3741 -0.130859375
3742 -0.064453125
3743 -0.0126953125
3744 -0.0205078125
3745 -0.123046875
3746 -0.056640625
3747 -0.0107421875
3748 -0.021484375
3749 -0.1318359375
3750 -0.0654296875
3751 -0.015625
3752 -0.0224609375
3753 -0.1748046875
3754 -0.0615234375
3755 -0.0029296875
3756 -0.0029296875
3757 -0.0673828125
3758 0.0283203125
3759 0.0751953125
3760 0.05859375
3761 -0.0703125
3762 0.0244140625
3763 0.0693359375
3764 0.0537109375
3765 -0.087890625
3766 -0.0712890625
3767 -0.017578125
3768 -0.0224609375
3769 -0.193359375
3770 -0.1201171875
3771 -0.0546875
3772 -0.0498046875
3773 -0.1572265625
3774 -0.083984375
3775 -0.0263671875
3776 -0.03125
3777 -0.119140625
3778 -0.0146484375
3779 0.0419921875
3780 0.033203125
3781 -0.0595703125
3782 -0.0556640625
3783 0.0
3784 -0.0078125
3785 -0.1103515625
3786 -0.00390625
3787 0.0498046875
3788 0.037109375
3789 -0.0908203125
3790 -0.0654296875
3791 -0.0087890625
3792 -0.0166015625
3793 -0.1181640625
3794 -0.01171875
3795 0.044921875
3796 0.0341796875
3797 -0.029296875
3798 0.0615234375
3799 0.103515625
3800 0.08203125
3801 -0.0498046875
3802 -0.029296875
3803 0.015625
3804 0.0048828125
3805 -0.1796875
3806 -0.1025390625
3807 -0.041015625
3808 -0.0361328125
3809 -0.138671875
3810 -0.064453125
3811 -0.013671875
3812 -0.0166015625
3813 -0.1455078125
3814 -0.03515625
3815 0.0244140625
3816 0.0205078125
3817 -0.1259765625
3818 -0.0908203125
3819 -0.0341796875
3820 -0.0341796875
3821 -0.140625
3822 -0.0283203125
3823 0.029296875
3824 0.025390625
3825 -0.0517578125
3826 0.0439453125
3827 0.0927734375
3828 0.0751953125
3829 -0.0634765625
3830 -0.041015625
3831 0.0087890625
3832 0.0009765625
3833 -0.1083984375
3834 -0.0029296875
3835 0.0498046875
3836 0.0390625
3837 -0.046875
3838 -0.025390625
3839 0.0244140625
3840 0.009765625
3841 -0.0869140625
3842 -0.0283203125
3843 0.0224609375
3844 0.009765625
3845 -0.1005859375
3846 -0.0390625
3847 0.0087890625
3848 0.0009765625
3849 -0.1630859375
3850 -0.0830078125
3851 -0.029296875
3852 -0.02734375
3853 -0.1826171875
3854 -0.0615234375
3855 0.0029296875
3856 0.0068359375
3857 -0.1005859375
3858 0.001953125
3859 0.05859375
3860 0.0478515625
3861 -0.048828125
3862 -0.0224609375
3863 0.0224609375
3864 0.01171875
3865 -0.1201171875
3866 -0.0107421875
3867 0.0458984375
3868 0.037109375
3869 -0.052734375
3870 0.046875
3871 0.095703125
3872 0.076171875
3873 -0.0048828125
3874 0.01953125
3875 0.060546875
3876 0.0390625
3877 -0.0810546875
3878 0.0205078125
3879 0.0712890625
3880 0.056640625
3881 -0.0595703125
3882 -0.03515625
3883 0.0146484375
3884 0.00390625
3885 -0.095703125
3886 -0.029296875
3887 0.0205078125
3888 0.0078125
3889 -0.1318359375
3890 -0.0634765625
3891 -0.0078125
3892 -0.013671875
3893 -0.154296875
3894 -0.0400390625
3895 0.0205078125
3896 0.0185546875
3897 -0.0673828125
3898 0.03125
3899 0.08203125
3900 0.06640625
3901 -0.025390625
3902 0.064453125
3903 0.1103515625
3904 0.0869140625
3905 -0.0029296875
3906 0.0810546875
3907 0.1259765625
3908 0.099609375
3909 0.0107421875
3910 0.0908203125
3911 0.1328125
3912 0.1064453125
3913 0.0078125
3914 0.087890625
3915 0.1279296875
3916 0.1015625
3917 -0.015625
3918 0.0673828125
3919 0.109375
3920 0.0849609375
3921 -0.0078125
3922 0.0771484375
3923 0.119140625
3924 0.091796875
3925 0.0048828125
3926 0.0234375
3927 0.0634765625
3928 0.0380859375
3929 -0.0478515625
3930 0.04296875
3931 0.087890625
3932 0.0654296875
3933 0.01953125
3934 0.1015625
3935 0.140625
3936 0.107421875
3937 0.037109375
3938 0.1123046875
3939 0.1474609375
3940 0.1142578125
3941 0.025390625
3942 0.1005859375
3943 0.1376953125
3944 0.1064453125
3945 0.0361328125
3946 0.11328125
3947 0.146484375
3948 0.1123046875
3949 0.060546875
3950 0.1337890625
3951 0.169921875
3952 0.1298828125
3953 0.08984375
3954 0.1591796875
3955 0.193359375
3956 0.1484375
3957 0.1025390625
3958 0.1689453125
3959 0.203125
3960 0.154296875
3961 0.0947265625
3962 0.1611328125
3963 0.189453125
3964 0.1455078125
3965 0.0927734375
3966 0.1611328125
3967 0.189453125
3968 0.1435546875
3969 0.091796875
3970 0.158203125
3971 0.1884765625
3972 0.1396484375
3973 0.0537109375
3974 0.0751953125
3975 0.09765625
3976 0.0576171875
3977 -0.0400390625
3978 0.0068359375
3979 0.0380859375
3980 0.009765625
3981 -0.08984375
3982 -0.0009765625
3983 0.044921875
3984 0.0234375
3985 -0.0263671875
3986 0.056640625
3987 0.095703125
3988 0.0654296875
3989 -0.033203125
3990 -0.0126953125
3991 0.0185546875
3992 -0.0029296875
3993 -0.1103515625
3994 -0.052734375
3995 -0.01171875
3996 -0.0263671875
3997 -0.1630859375
3998 -0.099609375
3999 -0.0498046875
4000 -0.0576171875
4001 -0.1943359375
4002 -0.0859375
4003 -0.025390625
4004 -0.0283203125
4005 -0.0986328125
4006 -0.005859375
4007 0.0419921875
4008 0.0263671875
4009 -0.0400390625
4010 0.041015625
4011 0.083984375
4012 0.0576171875
4013 -0.013671875
4014 0.0634765625
4015 0.1025390625
4016 0.072265625
4017 0.0048828125
4018 0.078125
4019 0.115234375
4020 0.08203125
4021 0.005859375
4022 0.078125
4023 0.1142578125
4024 0.0810546875
4025 0.0244140625
4026 0.095703125
4027 0.1298828125
4028 0.0927734375
4029 0.0146484375
4030 0.0341796875
4031 0.0625
4032 0.0302734375
4033 -0.0654296875
4034 -0.015625
4035 0.01953125
4036 -0.00390625
4037 -0.1103515625
4038 -0.052734375
4039 -0.013671875
4040 -0.0302734375
4041 -0.1142578125
4042 -0.0205078125
4043 0.0283203125
4044 0.0107421875
4045 -0.0634765625
4046 -0.0419921875
4047 0.0009765625
4048 -0.017578125
4049 -0.12890625
4050 -0.0341796875
4051 0.013671875
4052 0.0009765625
4053 -0.140625
4054 -0.1162109375
4055 -0.0634765625
4056 -0.0654296875
4057 -0.208984375
4058 -0.09765625
4059 -0.0341796875
4060 -0.0322265625
4061 -0.083984375
4062 0.0087890625
4063 0.0546875
4064 0.03515625
4065 -0.0791015625
4066 -0.0595703125
4067 -0.0166015625
4068 -0.029296875
4069 -0.1279296875
4070 -0.064453125
4071 -0.0205078125
4072 -0.03125
4073 -0.162109375
4074 -0.0966796875
4075 -0.0517578125
4076 -0.0537109375
4077 -0.2119140625
4078 -0.140625
4079 -0.0810546875
4080 -0.0732421875
4081 -0.2021484375
4082 -0.126953125
4083 -0.0703125
4084 -0.06640625
4085 -0.1640625
4086 -0.0908203125
4087 -0.0390625
4088 -0.0439453125
4089 -0.1591796875
4090 -0.0556640625
4091 0.0
4092 -0.00390625
4093 -0.1611328125
4094 -0.1357421875
4095 -0.072265625
4096 -0.0673828125
4097 -0.177734375
4098 -0.1064453125
4099 -0.0498046875
4100 -0.0478515625
4101 -0.125
4102 -0.0556640625
4103 -0.0078125
4104 -0.017578125
4105 -0.1416015625
4106 -0.0380859375
4107 0.013671875
4108 0.0078125
4109 -0.1259765625
4110 -0.1005859375
4111 -0.041015625
4112 -0.0419921875
4113 -0.1328125
4114 -0.0283203125
4115 0.02734375
4116 0.01953125
4117 -0.025390625
4118 0.0595703125
4119 0.1015625
4120 0.078125
4121 0.01171875
4122 0.0908203125
4123 0.1259765625
4124 0.09765625
4125 0.041015625
4126 0.07421875
4127 0.0712890625
4128 0.1005859375
4129 0.0009765625
4130 -0.0400390625
4131 -0.0361328125
4132 0.00390625
4133 -0.0791015625
4134 -0.0361328125
4135 -0.021484375
4136 0.0234375
4137 -0.0517578125
4138 -0.08203125
4139 -0.0693359375
4140 -0.0224609375
4141 -0.08203125
4142 -0.0693359375
4143 -0.060546875
4144 -0.013671875
4145 -0.11328125
4146 -0.0986328125
4147 -0.0849609375
4148 -0.03125
4149 -0.123046875
4150 -0.0654296875
4151 -0.046875
4152 0.005859375
4153 -0.0400390625
4154 -0.001953125
4155 0.009765625
4156 0.048828125
4157 0.001953125
4158 0.0283203125
4159 0.0341796875
4160 0.0703125
4161 0.02734375
4162 0.0498046875
4163 0.05078125
4164 0.083984375
4165 0.0390625
4166 0.0615234375
4167 0.0595703125
4168 0.0908203125
4169 0.03515625
4170 0.056640625
4171 0.0556640625
4172 0.0859375
4173 0.0126953125
4174 0.03515625
4175 0.037109375
4176 0.072265625
4177 0.017578125
4178 0.0400390625
4179 0.0439453125
4180 0.076171875
4181 0.0283203125
4182 -0.01171875
4183 -0.01171875
4184 0.0224609375
4185 -0.0224609375
4186 0.0107421875
4187 0.015625
4188 0.052734375
4189 0.046875
4190 0.0693359375
4191 0.06640625
4192 0.095703125
4193 0.0654296875
4194 0.08203125
4195 0.0751953125
4196 0.1015625
4197 0.056640625
4198 0.0712890625
4199 0.0673828125
4200 0.0927734375
4201 0.068359375
4202 0.0830078125
4203 0.078125
4204 0.1015625
4205 0.0947265625
4206 0.1044921875
4207 0.0986328125
4208 0.1181640625
4209 0.1240234375
4210 0.12890625
4211 0.12109375
4212 0.13671875
4213 0.13671875
4214 0.1396484375
4215 0.1298828125
4216 0.14453125
4217 0.1298828125
4218 0.1337890625
4219 0.1201171875
4220 0.13671875
4221 0.1279296875
4222 0.1318359375
4223 0.1201171875
4224 0.134765625
4225 0.1259765625
4226 0.12890625
4227 0.119140625
4228 0.1318359375
4229 0.0908203125
4230 0.0478515625
4231 0.03125
4232 0.048828125
4233 -0.0107421875
4234 -0.021484375
4235 -0.02734375
4236 0.0029296875
4237 -0.0615234375
4238 -0.0283203125
4239 -0.0244140625
4240 0.0146484375
4241 0.009765625
4242 0.03125
4243 0.029296875
4244 0.0595703125
4245 -0.0009765625
4246 -0.0400390625
4247 -0.0419921875
4248 -0.0087890625
4249 -0.1064453125
4250 -0.103515625
4251 -0.0927734375
4252 -0.05078125
4253 -0.111328125
4254 -0.10546875
4255 -0.0966796875
4256 -0.05078125
4257 -0.1005859375
4258 -0.091796875
4259 -0.0849609375
4260 -0.0400390625
4261 -0.1044921875
4262 -0.0966796875
4263 -0.087890625
4264 -0.0439453125
4265 -0.154296875
4266 -0.162109375
4267 -0.1357421875
4268 -0.080078125
4269 -0.14453125
4270 -0.1328125
4271 -0.1123046875
4272 -0.0625
4273 -0.1318359375
4274 -0.119140625
4275 -0.1044921875
4276 -0.0537109375
4277 -0.103515625
4278 -0.0576171875
4279 -0.041015625
4280 0.0048828125
4281 -0.048828125
4282 -0.1015625
4283 -0.0849609375
4284 -0.037109375
4285 -0.1044921875
4286 -0.0546875
4287 -0.041015625
4288 0.005859375
4289 -0.095703125
4290 -0.12109375
4291 -0.1015625
4292 -0.0498046875
4293 -0.111328125
4294 -0.0615234375
4295 -0.04296875
4296 0.0048828125
4297 -0.0166015625
4298 0.015625
4299 0.017578125
4300 0.0546875
4301 -0.0400390625
4302 -0.07421875
4303 -0.06640625
4304 -0.0224609375
4305 -0.15625
4306 -0.1357421875
4307 -0.111328125
4308 -0.0556640625
4309 -0.1328125
4310 -0.107421875
4311 -0.09375
4312 -0.0419921875
4313 -0.1123046875
4314 -0.05859375
4315 -0.0419921875
4316 0.0068359375
4317 -0.0849609375
4318 -0.1123046875
4319 -0.0947265625
4320 -0.0419921875
4321 -0.111328125
4322 -0.099609375
4323 -0.0791015625
4324 -0.0302734375
4325 -0.1025390625
4326 -0.0908203125
4327 -0.0771484375
4328 -0.0263671875
4329 -0.134765625
4330 -0.0771484375
4331 -0.0546875
4332 0.001953125
4333 -0.0205078125
4334 0.0166015625
4335 0.0234375
4336 0.0615234375
4337 0.0615234375
4338 0.0810546875
4339 0.08203125
4340 0.1083984375
4341 0.119140625
4342 0.12890625
4343 0.123046875
4344 0.142578125
4345 0.142578125
4346 0.150390625
4347 0.138671875
4348 0.15625
4349 0.1435546875
4350 0.146484375
4351 0.134765625
4352 0.1513671875
4353 0.1435546875
4354 0.1474609375
4355 0.1376953125
4356 0.1513671875
4357 0.1435546875
4358 0.1474609375
4359 0.13671875
4360 0.150390625
4361 0.1083984375
4362 0.0654296875
4363 0.05078125
4364 0.0673828125
4365 0.0078125
4366 -0.001953125
4367 -0.0107421875
4368 0.01953125
4369 -0.0439453125
4370 -0.01171875
4371 -0.0048828125
4372 0.0322265625
4373 0.02734375
4374 0.048828125
4375 0.0478515625
4376 0.0751953125
4377 0.0166015625
4378 -0.0244140625
4379 -0.025390625
4380 0.0078125
4381 -0.0908203125
4382 -0.0849609375
4383 -0.0771484375
4384 -0.0361328125
4385 -0.095703125
4386 -0.0908203125
4387 -0.080078125
4388 -0.0341796875
4389 -0.0859375
4390 -0.076171875
4391 -0.06640625
4392 -0.02734375
4393 -0.087890625
4394 -0.08203125
4395 -0.0712890625
4396 -0.029296875
4397 -0.138671875
4398 -0.146484375
4399 -0.1220703125
4400 -0.0625
4401 -0.1298828125
4402 -0.115234375
4403 -0.0986328125
4404 -0.046875
4405 -0.1181640625
4406 -0.1044921875
4407 -0.08984375
4408 -0.0400390625
4409 -0.0908203125
4410 -0.044921875
4411 -0.029296875
4412 0.0166015625
4413 -0.0341796875
4414 -0.0888671875
4415 -0.0712890625
4416 -0.0244140625
4417 -0.0830078125
4418 -0.0361328125
4419 -0.0263671875
4420 0.021484375
4421 -0.0703125
4422 -0.099609375
4423 -0.0830078125
4424 -0.0322265625
4425 -0.09765625
4426 -0.0458984375
4427 -0.03125
4428 0.017578125
4429 -0.00390625
4430 0.02734375
4431 0.029296875
4432 0.0654296875
4433 -0.017578125
4434 -0.0546875
4435 -0.048828125
4436 -0.0087890625
4437 -0.138671875
4438 -0.12109375
4439 -0.0986328125
4440 -0.0439453125
4441 -0.123046875
4442 -0.099609375
4443 -0.0849609375
4444 -0.0341796875
4445 -0.1005859375
4446 -0.046875
4447 -0.033203125
4448 0.017578125
4449 -0.078125
4450 -0.103515625
4451 -0.0859375
4452 -0.033203125
4453 -0.1044921875
4454 -0.0908203125
4455 -0.072265625
4456 -0.0234375
4457 -0.095703125
4458 -0.08203125
4459 -0.0693359375
4460 -0.01953125
4461 -0.1240234375
4462 -0.0673828125
4463 -0.0439453125
4464 0.0107421875
4465 -0.01171875
4466 0.0244140625
4467 0.03125
4468 0.068359375
4469 0.06640625
4470 0.087890625
4471 0.0869140625
4472 0.115234375
4473 0.1240234375
4474 0.1357421875
4475 0.1298828125
4476 0.1484375
4477 0.1484375
4478 0.1533203125
4479 0.146484375
4480 0.1630859375
4481 0.1474609375
4482 0.1513671875
4483 0.1416015625
4484 0.15625
4485 0.150390625
4486 0.1533203125
4487 0.140625
4488 0.158203125
4489 0.150390625
4490 0.1533203125
4491 0.1416015625
4492 0.1552734375
4493 0.11328125
4494 0.0712890625
4495 0.056640625
4496 0.0751953125
4497 0.01171875
4498 0.0029296875
4499 -0.005859375
4500 0.025390625
4501 -0.037109375
4502 -0.0078125
4503 -0.0009765625
4504 0.037109375
4505 0.0322265625
4506 0.0537109375
4507 0.0537109375
4508 0.0810546875
4509 0.021484375
4510 -0.017578125
4511 -0.0224609375
4512 0.0126953125
4513 -0.0869140625
4514 -0.08203125
4515 -0.07421875
4516 -0.029296875
4517 -0.091796875
4518 -0.083984375
4519 -0.0771484375
4520 -0.03125
4521 -0.08203125
4522 -0.072265625
4523 -0.0654296875
4524 -0.0244140625
4525 -0.0849609375
4526 -0.078125
4527 -0.068359375
4528 -0.0244140625
4529 -0.134765625
4530 -0.1435546875
4531 -0.1181640625
4532 -0.060546875
4533 -0.126953125
4534 -0.1123046875
4535 -0.09765625
4536 -0.04296875
4537 -0.11328125
4538 -0.099609375
4539 -0.087890625
4540 -0.0341796875
4541 -0.0849609375
4542 -0.0390625
4543 -0.025390625
4544 0.0224609375
4545 -0.0322265625
4546 -0.0869140625
4547 -0.0673828125
4548 -0.021484375
4549 -0.080078125
4550 -0.03515625
4551 -0.01953125
4552 0.025390625
4553 -0.0654296875
4554 -0.0947265625
4555 -0.078125
4556 -0.0283203125
4557 -0.0888671875
4558 -0.0390625
4559 -0.025390625
4560 0.021484375
4561 0.0
4562 0.0322265625
4563 0.033203125
4564 0.0693359375
4565 -0.015625
4566 -0.05078125
4567 -0.0478515625
4568 -0.0048828125
4569 -0.134765625
4570 -0.1181640625
4571 -0.095703125
4572 -0.0419921875
4573 -0.1171875
4574 -0.0947265625
4575 -0.0810546875
4576 -0.0322265625
4577 -0.0986328125
4578 -0.0458984375
4579 -0.03125
4580 0.01953125
4581 -0.0751953125
4582 -0.1015625
4583 -0.083984375
4584 -0.029296875
4585 -0.1025390625
4586 -0.0888671875
4587 -0.0703125
4588 -0.01953125
4589 -0.091796875
4590 -0.0810546875
4591 -0.0654296875
4592 -0.0185546875
4593 -0.123046875
4594 -0.068359375
4595 -0.04296875
4596 0.0107421875
4597 -0.0107421875
4598 0.0244140625
4599 0.0322265625
4600 0.0712890625
4601 0.0693359375
4602 0.0908203125
4603 0.0888671875
4604 0.1181640625
4605 0.1259765625
4606 0.1376953125
4607 0.1298828125
4608 0.15234375
4609 0.1513671875
4610 0.158203125
4611 0.1474609375
4612 0.1640625
4613 0.1494140625
4614 0.154296875
4615 0.140625
4616 0.158203125
4617 0.1513671875
4618 0.1552734375
4619 0.1435546875
4620 0.158203125
4621 0.15234375
4622 0.1552734375
4623 0.140625
4624 0.15625
4625 0.11328125
4626 0.07421875
4627 0.0556640625
4628 0.076171875
4629 0.013671875
4630 0.0048828125
4631 -0.0048828125
4632 0.0283203125
4633 -0.0380859375
4634 -0.0048828125
4635 0.0
4636 0.0390625
4637 0.0361328125
4638 0.0546875
4639 0.0556640625
4640 0.083984375
4641 0.0234375
4642 -0.0166015625
4643 -0.0185546875
4644 0.013671875
4645 -0.0849609375
4646 -0.0791015625
4647 -0.072265625
4648 -0.02734375
4649 -0.0908203125
4650 -0.083984375
4651 -0.076171875
4652 -0.029296875
4653 -0.0810546875
4654 -0.0703125
4655 -0.0634765625
4656 -0.021484375
4657 -0.0830078125
4658 -0.078125
4659 -0.06640625
4660 -0.0224609375
4661 -0.1337890625
4662 -0.142578125
4663 -0.1181640625
4664 -0.060546875
4665 -0.125
4666 -0.11328125
4667 -0.09375
4668 -0.04296875
4669 -0.1123046875
4670 -0.0986328125
4671 -0.0869140625
4672 -0.0341796875
4673 -0.0849609375
4674 -0.0390625
4675 -0.0224609375
4676 0.0234375
4677 -0.0302734375
4678 -0.083984375
4679 -0.0654296875
4680 -0.0185546875
4681 -0.0771484375
4682 -0.033203125
4683 -0.0205078125
4684 0.0263671875
4685 -0.064453125
4686 -0.09375
4687 -0.076171875
4688 -0.0283203125
4689 -0.0908203125
4690 -0.041015625
4691 -0.0244140625
4692 0.0224609375
4693 0.0009765625
4694 0.0322265625
4695 0.0341796875
4696 0.0703125
4697 -0.0166015625
4698 -0.05078125
4699 -0.046875
4700 -0.0029296875
4701 -0.1357421875
4702 -0.1162109375
4703 -0.0947265625
4704 -0.041015625
4705 -0.1181640625
4706 -0.0947265625
4707 -0.080078125
4708 -0.0322265625
4709 -0.09765625
4710 -0.0458984375
4711 -0.0302734375
4712 0.0185546875
4713 -0.0712890625
4714 -0.1015625
4715 -0.0830078125
4716 -0.029296875
4717 -0.1025390625
4718 -0.087890625
4719 -0.0693359375
4720 -0.0185546875
4721 -0.0908203125
4722 -0.0791015625
4723 -0.064453125
4724 -0.013671875
4725 -0.1220703125
4726 -0.064453125
4727 -0.0419921875
4728 0.01171875
4729 -0.0087890625
4730 0.0263671875
4731 0.033203125
4732 0.0712890625
4733 0.0712890625
4734 0.0927734375
4735 0.0927734375
4736 0.119140625
4737 0.1279296875
4738 0.1376953125
4739 0.1328125
4740 0.1533203125
4741 0.1513671875
4742 0.158203125
4743 0.1484375
4744 0.166015625
4745 0.1513671875
4746 0.1572265625
4747 0.142578125
4748 0.1591796875
4749 0.15234375
4750 0.15625
4751 0.14453125
4752 0.16015625
4753 0.1513671875
4754 0.1552734375
4755 0.142578125
4756 0.1572265625
4757 0.115234375
4758 0.07421875
4759 0.0576171875
4760 0.076171875
4761 0.0126953125
4762 0.0048828125
4763 -0.0029296875
4764 0.0283203125
4765 -0.0361328125
4766 -0.00390625
4767 0.0009765625
4768 0.0400390625
4769 0.03515625
4770 0.056640625
4771 0.056640625
4772 0.083984375
4773 0.0234375
4774 -0.0166015625
4775 -0.017578125
4776 0.013671875
4777 -0.083984375
4778 -0.078125
4779 -0.0703125
4780 -0.02734375
4781 -0.087890625
4782 -0.08203125
4783 -0.0732421875
4784 -0.02734375
4785 -0.0791015625
4786 -0.068359375
4787 -0.0634765625
4788 -0.0205078125
4789 -0.08203125
4790 -0.0751953125
4791 -0.06640625
4792 -0.021484375
4793 -0.1337890625
4794 -0.1396484375
4795 -0.1162109375
4796 -0.0595703125
4797 -0.123046875
4798 -0.111328125
4799 -0.09375
4800 -0.04296875
4801 -0.111328125
4802 -0.09765625
4803 -0.0859375
4804 -0.03515625
4805 -0.0830078125
4806 -0.0380859375
4807 -0.0234375
4808 0.0224609375
4809 -0.029296875
4810 -0.0849609375
4811 -0.06640625
4812 -0.0185546875
4813 -0.078125
4814 -0.0322265625
4815 -0.017578125
4816 0.029296875
4817 -0.0625
4818 -0.0947265625
4819 -0.076171875
4820 -0.02734375
4821 -0.0908203125
4822 -0.041015625
4823 -0.0234375
4824 0.0224609375
4825 0.0009765625
4826 0.0322265625
4827 0.0361328125
4828 0.0693359375
4829 -0.013671875
4830 -0.05078125
4831 -0.044921875
4832 -0.00390625
4833 -0.13671875
4834 -0.1171875
4835 -0.0947265625
4836 -0.041015625
4837 -0.1181640625
4838 -0.09375
4839 -0.078125
4840 -0.03125
4841 -0.09765625
4842 -0.0458984375
4843 -0.0283203125
4844 0.0205078125
4845 -0.0732421875
4846 -0.1015625
4847 -0.0810546875
4848 -0.029296875
4849 -0.099609375
4850 -0.0869140625
4851 -0.0703125
4852 -0.0185546875
4853 -0.0908203125
4854 -0.0791015625
4855 -0.068359375
4856 -0.015625
4857 -0.126953125
4858 -0.0673828125
4859 -0.0439453125
4860 0.01171875
4861 -0.0107421875
4862 0.0263671875
4863 0.0322265625
4864 0.072265625
4865 0.0712890625
4866 0.0927734375
4867 0.091796875
4868 0.119140625
4869 0.1279296875
4870 0.1376953125
4871 0.1337890625
4872 0.1533203125
4873 0.15234375
4874 0.158203125
4875 0.1494140625
4876 0.166015625
4877 0.150390625
4878 0.15625
4879 0.14453125
4880 0.16015625
4881 0.15234375
4882 0.1572265625
4883 0.146484375
4884 0.16015625
4885 0.1513671875
4886 0.158203125
4887 0.1455078125
4888 0.158203125
4889 0.1162109375
4890 0.07421875
4891 0.05859375
4892 0.076171875
4893 0.015625
4894 0.005859375
4895 -0.0009765625
4896 0.0283203125
4897 -0.0361328125
4898 -0.0048828125
4899 0.0029296875
4900 0.0390625
4901 0.033203125
4902 0.0576171875
4903 0.0556640625
4904 0.0849609375
4905 0.0244140625
4906 -0.0166015625
4907 -0.0185546875
4908 0.0146484375
4909 -0.0830078125
4910 -0.078125
4911 -0.0703125
4912 -0.025390625
4913 -0.0888671875
4914 -0.08203125
4915 -0.072265625
4916 -0.0283203125
4917 -0.078125
4918 -0.0703125
4919 -0.0615234375
4920 -0.0205078125
4921 -0.08203125
4922 -0.076171875
4923 -0.0654296875
4924 -0.0224609375
4925 -0.130859375
4926 -0.140625
4927 -0.115234375
4928 -0.056640625
4929 -0.123046875
4930 -0.1083984375
4931 -0.091796875
4932 -0.0400390625
4933 -0.111328125
4934 -0.09765625
4935 -0.083984375
4936 -0.033203125
4937 -0.0830078125
4938 -0.037109375
4939 -0.021484375
4940 0.0224609375
4941 -0.0283203125
4942 -0.0830078125
4943 -0.0654296875
4944 -0.0185546875
4945 -0.078125
4946 -0.0322265625
4947 -0.0185546875
4948 0.02734375
4949 -0.0673828125
4950 -0.095703125
4951 -0.0791015625
4952 -0.02734375
4953 -0.0927734375
4954 -0.0419921875
4955 -0.0263671875
4956 0.021484375
4957 0.001953125
4958 0.0322265625
4959 0.03515625
4960 0.0712890625
4961 -0.0126953125
4962 -0.0498046875
4963 -0.04296875
4964 -0.0009765625
4965 -0.134765625
4966 -0.1162109375
4967 -0.0927734375
4968 -0.0390625
4969 -0.1181640625
4970 -0.09375
4971 -0.0810546875
4972 -0.029296875
4973 -0.0966796875
4974 -0.0439453125
4975 -0.029296875
4976 0.0205078125
4977 -0.072265625
4978 -0.0986328125
4979 -0.0810546875
4980 -0.0283203125
4981 -0.1015625
4982 -0.087890625
4983 -0.0673828125
4984 -0.017578125
4985 -0.08984375
4986 -0.0791015625
4987 -0.0634765625
4988 -0.0146484375
4989 -0.1181640625
4990 -0.0625
4991 -0.0400390625
4992 0.0146484375
4993 -0.0078125
4994 0.029296875
4995 0.0341796875
4996 0.07421875
4997 0.072265625
4998 0.09375
4999 0.0927734375
