x y
0 -0.0234375
1 -0.1953125
2 -0.142578125
3 -0.078125
4 -0.0712890625
5 -0.4345703125
6 -0.1142578125
7 -0.0400390625
8 -0.0595703125
9 -0.1728515625
10 -0.083984375
11 -0.0166015625
12 -0.0390625
13 -0.1455078125
14 -0.0205078125
15 0.048828125
16 0.0205078125
17 -0.087890625
18 -0.0673828125
19 0.0048828125
20 -0.0234375
21 -0.1474609375
22 -0.0205078125
23 0.052734375
24 0.01953125
25 -0.11328125
26 -0.0693359375
27 0.001953125
28 -0.0283203125
29 -0.1416015625
30 -0.0537109375
31 0.0146484375
32 -0.017578125
33 -0.12109375
34 -0.033203125
35 0.0302734375
36 -0.005859375
37 -0.125
38 0.0
39 0.06640625
40 0.0322265625
41 -0.0556640625
42 0.056640625
43 0.1181640625
44 0.0712890625
45 0.0107421875
46 0.1142578125
47 0.16796875
48 0.111328125
49 0.0166015625
50 0.0634765625
51 0.111328125
52 0.0546875
53 -0.0732421875
54 0.037109375
55 0.0966796875
56 0.0546875
57 -0.083984375
58 -0.044921875
59 0.01953125
60 -0.0146484375
61 -0.1298828125
62 -0.04296875
63 0.0234375
64 -0.0126953125
65 -0.126953125
66 -0.041015625
67 0.0244140625
68 -0.013671875
69 -0.154296875
70 -0.0283203125
71 0.046875
72 0.013671875
73 -0.041015625
74 0.0693359375
75 0.1328125
76 0.08203125
77 -0.015625
78 0.03515625
79 0.0859375
80 0.0341796875
81 -0.0966796875
82 0.021484375
83 0.083984375
84 0.04296875
85 -0.095703125
86 -0.0537109375
87 0.0126953125
88 -0.0205078125
89 -0.1357421875
90 -0.0478515625
91 0.0205078125
92 -0.0166015625
93 -0.130859375
94 -0.0439453125
95 0.0244140625
96 -0.0146484375
97 -0.1552734375
98 -0.02734375
99 0.046875
100 0.0126953125
101 -0.04296875
102 0.0693359375
103 0.130859375
104 0.080078125
105 -0.0146484375
106 0.03515625
107 0.087890625
108 0.03515625
109 -0.09765625
110 0.021484375
111 0.0869140625
112 0.04296875
113 -0.095703125
114 -0.0556640625
115 0.0166015625
116 -0.0224609375
117 -0.138671875
118 -0.048828125
119 0.0244140625
120 -0.017578125
121 -0.1337890625
122 -0.0419921875
123 0.025390625
124 -0.015625
125 -0.1630859375
126 -0.029296875
127 0.046875
128 0.01171875
129 -0.048828125
130 0.0693359375
131 0.134765625
132 0.080078125
133 -0.017578125
134 0.037109375
135 0.09375
136 0.033203125
137 -0.099609375
138 0.021484375
139 0.08984375
140 0.041015625
141 -0.0986328125
142 -0.0556640625
143 0.0146484375
144 -0.0224609375
145 -0.138671875
146 -0.0498046875
147 0.0205078125
148 -0.0185546875
149 -0.134765625
150 -0.0419921875
151 0.0224609375
152 -0.0146484375
153 -0.1572265625
154 -0.0263671875
155 0.0478515625
156 0.0146484375
157 -0.04296875
158 0.0703125
159 0.134765625
160 0.0810546875
161 -0.013671875
162 0.037109375
163 0.08984375
164 0.0361328125
165 -0.095703125
166 0.021484375
167 0.0888671875
168 0.04296875
169 -0.09765625
170 -0.0546875
171 0.0126953125
172 -0.021484375
173 -0.1376953125
174 -0.048828125
175 0.017578125
176 -0.017578125
177 -0.1328125
178 -0.0439453125
179 0.0205078125
180 -0.015625
181 -0.1572265625
182 -0.0283203125
183 0.046875
184 0.013671875
185 -0.0419921875
186 0.0703125
187 0.1337890625
188 0.080078125
189 -0.0126953125
190 0.037109375
191 0.08984375
192 0.03515625
193 -0.0986328125
194 0.021484375
195 0.087890625
196 0.04296875
197 -0.09765625
198 -0.0537109375
199 0.0146484375
200 -0.021484375
201 -0.1376953125
202 -0.0478515625
203 0.021484375
204 -0.0166015625
205 -0.130859375
206 -0.04296875
207 0.0224609375
208 -0.0146484375
209 -0.1572265625
210 -0.0283203125
211 0.0478515625
212 0.013671875
213 -0.0439453125
214 0.0703125
215 0.1337890625
216 0.080078125
217 -0.013671875
218 0.037109375
219 0.08984375
220 0.0361328125
221 -0.095703125
222 0.0205078125
223 0.0849609375
224 0.0439453125
225 -0.0986328125
226 -0.0556640625
227 0.0126953125
228 -0.0234375
229 -0.1337890625
230 -0.0478515625
231 0.017578125
232 -0.0166015625
233 -0.130859375
234 -0.04296875
235 0.01953125
236 -0.013671875
237 -0.1552734375
238 -0.029296875
239 0.041015625
240 0.0146484375
241 -0.0400390625
242 0.0712890625
243 0.12890625
244 0.08203125
245 -0.0107421875
246 0.037109375
247 0.0849609375
248 0.037109375
249 -0.0927734375
250 0.0185546875
251 0.08203125
252 0.0439453125
253 -0.0927734375
254 -0.0546875
255 0.009765625
256 -0.0205078125
257 -0.130859375
258 -0.048828125
259 0.0166015625
260 -0.015625
261 -0.1279296875
262 -0.04296875
263 0.0185546875
264 -0.01171875
265 -0.1513671875
266 -0.02734375
267 0.0439453125
268 0.015625
269 -0.0400390625
270 0.0703125
271 0.12890625
272 0.080078125
273 -0.01171875
274 0.0361328125
275 0.0859375
276 0.037109375
277 -0.0908203125
278 0.021484375
279 0.0849609375
280 0.044921875
281 -0.091796875
282 -0.0517578125
283 0.0126953125
284 -0.017578125
285 -0.130859375
286 -0.0458984375
287 0.0185546875
288 -0.013671875
289 -0.126953125
290 -0.0419921875
291 0.021484375
292 -0.0126953125
293 -0.1533203125
294 -0.0283203125
295 0.044921875
296 0.0146484375
297 -0.0380859375
298 0.0693359375
299 0.130859375
300 0.08203125
301 -0.009765625
302 0.0361328125
303 0.087890625
304 0.037109375
305 -0.0947265625
306 0.021484375
307 0.0849609375
308 0.0458984375
309 -0.09375
310 -0.052734375
311 0.0126953125
312 -0.017578125
313 -0.1318359375
314 -0.0478515625
315 0.01953125
316 -0.0146484375
317 -0.12890625
318 -0.0419921875
319 0.021484375
320 -0.0146484375
321 -0.15234375
322 -0.029296875
323 0.044921875
324 0.013671875
325 -0.0380859375
326 0.0703125
327 0.12890625
328 0.08203125
329 -0.01171875
330 0.0361328125
331 0.0859375
332 0.037109375
333 -0.091796875
334 0.0224609375
335 0.083984375
336 0.0458984375
337 -0.0927734375
338 -0.052734375
339 0.0126953125
340 -0.0185546875
341 -0.1318359375
342 -0.0478515625
343 0.01953125
344 -0.015625
345 -0.126953125
346 -0.04296875
347 0.0224609375
348 -0.013671875
349 -0.1552734375
350 -0.02734375
351 0.0439453125
352 0.0146484375
353 -0.0390625
354 0.0712890625
355 0.1298828125
356 0.0810546875
357 -0.0126953125
358 0.037109375
359 0.0888671875
360 0.037109375
361 -0.0947265625
362 0.021484375
363 0.0849609375
364 0.04296875
365 -0.095703125
366 -0.056640625
367 0.0107421875
368 -0.0205078125
369 -0.134765625
370 -0.0498046875
371 0.01953125
372 -0.015625
373 -0.12890625
374 -0.041015625
375 0.0205078125
376 -0.0126953125
377 -0.154296875
378 -0.025390625
379 0.0478515625
380 0.017578125
381 -0.0400390625
382 0.0712890625
383 0.1328125
384 0.0810546875
385 -0.0107421875
386 0.0380859375
387 0.0908203125
388 0.0361328125
389 -0.0927734375
390 0.0224609375
391 0.087890625
392 0.0439453125
393 -0.0927734375
394 -0.052734375
395 0.0146484375
396 -0.01953125
397 -0.1337890625
398 -0.0478515625
399 0.0205078125
400 -0.0146484375
401 -0.1298828125
402 -0.0419921875
403 0.0224609375
404 -0.01171875
405 -0.1552734375
406 -0.025390625
407 0.0478515625
408 0.013671875
409 -0.0419921875
410 0.0703125
411 0.134765625
412 0.0810546875
413 -0.013671875
414 0.037109375
415 0.0927734375
416 0.0341796875
417 -0.095703125
418 0.0205078125
419 0.0859375
420 0.04296875
421 -0.095703125
422 -0.052734375
423 0.013671875
424 -0.01953125
425 -0.13671875
426 -0.046875
427 0.021484375
428 -0.0146484375
429 -0.1279296875
430 -0.0419921875
431 0.0224609375
432 -0.013671875
433 -0.154296875
434 -0.0283203125
435 0.0458984375
436 0.013671875
437 -0.041015625
438 0.0712890625
439 0.1357421875
440 0.0810546875
441 -0.01171875
442 0.0380859375
443 0.091796875
444 0.0380859375
445 -0.095703125
446 0.0224609375
447 0.087890625
448 0.0439453125
449 -0.0947265625
450 -0.052734375
451 0.0146484375
452 -0.01953125
453 -0.1318359375
454 -0.046875
455 0.01953125
456 -0.015625
457 -0.12890625
458 -0.04296875
459 0.021484375
460 -0.0146484375
461 -0.15625
462 -0.029296875
463 0.044921875
464 0.0146484375
465 -0.041015625
466 0.0693359375
467 0.1298828125
468 0.08203125
469 -0.0107421875
470 0.037109375
471 0.0869140625
472 0.0380859375
473 -0.0927734375
474 0.0205078125
475 0.0830078125
476 0.044921875
477 -0.0927734375
478 -0.052734375
479 0.0107421875
480 -0.0205078125
481 -0.1298828125
482 -0.048828125
483 0.0185546875
484 -0.015625
485 -0.125
486 -0.0400390625
487 0.0234375
488 -0.0107421875
489 -0.150390625
490 -0.0244140625
491 0.0478515625
492 0.017578125
493 -0.0380859375
494 0.072265625
495 0.1337890625
496 0.0830078125
497 -0.0107421875
498 0.041015625
499 0.0908203125
500 0.0380859375
501 -0.091796875
502 0.0234375
503 0.0908203125
504 0.0458984375
505 -0.091796875
506 -0.05078125
507 0.017578125
508 -0.017578125
509 -0.130859375
510 -0.046875
511 0.0185546875
512 -0.015625
513 -0.12890625
514 -0.041015625
515 0.0234375
516 -0.01171875
517 -0.1552734375
518 -0.0244140625
519 0.0478515625
520 0.015625
521 -0.041015625
522 0.0712890625
523 0.1337890625
524 0.0830078125
525 -0.009765625
526 0.0380859375
527 0.0888671875
528 0.0380859375
529 -0.0908203125
530 0.0224609375
531 0.0859375
532 0.044921875
533 -0.0908203125
534 -0.0517578125
535 0.0107421875
536 -0.0166015625
537 -0.130859375
538 -0.0458984375
539 0.01953125
540 -0.01171875
541 -0.126953125
542 -0.0400390625
543 0.021484375
544 -0.0126953125
545 -0.1533203125
546 -0.0263671875
547 0.0458984375
548 0.015625
549 -0.0400390625
550 0.0712890625
551 0.1337890625
552 0.0830078125
553 -0.009765625
554 0.037109375
555 0.0908203125
556 0.0380859375
557 -0.0966796875
558 0.0224609375
559 0.0908203125
560 0.04296875
561 -0.0947265625
562 -0.05078125
563 0.01953125
564 -0.01953125
565 -0.134765625
566 -0.044921875
567 0.025390625
568 -0.015625
569 -0.130859375
570 -0.0400390625
571 0.029296875
572 -0.0146484375
573 -0.158203125
574 -0.0263671875
575 0.05078125
576 0.0146484375
577 -0.04296875
578 0.072265625
579 0.1396484375
580 0.0810546875
581 -0.013671875
582 0.0400390625
583 0.09375
584 0.037109375
585 -0.0966796875
586 0.0224609375
587 0.0888671875
588 0.04296875
589 -0.095703125
590 -0.05078125
591 0.0146484375
592 -0.0185546875
593 -0.134765625
594 -0.046875
595 0.0224609375
596 -0.0146484375
597 -0.12890625
598 -0.0400390625
599 0.025390625
600 -0.013671875
601 -0.1552734375
602 -0.025390625
603 0.0517578125
604 0.0146484375
605 -0.04296875
606 0.0712890625
607 0.1357421875
608 0.0830078125
609 -0.0126953125
610 0.0390625
611 0.091796875
612 0.0380859375
613 -0.0947265625
614 0.0244140625
615 0.0908203125
616 0.044921875
617 -0.09375
618 -0.052734375
619 0.017578125
620 -0.0205078125
621 -0.1357421875
622 -0.0458984375
623 0.0234375
624 -0.0146484375
625 -0.1298828125
626 -0.0400390625
627 0.02734375
628 -0.013671875
629 -0.15625
630 -0.0234375
631 0.05078125
632 0.0146484375
633 -0.0439453125
634 0.0732421875
635 0.1376953125
636 0.0810546875
637 -0.01171875
638 0.0390625
639 0.09375
640 0.037109375
641 -0.0947265625
642 0.0244140625
643 0.0888671875
644 0.044921875
645 -0.09375
646 -0.0517578125
647 0.017578125
648 -0.0185546875
649 -0.134765625
650 -0.046875
651 0.0224609375
652 -0.0146484375
653 -0.130859375
654 -0.041015625
655 0.0234375
656 -0.013671875
657 -0.15625
658 -0.025390625
659 0.048828125
660 0.015625
661 -0.04296875
662 0.072265625
663 0.1357421875
664 0.0830078125
665 -0.01171875
666 0.0380859375
667 0.09375
668 0.0361328125
669 -0.09375
670 0.0234375
671 0.0927734375
672 0.044921875
673 -0.09375
674 -0.0517578125
675 0.017578125
676 -0.0185546875
677 -0.134765625
678 -0.044921875
679 0.0224609375
680 -0.013671875
681 -0.1298828125
682 -0.0390625
683 0.0263671875
684 -0.013671875
685 -0.15625
686 -0.029296875
687 0.046875
688 0.013671875
689 -0.041015625
690 0.0712890625
691 0.134765625
692 0.08203125
693 -0.0107421875
694 0.0390625
695 0.0908203125
696 0.0380859375
697 -0.095703125
698 0.0224609375
699 0.087890625
700 0.0439453125
701 -0.095703125
702 -0.052734375
703 0.013671875
704 -0.017578125
705 -0.1357421875
706 -0.046875
707 0.0224609375
708 -0.013671875
709 -0.1279296875
710 -0.0400390625
711 0.025390625
712 -0.01171875
713 -0.154296875
714 -0.025390625
715 0.0498046875
716 0.015625
717 -0.0400390625
718 0.0732421875
719 0.13671875
720 0.0830078125
721 -0.01171875
722 0.0390625
723 0.091796875
724 0.0390625
725 -0.0908203125
726 0.0263671875
727 0.0888671875
728 0.0458984375
729 -0.0908203125
730 -0.048828125
731 0.015625
732 -0.017578125
733 -0.1298828125
734 -0.044921875
735 0.0205078125
736 -0.013671875
737 -0.1259765625
738 -0.0400390625
739 0.025390625
740 -0.0126953125
741 -0.154296875
742 -0.0263671875
743 0.048828125
744 0.015625
745 -0.041015625
746 0.072265625
747 0.134765625
748 0.0830078125
749 -0.0126953125
750 0.0380859375
751 0.091796875
752 0.0380859375
753 -0.09375
754 0.0224609375
755 0.08984375
756 0.0439453125
757 -0.0927734375
758 -0.0517578125
759 0.017578125
760 -0.0185546875
761 -0.130859375
762 -0.0458984375
763 0.0234375
764 -0.013671875
765 -0.125
766 -0.0380859375
767 0.0234375
768 -0.0107421875
769 -0.1552734375
770 -0.025390625
771 0.046875
772 0.0166015625
773 -0.0400390625
774 0.0732421875
775 0.1357421875
776 0.083984375
777 -0.0107421875
778 0.0380859375
779 0.091796875
780 0.0361328125
781 -0.091796875
782 0.0234375
783 0.0869140625
784 0.044921875
785 -0.0908203125
786 -0.05078125
787 0.0166015625
788 -0.0166015625
789 -0.130859375
790 -0.0458984375
791 0.0205078125
792 -0.0126953125
793 -0.1279296875
794 -0.0400390625
795 0.0244140625
796 -0.0107421875
797 -0.15625
798 -0.029296875
799 0.0458984375
800 0.0146484375
801 -0.0390625
802 0.0712890625
803 0.1337890625
804 0.083984375
805 -0.0107421875
806 0.0380859375
807 0.0908203125
808 0.0380859375
809 -0.0966796875
810 0.0224609375
811 0.0869140625
812 0.0439453125
813 -0.095703125
814 -0.052734375
815 0.015625
816 -0.0185546875
817 -0.1337890625
818 -0.0439453125
819 0.021484375
820 -0.013671875
821 -0.126953125
822 -0.0400390625
823 0.0263671875
824 -0.01171875
825 -0.15234375
826 -0.0244140625
827 0.05078125
828 0.0166015625
829 -0.0380859375
830 0.072265625
831 0.134765625
832 0.0830078125
833 -0.009765625
834 0.0400390625
835 0.091796875
836 0.0390625
837 -0.0947265625
838 0.0234375
839 0.08984375
840 0.0458984375
841 -0.0908203125
842 -0.0517578125
843 0.0166015625
844 -0.017578125
845 -0.1318359375
846 -0.0478515625
847 0.021484375
848 -0.0146484375
849 -0.1279296875
850 -0.041015625
851 0.0224609375
852 -0.01171875
853 -0.15234375
854 -0.0263671875
855 0.0458984375
856 0.017578125
857 -0.037109375
858 0.0732421875
859 0.130859375
860 0.083984375
861 -0.0107421875
862 0.0380859375
863 0.087890625
864 0.0419921875
865 -0.0927734375
866 0.021484375
867 0.083984375
868 0.044921875
869 -0.0908203125
870 -0.052734375
871 0.01171875
872 -0.0166015625
873 -0.130859375
874 -0.048828125
875 0.01953125
876 -0.01171875
877 -0.1240234375
878 -0.0419921875
879 0.0185546875
880 -0.0087890625
881 -0.1513671875
882 -0.0263671875
883 0.0439453125
884 0.017578125
885 -0.037109375
886 0.0712890625
887 0.130859375
888 0.0849609375
889 -0.0087890625
890 0.037109375
891 0.0869140625
892 0.0400390625
893 -0.091796875
894 0.0205078125
895 0.0830078125
896 0.044921875
897 -0.091796875
898 -0.0537109375
899 0.0107421875
900 -0.0185546875
901 -0.130859375
902 -0.0458984375
903 0.017578125
904 -0.0126953125
905 -0.1259765625
906 -0.0400390625
907 0.021484375
908 -0.0107421875
909 -0.15234375
910 -0.02734375
911 0.044921875
912 0.0146484375
913 -0.037109375
914 0.0703125
915 0.130859375
916 0.0830078125
917 -0.009765625
918 0.0380859375
919 0.08984375
920 0.0390625
921 -0.0908203125
922 0.021484375
923 0.083984375
924 0.0458984375
925 -0.0927734375
926 -0.0537109375
927 0.0107421875
928 -0.0185546875
929 -0.130859375
930 -0.0458984375
931 0.0166015625
932 -0.0107421875
933 -0.1240234375
934 -0.041015625
935 0.021484375
936 -0.0107421875
937 -0.1494140625
938 -0.02734375
939 0.044921875
940 0.015625
941 -0.0361328125
942 0.0703125
943 0.130859375
944 0.083984375
945 -0.0087890625
946 0.037109375
947 0.087890625
948 0.0380859375
949 -0.0888671875
950 0.025390625
951 0.083984375
952 0.0478515625
953 -0.0908203125
954 -0.0517578125
955 0.0126953125
956 -0.017578125
957 -0.12890625
958 -0.0478515625
959 0.0185546875
960 -0.01171875
961 -0.1240234375
962 -0.041015625
963 0.021484375
964 -0.01171875
965 -0.150390625
966 -0.0263671875
967 0.0439453125
968 0.0166015625
969 -0.0380859375
970 0.0703125
971 0.1318359375
972 0.083984375
973 -0.0078125
974 0.0400390625
975 0.087890625
976 0.0400390625
977 -0.0888671875
978 0.0234375
979 0.083984375
980 0.0458984375
981 -0.0908203125
982 -0.0546875
983 0.01171875
984 -0.0185546875
985 -0.1298828125
986 -0.046875
987 0.0185546875
988 -0.013671875
989 -0.1259765625
990 -0.0419921875
991 0.0205078125
992 -0.01171875
993 -0.1513671875
994 -0.0263671875
995 0.0439453125
996 0.0166015625
997 -0.0380859375
998 0.072265625
999 0.1318359375
1000 0.083984375
1001 -0.009765625
1002 0.0380859375
1003 0.0888671875
1004 0.0380859375
1005 -0.087890625
1006 0.0234375
1007 0.0849609375
1008 0.046875
1009 -0.091796875
1010 -0.0537109375
1011 0.013671875
1012 -0.017578125
1013 -0.1298828125
1014 -0.0458984375
1015 0.0185546875
1016 -0.0126953125
1017 -0.126953125
1018 -0.041015625
1019 0.021484375
1020 -0.0107421875
1021 -0.154296875
1022 -0.0263671875
1023 0.0458984375
1024 0.0166015625
1025 -0.0380859375
1026 0.072265625
1027 0.1337890625
1028 0.0830078125
1029 -0.009765625
1030 0.037109375
1031 0.0888671875
1032 0.0380859375
1033 -0.09375
1034 0.021484375
1035 0.0869140625
1036 0.044921875
1037 -0.0966796875
1038 -0.0556640625
1039 0.0107421875
1040 -0.0205078125
1041 -0.1328125
1042 -0.0458984375
1043 0.0205078125
1044 -0.015625
1045 -0.1279296875
1046 -0.0400390625
1047 0.0234375
1048 -0.0126953125
1049 -0.1533203125
1050 -0.025390625
1051 0.048828125
1052 0.0166015625
1053 -0.037109375
1054 0.0732421875
1055 0.134765625
1056 0.083984375
1057 -0.0087890625
1058 0.0400390625
1059 0.0908203125
1060 0.0390625
1061 -0.0908203125
1062 0.0244140625
1063 0.0869140625
1064 0.0478515625
1065 -0.09375
1066 -0.0537109375
1067 0.0107421875
1068 -0.017578125
1069 -0.1318359375
1070 -0.046875
1071 0.0205078125
1072 -0.013671875
1073 -0.1279296875
1074 -0.041015625
1075 0.0224609375
1076 -0.0126953125
1077 -0.1533203125
1078 -0.0263671875
1079 0.0478515625
1080 0.015625
1081 -0.041015625
1082 0.072265625
1083 0.1337890625
1084 0.083984375
1085 -0.01171875
1086 0.0380859375
1087 0.08984375
1088 0.0380859375
1089 -0.0947265625
1090 0.0224609375
1091 0.0859375
1092 0.0439453125
1093 -0.0947265625
1094 -0.052734375
1095 0.013671875
1096 -0.01953125
1097 -0.1337890625
1098 -0.046875
1099 0.021484375
1100 -0.0146484375
1101 -0.12890625
1102 -0.041015625
1103 0.0224609375
1104 -0.0126953125
1105 -0.1552734375
1106 -0.0263671875
1107 0.0478515625
1108 0.015625
1109 -0.041015625
1110 0.0732421875
1111 0.1357421875
1112 0.08203125
1113 -0.01171875
1114 0.0400390625
1115 0.0927734375
1116 0.0390625
1117 -0.09375
1118 0.0234375
1119 0.08984375
1120 0.044921875
1121 -0.095703125
1122 -0.052734375
1123 0.015625
1124 -0.0205078125
1125 -0.134765625
1126 -0.044921875
1127 0.0234375
1128 -0.013671875
1129 -0.130859375
1130 -0.0419921875
1131 0.0224609375
1132 -0.0146484375
1133 -0.1591796875
1134 -0.02734375
1135 0.0458984375
1136 0.0146484375
1137 -0.0419921875
1138 0.0732421875
1139 0.134765625
1140 0.0810546875
1141 -0.0126953125
1142 0.0390625
1143 0.0927734375
1144 0.0380859375
1145 -0.0947265625
1146 0.0224609375
1147 0.087890625
1148 0.044921875
1149 -0.0947265625
1150 -0.052734375
1151 0.0146484375
1152 -0.01953125
1153 -0.134765625
1154 -0.0458984375
1155 0.0234375
1156 -0.013671875
1157 -0.12890625
1158 -0.037109375
1159 0.0244140625
1160 -0.0107421875
1161 -0.15625
1162 -0.0244140625
1163 0.048828125
1164 0.017578125
1165 -0.0400390625
1166 0.0732421875
1167 0.13671875
1168 0.0849609375
1169 -0.0087890625
1170 0.0380859375
1171 0.0927734375
1172 0.0390625
1173 -0.0927734375
1174 0.0244140625
1175 0.08984375
1176 0.0458984375
1177 -0.0927734375
1178 -0.0517578125
1179 0.015625
1180 -0.017578125
1181 -0.1337890625
1182 -0.0439453125
1183 0.0224609375
1184 -0.0146484375
1185 -0.12890625
1186 -0.0400390625
1187 0.02734375
1188 -0.0126953125
1189 -0.15625
1190 -0.02734375
1191 0.048828125
1192 0.0146484375
1193 -0.0419921875
1194 0.072265625
1195 0.1376953125
1196 0.08203125
1197 -0.01171875
1198 0.0380859375
1199 0.09375
1200 0.037109375
1201 -0.095703125
1202 0.0234375
1203 0.08984375
1204 0.044921875
1205 -0.0927734375
1206 -0.05078125
1207 0.0166015625
1208 -0.0166015625
1209 -0.1357421875
1210 -0.044921875
1211 0.0263671875
1212 -0.013671875
1213 -0.1298828125
1214 -0.0380859375
1215 0.029296875
1216 -0.0126953125
1217 -0.1572265625
1218 -0.025390625
1219 0.052734375
1220 0.015625
1221 -0.0419921875
1222 0.07421875
1223 0.138671875
1224 0.083984375
1225 -0.0126953125
1226 0.041015625
1227 0.0947265625
1228 0.037109375
1229 -0.0986328125
1230 0.0234375
1231 0.0927734375
1232 0.0439453125
1233 -0.09375
1234 -0.05078125
1235 0.017578125
1236 -0.0205078125
1237 -0.134765625
1238 -0.0458984375
1239 0.0263671875
1240 -0.0146484375
1241 -0.130859375
1242 -0.0400390625
1243 0.029296875
1244 -0.013671875
1245 -0.158203125
1246 -0.025390625
1247 0.05078125
1248 0.0126953125
1249 -0.0439453125
1250 0.07421875
1251 0.1396484375
1252 0.083984375
1253 -0.0126953125
1254 0.0400390625
1255 0.0966796875
1256 0.037109375
1257 -0.099609375
1258 0.0224609375
1259 0.091796875
1260 0.0439453125
1261 -0.095703125
1262 -0.0537109375
1263 0.0185546875
1264 -0.01953125
1265 -0.1357421875
1266 -0.044921875
1267 0.025390625
1268 -0.0146484375
1269 -0.130859375
1270 -0.0390625
1271 0.02734375
1272 -0.01171875
1273 -0.15625
1274 -0.0244140625
1275 0.0517578125
1276 0.017578125
1277 -0.0419921875
1278 0.07421875
1279 0.13671875
1280 0.0830078125
1281 -0.0107421875
1282 0.0380859375
1283 0.0947265625
1284 0.0380859375
1285 -0.095703125
1286 0.0244140625
1287 0.0908203125
1288 0.044921875
1289 -0.0927734375
1290 -0.0517578125
1291 0.017578125
1292 -0.0185546875
1293 -0.1337890625
1294 -0.044921875
1295 0.0244140625
1296 -0.0126953125
1297 -0.12890625
1298 -0.0390625
1299 0.0263671875
1300 -0.01171875
1301 -0.1552734375
1302 -0.025390625
1303 0.0498046875
1304 0.015625
1305 -0.041015625
1306 0.072265625
1307 0.138671875
1308 0.083984375
1309 -0.0107421875
1310 0.0400390625
1311 0.095703125
1312 0.0380859375
1313 -0.0947265625
1314 0.0234375
1315 0.0888671875
1316 0.044921875
1317 -0.0947265625
1318 -0.052734375
1319 0.015625
1320 -0.0185546875
1321 -0.134765625
1322 -0.0439453125
1323 0.0224609375
1324 -0.013671875
1325 -0.1298828125
1326 -0.0419921875
1327 0.0244140625
1328 -0.0146484375
1329 -0.154296875
1330 -0.02734375
1331 0.0498046875
1332 0.015625
1333 -0.0400390625
1334 0.072265625
1335 0.13671875
1336 0.083984375
1337 -0.01171875
1338 0.0400390625
1339 0.0947265625
1340 0.0380859375
1341 -0.0947265625
1342 0.025390625
1343 0.087890625
1344 0.0458984375
1345 -0.0947265625
1346 -0.0517578125
1347 0.0166015625
1348 -0.01953125
1349 -0.1337890625
1350 -0.044921875
1351 0.0244140625
1352 -0.0146484375
1353 -0.1279296875
1354 -0.041015625
1355 0.025390625
1356 -0.013671875
1357 -0.1552734375
1358 -0.0263671875
1359 0.046875
1360 0.015625
1361 -0.041015625
1362 0.07421875
1363 0.134765625
1364 0.083984375
1365 -0.0107421875
1366 0.0400390625
1367 0.091796875
1368 0.0400390625
1369 -0.0947265625
1370 0.0224609375
1371 0.087890625
1372 0.0439453125
1373 -0.0947265625
1374 -0.0556640625
1375 0.01171875
1376 -0.01953125
1377 -0.1337890625
1378 -0.046875
1379 0.0224609375
1380 -0.01171875
1381 -0.1259765625
1382 -0.0390625
1383 0.0244140625
1384 -0.009765625
1385 -0.1533203125
1386 -0.0244140625
1387 0.048828125
1388 0.017578125
1389 -0.0400390625
1390 0.0732421875
1391 0.1376953125
1392 0.083984375
1393 -0.009765625
1394 0.0380859375
1395 0.09375
1396 0.0400390625
1397 -0.08984375
1398 0.0244140625
1399 0.0908203125
1400 0.046875
1401 -0.08984375
1402 -0.048828125
1403 0.017578125
1404 -0.017578125
1405 -0.130859375
1406 -0.0439453125
1407 0.021484375
1408 -0.01171875
1409 -0.126953125
1410 -0.0380859375
1411 0.0244140625
1412 -0.0107421875
1413 -0.1533203125
1414 -0.0244140625
1415 0.048828125
1416 0.015625
1417 -0.0400390625
1418 0.0732421875
1419 0.134765625
1420 0.08203125
1421 -0.0087890625
1422 0.0390625
1423 0.0908203125
1424 0.0380859375
1425 -0.0927734375
1426 0.0224609375
1427 0.087890625
1428 0.044921875
1429 -0.091796875
1430 -0.052734375
1431 0.013671875
1432 -0.015625
1433 -0.1328125
1434 -0.0439453125
1435 0.021484375
1436 -0.0107421875
1437 -0.125
1438 -0.037109375
1439 0.0263671875
1440 -0.009765625
1441 -0.1279296875
1442 -0.0048828125
1443 0.06640625
1444 0.0302734375
1445 -0.080078125
1446 -0.0283203125
1447 0.03515625
1448 -0.005859375
1449 -0.119140625
1450 -0.041015625
1451 0.025390625
1452 -0.0087890625
1453 -0.130859375
1454 -0.0458984375
1455 0.0185546875
1456 -0.01171875
1457 -0.1806640625
1458 -0.0830078125
1459 -0.013671875
1460 -0.0400390625
1461 -0.197265625
1462 -0.0615234375
1463 0.0224609375
1464 -0.001953125
1465 -0.0771484375
1466 0.0419921875
1467 0.1123046875
1468 0.064453125
1469 0.00390625
1470 0.109375
1471 0.16796875
1472 0.109375
1473 0.0146484375
1474 0.060546875
1475 0.111328125
1476 0.056640625
1477 -0.052734375
1478 0.0576171875
1479 0.1201171875
1480 0.0712890625
1481 -0.0087890625
1482 0.0986328125
1483 0.154296875
1484 0.0986328125
1485 -0.0205078125
1486 0.0224609375
1487 0.0771484375
1488 0.0263671875
1489 -0.076171875
1490 0.0361328125
1491 0.1005859375
1492 0.0546875
1493 -0.013671875
1494 0.091796875
1495 0.150390625
1496 0.0947265625
1497 -0.0166015625
1498 0.0283203125
1499 0.078125
1500 0.02734375
1501 -0.080078125
1502 -0.0048828125
1503 0.0546875
1504 0.01171875
1505 -0.083984375
1506 0.03125
1507 0.0947265625
1508 0.048828125
1509 -0.0654296875
1510 0.0439453125
1511 0.107421875
1512 0.05859375
1513 -0.046875
1514 0.060546875
1515 0.1240234375
1516 0.0703125
1517 -0.001953125
1518 0.1015625
1519 0.154296875
1520 0.0966796875
1521 0.0068359375
1522 0.048828125
1523 0.1015625
1524 0.0458984375
1525 -0.048828125
1526 0.05859375
1527 0.1181640625
1528 0.0673828125
1529 -0.0458984375
1530 0.0595703125
1531 0.1171875
1532 0.06640625
1533 -0.0947265625
1534 -0.056640625
1535 0.0048828125
1536 -0.029296875
1537 -0.1953125
1538 -0.1083984375
1539 -0.0322265625
1540 -0.056640625
1541 -0.1611328125
1542 -0.0361328125
1543 0.0341796875
1544 0.0048828125
1545 -0.05078125
1546 0.0576171875
1547 0.115234375
1548 0.0693359375
1549 0.0068359375
1550 0.10546875
1551 0.158203125
1552 0.1025390625
1553 -0.0146484375
1554 0.01953125
1555 0.0703125
1556 0.0224609375
1557 -0.1025390625
1558 -0.02734375
1559 0.02734375
1560 -0.009765625
1561 -0.1904296875
1562 -0.1259765625
1563 -0.0498046875
1564 -0.0673828125
1565 -0.1728515625
1566 -0.080078125
1567 -0.0146484375
1568 -0.041015625
1569 -0.205078125
1570 -0.1279296875
1571 -0.052734375
1572 -0.0673828125
1573 -0.1865234375
1574 -0.0546875
1575 0.017578125
1576 -0.0048828125
1577 -0.1044921875
1578 -0.0576171875
1579 0.009765625
1580 -0.0244140625
1581 -0.1337890625
1582 -0.0478515625
1583 0.015625
1584 -0.01953125
1585 -0.1279296875
1586 -0.0458984375
1587 0.017578125
1588 -0.0146484375
1589 -0.1025390625
1590 0.0107421875
1591 0.0771484375
1592 0.0390625
1593 -0.0126953125
1594 0.0927734375
1595 0.150390625
1596 0.095703125
1597 -0.015625
1598 0.083984375
1599 0.1376953125
1600 0.0859375
1601 -0.0166015625
1602 0.0830078125
1603 0.138671875
1604 0.0859375
1605 0.0146484375
1606 0.1103515625
1607 0.1630859375
1608 0.10546875
1609 0.0185546875
1610 0.0556640625
1611 0.1044921875
1612 0.048828125
1613 -0.044921875
1614 0.0595703125
1615 0.1181640625
1616 0.06640625
1617 -0.0458984375
1618 0.0595703125
1619 0.119140625
1620 0.06640625
1621 -0.095703125
1622 -0.0576171875
1623 0.0068359375
1624 -0.0322265625
1625 -0.1962890625
1626 -0.107421875
1627 -0.02734375
1628 -0.05859375
1629 -0.1669921875
1630 -0.0361328125
1631 0.041015625
1632 0.0009765625
1633 -0.072265625
1634 0.0439453125
1635 0.109375
1636 0.056640625
1637 -0.0068359375
1638 0.099609375
1639 0.158203125
1640 0.095703125
1641 -0.021484375
1642 0.01953125
1643 0.07421875
1644 0.0185546875
1645 -0.1123046875
1646 -0.029296875
1647 0.0322265625
1648 -0.013671875
1649 -0.1953125
1650 -0.1259765625
1651 -0.0439453125
1652 -0.0712890625
1653 -0.1748046875
1654 -0.078125
1655 -0.0048828125
1656 -0.04296875
1657 -0.2099609375
1658 -0.1298828125
1659 -0.046875
1660 -0.0703125
1661 -0.197265625
1662 -0.0576171875
1663 0.01953125
1664 -0.009765625
1665 -0.1103515625
1666 -0.056640625
1667 0.0146484375
1668 -0.025390625
1669 -0.1396484375
1670 -0.046875
1671 0.0185546875
1672 -0.021484375
1673 -0.1337890625
1674 -0.0478515625
1675 0.0224609375
1676 -0.017578125
1677 -0.111328125
1678 0.0107421875
1679 0.0810546875
1680 0.037109375
1681 -0.015625
1682 0.0947265625
1683 0.154296875
1684 0.09765625
1685 0.0400390625
1686 0.142578125
1687 0.1982421875
1688 0.1298828125
1689 0.06640625
1690 0.1630859375
1691 0.216796875
1692 0.1435546875
1693 0.037109375
1694 0.1328125
1695 0.18359375
1696 0.115234375
1697 0.0078125
1698 0.10546875
1699 0.16015625
1700 0.09765625
1701 0.017578125
1702 0.1181640625
1703 0.1708984375
1704 0.1044921875
1705 0.01171875
1706 0.0556640625
1707 0.107421875
1708 0.0458984375
1709 -0.048828125
1710 0.0576171875
1711 0.119140625
1712 0.0615234375
1713 0.0068359375
1714 0.109375
1715 0.1650390625
1716 0.0986328125
1717 0.0361328125
1718 0.1337890625
1719 0.189453125
1720 0.1181640625
1721 0.0107421875
1722 0.107421875
1723 0.1611328125
1724 0.0947265625
1725 -0.06640625
1726 -0.033203125
1727 0.0224609375
1728 -0.0224609375
1729 -0.185546875
1730 -0.1025390625
1731 -0.033203125
1732 -0.0615234375
1733 -0.1728515625
1734 -0.04296875
1735 0.02734375
1736 -0.009765625
1737 -0.0751953125
1738 0.0400390625
1739 0.1025390625
1740 0.0478515625
1741 -0.0185546875
1742 0.0849609375
1743 0.142578125
1744 0.080078125
1745 -0.0390625
1746 -0.0009765625
1747 0.0517578125
1748 0.0
1749 -0.12890625
1750 -0.0478515625
1751 0.01171875
1752 -0.0302734375
1753 -0.21484375
1754 -0.1435546875
1755 -0.064453125
1756 -0.0849609375
1757 -0.1943359375
1758 -0.0947265625
1759 -0.025390625
1760 -0.060546875
1761 -0.224609375
1762 -0.1474609375
1763 -0.0654296875
1764 -0.0869140625
1765 -0.208984375
1766 -0.072265625
1767 0.0068359375
1768 -0.0244140625
1769 -0.1259765625
1770 -0.072265625
1771 -0.0048828125
1772 -0.0400390625
1773 -0.1630859375
1774 -0.0693359375
1775 -0.00390625
1776 -0.0390625
1777 -0.166015625
1778 -0.0771484375
1779 -0.0078125
1780 -0.041015625
1781 -0.1416015625
1782 -0.017578125
1783 0.0546875
1784 0.0146484375
1785 -0.03515625
1786 0.076171875
1787 0.1376953125
1788 0.0791015625
1789 0.017578125
1790 0.119140625
1791 0.1767578125
1792 0.111328125
1793 0.04296875
1794 0.142578125
1795 0.1953125
1796 0.1259765625
1797 0.0576171875
1798 0.1533203125
1799 0.205078125
1800 0.1318359375
1801 0.0654296875
1802 0.16015625
1803 0.212890625
1804 0.13671875
1805 0.0244140625
1806 0.1162109375
1807 0.16796875
1808 0.1005859375
1809 -0.0107421875
1810 0.0849609375
1811 0.138671875
1812 0.078125
1813 0.0
1814 0.0986328125
1815 0.1484375
1816 0.0859375
1817 -0.0068359375
1818 0.03515625
1819 0.0849609375
1820 0.0263671875
1821 -0.0654296875
1822 0.0400390625
1823 0.1005859375
1824 0.044921875
1825 -0.0185546875
1826 0.083984375
1827 0.1396484375
1828 0.0791015625
1829 0.0185546875
1830 0.1123046875
1831 0.1640625
1832 0.09765625
1833 -0.0048828125
1834 0.0869140625
1835 0.1357421875
1836 0.076171875
1837 -0.0849609375
1838 -0.0556640625
1839 -0.0009765625
1840 -0.0390625
1841 -0.2060546875
1842 -0.1259765625
1843 -0.0546875
1844 -0.0791015625
1845 -0.185546875
1846 -0.0615234375
1847 0.005859375
1848 -0.0234375
1849 -0.083984375
1850 0.0234375
1851 0.0849609375
1852 0.037109375
1853 -0.0283203125
1854 0.0712890625
1855 0.1259765625
1856 0.068359375
1857 -0.05078125
1858 -0.013671875
1859 0.0380859375
1860 -0.0126953125
1861 -0.138671875
1862 -0.0595703125
1863 -0.0029296875
1864 -0.0400390625
1865 -0.22265625
1866 -0.1552734375
1867 -0.08203125
1868 -0.0966796875
1869 -0.201171875
1870 -0.103515625
1871 -0.0400390625
1872 -0.0693359375
1873 -0.234375
1874 -0.1572265625
1875 -0.0771484375
1876 -0.095703125
1877 -0.2158203125
1878 -0.0830078125
1879 -0.005859375
1880 -0.033203125
1881 -0.1318359375
1882 -0.08203125
1883 -0.0146484375
1884 -0.048828125
1885 -0.2001953125
1886 -0.109375
1887 -0.0400390625
1888 -0.06640625
1889 -0.2080078125
1890 -0.1181640625
1891 -0.0439453125
1892 -0.0673828125
1893 -0.1640625
1894 -0.0380859375
1895 0.0341796875
1896 0.0
1897 -0.0478515625
1898 0.0595703125
1899 0.1220703125
1900 0.068359375
1901 0.005859375
1902 0.10546875
1903 0.162109375
1904 0.099609375
1905 0.033203125
1906 0.12890625
1907 0.181640625
1908 0.1162109375
1909 0.0439453125
1910 0.1396484375
1911 0.1904296875
1912 0.12109375
1913 0.0556640625
1914 0.1474609375
1915 0.19921875
1916 0.1279296875
1917 0.0205078125
1918 0.111328125
1919 0.1591796875
1920 0.095703125
1921 -0.0146484375
1922 0.0810546875
1923 0.134765625
1924 0.072265625
1925 -0.0048828125
1926 0.091796875
1927 0.142578125
1928 0.080078125
1929 -0.01171875
1930 0.029296875
1931 0.0771484375
1932 0.021484375
1933 -0.068359375
1934 0.0341796875
1935 0.091796875
1936 0.0400390625
1937 -0.017578125
1938 0.08203125
1939 0.1357421875
1940 0.0751953125
1941 0.0166015625
1942 0.109375
1943 0.162109375
1944 0.0947265625
1945 -0.009765625
1946 0.0849609375
1947 0.138671875
1948 0.0712890625
1949 -0.083984375
1950 -0.05078125
1951 0.0048828125
1952 -0.0400390625
1953 -0.201171875
1954 -0.119140625
1955 -0.0478515625
1956 -0.078125
1957 -0.1884765625
1958 -0.0615234375
1959 0.0078125
1960 -0.0263671875
1961 -0.0908203125
1962 0.021484375
1963 0.08203125
1964 0.0322265625
1965 -0.033203125
1966 0.068359375
1967 0.1220703125
1968 0.064453125
1969 -0.0537109375
1970 -0.015625
1971 0.03515625
1972 -0.013671875
1973 -0.140625
1974 -0.0625
1975 -0.00390625
1976 -0.044921875
1977 -0.2265625
1978 -0.16015625
1979 -0.08203125
1980 -0.1005859375
1981 -0.205078125
1982 -0.1103515625
1983 -0.041015625
1984 -0.0712890625
1985 -0.23828125
1986 -0.16015625
1987 -0.0791015625
1988 -0.1005859375
1989 -0.21875
1990 -0.0859375
1991 -0.0078125
1992 -0.037109375
1993 -0.13671875
1994 -0.0869140625
1995 -0.0166015625
1996 -0.052734375
1997 -0.171875
1998 -0.0830078125
1999 -0.0224609375
2000 -0.052734375
2001 -0.1708984375
2002 -0.0849609375
2003 -0.0205078125
2004 -0.0517578125
2005 -0.142578125
2006 -0.0224609375
2007 0.0439453125
2008 0.0068359375
2009 -0.041015625
2010 0.064453125
2011 0.123046875
2012 0.0693359375
2013 0.009765625
2014 0.10546875
2015 0.16015625
2016 0.099609375
2017 0.03125
2018 0.123046875
2019 0.1767578125
2020 0.1103515625
2021 0.037109375
2022 0.1298828125
2023 0.177734375
2024 0.1123046875
2025 0.048828125
2026 0.1396484375
2027 0.1884765625
2028 0.12109375
2029 0.0107421875
2030 0.1044921875
2031 0.15234375
2032 0.087890625
2033 -0.01953125
2034 0.07421875
2035 0.126953125
2036 0.06640625
2037 -0.01171875
2038 0.0849609375
2039 0.13671875
2040 0.0751953125
2041 -0.03125
2042 0.0068359375
2043 0.0595703125
2044 0.00390625
2045 -0.0869140625
2046 0.0205078125
2047 0.080078125
2048 0.0283203125
2049 -0.0283203125
2050 0.0712890625
2051 0.1259765625
2052 0.068359375
2053 0.0087890625
2054 0.103515625
2055 0.154296875
2056 0.0908203125
2057 -0.013671875
2058 0.076171875
2059 0.1259765625
2060 0.0673828125
2061 -0.091796875
2062 -0.05859375
2063 -0.0048828125
2064 -0.0439453125
2065 -0.2109375
2066 -0.1298828125
2067 -0.060546875
2068 -0.0849609375
2069 -0.1962890625
2070 -0.0703125
2071 0.0
2072 -0.0322265625
2073 -0.10546875
2074 0.005859375
2075 0.0693359375
2076 0.0224609375
2077 -0.0400390625
2078 0.0615234375
2079 0.1181640625
2080 0.0595703125
2081 -0.05859375
2082 -0.0224609375
2083 0.03125
2084 -0.0185546875
2085 -0.1474609375
2086 -0.06640625
2087 -0.0078125
2088 -0.048828125
2089 -0.2333984375
2090 -0.1650390625
2091 -0.0869140625
2092 -0.1044921875
2093 -0.2099609375
2094 -0.11328125
2095 -0.044921875
2096 -0.078125
2097 -0.2431640625
2098 -0.162109375
2099 -0.08203125
2100 -0.1044921875
2101 -0.224609375
2102 -0.0888671875
2103 -0.0107421875
2104 -0.0400390625
2105 -0.1416015625
2106 -0.087890625
2107 -0.0185546875
2108 -0.056640625
2109 -0.216796875
2110 -0.123046875
2111 -0.0498046875
2112 -0.078125
2113 -0.2314453125
2114 -0.1357421875
2115 -0.0576171875
2116 -0.0810546875
2117 -0.1708984375
2118 -0.0419921875
2119 0.0322265625
2120 -0.0048828125
2121 -0.0556640625
2122 0.056640625
2123 0.1201171875
2124 0.064453125
2125 0.001953125
2126 0.1025390625
2127 0.158203125
2128 0.0966796875
2129 0.0224609375
2130 0.119140625
2131 0.1728515625
2132 0.1064453125
2133 0.0361328125
2134 0.1298828125
2135 0.1826171875
2136 0.1123046875
2137 0.0478515625
2138 0.140625
2139 0.1923828125
2140 0.12109375
2141 0.009765625
2142 0.103515625
2143 0.1533203125
2144 0.0869140625
2145 -0.025390625
2146 0.072265625
2147 0.126953125
2148 0.0634765625
2149 -0.0146484375
2150 0.0859375
2151 0.13671875
2152 0.07421875
2153 -0.0205078125
2154 0.021484375
2155 0.07421875
2156 0.015625
2157 -0.0751953125
2158 0.0302734375
2159 0.0927734375
2160 0.03515625
2161 -0.03125
2162 0.0732421875
2163 0.12890625
2164 0.0673828125
2165 0.005859375
2166 0.1044921875
2167 0.1591796875
2168 0.08984375
2169 -0.0166015625
2170 0.080078125
2171 0.134765625
2172 0.068359375
2173 -0.08984375
2174 -0.0556640625
2175 0.001953125
2176 -0.044921875
2177 -0.2041015625
2178 -0.1220703125
2179 -0.0478515625
2180 -0.0810546875
2181 -0.1923828125
2182 -0.064453125
2183 0.005859375
2184 -0.029296875
2185 -0.0947265625
2186 0.0205078125
2187 0.0849609375
2188 0.029296875
2189 -0.037109375
2190 0.06640625
2191 0.123046875
2192 0.0595703125
2193 -0.0625
2194 -0.0234375
2195 0.0302734375
2196 -0.0205078125
2197 -0.1513671875
2198 -0.0654296875
2199 -0.0048828125
2200 -0.0498046875
2201 -0.2314453125
2202 -0.1640625
2203 -0.0810546875
2204 -0.1064453125
2205 -0.2119140625
2206 -0.111328125
2207 -0.0400390625
2208 -0.076171875
2209 -0.2421875
2210 -0.162109375
2211 -0.0810546875
2212 -0.1025390625
2213 -0.2255859375
2214 -0.087890625
2215 -0.0078125
2216 -0.041015625
2217 -0.140625
2218 -0.087890625
2219 -0.017578125
2220 -0.0556640625
2221 -0.1787109375
2222 -0.0869140625
2223 -0.0185546875
2224 -0.0556640625
2225 -0.1806640625
2226 -0.091796875
2227 -0.0224609375
2228 -0.0556640625
2229 -0.1513671875
2230 -0.0263671875
2231 0.046875
2232 0.005859375
2233 -0.0478515625
2234 0.0634765625
2235 0.1259765625
2236 0.06640625
2237 0.001953125
2238 0.107421875
2239 0.1669921875
2240 0.0966796875
2241 0.025390625
2242 0.125
2243 0.18359375
2244 0.109375
2245 0.0341796875
2246 0.134765625
2247 0.1875
2248 0.111328125
2249 0.044921875
2250 0.1416015625
2251 0.1962890625
2252 0.1201171875
2253 0.0068359375
2254 0.103515625
2255 0.1533203125
2256 0.0849609375
2257 -0.029296875
2258 0.0732421875
2259 0.126953125
2260 0.0634765625
2261 -0.01953125
2262 0.08203125
2263 0.1376953125
2264 0.0703125
2265 -0.03515625
2266 0.005859375
2267 0.060546875
2268 0.001953125
2269 -0.0888671875
2270 0.0185546875
2271 0.0810546875
2272 0.02734375
2273 -0.033203125
2274 0.072265625
2275 0.130859375
2276 0.06640625
2277 0.00390625
2278 0.103515625
2279 0.158203125
2280 0.0888671875
2281 -0.0205078125
2282 0.0771484375
2283 0.130859375
2284 0.064453125
2285 -0.0947265625
2286 -0.060546875
2287 -0.0029296875
2288 -0.0478515625
2289 -0.21484375
2290 -0.1328125
2291 -0.0576171875
2292 -0.087890625
2293 -0.1982421875
2294 -0.0712890625
2295 0.0009765625
2296 -0.0341796875
2297 -0.1083984375
2298 0.0048828125
2299 0.0693359375
2300 0.01953125
2301 -0.04296875
2302 0.0634765625
2303 0.1171875
2304 0.0595703125
2305 -0.0615234375
2306 -0.021484375
2307 0.03125
2308 -0.021484375
2309 -0.1484375
2310 -0.06640625
2311 -0.0068359375
2312 -0.05078125
2313 -0.2314453125
2314 -0.1630859375
2315 -0.0830078125
2316 -0.1044921875
2317 -0.2099609375
2318 -0.1142578125
2319 -0.0439453125
2320 -0.0771484375
2321 -0.2421875
2322 -0.162109375
2323 -0.083984375
2324 -0.103515625
2325 -0.224609375
2326 -0.087890625
2327 -0.01171875
2328 -0.0390625
2329 -0.1416015625
2330 -0.0888671875
2331 -0.0205078125
2332 -0.0576171875
2333 -0.220703125
2334 -0.1259765625
2335 -0.0517578125
2336 -0.080078125
2337 -0.2314453125
2338 -0.13671875
2339 -0.05859375
2340 -0.0830078125
2341 -0.171875
2342 -0.0458984375
2343 0.029296875
2344 -0.0068359375
2345 -0.056640625
2346 0.056640625
2347 0.1181640625
2348 0.0634765625
2349 0.0
2350 0.1025390625
2351 0.16015625
2352 0.09375
2353 0.0205078125
2354 0.1181640625
2355 0.171875
2356 0.1044921875
2357 0.033203125
2358 0.1298828125
2359 0.1826171875
2360 0.111328125
2361 0.0439453125
2362 0.140625
2363 0.1943359375
2364 0.1201171875
2365 0.0078125
2366 0.1025390625
2367 0.1552734375
2368 0.087890625
2369 -0.0263671875
2370 0.0732421875
2371 0.125
2372 0.064453125
2373 -0.0146484375
2374 0.083984375
2375 0.1376953125
2376 0.07421875
2377 -0.01953125
2378 0.0205078125
2379 0.07421875
2380 0.013671875
2381 -0.07421875
2382 0.0283203125
2383 0.087890625
2384 0.03515625
2385 -0.029296875
2386 0.0693359375
2387 0.1259765625
2388 0.06640625
2389 0.005859375
2390 0.1025390625
2391 0.1552734375
2392 0.08984375
2393 -0.015625
2394 0.080078125
2395 0.1298828125
2396 0.0673828125
2397 -0.087890625
2398 -0.052734375
2399 0.001953125
2400 -0.0419921875
2401 -0.1982421875
2402 -0.119140625
2403 -0.048828125
2404 -0.080078125
2405 -0.1875
2406 -0.064453125
2407 0.0048828125
2408 -0.029296875
2409 -0.091796875
2410 0.0185546875
2411 0.0771484375
2412 0.029296875
2413 -0.0341796875
2414 0.0654296875
2415 0.1181640625
2416 0.0615234375
2417 -0.05859375
2418 -0.01953125
2419 0.02734375
2420 -0.0205078125
2421 -0.1474609375
2422 -0.0673828125
2423 -0.009765625
2424 -0.0498046875
2425 -0.2314453125
2426 -0.166015625
2427 -0.0859375
2428 -0.10546875
2429 -0.2109375
2430 -0.1162109375
2431 -0.0458984375
2432 -0.078125
2433 -0.2431640625
2434 -0.1650390625
2435 -0.0869140625
2436 -0.103515625
2437 -0.22265625
2438 -0.087890625
2439 -0.013671875
2440 -0.0390625
2441 -0.1376953125
2442 -0.0888671875
2443 -0.0224609375
2444 -0.0546875
2445 -0.17578125
2446 -0.0888671875
2447 -0.0244140625
2448 -0.0576171875
2449 -0.1787109375
2450 -0.0927734375
2451 -0.0244140625
2452 -0.0556640625
2453 -0.1474609375
2454 -0.02734375
2455 0.0419921875
2456 0.00390625
2457 -0.044921875
2458 0.0615234375
2459 0.123046875
2460 0.06640625
2461 0.0068359375
2462 0.107421875
2463 0.1630859375
2464 0.0986328125
2465 0.0283203125
2466 0.1240234375
2467 0.177734375
2468 0.1083984375
2469 0.0380859375
2470 0.1318359375
2471 0.1826171875
2472 0.1123046875
2473 0.048828125
2474 0.140625
2475 0.1904296875
2476 0.119140625
2477 0.0068359375
2478 0.1005859375
2479 0.1494140625
2480 0.083984375
2481 -0.02734375
2482 0.0703125
2483 0.123046875
2484 0.0625
2485 -0.017578125
2486 0.0810546875
2487 0.134765625
2488 0.0712890625
2489 -0.03515625
2490 0.0048828125
2491 0.0576171875
2492 0.0009765625
2493 -0.0869140625
2494 0.017578125
2495 0.0791015625
2496 0.0263671875
2497 -0.029296875
2498 0.0703125
2499 0.1259765625
2500 0.0654296875
2501 0.00390625
2502 0.103515625
2503 0.154296875
2504 0.0888671875
2505 -0.017578125
2506 0.0771484375
2507 0.1259765625
2508 0.0634765625
2509 -0.091796875
2510 -0.056640625
2511 -0.0029296875
2512 -0.0458984375
2513 -0.2060546875
2514 -0.1279296875
2515 -0.056640625
2516 -0.0859375
2517 -0.1923828125
2518 -0.0693359375
2519 0.001953125
2520 -0.0322265625
2521 -0.08984375
2522 0.017578125
2523 0.080078125
2524 0.0283203125
2525 -0.0341796875
2526 0.0654296875
2527 0.12109375
2528 0.0615234375
2529 -0.0615234375
2530 -0.025390625
2531 0.025390625
2532 -0.0205078125
2533 -0.1611328125
2534 -0.080078125
2535 -0.021484375
2536 -0.05859375
2537 -0.2421875
2538 -0.1728515625
2539 -0.091796875
2540 -0.111328125
2541 -0.216796875
2542 -0.1201171875
2543 -0.048828125
2544 -0.0810546875
2545 -0.2568359375
2546 -0.17578125
2547 -0.09375
2548 -0.1123046875
2549 -0.26171875
2550 -0.1181640625
2551 -0.0341796875
2552 -0.0556640625
2553 -0.134765625
2554 -0.0146484375
2555 0.056640625
2556 0.0107421875
2557 -0.1220703125
2558 -0.080078125
2559 -0.013671875
2560 -0.0498046875
2561 -0.169921875
2562 -0.083984375
2563 -0.0146484375
2564 -0.052734375
2565 -0.15625
2566 -0.0703125
2567 -0.0029296875
2568 -0.0419921875
2569 -0.1630859375
2570 -0.0380859375
2571 0.0322265625
2572 -0.0048828125
2573 -0.0966796875
2574 0.0185546875
2575 0.0830078125
2576 0.0361328125
2577 -0.02734375
2578 0.076171875
2579 0.1357421875
2580 0.076171875
2581 -0.0185546875
2582 0.0302734375
2583 0.0771484375
2584 0.021484375
2585 -0.1083984375
2586 0.001953125
2587 0.0654296875
2588 0.021484375
2589 -0.1171875
2590 -0.076171875
2591 -0.0107421875
2592 -0.046875
2593 -0.162109375
2594 -0.076171875
2595 -0.0087890625
2596 -0.0439453125
2597 -0.1591796875
2598 -0.0712890625
2599 -0.0087890625
2600 -0.0419921875
2601 -0.185546875
2602 -0.056640625
2603 0.017578125
2604 -0.015625
2605 -0.072265625
2606 0.041015625
2607 0.10546875
2608 0.052734375
2609 -0.041015625
2610 0.0078125
2611 0.0634765625
2612 0.0087890625
2613 -0.123046875
2614 -0.005859375
2615 0.0595703125
2616 0.017578125
2617 -0.123046875
2618 -0.0810546875
2619 -0.01171875
2620 -0.046875
2621 -0.162109375
2622 -0.0751953125
2623 -0.0068359375
2624 -0.041015625
2625 -0.15625
2626 -0.0673828125
2627 -0.0029296875
2628 -0.041015625
2629 -0.1806640625
2630 -0.0517578125
2631 0.0234375
2632 -0.009765625
2633 -0.0654296875
2634 0.0458984375
2635 0.1103515625
2636 0.0576171875
2637 -0.033203125
2638 0.013671875
2639 0.0634765625
2640 0.013671875
2641 -0.1142578125
2642 0.0
2643 0.0625
2644 0.0224609375
2645 -0.1162109375
2646 -0.0732421875
2647 -0.009765625
2648 -0.0400390625
2649 -0.1533203125
2650 -0.0693359375
2651 -0.0029296875
2652 -0.037109375
2653 -0.1494140625
2654 -0.064453125
2655 -0.0009765625
2656 -0.0341796875
2657 -0.173828125
2658 -0.0478515625
2659 0.0263671875
2660 -0.005859375
2661 -0.060546875
2662 0.05078125
2663 0.111328125
2664 0.060546875
2665 -0.0322265625
2666 0.017578125
2667 0.068359375
2668 0.017578125
2669 -0.1162109375
2670 0.001953125
2671 0.0673828125
2672 0.0224609375
2673 -0.115234375
2674 -0.0751953125
2675 -0.0048828125
2676 -0.0400390625
2677 -0.1533203125
2678 -0.06640625
2679 0.001953125
2680 -0.0341796875
2681 -0.1484375
2682 -0.05859375
2683 0.0068359375
2684 -0.03125
2685 -0.173828125
2686 -0.0419921875
2687 0.0302734375
2688 -0.0009765625
2689 -0.0576171875
2690 0.056640625
2691 0.1162109375
2692 0.0654296875
2693 -0.029296875
2694 0.0224609375
2695 0.07421875
2696 0.01953125
2697 -0.109375
2698 0.0048828125
2699 0.072265625
2700 0.0302734375
2701 -0.1103515625
2702 -0.0693359375
2703 -0.0009765625
2704 -0.0341796875
2705 -0.1494140625
2706 -0.060546875
2707 0.005859375
2708 -0.0302734375
2709 -0.1455078125
2710 -0.0556640625
2711 0.0087890625
2712 -0.029296875
2713 -0.171875
2714 -0.041015625
2715 0.0341796875
2716 0.0009765625
2717 -0.0595703125
2718 0.056640625
2719 0.1220703125
2720 0.06640625
2721 -0.0263671875
2722 0.0234375
2723 0.0791015625
2724 0.0205078125
2725 -0.1083984375
2726 0.0087890625
2727 0.0771484375
2728 0.0302734375
2729 -0.1103515625
2730 -0.068359375
2731 0.001953125
2732 -0.0341796875
2733 -0.1494140625
2734 -0.05859375
2735 0.0078125
2736 -0.02734375
2737 -0.14453125
2738 -0.0517578125
2739 0.0126953125
2740 -0.0263671875
2741 -0.169921875
2742 -0.0390625
2743 0.0380859375
2744 0.001953125
2745 -0.0556640625
2746 0.060546875
2747 0.125
2748 0.0693359375
2749 -0.0244140625
2750 0.02734375
2751 0.0830078125
2752 0.025390625
2753 -0.107421875
2754 0.0126953125
2755 0.0791015625
2756 0.033203125
2757 -0.107421875
2758 -0.0634765625
2759 0.0048828125
2760 -0.0302734375
2761 -0.1474609375
2762 -0.0576171875
2763 0.01171875
2764 -0.0263671875
2765 -0.1435546875
2766 -0.0537109375
2767 0.01171875
2768 -0.025390625
2769 -0.1689453125
2770 -0.0390625
2771 0.0380859375
2772 0.001953125
2773 -0.0556640625
2774 0.0615234375
2775 0.126953125
2776 0.0712890625
2777 -0.0234375
2778 0.029296875
2779 0.0849609375
2780 0.0283203125
2781 -0.107421875
2782 0.0146484375
2783 0.0830078125
2784 0.0341796875
2785 -0.10546875
2786 -0.0615234375
2787 0.0078125
2788 -0.0302734375
2789 -0.1455078125
2790 -0.0546875
2791 0.0166015625
2792 -0.0244140625
2793 -0.1396484375
2794 -0.0498046875
2795 0.0185546875
2796 -0.0224609375
2797 -0.1630859375
2798 -0.03515625
2799 0.0390625
2800 0.0068359375
2801 -0.05078125
2802 0.064453125
2803 0.1279296875
2804 0.07421875
2805 -0.0205078125
2806 0.03125
2807 0.0849609375
2808 0.0302734375
2809 -0.1015625
2810 0.0166015625
2811 0.083984375
2812 0.037109375
2813 -0.1025390625
2814 -0.0595703125
2815 0.009765625
2816 -0.0263671875
2817 -0.1416015625
2818 -0.052734375
2819 0.0166015625
2820 -0.021484375
2821 -0.1376953125
2822 -0.046875
2823 0.01953125
2824 -0.0205078125
2825 -0.166015625
2826 -0.033203125
2827 0.0439453125
2828 0.0068359375
2829 -0.05078125
2830 0.0654296875
2831 0.130859375
2832 0.07421875
2833 -0.0185546875
2834 0.0322265625
2835 0.0859375
2836 0.029296875
2837 -0.1015625
2838 0.015625
2839 0.08203125
2840 0.0361328125
2841 -0.0986328125
2842 -0.0595703125
2843 0.0107421875
2844 -0.025390625
2845 -0.1396484375
2846 -0.05078125
2847 0.0146484375
2848 -0.0205078125
2849 -0.13671875
2850 -0.044921875
2851 0.0185546875
2852 -0.0185546875
2853 -0.1630859375
2854 -0.033203125
2855 0.04296875
2856 0.0087890625
2857 -0.048828125
2858 0.0634765625
2859 0.1298828125
2860 0.0751953125
2861 -0.0185546875
2862 0.03125
2863 0.0849609375
2864 0.0302734375
2865 -0.1005859375
2866 0.0166015625
2867 0.0810546875
2868 0.0400390625
2869 -0.099609375
2870 -0.056640625
2871 0.0068359375
2872 -0.0234375
2873 -0.138671875
2874 -0.05078125
2875 0.0146484375
2876 -0.01953125
2877 -0.1337890625
2878 -0.044921875
2879 0.0185546875
2880 -0.0185546875
2881 -0.1611328125
2882 -0.033203125
2883 0.0419921875
2884 0.009765625
2885 -0.0458984375
2886 0.0654296875
2887 0.1279296875
2888 0.0771484375
2889 -0.015625
2890 0.0322265625
2891 0.0849609375
2892 0.0322265625
2893 -0.099609375
2894 0.017578125
2895 0.080078125
2896 0.0390625
2897 -0.1015625
2898 -0.05859375
2899 0.0087890625
2900 -0.0224609375
2901 -0.140625
2902 -0.05078125
2903 0.0166015625
2904 -0.0205078125
2905 -0.134765625
2906 -0.044921875
2907 0.021484375
2908 -0.0185546875
2909 -0.1611328125
2910 -0.0322265625
2911 0.0439453125
2912 0.0087890625
2913 -0.0478515625
2914 0.06640625
2915 0.130859375
2916 0.0771484375
2917 -0.0166015625
2918 0.0361328125
2919 0.087890625
2920 0.0322265625
2921 -0.099609375
2922 0.01953125
2923 0.0849609375
2924 0.041015625
2925 -0.0966796875
2926 -0.056640625
2927 0.0087890625
2928 -0.021484375
2929 -0.13671875
2930 -0.0517578125
2931 0.017578125
2932 -0.0185546875
2933 -0.1318359375
2934 -0.0458984375
2935 0.021484375
2936 -0.017578125
2937 -0.16015625
2938 -0.0322265625
2939 0.04296875
2940 0.0107421875
2941 -0.0439453125
2942 0.0673828125
2943 0.12890625
2944 0.0791015625
2945 -0.0146484375
2946 0.0341796875
2947 0.0869140625
2948 0.0341796875
2949 -0.09765625
2950 0.01953125
2951 0.08203125
2952 0.041015625
2953 -0.0986328125
2954 -0.056640625
2955 0.01171875
2956 -0.0224609375
2957 -0.1376953125
2958 -0.0517578125
2959 0.0166015625
2960 -0.017578125
2961 -0.1337890625
2962 -0.044921875
2963 0.01953125
2964 -0.015625
2965 -0.1572265625
2966 -0.0283203125
2967 0.0439453125
2968 0.0126953125
2969 -0.044921875
2970 0.0693359375
2971 0.1318359375
2972 0.0791015625
2973 -0.0126953125
2974 0.03515625
2975 0.08984375
2976 0.0341796875
2977 -0.0966796875
2978 0.0185546875
2979 0.0849609375
2980 0.041015625
2981 -0.095703125
2982 -0.0556640625
2983 0.0107421875
2984 -0.0224609375
2985 -0.138671875
2986 -0.048828125
2987 0.017578125
2988 -0.0166015625
2989 -0.130859375
2990 -0.0439453125
2991 0.01953125
2992 -0.013671875
2993 -0.1572265625
2994 -0.0302734375
2995 0.044921875
2996 0.013671875
2997 -0.041015625
2998 0.0693359375
2999 0.1318359375
3000 0.080078125
3001 -0.013671875
3002 0.0361328125
3003 0.0888671875
3004 0.03515625
3005 -0.0966796875
3006 0.0185546875
3007 0.0810546875
3008 0.041015625
3009 -0.0966796875
3010 -0.0556640625
3011 0.005859375
3012 -0.021484375
3013 -0.1328125
3014 -0.048828125
3015 0.0146484375
3016 -0.0166015625
3017 -0.126953125
3018 -0.0439453125
3019 0.017578125
3020 -0.0146484375
3021 -0.15234375
3022 -0.02734375
3023 0.044921875
3024 0.0146484375
3025 -0.0380859375
3026 0.0703125
3027 0.12890625
3028 0.0830078125
3029 -0.0107421875
3030 0.037109375
3031 0.0869140625
3032 0.037109375
3033 -0.091796875
3034 0.0224609375
3035 0.0859375
3036 0.0458984375
3037 -0.091796875
3038 -0.0537109375
3039 0.0126953125
3040 -0.0185546875
3041 -0.130859375
3042 -0.048828125
3043 0.017578125
3044 -0.015625
3045 -0.126953125
3046 -0.04296875
3047 0.0205078125
3048 -0.013671875
3049 -0.1533203125
3050 -0.0283203125
3051 0.04296875
3052 0.0146484375
3053 -0.041015625
3054 0.0693359375
3055 0.12890625
3056 0.0810546875
3057 -0.013671875
3058 0.037109375
3059 0.0869140625
3060 0.0361328125
3061 -0.0947265625
3062 0.021484375
3063 0.0849609375
3064 0.0439453125
3065 -0.09375
3066 -0.0546875
3067 0.0126953125
3068 -0.01953125
3069 -0.130859375
3070 -0.048828125
3071 0.0205078125
3072 -0.015625
3073 -0.1279296875
3074 -0.0419921875
3075 0.01953125
3076 -0.0126953125
3077 -0.1552734375
3078 -0.0263671875
3079 0.046875
3080 0.0166015625
3081 -0.041015625
3082 0.0703125
3083 0.1328125
3084 0.0810546875
3085 -0.01171875
3086 0.0380859375
3087 0.08984375
3088 0.0361328125
3089 -0.0947265625
3090 0.0224609375
3091 0.087890625
3092 0.04296875
3093 -0.0927734375
3094 -0.052734375
3095 0.0146484375
3096 -0.01953125
3097 -0.134765625
3098 -0.0478515625
3099 0.021484375
3100 -0.015625
3101 -0.130859375
3102 -0.04296875
3103 0.021484375
3104 -0.0146484375
3105 -0.1552734375
3106 -0.0263671875
3107 0.044921875
3108 0.0126953125
3109 -0.0400390625
3110 0.0703125
3111 0.1298828125
3112 0.0810546875
3113 -0.0126953125
3114 0.037109375
3115 0.087890625
3116 0.0361328125
3117 -0.0947265625
3118 0.021484375
3119 0.083984375
3120 0.04296875
3121 -0.095703125
3122 -0.0537109375
3123 0.01171875
3124 -0.01953125
3125 -0.1357421875
3126 -0.0478515625
3127 0.0205078125
3128 -0.015625
3129 -0.130859375
3130 -0.0419921875
3131 0.025390625
3132 -0.0146484375
3133 -0.1552734375
3134 -0.02734375
3135 0.0517578125
3136 0.013671875
3137 -0.0439453125
3138 0.0703125
3139 0.13671875
3140 0.08203125
3141 -0.013671875
3142 0.0400390625
3143 0.0927734375
3144 0.037109375
3145 -0.09765625
3146 0.0234375
3147 0.0908203125
3148 0.044921875
3149 -0.0966796875
3150 -0.052734375
3151 0.015625
3152 -0.01953125
3153 -0.13671875
3154 -0.046875
3155 0.0224609375
3156 -0.015625
3157 -0.1318359375
3158 -0.0419921875
3159 0.02734375
3160 -0.015625
3161 -0.1591796875
3162 -0.0263671875
3163 0.0537109375
3164 0.0126953125
3165 -0.046875
3166 0.0712890625
3167 0.138671875
3168 0.080078125
3169 -0.015625
3170 0.0390625
3171 0.095703125
3172 0.03515625
3173 -0.099609375
3174 0.0224609375
3175 0.091796875
3176 0.0439453125
3177 -0.0966796875
3178 -0.0546875
3179 0.017578125
3180 -0.021484375
3181 -0.1357421875
3182 -0.0458984375
3183 0.0234375
3184 -0.015625
3185 -0.1337890625
3186 -0.0419921875
3187 0.02734375
3188 -0.013671875
3189 -0.158203125
3190 -0.025390625
3191 0.0517578125
3192 0.0146484375
3193 -0.0458984375
3194 0.0712890625
3195 0.13671875
3196 0.08203125
3197 -0.0146484375
3198 0.0361328125
3199 0.0908203125
3200 0.033203125
3201 -0.0947265625
3202 0.021484375
3203 0.087890625
3204 0.0439453125
3205 -0.095703125
3206 -0.0537109375
3207 0.0146484375
3208 -0.01953125
3209 -0.134765625
3210 -0.0478515625
3211 0.0205078125
3212 -0.015625
3213 -0.130859375
3214 -0.04296875
3215 0.0224609375
3216 -0.013671875
3217 -0.1552734375
3218 -0.029296875
3219 0.0458984375
3220 0.0146484375
3221 -0.0419921875
3222 0.0703125
3223 0.1328125
3224 0.0810546875
3225 -0.01171875
3226 0.0380859375
3227 0.08984375
3228 0.0361328125
3229 -0.095703125
3230 0.0224609375
3231 0.087890625
3232 0.04296875
3233 -0.09375
3234 -0.052734375
3235 0.0126953125
3236 -0.0185546875
3237 -0.1337890625
3238 -0.0458984375
3239 0.0205078125
3240 -0.013671875
3241 -0.1298828125
3242 -0.041015625
3243 0.0224609375
3244 -0.0126953125
3245 -0.154296875
3246 -0.0263671875
3247 0.046875
3248 0.013671875
3249 -0.0380859375
3250 0.0712890625
3251 0.1328125
3252 0.08203125
3253 -0.0087890625
3254 0.037109375
3255 0.0869140625
3256 0.0380859375
3257 -0.0908203125
3258 0.0234375
3259 0.0849609375
3260 0.044921875
3261 -0.0908203125
3262 -0.0498046875
3263 0.013671875
3264 -0.0166015625
3265 -0.1298828125
3266 -0.0458984375
3267 0.0205078125
3268 -0.013671875
3269 -0.1259765625
3270 -0.0400390625
3271 0.021484375
3272 -0.0126953125
3273 -0.154296875
3274 -0.02734375
3275 0.046875
3276 0.013671875
3277 -0.0390625
3278 0.072265625
3279 0.134765625
3280 0.08203125
3281 -0.01171875
3282 0.037109375
3283 0.08984375
3284 0.0380859375
3285 -0.0927734375
3286 0.0224609375
3287 0.0869140625
3288 0.044921875
3289 -0.0927734375
3290 -0.0517578125
3291 0.0166015625
3292 -0.0185546875
3293 -0.1337890625
3294 -0.046875
3295 0.021484375
3296 -0.015625
3297 -0.130859375
3298 -0.0419921875
3299 0.0263671875
3300 -0.013671875
3301 -0.1552734375
3302 -0.0263671875
3303 0.0498046875
3304 0.0146484375
3305 -0.0439453125
3306 0.0732421875
3307 0.13671875
3308 0.08203125
3309 -0.013671875
3310 0.0390625
3311 0.09375
3312 0.037109375
3313 -0.0966796875
3314 0.0234375
3315 0.0908203125
3316 0.04296875
3317 -0.09375
3318 -0.0517578125
3319 0.0205078125
3320 -0.01953125
3321 -0.1337890625
3322 -0.044921875
3323 0.02734375
3324 -0.0146484375
3325 -0.1298828125
3326 -0.0400390625
3327 0.02734375
3328 -0.013671875
3329 -0.1591796875
3330 -0.025390625
3331 0.05078125
3332 0.0146484375
3333 -0.044921875
3334 0.072265625
3335 0.1376953125
3336 0.0830078125
3337 -0.013671875
3338 0.0390625
3339 0.09375
3340 0.0361328125
3341 -0.0986328125
3342 0.0224609375
3343 0.0888671875
3344 0.0419921875
3345 -0.0947265625
3346 -0.0546875
3347 0.0146484375
3348 -0.01953125
3349 -0.1357421875
3350 -0.0458984375
3351 0.0224609375
3352 -0.0146484375
3353 -0.1318359375
3354 -0.0400390625
3355 0.02734375
3356 -0.0126953125
3357 -0.158203125
3358 -0.0244140625
3359 0.05078125
3360 0.015625
3361 -0.0419921875
3362 0.0712890625
3363 0.138671875
3364 0.0810546875
3365 -0.0126953125
3366 0.0380859375
3367 0.0947265625
3368 0.0380859375
3369 -0.0966796875
3370 0.0234375
3371 0.091796875
3372 0.044921875
3373 -0.0947265625
3374 -0.0498046875
3375 0.017578125
3376 -0.0185546875
3377 -0.134765625
3378 -0.044921875
3379 0.0244140625
3380 -0.0126953125
3381 -0.12890625
3382 -0.0400390625
3383 0.0263671875
3384 -0.01171875
3385 -0.158203125
3386 -0.02734375
3387 0.048828125
3388 0.0146484375
3389 -0.04296875
3390 0.0712890625
3391 0.1357421875
3392 0.08203125
3393 -0.0126953125
3394 0.0380859375
3395 0.0927734375
3396 0.037109375
3397 -0.09765625
3398 0.021484375
3399 0.0888671875
3400 0.0439453125
3401 -0.0966796875
3402 -0.05078125
3403 0.0166015625
3404 -0.017578125
3405 -0.1337890625
3406 -0.046875
3407 0.021484375
3408 -0.013671875
3409 -0.125
3410 -0.0380859375
3411 0.0263671875
3412 -0.0107421875
3413 -0.1298828125
3414 -0.0068359375
3415 0.0654296875
3416 0.0322265625
3417 -0.0859375
3418 -0.03515625
3419 0.029296875
3420 -0.0078125
3421 -0.1640625
3422 -0.0927734375
3423 -0.017578125
3424 -0.0400390625
3425 -0.1904296875
3426 -0.1064453125
3427 -0.0263671875
3428 -0.0498046875
3429 -0.154296875
3430 -0.0634765625
3431 0.0107421875
3432 -0.0224609375
3433 -0.125
3434 -0.03515625
3435 0.0341796875
3436 -0.0048828125
3437 -0.09765625
3438 0.0205078125
3439 0.08984375
3440 0.0458984375
3441 -0.0517578125
3442 -0.005859375
3443 0.052734375
3444 0.013671875
3445 -0.1591796875
3446 -0.087890625
3447 -0.01171875
3448 -0.033203125
3449 -0.150390625
3450 -0.0615234375
3451 0.009765625
3452 -0.0185546875
3453 -0.1376953125
3454 -0.05078125
3455 0.0185546875
3456 -0.013671875
3457 -0.1123046875
3458 0.009765625
3459 0.0810546875
3460 0.044921875
3461 -0.0029296875
3462 0.103515625
3463 0.1640625
3464 0.109375
3465 -0.0009765625
3466 0.041015625
3467 0.0908203125
3468 0.04296875
3469 -0.130859375
3470 -0.0634765625
3471 0.0048828125
3472 -0.0205078125
3473 -0.1318359375
3474 -0.052734375
3475 0.0029296875
3476 -0.005859375
3477 -0.091796875
3478 -0.02734375
3479 0.01953125
3480 0.0048828125
3481 -0.0859375
3482 0.0126953125
3483 0.0625
3484 0.0498046875
3485 -0.0693359375
3486 -0.048828125
3487 0.0
3488 -0.0048828125
3489 -0.1318359375
3490 -0.0263671875
3491 0.0322265625
3492 0.0283203125
3493 -0.037109375
3494 0.052734375
3495 0.0986328125
3496 0.0810546875
3497 0.0146484375
3498 0.095703125
3499 0.13671875
3500 0.109375
3501 0.0361328125
3502 0.111328125
3503 0.1494140625
3504 0.1171875
3505 0.0673828125
3506 0.138671875
3507 0.17578125
3508 0.13671875
3509 0.0595703125
3510 0.078125
3511 0.1064453125
3512 0.07421875
3513 -0.017578125
3514 0.033203125
3515 0.0673828125
3516 0.041015625
3517 -0.05859375
3518 -0.0009765625
3519 0.0361328125
3520 0.017578125
3521 -0.0869140625
3522 0.0048828125
3523 0.05078125
3524 0.0380859375
3525 -0.0634765625
3526 -0.0390625
3527 0.0048828125
3528 -0.005859375
3529 -0.16015625
3530 -0.0537109375
3531 0.0048828125
3532 0.0048828125
3533 -0.1162109375
3534 -0.0908203125
3535 -0.037109375
3536 -0.03515625
3537 -0.1474609375
3538 -0.080078125
3539 -0.0263671875
3540 -0.02734375
3541 -0.1748046875
3542 -0.1015625
3543 -0.0458984375
3544 -0.041015625
3545 -0.16796875
3546 -0.09375
3547 -0.0380859375
3548 -0.0361328125
3549 -0.1650390625
3550 -0.0556640625
3551 0.0078125
3552 0.0087890625
3553 -0.0673828125
3554 0.025390625
3555 0.07421875
3556 0.0615234375
3557 -0.0166015625
3558 0.06640625
3559 0.1083984375
3560 0.087890625
3561 0.001953125
3562 0.080078125
3563 0.1181640625
3564 0.0947265625
3565 0.0
3566 0.0771484375
3567 0.1171875
3568 0.0927734375
3569 -0.0087890625
3570 0.0703125
3571 0.1103515625
3572 0.0869140625
3573 0.0302734375
3574 0.1044921875
3575 0.1416015625
3576 0.1103515625
3577 0.0048828125
3578 0.0185546875
3579 0.0517578125
3580 0.03125
3581 -0.08203125
3582 -0.0283203125
3583 0.01171875
3584 0.0029296875
3585 -0.1396484375
3586 -0.0751953125
3587 -0.025390625
3588 -0.0283203125
3589 -0.150390625
3590 -0.08203125
3591 -0.029296875
3592 -0.03125
3593 -0.162109375
3594 -0.0556640625
3595 0.0048828125
3596 0.0048828125
3597 -0.0810546875
3598 0.01171875
3599 0.0615234375
3600 0.0478515625
3601 -0.0498046875
3602 0.037109375
3603 0.0830078125
3604 0.0654296875
3605 -0.044921875
3606 0.041015625
3607 0.0849609375
3608 0.06640625
3609 0.0048828125
3610 0.0869140625
3611 0.1220703125
3612 0.095703125
3613 0.013671875
3614 0.08984375
3615 0.1259765625
3616 0.095703125
3617 -0.041015625
3618 -0.0283203125
3619 0.013671875
3620 0.0029296875
3621 -0.126953125
3622 -0.0244140625
3623 0.0263671875
3624 0.0205078125
3625 -0.0908203125
3626 -0.0947265625
3627 -0.037109375
3628 -0.0361328125
3629 -0.123046875
3630 -0.01953125
3631 0.03125
3632 0.0244140625
3633 -0.0625
3634 -0.0380859375
3635 0.009765625
3636 -0.0048828125
3637 -0.0927734375
3638 -0.03515625
3639 0.0126953125
3640 -0.0009765625
3641 -0.138671875
3642 -0.07421875
3643 -0.0205078125
3644 -0.0263671875
3645 -0.15625
3646 -0.048828125
3647 0.0087890625
3648 0.0068359375
3649 -0.1318359375
3650 -0.10546875
3651 -0.0458984375
3652 -0.0419921875
3653 -0.1884765625
3654 -0.0712890625
3655 -0.0068359375
3656 -0.00390625
3657 -0.091796875
3658 0.0048828125
3659 0.05859375
3660 0.0458984375
3661 -0.0380859375
3662 0.046875
3663 0.09375
3664 0.0732421875
3665 -0.0048828125
3666 0.07421875
3667 0.1171875
3668 0.0908203125
3669 0.0009765625
3670 0.08203125
3671 0.1201171875
3672 0.09375
3673 -0.005859375
3674 0.07421875
3675 0.115234375
3676 0.087890625
3677 -0.0234375
3678 0.05859375
3679 0.099609375
3680 0.0751953125
3681 0.001953125
3682 0.080078125
3683 0.1181640625
3684 0.0888671875
3685 0.0048828125
3686 0.0810546875
3687 0.119140625
3688 0.091796875
3689 0.03515625
3690 0.111328125
3691 0.1455078125
3692 0.1123046875
3693 0.056640625
3694 0.1279296875
3695 0.16015625
3696 0.1220703125
3697 0.0380859375
3698 0.0537109375
3699 0.0830078125
3700 0.052734375
3701 -0.052734375
3702 0.033203125
3703 0.0751953125
3704 0.05078125
3705 -0.0517578125
3706 -0.0302734375
3707 0.01171875
3708 -0.0068359375
3709 -0.1171875
3710 -0.0595703125
3711 -0.0107421875
3712 -0.0234375
3713 -0.1396484375
3714 -0.07421875
3715 -0.0244140625
3716 -0.0341796875
3717 -0.134765625
3718 -0.0712890625
3719 -0.021484375
3720 -0.029296875
3721 -0.13671875
3722 -0.0712890625
3723 -0.0205078125
3724 -0.0302734375
3725 -0.140625
3726 -0.0791015625
3727 -0.02734375
3728 -0.033203125
3729 -0.173828125
3730 -0.1083984375
3731 -0.048828125
3732 -0.0498046875
3733 -0.154296875
3734 -0.0810546875
3735 -0.02734375
3736 -0.03515625
3737 -0.173828125
3738 -0.1015625
3739 -0.0439453125
3740 -0.0439453125
3741 -0.130859375
3742 -0.064453125
3743 -0.013671875
3744 -0.021484375
3745 -0.1220703125
3746 -0.0537109375
3747 -0.0107421875
3748 -0.0205078125
3749 -0.1298828125
3750 -0.064453125
3751 -0.013671875
3752 -0.01953125
3753 -0.1748046875
3754 -0.0625
3755 -0.0009765625
3756 -0.0029296875
3757 -0.0673828125
3758 0.0283203125
3759 0.0771484375
3760 0.0595703125
3761 -0.0693359375
3762 0.021484375
3763 0.068359375
3764 0.052734375
3765 -0.08984375
3766 -0.0693359375
3767 -0.0166015625
3768 -0.021484375
3769 -0.193359375
3770 -0.119140625
3771 -0.0537109375
3772 -0.05078125
3773 -0.1572265625
3774 -0.0859375
3775 -0.029296875
3776 -0.0322265625
3777 -0.12109375
3778 -0.0146484375
3779 0.0419921875
3780 0.0302734375
3781 -0.05859375
3782 -0.0576171875
3783 0.0
3784 -0.0078125
3785 -0.111328125
3786 -0.005859375
3787 0.0478515625
3788 0.037109375
3789 -0.0986328125
3790 -0.0712890625
3791 -0.0146484375
3792 -0.0185546875
3793 -0.1337890625
3794 -0.0224609375
3795 0.033203125
3796 0.0283203125
3797 -0.0400390625
3798 0.052734375
3799 0.0966796875
3800 0.0771484375
3801 -0.0595703125
3802 -0.0419921875
3803 0.0068359375
3804 -0.00390625
3805 -0.193359375
3806 -0.1142578125
3807 -0.048828125
3808 -0.04296875
3809 -0.1435546875
3810 -0.068359375
3811 -0.017578125
3812 -0.01953125
3813 -0.158203125
3814 -0.0439453125
3815 0.0146484375
3816 0.0146484375
3817 -0.140625
3818 -0.1025390625
3819 -0.0439453125
3820 -0.0400390625
3821 -0.1474609375
3822 -0.0341796875
3823 0.0244140625
3824 0.0224609375
3825 -0.0537109375
3826 0.041015625
3827 0.0927734375
3828 0.07421875
3829 -0.06640625
3830 -0.0419921875
3831 0.0068359375
3832 0.0009765625
3833 -0.111328125
3834 -0.0009765625
3835 0.052734375
3836 0.041015625
3837 -0.0458984375
3838 -0.021484375
3839 0.0263671875
3840 0.013671875
3841 -0.0888671875
3842 -0.0283203125
3843 0.0234375
3844 0.0087890625
3845 -0.0986328125
3846 -0.03515625
3847 0.0146484375
3848 0.0029296875
3849 -0.1591796875
3850 -0.08203125
3851 -0.02734375
3852 -0.029296875
3853 -0.1806640625
3854 -0.060546875
3855 0.0048828125
3856 0.0087890625
3857 -0.1025390625
3858 0.0029296875
3859 0.060546875
3860 0.05078125
3861 -0.0478515625
3862 -0.0234375
3863 0.0234375
3864 0.0107421875
3865 -0.126953125
3866 -0.015625
3867 0.04296875
3868 0.03515625
3869 -0.0556640625
3870 0.041015625
3871 0.0927734375
3872 0.0732421875
3873 -0.0068359375
3874 0.0166015625
3875 0.05859375
3876 0.0361328125
3877 -0.0859375
3878 0.0166015625
3879 0.0693359375
3880 0.0556640625
3881 -0.0615234375
3882 -0.03515625
3883 0.0146484375
3884 0.00390625
3885 -0.095703125
3886 -0.0283203125
3887 0.0224609375
3888 0.0078125
3889 -0.1328125
3890 -0.060546875
3891 -0.005859375
3892 -0.0107421875
3893 -0.1640625
3894 -0.046875
3895 0.0185546875
3896 0.0166015625
3897 -0.0703125
3898 0.0283203125
3899 0.0830078125
3900 0.06640625
3901 -0.0263671875
3902 0.0634765625
3903 0.11328125
3904 0.08984375
3905 -0.0029296875
3906 0.0830078125
3907 0.1279296875
3908 0.1005859375
3909 0.0087890625
3910 0.091796875
3911 0.1357421875
3912 0.1064453125
3913 0.009765625
3914 0.091796875
3915 0.1337890625
3916 0.1025390625
3917 -0.0166015625
3918 0.06640625
3919 0.109375
3920 0.0849609375
3921 -0.0048828125
3922 0.0771484375
3923 0.1220703125
3924 0.09375
3925 0.0078125
3926 0.025390625
3927 0.0625
3928 0.0419921875
3929 -0.046875
3930 0.0458984375
3931 0.087890625
3932 0.0673828125
3933 0.0185546875
3934 0.0986328125
3935 0.1376953125
3936 0.107421875
3937 0.0322265625
3938 0.1083984375
3939 0.14453125
3940 0.111328125
3941 0.025390625
3942 0.0986328125
3943 0.1357421875
3944 0.10546875
3945 0.0361328125
3946 0.11328125
3947 0.146484375
3948 0.111328125
3949 0.0615234375
3950 0.1357421875
3951 0.169921875
3952 0.1318359375
3953 0.0908203125
3954 0.16015625
3955 0.1923828125
3956 0.1494140625
3957 0.103515625
3958 0.1708984375
3959 0.201171875
3960 0.15625
3961 0.0966796875
3962 0.1630859375
3963 0.1923828125
3964 0.146484375
3965 0.0947265625
3966 0.1611328125
3967 0.189453125
3968 0.14453125
3969 0.0927734375
3970 0.158203125
3971 0.1884765625
3972 0.1435546875
3973 0.0576171875
3974 0.0771484375
3975 0.099609375
3976 0.05859375
3977 -0.0419921875
3978 0.0078125
3979 0.0390625
3980 0.0107421875
3981 -0.08984375
3982 0.0009765625
3983 0.046875
3984 0.0263671875
3985 -0.0224609375
3986 0.0595703125
3987 0.099609375
3988 0.0673828125
3989 -0.029296875
3990 -0.0068359375
3991 0.025390625
3992 -0.001953125
3993 -0.1103515625
3994 -0.048828125
3995 -0.0078125
3996 -0.025390625
3997 -0.16015625
3998 -0.095703125
3999 -0.0478515625
4000 -0.0546875
4001 -0.1962890625
4002 -0.0859375
4003 -0.0244140625
4004 -0.0283203125
4005 -0.099609375
4006 -0.0068359375
4007 0.046875
4008 0.025390625
4009 -0.0419921875
4010 0.04296875
4011 0.0859375
4012 0.0576171875
4013 -0.0146484375
4014 0.064453125
4015 0.1025390625
4016 0.072265625
4017 0.0029296875
4018 0.0791015625
4019 0.1142578125
4020 0.08203125
4021 0.0087890625
4022 0.08203125
4023 0.115234375
4024 0.0849609375
4025 0.025390625
4026 0.099609375
4027 0.130859375
4028 0.0947265625
4029 0.017578125
4030 0.03515625
4031 0.0634765625
4032 0.0322265625
4033 -0.0615234375
4034 -0.0146484375
4035 0.01953125
4036 -0.001953125
4037 -0.107421875
4038 -0.05078125
4039 -0.013671875
4040 -0.02734375
4041 -0.1123046875
4042 -0.017578125
4043 0.0283203125
4044 0.0146484375
4045 -0.0634765625
4046 -0.0400390625
4047 0.001953125
4048 -0.017578125
4049 -0.1279296875
4050 -0.0341796875
4051 0.0146484375
4052 0.001953125
4053 -0.138671875
4054 -0.1142578125
4055 -0.0634765625
4056 -0.0654296875
4057 -0.208984375
4058 -0.095703125
4059 -0.033203125
4060 -0.03125
4061 -0.083984375
4062 0.009765625
4063 0.0537109375
4064 0.0361328125
4065 -0.0791015625
4066 -0.05859375
4067 -0.015625
4068 -0.0263671875
4069 -0.126953125
4070 -0.0634765625
4071 -0.0185546875
4072 -0.03125
4073 -0.1650390625
4074 -0.0986328125
4075 -0.0478515625
4076 -0.0537109375
4077 -0.2109375
4078 -0.1396484375
4079 -0.078125
4080 -0.0751953125
4081 -0.2021484375
4082 -0.126953125
4083 -0.068359375
4084 -0.06640625
4085 -0.1611328125
4086 -0.087890625
4087 -0.0361328125
4088 -0.041015625
4089 -0.1591796875
4090 -0.0517578125
4091 0.0029296875
4092 -0.001953125
4093 -0.16015625
4094 -0.1337890625
4095 -0.072265625
4096 -0.0654296875
4097 -0.1787109375
4098 -0.1044921875
4099 -0.046875
4100 -0.0478515625
4101 -0.123046875
4102 -0.0537109375
4103 -0.0068359375
4104 -0.0166015625
4105 -0.1416015625
4106 -0.0380859375
4107 0.0126953125
4108 0.009765625
4109 -0.126953125
4110 -0.1005859375
4111 -0.04296875
4112 -0.0400390625
4113 -0.1337890625
4114 -0.0283203125
4115 0.0263671875
4116 0.0185546875
4117 -0.0263671875
4118 0.0595703125
4119 0.1015625
4120 0.0791015625
4121 0.0126953125
4122 0.08984375
4123 0.1259765625
4124 0.0966796875
4125 0.0380859375
4126 0.0712890625
4127 0.068359375
4128 0.0966796875
4129 -0.0029296875
4130 -0.044921875
4131 -0.0400390625
4132 0.001953125
4133 -0.0849609375
4134 -0.0380859375
4135 -0.0244140625
4136 0.021484375
4137 -0.052734375
4138 -0.083984375
4139 -0.0693359375
4140 -0.0244140625
4141 -0.08203125
4142 -0.072265625
4143 -0.05859375
4144 -0.0146484375
4145 -0.115234375
4146 -0.1005859375
4147 -0.0849609375
4148 -0.0322265625
4149 -0.134765625
4150 -0.076171875
4151 -0.0546875
4152 0.0009765625
4153 -0.044921875
4154 -0.005859375
4155 0.005859375
4156 0.048828125
4157 -0.001953125
4158 0.02734375
4159 0.033203125
4160 0.0693359375
4161 0.0263671875
4162 0.048828125
4163 0.0517578125
4164 0.0849609375
4165 0.0380859375
4166 0.0595703125
4167 0.0595703125
4168 0.0908203125
4169 0.037109375
4170 0.056640625
4171 0.0576171875
4172 0.087890625
4173 0.009765625
4174 0.0341796875
4175 0.0361328125
4176 0.0712890625
4177 0.0166015625
4178 0.041015625
4179 0.044921875
4180 0.0771484375
4181 0.0302734375
4182 -0.009765625
4183 -0.0107421875
4184 0.0244140625
4185 -0.0185546875
4186 0.009765625
4187 0.0166015625
4188 0.052734375
4189 0.046875
4190 0.068359375
4191 0.0654296875
4192 0.09375
4193 0.0615234375
4194 0.0771484375
4195 0.072265625
4196 0.099609375
4197 0.05078125
4198 0.068359375
4199 0.0654296875
4200 0.09375
4201 0.0654296875
4202 0.0830078125
4203 0.0751953125
4204 0.1005859375
4205 0.0927734375
4206 0.1044921875
4207 0.09765625
4208 0.119140625
4209 0.1240234375
4210 0.1298828125
4211 0.123046875
4212 0.1396484375
4213 0.1376953125
4214 0.1416015625
4215 0.1318359375
4216 0.146484375
4217 0.1298828125
4218 0.134765625
4219 0.1220703125
4220 0.1376953125
4221 0.1279296875
4222 0.134765625
4223 0.1201171875
4224 0.13671875
4225 0.126953125
4226 0.130859375
4227 0.1201171875
4228 0.1328125
4229 0.0908203125
4230 0.0498046875
4231 0.0341796875
4232 0.0517578125
4233 -0.0078125
4234 -0.01953125
4235 -0.025390625
4236 0.0029296875
4237 -0.060546875
4238 -0.0283203125
4239 -0.0224609375
4240 0.0166015625
4241 0.0126953125
4242 0.033203125
4243 0.0322265625
4244 0.0615234375
4245 0.001953125
4246 -0.037109375
4247 -0.041015625
4248 -0.005859375
4249 -0.1064453125
4250 -0.1005859375
4251 -0.09375
4252 -0.0498046875
4253 -0.111328125
4254 -0.10546875
4255 -0.0947265625
4256 -0.05078125
4257 -0.099609375
4258 -0.0908203125
4259 -0.0830078125
4260 -0.0419921875
4261 -0.1025390625
4262 -0.095703125
4263 -0.0869140625
4264 -0.0419921875
4265 -0.1552734375
4266 -0.162109375
4267 -0.13671875
4268 -0.0791015625
4269 -0.1455078125
4270 -0.1298828125
4271 -0.1123046875
4272 -0.0615234375
4273 -0.1318359375
4274 -0.1181640625
4275 -0.1015625
4276 -0.0537109375
4277 -0.1025390625
4278 -0.056640625
4279 -0.0400390625
4280 0.0068359375
4281 -0.044921875
4282 -0.1015625
4283 -0.0810546875
4284 -0.03515625
4285 -0.1025390625
4286 -0.0556640625
4287 -0.0390625
4288 0.0078125
4289 -0.0947265625
4290 -0.1240234375
4291 -0.103515625
4292 -0.0498046875
4293 -0.119140625
4294 -0.064453125
4295 -0.046875
4296 0.001953125
4297 -0.0234375
4298 0.0107421875
4299 0.0146484375
4300 0.0517578125
4301 -0.048828125
4302 -0.0849609375
4303 -0.0751953125
4304 -0.0283203125
4305 -0.1630859375
4306 -0.142578125
4307 -0.119140625
4308 -0.0595703125
4309 -0.1396484375
4310 -0.11328125
4311 -0.09765625
4312 -0.0458984375
4313 -0.115234375
4314 -0.060546875
4315 -0.0439453125
4316 0.0078125
4317 -0.0869140625
4318 -0.1123046875
4319 -0.0947265625
4320 -0.0400390625
4321 -0.11328125
4322 -0.0986328125
4323 -0.080078125
4324 -0.029296875
4325 -0.1005859375
4326 -0.08984375
4327 -0.076171875
4328 -0.0244140625
4329 -0.1376953125
4330 -0.0810546875
4331 -0.0556640625
4332 0.0009765625
4333 -0.021484375
4334 0.0166015625
4335 0.021484375
4336 0.0615234375
4337 0.0615234375
4338 0.083984375
4339 0.0830078125
4340 0.1103515625
4341 0.1181640625
4342 0.1298828125
4343 0.1259765625
4344 0.14453125
4345 0.14453125
4346 0.1494140625
4347 0.142578125
4348 0.158203125
4349 0.142578125
4350 0.1484375
4351 0.1357421875
4352 0.1513671875
4353 0.1455078125
4354 0.1484375
4355 0.1376953125
4356 0.15234375
4357 0.14453125
4358 0.1484375
4359 0.1376953125
4360 0.1513671875
4361 0.1083984375
4362 0.068359375
4363 0.0517578125
4364 0.0703125
4365 0.0087890625
4366 -0.0009765625
4367 -0.0087890625
4368 0.0205078125
4369 -0.04296875
4370 -0.0107421875
4371 -0.00390625
4372 0.033203125
4373 0.029296875
4374 0.0517578125
4375 0.0517578125
4376 0.0791015625
4377 0.021484375
4378 -0.021484375
4379 -0.0234375
4380 0.0087890625
4381 -0.0888671875
4382 -0.083984375
4383 -0.076171875
4384 -0.0322265625
4385 -0.09375
4386 -0.0869140625
4387 -0.0791015625
4388 -0.033203125
4389 -0.0849609375
4390 -0.0751953125
4391 -0.0673828125
4392 -0.0263671875
4393 -0.0869140625
4394 -0.0830078125
4395 -0.0693359375
4396 -0.0283203125
4397 -0.1376953125
4398 -0.146484375
4399 -0.1220703125
4400 -0.0654296875
4401 -0.130859375
4402 -0.1181640625
4403 -0.0986328125
4404 -0.0478515625
4405 -0.1181640625
4406 -0.1025390625
4407 -0.0908203125
4408 -0.0380859375
4409 -0.0908203125
4410 -0.04296875
4411 -0.02734375
4412 0.0185546875
4413 -0.0341796875
4414 -0.08984375
4415 -0.0703125
4416 -0.0234375
4417 -0.0849609375
4418 -0.037109375
4419 -0.0224609375
4420 0.021484375
4421 -0.0703125
4422 -0.1015625
4423 -0.08203125
4424 -0.0322265625
4425 -0.1044921875
4426 -0.0517578125
4427 -0.03515625
4428 0.0146484375
4429 -0.0107421875
4430 0.0244140625
4431 0.02734375
4432 0.0625
4433 -0.02734375
4434 -0.0615234375
4435 -0.056640625
4436 -0.0126953125
4437 -0.1484375
4438 -0.126953125
4439 -0.1044921875
4440 -0.0478515625
4441 -0.1298828125
4442 -0.10546875
4443 -0.087890625
4444 -0.037109375
4445 -0.10546875
4446 -0.0537109375
4447 -0.0361328125
4448 0.0146484375
4449 -0.080078125
4450 -0.1064453125
4451 -0.087890625
4452 -0.0341796875
4453 -0.10546875
4454 -0.08984375
4455 -0.072265625
4456 -0.021484375
4457 -0.095703125
4458 -0.083984375
4459 -0.0693359375
4460 -0.01953125
4461 -0.1328125
4462 -0.07421875
4463 -0.0478515625
4464 0.0068359375
4465 -0.013671875
4466 0.0224609375
4467 0.03125
4468 0.0673828125
4469 0.068359375
4470 0.0908203125
4471 0.0888671875
4472 0.1162109375
4473 0.125
4474 0.13671875
4475 0.130859375
4476 0.15234375
4477 0.1494140625
4478 0.158203125
4479 0.1494140625
4480 0.1650390625
4481 0.1494140625
4482 0.154296875
4483 0.142578125
4484 0.1591796875
4485 0.1513671875
4486 0.15625
4487 0.14453125
4488 0.158203125
4489 0.1513671875
4490 0.15625
4491 0.142578125
4492 0.158203125
4493 0.1162109375
4494 0.07421875
4495 0.0556640625
4496 0.0751953125
4497 0.0146484375
4498 0.0048828125
4499 -0.00390625
4500 0.02734375
4501 -0.0361328125
4502 -0.0048828125
4503 0.0009765625
4504 0.0390625
4505 0.0341796875
4506 0.0546875
4507 0.0546875
4508 0.0830078125
4509 0.0224609375
4510 -0.015625
4511 -0.0185546875
4512 0.0146484375
4513 -0.083984375
4514 -0.080078125
4515 -0.0712890625
4516 -0.0283203125
4517 -0.0908203125
4518 -0.0830078125
4519 -0.07421875
4520 -0.029296875
4521 -0.0810546875
4522 -0.068359375
4523 -0.0625
4524 -0.0224609375
4525 -0.0830078125
4526 -0.07421875
4527 -0.06640625
4528 -0.0234375
4529 -0.1337890625
4530 -0.142578125
4531 -0.1181640625
4532 -0.0595703125
4533 -0.1259765625
4534 -0.1123046875
4535 -0.09375
4536 -0.04296875
4537 -0.111328125
4538 -0.0986328125
4539 -0.0859375
4540 -0.033203125
4541 -0.0869140625
4542 -0.0390625
4543 -0.025390625
4544 0.0224609375
4545 -0.0322265625
4546 -0.0849609375
4547 -0.0673828125
4548 -0.01953125
4549 -0.0791015625
4550 -0.033203125
4551 -0.01953125
4552 0.0263671875
4553 -0.06640625
4554 -0.0986328125
4555 -0.080078125
4556 -0.029296875
4557 -0.1005859375
4558 -0.0498046875
4559 -0.0302734375
4560 0.0166015625
4561 -0.0087890625
4562 0.025390625
4563 0.029296875
4564 0.0654296875
4565 -0.0263671875
4566 -0.0595703125
4567 -0.0537109375
4568 -0.009765625
4569 -0.146484375
4570 -0.1240234375
4571 -0.1025390625
4572 -0.044921875
4573 -0.1259765625
4574 -0.1015625
4575 -0.0849609375
4576 -0.03515625
4577 -0.1005859375
4578 -0.0498046875
4579 -0.03125
4580 0.0185546875
4581 -0.072265625
4582 -0.1015625
4583 -0.08203125
4584 -0.0302734375
4585 -0.103515625
4586 -0.087890625
4587 -0.0712890625
4588 -0.01953125
4589 -0.091796875
4590 -0.080078125
4591 -0.06640625
4592 -0.0146484375
4593 -0.130859375
4594 -0.07421875
4595 -0.0458984375
4596 0.0078125
4597 -0.013671875
4598 0.0234375
4599 0.03125
4600 0.0703125
4601 0.0712890625
4602 0.0908203125
4603 0.091796875
4604 0.119140625
4605 0.126953125
4606 0.138671875
4607 0.1328125
4608 0.1533203125
4609 0.15234375
4610 0.1591796875
4611 0.150390625
4612 0.1669921875
4613 0.1513671875
4614 0.158203125
4615 0.14453125
4616 0.1591796875
4617 0.1533203125
4618 0.1591796875
4619 0.146484375
4620 0.1611328125
4621 0.154296875
4622 0.15625
4623 0.1455078125
4624 0.1591796875
4625 0.1181640625
4626 0.0771484375
4627 0.0615234375
4628 0.078125
4629 0.017578125
4630 0.0078125
4631 -0.0009765625
4632 0.029296875
4633 -0.03515625
4634 -0.001953125
4635 0.0029296875
4636 0.0419921875
4637 0.03515625
4638 0.0576171875
4639 0.0556640625
4640 0.0859375
4641 0.0244140625
4642 -0.0146484375
4643 -0.017578125
4644 0.0166015625
4645 -0.08203125
4646 -0.0791015625
4647 -0.0693359375
4648 -0.0263671875
4649 -0.0888671875
4650 -0.0830078125
4651 -0.072265625
4652 -0.02734375
4653 -0.0791015625
4654 -0.0693359375
4655 -0.0634765625
4656 -0.01953125
4657 -0.0810546875
4658 -0.07421875
4659 -0.064453125
4660 -0.0224609375
4661 -0.1318359375
4662 -0.138671875
4663 -0.1162109375
4664 -0.0576171875
4665 -0.1240234375
4666 -0.1103515625
4667 -0.09375
4668 -0.041015625
4669 -0.1103515625
4670 -0.0966796875
4671 -0.083984375
4672 -0.033203125
4673 -0.080078125
4674 -0.037109375
4675 -0.021484375
4676 0.0244140625
4677 -0.0283203125
4678 -0.0830078125
4679 -0.06640625
4680 -0.017578125
4681 -0.0791015625
4682 -0.03125
4683 -0.0185546875
4684 0.029296875
4685 -0.0693359375
4686 -0.0986328125
4687 -0.0810546875
4688 -0.029296875
4689 -0.1015625
4690 -0.0498046875
4691 -0.0302734375
4692 0.0185546875
4693 -0.005859375
4694 0.0263671875
4695 0.0302734375
4696 0.06640625
4697 -0.025390625
4698 -0.0595703125
4699 -0.0517578125
4700 -0.009765625
4701 -0.1484375
4702 -0.125
4703 -0.1015625
4704 -0.04296875
4705 -0.126953125
4706 -0.09765625
4707 -0.0859375
4708 -0.0341796875
4709 -0.1015625
4710 -0.048828125
4711 -0.0322265625
4712 0.0185546875
4713 -0.07421875
4714 -0.1025390625
4715 -0.0830078125
4716 -0.029296875
4717 -0.099609375
4718 -0.0869140625
4719 -0.0673828125
4720 -0.0185546875
4721 -0.08984375
4722 -0.0771484375
4723 -0.0654296875
4724 -0.013671875
4725 -0.126953125
4726 -0.068359375
4727 -0.04296875
4728 0.0126953125
4729 -0.0107421875
4730 0.02734375
4731 0.0341796875
4732 0.0732421875
4733 0.072265625
4734 0.0927734375
4735 0.0927734375
4736 0.119140625
4737 0.126953125
4738 0.1396484375
4739 0.134765625
4740 0.154296875
4741 0.1533203125
4742 0.1591796875
4743 0.1513671875
4744 0.16796875
4745 0.1513671875
4746 0.158203125
4747 0.146484375
4748 0.1611328125
4749 0.154296875
4750 0.16015625
4751 0.146484375
4752 0.162109375
4753 0.154296875
4754 0.158203125
4755 0.146484375
4756 0.16015625
4757 0.1171875
4758 0.076171875
4759 0.0595703125
4760 0.0791015625
4761 0.01953125
4762 0.0078125
4763 0.0
4764 0.0302734375
4765 -0.033203125
4766 0.0
4767 0.00390625
4768 0.04296875
4769 0.037109375
4770 0.060546875
4771 0.0576171875
4772 0.087890625
4773 0.02734375
4774 -0.01171875
4775 -0.015625
4776 0.017578125
4777 -0.08203125
4778 -0.076171875
4779 -0.068359375
4780 -0.025390625
4781 -0.087890625
4782 -0.0810546875
4783 -0.0712890625
4784 -0.0263671875
4785 -0.0771484375
4786 -0.0673828125
4787 -0.0595703125
4788 -0.0185546875
4789 -0.0810546875
4790 -0.0732421875
4791 -0.064453125
4792 -0.0205078125
4793 -0.1337890625
4794 -0.1396484375
4795 -0.115234375
4796 -0.056640625
4797 -0.1240234375
4798 -0.1083984375
4799 -0.0927734375
4800 -0.0400390625
4801 -0.1103515625
4802 -0.0966796875
4803 -0.0830078125
4804 -0.0322265625
4805 -0.080078125
4806 -0.0361328125
4807 -0.021484375
4808 0.025390625
4809 -0.02734375
4810 -0.0830078125
4811 -0.064453125
4812 -0.0166015625
4813 -0.0771484375
4814 -0.029296875
4815 -0.017578125
4816 0.029296875
4817 -0.0654296875
4818 -0.0947265625
4819 -0.0771484375
4820 -0.025390625
4821 -0.095703125
4822 -0.0458984375
4823 -0.029296875
4824 0.021484375
4825 -0.0048828125
4826 0.0263671875
4827 0.03125
4828 0.0693359375
4829 -0.0263671875
4830 -0.0595703125
4831 -0.0517578125
4832 -0.0078125
4833 -0.14453125
4834 -0.1240234375
4835 -0.1005859375
4836 -0.04296875
4837 -0.125
4838 -0.0986328125
4839 -0.0849609375
4840 -0.033203125
4841 -0.1025390625
4842 -0.0458984375
4843 -0.033203125
4844 0.0205078125
4845 -0.076171875
4846 -0.1015625
4847 -0.08203125
4848 -0.029296875
4849 -0.099609375
4850 -0.0869140625
4851 -0.0673828125
4852 -0.017578125
4853 -0.087890625
4854 -0.078125
4855 -0.0634765625
4856 -0.0126953125
4857 -0.12890625
4858 -0.0693359375
4859 -0.0458984375
4860 0.0107421875
4861 -0.009765625
4862 0.025390625
4863 0.033203125
4864 0.0732421875
4865 0.0732421875
4866 0.09375
4867 0.0927734375
4868 0.12109375
4869 0.1298828125
4870 0.140625
4871 0.134765625
4872 0.1552734375
4873 0.1552734375
4874 0.16015625
4875 0.1494140625
4876 0.16796875
4877 0.154296875
4878 0.158203125
4879 0.1435546875
4880 0.162109375
4881 0.1552734375
4882 0.158203125
4883 0.1455078125
4884 0.162109375
4885 0.1552734375
4886 0.1591796875
4887 0.14453125
4888 0.1611328125
4889 0.1162109375
4890 0.0751953125
4891 0.060546875
4892 0.078125
4893 0.0185546875
4894 0.0068359375
4895 0.0
4896 0.029296875
4897 -0.0322265625
4898 -0.0009765625
4899 0.00390625
4900 0.0439453125
4901 0.0380859375
4902 0.05859375
4903 0.0576171875
4904 0.0859375
4905 0.0244140625
4906 -0.013671875
4907 -0.0166015625
4908 0.017578125
4909 -0.0810546875
4910 -0.0771484375
4911 -0.0703125
4912 -0.0234375
4913 -0.087890625
4914 -0.080078125
4915 -0.0712890625
4916 -0.025390625
4917 -0.0771484375
4918 -0.0673828125
4919 -0.060546875
4920 -0.017578125
4921 -0.080078125
4922 -0.0732421875
4923 -0.0625
4924 -0.021484375
4925 -0.1357421875
4926 -0.138671875
4927 -0.1162109375
4928 -0.0576171875
4929 -0.125
4930 -0.1103515625
4931 -0.0927734375
4932 -0.0400390625
4933 -0.1103515625
4934 -0.09375
4935 -0.083984375
4936 -0.033203125
4937 -0.08203125
4938 -0.037109375
4939 -0.0205078125
4940 0.025390625
4941 -0.0283203125
4942 -0.0830078125
4943 -0.06640625
4944 -0.017578125
4945 -0.07421875
4946 -0.0322265625
4947 -0.0166015625
4948 0.029296875
4949 -0.0654296875
4950 -0.0947265625
4951 -0.0791015625
4952 -0.0263671875
4953 -0.1005859375
4954 -0.0458984375
4955 -0.0302734375
4956 0.0205078125
4957 -0.005859375
4958 0.0283203125
4959 0.03125
4960 0.0673828125
4961 -0.0244140625
4962 -0.0595703125
4963 -0.05078125
4964 -0.0087890625
4965 -0.14453125
4966 -0.125
4967 -0.099609375
4968 -0.04296875
4969 -0.1259765625
4970 -0.1015625
4971 -0.0849609375
4972 -0.033203125
4973 -0.1044921875
4974 -0.048828125
4975 -0.0322265625
4976 0.01953125
4977 -0.0751953125
4978 -0.1005859375
4979 -0.083984375
4980 -0.029296875
4981 -0.1005859375
4982 -0.0859375
4983 -0.068359375
4984 -0.0185546875
4985 -0.0888671875
4986 -0.078125
4987 -0.0634765625
4988 -0.0146484375
4989 -0.1279296875
4990 -0.0703125
4991 -0.044921875
4992 0.0107421875
4993 -0.009765625
4994 0.025390625
4995 0.033203125
4996 0.0732421875
4997 0.07421875
4998 0.09375
4999 0.0927734375
