0.0498046875
-0.0595703125
-0.0302734375
0.015625
0.005859375
-0.3994140625
-0.0458984375
0.0244140625
-0.005859375
-0.12109375
-0.033203125
0.0380859375
0.005859375
-0.1435546875
-0.056640625
0.0185546875
-0.0087890625
-0.1220703125
-0.0341796875
0.037109375
0.0048828125
-0.1005859375
-0.01171875
0.0546875
0.0185546875
-0.095703125
-0.0029296875
0.05859375
0.01953125
-0.1220703125
-0.0322265625
0.0390625
0.0048828125
-0.1064453125
-0.0185546875
0.052734375
0.013671875
-0.0830078125
0.009765625
0.07421875
0.02734375
-0.08984375
0.0009765625
0.064453125
0.021484375
-0.1171875
-0.0341796875
0.0400390625
0.0048828125
-0.11328125
-0.0244140625
0.046875
0.0107421875
-0.107421875
-0.0146484375
0.0517578125
0.013671875
-0.1240234375
0.0068359375
0.083984375
0.0478515625
-0.0458984375
0.0087890625
0.072265625
0.0302734375
-0.0673828125
0.0537109375
0.123046875
0.0771484375
-0.0380859375
0.0146484375
0.076171875
0.0322265625
-0.111328125
-0.0283203125
0.0419921875
0.009765625
-0.111328125
-0.0234375
0.046875
0.0107421875
-0.1044921875
-0.015625
0.0498046875
0.0126953125
-0.12109375
0.0068359375
0.0810546875
0.0478515625
-0.0458984375
0.0068359375
0.072265625
0.0283203125
-0.06640625
0.0517578125
0.119140625
0.0771484375
-0.0380859375
0.01171875
0.0703125
0.0302734375
-0.1103515625
-0.0302734375
0.0361328125
0.0087890625
-0.109375
-0.025390625
0.041015625
0.0087890625
-0.1064453125
-0.01953125
0.044921875
0.01171875
-0.1220703125
0.00390625
0.078125
0.044921875
-0.0458984375
0.0068359375
0.0673828125
0.02734375
-0.0654296875
0.05078125
0.1171875
0.076171875
-0.0380859375
0.0107421875
0.064453125
0.02734375
-0.1123046875
-0.0322265625
0.0341796875
0.0048828125
-0.1103515625
-0.0283203125
0.0380859375
0.0078125
-0.10546875
-0.021484375
0.0439453125
0.0107421875
-0.1181640625
0.005859375
0.076171875
0.046875
-0.0458984375
0.005859375
0.0654296875
0.029296875
-0.06640625
0.048828125
0.1142578125
0.0751953125
-0.0390625
0.0107421875
0.0693359375
0.029296875
-0.111328125
-0.03125
0.037109375
0.0048828125
-0.1123046875
-0.0283203125
0.041015625
0.0078125
-0.107421875
-0.01953125
0.04296875
0.0107421875
-0.123046875
0.00390625
0.0771484375
0.044921875
-0.0478515625
0.00390625
0.0654296875
0.0263671875
-0.068359375
0.0478515625
0.115234375
0.0732421875
-0.041015625
0.0068359375
0.064453125
0.0263671875
-0.11328125
-0.0341796875
0.0302734375
0.0048828125
-0.1123046875
-0.0302734375
0.03515625
0.005859375
-0.109375
-0.0234375
0.0400390625
0.0087890625
-0.1220703125
0.0029296875
0.07421875
0.04296875
-0.0498046875
0.0048828125
0.064453125
0.0263671875
-0.0673828125
0.046875
0.1123046875
0.0732421875
-0.041015625
0.0078125
0.0625
0.0263671875
-0.1142578125
-0.033203125
0.0302734375
0.00390625
-0.11328125
-0.0302734375
0.03515625
0.005859375
-0.1103515625
-0.0244140625
0.0390625
0.0078125
-0.1240234375
0.0029296875
0.072265625
0.0419921875
-0.048828125
0.001953125
0.064453125
0.0244140625
-0.0703125
0.044921875
0.1123046875
0.0712890625
-0.044921875
0.0048828125
0.0634765625
0.0244140625
-0.1162109375
-0.0361328125
0.03125
0.001953125
-0.115234375
-0.03125
0.037109375
0.00390625
-0.109375
-0.0244140625
0.0419921875
0.0068359375
-0.125
0.001953125
0.076171875
0.0400390625
-0.052734375
0.00390625
0.064453125
0.0234375
-0.07421875
0.0458984375
0.115234375
0.072265625
-0.0439453125
0.0087890625
0.0693359375
0.0244140625
-0.1171875
-0.0341796875
0.0361328125
0.001953125
-0.115234375
-0.0302734375
0.0400390625
0.0048828125
-0.111328125
-0.0234375
0.0439453125
0.005859375
-0.12890625
0.0009765625
0.0751953125
0.041015625
-0.0546875
0.001953125
0.0654296875
0.0224609375
-0.0751953125
0.044921875
0.115234375
0.0703125
-0.0458984375
0.005859375
0.068359375
0.0224609375
-0.1181640625
-0.03515625
0.0380859375
0.001953125
-0.119140625
-0.03125
0.041015625
0.0029296875
-0.115234375
-0.0224609375
0.044921875
0.0048828125
-0.1298828125
0.0029296875
0.078125
0.0380859375
-0.0546875
0.0029296875
0.0693359375
0.0224609375
-0.07421875
0.0458984375
0.1162109375
0.0693359375
-0.0478515625
0.005859375
0.068359375
0.0234375
-0.1171875
-0.03515625
0.03125
0.001953125
-0.1181640625
-0.0322265625
0.0341796875
0.0029296875
-0.11328125
-0.0263671875
0.041015625
0.005859375
-0.126953125
-0.0009765625
0.0732421875
0.0400390625
-0.0517578125
0.0009765625
0.0634765625
0.0224609375
-0.072265625
0.044921875
0.111328125
0.0703125
-0.046875
0.00390625
0.0625
0.0224609375
-0.1171875
-0.0361328125
0.0302734375
0.001953125
-0.1162109375
-0.03125
0.03515625
0.00390625
-0.109375
-0.0244140625
0.0419921875
0.0068359375
-0.1240234375
0.0009765625
0.07421875
0.041015625
-0.05078125
0.0029296875
0.0634765625
0.0224609375
-0.072265625
0.044921875
0.111328125
0.0703125
-0.044921875
0.0048828125
0.0634765625
0.0244140625
-0.1162109375
-0.03515625
0.033203125
0.0009765625
-0.1162109375
-0.033203125
0.037109375
0.0029296875
-0.111328125
-0.025390625
0.0419921875
0.005859375
-0.1279296875
0.0
0.0732421875
0.0419921875
-0.0546875
0.001953125
0.0615234375
0.0234375
-0.0751953125
0.044921875
0.1123046875
0.0693359375
-0.0458984375
0.00390625
0.0625
0.0224609375
-0.1171875
-0.037109375
0.0322265625
0.001953125
-0.1171875
-0.0322265625
0.0361328125
0.001953125
-0.1123046875
-0.025390625
0.0419921875
0.005859375
-0.1298828125
0.0009765625
0.0751953125
0.041015625
-0.0537109375
0.0009765625
0.0634765625
0.0205078125
-0.07421875
0.0439453125
0.1103515625
0.0693359375
-0.0458984375
0.00390625
0.0654296875
0.0205078125
-0.1171875
-0.0361328125
0.03125
0.0
-0.1181640625
-0.03125
0.0380859375
0.0029296875
-0.11328125
-0.025390625
0.0400390625
0.0048828125
-0.1298828125
0.0
0.07421875
0.0380859375
-0.052734375
0.0
0.064453125
0.0205078125
-0.07421875
0.044921875
0.111328125
0.0703125
-0.044921875
0.00390625
0.0625
0.0224609375
-0.123046875
-0.0361328125
0.0322265625
-0.0009765625
-0.1201171875
-0.0322265625
0.0390625
0.00390625
-0.115234375
-0.0263671875
0.0419921875
0.00390625
-0.1318359375
0.0
0.076171875
0.0380859375
-0.0546875
0.001953125
0.0673828125
0.0205078125
-0.0771484375
0.044921875
0.115234375
0.0703125
-0.0478515625
0.0068359375
0.0693359375
0.0224609375
-0.12109375
-0.0361328125
0.0341796875
0.0
-0.12109375
-0.0322265625
0.0400390625
0.0009765625
-0.115234375
-0.025390625
0.0439453125
0.0048828125
-0.1318359375
-0.0009765625
0.078125
0.0380859375
-0.056640625
0.001953125
0.064453125
0.021484375
-0.0791015625
0.044921875
0.1171875
0.068359375
-0.048828125
0.0048828125
0.068359375
0.0205078125
-0.1240234375
-0.0390625
0.03515625
-0.001953125
-0.12109375
-0.0322265625
0.0400390625
0.0009765625
-0.1162109375
-0.0263671875
0.0439453125
0.0048828125
-0.1328125
0.0
0.0751953125
0.0380859375
-0.0556640625
0.00390625
0.06640625
0.021484375
-0.0791015625
0.0458984375
0.115234375
0.068359375
-0.0478515625
0.0048828125
0.0693359375
0.0205078125
-0.12109375
-0.037109375
0.0361328125
0.0
-0.12109375
-0.03125
0.041015625
0.0
-0.119140625
-0.0244140625
0.0439453125
0.00390625
-0.1337890625
-0.001953125
0.0771484375
0.0390625
-0.056640625
0.001953125
0.0673828125
0.01953125
-0.0791015625
0.0439453125
0.1162109375
0.06640625
-0.048828125
0.0029296875
0.0654296875
0.0185546875
-0.1240234375
-0.0390625
0.0322265625
-0.001953125
-0.1220703125
-0.033203125
0.037109375
0.0029296875
-0.11328125
-0.0224609375
0.0439453125
0.0078125
-0.1044921875
0.0205078125
0.0947265625
0.052734375
-0.0576171875
-0.005859375
0.060546875
0.0166015625
-0.09375
-0.005859375
0.05859375
0.0146484375
-0.1220703125
-0.0341796875
0.033203125
-0.001953125
-0.1689453125
-0.07421875
0.005859375
-0.0224609375
-0.1357421875
-0.0009765625
0.076171875
0.0380859375
-0.03515625
0.0810546875
0.1474609375
0.0947265625
-0.0341796875
0.0029296875
0.0693359375
0.025390625
-0.095703125
-0.01171875
0.0546875
0.013671875
-0.09375
-0.005859375
0.05859375
0.0185546875
-0.09765625
-0.0048828125
0.056640625
0.013671875
-0.123046875
-0.037109375
0.03515625
-0.0009765625
-0.111328125
-0.025390625
0.044921875
0.0068359375
-0.08984375
0.0009765625
0.0634765625
0.01953125
-0.0966796875
-0.005859375
0.0556640625
0.015625
-0.1259765625
-0.0419921875
0.029296875
-0.0009765625
-0.12109375
-0.033203125
0.03515625
0.0048828125
-0.1142578125
-0.0244140625
0.0419921875
0.0068359375
-0.126953125
0.0009765625
0.076171875
0.0419921875
-0.052734375
0.0029296875
0.0693359375
0.0234375
-0.0751953125
0.0478515625
0.115234375
0.0712890625
-0.044921875
0.0078125
0.068359375
0.025390625
-0.1181640625
-0.03515625
0.03515625
0.0009765625
-0.1162109375
-0.0302734375
0.0419921875
0.0048828125
-0.111328125
-0.0244140625
0.044921875
0.0068359375
-0.1259765625
0.0009765625
0.078125
0.041015625
-0.0517578125
0.00390625
0.0654296875
0.0234375
-0.0732421875
0.046875
0.115234375
0.072265625
-0.04296875
0.005859375
0.0654296875
0.0234375
-0.1162109375
-0.037109375
0.0341796875
0.001953125
-0.1171875
-0.0322265625
0.0380859375
0.0048828125
-0.11328125
-0.025390625
0.041015625
0.0078125
-0.130859375
0.0
0.0732421875
0.041015625
-0.0546875
0.0009765625
0.064453125
0.0224609375
-0.0751953125
0.0458984375
0.1142578125
0.0703125
-0.0458984375
0.00390625
0.06640625
0.0224609375
-0.119140625
-0.0361328125
0.033203125
0.0009765625
-0.1181640625
-0.0322265625
0.0390625
0.00390625
-0.1142578125
-0.0234375
0.041015625
0.0078125
-0.126953125
0.0009765625
0.07421875
0.041015625
-0.0517578125
0.0029296875
0.0654296875
0.0234375
-0.07421875
0.0458984375
0.115234375
0.0703125
-0.0439453125
0.005859375
0.0673828125
0.0244140625
-0.1201171875
-0.0341796875
0.0361328125
0.001953125
-0.1181640625
-0.03125
0.0400390625
0.0029296875
-0.115234375
-0.0244140625
0.0439453125
0.0048828125
-0.130859375
0.0
0.0771484375
0.0390625
-0.0537109375
0.0009765625
0.068359375
0.0224609375
-0.0732421875
0.0458984375
0.11328125
0.0712890625
-0.046875
0.005859375
0.0673828125
0.0234375
-0.1181640625
-0.0361328125
0.03515625
0.0029296875
-0.1181640625
-0.03125
0.041015625
0.0029296875
-0.11328125
-0.0263671875
0.0419921875
